cell,r1,r2,r3,r4,r5,r6,r7,r8,r9,r10,r11,r12,r13,r14,r15,r16,r17,r18,r19,r20,r21,r22,r23,r24,r25,r26,r27,r28,r29,r30
I1,0,0,0,0,0,0,2,0,0,0,0,0,0,0,0,0,0,0,0,0,0,0,1,0,0,0,0,0,0,14
I2,0,0,0,0,1,0,2,0,0,0,6,0,0,0,16,0,0,0,0,0,0,8,1,0,0,0,0,0,0,14
I3,0,0,0,0,1,0,2,0,0,0,6,0,0,0,16,7,12,0,0,2,0,8,1,0,0,0,0,3,0,14
I4,0,0,0,0,1,0,2,0,0,0,6,11,0,5,16,s,12,0,0,2,0,8,1,0,0,0,0,3,0,14
I5,0,3,0,0,1,0,2,0,0,3,6,11,0,5,16,s,12,0,0,2,0,8,1,0,0,0,0,3,0,14
I6,0,3,0,0,1,0,2,0,0,3,6,11,0,5,16,s,12,0,0,2,0,8,1,0,0,0,0,3,0,14
I7,0,3,0,0,1,0,2,0,1,3,6,11,0,5,16,s,12,0,0,2,0,8,1,0,0,0,0,3,0,14
I8,1,s,0,0,1,0,2,0,1,3,6,11,0,5,16,s,12,0,1,2,0,8,1,s,2,0,0,3,0,14
I9,s,s,0,0,1,0,2,0,1,3,6,11,0,5,s,s,12,0,1,2,0,8,1,s,2,0,24,3,0,14
1506,s,s,11,0,1,0,2,0,1,3,6,11,0,5,s,s,12,0,1,2,0,8,1,s,2,0,d,d,0,14
I11,s,s,0,0,1,0,2,0,1,3,6,11,0,5,s,s,12,0,1,2,0,8,1,s,2,3,24,3,0,14
1981,s,s,0,d,1,0,2,0,1,3,6,11,0,5,s,s,12,0,1,d,0,8,1,s,2,3,24,3,d,d
1980,s,s,0,0,1,0,2,0,d,d,d,11,0,d,s,s,12,0,1,d,0,8,d,s,2,d,24,3,0,14
1627,1,s,0,0,1,0,2,0,s,3,d,d,d,5,16,s,12,d,1,d,s,d,1,s,2,10,d,3,0,14
I15,0,3,0,12,1,0,2,0,1,3,6,11,2,5,16,s,12,0,0,2,0,8,1,0,0,0,0,3,0,14
1311,0,d,0,12,d,0,2,0,1,3,6,11,2,5,16,s,12,0,0,2,0,8,1,0,0,0,s,d,0,14
I19,0,3,0,12,1,0,2,3,1,3,6,s,2,5,16,s,12,0,0,2,0,8,1,0,0,0,0,3,0,14
1282,0,3,0,12,1,d,2,d,1,3,d,s,2,5,16,s,12,4,0,2,0,8,1,0,0,0,d,d,0,14
1598,d,3,0,12,1,3,2,d,1,3,6,s,2,5,16,s,12,0,0,2,0,8,1,0,d,0,0,3,13,14
I22,0,3,0,0,1,0,2,0,0,3,6,s,0,5,16,s,12,0,0,s,0,8,1,0,0,0,0,3,0,14
I23,0,3,0,0,1,0,2,0,0,3,6,s,2,5,16,s,12,0,0,s,0,8,1,15,0,0,0,3,0,14
I24,0,3,47,0,1,0,2,0,4,3,6,s,2,5,16,s,12,3,0,s,0,8,1,15,0,0,0,3,0,14
1607,d,3,47,d,1,0,2,d,4,3,6,s,2,5,16,s,12,d,0,s,0,8,1,15,0,0,0,3,0,14
I26,0,3,47,0,1,0,2,0,4,3,6,s,2,5,16,s,12,3,0,s,0,8,1,15,0,0,0,3,0,14
1639,0,3,47,0,1,0,2,0,4,3,6,s,2,5,16,s,12,3,1,s,0,8,1,d,0,d,0,d,0,14
1638,0,3,47,d,1,0,2,0,d,3,6,s,2,5,16,s,12,3,0,s,0,8,1,15,0,0,0,3,0,14
I27,s,3,0,0,1,0,2,0,0,3,6,s,2,5,16,s,12,0,s,s,0,8,1,15,0,0,0,3,0,14
I28,s,3,42,0,1,0,2,0,0,3,6,s,2,5,16,s,12,0,s,s,s,8,1,15,0,0,0,3,0,14
1435,s,3,42,0,d,0,2,0,0,3,6,s,2,5,16,s,d,0,s,s,s,8,1,d,d,d,0,s,0,14
1434,s,d,42,0,1,0,2,0,0,3,6,s,d,5,16,s,12,d,s,s,s,8,1,15,0,0,0,3,0,14
1332,s,d,0,0,1,0,2,0,0,3,d,s,2,5,16,s,12,0,s,s,0,8,1,d,0,9,4,d,d,14
I34,0,3,0,0,1,0,2,0,0,3,6,s,2,5,16,s,12,0,0,s,0,8,1,0,0,0,0,3,13,14
I35,0,3,0,0,1,0,2,0,0,3,6,s,2,5,16,s,12,0,0,s,0,8,1,31,0,0,0,3,13,14
1491,d,3,0,0,1,0,d,0,0,3,6,s,2,d,16,s,d,0,0,s,0,8,1,31,0,0,3,3,13,14
1490,0,3,0,0,d,0,2,0,0,3,s,s,2,d,16,s,12,d,d,s,0,8,1,31,0,0,0,3,13,14
1754,1,d,0,7,1,0,2,0,0,3,6,s,2,5,16,s,12,d,0,s,d,8,1,d,0,0,4,3,d,14
I37,0,3,0,0,1,0,2,0,0,3,6,11,0,5,16,s,12,0,0,2,0,8,1,0,0,0,0,3,13,14
I38,0,3,0,0,1,0,2,0,0,3,6,11,0,5,16,s,12,0,1,2,0,8,1,0,12,0,0,3,13,14
I39,0,3,0,16,1,0,2,0,0,3,6,11,0,5,16,s,12,0,1,2,0,8,1,0,12,0,0,3,13,14
1522,0,3,0,16,1,0,2,3,0,3,d,11,0,5,16,s,12,5,1,2,d,8,1,0,12,0,0,3,13,14
I43,1,3,0,16,1,0,2,1,0,3,6,11,0,5,16,s,12,0,1,2,3,8,1,0,12,0,0,3,13,14
I44,1,3,0,16,1,0,2,1,0,3,6,11,0,5,16,s,12,0,1,2,3,8,1,0,12,0,0,3,13,14
1449,1,d,6,d,1,0,d,d,0,3,6,11,0,5,16,s,12,d,1,2,3,8,1,d,12,22,0,3,13,d
1448,1,3,0,16,1,0,2,1,0,3,6,11,0,5,16,s,12,0,d,2,3,8,1,d,12,0,0,d,13,14
I45,1,3,0,16,1,s,2,1,0,3,6,11,5,5,16,s,12,0,1,2,3,8,1,0,12,0,0,3,13,14
1349,1,3,0,16,1,s,2,1,0,3,6,d,5,5,16,s,12,0,1,2,3,8,1,0,d,0,0,3,13,14
1348,1,3,0,16,1,s,2,1,0,3,6,11,5,5,d,s,12,0,1,2,3,8,d,0,d,0,0,d,13,d
I46,0,3,0,0,1,0,2,0,0,3,6,11,0,5,16,s,12,0,1,2,0,8,1,0,12,0,0,3,13,14
1052,s,3,0,16,d,0,2,d,0,3,6,11,0,5,16,s,d,1,1,2,3,8,1,0,s,0,d,d,13,14
I51,0,3,0,0,1,0,2,0,0,3,6,11,0,5,16,s,12,0,1,2,0,8,1,0,12,0,4,3,13,14
1124,1,3,38,0,1,d,d,1,0,3,6,d,0,5,16,s,12,0,1,2,0,d,1,0,12,0,4,3,13,14
1035,d,3,0,0,1,0,2,0,0,3,6,11,2,5,d,s,12,26,1,2,0,8,1,0,12,0,4,3,13,14
I54,0,3,0,0,1,0,2,0,0,3,6,11,0,5,16,s,12,0,1,2,0,8,1,0,0,0,0,3,13,14
I55,0,3,0,0,1,0,2,0,0,3,6,11,0,5,16,s,12,0,1,2,0,8,1,0,0,0,0,3,13,14
I56,0,3,0,0,1,3,2,0,0,3,6,11,0,5,16,s,12,3,1,2,0,8,1,0,0,0,0,3,13,14
I57,1,3,0,0,1,3,2,0,0,3,6,11,0,5,16,s,12,3,1,2,0,8,1,0,0,0,0,3,13,14
1119,1,3,0,0,1,3,2,0,0,3,6,11,0,5,16,s,12,3,1,2,0,d,1,0,0,d,0,3,13,14
1118,d,3,0,0,d,3,2,3,0,3,6,11,0,d,d,s,12,3,1,2,d,8,d,0,0,0,0,3,13,14
I58,0,3,45,0,1,3,2,0,0,3,6,11,0,5,16,s,12,3,1,2,0,8,1,0,0,0,0,3,13,14
1161,0,d,45,0,1,3,2,0,0,3,6,d,0,5,16,s,12,3,1,2,0,8,1,0,0,0,d,3,13,d
1160,0,3,45,0,1,3,2,0,d,3,6,11,d,5,16,s,12,3,1,d,0,8,1,0,0,0,0,3,13,14
1410,1,3,0,0,1,0,d,s,0,d,6,11,0,s,16,s,12,0,1,2,0,8,1,d,d,0,0,3,13,14
I62,0,3,0,0,1,1,2,0,0,3,6,11,0,5,16,s,12,0,1,2,0,8,1,0,0,0,0,3,13,14
1113,0,3,19,10,d,s,2,1,4,3,6,d,0,5,16,s,12,0,1,2,0,8,1,s,13,d,0,3,d,14
I66,0,3,0,0,1,1,2,0,0,3,6,11,0,5,16,s,12,0,1,2,0,8,1,0,0,0,0,3,13,14
I67,0,3,0,0,1,1,2,0,0,3,6,11,0,5,16,s,12,0,1,2,0,8,1,0,0,0,0,3,13,14
1457,0,3,0,0,1,1,2,0,0,d,d,11,0,5,16,s,12,s,1,2,0,8,d,0,0,0,0,3,13,d
1456,d,d,0,0,1,1,2,1,0,3,d,11,d,5,16,s,12,d,1,2,0,8,1,0,d,0,0,3,13,d
I68,0,3,0,0,1,1,2,0,15,3,6,11,0,5,16,s,12,0,1,2,0,8,1,0,0,0,0,3,13,14
1339,0,3,0,2,1,1,2,0,15,3,6,11,0,5,16,s,12,0,1,2,0,8,1,d,0,0,0,3,13,14
1338,0,3,0,0,1,1,2,0,15,d,6,11,d,5,16,s,d,0,d,2,0,8,1,0,d,d,0,3,13,14
I69,0,0,0,0,1,0,2,0,0,0,6,11,0,5,16,s,12,0,0,2,0,8,1,0,0,31,0,3,0,14
I70,0,0,0,0,1,0,2,0,0,0,6,11,0,5,16,s,12,0,0,2,0,8,1,0,0,31,0,3,0,14
I71,0,0,0,12,1,0,2,0,0,0,6,11,0,5,16,s,12,0,1,2,0,8,1,0,8,31,0,3,0,14
I72,0,0,0,12,1,0,2,0,0,3,6,11,2,5,16,s,12,0,1,2,0,8,1,0,8,31,0,s,0,14
1151,0,0,0,12,1,0,2,0,d,s,6,11,2,5,16,s,12,d,d,2,0,8,1,0,8,31,d,s,0,14
1159,1,0,22,d,1,0,2,1,0,3,6,11,2,5,16,s,12,0,1,2,d,8,1,0,8,31,0,s,0,14
I79,0,0,0,12,1,0,2,0,0,0,6,11,2,5,16,s,12,0,1,2,0,8,1,0,8,31,0,3,0,14
1343,0,d,d,12,1,3,2,d,0,0,s,11,2,d,16,s,12,18,1,2,3,8,1,10,8,31,0,3,0,14
1111,1,d,0,12,s,0,2,0,0,s,6,11,2,s,16,s,12,s,1,2,d,8,1,0,8,31,0,s,d,14
I87,0,3,0,0,1,0,2,0,0,3,6,11,0,5,16,s,12,0,3,2,0,8,1,0,0,31,0,3,0,14
I88,1,3,0,0,1,0,2,0,0,3,6,11,0,5,16,s,12,0,3,2,0,8,1,0,0,31,0,3,0,14
I91,1,3,0,0,1,0,2,0,0,3,6,11,0,5,16,s,12,0,3,2,s,8,1,0,0,31,0,3,0,14
1299,1,3,d,s,1,0,d,d,d,3,6,11,0,d,d,s,12,0,3,2,s,8,1,0,13,31,0,3,s,d
1298,1,3,0,d,1,0,d,0,0,3,6,11,0,5,16,s,d,0,3,2,s,8,d,0,0,d,d,3,0,14
I92,1,3,46,0,1,0,2,0,10,3,6,11,0,5,16,s,12,15,3,2,0,8,1,0,0,31,0,3,0,14
I93,1,3,46,0,1,0,2,0,10,3,s,11,0,5,16,s,12,s,3,2,0,8,1,0,0,31,0,3,0,14
1263,1,3,46,0,1,0,2,0,10,3,s,11,0,5,16,s,12,s,3,2,d,8,d,d,0,31,d,d,0,14
1262,1,3,46,0,1,0,d,0,10,3,s,11,0,5,16,s,12,s,3,2,0,d,d,18,d,d,d,3,0,14
1376,1,3,46,0,1,0,2,0,10,3,6,11,0,5,16,s,12,15,3,2,d,8,1,15,0,31,s,3,13,14
I95,0,3,0,0,1,0,2,0,0,3,6,11,0,5,16,s,12,0,3,2,0,8,1,0,2,31,0,3,0,14
I97,0,3,0,0,1,0,2,0,0,3,6,11,0,5,16,s,12,0,3,2,0,8,1,0,2,31,0,3,0,14
1251,0,d,38,0,1,0,2,0,0,d,6,11,0,5,16,s,12,0,3,2,0,8,1,d,2,d,0,3,0,14
1250,0,3,0,0,1,0,2,0,0,3,6,11,0,5,16,s,12,0,3,2,0,d,1,0,2,31,0,3,0,14
I99,0,3,0,0,1,0,2,0,4,3,6,11,2,5,16,s,12,0,3,2,0,8,1,5,2,31,0,3,0,14
I100,0,3,0,0,1,0,2,0,4,3,6,11,2,5,16,s,12,0,3,2,0,8,1,5,2,31,0,3,s,14
1173,0,3,0,0,s,0,2,d,4,3,6,11,2,5,16,s,12,0,d,2,0,8,d,5,2,31,0,3,s,14
1172,0,3,0,0,1,0,d,0,4,3,6,11,2,5,16,s,12,0,3,2,0,8,1,5,2,31,d,d,s,14
1406,d,3,0,0,1,0,2,0,4,3,6,11,2,5,d,s,12,0,3,2,0,8,1,5,2,d,0,3,d,14
I102,0,0,0,0,1,0,2,0,0,0,6,11,0,5,16,s,12,0,0,2,0,8,1,0,0,31,0,3,15,14
I103,0,0,0,0,1,3,2,0,0,0,6,11,0,5,16,s,12,0,0,2,0,8,1,0,s,31,0,3,15,14
I104,0,0,0,0,1,3,2,0,0,3,6,11,0,5,16,s,12,0,s,2,0,8,1,0,s,31,0,3,15,14
I105,0,0,0,0,1,3,2,1,0,3,6,11,0,5,16,s,12,0,s,2,0,8,1,0,s,31,0,3,15,14
I106,0,0,0,0,1,3,2,1,0,3,6,11,0,5,16,s,12,0,s,2,0,8,1,0,s,31,0,3,15,14
1007,0,0,0,0,1,3,2,1,0,3,6,d,0,5,16,s,12,d,s,2,d,8,1,d,s,31,0,3,15,14
1972,d,0,0,0,1,3,2,1,0,3,6,11,0,s,16,s,12,0,s,2,0,8,d,0,s,31,0,d,d,14
1058,0,0,0,0,1,3,2,1,0,d,6,11,0,5,16,s,d,0,s,2,0,8,1,d,s,31,d,d,d,14
I109,0,1,1,0,s,3,2,1,0,3,6,11,0,5,16,s,12,0,s,2,0,8,1,0,s,31,4,3,15,14
I111,0,1,1,33,s,3,2,1,0,3,6,11,0,5,16,s,12,0,s,2,0,8,1,0,s,31,4,3,15,14
1867,0,1,1,33,s,3,2,d,0,3,6,11,2,5,16,s,12,d,s,2,0,8,1,0,s,31,4,d,15,14
1866,d,1,1,33,s,3,2,1,0,3,d,11,0,5,16,s,12,0,s,2,0,8,1,d,s,31,4,3,15,14
I113,0,1,1,0,s,3,2,1,0,3,6,11,0,5,16,s,12,0,s,2,0,8,1,0,s,31,4,3,15,14
2044,0,1,d,0,s,3,2,1,0,3,6,11,s,5,16,s,12,0,s,2,0,8,d,0,s,31,4,3,d,14
2030,0,1,d,0,s,3,2,1,d,3,6,11,0,5,16,s,12,0,s,2,0,8,d,0,s,s,4,3,15,14
I116,0,0,0,0,1,3,2,0,0,0,6,11,0,5,16,s,12,0,1,2,0,8,1,0,s,31,0,3,15,14
1048,0,0,0,d,d,3,2,0,10,0,6,11,0,s,16,s,12,0,1,2,0,8,1,16,s,s,d,3,15,14
I120,0,0,0,0,1,3,2,0,0,0,6,11,0,5,16,s,12,0,1,2,0,8,1,31,s,31,0,3,15,14
I121,0,0,0,0,1,3,2,0,0,0,6,11,0,5,16,s,12,s,1,2,0,8,1,31,s,31,0,3,15,14
1023,d,3,d,0,1,d,2,d,d,0,6,11,d,5,16,s,12,s,1,d,0,8,1,31,s,31,d,3,d,d
1022,d,0,0,0,1,3,2,0,d,d,6,11,0,5,16,s,12,s,1,2,0,8,1,31,s,31,0,3,15,14
I122,0,0,0,0,1,3,2,0,0,0,6,11,0,5,16,s,12,0,1,2,0,8,1,31,s,31,0,3,15,14
983,d,d,d,0,1,3,2,0,0,0,d,11,0,5,16,s,12,0,1,2,0,8,1,31,s,31,25,3,15,14
1964,0,0,0,0,1,3,d,0,16,0,6,11,0,5,16,s,d,0,1,2,0,8,1,31,s,31,0,3,s,d
I124,0,0,0,0,1,3,2,0,0,0,6,11,0,5,16,s,12,0,0,2,0,8,1,0,0,31,0,3,15,14
I125,0,0,0,0,1,3,2,0,0,0,6,11,0,5,16,s,12,0,0,2,0,8,1,0,0,31,0,3,15,14
I127,0,0,s,7,s,3,2,0,0,0,6,11,0,5,16,s,12,0,0,s,0,8,1,10,0,31,0,3,15,14
1301,0,0,s,7,s,3,2,0,0,0,6,11,0,5,16,s,12,0,0,s,0,8,1,10,0,31,d,3,15,d
1300,0,0,s,7,s,3,2,0,0,0,6,11,0,5,16,s,12,0,0,s,0,8,1,10,s,31,0,3,15,14
I129,0,0,0,s,1,3,2,0,0,8,6,11,0,5,16,s,12,0,0,2,4,8,1,2,0,31,0,3,15,14
1476,0,3,d,s,1,3,2,0,0,8,6,11,0,d,16,s,12,0,0,2,4,d,1,2,d,s,8,3,15,d
1727,0,0,0,s,1,3,2,0,d,8,6,11,0,5,16,s,12,0,0,2,4,8,d,2,d,31,0,3,15,14
I132,0,0,0,0,1,3,2,0,0,0,s,11,0,5,16,s,12,0,0,2,0,8,1,0,s,s,0,3,15,s
I133,0,0,0,0,1,3,2,0,0,0,s,11,0,5,16,s,12,0,0,2,0,8,1,0,s,s,0,3,s,s
1094,0,0,0,0,1,3,2,0,0,d,s,11,0,d,16,s,12,0,d,s,0,8,1,0,s,s,0,3,s,s
1045,0,d,0,0,1,3,2,0,0,0,s,d,0,5,16,s,12,0,3,2,d,8,1,0,s,s,0,3,s,s
I137,0,0,29,0,1,3,2,0,0,3,s,11,0,5,16,s,12,0,0,2,0,s,1,0,s,s,0,3,15,s
1165,1,d,29,0,1,3,d,0,0,3,s,11,0,d,16,s,12,0,0,d,d,s,1,d,s,s,0,d,15,s
1164,0,0,29,0,1,3,2,0,0,3,s,11,0,5,d,s,12,0,0,2,0,s,1,0,s,s,0,3,15,s
I139,0,0,0,0,1,0,2,0,0,3,6,0,0,0,16,7,12,0,0,2,0,8,1,0,0,0,0,3,s,14
I140,0,0,0,0,1,0,2,0,0,3,6,13,5,0,16,7,12,0,0,s,0,8,1,0,0,0,0,3,s,14
I141,0,0,s,0,1,0,2,0,0,3,6,13,5,0,16,7,12,0,0,s,0,8,1,0,0,0,0,3,s,14
I142,0,0,s,0,1,0,2,s,0,3,6,13,5,0,16,7,12,0,0,s,0,8,1,0,0,0,0,3,s,14
I143,1,0,s,0,1,0,2,s,0,3,6,13,5,s,16,7,12,0,0,s,0,8,1,0,0,0,0,3,s,14
I144,1,0,s,0,1,0,2,s,0,3,6,13,5,s,16,7,12,0,0,s,0,8,1,0,12,1,0,s,s,14
I145,1,0,s,s,1,0,2,s,0,3,6,13,5,s,16,7,12,0,0,s,0,8,1,0,12,1,0,s,s,14
1763,1,d,s,s,1,0,d,s,0,3,s,13,5,s,16,7,12,0,0,s,0,8,1,0,12,1,d,s,s,14
1762,1,0,s,s,1,0,2,s,0,3,d,13,5,s,16,7,12,0,0,s,0,8,1,0,12,1,0,s,s,14
1785,1,0,s,0,1,0,2,s,0,3,6,13,5,s,16,d,d,0,0,s,0,8,1,0,12,1,0,s,s,14
I147,1,3,s,0,1,3,2,s,0,3,6,13,5,s,16,7,12,0,0,s,0,8,1,0,0,0,0,3,s,14
I148,1,3,s,2,1,3,2,s,0,3,6,s,5,s,16,7,12,0,0,s,4,8,1,0,13,1,3,3,s,14
1893,1,3,s,2,1,3,2,s,0,d,6,s,5,s,d,7,12,0,0,s,4,8,1,0,13,d,s,3,s,14
1892,1,3,s,2,1,3,2,s,0,3,6,s,5,s,16,7,d,0,0,s,4,8,1,d,13,1,3,3,s,14
I149,1,3,s,0,1,3,2,s,0,3,6,13,5,s,16,7,12,0,0,s,0,8,1,0,0,0,0,3,s,14
1805,1,3,s,0,1,3,2,s,0,d,6,13,5,s,16,7,12,0,0,s,0,8,s,0,0,0,d,d,s,d
1804,1,3,s,0,1,3,2,s,0,3,6,13,5,s,16,7,12,0,0,s,0,8,d,0,0,0,0,d,s,14
I150,0,0,s,0,1,0,2,s,0,3,6,13,5,0,16,7,12,0,0,s,0,8,1,0,0,0,0,3,s,14
1746,d,3,s,12,1,0,d,s,0,d,6,13,5,0,16,7,12,d,0,s,0,8,1,0,0,0,0,3,s,14
1092,d,0,s,d,1,0,d,s,1,3,6,13,5,0,16,7,12,0,0,s,d,8,1,31,0,0,s,3,s,14
I154,0,0,s,s,1,3,2,0,0,3,6,13,5,0,16,7,12,0,0,s,0,8,1,0,0,18,0,3,s,14
I156,0,0,s,s,1,3,2,0,0,3,s,13,5,0,16,7,12,s,0,s,0,8,1,0,0,18,0,3,s,14
1742,0,0,s,s,1,3,2,0,d,3,s,13,5,0,16,d,12,s,0,s,0,8,1,0,0,18,0,3,s,14
976,0,0,s,s,1,3,2,0,0,3,s,13,5,0,16,7,12,s,0,s,d,d,1,0,0,18,0,3,s,d
I161,0,s,s,s,1,3,2,0,0,3,6,13,5,0,16,7,12,0,0,s,0,8,1,0,0,18,0,3,s,14
1668,0,s,s,s,1,3,d,0,3,3,6,13,5,0,16,7,12,0,0,s,0,8,d,d,0,d,0,3,s,14
1903,0,s,s,s,1,3,2,0,0,d,6,13,5,0,16,7,d,0,3,s,1,8,1,0,0,18,0,d,s,14
I168,0,0,0,0,s,0,2,0,0,3,6,13,5,0,16,7,12,0,0,s,0,8,1,0,0,0,0,3,s,14
I169,0,3,0,0,s,0,2,0,11,3,6,13,5,0,16,7,12,0,0,s,0,8,1,0,0,0,0,3,s,14
I170,0,3,0,0,s,0,2,0,11,3,6,13,5,0,16,7,12,0,0,s,0,8,1,0,0,0,0,3,s,14
I171,1,3,0,0,s,0,s,0,s,3,6,13,5,0,16,7,12,0,0,s,0,8,1,0,0,0,0,3,s,14
1815,d,3,0,0,s,0,s,0,s,s,6,13,5,0,s,7,12,d,0,s,0,8,1,0,1,0,0,3,s,14
I173,1,3,0,0,s,0,s,0,s,3,6,13,5,0,16,7,12,0,0,s,0,8,1,0,0,0,0,3,s,14
1887,1,3,0,0,s,0,s,0,s,3,6,13,5,0,16,7,12,0,0,s,0,8,1,0,d,d,0,3,s,14
1886,1,d,0,0,s,3,s,0,s,3,6,d,5,0,16,7,12,0,0,s,0,d,1,d,0,d,0,3,s,14
2009,0,3,0,d,s,0,2,0,11,3,6,13,d,0,16,7,12,0,s,s,d,8,1,0,d,0,0,3,s,d
I178,1,3,0,0,s,3,2,0,11,3,6,13,5,3,16,7,12,0,1,s,0,8,1,0,0,0,8,3,s,14
1859,1,3,0,0,s,3,2,0,11,3,6,13,5,3,16,7,d,0,1,s,0,8,1,0,0,0,d,3,s,14
I180,1,3,0,0,s,3,2,0,11,3,6,13,5,3,16,7,12,0,1,s,0,8,1,0,13,0,8,3,s,14
1879,1,3,d,0,s,3,2,0,11,d,d,13,5,3,16,d,d,0,1,s,0,8,1,0,13,d,8,3,s,14
1878,1,3,0,0,s,3,2,d,11,3,6,13,5,3,16,7,12,0,1,s,0,8,d,0,d,16,8,3,s,d
I183,0,0,0,0,s,0,2,0,0,3,6,13,5,5,16,7,12,12,0,s,1,8,1,0,0,0,0,3,s,14
I184,0,0,0,0,s,0,2,0,0,3,6,13,5,5,16,s,12,12,0,s,1,8,1,0,0,0,0,3,s,14
1575,0,s,0,0,s,d,2,d,25,3,6,13,5,5,16,s,12,12,1,s,1,8,s,0,0,0,0,d,s,14
I188,0,0,0,0,s,2,2,0,0,3,6,13,5,5,16,s,12,12,0,s,1,8,1,0,0,0,0,3,s,14
I189,1,0,31,0,s,2,2,0,24,3,6,13,5,5,16,s,12,12,0,s,1,8,1,0,0,0,0,3,s,14
1765,1,0,31,0,s,2,d,0,24,3,6,13,5,5,d,s,12,12,0,s,1,8,1,d,0,0,0,3,s,14
1764,d,0,31,d,s,2,2,0,24,3,6,d,5,5,16,s,12,12,0,s,d,8,1,0,0,0,d,3,s,14
1786,s,0,38,9,s,2,2,d,0,3,6,13,5,5,d,s,12,12,0,s,1,8,1,0,8,0,d,3,s,14
I191,0,0,0,0,s,0,2,0,4,3,6,13,5,5,16,7,12,12,0,s,1,8,1,0,0,0,0,3,s,14
I192,0,0,0,0,s,3,2,0,4,3,6,13,5,5,16,7,12,12,0,s,1,8,1,9,0,0,0,3,s,14
I193,s,0,0,0,s,3,2,0,4,3,6,13,5,5,16,7,12,12,0,s,1,8,1,9,0,19,0,3,s,14
1793,s,0,0,0,s,d,2,d,4,3,6,13,5,5,16,7,12,12,0,s,1,8,1,9,0,19,0,3,s,14
1792,s,d,0,0,s,3,d,0,4,3,d,d,5,5,16,7,12,12,0,s,d,8,1,d,0,19,0,3,s,d
1544,0,0,0,d,s,3,d,0,4,3,d,13,5,5,d,7,12,12,0,s,1,8,1,9,0,0,0,3,s,14
1373,d,0,0,0,s,0,2,0,d,3,6,13,5,5,16,7,12,12,0,s,1,8,1,10,0,0,0,s,s,14
I198,0,0,0,0,1,3,2,0,0,3,6,0,0,0,16,7,12,0,0,2,0,8,1,0,0,0,0,3,s,14
I199,0,0,0,0,1,3,2,1,0,3,6,0,0,0,16,7,12,0,0,2,0,8,1,0,0,0,0,3,s,14
I200,0,0,0,0,1,3,2,1,0,3,6,0,0,0,16,7,12,0,0,2,0,8,1,0,0,0,0,3,s,14
I201,0,0,0,2,1,3,2,1,0,3,6,0,0,0,16,7,12,0,0,2,0,8,s,0,0,0,0,3,s,14
I202,0,0,0,2,1,3,2,1,0,3,6,0,0,0,16,7,12,0,0,2,0,8,s,0,0,0,0,3,s,14
1043,0,0,4,2,1,3,2,1,0,d,6,d,d,0,d,7,12,0,0,d,0,8,s,0,d,d,0,3,s,14
1042,0,0,0,2,1,3,2,1,0,3,6,0,0,0,16,7,12,0,0,2,0,s,s,0,0,0,0,3,s,14
1056,0,0,d,2,1,3,2,1,d,3,6,d,d,0,16,7,12,0,0,2,0,d,s,0,d,0,20,3,s,14
I205,0,0,0,0,1,3,2,1,19,3,6,0,0,0,16,7,12,0,0,2,4,8,1,0,0,0,0,3,s,14
I208,0,0,22,0,1,3,2,1,19,3,6,0,0,0,16,7,12,0,1,2,4,8,1,0,0,14,0,3,s,14
1953,0,0,22,d,1,3,2,d,19,d,6,d,0,0,16,7,12,0,1,2,4,8,1,0,0,14,0,3,s,14
1952,0,0,22,0,1,3,2,1,19,3,d,0,0,0,16,7,12,0,1,d,4,8,d,0,d,d,0,3,s,14
1025,0,0,0,0,1,d,d,1,19,3,6,0,0,0,16,7,12,0,0,2,4,8,d,10,0,0,d,d,s,14
I210,0,s,0,0,1,3,2,1,0,3,6,0,2,0,16,7,12,0,0,2,0,8,1,0,0,0,0,3,s,14
I213,0,s,0,0,1,3,2,1,0,3,6,0,2,3,16,7,12,0,0,2,1,8,1,0,0,0,11,3,s,14
2007,0,s,0,0,1,3,2,d,0,3,6,0,2,3,d,7,12,d,d,2,1,8,1,0,0,0,11,3,s,14
2013,0,s,0,16,1,3,2,1,3,3,d,7,2,3,16,7,12,0,d,2,d,8,d,0,d,d,11,3,s,14
I216,0,s,0,5,1,3,2,1,11,3,6,0,2,0,16,7,12,0,0,2,1,8,1,0,6,0,0,3,s,14
I217,0,s,0,5,1,3,2,1,11,3,6,0,2,0,16,7,12,0,0,2,1,8,1,0,6,0,0,3,s,14
1649,0,s,0,5,1,3,2,1,11,d,6,0,2,0,16,7,12,0,0,2,1,8,1,0,6,d,0,3,s,14
1985,0,s,0,5,1,3,2,1,11,3,6,d,2,0,16,7,12,0,d,2,d,8,1,0,6,d,0,d,s,14
I220,0,s,0,5,1,3,2,1,11,3,6,0,2,3,16,7,12,0,0,2,1,8,1,0,6,0,0,3,s,14
1582,d,s,0,d,1,3,2,1,d,d,6,0,2,3,16,7,12,0,0,2,1,8,1,0,6,0,15,3,s,14
1427,0,s,0,5,d,3,d,1,11,3,6,1,2,s,d,d,12,d,d,d,1,8,1,0,6,0,d,3,s,14
I223,1,0,0,0,1,3,2,0,0,3,6,0,0,0,16,7,12,0,0,2,7,8,1,0,0,18,0,3,s,14
I224,1,0,0,0,1,3,2,0,0,3,s,0,0,0,16,7,12,0,0,2,7,8,1,s,0,18,0,3,s,14
I225,1,0,0,0,1,3,2,0,0,3,s,0,0,0,16,7,12,0,0,2,7,8,1,s,2,18,0,3,s,14
I226,1,0,22,0,1,3,2,0,0,3,s,0,0,0,16,7,12,0,0,2,7,8,1,s,2,18,0,3,s,14
I227,1,0,22,0,1,3,2,0,0,3,s,0,2,0,16,7,12,0,0,2,7,8,1,s,2,18,0,3,s,14
1549,1,d,22,0,d,3,2,0,0,d,s,d,2,0,16,7,12,d,0,2,7,8,1,s,d,d,0,d,s,14
1548,1,0,22,0,1,3,2,0,0,3,s,0,2,0,16,7,12,0,0,2,7,8,d,s,2,18,0,3,s,14
1595,1,0,22,0,1,d,d,0,0,3,s,0,d,0,16,7,12,0,1,2,7,8,1,s,2,18,0,d,s,d
1833,1,0,0,0,1,d,2,d,0,3,s,d,d,0,16,7,12,3,0,2,7,8,d,s,2,18,0,3,s,14
I232,1,0,0,0,1,3,2,0,0,3,s,14,0,0,16,7,12,0,0,2,7,8,1,s,0,18,0,3,s,14
I233,1,0,0,25,1,3,2,0,0,3,s,14,0,0,16,7,12,0,0,2,7,8,1,s,0,18,0,3,s,14
I234,1,0,0,25,1,3,2,0,0,3,s,14,0,0,16,7,12,0,0,2,7,8,1,s,7,18,4,3,s,14
1487,d,0,0,25,1,3,2,0,0,3,s,14,d,0,d,7,12,0,0,2,7,8,1,s,7,18,4,3,s,14
1486,d,0,0,d,d,3,2,0,0,3,s,14,0,0,16,7,12,0,0,2,7,8,1,s,7,18,4,d,s,14
I235,1,0,0,25,1,3,2,0,0,3,s,14,0,0,16,7,12,0,0,2,7,8,1,s,0,18,0,3,s,14
1563,1,0,0,25,1,3,2,0,0,3,s,14,0,0,16,d,12,0,0,2,d,8,1,s,0,18,0,3,s,d
1562,1,0,0,25,1,3,d,0,0,3,s,14,0,d,16,7,12,0,0,2,d,8,1,s,0,18,0,3,s,14
1624,1,0,0,d,1,d,2,0,0,3,s,14,0,d,16,7,12,0,0,2,7,8,d,s,0,18,0,3,s,14
I240,1,0,6,0,1,3,2,0,0,3,6,0,0,0,16,7,12,0,0,2,7,8,1,0,0,18,0,3,s,14
I243,1,0,6,0,1,3,2,0,0,3,6,0,0,0,16,7,s,0,0,2,7,8,1,0,0,18,0,3,s,14
1797,d,0,6,0,1,3,2,0,d,3,6,0,0,0,d,7,s,0,0,2,7,8,d,0,0,18,0,3,s,14
1796,1,0,6,0,1,3,d,0,0,d,6,d,0,0,d,d,s,0,0,2,7,d,1,0,0,d,d,3,s,14
I244,1,0,6,0,1,3,2,0,0,3,6,0,0,0,16,7,12,0,0,2,7,8,1,0,0,18,0,3,s,14
985,1,d,6,0,1,3,2,0,d,s,6,11,0,0,16,7,12,0,0,2,d,8,1,0,0,18,0,3,s,14
2032,1,3,6,0,1,3,2,0,0,s,6,d,0,d,16,7,12,0,0,2,d,8,1,0,d,d,0,3,s,14
I251,0,0,0,0,1,0,2,0,0,0,6,0,0,0,16,0,0,0,1,4,0,8,1,0,0,0,0,0,0,14
I252,0,0,0,0,1,0,2,0,0,0,6,0,0,3,16,0,0,0,1,4,0,8,1,0,0,0,0,0,0,14
I253,0,0,0,0,1,0,2,0,0,0,6,32,0,3,16,0,1,0,1,4,0,8,1,0,0,0,0,0,0,14
I254,0,0,0,0,s,0,2,0,0,0,6,32,0,3,16,0,1,0,1,4,0,8,1,0,0,0,0,0,0,14
I255,0,0,0,0,s,0,2,1,0,0,6,32,0,3,16,0,1,0,1,4,0,8,1,0,0,0,0,0,0,14
I258,1,0,0,20,s,0,2,1,s,0,6,32,0,3,16,0,1,25,s,4,3,8,1,0,11,0,3,0,0,14
1223,1,0,0,d,s,0,2,1,s,s,6,32,d,3,16,0,1,25,s,4,d,8,1,0,11,d,d,0,0,14
1222,1,0,0,20,s,0,2,1,s,0,6,d,0,3,16,0,1,25,s,4,3,8,1,0,11,0,3,0,0,14
I263,0,0,0,0,s,0,2,1,0,0,6,32,0,3,16,0,1,43,1,4,0,8,1,0,0,0,0,0,0,14
I264,0,0,0,0,s,4,2,1,18,0,6,32,0,3,16,0,1,43,1,4,0,8,1,0,0,0,0,0,0,14
1100,0,d,0,0,s,4,2,1,d,0,6,32,0,3,16,14,1,43,1,4,s,8,1,0,0,d,0,0,0,14
1255,0,0,0,s,s,d,2,1,18,3,6,32,d,d,16,11,1,43,1,4,0,8,1,0,d,0,24,d,0,14
I267,0,0,0,0,s,0,2,1,0,0,6,32,0,3,16,0,1,43,1,4,0,8,1,0,0,0,0,0,0,14
I268,0,0,0,0,s,0,2,1,0,0,6,32,0,3,16,0,1,43,1,4,0,8,1,0,0,s,0,16,0,14
1055,0,0,0,0,s,0,2,1,0,0,6,32,0,3,16,0,1,43,1,d,0,8,1,0,0,s,0,16,0,14
1054,0,d,0,0,s,0,d,s,30,3,d,32,2,3,16,7,1,43,1,4,0,8,1,0,0,s,0,16,0,14
1278,0,0,0,0,s,d,2,1,0,0,d,32,0,3,16,0,1,43,1,d,0,d,1,0,0,23,0,0,0,14
I270,0,0,0,0,s,0,2,0,0,3,6,32,0,3,16,0,1,0,1,4,0,8,s,0,0,0,0,0,0,14
I271,1,0,0,0,s,0,2,0,0,3,6,32,0,3,16,0,1,0,1,4,0,8,s,0,0,18,0,0,0,14
I274,1,2,0,0,s,0,2,0,10,3,6,32,0,3,16,0,1,0,1,4,0,8,s,14,0,18,0,13,0,14
1995,1,2,d,0,s,0,2,0,10,3,6,32,0,3,16,0,1,0,1,d,0,8,s,14,0,18,0,13,0,14
I276,1,2,0,0,s,0,2,0,10,3,6,32,0,3,16,0,1,0,1,4,0,8,s,14,0,18,0,13,0,14
1909,1,2,0,0,s,d,2,0,10,3,d,32,d,3,16,0,d,0,1,4,d,8,s,14,0,d,d,13,0,14
1908,1,2,0,0,s,0,2,0,10,3,6,32,0,3,16,0,1,0,1,4,0,8,s,14,0,18,15,13,d,14
I279,1,0,0,0,s,0,2,0,1,3,6,s,0,3,16,0,1,0,1,s,0,8,s,0,6,18,4,5,0,s
1187,1,0,0,6,s,0,2,d,1,3,6,s,0,3,16,0,1,0,1,s,0,8,s,d,6,d,4,5,0,s
1186,1,0,0,0,s,0,2,0,1,3,6,s,0,3,16,0,1,0,1,s,3,d,s,0,6,18,4,d,13,s
I280,0,0,0,0,s,0,2,1,0,3,6,32,0,3,16,0,1,0,1,4,0,8,s,0,0,0,0,0,0,14
1318,0,d,0,0,s,d,2,1,0,3,6,32,0,3,s,0,1,0,s,4,3,8,s,0,s,0,0,0,0,14
1773,0,d,0,d,s,0,d,1,0,3,6,32,2,3,16,0,1,0,1,d,d,8,s,0,d,0,25,d,0,14
I287,0,0,0,0,1,0,2,0,0,0,6,32,0,3,16,0,1,0,1,4,0,8,1,0,0,0,0,0,4,14
I288,0,0,0,0,1,0,2,0,0,3,6,32,0,3,16,0,1,0,1,4,0,8,1,0,0,0,0,3,4,14
I289,0,0,0,0,1,0,2,0,0,3,6,32,0,3,16,0,1,0,1,4,0,8,1,15,0,0,0,3,4,14
1488,1,0,0,s,s,0,2,1,d,d,6,32,0,3,16,0,1,s,1,4,0,8,1,15,0,21,0,3,4,14
I293,0,0,0,2,1,0,2,0,0,3,6,32,0,3,16,0,1,0,1,4,0,8,1,15,0,0,0,3,4,14
I294,0,0,s,2,1,0,2,0,0,3,6,32,2,3,16,0,1,0,1,4,0,8,1,15,0,0,0,3,4,14
1605,0,0,s,d,1,0,2,d,0,3,6,d,2,d,16,0,1,0,1,4,0,8,1,15,0,0,0,3,4,d
1604,0,0,s,2,1,0,2,0,0,3,6,32,2,3,d,0,1,d,1,4,0,d,1,15,0,0,0,3,4,14
1417,1,d,0,d,1,d,2,0,0,s,6,32,0,d,16,0,1,0,d,4,0,8,1,15,0,0,d,3,d,s
I296,0,0,0,0,1,0,2,0,0,3,6,32,0,3,16,11,1,0,1,4,0,8,1,0,0,0,0,3,4,14
I297,0,0,0,0,1,0,2,0,s,3,6,32,0,s,16,11,1,0,1,4,0,8,1,0,0,0,s,3,4,14
1733,0,0,0,0,1,d,d,0,s,3,6,32,d,s,16,11,1,0,1,4,0,8,1,0,0,25,s,3,4,14
I299,0,0,0,0,1,0,2,0,s,3,6,32,0,s,16,11,1,0,1,4,0,8,1,0,0,0,s,3,4,14
1147,0,0,0,0,1,0,2,0,s,3,6,32,d,s,16,11,1,0,1,4,0,8,1,15,0,0,s,3,4,d
1146,1,0,0,d,1,0,2,d,s,3,6,32,0,s,16,d,1,0,1,4,0,8,1,0,0,14,s,3,4,14
I301,1,0,3,0,1,0,2,0,0,3,6,32,0,s,16,11,1,0,1,4,0,8,1,0,11,0,0,3,4,14
1493,1,0,3,0,1,0,2,1,0,3,d,32,0,s,16,11,1,0,s,d,0,s,1,0,d,0,0,3,4,14
1492,1,0,3,0,d,0,2,0,0,d,6,d,0,s,16,11,1,0,1,4,d,d,1,0,11,0,0,3,4,14
I303,0,0,0,0,1,0,2,0,0,0,6,32,0,3,16,0,1,0,1,4,0,8,1,0,0,0,0,41,4,14
I304,1,0,0,0,1,0,2,0,0,0,6,32,0,3,16,0,1,0,1,4,3,8,1,0,0,21,24,41,4,14
I305,1,0,0,0,1,0,2,0,11,0,6,32,0,3,16,0,1,0,s,4,3,8,1,0,0,21,24,41,4,14
1798,1,3,0,0,1,d,2,0,11,0,6,32,0,3,16,0,1,0,s,d,d,d,1,0,2,21,24,41,4,14
1807,1,3,s,d,1,d,2,0,11,0,6,32,0,3,16,0,1,0,s,d,3,8,1,0,0,21,24,41,4,14
I308,1,0,0,0,1,0,2,0,0,0,6,32,0,3,16,11,1,8,1,4,3,8,1,0,0,21,24,41,4,14
947,d,0,d,0,1,0,s,0,d,0,d,32,0,3,16,11,1,d,1,4,3,8,d,0,0,21,24,d,4,14
1840,1,0,0,0,1,0,d,d,11,0,d,32,0,3,16,11,d,8,1,4,3,8,1,d,0,21,24,d,4,14
I310,0,0,0,0,1,0,2,0,0,3,6,32,0,3,16,0,1,0,1,4,0,8,1,0,0,25,0,41,4,14
I312,0,3,0,0,1,0,2,0,s,3,6,32,0,3,16,0,1,0,1,4,0,8,1,0,0,25,0,41,4,14
1745,1,3,0,d,d,0,2,0,s,3,6,d,d,3,d,0,1,0,1,4,0,8,1,0,0,25,0,41,4,14
1744,d,3,0,0,d,0,d,0,s,3,6,32,0,3,16,0,1,0,1,4,0,8,d,0,0,25,0,d,4,14
1889,d,0,0,0,1,d,s,0,6,3,6,32,0,3,16,11,1,0,1,4,1,s,d,0,0,25,0,s,4,14
I317,0,3,0,0,1,0,2,0,0,3,6,0,0,3,16,0,0,0,1,4,0,8,1,0,0,0,0,0,0,14
I318,0,3,0,0,1,0,2,0,27,3,6,0,0,3,16,0,0,0,1,4,s,8,1,0,0,0,0,3,0,14
I319,0,3,0,0,1,0,2,0,27,3,6,0,0,3,16,0,0,0,1,4,s,8,1,1,0,0,0,3,0,14
I320,0,3,0,0,1,0,2,0,27,3,6,0,0,3,16,0,0,0,1,4,s,8,1,1,0,0,19,3,0,14
I321,0,3,0,0,1,0,2,0,27,3,6,19,2,3,16,0,0,0,1,4,s,8,1,1,s,0,19,3,0,14
1800,s,3,0,0,1,0,2,3,d,3,6,19,2,d,16,0,d,0,1,4,s,8,1,d,s,0,19,3,0,d
1375,0,3,0,d,1,0,d,0,27,3,6,19,2,3,16,0,0,0,d,4,s,d,1,1,s,0,19,3,0,14
I324,0,3,0,0,1,0,s,1,27,3,6,0,0,3,16,0,0,0,1,4,s,8,1,1,0,10,19,3,0,14
I325,0,3,0,0,1,3,s,1,27,3,6,0,0,3,16,0,0,0,1,4,s,s,1,1,0,10,19,3,0,14
1455,0,3,0,0,1,d,s,1,d,3,6,0,2,3,16,0,0,0,1,4,s,s,1,1,0,10,19,3,0,14
1454,0,3,30,0,1,3,s,1,27,3,s,d,0,d,d,0,0,0,1,d,s,s,1,1,0,10,19,d,0,14
1429,0,3,22,0,1,0,s,1,d,3,6,0,0,d,16,0,6,0,1,4,s,d,1,1,d,d,19,3,0,d
I327,s,3,0,0,1,0,2,0,27,3,6,0,0,3,16,5,0,0,1,4,s,8,1,1,0,0,0,3,0,14
I328,s,3,0,0,1,0,2,0,27,3,6,0,0,3,16,5,0,0,1,4,s,8,1,1,0,s,0,3,8,14
1128,s,3,28,0,1,0,2,0,d,3,6,29,0,3,16,5,0,14,1,4,s,8,1,1,d,s,0,3,d,14
1293,s,d,0,0,1,d,2,0,27,d,6,0,0,3,d,d,0,0,1,4,s,8,1,1,s,s,0,3,8,d
I331,s,3,0,0,1,0,2,0,27,3,6,0,0,3,16,5,0,0,1,4,s,8,1,1,0,0,0,3,0,14
I332,s,3,0,0,1,0,2,0,27,3,6,0,0,3,16,5,0,0,1,4,s,8,1,1,0,0,0,3,0,14
1141,s,3,0,0,1,0,2,0,27,3,6,0,d,3,16,5,0,0,1,4,s,8,1,1,0,0,0,3,13,14
1140,s,3,0,0,1,0,d,0,27,3,6,0,0,s,16,5,0,0,1,4,s,8,1,1,0,0,0,3,0,14
1538,s,3,0,2,1,0,2,0,27,3,6,34,0,3,16,5,0,0,1,4,s,8,1,1,0,0,0,3,0,14
I334,0,3,0,0,1,0,2,0,27,3,6,0,0,3,16,0,0,0,1,s,s,8,1,0,0,0,0,3,0,14
I335,0,3,0,0,1,0,2,0,27,3,6,0,0,3,16,0,0,0,1,s,s,8,1,0,0,0,0,3,0,14
I336,0,3,0,0,1,0,2,0,27,3,6,6,0,3,16,0,0,0,1,s,s,8,1,0,0,0,0,3,0,14
1977,0,3,0,0,1,0,2,0,27,d,6,6,0,3,16,0,0,0,1,s,s,s,1,0,0,0,d,d,0,14
1897,d,3,0,0,1,0,2,0,27,3,d,6,0,s,16,0,0,s,1,s,s,8,d,13,0,0,0,d,0,14
1899,0,3,0,0,1,3,2,0,d,d,6,40,0,3,16,0,0,0,1,s,s,8,1,d,d,0,0,3,2,d
I342,0,3,6,0,1,0,2,0,27,3,6,0,0,3,16,9,0,0,1,s,s,8,1,0,0,0,0,3,0,14
I343,0,3,6,0,1,0,2,0,27,3,6,0,0,3,16,9,0,33,1,s,s,8,1,0,0,0,0,3,0,14
I344,0,3,6,0,1,0,2,0,27,3,6,0,0,3,16,9,0,33,1,s,s,8,1,0,12,0,0,3,0,14
1735,1,3,6,0,1,d,2,0,27,d,d,0,0,3,16,9,0,33,1,s,s,8,1,0,12,0,0,3,d,14
1734,0,3,6,0,1,0,2,0,27,3,6,0,0,3,d,9,0,33,d,s,s,8,1,0,12,d,0,3,0,14
I345,0,3,6,8,1,0,2,0,27,3,6,0,0,3,16,s,0,33,1,s,s,8,1,0,0,0,0,3,0,14
1695,0,3,6,8,1,d,2,0,27,3,6,0,0,3,16,s,0,33,1,s,s,8,1,0,0,d,0,d,0,s
1694,0,3,d,8,1,0,2,d,27,3,d,0,0,d,16,s,17,d,1,s,s,d,1,d,2,d,0,3,0,14
I347,0,3,6,0,1,0,2,0,27,3,6,29,0,3,16,9,0,0,1,s,s,8,1,0,0,0,0,3,0,14
1937,0,3,6,0,1,0,d,0,27,d,6,29,0,3,16,9,0,0,d,s,s,8,1,0,0,0,0,3,0,14
1936,0,3,6,0,1,0,2,0,27,3,6,29,d,3,16,9,0,0,1,s,s,8,1,0,0,d,0,d,0,d
I349,1,3,22,0,1,s,2,0,0,3,6,0,0,3,16,0,0,0,1,4,0,8,1,0,0,0,0,0,0,s
I350,1,3,22,0,1,s,2,0,20,3,6,0,0,3,16,0,0,0,1,4,0,8,1,0,0,0,0,0,0,s
I351,1,3,22,0,1,s,2,0,20,3,6,0,0,3,16,5,0,18,1,4,0,8,1,0,0,0,0,0,0,s
I354,1,3,22,0,1,s,2,0,20,3,6,0,2,3,16,5,0,s,1,4,0,8,1,31,0,0,0,0,0,s
1769,d,3,22,29,1,s,2,0,20,3,6,0,2,3,16,d,0,s,1,d,0,8,1,31,0,0,d,0,0,s
1768,d,3,22,0,1,s,2,0,20,3,6,0,2,d,16,5,0,s,1,4,0,8,1,31,0,0,0,d,0,s
I355,1,3,22,0,1,s,2,0,20,3,6,0,0,3,16,5,0,18,1,4,0,8,1,0,8,0,0,0,0,s
I356,1,3,22,0,1,s,2,0,20,3,6,0,0,3,16,5,0,18,1,4,0,8,1,0,8,3,0,0,0,s
1601,1,d,22,0,1,s,2,0,d,3,6,0,0,3,16,5,0,18,d,4,0,8,1,0,8,d,0,0,12,s
1600,1,d,22,0,d,s,2,0,d,3,6,0,0,3,16,5,0,18,1,4,0,d,1,d,d,3,0,0,0,s
I357,1,3,22,0,1,s,2,0,20,3,6,s,0,3,16,5,0,18,s,s,0,8,1,0,8,0,16,0,0,s
1685,1,3,22,0,1,s,2,0,20,3,6,s,0,3,16,5,1,18,s,s,0,8,1,d,8,0,16,0,0,s
1684,d,3,22,0,1,s,2,0,d,3,d,s,d,3,16,d,0,18,s,s,0,8,1,0,8,d,16,0,0,s
I358,1,3,22,0,1,s,2,0,20,3,6,0,0,3,16,0,0,0,1,4,0,8,1,0,0,0,0,0,15,s
I359,1,3,22,0,1,s,2,0,20,3,6,0,0,3,16,0,0,0,1,4,4,8,1,0,0,0,6,0,15,s
1167,1,3,22,0,1,s,2,0,20,3,d,0,0,3,16,0,0,0,1,4,s,8,1,10,0,0,6,0,15,s
1137,d,3,22,0,d,s,2,0,20,3,6,40,0,3,16,0,0,0,d,4,d,s,1,1,0,0,6,0,15,s
I362,1,3,22,0,1,s,2,0,20,3,6,0,0,3,16,0,0,0,1,4,7,8,1,0,0,0,0,0,15,s
1219,1,3,22,0,1,s,d,d,20,3,d,0,d,3,16,0,0,23,1,4,d,8,1,0,0,31,0,0,15,s
1247,1,3,d,0,1,s,2,0,20,3,6,0,2,3,16,0,0,0,1,4,7,8,s,0,11,0,0,0,d,s
I365,1,3,22,0,1,s,2,0,0,3,6,0,0,3,16,6,13,0,1,4,0,8,1,0,0,0,0,0,0,s
I366,1,3,22,0,1,s,2,0,0,3,6,0,0,3,16,6,13,0,1,4,0,8,1,0,0,0,0,0,0,s
1525,d,3,22,0,1,s,2,0,24,3,6,d,0,3,d,d,13,0,1,4,0,8,1,d,0,23,0,0,4,s
I370,1,3,22,0,1,s,2,0,3,3,6,0,0,3,16,6,13,0,1,4,0,8,1,0,0,0,0,0,6,s
1941,1,3,d,0,1,s,2,d,3,3,6,0,0,3,16,6,13,0,1,4,0,8,1,0,0,0,4,0,s,s
I372,1,3,22,0,1,s,2,0,3,3,6,0,0,3,16,6,13,0,s,4,0,8,1,0,0,0,0,0,6,s
1445,1,3,22,0,1,s,2,0,d,3,6,d,2,3,16,6,13,0,s,d,d,8,1,d,0,0,d,0,6,s
1444,d,3,22,0,1,s,d,0,3,3,6,d,0,3,16,6,13,d,s,4,0,8,1,0,d,0,s,0,6,s
I374,1,3,22,0,1,s,2,0,0,3,6,0,0,s,16,6,13,0,1,4,0,8,1,9,0,28,0,0,13,s
I375,1,3,22,0,1,s,2,0,0,3,6,0,0,s,16,6,13,0,1,4,0,8,1,9,0,28,1,0,13,s
1347,1,3,22,0,1,s,2,0,d,d,6,d,0,s,16,6,13,0,1,4,0,8,1,9,0,d,d,0,13,s
1346,1,3,22,5,1,s,2,0,s,3,d,d,0,s,d,6,13,0,1,4,0,d,1,9,0,28,1,0,13,s
1085,1,3,22,0,1,s,2,0,d,3,6,0,0,s,16,6,13,0,1,d,0,8,1,9,6,28,d,0,13,s
I380,0,0,42,8,1,0,2,0,0,0,6,0,0,0,16,0,0,0,1,4,0,8,1,0,0,0,0,0,0,14
I381,0,0,42,8,1,0,2,0,0,0,6,0,0,0,16,0,0,0,1,4,4,8,1,0,0,1,0,0,0,14
I382,0,0,42,8,1,0,2,0,0,0,6,0,0,0,16,0,0,0,1,4,4,8,1,0,0,1,0,0,0,14
I383,0,0,42,8,1,0,2,0,0,0,6,0,0,0,16,0,0,0,1,4,4,8,1,0,0,1,0,0,0,14
I384,0,0,42,8,1,0,2,0,1,0,6,14,0,0,16,2,0,0,1,4,4,8,1,0,0,1,0,s,0,14
I385,0,0,42,8,1,0,2,1,1,0,6,14,0,0,16,2,0,0,1,4,4,8,1,0,0,1,0,s,0,14
1839,0,0,d,8,1,0,2,1,1,0,6,14,0,0,16,d,0,0,1,4,4,8,d,0,0,1,0,s,0,14
1567,0,0,42,d,1,0,2,1,1,0,6,14,0,0,16,2,0,0,1,4,4,d,1,0,d,1,0,s,d,14
I388,0,0,42,8,1,0,2,0,1,2,6,14,0,0,16,2,0,0,1,4,4,8,1,0,0,1,0,s,0,14
I389,0,0,42,8,1,0,2,0,1,2,6,14,9,0,16,2,0,0,1,4,4,8,1,s,0,1,0,s,0,14
1791,0,0,42,8,1,0,d,0,1,2,d,d,d,0,16,2,0,0,1,4,4,8,1,s,0,1,d,s,0,14
1790,0,0,42,8,1,0,2,0,1,2,6,14,d,s,d,2,0,0,1,4,4,d,1,s,0,1,0,s,0,14
1699,0,d,42,8,1,0,d,d,1,d,6,14,0,0,16,2,0,0,1,4,4,d,1,0,d,1,0,s,d,14
I391,1,0,42,8,1,0,2,0,0,0,6,0,0,0,16,0,0,0,1,4,4,8,1,0,0,1,11,0,0,14
I392,1,0,42,8,1,0,2,0,0,0,6,0,0,0,16,0,0,0,1,4,4,8,1,0,0,1,11,0,0,14
1675,1,0,42,8,1,0,2,0,0,0,6,0,2,4,16,0,0,0,1,4,4,8,1,0,0,1,11,d,0,14
1740,1,d,s,8,1,3,2,0,4,d,6,0,0,0,16,d,0,0,1,d,4,8,1,0,d,1,11,0,0,14
I395,1,0,42,8,1,0,2,0,0,0,6,0,0,0,16,3,6,22,1,4,4,8,s,0,0,1,11,0,0,14
1592,1,0,d,8,d,4,d,d,0,0,6,0,8,0,16,s,6,22,1,4,4,8,s,0,d,1,11,d,0,14
1710,1,0,d,8,1,0,2,0,d,3,6,d,0,0,16,3,6,d,1,4,d,8,s,0,0,1,11,0,0,14
I398,0,0,42,8,1,0,2,0,0,0,6,0,0,0,16,0,0,0,1,4,4,8,1,0,0,1,0,0,0,14
I399,0,0,42,8,1,s,2,0,0,0,6,0,0,0,16,0,0,0,1,4,4,8,1,0,0,1,10,0,0,14
1932,0,0,d,8,1,s,2,d,d,0,6,19,2,0,16,0,d,0,1,4,4,8,1,0,d,1,10,0,d,14
1788,0,0,42,d,d,s,2,1,0,0,6,0,0,0,16,0,0,0,d,4,s,8,1,0,d,d,10,0,0,14
I406,0,0,42,8,1,0,2,0,0,5,6,0,2,0,16,0,0,25,1,4,4,8,1,0,0,1,0,0,0,14
I407,0,0,42,8,1,0,2,0,0,5,6,0,2,0,16,0,0,25,1,4,4,8,1,0,0,1,0,0,0,14
1688,0,0,42,8,d,d,2,0,d,5,6,0,2,0,16,0,0,25,1,d,4,8,d,0,0,1,0,d,0,14
1900,0,0,42,8,1,0,2,0,d,5,6,d,2,0,16,0,0,25,d,4,4,8,1,0,0,1,0,0,d,14
I410,0,0,42,8,1,0,2,0,0,5,6,0,2,0,16,0,0,25,1,4,4,8,1,0,0,1,0,0,0,14
1829,d,d,42,8,1,0,2,0,d,d,6,0,2,d,16,0,0,25,1,4,d,d,1,d,0,1,d,0,0,14
I412,0,0,42,8,1,0,2,1,1,5,6,0,2,0,s,0,0,25,1,4,4,8,1,0,0,1,0,0,0,s
1983,d,d,42,d,d,0,2,1,1,5,6,0,2,d,s,0,0,25,1,4,4,8,1,0,0,1,0,0,d,s
1982,0,0,42,8,1,0,2,d,d,5,6,0,2,0,s,0,0,d,1,4,4,8,1,0,d,1,0,0,0,s
I413,0,0,42,8,1,0,2,0,0,0,6,s,0,0,16,0,0,0,1,4,4,8,1,0,0,1,0,0,0,14
I414,0,0,42,8,1,0,s,0,0,0,6,s,0,3,16,0,s,12,s,4,s,8,1,0,0,1,0,0,0,14
I415,1,0,42,8,1,0,s,0,0,0,6,s,0,3,16,0,s,12,s,4,s,8,1,0,0,1,0,0,0,14
I416,1,0,42,8,1,0,s,0,0,3,6,s,0,3,16,0,s,12,s,4,s,8,1,0,0,1,18,0,0,14
1331,1,d,42,8,1,0,s,0,d,3,6,s,0,3,d,0,s,12,s,4,s,8,1,0,7,1,18,0,0,14
1415,1,3,42,8,d,0,s,0,19,3,6,s,0,3,16,0,s,12,s,4,s,8,1,0,0,1,18,0,d,d
I419,1,0,42,s,1,0,s,3,0,3,6,s,0,3,16,0,s,12,s,4,s,8,1,0,0,1,0,0,10,14
1290,1,d,42,s,1,0,s,3,3,3,6,s,0,d,16,0,s,12,s,4,s,8,1,0,0,1,0,d,d,14
I421,1,0,42,s,1,0,s,3,0,3,6,s,0,3,16,0,s,12,s,4,s,8,1,0,0,1,0,0,10,14
1285,1,0,42,s,1,0,s,3,0,3,6,s,d,3,16,0,s,12,s,4,s,8,1,d,0,1,0,32,10,d
1284,1,0,42,s,1,d,s,d,0,3,6,s,0,3,16,0,s,12,s,d,s,8,1,10,12,1,0,0,10,14
I422,0,0,42,8,1,0,s,1,0,s,6,s,s,3,16,0,s,12,s,4,s,8,1,0,0,1,0,4,0,14
I423,0,0,42,8,1,0,s,1,0,s,6,s,s,3,16,0,s,12,s,4,s,8,1,0,0,1,0,4,0,14
I424,0,0,42,8,1,0,s,1,0,s,6,s,s,3,16,0,s,12,s,4,s,8,1,0,0,1,0,4,0,14
1451,0,0,42,8,1,0,s,1,0,s,d,s,s,3,16,0,s,12,s,4,s,8,d,0,0,1,0,4,0,14
1450,0,0,42,8,1,0,s,1,0,s,6,s,s,3,16,0,s,12,s,4,s,8,1,0,0,1,0,4,0,14
1209,d,0,42,8,1,0,s,1,0,s,s,s,s,3,16,11,s,12,s,4,s,8,1,0,d,1,0,4,14,14
I428,0,3,42,8,1,0,s,1,0,s,6,s,s,3,16,s,s,12,s,4,s,8,1,0,0,1,0,4,0,14
1109,1,3,42,8,1,0,s,1,18,s,6,s,s,3,16,s,s,12,s,4,s,8,1,0,0,1,0,4,0,d
1108,0,d,42,8,d,5,s,d,d,s,6,s,s,3,16,s,s,12,s,4,s,d,1,0,0,1,d,4,0,14
I429,0,0,42,8,1,0,2,0,0,0,6,s,0,0,16,0,0,0,1,4,4,s,1,0,13,s,0,41,0,14
I434,1,0,42,8,1,0,2,0,3,0,6,s,0,0,16,0,0,0,1,4,4,s,1,0,13,s,0,41,3,14
1662,d,0,42,8,d,3,2,0,d,5,6,s,0,0,16,0,0,0,1,d,4,s,1,35,13,s,3,41,3,d
I436,1,0,42,8,1,3,2,0,3,0,6,s,0,0,16,0,3,0,1,4,4,s,1,0,13,s,0,41,3,14
1585,d,0,42,8,1,3,2,d,d,0,6,s,0,0,d,0,3,0,1,4,4,s,1,0,13,s,0,41,3,14
1584,1,d,42,8,1,3,2,0,3,d,6,s,0,0,16,0,3,0,1,4,4,s,d,0,13,s,d,41,3,14
I438,0,1,42,8,1,0,2,0,0,0,6,s,0,0,16,0,0,33,1,4,4,s,1,0,13,s,0,41,0,14
I439,0,1,42,8,1,0,2,0,0,0,6,s,s,3,16,0,0,33,1,4,4,s,s,0,13,s,0,41,0,14
1529,0,1,42,8,1,0,2,d,0,0,6,s,s,3,16,0,0,33,1,4,4,s,s,0,d,s,0,41,0,d
1528,0,1,42,d,1,0,2,0,0,3,6,s,s,3,16,0,0,33,1,4,4,s,s,0,13,s,0,41,0,14
1602,d,1,42,8,1,0,2,0,0,0,6,s,0,0,d,d,0,33,1,4,4,s,1,0,13,s,0,41,0,14
I444,0,3,42,8,1,0,2,0,0,0,6,0,0,0,16,0,0,0,1,4,0,8,1,0,0,0,0,0,0,14
I445,0,3,42,8,1,3,2,0,0,0,6,0,0,0,16,0,0,0,1,4,s,8,1,0,0,0,0,0,0,14
I446,0,3,42,8,1,3,2,0,0,0,6,0,0,0,16,0,0,0,1,4,s,8,1,0,0,0,0,0,0,14
I447,0,3,42,8,1,3,2,0,0,0,6,0,0,0,s,0,0,14,1,4,s,8,1,0,0,0,0,0,0,14
I448,0,3,42,8,s,3,2,1,0,0,6,0,s,0,s,0,0,14,1,4,s,8,1,0,0,0,0,0,0,14
1481,0,3,42,8,s,3,2,1,4,0,6,11,s,0,s,0,12,14,1,4,s,8,1,d,0,0,d,22,0,14
1273,0,3,42,8,s,3,2,1,0,0,6,0,s,0,s,0,0,14,d,4,s,8,d,0,0,0,0,0,0,14
I451,0,3,42,8,1,3,2,0,0,0,6,0,2,0,s,0,0,14,1,4,s,8,1,0,0,0,0,0,13,14
1143,1,d,s,8,1,3,d,0,0,0,6,0,2,0,s,d,0,14,1,4,s,8,d,0,0,0,0,20,13,14
1153,0,3,42,8,1,3,2,0,0,0,6,0,2,0,s,0,0,d,1,4,s,8,1,0,0,14,6,0,13,14
I454,1,3,42,8,1,s,2,0,0,0,6,0,2,0,16,5,0,0,1,4,s,8,1,0,0,21,0,0,0,14
I455,1,3,42,8,1,s,2,0,0,0,6,0,2,0,16,5,0,0,1,4,s,8,1,0,0,21,0,0,0,14
I456,1,3,42,8,1,s,2,0,0,0,6,0,2,0,16,5,0,0,1,4,s,8,1,0,0,21,0,0,0,14
1907,1,3,42,8,1,s,d,0,0,d,6,0,2,0,16,5,d,0,1,4,s,d,1,0,0,21,d,0,0,14
1906,d,3,42,8,1,s,2,0,0,0,6,0,d,0,16,5,0,0,1,4,s,8,1,0,12,21,0,0,0,14
1821,1,3,42,8,1,s,2,d,0,0,6,0,2,d,16,5,d,0,1,d,s,8,d,0,0,21,0,d,d,d
I460,1,3,42,8,1,s,2,0,0,0,6,2,2,0,16,5,0,0,1,4,s,8,1,2,0,21,16,0,0,s
1875,d,3,42,8,1,s,d,0,0,0,6,2,d,0,16,5,0,0,1,4,s,8,1,2,0,d,16,0,0,s
1874,1,3,42,8,1,s,2,0,0,0,6,2,2,d,16,5,d,0,1,d,s,d,1,2,0,21,d,0,d,s
I461,0,3,42,8,1,3,2,0,0,0,6,0,0,0,16,0,0,0,1,4,s,8,1,0,0,0,0,0,13,14
I462,0,3,42,8,1,3,2,0,10,0,6,0,0,0,16,0,0,0,1,4,s,8,1,0,0,14,0,10,13,14
1564,0,3,42,8,1,3,2,1,d,0,6,0,d,0,d,0,41,1,1,d,s,8,d,0,0,14,11,d,d,s
I466,0,3,42,8,1,3,2,0,10,0,6,0,0,0,16,0,0,0,1,4,s,8,s,0,8,14,0,10,13,14
I467,0,3,42,8,1,3,2,1,10,0,6,0,0,0,16,0,0,0,1,4,s,8,s,0,8,14,0,10,13,14
1891,0,d,42,8,1,3,2,d,d,0,6,0,0,0,d,0,0,0,1,4,s,8,s,0,8,14,0,10,13,14
1890,0,3,d,d,d,3,2,1,d,0,6,0,0,0,16,d,d,0,1,4,s,8,s,0,8,14,d,d,13,14
1771,0,3,42,d,1,3,d,0,10,d,6,0,0,0,16,d,0,0,1,4,s,8,s,0,8,14,0,10,13,d
I469,0,3,42,8,1,3,2,0,0,0,6,0,0,0,16,0,0,0,1,4,s,8,1,0,s,0,0,0,13,14
I470,0,3,42,8,1,3,2,0,0,0,6,0,0,0,16,0,0,0,1,4,s,8,1,0,s,0,25,0,13,14
I471,0,3,42,8,1,3,2,0,0,0,6,0,0,s,16,0,0,0,1,4,s,8,1,0,s,0,25,0,13,14
1653,0,3,d,8,1,3,2,0,0,d,6,0,0,s,16,0,0,0,1,4,s,8,d,0,s,0,25,0,13,14
1652,0,3,42,8,1,3,2,0,0,0,6,0,0,s,16,0,0,0,1,4,s,d,1,0,s,0,25,0,13,d
I472,0,3,42,8,1,3,2,0,0,0,6,0,2,0,16,0,0,0,1,4,s,8,1,0,s,0,25,5,13,14
1619,d,3,42,8,d,d,d,0,0,0,6,0,2,0,16,d,0,0,1,4,s,8,1,d,s,0,25,5,13,14
1618,d,d,42,8,1,3,2,0,0,0,6,0,2,0,16,0,d,0,1,4,s,8,1,0,s,0,25,5,13,d
I473,0,3,42,8,1,3,2,0,0,0,6,0,2,0,16,0,0,0,1,4,s,8,1,0,s,0,0,0,13,14
I474,0,3,42,8,1,3,2,0,0,0,6,0,2,0,16,0,0,0,1,4,s,8,1,0,s,0,25,0,13,14
1853,0,3,42,8,1,d,2,0,0,0,6,0,2,0,16,0,0,d,1,4,s,8,1,0,s,0,25,0,13,14
1852,0,3,d,d,1,3,2,0,0,0,6,0,2,0,d,0,0,0,1,4,s,d,1,0,s,0,25,0,13,14
I475,0,3,42,8,1,3,2,0,0,0,6,0,2,0,16,0,0,0,1,4,s,8,1,0,s,0,0,0,13,14
1915,0,3,42,8,d,3,2,0,0,0,6,0,2,0,16,0,0,0,1,4,s,d,1,0,s,0,0,0,13,14
1914,0,3,42,8,1,d,2,0,0,0,6,0,2,0,16,0,0,0,1,d,s,8,d,d,s,0,0,0,13,14
I476,0,3,42,8,1,0,2,0,0,0,6,0,0,0,16,0,0,0,1,4,0,8,1,0,0,0,s,0,0,14
I477,0,3,42,8,1,3,2,0,0,0,6,0,0,0,16,0,0,0,1,4,0,8,1,0,0,0,s,0,0,14
I478,0,3,42,8,1,3,2,0,0,0,6,0,0,0,16,0,0,0,1,4,0,8,1,0,0,0,s,0,0,14
1609,0,3,42,8,1,3,2,0,15,0,6,0,d,0,d,0,17,0,1,d,0,8,1,5,0,d,s,0,13,14
I483,s,3,42,8,1,3,2,4,0,0,6,0,0,0,16,0,37,0,1,4,0,8,1,5,0,0,s,0,0,14
1825,s,3,42,8,1,3,2,4,0,0,6,0,0,d,d,0,37,0,1,4,0,8,1,5,0,0,s,0,0,14
1824,s,d,42,8,1,3,2,4,0,0,6,0,0,0,16,d,d,0,1,d,0,8,1,5,d,0,s,0,0,14
I485,0,3,42,8,1,3,2,0,0,3,6,0,0,0,16,0,0,0,1,4,0,8,1,0,0,0,s,0,13,14
I487,0,3,42,8,1,3,2,0,6,3,6,0,2,0,16,0,s,5,1,4,0,8,1,0,12,0,s,0,13,14
1809,0,d,42,8,d,3,2,0,6,3,d,0,2,0,16,0,s,5,1,4,0,8,1,0,d,0,s,d,13,14
1808,d,3,42,8,1,3,2,d,6,3,d,0,2,d,16,0,s,5,1,4,0,8,1,0,12,0,s,0,13,14
I489,0,3,42,8,1,3,2,0,0,3,6,0,0,0,16,0,0,0,1,4,0,8,1,0,0,0,s,0,13,14
1750,0,3,42,8,d,d,2,0,0,3,6,0,0,d,16,11,0,0,1,4,0,8,1,12,0,0,s,0,13,14
I491,1,3,42,8,1,3,2,0,0,3,6,0,0,0,16,0,0,0,1,4,0,8,1,8,0,0,s,0,13,14
1969,1,3,42,8,1,3,2,0,0,3,6,d,0,0,16,0,0,d,1,4,0,8,1,8,0,0,s,0,13,14
1968,1,3,42,d,1,3,2,0,0,d,6,0,0,0,d,0,0,0,1,4,0,8,1,d,0,0,s,0,13,d
I492,0,3,42,8,1,0,2,0,0,0,6,0,0,0,16,11,0,0,1,4,1,8,1,0,0,0,s,0,0,14
I493,0,3,42,8,1,3,2,0,0,0,6,0,0,0,16,11,0,0,1,4,1,8,1,0,0,0,s,0,0,14
I494,0,3,42,8,1,s,2,0,0,0,6,0,0,0,16,11,0,0,1,4,1,8,1,0,0,0,s,0,0,14
I495,0,3,42,8,1,s,2,0,0,0,6,0,0,0,16,11,0,0,1,4,1,8,1,0,0,0,s,0,0,14
1865,d,3,d,8,1,s,2,0,0,0,d,0,0,0,16,11,0,0,1,d,1,8,1,0,0,0,s,0,d,d
1864,0,d,42,d,1,s,2,0,0,0,6,0,0,0,16,11,0,d,1,4,1,8,1,0,0,0,s,0,0,14
I496,0,3,42,8,1,s,2,0,0,0,6,40,0,0,16,11,0,0,1,4,1,8,s,0,0,0,s,0,0,14
1959,0,3,42,8,1,s,2,d,d,0,d,40,0,0,16,11,0,0,1,4,1,8,s,0,d,0,s,0,0,14
1958,0,3,42,8,1,s,2,0,10,0,6,40,0,0,16,11,0,0,1,4,1,8,s,0,0,0,s,0,0,14
I497,0,3,42,8,1,3,2,0,s,0,6,0,0,0,16,11,0,0,1,4,1,8,1,0,0,0,s,0,0,14
1611,0,3,42,8,1,3,2,d,s,0,6,0,0,3,16,11,0,8,1,4,1,8,1,d,0,0,s,d,0,14
I499,0,3,42,8,1,3,2,0,s,0,6,22,0,0,16,11,0,0,1,4,1,8,1,0,0,0,s,0,17,14
1479,0,3,42,8,1,d,2,0,s,0,d,22,d,0,16,d,0,0,1,4,d,8,1,0,0,0,s,0,d,14
1478,0,3,42,d,1,3,2,0,s,d,6,22,0,0,16,11,0,0,d,4,d,8,d,0,0,0,s,0,17,14
I500,0,3,42,8,1,3,2,s,0,0,6,0,0,0,16,11,0,0,1,4,1,8,1,0,0,0,s,0,0,s
2041,0,d,d,8,1,3,2,s,0,0,d,0,0,0,16,d,0,3,1,4,1,8,1,0,0,2,s,0,0,s
I506,1,3,42,8,1,3,2,s,0,0,6,0,0,0,16,11,0,s,1,4,1,8,1,0,0,0,s,s,0,s
1905,1,3,42,8,1,3,d,s,0,0,6,0,0,0,16,d,0,s,1,d,1,8,1,0,0,d,s,s,0,s
1904,1,3,42,8,1,3,2,s,0,0,6,20,0,0,16,11,0,s,1,4,1,8,1,0,d,0,s,s,0,s
I507,0,0,0,0,3,0,2,0,0,0,0,0,0,0,0,0,17,0,0,0,0,0,1,0,0,0,0,s,0,14
I508,0,0,0,0,s,3,2,0,22,0,10,0,0,0,0,0,17,0,0,0,0,0,1,0,8,0,0,s,0,14
I509,0,0,6,0,s,3,2,0,22,0,10,0,0,0,0,0,17,0,4,0,0,0,1,0,8,0,0,s,13,14
I510,0,0,6,0,s,3,2,1,22,3,10,0,0,0,0,s,17,0,4,0,0,0,1,0,8,0,0,s,13,14
I511,0,3,6,0,s,3,2,1,22,3,10,25,0,0,0,s,17,0,4,0,0,0,1,0,8,0,0,s,13,14
I512,0,3,6,0,s,3,2,1,22,3,10,25,0,0,0,s,17,0,4,0,0,0,1,0,8,0,0,s,13,14
I513,0,3,6,0,s,3,2,1,22,3,10,25,5,0,0,s,17,0,4,0,0,0,1,0,8,0,0,s,13,14
I515,0,3,6,0,s,3,2,1,22,3,10,25,5,0,0,s,17,15,4,0,0,0,1,29,8,0,0,s,13,14
1067,0,3,6,0,s,d,2,1,22,3,10,25,5,4,0,s,s,15,d,0,0,0,1,29,8,0,0,s,13,14
1066,0,3,6,0,s,3,2,d,22,3,10,d,5,5,d,s,17,d,4,0,0,d,1,29,8,0,0,s,13,14
1106,0,3,6,0,s,d,d,1,22,3,10,25,5,3,10,s,17,0,4,0,0,0,1,d,8,0,0,s,13,14
I520,0,3,6,15,s,3,2,1,22,3,10,25,0,0,0,s,17,0,4,0,s,0,1,15,8,0,0,s,13,14
I521,0,3,6,15,s,3,2,1,22,3,10,25,0,3,0,s,17,0,4,0,s,0,1,15,8,0,0,s,13,14
I522,0,3,6,15,s,3,2,1,22,3,10,25,0,3,0,s,17,0,4,0,s,0,1,15,8,13,0,s,13,14
1323,0,3,6,15,s,3,2,1,22,d,10,25,0,3,0,s,17,0,4,0,s,0,d,15,d,13,0,s,13,14
1322,0,3,6,15,s,3,2,1,22,3,10,25,0,3,0,s,17,0,4,0,s,0,d,d,8,13,10,s,13,14
1257,0,3,6,15,s,3,s,1,22,3,10,25,0,3,s,s,d,0,4,0,s,0,1,d,8,0,0,s,13,14
I524,0,3,6,15,s,3,2,1,22,3,10,25,0,0,0,s,17,0,4,4,s,0,1,15,8,0,0,s,13,14
1355,0,3,d,15,s,3,d,1,22,d,10,s,s,d,0,s,17,0,d,4,s,0,d,d,8,0,d,s,13,14
1586,s,3,6,d,s,3,2,1,22,3,10,25,2,0,0,s,17,d,4,d,s,0,1,15,8,d,0,s,13,d
I527,0,3,6,0,s,3,2,1,22,3,10,25,0,0,0,s,17,0,4,0,0,0,1,0,8,0,0,s,13,14
I528,0,3,6,0,s,3,2,1,22,3,10,25,0,0,0,s,17,0,4,0,0,0,1,0,8,0,0,s,13,s
1380,0,3,6,0,s,3,d,d,22,3,d,d,5,d,0,s,17,0,4,0,0,0,1,0,s,0,s,s,13,s
1392,0,3,6,0,s,3,2,1,22,3,d,25,0,0,0,s,17,2,4,0,4,0,1,0,d,0,0,s,13,s
I535,0,3,6,0,s,3,2,1,22,3,10,25,0,0,0,s,17,0,4,0,0,0,1,0,8,0,0,s,13,14
1236,0,3,6,d,s,s,2,1,22,3,d,25,d,3,0,s,17,1,d,0,0,s,1,0,8,2,0,s,d,14
1175,0,3,6,0,s,3,2,d,22,3,10,d,5,0,0,s,17,11,4,0,0,0,1,0,8,0,0,s,d,14
I542,1,0,6,0,s,3,2,1,22,3,10,0,0,0,0,s,17,0,4,0,s,0,1,0,8,0,0,s,13,14
I543,1,0,6,0,s,3,2,1,22,3,10,0,0,0,0,s,17,0,4,0,s,0,1,0,8,0,0,s,13,14
I544,1,0,6,5,s,3,2,1,22,3,10,0,0,0,13,s,17,0,4,0,s,0,1,0,8,0,0,s,13,14
I545,1,0,6,5,s,3,2,1,22,3,10,0,0,0,13,s,17,0,4,s,s,0,1,0,8,0,0,s,13,14
1183,1,0,6,5,s,3,2,1,22,3,10,0,d,0,13,s,d,0,4,s,s,0,1,0,s,d,0,s,13,14
1083,d,0,6,s,s,3,2,1,22,3,10,0,6,0,13,s,17,0,4,s,s,0,1,0,8,0,d,s,d,14
I549,1,0,6,5,s,3,2,1,22,3,10,0,3,0,13,s,17,0,4,4,s,0,1,0,8,0,0,s,13,14
1047,1,0,6,5,s,3,2,d,22,3,10,0,3,0,d,s,17,0,4,4,s,d,1,0,8,d,0,s,13,d
2047,1,0,6,5,s,d,2,1,22,d,10,0,d,0,13,s,17,0,4,4,s,0,1,0,8,0,0,s,13,14
I552,1,0,6,0,s,3,2,s,22,3,10,0,0,0,s,s,17,0,4,0,s,0,1,15,8,0,0,s,13,14
1089,1,0,6,12,s,3,2,s,22,3,10,d,0,0,s,s,17,s,s,0,s,0,1,15,8,0,0,s,13,14
I557,1,0,6,6,s,3,2,s,22,3,10,0,s,0,s,s,17,0,4,0,s,0,1,15,8,0,0,s,13,14
1267,1,0,6,6,s,3,2,s,22,3,10,0,s,0,s,s,17,0,4,d,s,0,1,15,8,0,0,s,d,14
1266,1,0,6,6,s,3,2,s,22,3,10,0,s,0,s,s,17,d,d,0,s,0,1,15,d,0,0,s,13,14
I561,1,0,6,0,s,3,2,1,22,3,10,0,0,0,0,s,17,0,4,0,s,0,1,0,8,0,0,s,13,14
I562,1,0,6,0,s,3,2,1,22,3,10,0,0,0,0,s,17,0,4,0,s,8,1,0,8,0,0,s,13,14
I563,1,0,6,16,s,3,2,1,22,3,10,0,0,0,s,s,17,0,4,0,s,8,1,0,8,0,0,s,13,14
I564,1,0,6,16,s,3,2,1,22,3,10,0,0,0,s,s,17,0,4,0,s,8,1,0,8,0,0,s,13,14
1195,1,0,6,16,s,3,2,1,22,3,10,0,0,0,s,s,17,0,4,1,s,d,1,0,8,0,d,s,13,14
1194,1,d,6,16,s,3,2,s,22,3,10,0,0,0,s,s,17,0,4,0,s,8,1,0,8,0,d,s,13,14
1169,1,d,6,16,s,3,2,1,22,3,d,6,d,0,s,s,d,0,4,0,s,8,1,0,8,d,0,s,13,d
1517,1,0,6,0,s,3,d,1,22,3,10,0,0,0,d,s,17,d,4,0,s,8,d,0,8,0,4,s,d,14
I573,1,s,6,0,s,3,2,1,22,3,10,0,2,0,0,s,17,0,4,0,s,0,1,0,8,21,0,s,13,14
1550,1,s,6,0,s,3,2,1,22,3,10,0,2,0,3,s,17,15,4,0,s,0,1,0,8,21,0,s,13,14
I575,1,s,6,15,s,3,2,1,22,3,10,0,2,0,0,s,17,0,4,0,s,0,1,0,8,21,0,s,13,14
1197,1,s,6,15,s,d,2,1,22,d,10,0,2,0,0,s,17,0,4,d,s,0,1,0,8,21,0,s,13,14
1196,1,s,6,15,s,3,2,1,22,3,10,0,2,d,0,s,17,0,4,0,s,0,1,0,d,21,0,s,13,14
I576,0,0,6,0,s,3,2,0,22,0,10,0,0,0,0,0,17,0,4,0,0,0,1,0,8,0,0,s,13,14
I577,0,0,6,0,s,3,2,0,22,0,10,0,0,0,22,0,17,0,4,0,0,0,1,0,8,0,3,s,13,14
I578,0,0,6,0,s,3,2,0,22,0,10,0,0,0,22,0,17,0,4,0,0,0,1,0,8,0,s,s,13,14
I579,0,0,6,0,s,3,2,0,22,0,10,0,0,5,22,0,17,0,4,0,0,0,1,0,8,0,s,s,13,14
1834,0,d,6,0,s,3,2,1,22,0,d,0,0,5,22,0,17,d,4,0,0,3,d,0,8,0,s,s,13,14
I583,0,0,6,12,s,3,2,0,22,0,10,0,0,5,22,0,17,0,4,0,0,0,1,0,8,0,s,s,13,14
1948,1,0,6,12,s,d,2,0,22,d,10,d,0,5,22,0,d,0,4,0,3,0,1,d,8,2,s,s,13,14
I585,0,0,6,12,s,3,2,0,22,3,10,0,0,5,22,0,17,0,4,0,0,0,1,0,8,0,s,s,13,14
1749,d,0,d,12,s,3,2,0,22,3,10,0,d,5,d,0,17,d,4,0,0,d,1,0,d,d,s,s,13,14
1748,0,0,d,12,s,3,d,0,22,3,10,0,0,5,22,0,d,0,4,0,0,d,1,0,8,0,s,s,13,d
I586,0,0,6,0,s,3,2,0,22,0,10,0,0,0,22,0,17,0,4,0,0,0,1,0,8,3,s,s,13,14
I587,0,0,6,0,s,3,s,0,22,0,10,0,0,0,22,0,17,0,4,0,0,0,1,28,8,3,s,s,13,14
I588,0,s,6,0,s,3,s,s,22,0,10,0,0,0,22,0,17,0,4,0,0,0,1,28,8,3,s,s,13,14
1269,d,s,d,0,s,3,s,s,22,0,s,0,0,0,22,14,17,0,4,0,d,d,1,28,8,3,s,s,13,14
1268,0,s,6,s,s,3,s,s,22,0,10,d,0,0,d,0,17,0,4,d,0,6,1,d,8,3,s,s,d,14
1177,1,0,6,0,s,d,s,0,22,0,10,0,0,0,22,11,17,0,4,0,0,0,1,28,8,d,s,s,13,d
1910,0,3,6,3,s,3,2,0,22,9,10,s,2,0,22,d,17,33,d,d,0,0,1,d,8,3,s,s,13,14
I593,0,0,6,12,s,3,2,0,22,0,10,0,0,0,22,0,17,0,4,0,0,0,1,0,8,0,s,s,13,14
I594,0,0,6,12,s,3,2,0,22,3,10,0,0,3,22,11,17,0,4,0,0,0,1,0,8,0,s,s,13,14
I596,0,0,6,12,s,3,2,0,22,3,10,20,6,3,22,11,17,0,4,0,3,2,1,0,8,0,s,s,13,14
1199,0,d,6,12,s,d,2,0,22,3,10,20,6,3,22,11,17,22,4,0,3,2,1,0,8,d,s,s,13,14
1198,0,0,6,12,s,3,2,0,22,3,10,20,6,d,22,11,d,0,4,d,3,d,1,0,8,0,s,s,13,d
I600,0,0,6,12,s,3,2,0,22,3,10,0,0,3,22,11,17,0,4,4,0,0,1,35,8,0,s,s,13,14
1217,0,0,d,d,s,3,2,0,22,3,d,30,0,3,22,11,17,s,d,4,0,0,1,35,8,0,s,s,13,d
I602,0,3,6,12,s,3,2,1,22,3,10,0,0,3,22,11,17,0,4,4,0,0,1,35,8,0,s,s,13,14
1327,0,3,6,12,s,3,2,d,d,3,10,0,0,3,22,11,17,0,4,d,d,0,1,35,8,0,s,s,13,14
1326,d,3,6,12,s,3,2,1,22,s,10,d,0,3,22,11,17,0,d,4,0,0,1,35,8,0,s,s,13,d
I603,0,0,6,12,s,3,2,0,22,0,10,0,0,0,22,0,17,0,4,0,0,0,1,32,8,0,s,s,13,14
I604,0,0,6,12,s,3,2,0,22,0,10,0,0,0,22,0,17,0,4,4,0,0,1,32,8,0,s,s,13,14
1418,0,0,6,s,s,3,d,0,22,d,10,0,0,0,d,0,d,0,4,4,0,0,1,32,8,0,s,s,d,14
1086,1,d,s,12,s,3,2,0,d,0,d,d,0,0,22,0,17,0,4,4,0,0,s,32,8,0,s,s,13,d
I607,0,0,6,12,s,3,2,0,22,0,10,0,0,0,22,0,17,0,4,0,0,0,1,32,8,0,s,s,13,14
1206,0,0,6,12,s,3,2,0,d,d,10,0,0,0,d,d,17,33,4,d,0,0,1,32,8,0,s,s,s,14
1178,d,3,d,12,s,3,2,0,22,d,d,0,6,0,22,0,17,0,4,0,d,19,1,32,8,0,s,s,13,14
I610,0,0,6,0,s,3,2,0,22,0,10,0,0,3,0,0,17,0,4,0,0,4,1,0,8,0,0,s,13,s
I611,1,0,6,0,s,3,2,0,22,0,10,0,0,3,0,0,17,s,4,0,0,4,1,0,8,3,0,s,13,s
I612,1,s,6,0,s,3,2,0,22,0,10,0,0,3,0,0,17,s,4,0,0,4,1,0,8,3,0,s,13,s
I613,1,s,6,0,s,3,s,0,22,0,10,0,0,3,0,0,17,s,4,2,0,4,1,0,8,3,0,s,13,s
I614,1,s,6,0,s,3,s,0,22,0,10,0,0,3,0,0,17,s,4,2,0,4,1,0,8,3,0,s,13,s
1643,1,s,6,0,s,3,s,0,22,0,10,0,0,3,0,0,17,s,4,2,0,4,1,0,8,3,0,s,13,s
1642,1,s,6,0,s,3,s,0,22,0,d,0,d,3,0,0,17,s,d,2,7,s,1,0,d,3,0,s,13,s
1382,1,s,6,d,s,3,s,d,22,0,d,0,d,3,d,0,17,s,4,2,1,4,1,d,8,3,11,s,13,s
I617,1,s,6,0,s,3,2,0,s,0,10,20,0,3,0,6,17,s,4,0,0,4,1,0,s,3,0,s,13,s
1453,1,s,6,0,s,3,2,0,s,0,10,20,0,3,0,6,17,s,4,0,0,d,1,0,s,3,d,s,13,s
1452,1,s,6,0,s,3,2,d,s,0,d,20,0,3,0,d,d,s,4,0,0,4,1,0,s,3,0,s,d,s
1398,1,0,6,16,s,3,2,0,22,0,10,0,0,3,0,5,17,s,4,0,0,4,1,0,8,3,1,s,13,s
I626,0,0,6,0,s,3,2,3,22,0,10,0,0,3,0,0,17,0,4,0,s,4,1,0,8,0,0,s,13,s
I627,0,3,6,0,s,3,2,3,22,0,10,0,0,3,0,0,17,0,4,0,s,4,1,0,8,0,0,s,13,s
1316,0,3,6,0,s,3,2,3,22,8,10,0,0,3,34,0,17,0,4,0,s,4,1,0,8,0,d,s,13,s
1413,0,3,6,0,s,3,2,3,22,0,10,0,0,3,0,0,17,0,4,d,s,4,1,5,8,0,0,s,13,s
I634,0,0,6,0,s,3,2,3,22,0,10,41,0,3,0,0,17,0,4,0,s,4,1,0,8,0,0,s,13,s
I637,0,0,6,0,s,3,2,3,22,0,10,41,2,3,0,0,17,0,4,0,s,4,1,0,8,1,10,s,s,s
1485,0,3,6,0,s,3,2,3,22,0,10,d,2,3,0,0,17,11,4,0,s,4,1,0,8,1,10,s,s,s
1484,0,d,6,0,s,3,2,3,d,0,10,41,2,3,0,0,17,0,4,0,s,4,d,0,8,1,10,s,s,s
I638,0,0,6,2,s,3,2,3,22,0,10,41,0,3,0,0,17,0,4,0,s,4,1,0,8,31,0,s,13,s
I639,0,3,6,2,s,3,2,3,22,8,10,41,0,3,1,0,17,0,4,0,s,4,1,0,8,31,0,s,13,s
1469,0,3,6,2,s,3,2,3,22,8,10,41,0,3,1,0,d,0,4,0,s,4,1,0,8,31,0,s,d,s
1468,d,3,d,2,s,3,2,3,22,8,10,41,0,3,1,0,17,0,4,0,s,d,d,d,8,31,0,s,13,s
1350,0,0,6,2,s,d,d,3,s,0,10,d,d,d,d,0,17,31,4,d,s,4,1,0,8,31,3,s,13,s
I641,0,0,0,0,s,3,2,3,22,0,10,0,0,0,0,0,17,0,0,0,0,0,s,0,8,0,0,s,0,14
I642,0,0,0,0,s,3,2,3,22,0,10,2,0,0,0,3,s,0,0,0,0,0,s,0,8,0,0,s,0,14
I643,0,0,0,0,s,3,2,3,22,0,10,2,0,0,5,3,s,0,0,0,0,0,s,0,8,0,0,s,0,14
I644,0,0,0,0,s,3,2,3,22,0,10,2,0,0,5,3,s,0,0,0,0,0,s,0,8,0,4,s,0,14
I645,0,0,0,0,s,3,2,3,22,0,10,2,0,0,5,3,s,0,0,0,4,0,s,0,8,0,4,s,0,14
I646,0,0,0,0,s,3,2,3,22,0,10,2,0,0,5,3,s,0,0,0,4,0,s,0,8,0,4,s,7,14
1882,d,3,41,0,s,3,2,3,22,0,10,2,0,0,5,3,s,0,0,d,4,2,s,0,8,0,4,s,7,14
1860,1,3,0,1,s,3,2,d,22,0,10,2,0,2,5,3,s,0,1,0,4,0,s,7,8,0,4,s,7,14
I649,0,0,1,0,s,3,2,3,22,0,10,2,10,0,5,s,s,0,s,0,4,0,s,0,8,0,4,s,0,14
1818,0,0,1,s,s,3,2,3,22,0,10,d,10,d,5,s,s,0,s,d,4,0,s,0,8,d,4,s,0,14
1559,0,0,1,5,s,3,2,3,22,0,10,2,10,d,5,s,s,0,s,0,4,d,s,d,8,22,4,s,0,d
I652,0,3,0,0,s,3,2,3,22,0,10,2,0,0,5,3,s,0,0,0,0,0,s,0,8,14,4,s,0,14
I653,0,3,0,0,s,3,2,3,22,0,10,2,0,0,5,3,s,s,1,0,1,0,s,0,8,14,4,s,0,14
I654,0,3,0,0,s,3,2,3,22,0,10,2,0,0,5,3,s,s,1,0,1,0,s,0,8,14,4,s,0,14
1289,0,3,0,0,s,d,2,3,22,3,10,2,0,0,5,3,s,s,1,d,1,0,s,d,8,14,4,s,0,14
1288,0,d,0,d,s,3,2,3,22,0,10,2,0,0,5,3,s,s,1,d,1,0,s,0,8,d,4,s,0,d
I655,0,3,0,0,s,3,2,3,22,3,10,2,0,5,5,3,s,s,1,0,1,0,s,0,8,14,4,s,0,14
1519,0,3,0,0,s,3,d,3,22,3,10,2,0,d,5,3,s,s,1,0,1,0,s,1,8,14,4,s,0,d
1518,0,3,0,7,s,3,2,3,22,3,10,2,0,5,5,3,s,s,1,0,1,0,s,0,8,14,4,s,0,14
I656,0,3,0,0,s,3,2,3,22,0,10,2,0,0,5,3,s,1,0,0,0,0,s,0,8,14,4,s,0,14
I657,1,3,0,0,s,3,2,3,22,0,10,2,0,0,5,3,s,1,0,0,0,0,s,31,8,14,4,s,0,14
1637,1,3,0,0,s,3,2,3,22,0,10,d,0,0,5,3,s,1,0,0,0,d,s,31,8,14,4,s,0,14
1636,1,3,0,0,s,3,d,3,22,0,10,2,0,0,d,d,s,1,0,0,0,0,s,31,8,14,4,s,0,14
1700,0,3,d,0,s,3,2,3,22,0,10,2,0,0,5,d,s,1,1,0,0,0,s,0,8,14,4,s,0,14
I659,1,0,0,0,s,3,2,3,22,0,10,2,0,0,5,3,s,0,0,0,0,0,s,0,8,0,0,s,0,14
I661,1,0,0,0,s,3,2,3,22,0,10,2,0,0,5,3,s,0,0,0,0,0,s,0,8,25,0,s,0,14
I662,1,1,0,0,s,3,2,3,22,0,10,2,0,0,5,3,s,0,0,0,0,0,s,0,8,25,0,s,13,14
1229,1,d,0,0,s,3,2,3,22,s,10,d,0,s,5,3,s,0,0,0,d,0,s,0,8,d,s,s,13,14
1228,1,d,0,0,s,3,2,3,22,0,10,d,0,d,5,3,s,0,0,0,d,0,s,0,8,25,0,s,13,14
1221,1,0,0,d,s,3,2,d,22,d,10,2,0,0,5,3,s,s,0,4,0,0,s,0,d,25,11,s,d,14
I667,1,0,0,0,s,3,2,3,22,0,10,s,0,0,5,3,s,5,0,0,0,0,s,0,8,0,0,s,0,14
1621,1,0,0,0,s,3,d,3,d,d,10,s,0,0,5,d,s,5,0,0,0,0,s,0,d,0,0,s,0,14
I671,1,0,0,0,s,3,2,3,22,0,10,s,0,0,5,3,s,5,0,2,0,0,s,0,8,0,0,s,0,14
I672,1,0,0,0,s,3,2,3,22,0,10,s,0,0,5,3,s,5,0,2,0,0,s,0,8,1,0,s,0,14
1631,1,0,d,0,s,3,2,3,22,0,10,s,0,0,5,3,s,5,d,2,d,d,s,0,8,1,0,s,0,14
1630,1,0,0,0,s,d,2,3,22,0,10,s,0,3,5,3,s,5,0,2,0,d,s,0,8,1,0,s,0,14
1778,1,0,0,d,s,3,2,3,22,0,10,s,0,0,5,3,s,5,0,2,0,0,s,0,d,d,d,s,0,d
I674,1,0,0,0,s,3,2,3,22,0,10,2,0,0,0,3,s,0,0,0,0,0,s,0,8,0,0,s,0,14
I675,1,0,0,0,s,3,2,3,22,0,10,2,0,0,0,3,s,0,0,0,0,0,s,0,8,0,0,s,13,14
I676,1,0,0,s,s,3,2,3,22,0,10,2,0,0,0,3,s,0,0,0,0,0,s,0,8,0,0,s,13,14
I677,1,0,0,s,s,3,2,3,22,0,10,2,0,0,0,3,s,0,0,0,4,0,s,0,8,0,0,s,13,14
1541,1,0,d,s,s,3,2,3,22,0,10,2,0,0,0,3,s,0,0,0,4,0,s,0,8,0,0,s,13,14
1465,1,0,0,s,s,d,2,3,22,0,d,d,0,0,0,3,s,3,0,0,4,0,s,0,8,d,0,s,13,d
1297,1,d,0,s,s,3,2,3,d,0,10,d,d,0,0,d,s,3,0,d,0,s,s,d,8,0,d,s,d,14
I683,1,0,0,0,s,3,2,3,22,0,10,2,0,0,0,3,s,0,0,0,0,0,s,0,8,0,0,s,13,14
I684,1,0,0,0,s,3,2,3,22,0,10,2,0,0,0,3,s,0,0,0,0,0,s,5,8,0,0,s,13,14
1855,1,0,0,0,s,3,s,s,22,0,d,2,0,0,0,3,s,0,s,0,0,d,s,5,8,0,0,s,13,14
1795,1,0,0,0,s,3,2,3,22,0,10,2,0,d,d,3,s,0,0,0,4,0,s,5,8,0,0,s,13,14
I687,1,3,0,0,s,3,2,3,22,0,10,2,2,0,0,3,s,0,0,4,0,20,s,0,8,0,0,s,13,14
1531,1,3,0,0,s,3,2,3,d,0,10,2,2,0,0,3,s,0,0,4,0,d,s,1,d,0,0,s,13,d
1527,1,d,0,0,s,3,d,3,d,0,10,2,2,0,14,3,s,0,d,4,0,20,s,0,8,0,d,s,13,14
I690,1,0,0,0,s,3,2,3,22,0,10,2,0,0,0,3,s,0,0,0,0,0,s,0,8,0,0,s,0,14
I691,1,0,0,0,s,3,2,3,22,0,10,2,0,0,0,3,s,0,0,2,0,0,s,0,8,0,0,s,0,14
I692,1,0,0,0,s,3,2,3,22,0,10,2,2,3,0,3,s,0,0,2,0,0,s,7,8,0,0,s,0,14
1148,1,0,31,0,s,3,d,3,d,s,s,2,2,3,0,3,s,0,d,d,d,d,s,7,8,0,0,s,0,d
1188,s,0,19,d,s,3,2,3,d,s,10,2,2,3,0,3,s,0,0,2,0,0,s,7,8,0,0,s,13,14
I695,1,0,0,0,s,3,2,3,22,0,10,2,2,0,1,3,s,0,0,2,0,1,s,0,8,0,0,s,0,s
1462,1,0,30,s,s,3,d,3,22,0,10,2,2,0,1,d,s,0,1,s,0,1,s,0,8,0,24,s,0,s
1510,1,0,d,d,s,3,2,3,22,0,10,2,2,0,d,3,s,0,0,d,0,1,s,d,8,31,16,s,0,s
1356,1,0,0,0,s,3,d,3,22,0,10,2,0,0,4,s,s,0,0,0,7,0,s,0,8,0,0,s,13,14
I705,1,0,0,11,s,3,2,3,22,0,10,0,0,0,0,0,17,12,0,0,0,0,s,0,8,0,0,s,0,14
I706,1,0,0,11,s,3,2,3,22,0,10,0,0,0,0,0,17,12,0,0,0,0,s,0,8,22,0,s,0,14
I707,1,0,0,11,s,3,2,3,22,0,10,0,0,0,0,0,17,12,0,0,0,0,s,0,8,22,6,s,0,14
I708,1,0,0,11,s,3,2,3,22,0,10,0,0,0,0,0,17,12,0,0,0,22,s,0,8,22,6,s,0,14
1555,1,0,40,d,s,3,2,3,22,0,10,32,0,d,0,d,17,12,0,0,0,22,s,0,8,22,6,s,8,14
I713,1,0,6,11,s,3,2,3,22,0,10,0,0,5,s,0,17,12,0,0,0,22,s,10,8,22,6,s,0,14
1387,1,0,6,11,s,3,2,3,22,0,d,0,0,5,s,0,17,d,1,d,0,d,s,10,8,d,d,s,0,14
1386,1,0,6,11,s,3,2,3,22,0,10,0,0,5,s,0,17,d,0,0,0,22,s,10,d,22,6,s,0,14
I715,1,0,0,11,s,3,2,3,22,0,10,0,0,0,0,0,17,12,0,0,0,1,s,0,8,22,6,s,0,14
I716,1,0,0,11,s,3,2,3,22,0,10,0,0,0,0,0,17,12,0,0,0,1,s,0,8,22,6,s,8,14
1723,1,0,0,11,s,d,2,3,22,0,10,0,2,0,0,0,17,12,0,0,0,1,s,0,8,d,d,s,8,d
I718,1,0,0,11,s,3,2,3,22,0,10,0,0,0,0,0,17,12,0,0,0,1,s,0,8,22,s,s,8,14
1817,1,0,0,11,s,3,2,3,22,0,10,0,0,0,0,0,17,12,0,0,0,1,s,0,8,22,s,s,8,d
1816,1,d,0,11,s,3,2,3,22,0,10,0,0,d,0,0,17,12,d,2,0,1,s,0,8,22,s,s,8,14
I719,1,0,47,11,s,3,2,3,22,0,10,0,0,0,0,0,17,12,0,0,0,1,s,0,8,22,6,s,0,14
1857,1,0,47,11,s,3,2,3,22,0,10,0,d,3,0,0,17,12,0,d,0,1,s,0,s,s,6,s,0,14
I721,1,0,47,11,s,3,2,3,22,0,10,0,2,0,0,0,17,12,0,0,0,1,s,13,8,22,6,s,0,s
1831,1,0,47,11,s,d,2,3,22,0,d,0,2,0,0,d,17,12,0,0,0,1,s,13,8,22,6,s,0,s
1830,1,0,47,11,s,3,2,d,22,0,10,0,d,0,0,0,17,12,0,0,0,1,s,d,d,22,6,s,0,s
I722,1,0,0,11,s,3,2,3,22,0,10,0,0,0,0,0,17,12,0,0,0,0,s,0,8,22,0,s,s,14
I723,1,0,0,11,s,3,2,3,22,3,10,0,0,0,0,9,17,12,0,0,0,0,s,0,8,22,0,s,s,14
I724,1,0,0,11,s,3,2,3,22,3,10,0,0,0,0,9,17,12,0,0,0,22,s,0,8,22,0,s,s,14
1577,d,0,0,11,s,3,d,s,22,3,10,0,0,0,0,9,17,12,0,0,d,22,s,0,8,22,0,s,s,14
I726,1,0,0,11,s,3,2,3,22,3,10,0,0,0,0,9,17,12,0,0,0,22,s,0,8,22,0,s,s,14
1647,1,0,d,11,s,3,2,d,22,3,10,0,0,0,0,d,17,12,0,0,0,22,s,0,8,d,d,s,s,14
1646,1,0,d,11,s,s,2,3,22,3,10,0,0,0,0,d,17,12,0,0,0,d,s,0,8,22,0,s,s,14
I727,1,0,0,11,s,3,2,3,22,3,10,0,2,0,0,9,17,12,0,0,0,0,s,s,8,22,19,s,s,14
1946,1,0,0,11,s,d,2,3,22,3,10,0,2,0,0,s,d,12,0,0,0,d,s,s,8,22,19,s,s,14
I729,1,0,0,11,s,3,2,3,22,3,10,0,2,0,0,9,17,12,0,0,1,0,s,s,8,22,19,s,s,14
2035,1,0,d,11,s,3,2,3,22,3,10,0,2,0,d,9,17,12,0,0,1,0,s,s,8,22,19,s,s,14
2034,d,0,0,11,s,d,2,3,22,3,10,0,2,d,0,9,17,12,0,0,1,0,s,s,8,22,19,s,s,d
I730,1,0,0,11,s,3,2,3,22,0,10,0,0,0,0,0,17,12,0,0,1,0,s,35,8,22,0,s,s,14
I731,1,3,0,s,s,3,2,3,22,3,10,0,0,0,0,0,17,12,0,4,1,0,s,35,8,s,0,s,s,14
1872,1,3,0,s,s,3,2,d,22,3,d,d,d,0,0,0,17,12,0,4,1,0,s,35,d,s,0,s,s,14
2023,1,3,15,s,s,d,2,d,22,3,10,1,2,0,0,0,17,12,0,4,1,0,s,35,8,s,0,s,s,14
I734,1,0,0,11,s,3,2,3,22,0,10,0,0,0,0,0,17,12,s,s,1,0,s,35,s,22,0,s,s,14
I735,1,0,0,11,s,3,2,3,22,0,10,0,2,0,0,0,17,12,s,s,1,0,s,35,s,22,0,s,s,14
1989,d,0,0,11,s,3,2,d,22,0,10,0,2,0,0,0,17,12,s,s,1,0,s,35,s,22,0,s,s,d
1988,d,0,0,11,s,3,2,3,22,0,10,0,2,0,0,0,17,12,s,s,1,0,s,d,s,22,0,s,s,14
2019,1,d,0,11,s,3,2,d,22,0,10,0,0,0,0,0,17,12,s,s,1,0,s,35,s,22,0,s,s,14
I737,1,0,0,11,s,3,2,3,22,0,10,0,0,0,0,0,17,12,0,4,0,0,s,0,s,0,0,s,0,14
I738,1,1,0,11,s,3,2,3,22,0,10,0,0,0,0,0,17,12,0,4,0,0,s,0,s,0,0,s,0,14
I739,1,1,0,11,s,3,2,3,22,0,10,0,0,0,0,0,17,12,0,4,0,0,s,35,s,2,0,s,0,14
1260,1,1,0,11,s,d,2,3,d,3,10,34,0,d,0,0,d,12,s,4,0,d,s,35,s,d,0,s,0,14
1367,d,1,s,11,s,3,2,3,22,0,10,0,0,5,0,0,17,12,0,4,d,3,s,d,s,2,25,s,d,14
I746,1,1,0,s,s,3,2,3,22,0,10,0,0,0,0,s,17,12,0,4,0,0,s,0,s,0,0,s,0,14
I747,1,1,0,s,s,3,2,3,22,0,10,0,0,0,0,s,17,12,0,4,0,0,s,0,s,0,0,s,13,14
1497,1,1,44,s,s,3,2,3,22,d,10,0,0,0,0,s,17,s,0,4,0,0,s,0,s,0,0,s,13,d
1320,1,1,d,s,s,3,2,3,22,6,10,0,0,0,0,s,17,s,0,4,0,0,s,d,s,d,0,s,13,14
I750,1,1,0,s,s,3,2,3,22,0,10,0,0,0,5,s,17,12,0,4,0,0,s,9,s,0,0,s,0,14
1362,1,d,0,s,s,3,2,3,22,3,d,0,5,0,5,s,17,12,0,4,0,d,s,9,s,0,0,s,0,14
1105,1,1,0,s,s,3,2,3,22,0,10,0,0,0,5,s,17,12,0,4,0,0,s,9,s,0,0,s,0,14
I753,1,0,0,11,s,3,2,3,22,0,10,0,s,0,0,0,17,12,0,4,3,0,s,0,s,0,0,s,0,14
I755,1,0,0,11,s,3,2,3,22,3,10,0,s,0,0,0,17,12,1,4,3,8,s,0,s,0,0,s,0,14
1214,1,0,0,11,s,3,2,3,d,3,10,0,s,0,0,0,17,d,1,d,3,8,s,0,s,7,0,s,d,14
1171,1,0,6,11,s,3,2,3,22,3,10,d,s,3,0,0,17,12,1,4,3,8,s,0,s,0,0,s,0,14
I761,1,0,0,11,s,3,2,3,22,0,10,0,s,0,0,0,17,12,0,4,3,0,s,0,s,0,0,s,0,14
I762,1,0,0,11,s,3,2,3,22,0,10,0,s,0,0,0,17,12,0,4,3,0,s,0,s,0,0,s,0,14
1138,1,0,0,11,s,3,2,3,22,3,10,d,s,0,0,s,17,12,d,4,3,0,s,0,s,d,0,s,0,14
I764,1,0,47,11,s,3,2,3,22,0,10,0,s,0,0,0,17,12,0,4,3,s,s,13,s,14,0,s,0,14
1063,1,d,47,11,s,3,2,3,d,0,10,0,s,d,0,d,d,12,0,4,3,s,s,13,s,d,0,s,0,14
1062,1,d,47,11,s,3,2,3,22,0,10,d,s,0,0,0,17,12,0,4,3,s,s,13,s,14,0,s,0,14
I766,1,0,31,11,s,3,2,3,22,0,10,14,s,0,0,0,17,12,0,4,3,5,s,0,s,0,11,s,0,14
1131,d,0,31,11,s,3,2,3,22,0,10,d,s,3,0,0,17,12,0,4,3,5,s,0,s,0,11,s,0,14
1130,d,0,31,11,s,3,2,d,d,d,10,14,s,d,0,0,17,12,0,4,3,5,s,d,s,d,11,s,0,14
I768,0,0,0,0,3,0,2,0,0,0,0,16,0,0,34,0,17,0,2,0,0,0,1,0,0,0,0,s,0,14
I769,0,0,0,0,3,0,2,0,0,0,0,16,0,5,34,0,17,0,2,4,0,0,1,0,0,0,0,s,0,14
I770,0,0,0,0,3,0,2,0,0,0,0,16,0,5,34,0,17,0,2,4,0,0,1,0,0,0,0,s,0,14
I771,0,0,0,0,3,0,2,s,0,0,0,16,0,5,34,0,17,0,2,4,0,0,1,0,0,0,0,s,0,14
I772,0,0,0,0,3,0,2,s,0,3,0,16,0,5,34,5,17,26,s,4,0,0,1,0,0,0,0,s,0,14
I773,1,0,0,0,3,0,2,s,0,3,0,16,0,5,34,5,17,26,s,4,0,0,1,0,0,0,0,s,0,14
I774,1,0,3,0,3,0,2,s,0,3,0,16,0,5,34,5,17,26,s,4,0,0,1,0,0,3,0,s,0,14
I775,1,0,3,0,3,0,2,s,4,3,0,16,0,5,34,5,17,26,s,4,1,0,1,0,0,3,0,s,0,s
1871,1,0,d,0,3,0,2,s,4,3,0,16,0,d,34,5,17,26,s,4,1,0,1,0,0,3,0,s,0,s
1870,d,d,3,0,3,0,2,s,4,d,0,16,d,5,34,5,d,26,s,4,d,0,1,0,0,3,d,s,0,s
1955,1,d,3,0,3,d,d,s,d,3,0,16,0,5,34,5,d,26,s,4,d,0,1,0,0,3,0,s,0,14
1640,1,0,0,0,3,0,2,s,0,3,0,16,0,d,d,5,17,26,s,4,0,0,1,0,0,8,0,s,0,14
I780,0,0,0,0,3,0,2,s,0,3,0,16,0,5,34,5,17,26,s,4,0,0,1,0,0,0,0,s,0,14
I781,0,0,0,0,3,0,2,s,0,3,0,16,2,5,34,5,17,26,s,4,0,0,1,0,0,0,0,s,0,14
1431,0,0,0,0,3,0,2,s,10,d,0,16,d,5,34,d,17,26,s,4,0,0,1,0,s,25,20,s,0,14
1360,1,0,0,0,d,0,2,s,0,3,0,16,2,5,34,5,17,26,s,d,d,0,s,0,0,0,0,s,13,14
I784,0,0,0,0,3,0,2,s,0,3,0,16,0,5,34,5,17,26,s,4,0,0,1,28,0,0,0,s,0,14
1622,d,d,0,d,3,d,2,s,0,3,0,s,s,d,34,5,17,26,s,4,0,d,1,28,0,0,0,s,d,14
1697,d,s,0,0,3,0,2,s,d,3,s,16,0,5,34,d,17,d,s,4,0,s,1,28,0,0,0,s,13,14
I787,0,3,0,0,3,0,2,s,0,0,0,16,0,5,34,0,17,0,2,4,0,0,1,0,6,0,17,s,0,14
I788,0,3,0,0,3,0,2,s,0,0,0,16,0,5,34,0,17,22,2,4,0,0,1,0,6,0,17,s,0,14
1999,0,3,0,0,d,0,2,s,0,0,0,d,0,5,34,0,17,d,2,4,0,0,s,0,6,0,d,s,0,14
I791,0,3,19,0,3,0,2,s,0,0,0,16,0,5,34,0,17,22,2,4,3,0,1,0,6,0,17,s,0,14
1720,0,3,d,0,3,d,2,s,0,d,d,16,0,5,d,0,d,22,2,4,d,0,1,d,6,0,17,s,7,14
1916,1,3,19,d,3,0,2,s,4,0,0,16,0,5,34,0,d,22,2,d,3,0,1,0,6,0,17,s,14,14
I794,0,3,0,0,3,0,2,s,0,0,0,16,0,5,34,0,17,0,2,4,0,0,1,0,6,0,17,s,0,14
1021,0,3,0,0,3,d,d,s,0,0,0,d,0,5,34,0,17,0,2,4,d,0,1,0,6,0,17,s,0,d
I796,0,3,0,0,3,0,2,s,0,0,0,16,0,5,34,0,17,0,2,4,0,0,1,0,s,0,17,s,0,14
1837,0,3,0,d,3,0,2,s,0,0,0,16,0,5,34,0,17,33,2,4,0,0,1,0,s,0,d,s,0,14
1938,1,3,0,6,3,d,d,s,4,0,3,16,0,5,34,0,17,0,2,4,d,0,s,9,s,d,d,s,0,14
I799,1,0,0,0,3,0,2,0,0,0,0,16,0,5,34,0,17,0,2,4,0,0,1,0,0,0,4,s,0,14
I800,1,0,30,0,3,0,2,0,0,0,0,16,2,5,34,0,17,0,2,4,0,0,1,0,0,0,4,s,0,14
I801,1,1,30,0,3,3,2,0,0,0,0,16,2,5,34,0,17,2,2,4,0,0,1,0,0,0,4,s,0,14
1844,1,1,30,0,d,3,2,0,0,d,0,16,2,5,34,0,17,2,2,d,0,0,1,5,0,0,d,s,0,14
I805,1,1,30,0,3,3,2,0,0,3,0,16,2,5,34,0,17,2,2,4,0,0,1,0,0,0,4,s,0,14
1962,1,1,30,0,3,3,2,0,0,3,0,16,2,5,34,5,17,2,2,4,0,0,1,2,0,0,d,s,0,14
1500,1,1,30,7,3,3,2,d,d,3,0,16,2,5,34,0,17,2,2,d,0,0,d,0,0,0,4,s,0,14
I808,1,0,30,0,3,0,2,0,0,0,0,16,2,5,34,0,17,0,2,4,0,0,1,0,0,3,4,s,0,14
I810,1,0,30,s,3,3,2,0,19,3,0,16,2,5,34,11,17,0,2,4,0,0,1,0,0,3,4,s,6,14
1813,d,d,d,s,3,3,2,0,d,3,0,16,2,5,34,11,17,0,2,d,0,0,1,0,0,d,4,s,6,14
1812,1,0,30,s,3,3,d,0,19,3,0,16,2,5,34,11,17,0,2,4,0,0,1,0,0,3,4,s,d,14
I814,1,0,30,0,3,0,2,0,0,0,0,16,2,s,34,11,17,0,2,4,0,3,1,0,0,3,4,s,0,14
1993,1,0,30,d,3,0,d,0,0,0,0,16,2,s,34,11,17,0,2,4,0,d,1,0,0,3,d,s,d,14
1992,1,0,30,0,3,d,2,0,d,0,0,16,2,s,34,11,17,0,2,4,0,3,1,0,0,3,4,s,d,14
I815,1,0,0,0,3,s,2,0,0,0,0,16,0,5,34,0,17,0,2,4,0,5,1,0,0,0,4,s,0,14
I816,1,0,0,0,3,s,2,0,0,0,0,16,0,5,34,0,17,0,2,4,0,5,1,0,0,0,4,s,0,14
I818,1,3,0,0,3,s,2,0,0,0,0,16,0,5,34,0,17,14,2,4,0,5,1,0,0,0,4,s,0,14
1919,1,d,d,0,3,s,2,0,0,0,0,16,0,5,34,d,d,14,2,4,0,5,d,d,0,0,4,s,0,14
1918,1,3,0,0,3,s,2,0,0,0,0,16,0,5,34,0,17,14,d,4,0,5,1,0,0,0,4,s,0,14
I820,s,0,0,0,3,s,2,0,1,0,0,16,0,5,34,0,17,0,2,4,0,5,1,0,0,0,4,s,0,14
1967,s,0,0,0,3,s,2,1,1,0,0,d,0,d,34,0,17,0,2,4,0,5,1,0,0,0,4,s,d,14
I822,s,0,0,0,3,s,2,0,1,0,0,16,0,5,34,0,17,0,2,4,0,5,1,0,0,0,4,s,0,14
1851,s,d,d,0,3,s,2,d,d,0,0,16,0,5,34,0,17,d,2,4,0,d,d,0,0,0,4,s,d,14
1850,s,0,0,0,d,s,2,0,1,3,0,16,0,5,34,d,d,0,2,4,d,5,1,0,d,0,4,s,0,d
I823,1,0,0,0,3,s,2,0,7,0,0,16,0,5,34,0,17,s,2,4,0,5,1,0,0,0,4,s,15,14
1534,1,0,0,7,3,s,2,0,d,6,27,16,10,5,34,0,17,s,d,d,0,d,1,18,6,0,4,s,15,14
I827,1,3,0,0,3,s,2,0,s,0,0,16,0,5,34,0,17,s,2,4,0,5,1,0,0,0,4,s,15,14
1547,1,d,0,0,3,s,2,0,s,0,0,16,d,d,d,0,17,s,2,4,7,5,1,0,0,0,4,s,15,d
1707,1,3,22,0,3,s,2,0,s,0,0,d,0,d,34,0,d,s,2,4,0,5,1,0,0,0,4,s,15,14
I830,0,0,0,2,3,3,2,0,0,0,0,16,0,5,34,0,17,22,2,s,0,0,1,0,0,0,0,s,0,14
I831,0,0,0,2,3,3,2,1,24,0,0,16,0,5,34,0,17,22,2,s,0,0,1,1,0,0,3,s,0,14
I832,0,0,0,2,3,3,2,1,24,0,0,16,0,5,34,0,17,22,2,s,0,0,1,1,0,0,3,s,0,14
I834,0,0,0,2,3,3,2,1,24,0,s,16,0,5,34,0,17,22,2,s,0,6,1,1,0,0,3,s,0,14
I835,0,0,0,2,s,3,2,1,24,0,s,16,6,s,34,5,17,22,2,s,0,6,1,1,0,0,3,s,0,14
1515,0,0,0,2,s,3,2,d,24,0,s,16,6,s,34,5,d,22,2,s,0,6,1,1,0,0,d,s,0,14
1514,0,0,0,d,s,3,2,1,24,d,s,16,6,s,d,5,d,22,2,s,0,6,1,1,0,s,3,s,0,d
1687,d,0,0,2,3,3,2,d,24,d,s,16,0,5,d,0,17,d,2,s,d,6,1,1,d,0,d,s,0,14
1676,0,0,0,2,d,3,2,1,24,3,2,16,2,5,34,0,17,22,2,s,0,0,1,1,d,0,d,s,0,14
I847,0,0,0,2,3,3,2,1,24,0,0,16,0,5,34,0,17,22,2,s,0,0,1,1,0,0,3,s,0,14
I848,0,0,0,2,3,3,2,1,24,0,s,16,0,5,34,0,17,22,2,s,0,0,1,1,0,0,3,s,0,14
I849,0,0,0,2,3,3,2,1,24,0,s,16,0,5,34,0,17,22,2,s,4,0,1,1,0,0,3,s,0,14
I850,0,0,0,2,3,3,2,1,24,0,s,16,2,5,34,0,17,22,2,s,4,0,1,1,0,0,3,s,13,14
1635,0,d,0,2,3,3,2,d,24,0,s,16,2,5,34,0,17,22,2,s,4,0,1,1,0,0,3,s,d,14
1634,0,0,0,2,3,3,2,1,24,0,s,16,2,5,34,d,17,22,d,s,4,0,1,1,0,0,d,s,13,14
1777,0,0,d,d,3,3,d,s,24,7,s,16,2,5,34,0,17,22,2,s,4,0,1,1,0,0,3,s,0,14
1344,1,0,11,2,d,3,2,1,24,0,s,d,2,5,34,0,s,22,2,s,0,0,1,1,d,14,3,s,12,14
I855,0,0,6,2,3,3,2,1,24,3,0,16,0,5,34,0,17,22,2,s,0,0,1,1,0,0,3,s,0,14
1573,1,0,6,2,3,d,2,1,24,3,0,16,d,5,34,14,17,22,2,s,0,0,s,1,6,13,3,s,4,14
I859,0,0,6,2,3,3,2,1,24,3,0,16,0,5,34,0,17,22,2,s,0,0,1,1,0,0,3,s,0,14
1756,0,3,6,2,3,3,2,1,24,3,d,16,0,5,34,0,17,22,2,s,7,0,1,1,0,0,3,s,0,14
I861,0,0,6,2,3,3,2,1,24,3,0,16,0,5,34,0,17,22,2,s,0,0,1,1,0,0,3,s,0,14
1571,0,0,6,2,3,3,2,1,24,3,0,16,0,5,34,0,17,22,2,s,0,0,1,1,d,0,3,s,0,14
1570,0,0,6,d,3,3,d,1,24,3,0,16,d,d,34,0,d,22,2,s,0,0,1,1,0,0,3,s,0,d
I862,0,0,0,2,3,3,2,0,0,0,0,16,0,5,34,0,17,22,2,s,0,5,1,0,0,0,0,s,0,14
I863,0,0,0,2,3,3,2,0,0,0,0,16,0,5,34,0,17,22,2,s,4,5,1,0,0,0,0,s,0,14
I864,0,0,6,2,3,3,2,0,0,0,0,16,0,5,34,9,17,22,2,s,4,5,1,0,0,0,0,s,0,14
1244,0,0,6,2,3,3,2,0,3,d,0,16,0,5,34,d,17,22,2,s,4,5,1,35,0,0,d,s,0,14
1123,0,0,6,2,3,3,2,0,0,0,8,16,2,5,34,d,17,22,2,s,4,5,1,d,2,0,0,s,0,14
I871,0,0,0,2,3,3,2,1,10,0,6,16,0,5,34,0,17,22,2,s,4,5,1,0,0,0,0,s,0,14
I872,0,0,0,s,3,3,2,1,10,0,6,16,0,5,34,0,17,22,2,s,4,5,1,35,0,0,0,s,0,14
1423,1,0,0,s,3,3,2,1,10,d,d,16,0,5,34,0,d,22,2,s,4,5,d,35,0,0,0,s,13,14
1552,0,3,0,s,3,d,2,1,10,0,6,16,0,5,34,0,17,22,2,s,4,5,1,35,d,0,0,s,d,14
I876,0,s,0,2,3,3,2,1,s,4,6,16,0,5,34,0,17,22,2,s,4,s,1,0,0,0,0,s,0,14
1811,1,s,0,2,3,3,d,1,s,4,6,16,0,5,34,0,17,22,2,s,4,s,d,0,0,0,0,s,0,14
1810,0,s,0,2,3,3,2,1,s,4,6,16,0,5,34,0,17,d,2,s,4,s,1,d,0,d,0,s,0,d
I878,0,0,0,2,3,3,2,0,0,0,0,16,0,5,34,0,17,22,2,s,0,5,1,0,0,0,0,s,0,14
I879,0,0,0,2,3,3,2,0,0,0,0,16,0,5,34,0,17,22,2,s,0,5,1,0,1,22,0,s,0,14
I880,0,0,0,2,3,3,2,0,0,3,0,16,2,5,34,0,17,22,2,s,0,5,1,s,1,22,0,s,15,14
1761,0,0,d,d,3,3,d,0,0,3,0,16,2,5,d,0,s,22,2,s,0,5,1,s,d,22,0,s,15,14
1739,1,0,0,2,3,3,2,0,0,3,0,16,d,5,d,0,17,22,2,s,0,5,1,s,1,22,0,s,15,14
I883,0,3,0,2,3,3,2,2,0,5,0,16,3,5,34,0,17,22,2,s,1,5,1,0,1,22,0,s,0,14
1847,0,s,0,2,3,3,2,2,0,5,0,16,3,d,34,0,17,22,2,s,1,5,1,0,1,22,d,s,13,14
1922,0,d,s,2,3,3,2,2,d,5,0,16,3,5,34,0,17,22,2,s,1,d,1,0,1,22,d,s,0,14
I886,0,0,0,2,3,3,2,0,0,0,0,16,0,5,34,0,17,22,2,s,0,5,1,0,0,0,0,s,0,14
1432,d,0,d,2,3,3,2,0,0,0,0,d,0,5,34,d,17,22,2,s,0,5,1,0,0,d,0,s,0,14
1826,d,2,17,2,d,3,2,0,d,d,0,d,0,5,34,0,17,22,2,s,0,5,d,0,0,s,10,s,d,14
I893,0,0,0,0,3,0,2,0,0,0,0,16,2,0,34,0,17,0,2,0,3,0,1,0,0,0,0,s,0,14
I894,0,s,0,0,3,0,2,0,0,0,0,16,2,0,34,0,17,0,2,0,3,0,1,0,0,0,0,s,0,14
I895,0,s,0,0,3,0,2,0,0,0,0,16,2,0,34,0,17,0,2,0,3,0,1,0,0,0,0,s,0,14
I896,0,s,0,0,3,0,2,0,0,0,10,16,2,0,34,0,17,0,2,0,3,0,1,0,0,0,0,s,0,14
I897,0,s,0,0,3,0,2,0,s,0,10,16,2,3,34,0,17,0,2,0,3,10,1,0,0,1,0,s,0,14
I898,0,s,1,0,3,0,2,0,s,0,10,16,2,3,34,0,17,s,2,0,3,10,1,0,0,1,0,s,0,14
1438,0,s,1,0,3,0,2,0,s,3,d,16,2,3,34,0,17,s,2,0,3,10,1,0,0,1,0,s,0,14
I900,0,s,1,0,3,3,2,0,s,0,10,16,2,3,34,0,17,s,2,0,3,10,1,1,0,1,0,s,0,14
1227,0,s,1,0,3,3,2,0,s,0,10,16,d,3,34,0,17,s,2,0,3,d,1,1,0,1,d,s,0,14
1226,0,s,s,0,3,3,2,0,s,0,10,16,d,3,34,0,17,s,2,0,3,10,1,1,0,1,0,s,0,14
I901,0,s,0,0,3,0,2,0,s,0,10,16,2,3,34,0,17,0,s,0,3,10,1,0,0,1,0,s,0,14
1242,0,s,0,13,3,0,2,0,s,0,10,d,2,s,34,d,17,0,s,0,3,10,1,0,0,1,s,s,0,14
1328,d,s,d,2,3,3,d,0,s,0,10,16,2,3,34,0,17,0,s,d,3,d,1,0,d,1,0,s,0,14
I904,0,s,0,0,3,0,2,0,0,0,10,16,2,0,34,0,17,0,2,0,3,0,1,0,0,0,0,s,0,14
I905,0,s,0,0,3,0,2,0,0,0,10,16,2,0,34,5,17,0,2,0,3,0,1,22,0,0,0,s,0,14
1396,0,s,0,2,3,0,d,0,0,0,10,16,2,0,34,5,17,0,2,0,d,22,d,22,0,d,24,s,0,14
1249,s,s,0,0,d,0,d,0,0,d,10,16,2,d,d,d,17,0,2,d,d,0,1,22,0,0,0,s,0,14
I908,0,s,0,7,3,0,2,0,0,0,10,16,2,0,34,0,17,0,2,0,3,0,1,0,0,0,15,s,0,14
1781,0,s,0,7,d,0,2,1,0,0,10,16,d,0,34,0,17,0,d,0,3,d,d,10,12,0,15,s,d,14
I910,0,s,0,7,3,0,2,0,0,0,10,16,2,0,34,0,17,0,s,0,3,0,1,0,0,0,15,s,0,14
1737,0,s,0,7,3,0,d,0,0,0,d,16,2,3,34,0,17,0,s,0,3,d,d,0,0,0,15,s,0,14
1736,0,s,0,d,d,0,2,0,0,0,s,16,2,0,d,0,17,0,s,0,3,0,1,d,0,0,15,s,0,14
I911,1,s,0,0,s,0,2,0,0,0,0,16,2,0,34,0,17,0,2,0,3,0,1,0,0,0,0,s,0,14
I912,1,s,0,5,s,0,s,0,0,0,0,16,2,0,34,0,17,0,2,0,3,10,1,0,0,0,0,s,13,14
I913,1,s,0,5,s,0,s,0,0,0,0,16,2,0,34,0,17,0,2,4,3,10,1,0,0,0,0,s,13,14
1495,1,s,30,5,s,0,s,0,0,0,0,16,d,0,34,8,17,0,d,4,3,10,1,0,0,0,0,s,d,14
1692,1,s,0,5,s,0,s,d,0,0,2,16,d,0,34,0,17,14,2,4,d,10,1,0,d,0,0,s,13,14
I916,1,s,0,5,s,0,s,0,8,0,0,16,2,0,34,0,17,0,2,0,3,10,1,0,0,0,0,s,13,14
I917,1,s,0,5,s,0,s,0,8,0,0,16,2,0,34,0,17,0,2,0,3,10,1,0,7,0,0,s,13,14
1657,1,s,44,5,s,0,s,0,8,0,12,16,2,0,34,0,17,0,d,0,3,10,1,0,7,s,0,s,13,14
1656,1,s,0,5,s,0,s,d,8,0,d,16,2,0,34,0,17,0,d,4,3,10,1,0,d,0,0,s,13,d
1556,1,s,d,5,s,s,s,0,8,0,0,d,2,0,34,0,17,0,2,0,3,10,1,0,d,0,0,s,13,14
I919,1,s,0,0,s,0,2,0,0,3,0,16,2,0,34,0,17,0,2,0,3,16,1,0,0,0,0,s,0,14
1276,1,s,d,0,s,0,2,d,0,3,0,d,2,0,34,0,17,d,2,0,3,16,s,0,d,0,24,s,0,14
1931,d,s,0,s,s,0,2,d,23,3,0,16,d,0,34,0,17,0,2,4,3,16,1,d,0,14,0,s,14,14
I926,0,s,3,0,3,0,s,3,0,0,0,16,2,0,34,0,17,21,2,0,3,0,1,0,0,23,3,s,13,14
I927,0,s,3,0,3,0,s,3,0,3,17,16,2,0,34,0,17,21,2,0,3,0,1,0,0,23,3,s,13,14
I928,0,s,3,0,3,0,s,3,0,s,17,16,2,0,34,0,17,21,2,0,3,0,1,0,0,23,3,s,13,14
I929,0,s,3,0,3,0,s,3,0,s,17,16,2,0,34,0,17,21,2,0,3,0,1,0,0,23,3,s,13,14
1843,0,s,3,0,3,0,s,3,0,s,d,16,d,d,34,0,17,21,2,0,d,0,1,d,0,23,3,s,13,14
1927,0,s,3,0,3,0,s,d,0,s,17,16,2,0,34,d,d,d,2,0,3,0,1,0,0,23,3,s,13,14
I932,0,s,3,0,3,0,s,s,0,s,17,16,2,0,34,0,17,21,2,0,3,0,1,0,13,23,3,s,13,14
1849,0,s,3,0,3,0,s,s,0,s,17,16,d,0,d,0,17,21,2,0,3,0,1,5,13,23,3,s,13,d
1877,0,s,3,0,3,0,s,s,0,s,17,16,2,0,34,0,d,d,2,0,3,0,1,0,13,23,3,s,13,14
I935,0,s,3,s,3,0,s,3,0,3,17,16,2,0,34,0,17,21,2,0,3,0,1,0,0,23,3,s,13,14
1960,1,s,3,s,3,3,s,3,0,3,17,16,2,d,34,d,17,21,2,0,3,d,1,0,0,23,3,s,13,14
I939,0,s,3,s,3,0,s,s,s,3,17,16,2,0,34,0,17,21,2,4,3,0,1,18,0,s,3,s,13,14
1957,0,s,3,s,3,d,s,s,s,3,17,16,2,0,34,s,17,21,2,4,3,0,1,18,0,s,d,s,13,14
1935,0,s,3,s,d,d,s,s,s,d,17,16,2,0,34,0,d,d,2,4,d,0,1,18,0,s,3,s,13,14
I942,0,s,3,0,3,0,s,3,0,0,0,16,2,0,34,0,s,21,2,0,3,3,1,0,0,23,3,s,13,14
I943,0,s,3,0,3,0,s,3,0,0,0,16,2,0,34,0,s,21,2,0,3,3,1,0,0,23,3,s,13,14
I946,0,s,3,0,3,0,s,3,0,0,18,16,2,s,34,11,s,21,2,3,3,s,1,0,0,23,3,s,13,14
1913,0,s,d,0,3,0,s,3,d,0,d,16,2,s,34,11,s,21,2,3,3,s,1,0,0,d,3,s,13,d
1912,0,s,3,0,3,0,s,d,0,0,18,d,2,s,34,11,s,d,2,3,3,s,1,d,d,d,3,s,13,14
I947,0,s,3,0,s,0,s,3,0,0,0,16,2,0,34,0,s,21,2,0,3,3,1,12,0,23,3,s,13,14
1645,0,s,3,d,s,0,s,3,s,8,0,16,d,0,34,0,s,21,2,d,3,d,1,12,0,23,3,s,13,14
1617,0,s,3,0,s,0,s,3,0,d,s,16,2,0,34,0,s,21,2,s,3,3,1,12,6,23,3,s,13,14
I950,0,s,3,5,3,s,s,3,0,0,0,16,2,3,34,6,s,21,2,0,3,3,1,0,0,23,3,s,13,14
1629,0,s,3,5,3,s,s,3,0,5,0,d,2,3,34,6,s,21,2,0,3,3,1,0,6,23,s,s,13,14
I954,0,s,3,5,3,s,s,3,0,0,0,16,2,3,34,6,s,21,2,0,3,3,1,0,0,23,3,s,13,14
1945,0,s,3,5,3,s,s,3,0,0,0,16,2,3,34,6,s,21,2,0,3,3,1,0,0,23,3,s,13,14
1862,0,s,3,d,d,s,s,d,0,0,0,16,2,3,34,d,s,21,2,2,3,d,1,0,0,d,3,s,13,14
I957,0,0,0,0,3,0,2,0,0,0,0,16,2,0,34,s,17,0,2,0,3,0,1,0,0,0,0,s,0,14
I958,1,0,6,31,3,0,2,0,0,3,0,16,2,0,34,s,17,0,2,0,3,0,1,0,0,0,0,s,0,14
I959,1,0,6,31,3,3,2,1,0,3,0,16,2,0,34,s,17,0,2,0,3,0,1,0,0,0,0,s,0,14
I961,1,s,6,31,3,3,2,1,0,3,6,16,2,0,34,s,17,0,2,0,3,0,1,0,0,14,0,s,0,14
1212,1,s,6,d,d,3,2,1,0,3,6,16,2,0,34,s,17,0,2,0,3,d,d,2,0,14,0,s,0,14
I963,1,s,6,31,3,3,2,1,10,3,6,s,2,0,34,s,17,0,2,0,3,0,1,0,0,14,0,s,0,14
1241,1,s,6,31,3,3,2,1,10,3,6,s,2,0,34,s,17,0,2,d,3,s,1,0,d,14,0,s,d,14
1240,1,s,6,31,3,d,2,1,10,3,6,s,d,d,d,s,17,0,2,0,3,0,1,0,0,14,0,s,0,14
I967,1,3,6,31,3,3,2,1,0,s,0,16,2,0,34,s,17,0,2,0,3,0,1,0,0,0,0,s,0,14
I968,1,3,6,31,3,3,2,1,0,s,0,16,2,3,34,s,17,0,2,0,3,0,1,0,0,0,0,s,0,14
I969,1,3,6,31,3,3,2,1,0,s,0,16,2,3,34,s,17,s,2,0,3,1,1,0,0,0,0,s,0,14
1473,1,d,6,31,d,3,2,1,0,s,19,s,2,3,34,s,17,s,2,2,d,1,d,0,0,0,0,s,0,14
1472,1,3,6,31,3,d,d,d,d,s,0,16,2,3,d,s,17,s,2,0,3,d,1,1,0,23,0,s,0,14
I970,1,3,6,31,3,3,2,1,0,s,0,16,2,3,34,s,17,0,2,2,3,0,1,0,0,0,0,s,0,14
1581,1,3,6,31,3,3,2,d,0,s,0,d,d,3,34,s,17,0,2,2,3,19,1,0,0,0,0,s,d,d
1580,1,d,6,31,3,3,d,1,0,s,0,16,2,3,34,s,17,0,2,2,3,19,d,s,0,0,0,s,d,d
I971,1,3,6,31,3,3,2,1,0,s,0,16,2,0,34,s,17,0,2,0,3,0,1,0,0,0,0,s,0,14
I972,1,3,6,31,3,3,2,1,0,s,0,16,2,5,34,s,17,0,2,0,3,0,1,0,0,0,0,s,0,14
1315,1,3,6,31,3,3,2,1,0,s,0,16,2,5,34,s,17,0,2,0,d,0,1,0,0,0,0,s,0,14
1314,1,3,6,31,3,3,2,1,d,s,0,16,2,5,d,s,17,0,2,0,3,0,1,0,0,0,0,s,0,14
1446,d,3,6,d,3,3,2,1,25,s,9,16,2,0,34,s,17,0,2,0,3,22,1,d,0,0,11,s,0,14
I974,1,0,6,31,3,0,2,0,0,3,6,16,2,0,34,s,17,33,2,0,s,0,1,0,0,0,0,s,0,14
I975,1,0,6,31,3,0,2,0,3,3,6,16,2,0,34,s,17,33,2,0,s,0,1,0,0,0,0,s,0,14
I976,1,0,6,31,3,0,2,0,3,3,6,16,2,0,34,s,17,33,2,0,s,0,1,0,0,23,0,s,0,14
I977,1,0,6,31,3,0,2,0,3,3,6,16,2,0,34,s,17,33,2,0,s,0,1,0,0,23,0,s,0,14
1309,1,0,6,31,3,0,2,0,3,3,6,d,2,0,34,s,17,33,2,0,s,d,1,0,0,23,0,s,0,d
1308,1,0,6,31,d,0,d,0,3,3,6,16,2,0,d,s,17,33,2,d,s,0,1,0,0,23,0,s,0,14
1612,1,0,6,31,3,0,2,0,3,3,6,16,d,0,34,s,d,33,2,0,s,5,1,0,0,d,0,s,d,14
I979,1,0,6,31,s,2,2,0,3,3,6,16,2,0,34,s,17,33,2,0,s,0,1,0,0,0,0,s,0,14
I980,1,0,6,31,s,2,2,0,3,3,6,16,2,0,34,s,17,33,2,0,s,0,1,0,0,0,0,s,0,14
1513,1,0,6,31,s,2,2,0,3,3,d,16,2,0,34,s,17,33,d,0,s,0,d,0,0,0,d,s,0,14
1512,1,0,6,31,s,2,2,d,3,3,6,16,2,0,d,s,17,33,2,0,s,0,d,0,0,0,0,s,0,14
I981,1,0,6,31,s,2,2,0,3,3,6,16,2,0,34,s,17,33,2,0,s,0,1,0,6,0,0,s,0,14
1703,d,0,6,d,s,2,2,0,3,3,6,16,2,0,34,s,17,33,2,0,s,0,1,d,6,0,4,s,0,14
1702,1,0,6,31,s,d,2,d,3,d,6,16,2,3,d,s,17,33,2,0,s,0,1,0,6,d,0,s,0,14
I982,1,0,6,31,3,0,2,0,0,3,6,16,2,0,34,s,17,33,2,s,s,0,1,0,0,0,0,s,0,14
1729,1,0,6,31,3,d,2,0,17,3,6,16,2,3,34,s,d,d,2,s,s,0,1,16,s,0,d,s,13,d
I986,1,0,6,31,3,0,2,0,0,3,6,16,2,0,34,s,17,33,2,s,s,0,1,0,0,0,0,s,12,14
1259,1,0,6,31,3,d,2,d,0,3,d,16,2,0,34,s,17,d,2,s,s,d,d,0,d,0,0,s,12,14
I988,1,0,6,31,3,0,2,0,0,3,6,16,2,0,34,s,17,33,2,s,s,0,1,0,0,0,0,s,12,14
1591,1,0,d,31,d,0,2,0,0,s,6,16,2,0,34,s,17,33,2,s,s,0,1,0,0,0,0,s,d,14
1590,1,0,6,d,3,0,2,0,d,3,d,d,2,0,34,s,17,d,2,s,s,0,1,s,0,0,0,s,12,14
I989,1,3,0,0,3,0,2,0,0,0,0,16,2,0,34,s,17,0,2,0,3,0,1,0,0,0,0,s,0,14
I990,1,3,0,0,3,0,2,0,0,0,0,16,2,0,34,s,17,0,2,0,3,0,1,0,0,0,4,s,0,14
I991,1,3,0,0,3,0,2,s,10,0,0,16,2,0,34,s,17,0,2,0,3,5,1,0,0,0,4,s,0,14
1313,1,3,0,0,3,0,2,s,10,0,0,16,2,0,34,s,17,0,2,0,3,5,1,0,0,d,4,s,0,14
I995,1,3,0,0,3,0,2,s,10,3,0,16,2,0,34,s,17,0,2,0,3,5,1,0,0,0,4,s,0,14
1509,1,3,0,0,3,0,2,s,10,3,0,16,2,0,d,s,17,0,2,0,3,d,1,0,5,0,d,s,0,s
I997,1,3,0,0,3,0,2,s,10,3,0,16,2,0,34,s,17,0,2,0,3,5,1,0,8,0,4,s,0,14
1395,1,3,0,0,d,0,2,s,10,3,0,16,2,0,34,s,17,d,2,0,d,5,1,0,8,0,4,s,d,14
1394,1,3,0,0,3,d,2,s,10,3,0,d,2,0,34,s,17,0,2,d,3,5,d,0,d,d,d,s,0,14
I998,1,3,0,0,3,0,s,0,0,0,0,16,2,0,34,s,17,0,2,0,3,0,1,0,0,0,4,s,0,14
I999,1,3,0,0,3,0,s,0,0,0,0,16,2,0,34,s,17,0,2,0,3,0,1,0,0,0,4,s,0,14
2015,1,d,d,d,3,5,s,0,0,0,12,16,2,0,34,s,d,0,2,0,3,0,1,0,d,0,4,s,0,14
1026,1,3,0,0,3,0,s,d,0,0,0,16,2,0,34,s,17,25,d,0,3,0,1,d,2,0,4,s,0,14
I1004,1,3,0,0,3,0,s,1,0,0,0,16,2,0,34,s,17,0,2,0,3,0,1,0,0,18,4,s,0,14
2004,1,d,38,d,3,0,s,1,11,0,0,16,2,0,34,s,d,0,2,0,3,0,1,0,0,18,4,s,0,14
I1008,1,3,0,0,3,s,s,1,0,0,0,16,2,0,34,s,17,0,2,0,3,0,1,1,0,18,4,s,0,14
1979,1,d,d,0,d,s,s,1,0,0,0,d,2,0,34,s,d,0,2,0,3,0,d,1,d,18,4,s,0,14
1978,1,3,d,d,3,s,s,1,0,0,0,d,2,0,34,s,17,0,2,0,3,0,1,1,0,18,4,s,0,d
I1009,1,3,0,0,3,0,2,0,0,0,0,16,2,3,34,s,17,0,2,0,3,19,1,0,0,0,8,s,0,14
I1010,s,3,0,7,3,s,2,0,0,0,12,16,2,3,34,s,17,0,2,0,3,19,1,0,0,0,8,s,0,14
I1011,s,3,0,7,3,s,2,0,0,0,12,16,2,3,34,s,17,0,2,0,3,19,1,s,0,s,8,s,0,14
1305,s,3,29,7,3,s,2,0,0,0,12,16,d,3,34,s,17,0,2,0,3,19,1,s,0,s,8,s,0,14
I1013,s,3,0,7,3,s,2,0,0,0,12,16,2,3,34,s,17,0,2,0,3,19,1,s,0,s,8,s,0,14
1115,s,d,0,7,3,s,2,0,19,0,12,16,d,3,34,s,17,d,2,0,3,19,1,s,0,s,d,s,d,d
1114,s,3,d,7,3,s,2,0,0,d,12,16,2,3,34,s,s,0,2,0,3,19,1,s,0,s,8,s,d,14
I1014,s,3,0,7,3,s,2,0,0,0,12,16,2,3,34,s,17,0,2,4,3,19,1,0,0,0,8,s,0,14
I1015,s,3,0,7,3,s,2,0,0,0,12,16,2,3,34,s,17,0,2,4,3,19,1,0,0,0,8,s,0,14
1121,s,d,0,7,3,s,2,0,0,0,12,16,2,3,34,s,17,0,2,4,3,19,1,18,0,0,8,s,d,14
1120,s,3,0,7,3,s,2,0,0,0,12,16,d,3,d,s,17,0,2,4,d,19,1,0,0,0,d,s,0,d
1163,s,3,0,s,3,s,2,0,0,3,12,16,2,3,34,s,17,d,2,4,3,19,1,0,0,d,8,s,d,14
I1017,1,3,29,0,3,0,2,0,0,0,0,16,2,3,34,s,17,0,2,0,3,19,1,0,0,0,8,s,0,14
I1018,1,3,29,0,3,0,2,0,0,0,0,16,2,3,34,s,17,0,2,0,3,19,1,29,0,0,8,s,0,s
1371,1,3,29,7,3,0,2,0,0,d,d,16,2,3,34,s,17,0,2,s,3,19,1,d,0,0,8,s,0,s
1443,d,3,29,0,3,0,2,0,0,d,d,16,2,3,34,s,17,0,2,d,3,19,1,29,7,d,8,s,0,s
1097,1,3,29,0,3,0,2,0,0,0,d,16,2,d,34,s,17,0,2,2,3,19,1,13,0,0,8,s,d,14
