cell,r1,r2,r3,r4,r5,r6,r7,r8,r9,r10,r11,r12,r13,r14,r15,r16,r17,r18,r19,r20,r21,r22,r23,r24,r25,r26,r27,r28,r29,r30
I1,0,4,1,0,0,0,0,0,0,0,0,0,0,0,0,0,2,0,0,0,0,0,0,0,5,0,0,0,0,0
I2,0,4,1,0,0,0,0,0,0,0,0,0,0,0,0,17,2,0,0,0,0,0,0,0,5,0,0,0,0,0
I3,0,4,1,0,0,0,0,0,0,0,0,0,0,0,0,17,2,0,0,0,0,0,7,0,5,0,9,0,0,0
I4,0,4,1,0,0,0,0,0,0,0,0,0,0,1,0,17,2,0,0,0,0,0,7,0,5,0,9,0,0,0
I5,0,4,1,7,0,0,0,0,0,0,0,0,0,1,2,17,2,0,29,0,0,0,7,0,5,0,9,13,0,0
I6,17,4,1,7,0,0,0,0,0,0,0,0,0,1,2,17,2,0,29,0,0,6,7,0,5,0,9,13,0,0
I7,17,4,1,7,0,0,0,0,0,0,0,0,0,1,2,17,2,0,29,0,0,6,7,0,5,0,9,13,8,5
I8,17,4,1,7,2,0,9,0,0,0,0,0,0,1,2,17,2,0,29,0,0,6,7,0,5,0,9,13,8,5
1506,d,4,1,7,2,0,9,0,s,0,0,0,0,d,2,17,2,0,29,0,2,6,7,0,5,0,9,13,8,5
I12,17,4,1,7,2,0,9,0,0,0,0,0,0,1,2,17,2,0,29,0,0,6,7,0,5,0,s,13,8,5
1424,17,4,1,7,2,3,9,d,0,0,7,0,0,1,2,d,2,5,29,d,0,6,7,5,5,0,s,13,8,5
1626,17,s,1,7,2,35,9,0,d,0,0,d,8,1,2,s,2,d,29,0,0,6,7,0,5,0,s,13,8,5
I15,17,4,1,7,0,0,3,0,0,3,0,0,0,1,2,17,2,0,29,0,0,6,7,0,5,0,9,13,8,5
1311,17,4,1,7,0,s,3,0,2,d,0,0,5,s,2,17,2,0,29,0,0,6,d,5,5,s,9,13,d,5
I20,17,4,1,7,0,0,3,2,0,3,0,0,0,1,2,17,2,0,29,0,0,6,7,5,5,0,9,13,8,5
1283,17,d,1,7,0,0,3,2,0,3,0,4,0,1,2,17,2,d,29,d,d,6,7,5,5,0,9,13,8,5
1282,d,4,1,7,d,0,3,2,0,3,0,0,8,1,2,17,2,0,29,0,0,6,d,5,5,d,d,13,8,5
I22,17,4,1,7,0,0,11,0,0,0,0,0,0,1,2,17,2,0,29,0,0,6,7,0,5,0,9,13,14,0
I23,17,4,1,7,1,0,11,0,0,0,0,0,0,1,2,17,2,0,29,3,0,6,7,0,5,0,9,13,14,0
I24,17,4,1,7,1,0,11,0,0,0,27,0,0,1,2,17,2,0,29,3,0,6,7,0,5,0,9,13,14,0
1607,d,d,d,7,1,0,d,0,2,0,27,0,0,1,2,17,d,0,29,3,2,d,7,d,5,0,9,d,14,10
1639,17,4,1,7,1,d,d,0,0,0,27,4,0,1,d,17,2,4,d,3,0,6,7,s,5,0,9,d,d,0
1333,17,4,1,7,1,27,11,0,0,3,12,d,d,1,2,17,2,0,29,3,0,6,7,0,5,1,9,13,14,10
I30,17,4,1,7,0,0,11,0,0,0,0,0,0,1,2,17,2,0,29,0,0,6,7,0,5,1,9,13,14,0
1520,17,4,d,7,0,0,d,3,0,0,6,0,8,d,2,17,2,15,29,0,s,6,7,0,5,1,9,13,14,d
I34,17,4,1,7,0,0,11,0,0,0,0,0,0,1,2,17,2,0,29,0,0,6,7,0,5,1,9,13,14,0
1490,17,d,1,7,0,10,d,d,0,0,18,d,0,1,2,s,2,0,d,0,d,6,7,0,5,1,d,13,14,0
1754,17,4,1,7,0,d,11,0,2,0,4,0,0,1,d,17,2,19,29,0,0,6,7,d,d,1,d,13,d,0
I37,0,4,1,7,1,0,0,0,0,3,0,3,0,1,2,17,2,0,29,0,0,0,7,0,5,0,9,13,0,0
I38,0,4,1,7,1,0,0,0,0,3,0,3,0,1,2,17,2,0,29,0,0,0,7,5,5,0,9,13,0,0
I39,0,4,1,7,1,0,0,0,2,3,0,3,0,1,2,17,2,0,29,0,0,0,7,5,5,0,9,s,19,0
I40,0,4,1,7,1,0,0,7,2,3,0,3,0,1,2,17,2,0,29,0,0,0,7,5,5,0,9,s,19,0
I41,0,4,1,7,1,0,8,7,2,3,0,3,0,1,2,17,2,0,29,15,0,0,7,5,5,0,9,s,19,0
1303,d,s,1,7,1,0,8,7,2,3,0,3,0,1,2,d,d,0,29,15,0,0,7,5,5,0,9,s,19,0
1302,0,4,1,7,d,0,8,7,2,3,0,3,0,1,d,17,2,0,29,15,0,0,7,5,5,0,9,s,19,d
1522,0,4,1,7,1,10,0,7,2,3,0,d,0,1,2,17,2,0,d,d,0,0,7,5,5,0,9,s,19,0
I43,0,4,1,7,1,0,0,0,2,3,0,3,0,1,2,17,2,0,29,0,0,0,7,5,5,0,9,s,19,0
I44,0,4,1,7,1,0,0,0,2,3,0,3,0,1,2,17,2,0,29,0,0,0,7,5,5,0,9,s,19,0
1449,d,4,1,7,1,0,0,d,2,3,0,3,0,1,2,17,2,0,d,0,0,0,d,5,d,0,d,s,19,0
1448,d,4,1,7,1,d,6,0,d,3,0,3,0,1,2,17,2,0,29,d,0,d,7,5,5,0,d,s,19,0
I45,0,4,1,7,1,0,0,0,2,3,0,3,0,1,2,17,2,16,29,0,0,0,7,5,5,0,9,s,19,0
1349,0,4,1,7,1,d,s,2,2,3,0,3,0,1,2,17,2,16,29,0,0,0,d,5,d,d,9,s,19,0
1348,d,4,1,7,1,0,d,0,2,3,0,3,0,1,2,d,d,d,29,0,d,d,7,d,5,d,9,s,d,0
I46,0,4,1,7,1,0,0,0,0,3,0,3,0,1,2,17,2,0,29,0,0,0,7,5,5,0,9,13,0,0
I47,0,4,1,7,1,0,0,0,0,3,0,3,0,1,2,17,2,0,29,0,0,0,7,5,5,0,9,13,0,0
1970,0,s,1,7,1,0,0,0,0,d,0,d,8,d,2,17,2,0,29,s,2,d,7,5,5,d,d,13,0,0
1192,0,4,1,7,1,0,d,d,0,3,0,3,0,1,2,17,2,d,29,d,0,3,7,d,5,d,9,13,0,d
I51,0,4,1,s,1,0,0,0,2,3,0,3,0,1,2,17,2,3,29,0,0,0,7,5,5,0,9,13,0,0
1124,0,4,1,s,1,0,0,7,d,3,0,3,d,1,2,17,2,d,29,0,0,0,7,5,5,0,9,13,0,0
1034,0,4,1,s,1,0,0,0,2,3,0,3,0,1,2,17,2,3,29,0,0,d,7,5,5,0,9,d,0,0
I54,0,4,1,7,1,34,0,0,2,3,0,3,0,1,2,17,2,0,29,0,0,0,7,0,5,0,9,13,0,1
I55,0,4,1,7,1,34,0,0,2,3,0,3,0,1,2,17,2,0,29,0,0,0,7,0,5,0,9,13,0,1
I58,0,4,1,7,1,34,0,0,2,3,0,3,0,1,2,17,2,0,29,0,0,0,7,0,5,1,9,13,0,1
1161,0,4,1,7,1,34,0,0,2,3,0,3,8,1,d,d,2,0,29,0,0,0,7,0,5,1,9,13,d,1
1160,13,4,d,s,1,34,0,d,d,3,0,s,0,1,2,17,2,d,29,0,d,d,7,0,5,d,9,13,0,1
I59,0,4,1,7,1,34,0,0,2,3,0,3,0,1,2,17,2,0,29,0,0,0,7,0,5,0,9,13,0,1
I60,0,4,s,7,1,34,0,0,2,3,42,3,0,1,2,17,2,10,29,0,0,0,7,0,5,1,9,13,0,1
1411,0,4,s,7,d,34,0,0,2,3,42,3,0,1,2,17,2,10,29,0,0,0,7,0,5,d,9,13,0,1
1410,0,4,s,7,1,34,s,0,2,3,42,3,12,1,2,17,d,10,29,0,d,0,7,0,5,1,9,d,0,1
I61,0,4,1,7,1,34,0,0,2,3,0,3,8,1,2,17,2,0,29,0,0,0,7,0,5,0,9,13,0,1
1483,0,4,1,7,d,34,0,0,2,3,0,3,8,1,2,17,2,0,29,0,0,0,7,0,5,0,9,13,0,1
1482,0,4,1,7,1,34,d,0,2,3,d,3,8,1,2,17,2,d,29,0,0,0,7,0,5,d,9,13,d,1
I62,0,4,1,7,1,34,0,0,2,3,0,3,0,1,2,17,2,0,29,0,0,0,7,0,5,0,9,13,0,1
1405,0,4,1,7,1,34,5,2,2,3,0,3,0,1,2,s,2,0,29,d,0,0,7,d,d,d,9,d,0,1
1338,7,4,1,7,1,d,5,0,2,3,0,3,0,1,2,17,2,0,29,0,0,6,7,d,s,d,9,13,0,1
I69,0,4,1,0,0,28,0,0,0,0,0,0,0,s,0,17,2,1,0,0,2,0,7,0,5,0,9,0,0,0
I70,0,4,1,19,0,28,0,7,0,0,0,0,0,s,0,17,2,1,0,0,2,0,s,0,5,0,9,0,0,1
I71,0,4,1,19,0,28,0,7,0,0,25,0,0,s,0,17,2,1,0,0,2,3,s,0,5,0,9,9,0,1
I72,0,4,1,19,0,28,0,7,0,8,25,0,0,s,0,17,2,1,0,0,2,3,s,5,5,0,9,9,0,1
1287,0,4,1,19,1,28,0,7,2,8,25,0,8,s,0,17,2,1,0,0,2,3,s,5,5,0,9,9,0,1
I76,0,4,1,19,0,28,0,7,0,8,25,4,0,s,0,17,2,1,0,0,2,3,s,5,5,0,9,9,0,1
1159,0,4,1,19,d,28,0,7,0,8,25,4,0,s,0,s,2,1,0,d,2,3,s,5,d,0,9,9,0,1
1253,0,d,1,19,0,28,0,7,0,d,25,d,0,s,0,17,2,d,21,3,2,3,s,5,d,1,9,9,0,d
I79,0,4,1,19,0,28,0,7,0,0,25,0,0,s,0,17,2,1,0,0,2,3,s,0,5,0,9,9,0,1
I80,0,4,1,s,0,28,0,7,0,0,25,0,0,s,0,17,2,1,0,0,2,3,s,s,5,0,9,9,0,1
1342,6,4,1,s,0,28,0,7,d,8,25,0,0,s,0,d,2,1,0,0,2,3,s,s,5,0,9,9,0,1
1718,d,d,1,s,0,28,0,7,0,s,25,0,0,s,0,17,2,d,8,0,2,3,s,s,5,0,9,9,0,1
1110,0,4,1,19,d,28,6,7,0,s,25,d,0,s,0,17,2,s,0,0,2,3,s,0,5,0,9,9,0,1
I87,0,4,1,s,0,28,0,7,0,0,0,0,0,s,0,17,2,1,0,0,2,3,s,5,5,5,9,0,9,1
I88,0,4,1,s,0,28,0,7,0,0,0,0,0,s,0,17,s,1,0,0,2,3,s,5,5,5,9,9,9,1
I89,0,4,1,s,0,28,0,s,0,0,0,0,0,s,0,17,s,1,0,18,2,3,s,5,5,5,9,9,9,1
1191,d,4,1,s,0,d,d,s,2,d,d,0,d,s,0,17,s,1,0,18,2,3,s,5,5,5,9,9,9,d
1298,7,4,1,s,0,28,0,s,0,d,0,d,0,s,d,17,s,1,0,18,2,3,s,5,d,5,9,9,9,1
I92,0,4,1,s,0,28,0,7,0,0,0,0,0,s,0,17,s,1,0,0,2,3,s,5,5,5,9,9,9,1
1262,0,d,1,s,1,28,0,7,0,d,0,0,0,s,2,17,s,1,d,0,2,s,s,5,5,5,9,9,9,1
1376,0,4,1,s,0,28,0,7,0,0,6,0,0,s,d,17,s,1,21,18,2,3,s,5,5,5,9,9,9,1
I95,0,4,1,s,0,28,0,7,0,0,0,0,0,s,0,17,2,1,0,s,2,3,s,5,5,5,9,0,9,1
I96,0,4,1,s,0,28,0,7,0,0,0,s,1,s,0,17,s,1,2,s,2,3,s,5,5,5,9,13,9,1
1250,0,d,1,s,0,28,0,7,0,0,0,s,d,s,0,17,s,1,2,s,2,d,s,5,5,5,9,13,9,1
1078,0,4,1,s,d,28,0,7,0,0,0,s,1,s,0,17,s,1,d,s,2,3,s,5,5,5,9,d,9,1
I99,0,4,1,s,0,28,0,s,0,0,0,0,0,s,0,17,2,1,0,s,2,3,s,5,5,5,9,0,9,1
I100,0,4,1,s,0,28,0,s,0,0,6,0,0,s,0,17,2,1,0,s,2,3,s,5,5,5,9,0,9,1
1173,d,4,1,s,1,28,0,s,0,d,6,0,0,s,0,17,2,1,d,s,2,3,s,5,5,5,9,0,9,d
1172,d,4,1,s,0,28,0,s,0,0,6,0,0,s,d,17,2,1,0,s,2,3,s,5,5,d,9,d,d,1
1406,0,4,1,s,d,28,s,s,d,0,d,d,d,s,0,17,d,1,0,s,2,3,s,5,5,5,9,0,d,1
I102,0,4,1,0,0,28,0,0,0,0,0,0,0,s,0,17,2,1,0,0,2,0,7,0,5,0,9,0,11,0
I103,0,4,1,0,0,28,0,0,0,3,0,0,0,s,0,17,2,1,5,0,2,0,7,0,5,0,9,0,11,0
I104,0,4,1,0,0,28,0,0,0,3,0,2,0,s,0,17,2,1,5,26,2,0,7,0,5,0,9,0,11,1
1058,0,4,1,0,0,28,s,7,2,3,7,2,0,s,d,17,2,1,5,26,2,d,d,0,5,0,9,0,d,1
I109,0,4,1,0,0,28,0,8,0,3,0,2,0,s,0,17,2,1,s,26,2,0,7,0,5,0,9,0,11,1
I110,0,4,1,0,0,28,4,8,0,3,0,2,0,s,0,17,2,1,s,26,2,3,7,0,5,0,9,0,11,1
1866,0,4,1,0,0,28,4,8,0,3,0,2,0,s,0,17,2,1,s,26,2,3,7,5,5,0,9,d,d,1
I112,0,4,1,0,0,28,4,8,0,3,0,2,0,s,0,17,2,1,s,26,2,3,7,5,5,0,9,0,11,1
1885,0,4,1,0,1,28,d,d,0,3,0,2,9,s,0,17,2,1,s,26,d,3,7,5,d,0,9,0,11,1
1884,0,4,1,0,0,28,4,8,0,3,d,2,d,s,0,17,2,1,s,26,2,3,7,d,5,0,9,0,11,1
I113,0,4,1,0,0,28,0,8,0,3,0,2,0,s,4,17,2,1,s,26,2,0,7,0,5,0,9,0,11,1
I114,0,4,1,0,1,28,0,8,0,3,0,2,s,s,4,17,2,1,s,26,2,0,7,0,5,0,9,0,11,1
2045,0,4,d,d,d,28,0,8,0,3,d,2,s,s,4,17,2,1,s,26,2,d,7,0,d,0,9,0,11,1
2044,0,4,1,0,1,28,d,8,0,3,0,2,s,s,d,17,2,1,s,26,2,d,d,0,5,0,9,0,11,1
2031,0,4,d,3,d,28,d,8,0,3,d,2,12,s,4,17,2,1,s,26,d,0,7,0,d,0,9,s,d,1
I116,0,4,1,0,0,28,0,0,2,3,0,0,0,s,0,17,2,1,5,0,2,0,7,0,5,1,9,0,11,0
I118,0,4,1,0,0,28,0,0,2,3,0,2,0,s,s,17,2,1,5,0,2,0,7,5,5,1,9,0,11,0
1099,0,4,d,0,d,28,0,0,2,d,2,d,d,s,s,17,d,1,5,d,2,0,d,5,5,1,9,0,11,0
1098,0,4,1,0,0,d,0,0,2,3,0,2,0,s,s,17,2,1,5,0,2,0,d,5,5,1,9,d,11,0
I120,4,4,1,0,0,28,0,0,2,3,0,0,0,s,0,17,2,1,5,0,2,0,7,0,5,1,9,0,11,0
1022,4,4,1,0,d,28,0,0,d,3,18,4,12,s,0,17,2,1,5,0,2,d,7,0,5,1,9,0,d,1
1965,4,4,1,0,0,28,0,0,2,3,0,0,0,s,0,17,d,1,5,0,s,0,7,0,d,1,9,0,11,0
I124,0,4,1,0,0,28,0,0,0,0,0,0,8,s,0,17,2,1,0,0,2,0,7,0,5,0,9,0,11,0
I125,7,4,1,0,0,28,0,0,0,0,0,4,8,s,0,17,2,1,0,0,2,0,7,0,5,0,9,7,11,0
1301,7,4,d,0,s,28,0,0,0,0,0,4,8,s,0,d,d,1,0,0,2,0,7,0,5,0,d,s,11,0
1727,7,4,d,0,0,28,d,d,2,0,d,d,8,s,0,17,2,d,0,18,d,d,d,0,5,5,9,7,11,d
I132,0,4,1,0,1,28,0,0,0,0,0,0,8,s,0,17,2,1,0,0,2,0,7,0,5,0,9,0,11,0
I133,0,4,1,0,1,28,0,0,0,3,0,0,8,s,0,17,2,1,0,0,2,0,7,0,5,0,9,0,11,0
1095,0,4,1,0,1,d,0,3,0,3,0,4,d,s,0,17,2,s,0,0,d,0,7,0,5,0,9,0,11,1
1045,0,4,1,0,1,d,0,0,0,d,0,d,8,s,2,d,d,1,d,d,2,0,7,0,5,0,d,0,11,0
I136,0,4,1,0,1,28,0,0,0,3,0,0,8,s,0,17,2,1,0,0,2,3,7,0,5,0,9,0,11,0
I137,0,4,1,0,1,s,0,0,0,3,0,0,8,s,0,17,2,1,0,0,2,3,7,0,5,0,9,0,11,0
1165,d,d,1,0,1,s,0,0,d,3,0,0,8,s,d,17,2,1,0,0,2,3,7,5,5,0,9,0,11,0
1164,d,4,1,9,1,s,0,0,0,3,d,0,d,s,0,17,2,d,0,24,2,3,7,0,5,0,d,0,11,0
I138,0,4,1,0,1,28,0,0,0,3,41,0,8,s,0,17,2,1,13,0,2,3,7,0,5,0,9,0,11,0
1081,0,d,1,0,1,28,0,0,0,3,41,0,d,s,0,17,d,1,13,0,2,3,d,0,5,0,9,0,11,0
1080,0,4,1,d,1,28,0,0,0,3,41,0,8,s,0,d,2,1,13,0,2,3,7,0,5,0,9,0,11,0
I139,0,4,1,0,1,0,0,0,2,0,0,0,0,13,0,17,2,0,15,0,0,0,7,5,5,1,9,0,0,0
I140,0,4,1,0,1,34,0,0,2,0,0,0,0,13,0,17,2,0,15,0,0,0,7,5,5,1,9,0,0,0
I141,0,4,1,0,1,34,9,0,2,3,0,1,0,13,0,17,2,0,15,s,0,0,7,5,5,1,9,0,0,0
I143,0,4,1,0,1,34,9,0,2,3,0,1,0,13,0,17,2,0,15,s,0,0,7,5,5,1,9,0,0,0
1784,0,4,1,0,d,34,9,d,2,d,0,1,d,13,d,17,2,8,15,s,0,0,7,5,5,1,9,0,d,0
1805,0,4,d,0,1,34,d,0,d,3,14,1,0,13,1,d,2,0,15,s,s,0,7,d,d,1,9,0,0,0
I154,0,4,1,0,1,34,9,0,2,3,0,1,0,13,0,17,2,0,15,s,0,0,7,5,5,1,9,0,0,0
I158,0,4,1,0,1,34,9,8,2,3,0,1,8,13,0,17,2,0,15,s,2,0,7,5,5,1,9,0,0,0
1579,0,4,1,0,1,34,9,8,2,3,0,1,8,13,0,17,d,0,d,s,d,0,d,5,5,1,9,0,0,0
1725,d,4,1,0,1,34,9,8,d,3,0,1,8,13,d,17,2,d,15,s,d,0,7,d,5,d,9,0,0,0
I161,0,4,1,0,1,34,9,0,2,3,0,1,0,13,0,17,2,0,15,s,0,3,7,5,5,1,9,0,0,0
I162,0,4,1,0,1,34,9,8,2,3,0,1,0,13,0,17,2,0,15,s,0,3,7,5,5,1,9,0,0,0
I163,0,4,1,0,1,34,9,8,2,3,0,1,0,13,0,17,2,0,15,s,0,3,7,5,5,s,9,0,0,0
1365,0,4,1,0,1,d,9,8,2,3,d,1,0,s,0,17,2,11,d,s,2,d,7,5,d,s,9,0,0,0
1364,0,4,1,0,1,34,9,8,d,3,d,1,0,13,d,17,2,0,d,s,0,3,7,5,5,s,9,0,20,0
1669,0,4,1,0,1,34,9,8,2,3,d,1,0,13,0,17,2,0,15,s,0,3,7,5,5,1,9,0,0,0
I165,0,4,1,0,1,34,9,0,2,3,0,1,0,13,0,17,2,1,15,s,0,3,7,5,5,1,9,0,0,1
1902,0,4,1,0,1,d,s,d,2,3,d,d,0,13,0,17,2,1,15,s,0,3,7,5,5,1,9,0,7,d
1667,0,4,1,0,1,d,d,0,2,3,0,1,d,13,0,d,2,1,15,s,0,3,d,d,5,1,9,0,d,s
I168,0,4,1,0,1,s,5,0,2,0,0,0,7,13,0,17,2,0,15,0,0,0,7,5,5,1,9,0,0,0
I169,0,4,s,0,1,s,5,2,2,3,0,0,s,13,0,17,2,0,15,0,0,0,7,5,5,1,9,13,0,0
I170,0,4,s,0,s,s,5,2,2,3,0,0,s,13,0,17,2,0,15,0,0,0,7,5,5,1,9,13,0,0
I171,s,4,s,0,s,s,5,2,2,3,0,0,s,13,0,17,2,0,15,0,0,0,7,5,5,1,9,13,s,0
I172,s,4,s,20,s,s,5,2,2,3,0,0,s,13,0,17,2,0,15,27,0,0,7,5,5,1,9,13,s,0
1815,s,d,s,20,s,s,d,2,2,3,0,0,s,13,0,17,2,0,15,27,0,d,7,5,5,1,9,13,s,0
1814,s,4,s,20,s,s,5,2,2,3,0,0,s,d,0,17,2,0,15,27,d,0,7,5,d,1,9,13,s,0
1886,s,4,s,3,s,s,5,d,2,3,0,3,s,13,0,17,2,0,s,0,2,0,7,5,5,1,9,13,s,0
I174,0,4,s,0,s,s,5,2,2,3,0,0,s,13,0,17,2,0,15,0,0,0,7,5,5,1,9,13,0,0
1942,0,4,s,0,s,s,5,2,2,3,0,2,s,13,0,17,d,0,15,0,d,0,7,5,5,1,9,13,0,0
2008,0,4,s,0,s,s,5,2,2,3,0,d,s,13,0,17,2,d,15,0,0,0,7,5,5,d,d,13,0,0
I177,0,4,s,15,1,s,5,2,2,3,0,0,s,13,0,17,2,0,15,0,2,0,7,5,5,1,9,13,0,0
1878,0,d,s,15,1,s,5,2,2,3,0,0,s,13,0,17,2,d,15,d,d,0,7,5,5,1,9,13,0,0
2042,0,4,s,15,1,s,5,2,2,3,6,0,s,13,d,17,2,0,15,0,2,0,7,d,5,d,9,13,0,0
I183,0,4,1,0,1,s,5,0,2,0,s,0,7,13,0,17,2,0,15,0,0,0,7,5,5,1,9,0,0,0
I185,0,4,1,0,1,s,5,0,2,0,s,0,7,13,0,17,2,0,15,0,0,6,7,5,5,1,9,0,0,0
1574,0,4,1,17,1,s,5,d,d,0,s,d,d,13,0,17,d,0,15,0,2,6,7,5,5,1,9,0,0,0
I187,0,4,1,3,1,s,5,0,2,3,s,0,7,13,0,17,2,0,15,0,0,6,7,5,5,1,9,13,0,0
1715,7,4,1,3,1,s,5,7,2,d,s,0,7,13,0,17,2,0,15,0,0,6,7,5,5,1,9,13,0,0
1714,0,4,1,d,d,s,5,0,2,3,s,0,7,13,2,17,2,0,15,0,0,6,7,5,5,1,9,13,0,0
I191,0,4,1,0,1,s,5,0,2,0,s,0,7,13,0,17,2,0,15,12,0,0,7,5,5,1,9,13,0,0
I192,0,4,1,7,1,s,5,0,2,0,s,0,7,13,0,17,2,0,15,12,0,0,7,5,5,1,9,13,2,0
I193,0,4,1,7,1,s,5,0,2,0,s,4,7,13,0,17,2,0,15,12,0,0,7,5,5,1,9,13,2,0
1793,0,d,1,7,d,s,5,0,2,0,s,4,7,13,0,17,2,0,d,12,0,0,7,5,5,1,9,13,2,d
1792,0,4,1,7,1,s,5,0,2,0,s,4,7,13,0,17,d,0,15,12,d,0,7,5,5,1,9,13,2,0
1544,s,4,1,7,1,s,5,2,2,d,s,0,7,13,0,17,2,6,15,12,0,0,d,d,d,1,9,13,2,0
I195,7,4,1,0,1,s,5,0,2,3,s,0,7,13,0,17,2,0,15,12,0,0,7,5,5,1,9,13,0,0
1536,7,4,1,d,s,s,5,0,2,d,s,d,7,13,0,d,2,0,15,12,d,0,7,5,d,1,9,13,0,0
I197,7,4,1,15,1,s,5,0,2,3,s,0,7,13,0,17,2,0,15,12,0,0,7,5,5,1,9,13,0,0
1373,7,4,1,15,1,s,5,0,2,3,s,0,7,13,0,17,2,0,15,12,0,0,7,5,5,1,9,13,d,0
1372,7,4,1,15,1,s,d,0,2,3,s,0,7,13,0,17,d,0,d,12,d,0,7,5,5,1,9,13,0,d
I198,4,s,1,0,1,0,0,0,2,0,s,0,8,13,0,17,2,0,15,0,s,0,7,5,5,1,9,0,0,0
I199,4,s,1,6,1,0,0,7,2,0,s,0,8,13,0,17,2,0,15,3,s,0,7,5,5,1,9,0,0,0
I209,4,s,1,6,1,0,0,7,2,0,s,0,8,13,2,17,2,4,15,3,s,0,7,5,5,1,9,16,0,0
1025,4,s,1,d,1,0,0,7,2,7,s,0,8,d,2,17,2,4,15,3,s,0,d,5,5,1,9,d,0,0
1024,4,s,1,6,1,0,d,7,2,0,s,0,8,13,2,17,2,4,d,3,s,0,7,5,d,d,9,16,0,1
I210,4,s,1,6,1,0,0,7,2,0,s,0,8,13,0,17,2,0,15,3,s,0,7,5,5,1,9,0,0,0
I211,4,s,1,6,1,0,0,7,2,0,s,0,8,13,0,17,2,0,15,3,s,0,7,s,5,1,9,0,0,0
1040,4,s,d,6,1,0,0,7,2,6,s,4,8,13,s,17,2,d,d,3,s,0,7,s,s,1,9,d,0,0
I213,4,s,1,6,1,4,0,7,2,0,s,4,8,13,0,17,2,0,15,3,s,0,7,s,5,1,9,0,0,0
2007,4,s,1,6,d,4,0,d,2,0,s,4,8,d,0,d,2,0,15,3,s,0,7,s,d,1,9,0,0,0
2012,4,s,1,6,1,d,0,7,2,d,s,4,8,13,0,17,2,0,15,3,s,0,d,s,5,d,d,0,d,0
1427,4,s,1,6,1,0,0,7,2,3,s,0,s,d,0,17,2,0,d,3,s,0,7,5,d,1,9,13,0,0
I223,4,s,1,0,1,0,8,1,2,3,s,0,8,13,0,17,2,0,15,0,s,6,7,5,5,1,9,11,0,0
I224,4,s,1,0,1,0,8,1,2,3,s,0,8,13,0,17,2,0,15,0,s,6,s,5,5,1,9,11,0,0
I225,4,s,1,0,1,0,8,1,2,3,s,0,8,13,0,17,2,0,15,0,s,6,s,5,5,1,9,11,0,0
I226,4,s,1,0,1,0,8,1,2,3,s,0,8,13,0,17,2,0,15,0,s,6,s,5,5,1,9,11,0,0
I227,4,s,1,0,1,0,8,1,2,3,s,0,8,13,0,17,2,0,15,s,s,6,s,5,5,1,9,11,0,0
1549,4,s,1,0,d,0,8,1,2,3,s,d,8,13,0,17,2,0,15,s,s,d,s,5,5,d,9,11,0,0
1548,4,s,1,0,1,27,8,1,2,3,s,0,8,13,0,d,d,0,15,s,s,6,s,5,5,1,9,11,d,0
1594,4,s,1,0,1,d,8,1,2,d,s,0,8,13,0,17,2,0,15,0,s,6,s,5,5,1,9,11,0,0
I229,4,s,1,0,1,0,8,1,2,3,s,0,8,13,0,17,2,0,15,0,s,6,s,5,5,1,9,11,0,0
1832,4,s,1,d,1,0,8,1,2,3,s,0,8,13,0,17,2,0,15,13,s,6,s,5,5,d,9,11,d,0
1661,4,s,1,s,1,0,8,1,2,3,s,0,d,13,0,17,2,0,15,0,s,6,s,5,5,1,9,11,d,0
I232,4,s,1,0,1,8,8,1,2,3,s,4,8,13,0,s,2,0,15,15,s,6,s,5,5,1,9,11,0,0
I233,4,s,1,6,1,8,8,s,2,3,s,4,8,13,0,s,2,0,15,15,s,6,s,5,5,1,9,11,0,0
1487,4,s,d,6,1,8,d,s,2,3,s,4,8,13,0,s,2,d,d,15,s,6,s,5,5,1,9,11,0,0
1562,4,s,d,6,1,d,8,s,2,3,s,4,8,d,0,s,2,0,15,15,s,6,s,5,5,1,d,11,0,0
I236,4,s,1,0,1,8,8,1,2,3,s,4,8,13,0,s,2,0,15,15,s,6,s,5,5,1,9,11,0,0
1625,4,s,d,d,1,8,d,1,2,3,s,4,8,13,0,s,2,0,15,15,s,6,s,5,5,s,9,11,0,1
1441,d,s,1,0,1,8,d,1,d,3,s,4,8,13,0,s,2,0,s,15,s,6,s,5,5,1,9,11,0,0
I239,4,s,1,0,1,0,8,1,2,3,s,0,s,13,0,17,2,0,15,0,s,s,7,5,5,1,9,11,0,0
I240,4,s,1,0,1,0,8,1,2,3,s,s,s,13,0,17,2,0,15,0,s,s,7,5,5,1,9,11,0,0
1951,d,s,1,0,1,0,8,1,2,3,s,s,s,13,0,17,2,0,d,0,s,s,7,5,d,1,9,11,2,0
985,4,s,1,0,d,d,8,1,2,3,s,s,s,13,2,17,d,0,15,d,s,s,7,5,5,1,9,11,0,0
I246,4,s,1,0,1,0,8,1,2,3,s,0,s,13,0,17,2,0,15,0,s,s,7,5,5,1,9,11,0,0
2021,4,s,1,0,1,s,8,1,2,3,s,s,s,13,0,17,2,0,15,10,s,s,7,5,5,1,9,11,0,0
I250,4,s,1,0,1,8,8,1,2,3,s,0,s,13,0,17,2,s,15,0,s,s,7,5,5,s,9,11,8,1
1997,4,s,1,0,d,8,8,1,2,3,s,0,s,13,0,17,2,s,15,0,s,s,d,5,d,s,9,11,8,1
1996,4,s,1,0,1,8,8,1,d,d,s,0,s,13,0,17,2,s,15,0,s,s,7,d,d,s,9,11,8,1
I251,0,4,1,0,1,0,0,0,0,3,0,0,0,0,0,17,2,0,0,0,0,0,0,0,5,0,0,0,0,0
I252,0,4,1,0,1,0,0,0,2,3,0,0,0,12,0,17,2,0,8,0,0,0,0,0,5,0,0,0,0,0
I253,0,4,1,0,1,0,0,0,2,3,0,0,0,12,0,17,2,0,8,0,0,0,0,0,5,0,0,0,0,0
I254,15,4,1,3,1,0,0,0,2,3,0,0,0,12,0,17,2,0,8,6,0,0,0,5,5,0,25,0,0,0
I255,15,4,1,s,1,0,0,0,2,3,0,0,8,12,0,17,2,0,8,6,0,0,0,5,5,0,s,0,0,0
I256,15,4,1,s,1,0,0,0,2,3,0,0,8,12,0,17,2,0,8,6,0,3,7,5,5,0,s,0,0,0
I257,15,4,1,s,1,0,3,0,2,3,0,0,8,12,2,17,2,0,s,6,2,3,7,5,5,0,s,0,0,3
1223,15,4,1,s,1,s,3,0,2,3,1,d,8,12,d,17,2,6,s,6,2,3,7,5,5,1,s,0,11,3
1378,15,4,1,s,1,0,3,0,2,3,0,3,8,12,2,17,2,0,s,6,2,3,7,5,5,0,s,d,0,3
I260,15,4,1,s,1,0,0,0,2,3,0,0,8,12,0,17,2,0,8,6,0,3,7,5,5,0,s,0,11,0
I261,15,4,1,s,1,0,0,0,2,3,1,0,8,12,2,17,2,0,8,6,0,3,7,5,5,0,s,0,11,0
1069,d,4,1,s,1,0,0,2,2,3,1,0,8,12,2,d,2,0,d,6,0,d,7,5,5,d,s,0,11,d
1068,15,4,1,s,1,0,0,d,d,3,1,0,8,d,2,17,d,0,8,s,0,3,7,5,5,0,s,0,11,0
1359,15,4,1,s,1,13,4,d,2,3,0,s,8,12,0,17,2,d,8,6,0,3,7,5,5,0,s,0,11,d
I263,15,4,1,s,1,0,0,0,2,3,0,0,8,12,0,17,2,0,8,6,0,0,0,5,5,0,s,0,8,0
1254,15,4,1,s,s,d,3,0,d,3,0,0,s,d,d,17,2,0,8,6,2,0,13,5,5,0,s,0,8,1
I267,15,4,1,s,1,0,0,0,2,3,0,0,8,12,0,17,2,0,8,6,0,0,0,5,5,0,s,0,8,5
I268,15,4,1,s,1,0,0,0,2,3,0,0,8,12,0,17,2,0,8,6,s,0,0,5,5,0,s,0,8,5
1055,15,4,1,s,1,0,0,0,2,3,0,0,8,12,0,17,2,0,8,6,s,0,0,d,5,0,s,0,8,5
1054,15,d,1,s,1,0,0,0,2,3,0,0,8,d,0,17,2,d,d,6,s,d,d,5,5,0,s,0,8,5
I269,15,4,1,s,1,0,0,0,2,3,0,0,8,12,0,17,2,0,8,6,2,3,0,5,5,0,s,0,8,s
1279,15,4,1,s,1,0,0,3,2,3,0,0,8,12,0,17,2,0,8,6,2,3,7,5,5,0,s,0,8,s
1278,15,4,d,s,1,0,d,0,2,d,d,0,d,12,0,17,2,d,d,6,2,3,22,5,5,0,s,0,8,s
I270,15,4,1,3,1,0,0,0,2,3,0,0,0,12,0,17,2,0,8,6,2,0,0,5,5,0,25,0,0,1
I271,15,4,1,3,1,0,4,0,2,3,0,0,0,12,0,17,2,0,8,6,2,0,0,5,5,0,25,0,0,1
I272,15,4,1,3,1,0,4,0,2,3,0,0,0,12,0,17,2,0,8,6,2,0,0,5,5,0,25,0,0,1
1005,15,4,1,3,d,0,4,d,2,3,0,0,8,12,0,17,2,0,s,d,d,0,0,s,5,0,25,7,0,1
I275,15,4,1,3,1,0,4,0,2,3,2,0,0,12,0,s,2,0,8,6,2,0,0,5,5,0,25,0,0,1
1995,15,4,1,3,1,0,4,d,d,3,d,0,0,12,0,s,s,d,8,d,2,0,0,5,5,0,25,0,d,1
1994,d,4,1,3,1,0,4,0,2,3,2,0,d,12,0,s,2,0,8,6,2,0,0,5,5,0,25,0,0,1
I277,15,4,1,3,1,0,4,0,2,3,0,4,0,12,0,17,2,0,8,6,2,0,0,5,5,0,25,0,0,1
1073,d,4,1,3,1,0,4,0,2,3,s,d,0,12,0,17,2,0,d,6,d,0,0,5,5,0,25,0,0,1
1186,d,4,1,3,1,0,4,0,2,3,0,4,0,12,0,d,d,0,8,6,2,0,0,5,5,0,25,0,3,1
I280,15,4,1,3,1,0,0,0,2,3,0,0,0,12,0,17,2,0,8,6,2,0,0,5,5,0,25,0,0,1
I281,15,4,1,3,1,0,8,0,2,3,0,s,0,12,0,17,2,0,8,6,2,0,0,5,5,0,25,0,0,1
I282,15,4,1,s,1,0,8,2,2,3,0,s,0,12,0,17,2,0,8,6,2,0,0,5,5,0,25,0,0,1
1319,d,d,1,s,1,0,8,2,2,3,0,s,0,12,0,17,2,0,8,6,d,0,0,5,5,0,25,3,0,1
1318,15,4,1,s,1,31,8,2,2,3,0,s,0,12,6,17,2,0,8,d,2,0,0,d,5,0,d,0,d,1
1181,15,4,1,3,1,d,8,7,2,3,0,s,0,d,0,17,2,0,8,6,2,4,0,5,5,0,25,d,0,1
I284,15,4,1,3,1,0,0,2,2,3,0,2,0,12,0,17,2,0,8,6,s,5,0,5,5,0,25,0,0,1
1773,15,4,1,3,1,0,0,d,2,3,0,2,0,12,d,17,d,0,d,d,s,d,0,5,d,0,25,0,d,1
1475,15,4,1,3,1,d,0,2,d,3,0,2,0,d,0,17,2,0,8,6,s,5,0,5,5,1,25,0,8,1
I287,0,4,1,0,1,0,0,0,2,3,0,s,0,12,0,17,s,0,8,0,0,0,0,5,5,0,0,0,0,0
I288,0,4,1,7,1,0,0,0,2,3,0,s,0,12,0,17,s,0,8,0,0,0,0,5,5,0,0,0,0,0
1489,0,4,1,7,1,4,d,2,2,3,d,s,1,12,d,17,s,0,8,0,2,6,0,d,5,0,8,0,0,0
I296,0,4,1,7,1,0,0,3,2,3,0,s,0,12,0,17,s,1,8,0,0,0,0,5,5,0,0,8,0,0
I297,0,4,1,7,1,10,0,3,2,3,0,s,0,12,0,17,s,1,8,0,0,0,0,5,5,0,0,8,0,0
I298,0,4,1,7,1,10,0,3,2,3,0,s,0,12,0,17,s,1,8,0,0,0,0,5,5,0,0,8,0,5
1733,0,4,1,7,1,10,0,3,2,3,0,s,d,12,0,d,s,1,8,0,0,0,0,5,5,0,0,8,d,5
1732,0,4,1,7,1,10,0,3,2,3,0,s,0,12,0,17,s,1,8,d,0,d,0,5,5,0,0,d,0,5
1147,0,4,1,7,1,10,0,3,d,3,6,s,0,12,0,17,s,1,8,0,0,0,0,5,5,0,0,d,0,0
1238,d,4,1,7,d,16,11,3,2,3,0,s,0,12,0,17,s,1,8,0,0,0,8,5,5,0,0,8,0,s
I303,0,4,1,0,1,s,0,0,2,3,0,s,0,12,0,17,s,0,8,0,0,0,0,5,5,0,0,0,0,0
I304,0,4,1,0,1,s,0,0,2,3,0,s,s,12,0,17,s,0,8,21,0,0,0,5,5,1,0,0,0,0
1798,7,4,1,s,1,s,0,0,2,3,2,s,s,12,2,17,s,s,8,21,0,4,0,5,5,1,s,0,d,0
I309,4,4,1,0,1,s,0,0,2,3,0,s,s,12,0,17,s,0,8,21,0,4,0,5,5,1,2,0,0,0
1841,4,4,1,0,d,s,0,0,2,3,0,s,s,12,d,17,s,0,d,21,0,4,0,5,5,1,2,0,0,d
1840,4,4,1,d,1,s,0,0,2,3,0,s,s,12,0,d,s,0,d,21,0,4,0,5,5,d,2,0,d,0
I310,0,4,1,0,1,s,0,0,2,3,0,s,0,12,0,17,s,0,8,0,0,0,0,5,5,0,0,0,0,0
I311,0,4,1,0,1,s,0,0,2,3,0,s,0,12,0,17,s,0,8,1,0,0,0,5,5,0,0,0,0,0
I312,0,4,1,0,1,s,4,0,2,3,0,s,0,12,0,17,s,0,8,1,0,0,5,5,5,0,0,0,0,0
1745,0,4,1,0,d,s,4,0,2,3,0,s,d,12,0,17,s,0,8,d,0,0,5,5,5,0,0,0,0,0
1744,0,4,1,0,1,s,4,0,2,3,0,s,d,d,0,d,s,0,8,1,0,0,5,5,5,0,0,0,0,3
1368,0,4,1,0,1,s,0,d,2,3,d,s,0,12,0,17,s,0,d,1,0,0,0,5,5,0,0,4,0,d
I314,0,4,1,0,1,s,0,0,2,3,0,s,0,s,0,17,s,0,8,0,2,0,0,5,5,0,0,0,0,1
1782,7,4,1,0,1,s,0,0,2,d,d,s,0,s,0,d,s,d,8,0,2,3,d,5,5,0,0,0,2,d
I316,0,4,1,0,1,s,0,0,2,3,0,s,0,s,0,17,s,0,8,0,2,0,0,5,5,0,0,0,0,1
1889,0,4,1,0,1,s,0,0,2,3,0,s,0,s,d,17,s,0,8,0,d,0,d,5,5,0,0,0,0,d
1888,0,4,1,0,1,s,0,0,2,d,0,s,0,s,d,17,s,0,8,0,2,0,0,5,5,0,0,0,0,1
I317,0,4,1,0,1,0,0,8,2,3,0,0,0,12,2,17,2,2,8,0,0,0,0,0,5,0,0,0,0,s
I318,0,4,1,0,1,0,11,8,2,3,0,0,8,12,2,17,2,2,8,0,0,0,9,0,5,0,0,0,0,s
I319,0,4,1,0,1,1,11,8,2,3,0,0,8,12,2,17,2,2,8,0,0,0,9,0,5,1,0,13,0,s
I320,0,4,1,0,1,1,11,8,2,3,0,0,8,12,2,17,2,2,8,0,0,0,9,0,5,1,0,13,0,s
I321,0,4,1,0,1,1,s,8,2,3,40,0,8,12,2,17,2,2,8,0,0,0,9,0,5,1,0,13,0,s
1801,0,4,1,0,1,1,s,8,2,3,40,0,8,12,2,17,d,d,8,0,2,0,9,d,5,d,0,13,0,s
1375,0,4,1,0,1,1,s,8,2,3,40,0,8,12,2,17,2,2,8,d,0,d,d,0,5,d,d,13,0,s
I324,0,4,1,0,1,1,11,8,2,3,0,0,8,12,2,17,2,2,8,0,0,0,9,0,5,1,0,13,0,s
1454,s,4,1,0,1,1,11,8,2,3,0,0,8,12,2,17,2,2,8,0,0,0,9,0,5,1,d,d,9,s
1428,0,s,1,7,1,1,11,s,2,3,0,0,8,12,2,d,2,2,8,0,d,0,9,5,5,1,1,13,0,s
I327,0,4,1,6,1,1,11,8,2,3,0,0,8,12,2,17,2,2,8,0,0,0,9,0,5,1,0,13,0,s
1128,0,4,1,6,1,1,11,8,2,3,0,0,d,12,2,17,2,2,8,0,0,0,9,0,5,d,d,13,0,s
1140,0,4,1,6,1,1,11,8,2,3,0,2,8,12,2,17,d,2,8,0,2,1,d,0,5,1,0,13,11,s
I334,0,4,1,13,1,0,11,8,2,3,0,0,8,12,2,17,2,2,8,0,0,0,9,0,5,0,0,0,0,s
I335,0,4,1,13,1,0,11,8,2,3,0,0,8,12,2,17,2,2,8,0,0,0,9,0,5,0,0,0,0,s
I336,0,4,1,13,1,0,11,8,2,3,0,0,8,12,2,17,2,2,8,0,0,0,9,3,5,0,0,0,0,s
I337,4,4,1,13,1,0,11,8,2,3,0,0,8,12,2,17,2,2,8,0,0,0,9,3,5,0,0,0,0,s
1977,4,d,1,13,1,0,11,8,2,3,0,d,8,d,2,17,2,2,d,0,0,0,9,3,5,0,0,0,0,s
1976,4,4,d,13,1,0,11,8,2,d,0,0,8,12,2,17,2,d,8,0,0,0,9,3,5,0,d,0,0,s
I338,0,4,1,13,1,0,11,8,2,3,0,0,8,12,2,17,2,2,8,0,0,0,9,3,5,0,0,0,0,s
1897,0,4,1,13,1,0,11,8,2,3,0,0,8,12,2,17,2,2,8,0,0,0,9,d,5,0,0,0,0,s
1896,d,4,1,13,1,d,11,8,2,3,0,0,d,12,2,17,2,d,8,0,0,0,d,3,5,0,0,0,0,s
I339,0,4,1,13,1,0,11,8,2,3,0,0,8,12,2,17,2,2,8,0,0,0,9,0,5,0,0,0,0,s
1664,0,4,1,13,1,0,11,8,d,3,0,0,8,12,2,17,2,2,d,0,0,0,9,0,5,0,0,d,0,s
1899,d,4,1,13,1,d,11,8,d,d,s,0,d,d,2,s,2,2,8,0,d,0,9,0,5,0,d,0,0,s
I342,0,4,1,13,1,0,11,8,2,3,7,0,8,12,2,17,2,2,8,0,0,0,9,0,5,0,0,0,0,s
I343,0,4,1,13,1,0,11,8,2,3,7,0,8,12,2,17,2,2,8,0,0,0,9,0,s,0,0,0,0,s
1734,0,4,1,13,1,0,11,d,d,d,7,0,d,12,2,17,2,2,d,0,0,3,9,3,s,0,0,d,0,s
I345,0,4,1,13,1,0,11,8,2,3,7,0,8,12,2,17,2,2,8,0,0,0,9,0,s,0,0,0,0,s
1695,0,4,d,13,1,0,d,d,d,d,7,0,8,d,2,17,2,2,8,d,0,0,9,0,s,0,0,0,0,s
1694,0,4,1,13,1,0,11,8,2,d,7,0,8,12,2,17,2,2,8,0,0,d,9,0,s,0,0,0,0,s
I346,0,4,1,13,1,37,11,8,2,3,7,0,8,12,2,17,2,s,8,43,0,0,9,0,5,1,0,0,0,s
1937,0,4,1,13,1,37,11,8,2,3,7,0,8,12,d,17,2,s,8,43,0,5,9,0,5,1,0,0,0,s
1499,0,4,1,d,d,37,11,8,2,3,7,0,8,12,2,17,2,s,8,43,2,s,9,5,s,1,0,0,0,s
I349,0,4,1,7,1,0,0,8,2,3,0,0,8,12,2,17,2,2,8,0,0,0,0,0,5,0,0,0,0,s
I350,0,4,1,7,1,0,8,8,2,3,7,0,8,12,2,17,2,2,8,0,0,3,0,0,5,s,0,0,0,s
I351,0,4,1,7,1,0,8,8,2,3,7,0,8,12,2,17,2,2,8,0,0,3,0,0,5,s,1,0,9,s
I352,0,4,1,7,1,13,8,8,2,3,7,0,8,12,2,17,2,2,8,0,0,3,0,0,5,s,1,0,9,s
1712,0,4,d,d,1,13,8,8,d,s,d,0,8,12,2,17,2,2,8,0,0,3,0,0,5,s,1,0,9,s
I354,0,4,1,7,1,13,8,8,2,s,7,0,8,12,2,17,2,2,8,0,2,3,0,0,5,s,1,0,9,s
1769,0,4,1,7,1,13,8,8,d,s,7,d,8,12,2,17,2,d,8,0,2,3,0,0,5,s,1,0,d,s
1768,7,4,1,7,d,13,8,8,2,s,7,2,d,12,2,17,2,2,d,0,2,3,0,0,5,s,1,0,9,s
I355,0,4,1,7,1,0,8,8,2,3,7,0,8,12,2,17,2,2,8,0,0,3,0,0,5,s,1,0,9,s
I356,0,4,1,7,1,0,8,8,2,3,7,0,8,12,2,17,2,2,8,0,0,3,0,5,5,s,1,0,9,s
1601,0,4,1,7,1,d,8,d,2,3,7,0,8,12,d,17,2,d,8,0,0,d,0,5,5,s,1,0,9,s
1600,d,d,1,7,1,0,8,8,2,d,7,d,d,12,2,17,d,2,8,0,0,3,0,5,5,s,1,0,9,s
I357,0,4,1,7,1,0,8,8,2,3,7,0,8,12,2,17,2,2,8,0,2,3,0,0,5,s,1,0,9,s
1685,0,d,1,d,1,0,8,d,2,d,7,0,8,d,2,17,2,2,8,0,2,3,0,5,5,s,1,0,9,s
1684,d,4,1,7,1,0,8,8,2,3,7,0,d,12,2,17,2,2,8,0,2,3,0,0,5,s,s,d,d,s
I358,0,4,1,7,1,0,8,8,2,3,7,0,8,12,2,17,2,2,8,0,0,3,0,0,5,s,0,0,0,s
I359,0,4,1,7,1,0,8,8,2,3,7,0,8,12,2,17,s,2,8,0,0,s,0,0,5,s,3,0,0,s
1166,0,4,1,7,d,0,8,8,2,3,7,0,d,12,2,17,s,2,8,0,d,s,0,0,5,s,d,0,0,s
1137,d,4,1,d,1,0,8,8,2,3,7,4,8,12,d,17,s,d,8,0,0,s,0,0,5,s,3,13,0,s
1247,0,d,1,d,1,0,8,8,2,3,7,2,8,12,2,s,2,d,8,0,0,3,0,d,s,s,46,4,0,s
I365,7,4,1,7,1,0,0,8,2,3,0,0,s,12,2,17,2,2,8,0,0,0,0,0,5,0,0,0,3,s
I366,7,4,1,7,1,0,0,8,2,3,0,0,s,12,2,17,2,2,8,18,0,0,0,0,5,0,0,0,3,s
I367,7,4,1,7,1,0,0,8,2,3,0,0,s,12,2,17,2,2,8,18,0,0,0,0,5,0,0,0,3,s
I368,7,4,1,7,1,0,0,8,2,3,0,0,s,12,2,17,2,2,8,18,0,0,0,0,5,0,0,0,3,s
1651,7,4,d,7,1,0,0,d,d,d,0,0,s,12,2,d,2,2,8,18,d,0,d,0,5,0,0,0,3,s
1650,d,4,1,7,1,27,0,8,d,3,0,0,s,12,d,17,2,2,8,18,0,0,0,0,5,0,0,0,3,s
1524,d,4,s,7,1,0,0,8,2,3,0,0,s,12,d,17,2,d,8,18,0,4,0,5,5,0,0,0,3,s
I370,7,4,1,7,1,0,0,8,2,3,16,0,s,12,2,17,2,2,8,18,0,0,0,0,5,0,0,0,3,s
1940,7,4,1,7,1,d,0,8,2,3,16,0,s,12,2,17,2,2,8,18,0,4,0,0,5,d,0,d,3,s
1444,7,4,1,7,1,0,0,8,2,d,16,d,s,12,2,17,2,2,8,18,0,0,0,0,5,0,0,13,3,s
I373,7,4,1,7,1,0,0,8,2,3,0,0,s,12,2,17,2,2,8,0,2,6,0,0,5,1,19,0,3,s
I374,7,4,1,7,1,0,0,8,2,3,12,0,s,12,2,17,2,2,8,18,2,6,0,0,5,1,19,0,3,s
I375,7,4,1,7,1,0,0,8,2,3,12,0,s,12,2,17,2,2,8,18,2,s,0,0,5,1,19,0,3,s
1347,d,d,1,7,1,d,0,8,d,3,12,0,s,d,2,d,d,2,8,18,2,s,0,0,d,s,19,0,3,s
1346,7,4,1,7,1,0,0,8,2,3,d,0,s,12,2,s,2,2,8,18,d,s,d,5,5,1,19,d,d,s
1085,7,4,1,7,1,0,0,8,2,3,12,s,s,12,2,d,2,2,8,18,d,6,0,d,5,1,19,4,3,s
1076,7,d,1,7,1,0,0,8,2,3,0,s,s,12,d,17,2,2,8,d,2,6,0,0,5,1,19,0,3,s
I380,0,4,1,0,1,0,0,0,0,3,0,0,0,0,2,17,2,0,0,s,0,0,0,0,5,0,0,3,0,0
I381,0,4,1,0,1,0,0,0,0,3,0,4,0,0,2,17,2,0,0,s,0,0,0,0,5,0,0,3,0,0
I382,0,4,1,0,1,0,0,0,0,3,0,4,8,0,2,17,2,0,0,s,0,0,0,0,5,0,0,3,0,0
I383,0,4,1,3,1,0,0,0,1,3,0,4,8,15,2,17,2,0,0,s,0,0,0,0,5,1,0,3,0,0
I384,0,4,1,3,1,0,0,2,1,3,0,4,8,15,2,17,2,0,0,s,0,0,0,0,5,1,0,3,0,0
I385,0,4,1,3,1,0,0,2,1,3,0,4,8,15,2,17,2,0,0,s,0,0,0,0,5,1,0,3,0,0
I386,0,4,1,3,1,0,0,2,1,3,0,4,8,15,2,17,2,0,0,s,0,0,9,0,s,1,3,3,0,12
1839,0,4,1,3,1,0,5,2,1,3,0,4,8,15,d,17,2,0,0,s,0,0,d,0,s,d,3,3,0,12
1838,0,4,1,3,1,0,0,2,1,3,0,d,8,15,2,17,2,0,0,s,0,0,9,0,s,1,d,3,0,12
I387,0,4,1,3,1,0,0,2,1,3,0,4,8,15,2,17,2,0,0,s,0,0,0,0,5,1,0,3,9,0
1567,0,4,1,3,d,0,s,2,1,3,0,d,8,15,d,17,2,0,d,s,0,0,d,0,5,d,0,3,9,d
1566,0,4,1,3,1,d,d,2,1,3,0,4,8,15,2,17,2,0,0,s,d,0,d,0,5,1,0,3,9,0
I388,0,4,1,3,1,0,0,2,1,3,0,4,8,15,2,17,2,0,0,s,0,0,0,0,5,1,0,3,0,0
I389,0,4,1,3,1,0,0,2,1,3,1,4,8,15,2,17,2,0,s,s,0,0,0,0,5,1,0,3,0,5
1791,0,4,1,d,d,0,0,2,1,3,1,d,8,15,d,17,d,0,s,s,2,0,0,d,5,1,0,d,0,5
1790,d,d,1,3,1,0,0,2,d,3,d,d,8,15,2,17,2,0,s,s,d,0,0,0,5,1,0,3,0,5
I390,0,4,1,s,1,0,0,2,1,3,0,4,8,15,2,17,2,1,0,s,0,0,0,5,5,1,0,3,0,0
1699,0,4,1,s,1,d,0,2,1,3,0,4,8,15,2,17,2,1,0,s,0,0,d,5,5,1,0,3,0,d
1698,0,4,d,s,1,13,d,2,1,d,0,4,8,15,2,d,2,1,0,s,0,0,0,5,5,1,d,d,0,0
I391,0,s,1,3,1,0,0,0,1,3,0,4,8,15,2,17,2,4,2,s,2,0,11,0,5,1,0,3,0,0
1741,0,s,1,3,1,0,0,0,1,3,0,d,8,15,2,17,2,4,2,s,2,0,11,d,5,1,s,3,0,0
1593,0,s,1,3,1,0,0,0,1,3,0,4,8,15,2,17,s,4,d,s,d,0,11,0,5,1,0,3,s,0
I398,0,4,1,0,1,0,0,0,2,3,0,4,8,0,2,17,2,0,0,s,0,0,0,0,5,0,0,3,0,0
I403,0,4,1,0,1,0,0,s,2,3,0,4,s,0,2,17,2,0,0,s,s,3,0,5,5,0,0,3,0,1
I404,0,4,1,0,1,0,8,s,2,3,0,4,s,6,2,17,2,0,0,s,s,3,0,5,5,s,0,3,0,1
1789,0,4,1,0,1,0,8,s,d,3,0,4,s,6,2,17,2,0,0,s,s,3,0,5,5,s,0,3,0,1
1788,0,4,1,0,d,0,8,s,2,3,0,4,s,6,2,17,2,0,0,s,s,3,0,5,5,s,0,d,d,1
1881,17,4,1,0,1,27,0,s,2,3,0,4,s,0,2,17,d,0,0,s,s,d,0,5,d,0,0,3,0,1
I410,0,4,1,0,1,s,0,0,2,3,0,4,8,0,2,17,s,0,0,s,1,0,4,0,5,1,0,3,0,0
I411,0,4,1,0,1,s,0,0,2,3,0,4,8,0,2,17,s,0,0,s,1,0,4,0,5,1,0,3,0,0
1829,0,4,1,0,1,s,0,0,2,3,0,4,d,d,2,d,s,0,0,s,1,0,4,0,5,1,0,3,0,0
1828,d,4,1,d,1,s,5,0,2,3,0,4,8,0,2,d,s,d,0,s,1,0,4,0,5,1,0,3,0,0
I412,0,4,s,0,1,s,0,0,2,3,0,4,8,7,2,17,s,0,0,s,1,0,4,0,5,1,0,3,0,0
1983,0,4,s,0,1,s,0,d,2,3,0,4,d,d,2,17,s,0,d,s,1,0,4,d,5,1,0,3,0,0
1982,0,4,s,0,d,s,0,0,d,3,0,4,8,7,2,17,s,0,0,s,1,0,4,0,5,1,0,3,0,0
I413,0,4,1,0,1,0,0,0,0,3,0,4,5,0,2,17,2,0,0,s,0,0,0,0,5,0,0,3,0,0
I414,s,4,1,0,1,0,0,0,0,3,0,4,5,0,2,17,2,0,0,s,0,0,0,0,5,0,0,3,0,0
1291,s,4,1,d,d,10,0,7,0,3,d,4,5,d,2,17,2,19,5,s,2,0,0,5,5,0,d,s,0,1
I422,s,4,1,0,1,0,0,0,0,3,1,4,5,0,2,17,2,0,0,s,0,0,0,0,5,0,0,3,0,0
I423,s,4,1,0,1,0,0,0,0,3,1,4,s,0,2,17,2,0,0,s,2,0,0,0,5,0,0,3,18,0
1451,s,4,1,0,1,0,0,0,2,3,1,4,s,d,2,17,2,0,0,s,2,0,7,5,5,0,d,3,18,0
1209,s,4,1,0,d,13,0,0,0,3,1,4,s,0,2,17,d,0,0,s,2,0,s,d,5,0,0,d,18,0
I426,s,4,1,0,1,0,0,0,0,3,1,4,5,0,2,17,2,0,0,s,0,0,0,0,5,0,0,3,0,0
1156,s,4,d,32,1,0,0,0,d,d,1,4,5,0,2,17,d,d,0,s,0,0,0,0,5,0,0,3,0,0
I428,s,4,1,0,1,0,0,0,0,3,1,4,5,0,2,17,2,0,s,s,0,0,0,0,5,0,0,3,s,0
1109,s,4,d,0,d,d,0,d,0,3,d,4,5,0,2,17,2,d,s,s,0,0,0,0,5,0,d,3,s,0
1108,s,4,1,d,d,d,0,0,0,3,d,4,5,0,2,17,2,0,s,s,0,0,d,0,5,0,0,3,s,0
I429,0,4,1,0,1,0,0,0,0,3,0,4,5,0,2,17,2,0,0,s,0,0,0,0,5,0,0,3,0,0
I434,0,4,1,0,1,0,0,4,0,3,0,4,5,18,2,17,s,0,0,s,0,0,0,3,5,0,0,3,0,0
I435,0,4,1,0,1,0,0,4,0,3,0,4,5,18,2,17,s,0,0,s,2,0,0,3,5,0,0,3,0,0
1663,0,4,1,d,1,0,0,d,0,3,0,4,5,18,2,d,s,d,0,s,2,0,0,3,5,0,0,d,0,0
1662,0,4,1,0,1,d,0,4,d,3,0,4,5,18,2,d,s,0,d,s,2,0,0,3,5,0,d,3,0,0
I436,0,4,1,0,1,0,11,4,2,3,0,4,5,18,2,17,s,0,0,s,0,0,0,3,5,0,0,3,0,0
1585,0,4,1,0,1,0,11,4,2,d,d,4,d,d,2,17,s,d,0,s,0,0,0,d,5,0,0,3,0,0
1584,d,4,1,d,1,0,11,4,d,3,0,4,5,18,2,17,s,0,0,s,0,3,0,3,5,0,0,3,0,0
1528,0,4,1,0,1,30,0,0,2,3,d,4,5,0,2,s,2,0,d,s,d,0,0,d,5,0,0,3,0,0
I444,0,4,1,0,1,0,0,0,0,3,43,0,s,0,2,17,2,0,0,s,0,0,0,0,5,0,0,3,0,0
I445,0,4,1,0,1,0,8,0,0,3,43,0,s,0,2,17,2,0,0,s,0,0,0,0,5,0,12,3,0,1
I446,0,4,1,0,1,0,8,0,0,3,43,0,s,0,2,17,2,0,0,s,2,0,0,0,5,0,12,3,0,1
I447,0,4,1,0,1,0,8,0,0,3,43,0,s,0,2,17,2,0,0,s,2,0,0,0,5,1,12,3,0,1
I448,0,4,1,0,1,0,8,0,0,3,43,0,s,0,2,17,2,0,0,s,2,0,0,0,5,1,12,3,0,1
I449,0,4,1,0,1,0,8,0,0,3,43,0,s,0,2,17,2,0,0,s,2,0,0,0,5,1,12,3,11,1
1481,0,4,1,0,1,0,8,d,0,d,d,0,s,0,2,17,2,0,29,s,2,0,0,0,5,1,d,d,11,1
1480,0,4,1,0,1,0,d,0,d,3,d,0,s,d,d,17,d,0,0,s,2,d,d,0,5,1,12,3,11,d
I450,0,4,1,0,1,0,8,0,0,3,43,0,s,0,2,17,2,0,0,s,2,0,0,0,5,1,12,3,0,1
1273,0,4,d,0,1,0,8,d,0,3,d,0,s,0,2,17,2,0,0,s,2,0,0,d,5,1,12,3,0,1
1272,0,4,1,0,1,0,8,0,0,s,43,0,s,0,2,17,2,0,0,s,2,0,0,d,5,1,12,3,0,1
I453,0,4,1,0,1,0,8,2,0,3,43,0,s,0,2,17,2,0,0,s,2,0,0,0,5,1,12,3,s,1
1153,0,d,1,0,1,0,8,2,d,3,43,2,s,d,2,17,2,0,d,s,2,0,0,0,5,d,d,3,s,1
1152,s,4,1,0,1,0,8,2,d,3,43,0,s,0,2,17,2,0,0,s,d,0,0,0,5,1,12,3,s,1
I454,0,4,1,0,1,0,8,0,0,3,43,0,s,0,2,17,2,0,4,s,2,0,0,0,5,0,12,3,9,1
1907,0,4,d,0,1,0,8,0,d,3,43,0,s,0,2,17,2,d,4,s,2,0,11,5,s,d,12,3,d,1
I458,7,4,1,0,1,0,8,0,0,3,43,0,s,0,2,17,2,0,4,s,2,0,0,0,5,0,12,3,9,1
2025,7,4,1,0,1,0,8,0,0,3,43,0,s,d,2,17,2,0,4,s,2,0,7,0,5,0,12,3,9,d
1875,7,4,1,7,d,s,d,0,0,d,d,0,s,0,d,17,d,0,4,s,2,s,21,5,5,0,12,3,9,1
I461,0,4,1,0,1,0,8,0,0,3,43,0,s,0,2,17,s,5,0,s,0,0,0,0,5,0,12,3,0,1
I462,0,4,1,0,1,0,8,8,2,3,43,0,s,0,2,17,s,5,0,s,0,0,0,0,5,0,12,3,0,1
I463,0,4,1,0,1,0,8,8,2,3,43,0,s,0,2,17,s,5,0,s,0,0,0,0,5,0,12,3,0,1
1467,15,4,1,0,1,1,8,8,2,3,43,0,s,0,2,17,s,d,d,s,d,0,11,0,5,0,12,d,0,d
1565,0,s,1,0,d,s,d,8,2,3,d,d,s,0,d,17,s,5,d,s,0,s,10,0,5,0,12,d,0,1
1770,0,4,1,s,1,0,8,d,2,3,43,0,s,0,2,17,s,5,0,s,0,0,0,0,5,d,d,3,0,1
I469,0,4,1,0,1,0,8,0,0,3,43,0,s,0,2,17,s,5,0,s,0,0,0,0,5,0,12,3,0,1
I472,0,4,1,0,1,30,8,0,2,s,43,0,s,0,2,17,s,5,4,s,0,3,0,0,5,0,12,3,0,1
1619,0,4,1,0,1,30,d,0,2,s,43,0,s,0,2,17,s,5,4,s,0,3,0,0,5,0,12,d,0,1
1618,0,4,1,0,1,30,8,0,2,s,43,0,s,0,2,17,s,5,4,s,0,3,0,0,5,0,d,3,0,1
I474,0,4,1,0,1,38,8,0,0,3,43,2,s,0,2,17,s,5,4,s,0,0,11,5,5,0,12,3,0,1
1853,0,4,1,0,1,d,8,0,0,3,43,d,s,0,2,d,s,5,4,s,0,0,11,5,5,0,12,3,0,1
1852,0,4,1,0,1,38,8,d,0,d,d,2,s,0,2,17,s,5,4,s,0,0,11,5,5,0,12,3,0,1
I476,0,4,1,0,1,0,0,0,0,3,43,0,s,1,2,17,2,0,0,s,0,0,0,0,5,0,0,3,0,0
I477,0,s,1,0,1,0,0,0,0,3,43,0,s,1,2,17,2,0,0,s,0,s,0,s,5,1,0,3,0,0
I478,0,s,1,0,1,0,0,0,0,3,43,0,s,1,2,17,2,0,0,s,0,s,0,s,5,1,0,3,0,0
I479,0,s,1,0,1,0,0,0,0,3,43,0,s,1,2,17,2,0,0,s,0,s,0,s,5,1,38,3,0,0
I480,0,s,1,0,1,0,0,0,0,3,43,0,s,1,2,17,2,0,0,s,0,s,0,s,5,1,38,3,0,0
1503,0,s,1,0,1,0,0,0,0,3,43,d,s,1,2,17,2,0,0,s,0,s,0,s,5,1,d,3,0,0
1502,0,s,1,0,1,0,0,0,d,3,43,d,s,1,2,17,2,0,0,s,0,s,7,s,5,1,d,3,8,0
1609,7,s,1,0,1,0,0,0,0,3,43,d,s,1,2,17,2,0,0,s,0,s,0,s,5,1,38,3,0,0
I482,0,s,1,0,1,0,0,0,0,3,43,0,s,1,2,17,2,2,0,s,0,s,0,s,5,1,0,3,0,0
1825,d,s,1,0,1,d,0,0,0,3,43,d,s,1,2,17,2,2,0,s,0,s,d,s,5,d,0,3,0,0
1705,d,s,1,14,1,0,0,7,0,3,43,0,s,1,2,d,2,2,0,s,0,s,0,s,d,1,0,d,0,0
I486,0,s,1,0,1,0,11,7,0,3,43,0,s,1,2,17,2,0,0,s,0,s,15,s,5,1,0,3,0,0
1809,0,s,1,0,1,0,11,7,2,3,43,0,s,s,2,17,2,0,0,s,0,s,15,s,5,1,0,3,0,0
1709,0,s,1,0,1,0,11,7,2,3,43,0,s,1,2,d,2,0,0,s,d,s,d,s,d,1,0,3,0,0
I492,0,4,1,0,1,0,0,0,2,3,43,4,s,1,2,17,2,19,0,s,0,0,0,s,5,0,0,3,0,0
I493,0,4,1,32,1,0,0,8,2,3,43,4,s,1,2,17,2,19,0,s,0,s,0,s,5,0,0,3,0,0
I496,0,4,1,32,1,0,0,8,2,3,43,4,s,1,2,17,2,19,0,s,0,s,0,s,5,1,0,3,0,0
1959,0,4,1,32,1,0,0,d,2,3,43,4,s,1,2,17,2,19,d,s,0,s,0,s,5,1,0,3,0,8
1958,0,4,1,32,1,0,0,8,2,d,43,4,s,1,2,17,2,19,0,s,0,s,0,s,5,d,0,3,0,0
I497,0,4,1,32,1,0,0,8,2,3,43,4,s,1,2,17,2,19,0,s,0,s,0,s,5,0,0,3,0,0
I498,0,4,1,32,1,0,0,8,2,3,43,4,s,1,2,17,2,19,0,s,0,s,0,s,5,0,6,3,0,0
1611,0,4,1,32,d,0,0,8,2,3,43,4,s,1,2,17,2,19,0,s,0,s,0,s,5,0,6,3,0,5
1610,0,4,d,32,1,0,0,8,2,3,43,4,s,1,2,17,2,19,0,s,d,s,0,s,5,0,6,d,0,d
1479,0,4,1,32,1,0,0,8,2,3,43,4,s,1,2,17,2,d,0,s,0,s,0,s,5,0,0,3,0,d
I500,0,4,1,0,1,27,0,0,2,3,43,4,s,1,2,17,2,19,0,s,0,0,0,s,5,0,0,3,0,0
I501,0,4,1,19,1,27,8,0,2,3,43,4,s,1,2,17,2,19,0,s,0,0,0,s,5,0,1,3,0,0
2041,s,4,1,19,1,27,8,0,2,3,d,4,s,1,2,17,d,19,0,s,d,0,0,s,5,d,1,3,0,0
2000,0,4,1,19,1,27,8,0,2,3,43,d,s,1,2,d,2,19,0,s,s,0,d,s,5,0,d,3,0,0
I504,0,4,1,0,1,27,11,0,2,3,43,4,s,1,2,17,2,19,0,s,0,0,0,s,5,0,0,3,0,0
1659,d,4,1,0,1,27,d,0,d,3,43,4,s,1,2,17,2,19,0,s,0,0,d,s,5,d,0,3,0,0
I506,0,4,1,0,1,27,11,0,2,3,43,4,s,1,2,17,2,19,0,s,0,0,9,s,5,0,0,3,0,0
1905,0,4,1,0,1,27,d,0,2,3,43,4,s,d,2,17,2,19,0,s,0,0,9,s,5,0,0,3,0,0
1904,0,4,1,0,1,27,d,0,2,3,43,4,s,1,2,17,2,19,0,s,0,0,9,s,5,0,0,3,0,d
I507,7,4,1,0,0,2,0,0,0,0,0,4,0,0,2,0,2,0,0,0,0,0,0,0,5,0,0,0,0,0
I508,7,4,1,0,0,2,0,0,0,0,18,4,0,0,2,0,2,0,0,0,0,0,0,0,5,0,0,0,0,0
I509,7,4,1,0,1,2,0,0,0,0,18,4,0,0,2,0,2,0,0,0,0,0,0,0,5,0,0,0,0,0
I510,7,4,1,0,1,2,0,0,0,0,18,4,8,0,2,13,2,0,0,0,0,0,0,0,5,0,0,0,0,0
I511,7,4,1,0,1,2,0,0,0,0,18,4,8,0,2,13,2,0,0,9,0,0,23,0,5,0,0,0,0,0
I512,7,4,1,0,1,2,0,0,0,0,18,4,8,0,2,13,2,0,0,9,0,0,23,5,5,0,0,0,0,0
I513,7,4,1,0,1,2,0,0,0,0,18,4,8,0,s,13,2,0,0,9,2,0,23,5,5,0,0,0,0,0
1066,7,d,1,0,1,2,0,2,2,0,18,4,8,0,s,13,2,d,d,9,2,6,23,5,5,0,0,0,d,0
I517,7,4,1,7,1,2,0,0,0,0,18,4,8,s,s,13,2,0,0,9,2,0,23,5,5,0,0,0,0,0
1090,7,4,1,7,s,2,0,0,0,0,d,d,8,s,s,d,2,3,15,9,2,0,23,5,5,0,0,0,0,1
1107,7,s,1,7,1,s,0,0,0,d,18,4,8,s,s,13,d,0,0,9,2,0,23,5,5,1,0,0,d,0
I520,7,4,1,0,1,2,0,0,0,3,18,4,8,0,2,13,2,0,0,9,0,0,23,5,5,0,0,0,0,1
1256,7,4,d,0,1,2,0,0,0,s,18,d,8,0,2,13,2,d,0,9,d,0,23,5,5,0,0,0,0,1
I524,7,4,1,0,1,2,0,0,0,3,18,4,8,0,2,13,2,0,0,9,0,0,23,5,5,0,0,11,11,1
1354,7,4,1,0,1,2,0,0,0,3,18,4,8,0,2,d,d,1,0,9,d,d,d,5,5,0,0,11,11,1
I526,7,4,1,6,1,2,0,0,0,3,18,4,8,0,2,13,2,0,0,9,0,3,23,5,5,0,0,11,11,1
1587,7,4,d,6,1,2,0,0,0,3,18,4,8,d,2,13,2,0,0,9,0,d,d,5,5,0,d,d,11,1
1586,7,d,1,6,1,2,0,0,d,3,18,4,8,0,2,13,2,0,0,9,0,3,23,d,5,0,0,11,11,1
I527,7,4,1,32,1,2,0,0,0,0,18,4,8,0,2,13,2,4,0,9,0,0,23,0,5,0,0,0,9,0
I528,7,4,1,32,1,2,0,0,0,0,18,4,8,0,2,13,2,4,13,9,0,0,23,0,5,0,0,0,9,5
I529,7,4,1,32,1,2,0,0,0,0,18,4,8,0,2,13,2,4,13,9,0,0,23,0,5,0,0,0,s,5
1380,s,4,1,32,1,2,0,3,d,0,18,4,8,42,2,13,2,4,13,9,0,d,23,d,5,0,s,0,s,5
1655,7,4,1,32,1,d,0,7,0,0,18,4,8,0,d,13,2,4,13,d,d,0,23,0,5,d,0,d,s,5
I532,7,4,1,32,1,2,0,0,0,0,18,4,8,s,2,13,2,4,13,9,0,0,23,0,5,s,0,0,9,5
1388,7,4,1,32,1,2,0,d,0,d,18,d,8,s,2,13,2,d,d,9,0,0,23,0,d,s,0,16,9,d
1392,7,4,1,d,1,s,0,0,2,s,18,4,8,s,2,13,2,4,13,9,0,0,23,0,5,s,0,d,9,5
I535,7,4,1,32,1,2,0,0,0,0,18,4,8,1,2,13,2,4,0,9,0,0,23,0,5,1,1,0,9,0
1236,7,4,1,32,1,2,0,7,d,d,18,4,8,1,2,13,2,d,0,d,0,4,23,0,5,1,1,15,9,1
I539,7,4,1,32,1,2,0,0,0,0,18,4,8,1,2,13,2,s,0,9,0,0,23,0,5,1,1,16,9,0
1155,7,4,1,32,1,2,0,0,0,d,18,4,8,1,2,d,2,s,0,9,0,4,23,5,5,1,1,d,9,0
1175,7,4,1,32,d,2,0,d,0,3,18,4,8,d,2,13,2,s,0,9,0,0,d,d,5,1,d,16,9,0
I542,7,4,1,0,1,2,0,0,0,0,18,4,8,0,2,13,2,0,0,0,0,0,0,0,5,0,0,0,0,0
I543,7,4,1,0,1,2,0,0,0,0,18,4,8,0,2,13,2,0,8,0,0,0,0,0,5,0,0,0,0,0
I544,7,4,1,0,1,2,5,0,0,0,18,4,8,0,2,13,2,0,8,0,0,4,0,0,5,0,0,0,0,0
1183,7,4,d,6,1,2,5,0,d,0,18,4,8,12,2,13,d,0,8,0,0,4,0,0,5,0,0,0,0,0
I548,7,4,1,0,1,2,5,0,0,0,s,4,8,11,2,13,2,0,8,9,0,4,0,0,5,1,0,0,0,0
I550,7,4,1,0,1,2,5,0,0,0,s,4,8,11,2,13,2,0,8,9,0,4,0,5,5,1,0,0,0,1
2047,7,4,1,d,1,2,5,0,0,0,s,d,d,11,2,13,2,0,8,d,0,4,0,d,d,d,0,0,0,1
2046,7,4,1,0,1,2,5,0,0,0,s,4,8,11,d,13,2,0,8,9,0,d,0,5,5,1,0,d,d,1
I551,7,4,1,7,1,2,5,0,0,3,s,4,8,11,2,13,2,0,8,9,0,4,0,0,5,1,0,0,0,1
1127,7,4,1,7,1,2,5,0,s,3,s,4,8,11,d,13,2,0,8,9,0,4,0,0,5,d,0,0,0,1
1126,d,4,1,7,1,2,5,0,0,3,s,4,8,11,2,13,d,d,8,9,d,d,0,0,5,1,0,0,0,1
I556,7,4,1,0,1,2,3,3,0,3,18,4,8,0,2,13,2,0,8,0,0,0,0,0,5,0,0,0,14,0
1266,7,s,1,0,1,2,3,3,2,3,18,d,8,0,2,13,2,0,8,11,0,6,0,5,5,0,d,0,d,0
2039,7,4,s,0,1,2,d,s,d,d,18,4,d,d,2,13,2,4,8,0,0,3,0,5,5,d,0,0,14,0
I561,7,4,1,0,1,2,5,0,0,0,18,4,8,0,s,13,2,0,5,0,0,0,0,0,5,1,3,0,0,0
I562,7,4,1,0,1,2,5,0,0,0,18,4,8,0,s,13,2,0,5,0,0,0,0,0,5,1,3,0,0,0
I563,7,4,1,0,1,2,5,0,0,0,18,4,8,0,s,13,2,0,5,0,0,0,0,5,5,1,3,0,0,0
1194,7,4,1,0,1,2,5,0,d,5,18,4,8,0,s,13,2,d,d,0,0,0,0,5,5,d,3,0,0,0
1169,7,4,1,0,1,2,5,0,0,0,d,4,8,s,s,13,2,0,d,0,s,1,0,5,5,1,d,0,d,1
1401,7,4,1,0,1,d,5,0,2,0,18,4,d,d,s,13,2,0,5,0,2,0,15,0,5,d,3,0,0,1
I569,7,4,1,0,1,2,5,3,0,0,18,4,8,0,s,13,2,6,5,0,2,0,0,0,5,1,3,0,0,0
1352,7,4,1,0,1,2,5,3,2,d,18,4,8,0,s,13,2,6,5,0,d,d,10,0,5,1,3,0,0,1
I573,7,4,1,0,1,2,5,3,1,0,18,4,8,0,s,13,2,6,5,0,2,0,0,0,5,1,3,0,0,0
I574,7,4,1,0,1,2,5,3,1,0,18,4,8,0,s,13,2,6,5,0,2,0,0,5,5,1,3,s,0,0
1551,7,4,d,0,1,2,5,3,1,0,18,4,8,0,s,13,2,6,5,0,2,0,0,d,5,1,3,s,0,0
1550,7,4,1,0,1,2,d,3,1,0,d,4,8,0,s,13,2,6,5,0,2,0,0,d,5,1,3,s,14,0
1197,7,d,1,0,1,2,5,3,1,0,18,4,8,s,s,13,2,6,5,0,2,0,0,d,5,1,3,13,0,0
I576,7,4,1,0,1,2,0,0,0,0,18,4,0,0,2,0,2,0,0,0,0,0,0,0,5,0,0,0,0,0
I577,7,4,1,0,1,2,0,0,0,0,18,4,0,0,2,0,2,0,0,0,0,0,0,0,5,0,0,0,0,0
I578,7,4,1,0,1,2,0,0,0,0,18,4,0,0,2,0,2,0,0,0,0,0,0,0,5,0,0,0,0,0
I579,7,4,1,0,1,2,0,0,0,0,18,4,0,0,2,0,2,0,13,1,0,0,0,0,5,0,0,0,0,0
1671,7,4,d,0,1,2,0,0,2,8,18,4,0,0,2,0,s,0,13,1,0,3,0,0,5,0,0,9,3,d
I583,7,4,1,0,1,2,0,0,0,0,18,4,0,0,2,0,2,0,13,1,0,0,0,0,5,0,0,0,0,0
1949,d,4,1,0,1,2,0,0,0,0,18,4,0,0,2,0,2,19,d,1,2,0,0,0,5,0,0,d,0,0
1748,7,4,1,0,1,2,0,0,1,0,18,4,8,0,2,28,2,4,13,1,d,d,0,0,5,d,0,0,14,1
I586,7,4,1,0,1,2,0,0,0,0,18,4,0,0,2,0,2,0,0,0,0,3,0,0,5,0,0,0,0,0
I589,7,4,1,0,1,2,0,0,2,3,18,4,0,0,2,0,2,0,0,3,0,3,7,0,5,0,0,0,0,1
1177,7,4,1,0,d,2,0,0,2,3,18,4,0,0,2,22,2,0,0,3,0,3,7,0,5,d,d,0,0,1
1176,7,d,d,6,1,2,0,0,2,3,18,4,8,0,d,d,2,0,0,3,0,3,7,d,5,0,0,d,0,1
1341,7,4,1,0,d,s,0,d,d,0,18,4,0,0,s,s,2,d,0,0,0,3,0,d,5,d,22,0,0,d
I593,7,4,1,0,1,2,0,0,0,0,18,4,0,0,2,0,2,0,0,0,0,0,0,0,5,0,0,0,0,0
I594,7,4,1,0,1,2,0,0,0,0,18,4,0,0,2,0,2,0,7,0,0,0,0,0,5,0,0,0,0,0
I595,7,4,1,0,1,2,0,0,0,0,18,4,0,0,2,0,2,s,7,0,0,0,0,0,5,0,0,0,0,5
1199,7,4,1,6,1,2,0,0,2,0,18,d,0,0,2,0,2,s,7,0,0,0,0,0,5,0,0,0,d,5
I597,7,4,1,0,1,2,0,0,0,0,18,4,0,0,2,0,2,s,s,0,2,0,0,0,5,0,0,3,0,5
2010,d,4,d,0,1,2,0,0,0,0,d,4,8,d,2,0,2,s,s,3,2,0,0,d,5,0,0,3,0,5
I599,7,4,1,0,1,2,0,0,2,0,18,4,0,0,2,0,2,s,s,0,2,0,0,0,5,0,0,3,0,5
2003,d,4,1,0,1,d,0,0,2,0,18,4,0,d,2,d,2,s,s,0,2,0,0,0,5,0,0,3,0,5
2002,7,4,d,0,1,2,0,0,2,0,18,4,0,0,2,d,2,s,s,0,2,0,0,d,5,0,0,d,0,d
I600,7,4,1,0,1,2,0,0,0,0,18,4,0,0,2,0,2,0,7,0,0,0,0,0,5,0,12,0,0,0
I601,7,4,1,0,1,2,0,0,0,6,18,4,s,0,2,0,2,0,7,9,0,0,0,0,5,0,12,0,11,0
1217,7,4,1,0,1,2,0,0,0,6,d,4,s,0,2,0,2,0,7,9,0,0,d,0,5,0,12,16,11,0
1216,7,4,1,0,1,2,0,0,0,6,18,4,s,d,2,0,2,19,d,d,0,0,0,0,5,0,12,d,11,0
1326,7,d,1,d,s,2,d,2,0,0,18,4,0,0,2,0,2,0,7,0,0,0,0,5,5,0,12,0,0,0
I603,7,4,1,6,1,2,0,0,0,0,18,4,0,0,2,0,2,0,0,2,0,0,0,0,5,0,s,0,0,0
1418,d,4,1,6,1,2,8,0,0,0,18,4,d,d,2,0,2,1,0,2,d,0,0,d,5,0,s,0,0,0
I607,7,4,1,6,1,2,0,0,0,0,18,4,0,0,2,0,2,0,0,2,0,0,0,0,5,0,s,0,0,0
I608,7,4,1,6,1,2,0,0,0,0,18,4,0,0,2,13,2,0,0,2,0,0,0,0,5,0,s,0,0,0
1207,7,4,d,6,1,2,d,0,d,0,18,4,0,0,2,13,2,0,0,d,0,0,0,0,5,d,s,16,0,0
1206,7,4,d,6,d,2,d,0,0,d,18,4,d,0,2,13,2,s,0,2,0,0,0,0,5,1,s,0,0,0
1178,d,4,1,6,1,2,0,0,d,0,s,4,0,0,2,24,d,d,0,2,0,0,0,0,5,0,s,0,0,10
I610,7,4,1,0,1,2,0,0,0,0,18,4,0,0,2,0,2,0,0,0,0,0,0,0,5,0,0,0,0,0
I611,7,4,1,0,1,2,0,0,0,0,18,4,0,0,2,0,2,0,0,0,0,0,0,5,5,1,0,0,0,0
I612,7,4,1,0,1,2,0,0,0,0,18,4,0,0,2,0,2,0,0,0,2,0,0,5,5,1,3,0,0,5
I613,7,4,1,0,1,2,0,0,0,0,18,4,0,42,2,0,2,0,0,0,2,0,0,5,5,1,3,0,11,5
I614,7,4,1,0,1,2,0,0,0,0,18,4,0,42,2,6,2,0,0,0,2,0,0,5,5,1,3,0,11,5
1643,7,4,1,d,1,d,0,d,0,0,d,4,0,42,d,d,d,0,0,0,2,0,d,5,5,1,d,0,11,5
1642,7,4,1,0,1,2,d,0,0,d,18,4,0,42,2,6,d,0,0,0,d,0,0,d,d,1,3,0,11,5
I615,7,4,1,0,1,2,0,2,0,0,18,4,8,42,2,0,2,0,0,0,2,0,0,5,5,1,3,0,11,5
1383,7,4,d,0,1,2,0,2,d,0,d,4,8,42,d,0,2,0,0,0,2,0,0,5,5,1,3,s,11,5
1382,7,4,1,0,1,d,0,2,0,0,18,4,8,42,2,0,2,0,8,0,2,0,7,5,5,d,3,15,11,5
I616,7,4,1,0,1,2,s,0,0,0,18,4,0,6,2,0,2,0,0,0,2,0,s,5,5,1,3,4,0,5
1453,7,4,d,0,1,2,s,0,0,0,18,d,5,6,2,12,2,0,0,0,2,d,s,5,5,d,s,4,0,5
I618,7,4,1,0,1,2,s,0,0,0,18,4,0,6,2,0,2,5,0,0,2,0,s,5,5,1,3,4,0,5
1533,7,4,1,0,1,2,s,0,d,0,d,4,d,6,2,0,2,5,0,d,2,3,s,5,5,d,3,4,0,5
1532,7,4,1,0,1,2,s,0,2,d,18,4,s,6,2,0,2,5,0,0,d,d,s,5,5,1,3,d,0,5
I619,7,4,1,0,1,2,0,0,0,0,18,4,0,0,2,0,2,0,0,0,0,0,0,5,5,1,0,0,0,0
I620,7,4,1,7,1,2,0,0,0,0,18,4,0,0,2,8,2,s,0,0,0,5,0,5,5,1,0,0,0,0
1461,7,4,1,7,1,2,4,0,0,0,18,4,0,d,2,d,2,s,0,0,0,d,0,d,d,1,0,3,0,0
I622,7,4,1,7,s,2,0,0,0,0,18,4,0,0,2,8,2,s,0,0,0,5,0,5,5,1,0,s,0,1
1201,d,4,d,7,s,2,0,0,0,0,18,4,0,0,2,d,2,s,d,0,0,5,d,5,d,1,0,s,0,1
1200,7,4,1,7,s,d,0,0,0,0,d,4,0,0,2,8,2,s,0,0,d,5,0,5,5,1,0,s,0,1
I623,7,4,1,0,1,2,0,0,0,0,18,4,0,0,2,0,2,0,0,0,0,0,0,5,5,1,0,s,0,0
1325,7,4,d,0,1,2,0,0,0,3,d,4,d,d,2,0,2,0,0,0,0,d,0,5,5,1,0,s,0,0
1398,d,s,1,0,1,2,0,0,0,0,s,4,0,0,2,0,d,0,d,0,2,4,0,5,d,1,0,s,0,1
I626,7,4,1,0,1,2,0,0,0,3,18,4,0,0,2,0,2,0,5,0,0,0,0,0,5,0,0,0,0,0
I627,7,4,1,0,1,2,0,0,0,3,18,4,1,0,2,0,2,0,5,0,0,0,0,0,5,0,0,0,0,11
I628,7,4,1,0,1,2,0,0,0,3,18,4,1,0,2,0,2,0,5,0,0,0,25,0,5,0,20,4,0,11
I629,7,4,1,0,1,2,0,0,0,3,18,4,1,0,2,0,2,0,5,0,0,0,25,0,5,0,20,4,0,11
1185,7,4,d,0,1,d,0,7,0,d,18,4,1,0,2,0,d,0,5,0,2,0,25,d,5,0,20,4,0,11
1184,7,d,1,0,1,2,d,s,0,3,18,4,1,0,2,d,2,0,5,d,0,d,25,0,5,0,20,4,0,11
I630,7,4,1,0,1,2,8,s,0,3,18,4,1,0,2,0,s,0,5,0,0,0,25,0,5,0,20,4,0,11
1317,7,4,1,0,1,2,d,s,0,3,18,4,1,0,2,2,s,0,5,0,0,6,25,0,d,0,20,4,d,11
1316,d,4,1,d,1,2,d,s,d,3,18,4,1,0,2,0,s,0,d,0,0,0,25,d,5,0,20,4,s,11
I631,7,4,s,0,1,2,0,0,0,3,18,4,1,0,2,0,2,0,5,0,0,0,0,5,5,1,0,0,0,11
1385,7,4,s,0,1,2,s,2,d,3,18,4,1,0,2,0,2,0,5,0,0,0,0,5,5,1,d,16,0,d
1412,7,4,s,0,1,2,0,d,0,3,18,4,1,0,2,d,2,0,5,0,0,0,0,5,5,d,d,0,0,11
1351,7,d,1,0,1,2,8,0,0,3,18,4,0,0,2,0,d,d,d,0,d,d,9,0,5,0,d,0,0,0
I641,7,4,1,17,0,2,0,0,0,0,18,4,0,0,2,24,2,0,0,0,0,3,0,0,5,0,0,0,0,0
I642,7,4,1,17,0,2,0,0,0,0,18,4,0,0,2,s,2,0,0,0,2,3,0,0,5,0,2,0,0,0
I643,7,4,1,17,0,2,4,0,0,0,18,4,0,0,2,s,2,5,0,0,2,3,0,0,5,1,2,0,0,0
I644,7,4,1,17,0,2,4,0,0,0,18,4,0,6,2,s,2,5,0,0,2,3,0,0,5,1,2,0,0,0
I645,7,4,1,17,0,2,4,0,0,0,18,4,0,6,2,s,2,5,0,0,2,3,0,0,5,1,2,0,0,1
I646,7,4,1,17,0,2,4,4,s,0,18,4,0,6,2,s,2,5,0,0,2,3,22,0,5,1,2,0,0,1
I647,7,4,s,17,0,2,4,4,s,0,18,4,0,6,2,s,2,5,0,0,2,3,22,0,5,1,2,0,0,1
1883,7,4,s,17,0,2,d,4,s,0,18,4,0,6,2,s,2,5,0,0,d,3,d,0,5,1,2,0,0,1
1882,7,d,s,17,0,2,4,4,s,0,18,d,0,6,2,s,2,5,0,0,2,3,22,0,5,1,2,0,0,1
1861,7,4,1,17,0,2,4,4,s,0,18,4,0,6,2,s,2,5,0,0,2,3,22,0,5,1,2,0,0,1
I649,7,4,1,17,0,2,4,7,2,3,18,4,1,6,2,s,2,5,0,0,2,3,11,0,5,1,2,0,0,1
1819,7,4,1,17,0,2,4,7,2,3,18,4,d,6,d,s,2,5,0,0,2,d,11,5,5,1,2,0,0,d
1559,d,4,1,17,0,2,4,7,2,3,18,4,1,6,2,s,d,5,0,0,2,3,11,0,5,d,2,0,0,1
I652,7,4,1,17,0,2,s,0,0,0,18,4,0,6,2,s,2,5,0,0,2,3,0,0,5,1,2,0,0,0
I653,7,4,1,17,0,2,s,0,0,0,18,4,0,6,2,s,2,5,0,0,2,3,0,0,5,1,2,0,0,0
1288,7,4,d,17,1,2,s,0,d,0,18,d,0,6,2,s,2,5,0,0,2,d,d,0,5,1,2,4,0,0
1518,7,4,d,17,d,2,s,0,s,d,18,4,0,6,2,s,2,5,0,0,2,d,0,0,5,d,2,0,0,0
I657,7,4,1,17,0,2,s,0,0,0,18,4,0,6,2,s,2,s,0,0,2,3,0,0,5,1,2,s,0,0
1637,7,d,1,17,0,2,s,0,0,0,18,4,d,6,2,s,2,s,0,0,2,3,0,0,d,1,2,s,0,0
1636,7,d,1,17,0,2,s,0,0,0,18,4,d,6,2,s,2,s,0,0,2,3,0,0,d,1,2,s,s,0
I659,7,4,1,17,0,2,4,7,0,0,18,4,0,0,2,s,2,5,0,0,2,3,0,0,5,1,2,0,0,0
I660,7,4,1,17,2,2,4,7,0,0,18,4,0,0,2,s,2,5,0,0,2,3,0,0,5,1,2,0,0,0
I661,7,4,1,17,2,2,4,7,0,0,18,4,0,0,2,s,2,5,0,0,2,3,0,0,5,1,2,0,0,0
1228,7,4,1,17,2,2,4,7,0,0,18,4,0,0,2,s,2,d,0,0,2,d,4,0,5,1,2,0,d,0
I663,7,4,1,17,2,2,4,7,0,0,18,4,0,0,2,s,2,5,18,0,2,3,0,0,5,1,2,4,0,0
1221,7,s,1,17,2,2,4,7,d,0,18,4,d,0,2,s,2,5,d,0,2,3,0,0,5,1,2,4,0,0
1220,7,4,1,17,2,2,4,7,0,0,18,4,d,d,2,s,2,d,18,0,2,3,0,d,d,d,2,4,0,d
I664,7,4,1,17,2,s,4,7,0,0,18,4,0,0,2,s,2,5,0,0,2,3,0,0,5,1,2,16,2,0
1471,7,d,1,17,d,s,d,7,d,0,18,4,0,0,2,s,2,5,d,0,s,3,0,0,5,1,2,16,d,d
1403,s,4,1,17,2,s,4,7,0,0,18,4,d,0,2,s,2,5,14,0,d,3,0,d,5,1,2,16,2,1
I668,7,4,1,17,0,2,4,s,0,0,18,4,0,33,2,s,2,5,0,0,2,3,0,0,5,1,2,0,0,s
1561,d,4,d,17,0,2,4,s,s,0,d,d,0,d,2,s,2,d,0,0,s,3,0,0,5,1,2,0,0,s
1621,7,4,1,17,0,2,4,s,2,0,18,4,d,d,2,s,2,5,0,11,d,3,0,0,5,1,2,d,d,s
I674,7,4,1,17,0,2,0,0,0,0,18,4,0,0,2,s,2,0,0,0,2,3,0,0,5,0,2,0,0,0
I675,7,4,1,17,0,s,0,0,0,0,18,4,0,0,2,s,2,3,0,34,2,3,11,5,5,0,2,0,0,0
I676,7,4,1,17,0,s,0,0,0,0,18,4,0,0,2,s,2,3,0,34,2,3,11,5,5,0,2,0,0,0
I677,7,4,1,17,1,s,0,0,0,0,18,4,8,0,2,s,2,3,0,34,2,3,11,5,5,0,2,0,14,0
1540,7,4,1,17,1,s,0,d,d,0,d,4,8,0,2,s,2,3,4,34,2,3,11,d,d,0,2,d,14,0
I679,7,4,1,17,1,s,0,0,0,0,18,4,8,3,2,s,s,3,0,34,2,3,11,5,5,0,2,0,14,0
1465,7,4,1,17,1,s,0,0,0,0,18,4,8,3,2,s,s,3,0,34,2,3,11,5,5,0,2,0,14,d
1464,7,4,d,d,d,s,0,0,0,0,18,4,8,3,2,s,s,3,0,34,d,3,11,d,d,0,2,d,14,0
I680,7,4,1,17,0,s,0,0,0,0,18,4,0,18,2,s,2,3,0,34,2,3,11,5,5,0,2,0,0,0
I681,7,4,1,17,0,s,0,0,0,0,18,4,0,18,2,s,2,3,0,34,2,3,11,5,5,0,2,0,0,0
1297,7,4,1,17,0,s,0,0,0,0,18,4,0,18,d,s,d,3,0,34,d,3,d,5,5,0,2,0,0,d
1296,7,4,1,17,0,s,d,0,0,0,18,4,0,18,2,s,2,3,0,34,2,3,11,5,5,d,2,d,0,0
1134,d,4,1,17,0,s,0,7,0,0,18,4,0,18,d,s,2,3,d,34,2,3,11,5,5,0,2,0,0,d
I683,7,4,s,17,0,s,0,0,0,7,18,4,0,0,2,s,2,3,0,34,2,3,11,5,5,0,2,0,0,0
I686,7,4,s,17,1,s,0,0,0,7,18,4,0,4,2,s,2,3,0,34,2,3,11,s,5,0,2,0,0,1
1795,7,4,s,17,1,s,0,0,0,7,18,4,0,4,2,s,2,3,0,34,2,3,11,s,5,d,2,11,0,1
1794,7,4,s,17,1,s,d,0,0,7,18,4,0,4,2,s,2,3,0,34,2,3,11,s,5,1,2,0,0,1
I689,7,4,s,17,0,s,s,0,0,s,18,4,0,0,2,s,2,3,14,34,2,3,11,5,5,0,2,0,0,0
1527,7,4,s,17,0,s,s,0,2,s,18,4,d,0,2,s,2,3,14,34,2,3,11,5,5,d,2,0,0,0
1526,7,4,s,17,0,s,s,0,d,s,d,d,0,0,2,s,d,d,14,34,2,3,11,5,d,0,2,0,0,0
I690,7,4,1,17,0,2,0,0,2,0,18,4,0,0,2,s,2,0,0,0,2,3,0,0,5,0,2,0,0,0
I695,7,4,1,17,0,2,0,7,2,0,18,4,0,0,2,s,2,0,0,24,s,3,0,0,5,0,2,0,0,0
I696,7,4,1,17,0,2,0,7,2,3,18,4,0,0,2,s,2,0,0,24,s,3,0,0,5,0,2,0,0,0
1463,7,4,1,17,0,2,0,d,2,3,18,4,0,d,2,s,2,0,0,24,s,3,0,0,5,0,2,0,d,0
1462,7,4,1,d,0,2,0,d,2,3,18,4,0,0,2,s,2,0,0,d,s,3,0,0,5,d,2,0,0,0
1510,7,4,1,d,0,2,0,7,d,8,18,4,d,0,2,s,2,4,0,24,s,3,d,0,d,d,2,d,3,0
I698,7,4,1,17,0,2,0,0,2,0,18,4,0,0,2,s,2,0,0,0,2,3,0,0,5,0,2,0,0,0
I699,7,4,1,17,0,2,0,7,2,0,18,4,0,0,2,s,2,0,0,13,2,3,0,0,5,0,2,0,0,0
1357,7,4,1,17,0,2,d,s,2,0,18,4,9,0,d,s,d,d,0,13,d,3,d,0,5,d,2,0,0,5
1275,s,4,1,17,0,2,0,7,d,0,18,d,0,0,2,s,2,0,4,13,d,3,d,0,5,0,2,0,0,d
1271,7,4,1,17,d,2,3,d,2,0,18,4,0,0,s,s,2,0,0,0,2,3,d,0,5,0,2,0,0,11
I705,7,4,1,17,3,2,0,0,0,0,18,4,0,0,2,24,2,0,0,0,0,3,0,0,5,0,0,0,0,0
I706,7,4,1,17,3,2,0,0,2,0,18,4,0,21,2,24,2,0,17,13,0,3,0,3,5,0,0,0,0,0
I707,7,4,1,17,3,2,0,0,2,0,18,s,0,21,2,24,2,0,17,13,0,3,0,3,5,1,0,0,0,1
I708,7,4,1,17,3,2,0,7,2,0,18,s,0,21,2,24,2,19,17,13,0,3,0,3,5,1,0,0,14,1
I709,7,4,1,17,3,2,0,7,2,0,18,s,12,21,2,24,2,19,17,13,0,3,0,3,5,1,0,0,14,1
I710,7,4,1,17,3,2,0,7,2,0,18,s,12,21,2,24,2,19,17,13,0,3,0,3,5,1,0,0,14,1
1233,7,4,1,17,3,2,0,7,2,0,18,s,d,21,2,24,2,19,17,13,0,3,d,d,5,1,d,0,14,1
1232,7,4,d,17,3,2,0,7,2,0,18,s,d,21,2,24,2,19,d,13,0,3,0,3,5,d,d,0,14,d
I711,7,4,1,17,3,2,0,7,2,0,18,s,12,21,2,24,2,19,17,13,0,3,0,3,5,1,0,0,14,1
1555,7,4,d,17,d,2,0,d,2,0,18,s,d,21,2,24,2,d,17,d,0,3,0,3,d,1,d,d,14,1
1554,7,4,1,17,3,2,0,7,2,0,18,s,12,21,2,24,2,19,17,13,d,3,0,3,5,1,0,0,14,1
I714,7,4,1,17,3,2,0,7,2,0,18,s,3,21,2,24,2,19,17,13,0,3,0,3,5,1,0,0,14,1
1673,7,4,1,17,d,2,0,7,d,0,18,s,3,21,2,24,2,19,17,13,0,d,0,3,s,d,0,0,14,1
1672,7,d,1,17,3,2,0,d,2,0,18,s,d,21,2,24,d,19,17,13,0,3,0,3,5,1,0,0,14,1
I715,7,4,1,17,3,2,0,0,2,0,18,s,0,21,2,24,2,0,17,13,0,3,0,3,5,1,0,0,0,1
1723,s,4,1,17,3,2,0,2,s,d,18,s,0,d,2,24,2,0,d,13,d,3,0,3,d,d,0,0,11,1
I719,7,4,1,17,3,2,0,0,2,0,18,s,0,21,2,24,2,0,17,13,0,3,0,3,5,1,0,0,0,1
1857,d,4,1,17,s,2,0,0,2,0,18,s,0,21,2,d,2,0,17,13,0,3,0,3,5,s,0,0,0,1
1830,7,4,1,17,3,d,0,0,d,0,d,s,0,21,2,24,2,0,s,13,0,3,d,3,5,1,0,0,0,1
I722,7,4,1,17,3,2,0,0,2,0,18,4,0,21,2,24,2,s,17,13,0,3,0,3,5,0,0,0,0,0
I723,7,4,1,17,3,2,0,0,2,0,18,4,0,21,2,24,s,s,17,13,0,3,0,3,5,0,0,0,3,0
I724,7,4,1,17,3,2,0,0,2,3,18,4,5,21,2,24,s,s,17,13,2,3,0,3,5,0,0,0,3,0
I725,7,4,1,17,3,2,0,0,2,3,18,4,5,21,2,24,s,s,17,13,2,3,0,3,5,0,12,0,3,0
1577,7,4,1,17,3,2,d,0,2,3,18,4,5,21,2,d,s,s,17,13,2,3,0,3,5,0,d,0,3,0
1576,7,d,1,17,3,2,0,0,2,d,18,4,5,21,2,24,s,s,17,13,2,3,d,3,5,0,12,0,3,0
1647,d,d,1,17,3,d,0,0,2,3,18,4,5,21,2,24,s,s,17,s,2,3,d,3,5,d,0,11,3,0
I727,7,4,1,17,3,2,0,0,2,0,18,4,0,21,2,24,s,s,17,13,2,3,0,3,5,0,0,0,3,0
I728,7,4,1,17,3,2,0,s,2,0,18,4,0,21,2,24,s,s,17,13,2,3,0,3,5,0,0,0,3,0
1947,7,4,1,17,3,2,0,s,2,0,18,d,d,21,2,24,s,s,d,13,2,3,0,3,5,0,0,0,3,d
1946,7,4,d,17,3,2,0,s,2,0,d,4,0,d,2,24,s,s,17,13,2,3,0,3,5,0,0,0,3,0
2034,7,4,1,17,3,2,9,0,2,0,18,4,0,21,2,24,s,s,17,13,2,3,15,3,d,s,0,d,3,0
I730,7,4,1,17,3,2,0,0,2,0,18,4,0,21,2,24,2,s,17,13,0,3,0,3,5,0,0,0,s,1
I731,7,4,1,17,3,2,0,0,2,0,18,4,8,21,2,24,2,s,17,13,0,3,0,3,5,0,0,0,s,1
I732,7,4,1,17,3,s,s,0,2,0,18,4,8,21,2,24,2,s,17,13,0,3,11,3,5,0,0,0,s,1
1873,7,4,1,17,3,s,s,0,2,d,18,4,8,21,2,24,2,s,17,d,0,3,11,3,5,0,0,d,s,1
1872,7,4,1,d,3,s,s,0,2,0,18,4,8,21,2,24,2,s,17,13,0,3,11,3,5,1,0,0,s,1
2022,7,4,1,17,3,2,0,0,2,0,18,4,8,21,d,24,d,s,17,d,0,3,0,3,5,0,0,0,s,1
I734,7,4,1,17,3,2,0,0,2,0,18,4,9,21,2,24,2,s,17,13,0,3,0,3,5,0,0,0,s,1
1988,7,4,1,17,3,d,0,0,2,d,18,4,9,21,2,24,2,s,17,d,0,3,0,3,5,0,d,0,s,1
2019,7,4,1,17,3,2,8,0,2,0,d,4,9,d,2,24,2,s,17,13,0,3,0,3,5,0,0,0,s,1
I737,7,4,1,17,3,2,0,0,0,0,18,4,8,0,2,24,2,1,8,0,0,3,0,5,5,0,0,0,0,s
I738,7,4,1,17,3,2,5,0,0,0,18,4,8,s,2,24,2,1,8,0,0,3,0,5,5,0,0,0,0,s
I739,7,4,1,17,3,2,5,0,0,0,18,4,8,s,2,24,2,1,8,0,0,3,0,5,5,0,0,0,0,s
I740,7,4,1,17,3,2,5,0,0,0,18,4,8,s,2,24,2,1,8,0,0,3,0,5,5,0,0,0,0,s
I741,7,4,1,17,3,2,5,0,0,0,18,4,8,s,2,24,2,s,8,0,0,3,12,5,5,0,0,0,0,s
1261,7,4,1,17,3,2,5,0,d,0,d,4,8,s,2,24,2,s,8,0,0,3,12,5,5,0,d,0,19,s
1260,7,4,1,d,3,s,5,0,0,0,18,4,8,s,2,24,2,s,8,0,0,3,12,5,5,0,0,0,0,s
I742,7,4,1,17,3,2,5,0,0,0,18,4,8,s,2,24,2,1,8,0,0,3,0,5,5,0,0,0,0,s
1437,7,d,1,17,3,2,5,2,0,0,d,4,8,s,2,24,2,1,8,0,0,3,0,5,5,0,0,0,d,s
1436,7,4,1,17,d,2,5,0,0,0,18,4,8,s,2,d,2,1,8,0,0,3,0,5,5,d,d,d,0,s
1588,7,4,1,17,3,2,5,0,d,0,d,4,8,s,2,d,2,1,8,0,0,d,0,5,5,d,0,0,8,s
I746,7,4,1,17,3,2,5,0,0,0,18,4,8,s,2,24,2,1,8,0,2,3,0,5,5,0,4,0,0,s
I748,7,4,1,17,3,2,5,0,0,3,18,4,8,s,2,24,2,1,8,0,2,3,0,5,5,0,4,0,9,s
1497,7,4,1,17,3,2,5,0,0,3,18,d,d,s,d,24,2,1,8,0,2,3,0,5,5,0,d,d,9,s
1496,7,4,1,17,3,2,5,0,0,d,18,4,8,s,2,24,2,1,8,0,2,3,0,d,5,0,4,16,9,s
1105,7,4,d,17,3,d,5,0,0,0,d,4,8,s,2,24,2,d,8,6,2,3,0,5,5,0,4,13,0,s
I753,7,4,1,17,3,2,0,s,0,0,18,4,8,s,2,24,2,1,8,0,0,3,4,5,5,0,0,0,0,s
I754,7,4,1,17,3,2,0,s,0,0,18,4,8,s,2,24,2,1,8,0,0,3,4,5,5,0,0,0,0,s
I755,7,4,1,17,3,2,0,s,0,0,18,4,8,s,2,24,2,1,8,0,0,3,4,5,5,0,0,0,0,s
1214,7,4,1,17,3,2,0,s,0,0,d,4,8,s,2,24,d,1,8,0,0,3,4,5,d,1,0,0,0,s
1170,7,4,1,17,d,2,d,s,0,d,18,4,8,s,2,24,2,1,d,0,0,d,4,5,5,0,0,0,0,s
I758,7,4,1,17,3,2,0,s,0,0,18,4,8,s,2,24,2,1,8,0,0,3,4,5,5,0,0,0,0,s
I759,7,4,1,17,3,2,0,s,0,0,18,4,8,s,2,s,2,1,8,0,0,3,4,5,5,0,0,0,8,s
1205,7,4,1,17,d,2,0,s,0,0,d,d,d,s,2,s,2,1,d,0,0,3,4,d,5,0,0,0,8,s
1204,7,4,1,17,3,2,0,s,0,0,18,4,8,s,2,s,2,1,8,d,0,3,4,5,5,0,d,0,8,s
1235,7,4,1,17,3,2,0,s,2,0,d,s,8,s,s,24,2,1,8,d,0,3,4,5,5,0,0,d,d,s
I761,7,4,1,17,3,2,0,s,0,0,18,4,8,s,2,24,2,1,8,s,0,3,4,5,5,0,0,0,0,s
I763,7,4,1,17,3,s,0,s,0,0,18,4,8,s,2,24,2,1,8,s,0,3,4,5,5,1,0,0,14,s
1139,7,4,1,17,3,s,0,s,0,0,18,4,8,s,2,d,s,1,8,s,0,3,4,5,5,1,0,d,14,s
1138,d,4,d,17,3,s,0,s,0,d,18,d,8,s,2,24,2,1,8,s,d,3,4,5,d,d,0,0,d,s
1130,d,4,1,17,3,2,0,s,0,0,18,4,8,s,2,24,2,1,8,s,d,3,4,5,d,1,0,d,0,s
I768,7,4,1,0,1,2,0,0,0,0,0,4,0,0,2,0,2,6,s,0,0,0,0,s,5,0,0,0,0,0
I769,7,4,1,17,1,2,0,0,0,s,0,4,0,0,2,12,s,6,s,34,0,4,10,s,5,0,0,0,0,0
I770,7,4,1,17,1,2,0,0,0,s,0,4,0,0,2,12,s,6,s,34,0,4,10,s,5,0,0,0,0,0
I771,7,4,1,17,1,2,0,0,0,s,0,4,0,0,2,12,s,6,s,34,0,4,10,s,5,0,0,0,0,0
I772,7,4,1,17,1,2,0,0,0,s,0,4,0,0,2,12,s,6,s,34,0,4,10,s,5,0,0,0,0,1
I777,7,4,1,17,1,2,4,0,2,s,0,4,0,0,2,12,s,6,s,34,0,4,10,s,5,0,0,0,19,1
1225,d,4,1,s,1,d,4,0,2,s,d,4,0,s,2,12,s,6,s,34,0,4,10,s,5,0,0,d,19,d
I779,7,4,1,17,1,2,4,0,2,s,0,4,0,3,2,12,s,6,s,34,0,4,10,s,5,0,0,13,19,1
1641,7,4,1,s,1,2,4,0,2,s,0,4,0,3,2,d,s,6,s,34,0,4,10,s,d,0,0,13,19,1
1640,7,4,1,17,1,2,4,2,2,s,0,4,0,3,2,12,s,6,s,34,0,4,10,s,5,0,0,13,19,1
I780,7,4,1,17,1,2,0,7,0,s,0,4,0,0,2,12,s,6,s,34,0,4,10,s,5,0,0,0,0,1
I781,7,4,1,17,1,2,0,7,0,s,0,4,s,0,2,12,s,6,s,34,0,4,10,s,5,0,0,0,0,1
I782,7,4,1,17,1,2,0,7,0,s,0,4,s,0,2,12,s,6,s,34,0,4,10,s,5,0,0,0,0,1
1431,7,4,1,17,1,2,0,d,0,s,d,4,s,0,2,12,s,6,s,34,0,4,d,s,5,0,0,0,0,1
1430,7,4,1,17,1,d,0,7,d,s,0,4,s,0,d,12,s,6,s,34,d,4,10,s,5,0,0,0,0,1
1360,7,4,1,17,1,2,5,d,0,s,0,4,s,0,2,12,s,6,s,34,0,4,d,s,5,0,0,4,0,1
I784,7,4,1,17,1,2,0,7,0,s,0,4,0,0,2,12,s,6,s,34,0,4,10,s,5,0,0,0,0,1
1623,7,4,d,d,1,s,d,7,0,s,0,s,8,0,2,d,s,d,s,34,2,4,10,s,5,1,0,0,0,1
I786,7,4,s,17,1,2,0,7,0,s,0,4,0,0,2,12,s,6,s,34,0,4,10,s,5,0,0,4,9,1
1697,7,4,s,17,1,d,0,d,d,s,0,4,0,0,2,12,s,6,s,d,2,4,10,s,5,0,0,4,9,1
1696,7,4,s,17,1,2,0,7,0,s,0,4,0,0,2,d,s,6,s,34,0,4,10,s,5,0,0,4,9,1
I787,7,4,1,17,1,2,0,0,0,s,0,4,0,42,2,12,s,6,s,34,0,4,10,s,5,0,0,0,0,0
I788,7,4,1,17,1,2,0,0,0,s,0,4,0,42,2,12,s,6,s,34,0,4,10,s,5,0,0,0,0,0
I790,7,4,1,17,1,2,0,0,0,s,0,4,0,42,2,12,s,6,s,s,2,4,10,s,5,1,0,0,0,0
1999,7,4,1,17,1,2,0,d,0,s,0,d,0,42,d,12,s,6,s,s,2,4,d,s,5,1,0,0,0,0
1998,d,4,1,17,d,2,0,0,0,s,d,4,d,42,2,12,s,d,s,s,2,4,10,s,5,1,0,0,0,0
I793,7,4,1,17,1,2,0,2,0,s,43,4,0,42,2,12,s,6,s,34,0,4,10,s,5,1,0,13,0,0
1917,7,4,1,17,1,2,0,2,0,s,43,4,0,42,2,12,s,d,s,34,d,4,10,s,5,1,0,13,0,0
1916,7,4,d,17,d,2,0,d,0,s,d,4,0,42,2,12,s,6,s,34,0,4,10,s,5,1,0,13,0,0
I794,7,4,1,17,1,2,0,0,0,s,s,4,0,42,2,12,s,6,s,34,0,4,10,s,5,0,0,0,8,0
1020,7,d,1,17,1,2,0,0,0,s,s,4,0,42,2,12,s,d,s,34,0,4,10,s,d,s,d,0,8,0
I797,7,4,1,17,1,2,8,0,0,s,s,4,s,42,2,12,s,6,s,34,0,4,10,s,5,1,0,0,8,0
1837,d,d,1,17,1,2,8,0,0,s,s,4,s,d,2,12,s,6,s,34,d,4,10,s,d,1,0,0,8,0
1836,7,4,d,17,1,2,8,0,0,s,s,4,s,42,2,12,s,6,s,34,0,4,d,s,5,1,0,d,d,0
I799,7,4,1,17,1,2,3,0,0,s,7,4,0,0,2,12,s,6,s,34,0,4,10,s,5,0,0,0,0,0
I800,7,4,1,17,1,2,3,0,0,s,7,4,0,0,2,s,s,6,s,34,2,4,10,s,5,0,0,0,0,11
I801,7,4,1,17,1,2,3,0,0,s,7,4,0,0,2,s,s,6,s,34,2,4,10,s,5,0,0,0,0,11
I802,7,4,1,17,1,2,3,0,0,s,7,4,0,0,2,s,s,6,s,34,2,4,10,s,5,s,0,0,0,11
1844,7,4,d,d,1,2,3,0,0,s,7,s,0,0,2,s,s,6,s,34,d,4,10,s,5,s,0,d,0,11
1774,s,4,1,d,1,2,d,0,d,s,7,4,8,0,2,s,s,6,s,34,2,4,10,s,5,s,0,16,0,11
I805,7,4,1,17,1,2,3,0,0,s,7,s,0,0,2,s,s,6,s,34,2,4,10,s,5,0,0,0,0,11
1963,d,d,1,17,1,2,3,0,0,s,7,s,0,0,d,s,s,6,s,34,2,d,10,s,5,1,0,0,0,11
I807,7,4,1,17,1,2,3,0,0,s,7,s,0,0,2,s,s,6,s,34,2,4,10,s,5,0,0,0,0,11
1501,7,4,1,17,1,2,d,0,0,s,7,s,0,0,2,s,s,6,s,34,2,4,10,s,5,0,0,d,0,11
1500,7,4,d,17,d,d,3,0,d,s,7,s,d,0,2,s,s,6,s,34,2,d,10,s,5,s,0,d,0,11
I808,7,4,1,17,1,2,3,0,0,s,7,4,0,0,2,s,s,6,s,34,2,4,10,s,5,0,0,0,0,11
I809,7,4,1,17,1,2,3,0,0,s,7,4,s,0,2,s,s,6,s,34,2,4,10,s,5,0,0,0,0,11
I810,7,4,1,17,1,2,3,4,0,s,7,4,s,0,2,s,s,6,s,34,2,4,10,s,5,0,0,0,0,11
1813,7,4,1,17,d,2,3,4,0,s,7,4,s,0,2,s,s,6,s,d,2,4,10,s,5,0,d,0,0,11
1812,7,4,1,d,1,2,d,4,d,s,7,4,s,0,2,s,s,6,s,d,d,4,10,s,5,0,0,0,0,11
1823,7,4,1,17,d,d,3,2,0,s,7,4,s,0,2,s,s,6,s,34,d,4,d,s,5,0,0,0,0,11
I812,7,4,s,17,1,2,3,0,0,s,7,4,0,0,2,s,s,6,s,34,2,4,10,s,5,0,0,11,0,11
1924,7,4,s,17,1,2,3,d,0,s,7,4,0,0,2,s,s,6,s,34,2,4,10,s,5,s,0,s,0,11
I814,7,4,s,17,1,2,3,0,0,s,7,4,0,0,2,s,s,6,s,34,2,4,10,s,5,0,0,11,0,11
1993,7,d,s,d,1,2,3,0,0,s,7,d,0,0,2,s,s,6,s,34,2,4,10,s,d,0,d,11,0,11
1992,d,4,s,17,1,2,3,0,0,s,7,4,0,0,2,s,s,d,s,34,2,d,10,s,5,0,0,11,0,11
I815,7,4,1,17,1,2,3,0,0,s,7,4,0,0,2,12,s,6,s,34,0,4,10,s,5,0,0,0,0,0
I816,7,4,1,17,1,2,s,0,0,s,7,4,0,0,2,12,s,6,s,34,0,4,10,s,5,1,0,0,0,0
I819,7,4,1,17,1,2,s,0,0,s,7,4,8,0,2,12,s,6,s,34,0,4,10,s,5,1,0,0,0,9
2027,7,4,1,17,d,2,s,0,0,s,d,d,8,0,2,12,s,6,s,34,0,4,10,s,d,1,0,0,0,9
2026,7,4,1,17,1,2,s,0,d,s,7,4,8,0,2,12,s,6,s,34,0,4,10,s,5,d,0,0,0,9
I822,7,4,1,17,1,2,s,0,0,s,7,4,0,0,2,12,s,6,s,34,2,4,10,s,5,s,0,10,0,0
1851,7,4,1,17,1,2,s,0,0,s,7,4,0,0,2,12,s,d,s,34,2,4,10,s,d,s,0,10,d,d
1850,7,d,1,17,1,2,s,0,0,s,7,d,0,0,d,12,s,6,s,34,2,4,10,s,5,s,0,10,0,0
I823,7,4,1,17,1,2,3,0,0,s,7,4,0,0,2,12,s,6,s,34,0,4,10,s,5,0,0,0,0,11
I824,7,4,1,17,1,2,3,0,0,s,7,4,0,0,2,12,s,6,s,34,0,4,10,s,5,0,0,0,0,11
1459,7,d,1,17,d,2,3,0,0,s,7,d,0,0,2,12,s,6,s,34,0,4,10,s,5,0,0,0,0,d
1535,7,4,1,17,1,d,3,0,2,s,7,d,0,0,2,12,s,6,s,34,2,4,10,s,5,d,0,0,0,11
1546,7,4,1,17,1,d,3,0,0,s,d,d,0,d,2,12,s,6,s,34,0,4,10,s,5,0,d,3,0,11
I830,7,4,1,17,1,2,0,0,0,s,0,4,0,0,2,12,s,6,s,34,0,4,10,s,5,0,0,0,13,0
I831,7,4,1,17,1,2,0,0,0,s,0,4,0,0,2,12,s,6,s,34,0,4,10,s,5,0,0,0,13,0
I832,7,4,1,17,1,2,0,0,0,s,0,4,0,0,2,12,s,6,s,34,0,4,10,s,5,0,0,0,13,0
I833,7,4,1,17,1,2,3,0,0,s,0,4,0,0,2,12,s,6,s,34,0,4,10,s,5,0,0,0,13,0
I834,7,4,1,17,1,2,3,0,0,s,0,4,0,0,2,12,s,6,s,34,2,4,10,s,5,0,0,0,13,0
1514,7,4,1,17,1,2,d,0,2,s,0,4,0,0,2,12,s,6,s,34,2,s,10,s,5,d,0,0,13,0
I836,7,4,1,17,1,2,3,0,0,s,0,4,0,0,2,12,s,6,s,34,2,4,10,s,5,0,0,0,13,0
1687,7,4,1,17,1,d,3,0,d,s,0,4,0,0,2,d,s,d,s,34,2,4,d,s,d,0,0,0,13,d
1686,7,4,1,17,1,2,3,0,0,s,0,d,0,d,2,12,s,6,s,d,2,4,10,s,5,0,d,d,13,0
I837,7,4,1,17,1,2,3,0,0,s,0,4,9,0,2,12,s,s,s,34,0,4,10,s,5,0,0,0,13,6
I838,7,4,1,17,1,2,3,0,0,s,0,4,9,0,2,12,s,s,s,34,0,4,10,s,5,0,0,0,13,6
1731,d,4,d,17,1,2,3,d,0,s,0,4,9,0,2,12,s,s,s,34,0,d,10,s,d,0,0,d,13,d
1730,7,4,1,d,1,2,3,0,0,s,0,4,9,0,2,12,s,s,s,34,0,4,d,s,5,0,0,0,d,6
1678,7,4,1,17,1,2,3,0,0,s,0,4,9,1,2,12,s,s,s,34,0,4,10,s,5,0,0,0,13,6
I841,7,4,1,17,1,2,0,s,0,s,0,4,0,0,2,12,s,6,s,34,2,4,10,s,5,1,31,0,13,0
1676,7,4,1,17,1,2,d,s,0,s,0,d,0,0,2,s,s,6,s,34,2,d,10,s,5,1,d,0,13,0
1752,7,4,1,17,1,2,0,s,0,s,2,4,0,23,2,12,s,6,s,s,d,4,10,s,5,1,31,0,d,1
I847,7,4,1,17,1,2,0,0,0,s,0,4,0,12,2,12,s,6,s,34,0,4,10,s,5,0,0,16,13,0
I852,7,4,1,17,1,s,0,0,0,s,0,4,0,12,2,12,s,6,s,34,0,4,10,s,5,0,0,16,13,0
1344,7,d,1,17,1,s,0,d,0,s,0,4,d,12,2,12,s,6,s,34,0,d,10,s,5,0,0,16,13,0
1569,7,4,d,17,1,s,0,0,0,s,d,4,0,12,2,12,s,6,s,34,0,4,10,s,5,0,0,16,13,0
I855,7,4,1,17,1,2,0,0,0,s,0,4,0,12,2,12,s,6,s,34,0,4,10,s,5,0,0,16,13,0
I857,7,4,1,17,1,2,0,0,0,s,0,4,0,12,2,12,s,6,s,34,0,4,s,s,5,0,0,16,13,0
1573,7,d,1,17,1,d,0,0,2,s,0,4,0,12,2,d,s,6,s,34,0,4,s,s,5,0,0,16,13,0
1572,7,d,1,17,d,2,3,d,0,s,0,4,0,d,2,12,s,6,s,34,0,4,s,s,5,0,0,16,13,d
I859,7,4,1,17,1,2,0,7,0,s,0,4,0,12,2,12,s,6,s,34,0,s,10,s,5,0,0,16,13,0
I860,7,4,1,17,1,2,0,7,0,s,0,4,0,12,2,12,s,6,s,34,0,s,10,s,5,s,0,16,13,0
1757,7,4,1,17,1,2,0,7,0,s,0,4,0,d,2,12,s,6,s,34,d,s,10,s,5,s,0,16,d,0
1756,d,4,1,17,1,2,0,7,0,s,0,4,0,12,2,12,s,6,s,d,0,s,d,s,5,s,0,16,d,0
I861,7,4,1,17,1,2,0,7,0,s,0,4,0,12,2,12,s,6,s,34,0,s,10,s,5,0,0,16,13,1
1571,7,4,1,17,1,2,0,7,2,s,0,4,d,12,2,12,s,6,s,34,0,s,d,s,5,0,0,16,13,1
1570,7,4,d,17,d,2,0,7,0,s,0,4,0,12,2,12,s,6,s,d,0,s,10,s,d,0,0,16,13,1
I862,7,4,1,17,1,2,0,0,0,s,12,4,0,0,2,12,s,6,s,34,0,4,10,s,5,0,0,0,13,0
I863,7,4,1,17,1,2,0,2,0,s,12,4,0,0,2,12,s,6,s,34,0,4,10,s,5,0,0,16,13,0
I864,7,4,1,17,1,2,0,2,0,s,12,4,0,0,2,12,s,6,s,34,0,4,10,s,5,0,0,16,13,s
I867,7,4,1,17,1,2,0,s,0,s,12,4,0,0,2,12,s,6,s,34,0,s,10,s,5,1,0,16,13,s
1265,7,d,1,17,1,2,d,s,0,s,12,4,d,0,2,12,s,6,s,d,0,s,d,s,5,1,0,16,13,s
1264,7,4,1,d,1,2,0,s,0,s,12,d,d,0,2,12,s,6,s,d,0,s,10,s,5,d,0,16,13,s
I870,7,4,1,17,1,2,11,2,s,s,12,4,0,0,2,12,s,6,s,34,0,4,10,s,5,0,0,16,13,s
1123,d,4,1,d,1,d,11,2,s,s,12,d,0,0,2,d,s,6,s,34,d,4,10,s,5,0,0,16,13,s
1122,d,4,1,d,d,2,11,2,s,s,d,4,d,0,2,d,s,6,s,34,0,4,10,s,5,0,0,16,13,s
I871,7,4,1,17,1,2,0,2,0,s,12,4,0,0,2,12,s,6,s,34,0,4,10,s,5,0,25,16,13,0
1552,7,4,1,17,1,2,0,2,0,s,12,d,0,0,2,12,s,6,s,34,0,d,10,s,5,1,25,16,13,0
1810,7,4,d,17,d,2,11,2,0,s,d,4,s,d,2,12,s,6,s,34,0,4,d,s,5,0,d,16,13,d
I878,7,4,1,17,1,2,0,0,0,s,12,4,0,0,2,12,s,6,s,34,0,4,10,s,5,0,0,0,13,0
I879,7,4,1,17,1,2,3,0,0,s,12,4,0,0,2,12,s,6,s,s,0,4,10,s,5,0,0,0,13,0
I880,7,4,1,17,1,2,3,0,0,s,12,4,0,0,2,12,s,6,s,s,0,4,10,s,5,0,3,0,13,0
1761,7,4,1,17,1,d,3,5,0,s,d,4,0,s,2,12,s,6,s,s,0,4,10,s,5,0,d,0,13,0
1738,7,4,1,d,1,2,3,0,0,s,12,4,0,0,2,12,s,6,s,s,0,4,10,s,s,0,3,0,13,0
1847,7,4,1,17,1,2,3,2,0,s,12,4,0,0,2,12,s,6,s,s,0,d,10,s,5,1,0,0,13,10
I886,7,4,1,17,1,2,0,0,0,s,12,4,0,0,2,12,s,6,s,34,0,4,10,s,5,0,0,0,13,1
I889,7,4,1,17,1,2,0,0,0,s,12,4,0,0,2,12,s,6,s,34,0,4,10,s,5,0,0,16,13,1
1433,d,d,1,17,1,2,d,0,0,s,12,4,0,0,2,12,s,d,s,34,0,4,d,s,5,0,0,16,13,1
1432,7,4,1,17,d,2,d,d,0,s,12,d,0,0,2,12,s,6,s,34,0,4,10,s,5,1,25,16,13,d
I890,7,4,1,17,1,2,0,0,0,s,12,4,0,0,2,12,s,6,s,34,2,4,10,s,5,0,0,s,13,1
1869,7,4,1,17,d,2,0,0,0,s,12,d,d,d,d,12,s,6,s,34,2,4,10,s,s,0,d,s,d,1
1826,7,4,1,17,1,2,0,2,0,s,12,d,0,0,2,12,s,6,s,34,2,d,10,s,5,0,d,s,13,1
I893,7,4,1,0,1,2,0,7,0,0,0,4,0,0,2,19,2,6,s,0,0,0,0,s,5,0,0,0,0,0
I894,7,4,1,0,1,2,0,7,2,0,0,4,0,0,2,s,2,6,s,0,0,0,0,s,5,0,0,0,0,0
I895,7,4,1,6,1,2,0,7,2,0,0,4,0,0,2,s,2,6,s,0,0,0,0,s,5,0,0,0,0,0
I896,7,4,1,6,1,2,5,7,2,3,0,4,0,0,2,s,2,6,s,0,0,0,0,s,5,0,0,0,0,0
I897,7,s,1,6,1,2,5,7,2,3,0,4,0,0,2,s,2,6,s,0,0,0,0,s,5,0,0,s,0,0
I898,7,s,1,6,1,2,5,7,2,3,0,4,0,0,2,s,2,6,s,0,0,0,0,s,5,0,0,s,0,0
I899,7,s,1,6,1,2,5,7,2,3,0,4,0,0,2,s,2,6,s,0,0,0,0,s,5,0,0,s,0,0
1439,7,s,1,d,1,2,5,7,d,3,0,4,0,0,d,s,2,6,s,0,0,0,0,s,d,0,0,s,0,0
1438,7,s,1,6,d,2,5,7,2,3,0,d,0,0,2,s,2,6,s,0,0,0,d,s,5,0,0,s,0,0
1227,7,s,1,s,1,d,5,d,d,3,s,4,7,22,2,s,2,6,s,0,0,3,0,s,d,d,0,s,3,0
1243,7,s,1,6,1,2,5,7,2,3,0,4,0,0,d,s,2,d,s,34,0,d,8,s,5,1,9,s,0,0
I905,7,4,1,6,1,s,5,7,2,3,0,4,0,21,2,s,2,6,s,0,0,0,0,s,5,0,0,0,2,0
I906,7,4,1,6,1,s,5,7,2,3,0,4,0,21,2,s,2,s,s,0,0,0,0,s,s,0,0,0,2,0
1397,d,4,d,6,1,s,5,7,2,3,0,4,0,21,2,s,2,s,s,0,0,0,0,s,s,0,0,0,2,d
1396,7,4,1,6,1,s,d,7,2,3,0,s,0,21,2,s,2,s,s,0,d,0,d,s,s,0,0,0,2,0
1248,7,s,1,d,1,s,5,7,2,d,37,4,0,21,2,s,2,6,s,s,0,0,0,s,5,0,9,0,2,0
I911,7,4,1,6,1,2,0,7,2,0,0,4,0,0,2,s,2,6,s,0,0,3,0,s,5,0,0,4,s,0
I912,7,4,1,6,1,s,0,7,2,0,0,s,0,0,2,s,2,6,s,0,0,3,0,s,5,0,0,4,s,3
I913,7,s,1,6,1,s,0,7,2,0,0,s,0,0,2,s,2,6,s,0,0,3,0,s,5,5,0,4,s,3
I914,7,s,1,6,1,s,0,7,2,0,0,s,8,0,2,s,2,s,s,0,0,3,0,s,5,5,28,4,s,3
1495,7,s,1,6,1,s,0,7,2,0,0,s,8,0,2,s,2,s,s,2,0,3,0,s,5,5,28,4,s,3
1494,7,s,1,6,1,s,0,7,2,0,0,s,8,0,2,s,d,s,s,0,0,3,0,s,5,5,28,d,s,d
1693,7,s,1,6,d,s,4,7,2,0,0,s,d,d,d,s,2,6,s,0,2,s,0,s,5,5,0,4,s,3
I916,7,4,1,6,1,s,0,7,2,0,0,s,0,0,2,s,2,6,s,0,0,3,0,s,5,0,0,4,s,3
1656,7,4,d,6,d,s,0,7,d,0,0,s,0,0,s,s,2,6,s,43,0,3,0,s,5,1,0,s,s,3
I918,7,4,1,6,1,s,0,7,2,0,0,s,8,0,2,s,2,6,s,0,0,3,0,s,5,0,0,4,s,3
1557,7,4,1,d,d,s,d,7,2,d,0,s,8,0,d,s,2,6,s,0,0,d,0,s,5,0,0,4,s,d
1556,7,4,1,6,1,s,0,7,2,0,0,s,8,0,2,s,2,6,s,0,0,3,15,s,d,d,0,4,s,3
I919,7,4,1,6,1,2,0,7,2,0,0,4,1,0,2,s,2,6,s,0,0,3,0,s,5,0,0,4,s,0
1682,7,4,d,6,d,2,0,7,2,3,0,4,1,0,2,s,2,d,s,d,0,3,22,s,5,0,0,4,s,0
I923,7,4,1,6,1,2,0,7,2,3,0,4,1,0,2,s,2,s,s,38,0,3,s,s,5,0,0,4,s,0
I924,7,4,1,s,1,2,0,7,2,3,0,4,1,0,2,s,2,s,s,38,0,3,s,s,5,0,0,4,s,0
1931,7,4,1,s,1,2,0,7,2,3,0,4,1,1,2,s,2,s,s,38,0,d,s,s,d,d,0,4,s,0
1930,7,4,1,s,1,2,d,7,2,3,0,4,1,0,2,s,d,s,s,38,0,d,s,s,d,0,0,d,s,0
1802,7,4,1,6,1,2,0,7,2,3,0,4,1,0,d,s,d,s,s,38,0,3,s,s,5,0,0,4,s,d
I926,7,4,1,3,1,2,3,s,2,0,0,4,0,0,2,s,2,6,s,33,s,0,0,s,5,0,0,0,0,0
I927,7,4,1,3,1,2,3,s,2,0,0,4,0,0,2,s,2,6,s,33,s,0,0,s,5,0,0,0,0,0
I928,7,4,1,3,1,2,3,s,2,0,0,4,0,0,2,s,2,6,s,33,s,0,0,s,5,0,0,4,0,0
I929,7,4,1,3,1,2,3,s,2,0,0,4,8,0,2,s,2,6,s,33,s,0,0,s,5,0,0,4,0,0
I930,7,4,1,3,1,s,3,s,2,0,37,4,8,0,2,s,2,6,s,33,s,0,0,s,5,0,0,4,0,0
1843,7,4,1,3,1,s,3,s,2,0,37,4,8,0,2,s,2,6,s,33,s,0,0,s,d,0,d,4,0,0
1842,7,4,1,3,1,s,3,s,2,0,37,4,8,d,2,s,2,6,s,33,s,d,0,s,5,d,0,4,0,0
1927,7,4,1,3,s,2,3,s,2,0,0,4,8,d,2,s,2,6,s,33,s,0,0,s,5,0,0,4,0,0
I932,7,4,1,3,1,2,3,s,2,0,0,4,0,0,2,s,2,6,s,33,s,0,0,s,5,0,0,4,19,0
1848,7,4,1,3,1,2,3,s,2,0,6,4,0,d,2,s,2,6,s,33,s,0,0,s,5,d,0,4,19,0
1876,7,4,1,3,1,2,3,s,2,0,0,4,0,0,2,s,2,d,s,33,s,0,0,s,5,d,0,4,19,1
I935,7,4,1,3,1,2,3,s,2,0,0,4,0,16,2,s,2,6,s,33,s,0,0,s,5,0,0,0,0,0
I938,7,4,1,3,1,s,3,s,2,0,0,4,8,16,2,s,2,6,s,33,s,0,0,s,5,0,18,0,0,0
1991,7,4,d,d,1,s,3,s,d,0,0,4,d,16,2,s,2,d,s,33,s,0,0,s,5,0,d,0,0,s
1990,7,4,1,3,1,s,d,s,2,0,0,4,d,16,2,s,2,6,s,33,s,0,0,s,d,0,d,0,0,0
I940,7,4,1,3,1,2,3,s,2,3,0,4,0,16,2,s,2,6,s,33,s,0,0,s,5,0,31,13,0,0
1957,d,d,1,d,1,2,3,s,2,3,0,4,0,d,d,s,2,6,s,d,s,0,d,s,d,0,31,13,0,d
1956,7,4,d,3,1,2,3,s,2,d,0,4,0,16,2,s,2,6,s,33,s,0,0,s,5,0,31,13,0,0
I942,7,4,1,3,1,2,3,s,2,0,0,4,0,0,2,s,2,6,s,33,s,0,0,s,5,0,0,0,0,0
I943,7,4,1,3,1,2,3,s,2,0,0,4,0,14,2,s,2,6,s,33,s,0,0,s,5,0,0,0,0,0
1717,7,s,1,s,1,s,3,s,2,0,0,4,8,d,2,s,2,6,s,33,s,0,0,s,5,0,0,d,0,d
1645,7,4,1,3,1,2,d,s,2,0,1,4,0,14,2,s,d,6,s,33,s,d,22,s,5,0,0,9,0,0
I950,7,4,1,3,1,2,3,s,2,0,0,4,0,0,2,s,2,6,s,33,s,3,0,s,5,0,0,0,0,0
I951,7,4,1,3,1,2,3,s,2,6,0,4,0,0,2,s,2,6,s,33,s,3,0,s,5,0,0,0,0,0
1628,7,4,1,3,1,2,3,s,2,6,0,4,0,16,2,s,2,6,s,s,s,3,0,s,5,0,0,0,d,0
1928,7,4,1,3,1,2,d,s,2,6,0,d,0,0,2,s,2,6,s,33,s,d,d,s,5,d,0,0,s,0
1862,s,4,1,3,1,s,3,s,2,0,0,4,0,18,2,s,2,6,s,33,s,3,d,s,5,1,0,d,0,d
I957,7,4,1,0,1,2,0,7,2,0,0,4,0,0,2,19,2,6,s,0,0,0,0,s,5,3,0,0,0,0
I958,7,4,1,0,1,2,0,7,2,0,0,4,0,0,2,19,2,6,s,0,0,0,0,s,5,3,0,0,0,0
I959,7,4,1,0,1,2,0,7,2,0,0,4,0,0,2,19,2,s,s,0,0,0,0,s,5,3,0,0,0,0
I960,7,4,1,0,1,2,0,7,2,0,0,4,0,0,2,19,2,s,s,0,0,0,0,s,5,3,0,0,0,0
I961,7,4,1,0,1,2,0,7,2,0,0,4,0,0,2,19,2,s,s,0,0,0,0,s,5,3,0,0,8,0
I962,7,4,1,0,1,2,0,7,2,3,0,4,0,0,2,19,2,s,s,34,0,0,0,s,5,3,46,0,8,0
1213,7,4,1,0,1,2,0,7,2,3,0,d,0,0,2,19,2,s,s,34,d,0,7,s,5,3,46,0,8,d
1212,7,d,1,0,1,2,0,7,2,3,0,4,0,0,2,d,2,s,s,34,0,0,0,s,5,3,46,0,8,0
I963,7,4,1,9,1,2,0,7,2,0,0,4,7,0,2,19,2,s,s,0,0,0,0,s,5,3,0,3,8,0
1241,7,4,1,9,1,d,0,7,s,0,0,4,7,0,2,19,2,s,s,0,0,0,d,s,5,3,0,d,8,1
1240,7,4,1,9,d,2,0,7,d,0,0,4,7,0,2,19,d,s,s,d,0,d,0,s,d,3,0,3,8,0
1075,7,4,1,0,1,2,0,7,2,3,21,4,0,0,2,19,2,s,s,0,2,0,22,s,5,3,d,0,0,0
I967,7,4,1,0,1,2,0,7,2,0,34,4,0,0,2,19,2,s,s,0,0,0,0,s,5,3,0,0,s,0
1581,7,4,d,0,1,2,0,7,2,0,d,4,0,0,2,19,2,s,s,0,0,0,0,s,5,3,0,0,s,0
I971,7,4,1,0,1,2,0,7,2,0,34,4,0,0,2,19,2,s,s,0,0,0,0,s,5,3,0,0,s,0
1315,d,d,1,0,1,2,0,d,2,d,34,4,0,d,2,19,2,s,s,0,2,0,0,s,d,3,0,d,s,0
I973,7,4,1,0,1,2,0,7,2,0,34,4,0,0,2,19,2,s,s,0,0,3,0,s,5,3,0,0,s,0
1447,7,4,d,0,d,2,0,d,2,0,34,4,8,0,2,19,2,s,s,0,0,3,0,s,5,d,0,0,s,0
1446,7,4,1,0,1,2,0,7,2,0,34,d,0,0,d,19,2,s,s,0,0,3,0,s,5,3,0,0,s,0
I974,7,4,1,0,1,2,0,7,2,0,37,4,0,0,2,19,2,6,s,0,0,0,0,s,5,3,0,0,0,0
I975,7,4,1,0,1,2,0,7,2,0,37,4,0,0,2,19,2,6,s,0,0,0,0,s,5,3,0,0,0,0
1613,7,4,1,0,1,2,0,d,2,0,d,4,0,0,2,19,2,6,s,4,0,0,16,s,5,3,0,3,19,1
I979,7,4,s,0,1,2,0,7,2,0,37,4,0,0,2,19,2,6,s,0,0,0,15,s,5,3,0,0,0,0
1513,7,4,s,0,1,2,d,7,2,d,37,4,0,0,2,19,2,6,s,0,s,0,15,s,5,d,0,0,0,0
I981,7,4,s,0,1,2,0,7,2,0,s,4,0,0,2,19,2,6,s,0,0,0,15,s,5,3,0,0,0,5
1703,7,4,s,d,1,2,0,7,2,0,s,4,0,0,d,d,2,d,s,0,0,0,15,s,5,3,0,0,0,5
1702,7,4,s,3,1,2,0,7,2,0,s,4,0,0,2,19,d,6,s,0,0,0,d,s,5,3,0,3,0,5
I982,7,4,1,0,1,2,0,7,2,0,37,4,0,0,2,19,2,6,s,0,2,0,0,s,5,3,0,3,0,0
I983,7,4,1,0,1,2,0,7,2,3,37,4,8,0,2,19,2,6,s,0,2,0,0,s,5,3,0,3,0,0
1728,7,4,d,0,1,2,0,7,2,3,37,s,8,d,2,d,2,6,s,d,2,0,d,s,5,3,0,3,0,0
1632,7,d,1,s,1,2,0,7,d,3,d,4,8,17,2,19,2,d,s,d,2,0,d,s,5,d,d,3,0,0
1258,7,4,1,0,s,2,0,7,2,0,37,d,8,3,d,19,2,s,s,d,2,0,0,s,5,d,0,s,0,0
I989,7,4,1,0,1,2,0,7,2,0,0,4,0,0,s,19,2,6,s,0,0,0,0,s,5,3,0,0,0,0
I990,7,4,1,0,1,2,0,7,2,0,0,4,0,0,s,19,2,6,s,0,0,0,0,s,5,3,0,0,0,0
I991,7,4,1,0,1,2,0,7,2,0,0,4,0,0,s,19,2,6,s,0,0,0,0,s,5,3,0,13,0,0
I992,7,4,1,0,1,2,0,7,2,0,1,4,5,0,s,19,2,6,s,0,0,0,0,s,5,3,19,13,s,0
1313,d,d,d,0,d,d,d,7,2,0,1,4,d,0,s,19,2,s,s,0,0,0,s,s,5,3,19,13,s,s
1231,7,d,1,0,1,2,0,7,2,d,1,4,5,0,s,19,2,6,s,24,0,0,0,s,5,3,d,13,s,d
I996,7,4,1,s,1,2,0,7,2,3,1,4,0,0,s,19,2,6,s,0,0,0,0,s,5,3,0,13,2,0
1509,7,4,1,s,1,2,0,7,2,3,1,4,0,0,s,d,2,d,s,d,0,0,0,s,d,3,0,13,2,0
1508,7,4,1,s,d,2,0,7,2,3,1,4,0,d,s,d,2,6,s,0,d,d,d,s,5,3,0,13,d,0
I998,7,4,1,s,1,2,0,7,2,0,0,4,8,0,s,19,2,6,s,0,0,0,0,s,5,3,0,0,14,0
I999,7,4,1,s,1,2,0,7,2,0,0,4,8,0,s,19,2,6,s,0,2,0,0,s,5,3,0,0,14,0
I1000,7,4,1,s,1,2,0,7,2,0,0,4,8,0,s,19,2,6,s,0,2,0,11,s,5,3,0,0,14,0
I1001,7,4,1,s,1,2,0,7,2,0,16,4,8,0,s,19,2,6,s,0,2,3,11,s,5,3,0,0,14,0
2015,7,d,1,s,1,2,0,7,2,0,16,4,8,0,s,19,2,6,s,0,2,d,11,s,5,3,0,0,14,0
2014,7,4,1,s,1,2,0,7,d,0,16,4,8,0,s,19,2,6,s,d,d,3,11,s,5,3,d,0,14,0
1032,7,4,d,s,1,2,0,7,2,0,0,4,8,0,s,19,2,6,s,0,2,d,11,s,5,3,0,0,14,0
I1002,7,4,1,s,1,2,0,7,2,0,0,4,8,0,s,19,2,6,s,0,2,0,0,s,5,3,0,0,14,1
I1003,7,4,1,s,1,2,0,7,2,0,0,4,8,0,s,19,2,6,s,0,2,0,0,s,5,3,0,0,14,1
1987,7,d,1,s,1,2,0,7,2,0,0,4,8,0,s,19,2,6,s,0,2,0,0,s,5,3,0,0,14,1
1986,7,d,1,s,1,2,0,7,2,d,0,4,8,0,s,19,2,6,s,0,2,0,0,s,5,3,d,0,14,1
1026,7,4,1,s,1,2,0,7,2,0,0,4,8,0,s,19,2,6,s,0,2,3,0,s,5,3,0,0,14,s
I1007,7,4,1,s,1,2,0,7,2,0,0,4,8,0,s,19,2,6,s,0,0,0,0,s,5,3,3,4,14,0
1978,d,4,d,s,1,2,0,7,2,0,d,4,8,0,s,19,2,6,s,43,0,0,0,s,5,3,3,d,14,d
1038,7,4,d,s,d,2,0,7,2,0,0,4,8,0,s,d,2,s,s,0,2,0,0,s,5,3,d,4,14,0
I1009,7,4,1,0,1,2,0,7,2,0,0,4,0,0,s,s,2,6,s,0,0,0,0,s,5,3,3,0,0,0
I1011,7,4,1,0,1,2,3,7,2,0,0,4,0,0,s,s,2,6,s,0,0,0,0,s,5,3,3,0,0,0
1304,7,4,1,7,1,2,3,7,2,0,0,4,0,0,s,s,2,6,s,0,0,5,d,s,5,3,3,0,3,0
1114,7,4,d,0,1,2,3,7,2,0,0,4,s,0,s,s,2,6,s,d,0,0,0,s,5,d,3,0,0,0
I1021,7,4,1,0,1,2,0,7,2,0,0,4,8,0,s,s,2,6,s,0,0,0,0,s,5,3,3,3,0,0
1097,7,4,1,0,1,d,0,7,2,d,0,4,8,0,s,s,2,6,s,d,0,0,0,s,5,3,3,3,0,1
I1023,7,4,1,0,1,2,0,7,2,3,0,4,8,0,s,s,2,6,s,0,0,0,0,s,5,3,3,3,0,0
1337,7,4,1,0,1,2,11,7,2,3,0,4,d,0,s,s,2,6,s,0,0,0,0,s,5,3,3,s,0,0
1336,7,4,1,d,1,2,0,7,2,3,d,4,8,4,s,s,2,d,s,0,0,d,0,s,5,3,3,3,0,0
