cell,r1,r2,r3,r4,r5,r6,r7,r8,r9,r10,r11,r12,r13,r14,r15,r16,r17,r18,r19,r20,r21,r22,r23,r24,r25,r26,r27,r28,r29,r30
I1,0,0,0,0,0,0,0,0,0,0,2,0,0,0,0,0,0,0,0,0,0,0,0,0,0,0,0,0,2,0
I2,0,0,s,0,0,1,0,0,0,10,2,0,0,0,0,0,0,0,25,0,0,0,0,0,0,0,0,0,2,0
I3,0,0,s,0,0,1,0,9,0,10,2,10,0,0,0,0,0,0,25,0,0,0,0,0,0,0,28,0,2,0
I4,0,0,s,12,0,1,0,9,23,10,2,10,0,0,0,0,12,0,25,0,0,0,0,0,0,0,28,0,2,0
I5,0,0,s,12,0,1,13,9,23,10,2,10,0,0,0,0,12,0,25,0,0,0,0,0,0,0,28,5,2,0
I6,0,0,s,12,0,1,13,9,23,10,2,10,6,0,0,1,12,0,25,0,0,0,0,0,9,0,28,5,2,0
I7,0,0,s,12,0,1,13,9,23,10,2,10,6,0,0,1,12,0,25,0,0,1,0,0,9,0,28,5,2,0
I8,0,21,s,12,0,1,13,9,23,10,2,10,6,0,0,1,12,0,25,0,0,1,0,0,9,0,28,5,2,1
I9,0,21,s,12,0,1,13,9,23,10,2,10,6,7,0,1,12,0,25,0,0,1,0,0,9,0,28,5,2,1
I10,0,21,s,12,0,1,13,9,23,10,2,10,6,7,3,1,12,0,25,0,1,1,0,0,9,0,28,5,2,1
1507,2,21,s,12,0,1,13,9,23,10,2,d,6,7,3,1,12,0,25,0,1,d,0,6,d,0,28,5,d,1
1506,0,21,s,12,d,1,13,9,23,10,2,10,6,d,3,1,12,0,25,0,1,1,d,0,9,0,28,5,2,1
1980,0,d,s,12,0,1,13,9,23,10,2,10,d,7,0,1,12,0,d,0,0,1,d,0,9,0,28,5,2,1
I14,0,21,s,12,0,1,13,9,23,10,2,10,6,0,0,1,12,0,25,0,0,1,0,0,9,0,28,5,2,1
1627,0,21,s,12,0,1,d,9,23,10,2,10,6,7,d,1,12,0,25,0,s,1,0,0,9,0,d,d,2,d
1626,d,21,s,d,0,d,13,9,23,10,2,10,6,0,0,1,12,0,25,0,0,1,d,0,d,0,d,5,2,1
I15,0,0,s,12,0,1,13,9,23,10,2,10,6,0,0,1,12,0,25,0,0,1,0,0,9,18,28,5,2,0
I16,0,0,s,12,0,1,s,9,23,10,2,10,6,0,0,1,12,0,25,0,0,1,0,0,9,18,28,5,2,0
I17,4,0,s,12,0,1,s,9,23,10,2,10,6,0,0,1,12,0,25,0,0,1,0,0,9,18,28,5,2,0
1311,4,0,s,d,0,1,s,9,23,10,2,10,6,0,0,1,d,0,25,0,0,1,0,0,9,18,28,d,2,0
1310,4,0,s,d,0,1,s,9,23,10,2,10,6,0,0,1,12,0,25,0,1,1,0,0,9,18,d,5,2,0
1420,0,0,s,12,0,1,s,9,23,d,2,d,d,0,0,1,12,0,25,0,0,d,0,0,9,18,28,5,d,0
I19,0,0,s,12,0,1,13,9,23,10,2,10,6,0,0,1,12,0,25,0,0,1,0,0,9,18,28,5,2,0
1282,0,0,s,12,0,1,13,d,23,10,2,10,d,0,0,1,d,0,25,d,0,1,0,6,9,s,28,d,d,0
1598,0,0,s,12,0,1,d,9,23,10,2,10,6,0,0,d,12,0,25,0,d,s,d,0,s,18,28,5,2,0
I22,0,0,s,12,0,1,13,s,23,10,2,10,6,0,0,1,12,0,25,0,0,0,0,0,9,0,28,5,2,0
I23,0,0,s,12,0,1,13,s,23,10,2,10,6,6,0,1,12,0,25,0,0,0,0,0,9,0,28,5,2,0
I26,2,0,s,12,0,1,13,s,23,10,2,10,6,6,0,1,12,26,s,0,0,0,0,4,9,0,28,5,2,0
1639,2,0,s,d,0,1,13,s,23,10,2,10,6,6,0,1,12,26,s,0,0,0,0,4,9,0,28,5,2,0
1638,2,0,s,12,d,1,13,s,23,10,2,10,d,6,0,1,12,26,s,0,0,0,0,4,9,d,28,5,2,0
I27,0,0,s,12,0,1,13,s,23,10,2,10,6,6,0,1,12,0,25,0,0,0,0,0,9,0,28,5,2,0
1434,0,d,s,12,0,d,13,s,23,10,2,10,6,d,d,1,12,0,25,0,0,0,0,0,d,0,d,5,2,0
1333,0,0,s,12,0,1,13,s,23,10,2,10,6,6,0,d,d,0,25,d,d,0,0,0,9,d,d,5,2,0
I30,0,0,s,12,0,1,13,s,23,10,2,10,6,0,0,1,12,0,25,0,0,0,0,0,9,0,28,5,2,0
1521,0,37,s,12,0,1,s,s,d,10,2,d,6,7,0,1,d,0,25,1,0,0,0,0,9,0,28,5,2,6
I34,0,0,s,12,0,1,13,s,23,10,2,10,6,0,0,1,12,0,25,0,0,0,1,0,9,13,28,5,2,0
I35,0,0,s,12,0,1,13,s,23,10,2,10,6,0,0,1,12,0,25,0,0,0,1,0,9,13,28,5,2,0
1491,0,d,s,12,0,1,13,s,23,10,2,10,6,0,0,1,d,0,25,0,0,0,1,0,d,13,28,5,2,0
1490,0,d,s,12,0,d,d,s,23,10,2,10,6,0,0,1,12,d,d,0,0,0,1,0,9,13,28,5,2,d
I36,0,0,s,12,17,1,13,s,23,10,2,10,6,0,0,1,12,0,25,0,1,0,1,0,9,13,28,5,2,0
1755,0,0,s,12,17,1,13,s,23,10,2,10,6,0,0,1,12,0,25,0,1,0,1,0,9,13,28,d,2,0
1754,d,0,s,12,17,d,13,s,23,10,2,10,6,d,0,1,12,0,25,0,1,0,1,0,d,13,28,d,2,0
I37,0,17,s,12,0,1,13,9,23,10,2,10,0,0,0,0,12,0,25,0,0,s,0,0,0,0,28,5,2,0
I38,3,17,s,12,0,1,13,9,23,10,2,10,0,7,0,0,12,0,25,0,0,s,0,0,0,0,28,5,2,0
I39,3,17,s,12,0,1,13,9,23,10,2,10,0,7,0,0,12,0,25,0,0,s,0,0,9,2,28,5,2,0
I40,3,17,s,12,0,1,13,9,23,10,2,10,0,7,25,0,12,0,25,0,1,s,16,0,9,2,28,5,2,0
1302,3,17,s,12,0,1,13,d,23,10,2,10,0,7,25,0,12,0,25,15,1,s,16,0,9,2,28,d,2,10
1522,3,17,s,d,0,1,13,9,23,10,2,10,d,7,25,0,d,d,d,0,1,s,d,0,9,2,28,5,2,d
1448,3,17,s,12,22,1,13,9,23,s,2,10,0,d,s,0,12,s,25,0,0,s,0,29,9,2,d,5,2,0
I46,3,17,s,12,0,1,13,9,23,10,2,10,0,7,0,0,12,0,25,0,0,s,0,0,0,0,28,5,2,0
I49,3,17,s,12,17,1,13,9,23,10,s,10,0,s,0,0,12,0,25,0,0,s,0,0,9,0,28,5,2,0
1971,3,17,s,12,17,1,13,9,23,10,s,d,0,s,0,0,12,0,25,0,0,s,0,0,9,0,28,5,2,0
1970,3,17,s,12,17,1,13,9,d,10,s,d,0,s,0,d,12,0,d,0,d,s,0,0,d,0,28,5,2,d
I52,3,17,s,12,0,1,13,9,23,10,2,10,15,7,0,0,12,0,25,0,0,s,0,0,0,23,28,5,2,0
1125,3,17,s,12,0,1,13,9,d,10,2,10,15,7,15,d,12,0,25,0,0,s,0,0,0,23,28,5,2,0
1124,d,17,s,12,0,1,d,9,23,10,2,10,d,d,0,0,12,d,25,0,0,s,0,0,0,d,28,5,2,0
I54,0,17,s,12,0,1,13,9,23,10,2,10,0,0,0,0,12,0,25,0,0,s,0,0,0,0,28,5,2,0
I58,3,s,s,12,0,1,13,9,23,10,2,10,0,7,0,1,12,0,25,4,s,s,10,39,0,0,s,5,s,0
1161,3,s,s,d,0,1,13,9,23,10,2,10,0,7,0,1,12,5,25,4,s,s,10,39,0,0,s,5,s,0
1160,3,s,s,12,22,1,13,9,23,10,s,10,0,7,0,1,12,0,25,4,s,s,10,39,9,0,s,5,s,21
I62,0,17,s,12,0,1,13,9,23,10,2,10,0,0,0,0,12,0,25,0,1,s,0,5,0,0,28,5,2,0
I63,2,17,s,12,22,1,13,9,23,10,2,10,0,0,0,0,12,0,25,0,1,s,0,5,0,14,28,5,2,0
1112,2,17,s,12,d,1,13,9,d,10,2,10,0,0,0,0,12,0,d,6,1,s,0,5,d,14,28,d,2,0
I65,2,17,s,12,22,1,13,9,23,10,2,10,0,0,s,s,12,0,25,0,1,s,0,5,0,14,28,5,2,0
1405,2,17,s,12,22,1,13,d,23,10,2,10,0,0,s,s,12,0,25,8,1,s,0,5,0,14,d,5,2,0
1404,2,17,s,12,22,1,13,9,23,10,2,10,0,0,s,s,12,d,d,0,1,s,d,5,0,14,28,5,2,0
1457,0,17,s,d,0,1,13,9,23,10,2,10,0,0,s,0,12,0,25,0,1,s,d,5,0,d,28,5,2,10
I69,0,0,s,s,0,1,0,9,23,10,2,10,0,0,0,0,12,0,25,0,0,0,0,0,0,0,28,0,2,0
I70,0,0,s,s,0,1,0,9,23,10,2,10,0,0,0,1,12,0,25,0,1,0,0,0,0,0,28,0,2,0
I71,0,0,s,s,0,1,0,9,23,10,2,10,17,6,0,1,12,0,25,0,1,0,0,0,0,0,28,0,2,0
I72,0,0,s,s,34,1,0,9,23,10,2,10,17,6,6,1,12,11,25,0,1,0,16,4,0,0,28,0,2,0
I74,0,29,s,s,34,1,0,9,23,10,2,10,17,6,6,1,12,11,25,0,1,22,16,4,0,26,28,0,2,27
1287,0,29,s,s,34,1,d,9,23,10,d,d,d,6,6,1,d,11,25,0,1,d,16,4,0,26,28,0,2,d
1286,0,29,s,s,d,1,0,9,23,10,2,10,17,6,6,1,d,11,25,0,1,22,d,4,d,26,28,0,2,d
I76,0,0,s,s,34,1,0,9,23,10,2,10,17,6,6,1,12,11,25,0,1,0,16,4,0,0,28,s,2,0
I77,0,0,s,s,34,1,9,9,23,10,2,10,17,6,6,1,12,11,25,4,1,0,16,4,0,0,28,s,2,0
1159,0,0,s,s,s,1,9,9,23,10,2,10,17,6,6,1,12,11,25,4,1,0,16,4,0,0,28,s,2,0
1158,0,0,s,s,34,1,9,9,23,10,2,d,17,6,6,1,12,11,25,4,1,0,d,4,d,s,28,s,2,0
I78,0,0,s,s,34,s,0,9,23,10,2,10,17,6,6,1,12,11,25,0,1,0,16,4,0,0,28,s,2,0
1253,d,0,s,s,34,s,d,9,23,10,2,10,d,6,6,1,12,11,25,0,1,0,16,4,0,0,28,s,2,0
1252,0,0,s,s,34,s,0,9,23,10,d,10,17,6,6,1,12,11,d,0,1,0,16,d,0,0,28,s,d,0
I79,0,15,s,s,0,1,0,9,23,10,2,10,17,6,0,1,12,1,25,0,1,1,0,0,0,0,28,0,2,1
I81,0,15,s,s,22,1,0,9,23,10,2,10,17,6,8,1,12,1,25,0,1,1,0,0,0,0,28,0,2,1
1343,d,d,s,s,d,1,0,d,23,10,2,10,17,6,d,1,12,1,25,0,1,1,d,0,0,d,28,d,2,1
1342,0,d,s,s,22,1,0,9,23,10,2,10,d,6,8,1,12,1,25,0,1,1,0,0,0,0,d,0,2,1
2028,4,15,s,s,0,1,d,9,23,10,2,10,17,6,s,1,d,1,25,0,1,1,d,0,0,0,28,7,d,1
I87,0,0,s,s,0,1,0,9,23,10,2,10,15,0,0,1,12,0,25,0,1,0,0,0,0,0,28,0,2,0
I88,0,0,s,s,0,1,0,9,23,10,2,10,15,0,0,1,12,0,25,0,1,0,0,s,0,0,28,0,2,0
1299,d,0,s,s,0,d,0,d,s,d,2,10,15,7,d,1,12,0,25,0,1,0,0,s,0,0,28,0,2,0
I92,0,0,s,s,0,1,0,9,23,10,2,10,15,3,0,1,12,0,25,0,1,0,0,s,0,0,28,0,2,0
I93,0,24,s,s,0,1,0,9,23,10,2,10,15,3,0,1,12,0,25,0,1,0,0,s,0,0,28,0,2,0
1263,0,24,s,s,d,1,d,9,23,10,2,d,15,3,s,1,12,0,d,0,1,17,0,s,0,0,28,0,2,0
1262,0,24,s,s,0,1,0,9,23,10,2,10,15,3,0,1,12,0,25,0,1,0,0,s,0,0,d,0,2,0
1376,0,0,s,s,29,1,0,d,23,10,2,10,d,s,0,1,12,d,25,0,1,0,0,s,0,0,28,0,2,0
I95,0,0,s,s,0,1,0,9,23,10,2,10,15,0,0,1,12,0,25,0,1,0,0,0,9,0,28,0,2,0
1079,0,0,s,s,0,d,0,9,d,10,2,10,15,0,18,1,12,8,25,d,1,0,0,d,9,0,28,0,2,18
1407,0,0,s,s,0,1,13,9,d,10,2,10,15,0,d,1,12,0,25,d,1,5,0,0,9,0,28,4,2,d
I102,0,16,s,s,0,1,0,9,23,10,2,10,0,0,0,1,12,0,25,0,1,0,0,38,0,0,s,0,2,0
I103,2,16,s,s,0,1,10,9,23,10,2,10,0,0,0,1,12,0,25,0,1,0,0,38,0,0,s,0,2,0
I104,s,16,s,s,0,1,10,9,23,10,2,10,0,0,0,1,12,0,25,0,1,0,0,38,0,0,s,0,2,0
I105,s,16,s,s,0,1,10,9,23,10,2,10,0,0,8,1,12,0,25,0,1,0,12,38,0,20,s,0,2,0
1972,s,16,s,s,0,1,d,9,23,10,2,10,0,6,8,1,s,0,25,0,d,0,12,38,0,20,s,0,2,0
1058,s,16,s,s,0,1,10,9,d,s,2,d,0,0,d,1,d,d,25,0,1,0,12,38,d,20,s,0,2,0
I109,s,16,s,s,0,1,10,9,23,10,2,10,13,0,0,1,12,0,25,0,1,0,0,38,0,0,s,0,2,0
1866,s,16,s,s,0,1,10,9,23,d,2,d,13,0,0,1,d,8,25,0,1,0,8,38,0,24,s,4,d,0
I113,s,16,s,s,0,1,10,9,23,10,2,10,13,0,0,1,12,0,25,0,1,0,0,38,0,0,s,0,2,0
I114,s,16,s,s,0,1,10,9,s,10,2,10,13,0,0,1,12,0,25,0,1,0,0,38,0,0,s,0,2,0
2045,s,d,s,s,0,1,10,9,s,d,2,10,13,0,0,1,12,0,25,0,1,0,0,38,0,0,s,0,2,0
2044,s,16,s,s,0,1,10,9,s,10,2,10,13,0,0,1,12,0,25,0,1,0,0,38,0,0,s,0,2,0
2031,s,16,s,s,0,1,10,9,23,10,2,d,13,0,0,1,d,0,25,0,1,d,d,d,0,d,s,d,2,0
I116,2,16,s,s,0,1,10,9,23,10,2,10,0,0,0,1,12,0,25,0,1,0,0,38,9,0,s,4,2,0
1099,2,16,s,s,0,1,10,9,23,10,2,10,25,0,3,1,12,0,25,0,1,4,17,d,d,0,s,4,2,0
I120,2,16,s,s,0,1,10,9,23,10,2,10,0,0,0,1,12,0,25,0,1,0,0,38,9,0,s,4,2,0
1022,d,16,s,s,0,1,10,9,23,10,2,10,0,0,0,1,12,13,25,d,1,0,0,38,9,0,s,4,2,0
I122,2,16,s,s,0,1,10,9,23,10,2,10,0,0,0,1,12,0,25,0,1,3,0,38,9,0,s,4,2,0
983,2,16,s,s,d,1,10,d,23,s,d,10,0,0,0,1,12,0,25,0,1,3,12,38,9,25,s,4,d,4
1965,2,16,s,s,d,1,10,9,23,10,2,10,0,0,0,1,12,0,25,0,1,3,0,38,9,0,s,4,2,0
I124,0,16,s,s,0,1,0,9,23,10,2,10,0,0,0,1,12,0,25,0,1,0,0,38,9,s,s,0,2,0
I125,0,16,s,s,0,1,0,9,23,10,2,10,11,0,0,1,12,0,25,0,1,0,0,38,9,s,s,0,2,0
I128,0,16,s,s,0,1,0,9,23,10,2,10,11,0,0,1,12,0,25,0,1,0,0,38,9,s,s,15,2,0
1133,0,16,s,s,0,1,0,9,23,10,2,s,11,0,0,1,12,d,25,0,1,0,0,38,9,s,s,15,2,0
1132,0,16,s,s,0,1,0,9,23,10,2,10,11,0,0,d,12,0,25,0,1,0,0,38,9,s,s,15,2,d
I129,0,16,s,s,0,1,0,9,23,10,2,10,11,0,0,1,12,0,25,0,1,0,0,38,9,s,s,0,2,0
1477,0,16,s,s,d,d,0,9,23,10,2,10,11,0,0,1,12,0,25,0,d,0,d,38,9,s,s,1,2,8
1726,0,16,s,s,0,1,0,9,23,10,2,10,11,0,0,1,12,d,25,9,1,0,0,38,9,s,s,0,2,0
I132,0,16,s,s,0,1,0,9,23,10,2,10,0,0,0,1,12,0,25,0,1,0,0,38,9,s,s,0,2,0
I133,3,16,s,s,0,1,0,9,23,10,2,10,0,0,0,1,12,0,25,0,1,0,0,38,9,s,s,0,2,0
1094,s,16,s,s,0,1,22,9,23,10,2,10,0,6,0,1,12,d,25,0,1,0,0,d,9,s,s,1,2,s
1044,3,s,s,s,0,1,0,9,23,10,2,10,d,0,0,1,12,0,25,0,d,0,7,38,9,s,s,4,2,0
I136,0,s,s,s,0,1,0,9,23,10,2,10,0,0,0,1,12,0,25,0,1,23,0,38,9,s,s,0,2,0
I137,0,s,s,s,0,1,0,9,23,10,2,10,0,0,6,1,12,6,25,0,1,23,0,38,9,s,s,0,2,0
1165,s,s,s,s,d,1,0,d,23,10,2,10,0,0,6,1,12,6,25,0,1,d,0,38,9,s,s,0,2,1
1164,0,s,s,s,37,1,0,9,23,10,2,10,0,0,6,1,12,6,25,0,1,23,0,38,9,s,s,11,2,0
1081,0,s,s,s,2,1,d,9,23,10,2,10,0,0,0,1,d,0,25,s,1,23,0,38,9,s,s,0,2,0
I139,0,24,s,20,0,1,0,9,0,10,2,10,0,0,0,0,0,0,25,0,0,0,0,0,0,2,28,0,2,0
I140,0,24,s,20,0,1,0,9,0,10,2,10,0,0,0,0,0,0,25,0,0,0,0,0,0,2,28,0,2,0
I141,0,24,s,20,0,1,0,9,0,10,2,10,0,0,0,0,0,0,25,0,0,0,0,0,0,2,28,0,2,0
I142,0,24,s,20,0,1,0,9,0,10,2,10,0,0,0,0,24,0,25,0,0,4,0,0,0,2,28,0,2,0
I143,0,24,s,20,17,1,0,9,0,10,2,10,0,0,8,0,24,0,25,16,0,4,0,38,0,2,28,0,2,0
1762,0,24,s,20,17,1,0,9,0,s,2,10,s,d,8,d,24,1,25,16,0,4,9,38,0,2,d,0,2,0
I147,0,24,s,20,17,1,4,9,0,10,2,10,0,0,8,0,24,0,25,16,0,4,0,38,0,2,28,0,2,0
1893,0,24,s,20,17,1,s,9,10,d,2,10,0,0,8,0,24,5,25,d,0,d,d,38,0,2,28,0,2,10
1805,0,24,s,20,17,1,4,9,0,10,2,10,6,d,8,0,24,0,25,16,1,4,0,38,0,2,28,0,2,0
I150,0,24,s,20,0,1,0,9,0,10,2,10,0,0,0,0,24,0,25,0,0,4,0,0,0,2,28,0,2,0
I151,4,24,s,20,0,1,0,9,0,10,s,10,0,0,0,0,24,0,25,0,0,4,s,0,0,2,28,0,2,0
1747,4,24,s,20,0,1,0,9,0,d,s,10,9,d,0,1,24,0,25,0,0,d,s,0,0,2,28,0,d,d
988,4,24,s,20,35,1,0,9,0,10,s,10,0,0,0,0,24,13,25,0,0,4,s,0,0,2,28,0,2,0
I153,0,24,s,20,9,1,0,9,0,10,2,10,0,0,0,0,24,0,25,0,0,4,0,0,0,2,28,0,2,0
1093,0,24,s,20,9,1,d,s,0,10,d,10,0,d,0,0,24,0,25,0,0,d,0,d,0,d,d,1,2,d
1092,0,24,s,20,9,1,0,9,0,10,2,10,10,0,0,0,24,0,25,d,0,4,0,0,0,2,28,0,d,d
I154,0,24,s,20,0,1,0,9,0,10,2,10,0,0,0,0,0,0,25,0,0,0,0,0,0,2,28,0,2,1
I155,0,24,s,20,0,1,0,9,0,10,2,10,18,5,3,0,0,0,25,0,0,15,0,0,0,2,28,0,2,1
976,0,d,s,20,2,1,4,9,0,10,2,10,18,5,3,0,0,0,25,0,0,15,d,0,s,2,28,2,d,1
1578,0,24,s,20,0,1,d,s,0,10,2,10,18,5,3,1,0,13,25,3,1,15,0,0,d,2,28,0,2,1
I165,0,24,s,20,0,s,22,9,0,10,2,10,15,0,1,0,0,0,25,0,1,0,7,0,0,2,28,0,2,1
1902,d,24,s,20,0,s,22,9,d,10,2,10,15,10,d,0,0,0,25,0,1,0,7,0,0,d,28,d,2,1
1667,0,24,s,20,23,s,22,9,0,10,2,d,15,0,1,0,0,0,25,0,1,s,7,0,0,2,d,0,2,1
I168,0,24,s,20,0,1,0,9,0,10,2,10,0,0,0,0,24,0,25,0,0,s,0,0,0,2,28,0,2,0
I169,0,24,s,20,0,1,0,9,13,10,2,10,0,0,0,0,24,0,25,0,1,s,s,12,0,2,28,0,2,0
I170,0,24,s,20,0,1,20,9,13,10,2,10,0,0,0,0,24,s,25,0,1,s,s,12,0,2,28,0,2,0
I171,0,24,s,20,0,1,20,9,13,10,2,10,0,0,0,0,24,s,25,0,1,s,s,12,0,2,28,0,2,0
I172,0,24,s,20,0,1,20,9,13,10,2,10,s,0,0,0,24,s,25,0,1,s,s,12,0,2,28,0,2,0
1815,0,24,s,20,d,d,20,9,13,10,2,10,s,0,0,0,24,s,25,0,1,s,s,12,0,2,28,0,2,0
1814,0,24,s,20,0,1,20,9,13,10,d,10,s,0,0,0,24,s,25,0,1,s,s,12,0,d,28,0,2,0
1887,d,24,s,20,0,1,20,9,d,10,2,10,0,d,0,0,d,s,25,d,1,s,s,d,d,2,28,d,2,0
I174,0,24,s,20,0,1,20,9,13,10,2,10,0,0,0,0,24,s,25,0,1,s,s,12,0,2,28,0,2,0
1943,d,24,s,d,0,d,20,9,13,10,d,10,d,d,d,0,24,s,25,0,1,s,s,12,0,2,28,0,2,0
I176,0,24,s,20,0,1,20,9,13,10,2,10,0,0,0,0,24,s,25,0,1,s,s,12,0,2,28,0,2,0
2009,0,d,s,d,0,d,20,9,13,10,2,10,0,d,0,0,24,s,25,0,1,s,s,12,d,2,28,0,2,0
2008,0,24,s,20,0,1,20,d,13,10,d,10,0,d,0,0,24,s,25,0,1,s,s,12,d,2,28,0,2,0
I177,0,24,s,20,0,1,0,9,13,10,2,10,0,0,0,0,24,0,25,0,1,s,s,12,0,2,28,0,2,0
I178,0,24,s,20,0,1,0,9,13,10,s,10,s,0,0,0,24,0,25,0,1,s,s,12,s,2,28,5,2,0
I179,0,24,s,20,0,1,0,9,13,10,s,10,s,0,0,0,24,0,25,0,1,s,s,12,s,2,28,5,2,0
1859,0,24,s,20,0,d,d,9,13,10,s,10,s,0,0,1,24,0,25,d,1,s,s,12,s,2,28,5,2,0
1858,0,24,s,20,0,1,0,9,13,10,s,10,s,0,0,0,24,0,d,0,1,s,s,12,s,2,28,5,2,0
1879,0,24,s,20,0,1,0,9,d,10,s,10,s,7,d,0,24,0,25,0,1,s,s,d,s,2,28,d,2,29
I182,0,24,s,20,0,1,22,9,13,10,2,10,0,9,0,0,24,5,25,0,1,s,s,12,0,2,28,0,2,0
2043,d,24,s,20,0,1,22,9,13,10,2,10,0,9,d,0,24,5,25,0,1,s,s,12,0,2,28,0,2,d
2042,0,24,s,20,0,1,22,9,13,10,2,10,d,9,0,0,24,5,25,0,1,s,s,d,0,2,28,0,2,0
I183,0,24,s,20,0,1,0,9,0,10,2,10,0,7,0,0,24,0,25,0,0,s,0,0,9,2,28,0,2,0
I184,0,24,s,20,0,1,0,9,0,10,2,10,0,7,0,0,24,27,25,0,0,s,0,0,9,2,28,0,2,0
I185,0,24,s,20,0,1,0,9,0,10,2,10,0,7,0,0,24,27,25,0,0,s,0,0,9,2,28,0,2,0
1575,0,24,s,20,0,1,0,9,0,d,2,10,0,7,0,s,24,27,25,0,0,s,0,0,9,2,28,0,2,0
I187,2,24,s,20,0,1,0,9,3,10,2,10,10,7,0,0,24,27,25,0,0,s,0,0,9,2,28,0,2,0
1715,2,24,s,20,0,1,0,9,3,10,2,10,10,7,0,0,24,27,25,0,0,s,0,0,9,d,28,0,2,0
1714,2,24,s,20,0,1,0,9,3,10,2,10,10,7,s,0,24,27,25,0,0,s,0,0,9,2,28,0,2,0
I188,0,24,s,20,0,1,0,9,0,10,2,s,0,7,6,0,24,27,25,0,0,s,s,0,9,2,28,0,2,0
I189,0,24,s,20,7,1,0,9,0,10,2,s,0,7,6,0,24,27,25,0,0,s,s,0,9,2,28,0,2,14
1765,0,24,s,20,7,1,0,9,0,d,2,s,d,7,6,1,24,27,25,0,0,s,s,0,9,2,28,0,2,d
1764,0,24,s,20,7,1,0,9,d,10,2,s,0,7,6,d,24,27,25,0,0,s,s,0,9,2,28,0,2,14
1787,d,24,s,20,0,1,d,9,0,10,2,s,14,d,6,0,d,27,25,0,d,s,s,0,9,s,28,0,2,0
I191,0,24,s,20,0,1,0,9,0,10,2,10,0,7,0,0,24,0,25,0,0,s,22,0,9,s,28,0,2,0
1792,0,24,s,20,d,1,0,9,0,10,2,10,0,7,0,0,24,0,25,0,0,s,22,0,9,s,28,0,2,0
1372,3,24,s,20,0,1,0,d,s,s,2,10,0,d,0,0,24,d,25,0,0,s,22,0,9,s,28,0,2,0
I198,0,24,s,20,0,1,0,9,0,10,2,10,0,0,0,0,12,0,25,0,0,0,0,0,0,2,28,0,2,0
I199,0,24,s,20,0,1,0,9,0,10,2,10,0,0,0,0,12,0,25,0,0,0,0,46,0,2,28,0,2,0
I200,0,24,s,20,15,1,0,9,0,10,2,10,0,0,0,0,12,0,25,0,0,0,0,46,0,2,28,0,2,0
I201,0,24,s,20,15,1,0,9,0,10,2,10,0,7,1,0,12,0,25,3,0,s,0,46,0,2,28,0,2,0
1043,0,24,s,20,15,1,d,9,0,s,2,10,d,7,1,0,12,0,25,3,0,s,s,46,0,2,28,0,2,s
I203,0,24,s,20,15,1,0,9,0,10,s,10,0,7,1,0,12,0,25,3,0,s,0,s,0,2,28,0,2,0
I204,0,24,s,20,15,1,14,9,0,10,s,10,0,7,1,0,12,0,25,3,0,s,0,s,0,2,28,0,2,0
2037,0,24,s,20,15,d,14,9,0,10,s,10,0,7,1,0,d,0,25,3,0,s,0,s,0,2,28,0,2,0
2036,0,24,s,20,15,1,14,9,d,10,s,10,0,7,1,0,12,0,25,3,0,s,0,s,0,2,28,0,d,d
1056,0,s,s,d,15,1,0,9,0,10,s,10,0,d,1,0,12,0,25,3,0,s,0,s,d,d,28,0,2,0
I205,0,24,s,20,15,1,4,9,0,10,2,10,0,0,0,0,12,0,25,0,0,0,0,46,0,2,28,0,2,0
I206,0,24,s,20,15,1,4,9,0,10,2,10,0,0,0,0,12,0,25,0,0,12,0,46,0,2,28,0,2,0
I207,0,24,s,20,15,1,4,9,0,10,2,10,0,0,0,0,12,0,25,0,0,12,0,46,0,2,28,0,2,21
1921,0,24,s,20,15,1,4,9,d,10,2,d,0,0,0,0,12,0,25,0,0,12,0,46,0,2,28,0,2,21
1920,0,24,s,20,15,1,4,9,0,10,2,10,0,0,0,0,12,0,25,d,0,12,0,46,d,2,28,0,d,21
I208,0,24,s,s,15,1,s,9,0,10,2,10,0,11,0,0,12,0,25,0,0,12,0,46,0,2,28,0,2,0
1953,0,24,s,s,15,1,s,9,0,10,2,10,0,11,0,0,12,d,25,d,0,12,0,46,0,2,28,0,2,0
1952,0,24,s,s,15,1,s,9,d,10,2,10,0,11,0,0,12,0,d,0,0,12,0,46,0,d,28,0,d,d
1024,0,24,s,d,d,1,4,9,d,d,2,10,0,0,0,s,12,0,25,0,0,0,0,46,0,2,28,0,2,31
I210,4,24,s,20,0,1,0,9,0,10,2,10,14,9,0,0,12,0,25,0,0,0,0,46,0,2,28,0,2,0
I211,4,24,s,20,0,1,0,9,10,10,2,10,14,9,0,1,12,0,25,0,0,0,0,46,0,2,28,0,2,0
1041,4,24,s,d,0,1,d,d,10,d,2,10,14,9,0,d,d,0,25,1,0,d,0,46,0,2,28,0,2,32
2013,4,24,s,d,0,1,0,9,10,10,2,10,14,d,d,1,12,d,25,d,d,0,0,46,0,2,28,d,2,6
I216,4,24,s,20,0,1,21,9,0,10,2,10,14,9,0,0,12,7,25,0,0,s,0,46,0,2,28,1,2,0
I218,4,24,s,20,s,1,21,9,0,10,2,10,14,9,0,0,12,7,25,0,0,s,0,46,0,2,28,1,2,0
1649,4,24,s,20,s,1,21,9,0,10,2,10,14,9,0,d,12,7,25,0,d,s,0,46,0,2,28,1,2,d
1648,4,24,s,20,s,d,21,9,0,10,2,10,d,9,0,d,12,7,25,0,0,s,0,46,0,2,d,1,2,0
I220,4,24,s,20,0,1,21,9,0,10,2,10,14,9,0,0,12,7,25,0,0,s,0,46,0,2,28,1,2,0
I221,4,24,s,20,0,1,21,9,0,10,2,10,14,9,0,0,12,7,25,0,0,s,2,46,0,2,28,1,2,0
1583,4,24,s,d,0,1,21,9,0,10,d,10,14,9,0,0,12,7,25,0,d,s,2,46,0,2,28,1,2,0
1582,4,24,s,20,0,1,21,9,0,10,d,10,14,9,0,0,12,7,25,d,0,s,2,46,0,d,d,1,2,0
1426,4,24,s,s,11,1,21,9,0,10,2,10,d,9,0,d,d,d,25,0,0,s,0,46,s,2,28,1,d,10
I223,0,24,s,20,0,1,0,9,0,10,2,10,0,0,0,0,12,0,25,3,0,0,0,39,0,2,28,0,2,0
I224,0,24,s,20,0,1,0,9,0,10,2,10,0,0,0,0,12,0,25,3,1,8,0,39,0,2,28,0,2,0
I226,0,24,s,20,3,1,0,9,0,10,2,s,0,7,0,0,12,0,25,3,1,8,1,39,0,2,28,0,2,0
1549,0,24,s,20,3,1,d,9,0,10,2,s,0,7,0,0,12,0,d,s,1,8,1,39,0,2,28,0,2,s
I228,0,24,s,20,3,1,0,9,0,10,2,s,s,7,0,0,12,0,25,3,1,8,1,39,0,2,28,0,2,0
1595,0,24,s,d,d,d,0,9,0,10,2,s,s,7,0,0,d,0,25,3,1,8,1,39,0,2,28,0,2,0
1594,0,24,s,20,3,1,0,9,0,10,d,s,s,7,0,0,12,0,25,3,1,8,1,39,0,2,28,0,2,0
I232,0,24,s,20,0,1,0,9,0,10,2,10,0,0,0,1,12,0,25,3,1,8,0,39,0,2,28,0,2,0
I233,0,24,s,20,0,1,0,9,0,10,2,10,0,0,0,1,12,0,25,3,1,8,0,39,0,2,28,0,2,0
I234,0,24,s,20,37,1,0,9,3,10,2,10,0,0,0,1,12,13,25,3,1,8,0,39,0,2,28,0,2,0
1487,0,d,s,20,37,1,d,9,3,10,2,10,0,0,0,1,12,13,25,3,1,8,0,39,0,2,28,0,2,0
1486,0,24,s,d,37,1,0,s,3,10,2,10,0,d,0,1,12,13,25,3,1,d,0,39,0,2,28,0,2,0
1563,0,d,s,20,0,1,0,d,0,10,2,10,0,0,d,1,12,0,d,3,1,8,0,39,0,2,28,0,2,0
1624,d,24,s,20,39,1,0,9,d,10,2,10,0,0,0,d,12,0,25,3,1,8,0,d,9,2,28,0,d,8
I239,0,24,s,20,0,1,27,9,0,10,2,10,0,0,8,0,12,0,25,s,0,0,0,39,4,2,28,6,2,0
1796,0,24,s,20,0,s,27,d,0,10,2,10,d,s,8,d,12,0,25,s,0,0,d,39,d,2,28,6,2,d
I246,0,24,s,20,0,1,27,9,0,10,2,s,0,0,8,0,12,0,25,s,0,0,0,39,4,s,28,6,2,0
1050,0,24,s,20,0,1,d,9,0,10,2,s,0,0,8,s,12,0,25,s,d,0,s,39,4,s,28,6,2,0
1996,0,d,s,20,0,1,27,9,0,d,d,s,0,0,8,0,12,0,25,s,1,0,0,39,s,s,d,6,2,18
I251,0,0,s,0,0,1,0,0,0,10,2,0,0,0,0,1,0,0,25,0,0,0,0,0,0,0,0,0,2,0
I252,0,0,s,0,0,1,0,0,0,10,2,0,0,0,0,1,0,0,25,0,1,13,0,0,9,0,0,0,2,0
I253,0,0,s,0,0,1,0,0,0,10,2,0,12,0,0,1,0,0,25,9,1,13,0,0,9,0,0,0,2,0
I254,0,0,s,0,0,1,0,0,1,10,2,0,12,0,0,1,0,0,25,9,1,13,5,0,9,0,0,0,2,0
I255,0,0,s,0,0,1,0,0,1,10,2,0,12,0,0,1,0,0,25,9,1,13,5,0,9,0,0,0,2,0
I256,0,0,s,0,0,1,0,0,1,10,2,0,12,0,0,1,0,0,25,9,1,13,5,0,9,0,0,0,2,0
I258,0,0,s,0,0,1,0,0,1,10,2,20,12,0,0,1,0,0,25,9,1,13,5,0,9,18,0,0,2,0
1223,0,0,s,0,0,1,0,0,1,10,2,20,12,0,0,1,0,25,25,9,1,13,5,0,9,18,0,0,2,0
1222,0,0,s,0,35,1,0,0,1,10,2,20,12,0,d,1,0,0,25,9,1,13,5,0,9,18,d,0,d,0
I262,0,0,s,10,0,1,0,13,1,10,2,9,12,9,0,1,17,0,25,9,1,13,5,0,9,0,15,s,2,0
1359,0,0,s,10,9,1,20,13,d,10,2,9,12,9,0,1,17,0,25,9,1,13,5,0,9,0,15,s,d,0
1358,0,d,s,10,0,1,0,13,1,10,2,d,12,9,0,1,17,0,25,9,1,13,5,0,9,0,15,s,2,0
I263,0,0,s,0,0,1,20,0,1,10,2,0,12,0,0,1,0,0,25,9,1,13,5,0,9,0,0,0,2,0
I264,0,0,s,0,0,1,20,0,1,10,2,0,12,0,0,1,0,12,25,9,1,13,5,0,9,0,0,0,2,0
1100,d,0,s,0,d,1,d,9,1,10,d,0,12,0,25,d,0,12,25,d,1,13,5,44,9,0,0,0,2,0
1255,0,0,s,0,0,1,20,0,1,10,d,0,12,0,0,1,0,d,25,9,1,d,5,37,9,0,0,0,2,0
I267,0,3,s,0,0,1,20,0,1,10,2,0,12,0,0,1,0,0,25,9,1,13,5,0,9,0,0,0,2,0
1055,0,3,s,d,d,1,20,d,d,10,2,0,12,0,0,1,0,0,25,9,1,13,5,0,9,0,0,0,2,6
1279,d,3,s,0,0,s,20,38,1,10,d,d,12,0,0,1,0,0,d,9,1,13,5,0,s,0,2,0,2,0
I270,0,0,s,0,0,1,13,0,1,10,2,0,12,0,0,1,0,0,25,9,1,13,5,0,9,0,0,0,2,0
I271,0,0,s,0,0,1,13,0,1,10,2,0,12,0,0,1,0,0,25,9,1,13,5,0,9,0,0,0,2,0
I272,0,0,s,0,0,1,13,0,1,10,2,0,12,0,0,1,0,0,25,9,1,13,5,1,9,0,0,0,2,0
1005,d,0,s,0,0,1,s,0,1,10,d,0,12,0,0,1,0,0,25,9,1,13,5,1,s,0,0,0,d,0
I274,4,0,s,6,0,1,13,0,1,10,2,0,12,0,0,1,4,15,25,9,1,13,5,1,9,0,0,0,2,0
I275,4,0,s,6,0,1,13,0,1,10,2,0,12,0,11,1,4,15,25,9,1,13,5,1,9,0,0,0,2,0
1995,4,0,s,6,0,1,d,d,d,10,2,0,12,0,d,1,4,15,25,9,1,13,5,d,9,0,0,0,2,d
1994,4,0,s,6,0,1,13,0,1,10,2,0,12,0,11,1,4,15,25,9,d,13,5,1,9,0,0,d,d,0
1908,4,0,s,6,s,1,13,4,d,10,2,0,12,0,0,1,4,d,25,9,d,13,5,1,9,0,0,0,2,0
1187,5,0,s,0,d,d,13,0,1,10,2,d,12,d,d,1,15,0,25,d,1,13,5,0,9,d,0,0,2,3
I280,0,0,s,0,0,1,13,0,1,10,2,0,12,0,1,1,0,0,25,9,1,13,5,0,9,0,0,15,2,0
1181,0,0,s,0,0,1,13,0,1,10,d,9,12,0,1,1,11,7,25,9,1,13,5,d,9,0,s,15,d,0
I285,0,0,s,1,0,1,13,39,1,10,2,0,12,0,1,1,12,0,25,9,1,13,5,22,9,0,0,15,2,0
1773,d,0,s,1,d,1,13,39,1,10,2,0,d,0,d,1,12,d,25,9,1,13,5,22,9,20,0,15,2,0
1772,0,0,s,1,0,1,13,39,d,10,2,0,12,0,1,1,12,0,25,9,1,d,5,22,9,0,0,15,2,0
I287,0,0,s,0,23,1,0,0,0,10,s,0,12,0,0,1,0,0,25,9,1,13,0,0,9,0,0,0,2,0
I288,0,0,s,0,23,1,0,0,0,10,s,0,12,0,0,1,0,0,25,9,1,13,0,0,9,0,0,0,2,0
I289,0,0,s,0,23,1,0,19,0,10,s,0,12,0,0,1,0,0,25,9,1,13,0,0,9,0,0,0,2,0
1144,0,0,s,0,23,1,0,19,0,10,s,0,12,0,0,1,0,0,25,9,1,d,10,s,9,0,0,d,2,0
I293,0,0,s,0,23,1,0,19,0,10,s,0,12,0,1,1,0,0,25,9,1,13,0,0,9,0,0,0,2,0
1604,0,0,s,0,23,1,d,19,0,10,s,0,12,0,1,1,0,0,25,9,s,13,0,0,d,23,d,0,d,0
1417,0,0,s,0,23,1,d,19,d,10,s,0,12,0,1,1,0,0,25,9,1,13,0,0,9,s,0,0,2,0
I296,0,0,s,0,23,1,0,0,0,10,s,0,12,0,0,1,0,0,25,9,1,13,0,0,9,0,6,0,2,0
I298,1,15,s,0,23,1,0,32,0,10,s,0,12,7,0,1,0,0,25,9,1,13,0,0,9,0,s,0,2,0
1733,1,15,s,0,23,1,0,32,0,d,s,0,12,7,0,1,0,d,25,9,1,13,d,0,9,0,s,0,d,0
1732,1,15,s,0,23,1,0,32,0,10,s,0,12,7,0,1,0,d,25,9,1,13,0,0,9,0,s,0,2,0
I300,0,s,s,0,23,1,0,1,0,s,s,0,12,0,24,1,0,7,25,9,1,13,0,0,9,0,6,2,2,0
I301,0,s,s,0,23,1,0,1,0,s,s,0,12,0,24,1,0,7,25,9,1,13,0,0,9,0,6,2,2,0
1493,0,s,s,0,23,1,0,d,0,s,s,0,12,0,24,1,d,7,25,9,1,13,d,d,9,0,6,2,2,d
1492,0,s,s,d,d,1,0,1,0,s,s,0,12,0,24,1,d,7,d,9,1,13,0,0,9,0,d,2,2,0
1239,0,s,s,0,23,1,22,1,0,s,s,0,12,0,24,1,0,7,25,9,1,13,2,d,9,0,6,2,2,0
I303,0,0,s,5,23,1,21,0,0,10,s,8,12,5,0,1,0,0,25,9,1,13,s,4,9,0,0,0,2,0
I304,0,0,s,5,23,1,21,0,0,10,s,8,12,5,0,1,0,0,25,9,1,13,s,4,9,19,0,0,2,0
I307,0,0,s,5,23,1,21,0,0,10,s,s,12,5,0,1,0,0,25,9,1,13,s,4,9,19,0,2,2,0
1807,0,0,s,5,d,d,21,0,0,10,s,s,12,d,d,1,0,0,d,9,1,13,s,4,9,19,0,2,2,0
1806,0,0,s,5,23,1,21,d,0,10,s,s,12,d,0,1,0,0,25,9,1,13,s,4,9,19,0,2,2,0
1841,0,0,s,5,23,s,21,0,0,10,s,8,12,s,0,1,0,0,25,d,1,13,s,4,9,d,0,0,d,0
I310,0,0,s,5,23,1,21,0,0,10,s,8,12,5,0,1,0,0,25,9,1,s,s,4,9,0,0,0,2,0
I312,0,0,s,5,23,1,21,0,0,10,s,8,s,5,0,1,0,25,25,9,1,s,s,4,9,1,0,0,2,0
1745,d,0,s,5,d,1,21,0,0,10,s,8,s,5,0,1,0,25,25,9,d,s,s,4,d,1,0,0,d,d
1744,0,0,s,d,23,1,21,1,5,10,s,8,s,5,0,1,0,d,d,9,1,s,s,4,9,1,0,0,2,6
I314,0,0,s,5,23,1,21,0,0,10,s,8,12,5,0,1,0,0,25,9,1,s,s,4,9,0,0,0,2,0
1783,0,0,s,5,d,1,21,0,0,10,s,8,12,5,0,d,0,d,25,9,1,s,s,4,9,10,0,d,2,0
1888,4,0,s,d,23,d,21,0,0,d,s,8,d,5,0,1,0,0,25,9,d,s,s,4,9,0,0,0,2,0
I317,0,0,s,8,0,1,0,0,0,10,2,0,0,0,19,1,0,0,25,0,1,13,0,0,9,11,23,0,2,18
I318,s,0,s,8,0,1,0,0,0,10,2,0,9,0,19,1,0,0,25,0,1,13,0,0,9,11,23,0,2,18
I319,s,0,s,8,0,1,0,0,0,10,2,0,9,0,19,1,0,0,25,0,1,13,0,0,9,11,23,0,2,18
I320,s,0,s,8,0,1,28,0,0,10,2,0,9,0,19,1,0,0,25,0,1,13,0,0,9,11,23,0,2,18
I321,s,0,s,8,0,1,28,0,0,10,2,0,9,0,19,1,0,0,25,0,1,13,0,38,9,s,23,0,2,18
1801,s,2,s,d,0,1,d,d,0,10,2,8,9,d,d,1,0,d,25,0,1,13,0,38,9,s,23,0,2,18
1375,s,s,s,8,21,1,28,0,0,10,2,0,9,0,19,1,0,0,25,d,1,13,0,38,9,s,23,0,2,18
1429,s,d,s,8,0,1,28,0,0,10,2,d,9,0,19,1,0,0,25,d,1,13,7,d,9,11,d,0,2,18
I327,s,0,s,8,0,1,0,0,s,10,2,0,9,0,19,1,21,0,25,0,1,13,0,22,9,11,23,0,2,18
I328,s,0,s,8,0,1,10,0,s,10,2,0,9,0,19,1,21,0,25,0,1,13,0,22,9,11,23,7,2,18
I329,s,0,s,8,0,s,10,0,s,10,2,0,9,0,19,1,21,0,25,0,1,13,8,22,9,11,23,7,2,18
1129,s,0,s,8,0,s,10,0,s,10,2,0,9,0,19,d,d,d,25,9,1,13,d,s,9,11,23,7,s,18
1128,s,0,s,8,0,s,10,0,s,10,2,0,9,0,19,1,21,0,d,d,1,13,8,22,9,d,23,7,2,18
1292,s,0,s,8,0,1,10,9,s,10,d,d,d,6,19,1,21,d,25,0,d,13,0,22,9,11,23,d,2,d
I331,s,0,s,8,0,1,0,0,s,10,2,0,9,0,19,1,21,0,25,0,1,13,0,22,9,11,23,0,2,18
1140,s,0,s,8,0,1,0,0,s,10,2,0,9,0,19,1,21,7,25,d,1,d,10,22,9,11,23,0,2,18
1539,s,28,s,8,0,1,0,0,s,10,2,0,9,d,19,1,21,1,25,9,1,13,0,22,9,d,23,0,2,18
I334,s,0,s,s,0,1,0,0,0,10,s,9,9,0,19,1,0,0,25,0,1,13,0,38,9,11,23,0,2,18
I335,s,0,s,s,0,1,0,0,0,10,s,9,9,0,19,1,0,0,25,0,1,13,0,38,9,11,23,0,2,18
I336,s,0,s,s,0,1,0,0,0,10,s,9,9,0,19,1,0,0,25,0,1,13,0,38,9,11,23,0,2,18
1976,s,0,s,s,0,d,0,0,0,10,s,9,9,0,d,1,0,0,25,0,1,13,0,38,d,11,23,0,2,18
1897,s,d,s,s,s,1,0,0,0,10,s,9,9,d,19,1,0,0,25,0,1,d,0,38,9,11,d,0,2,18
1898,s,0,s,s,0,1,0,0,0,10,s,9,s,0,19,1,0,d,25,d,1,13,0,38,9,11,23,0,d,18
I342,s,0,s,s,0,1,0,0,0,10,s,9,9,0,19,1,0,0,25,0,s,13,0,38,9,11,23,13,2,18
I343,s,0,s,s,0,1,0,0,0,10,s,9,9,8,19,1,0,0,25,3,s,13,0,38,9,11,23,13,2,18
1735,s,0,s,s,0,1,0,0,0,10,s,9,9,8,19,1,0,0,25,3,s,d,d,38,9,11,23,13,d,18
1694,s,0,s,s,0,1,0,0,d,10,s,9,9,8,19,1,0,0,25,d,s,13,13,38,9,11,23,d,2,18
1498,s,0,s,s,0,1,0,1,d,10,s,9,9,0,19,1,0,0,25,0,s,13,15,38,9,11,23,13,2,18
I349,0,0,s,8,0,1,0,9,0,10,2,0,0,0,19,1,24,0,25,0,1,13,0,0,9,11,23,0,2,18
I350,0,0,s,8,0,1,0,9,0,10,2,0,0,0,19,1,24,0,25,0,1,13,0,0,9,11,23,0,2,18
I351,0,0,s,8,0,1,0,9,0,10,2,0,0,0,19,1,24,0,25,0,1,13,0,0,9,11,23,0,2,18
1769,0,15,s,8,9,1,2,9,11,10,2,5,0,0,19,1,24,0,25,d,d,d,d,0,9,11,d,0,2,18
I355,0,0,s,8,0,1,0,9,0,10,2,0,0,0,19,1,24,0,25,0,1,13,0,0,9,11,23,0,2,18
I356,s,0,s,8,0,1,0,9,0,10,2,0,0,9,19,1,24,0,25,0,1,13,0,0,9,11,23,0,2,18
1601,s,0,s,8,0,d,0,9,0,d,2,0,0,9,19,d,24,0,25,0,1,d,0,0,9,11,23,0,2,18
1600,s,0,s,8,0,1,21,9,d,10,d,0,0,9,19,1,24,5,d,d,1,13,d,12,9,11,23,0,2,18
1685,0,0,s,8,0,1,d,9,0,10,2,0,0,0,19,1,24,0,25,0,1,13,0,0,9,11,d,0,2,18
I358,0,0,s,8,0,1,0,9,0,10,2,0,0,0,19,1,24,0,25,0,1,13,0,0,9,11,23,0,2,18
1137,0,0,s,d,0,1,0,9,0,10,2,0,d,7,19,1,d,0,25,s,1,13,6,4,9,11,23,s,2,18
I362,0,0,s,8,0,1,0,9,0,10,2,0,18,2,19,1,24,0,25,0,1,13,0,0,9,11,23,0,s,18
1219,0,0,s,8,0,1,d,9,11,10,2,d,18,2,19,d,24,d,25,0,1,13,0,d,9,11,23,0,s,18
1246,3,0,s,d,0,1,4,9,0,10,d,0,18,d,19,1,24,0,25,0,1,d,0,0,9,11,d,0,s,18
I365,0,24,s,8,0,1,0,9,0,10,2,s,0,0,19,1,24,0,25,0,1,13,10,0,9,11,23,0,2,18
I366,2,24,s,8,0,1,0,9,0,10,2,s,0,0,19,1,24,0,25,0,1,13,10,0,9,s,23,0,2,18
I367,2,24,s,8,17,1,0,9,0,10,2,s,0,0,19,1,24,0,25,0,1,13,10,0,9,s,23,0,2,18
1650,2,24,s,8,17,d,0,d,0,10,2,s,d,0,d,1,24,0,25,0,1,d,10,d,s,s,23,0,2,18
1525,d,24,s,8,17,1,0,9,0,10,2,s,0,0,19,1,24,6,25,d,1,13,d,0,9,s,23,0,2,18
I371,s,24,s,8,10,1,0,9,0,10,2,s,0,0,19,1,24,0,s,0,1,13,10,39,9,s,23,0,2,18
1941,s,24,s,8,10,1,s,d,d,10,2,s,d,0,19,1,d,0,s,d,1,13,10,39,d,s,23,0,2,18
1940,s,d,s,8,10,d,d,9,0,d,2,s,0,0,19,1,24,d,s,0,1,13,10,39,9,s,d,0,2,18
I373,2,24,s,8,0,1,0,9,0,10,2,s,0,0,19,1,24,0,25,0,1,13,10,0,9,11,23,0,2,18
1347,2,24,s,8,0,1,15,9,0,d,s,s,0,3,19,1,24,34,25,d,1,d,10,0,9,d,d,9,2,18
I377,2,24,s,8,0,1,0,9,0,10,2,s,0,0,19,1,24,0,25,0,1,13,10,0,9,11,23,0,2,18
1390,2,d,s,d,0,1,d,9,0,d,2,s,d,0,19,s,24,s,25,0,1,13,10,0,9,11,23,0,2,18
1077,d,24,s,8,0,1,0,9,0,10,2,s,0,d,19,1,24,0,25,0,1,13,10,0,d,11,23,0,2,18
I380,0,0,s,0,0,1,0,0,0,10,2,0,0,2,0,s,0,s,25,0,1,0,0,0,9,0,0,0,2,4
I381,0,0,s,0,0,1,0,0,0,10,2,0,0,2,0,s,14,s,25,0,1,0,0,0,9,0,0,0,2,4
I382,0,0,s,0,0,1,0,0,0,10,2,0,0,2,0,s,14,s,25,6,1,0,0,0,9,0,0,0,2,4
I383,0,0,s,4,0,1,0,0,0,10,2,0,0,2,8,s,14,s,25,6,1,0,0,0,9,0,0,0,2,4
I384,s,0,s,4,0,1,0,0,0,10,2,0,0,2,8,s,14,s,25,6,1,0,0,0,9,0,0,0,2,4
1566,s,0,s,4,d,1,s,d,12,10,2,0,0,2,8,s,s,s,25,d,1,d,0,0,9,d,0,0,2,4
I388,s,s,s,4,0,1,0,0,0,10,2,0,0,2,8,s,14,s,25,6,1,0,0,0,9,0,0,13,2,4
I389,s,s,s,4,0,1,0,0,0,10,2,0,0,2,8,s,14,s,25,6,1,0,0,2,9,0,8,13,2,4
1791,s,s,s,4,0,d,0,11,0,10,2,0,d,d,8,s,d,s,25,6,1,0,0,d,9,0,d,13,d,4
1790,s,s,s,4,0,1,d,d,0,10,2,0,0,2,d,s,d,s,25,d,1,0,s,2,d,d,8,13,2,4
I390,s,s,s,4,0,1,0,0,0,10,2,0,0,2,8,s,14,s,25,6,1,0,0,0,9,0,0,13,2,4
1699,s,s,s,4,d,1,0,0,0,d,d,0,d,d,8,s,14,s,25,6,1,0,d,0,9,0,0,13,2,4
1698,s,s,s,4,0,d,0,0,0,10,2,0,0,2,8,s,14,s,25,6,1,0,0,0,9,0,0,13,2,4
I391,6,0,s,4,0,1,0,8,0,s,2,0,0,2,8,s,14,s,25,6,1,0,0,0,9,0,0,0,2,4
I392,6,35,s,4,0,1,0,8,0,s,2,0,0,2,8,s,14,s,25,6,1,0,0,0,9,0,0,1,2,4
1674,6,s,s,d,0,1,0,8,0,s,2,d,0,2,d,s,14,s,25,d,1,0,0,0,9,0,0,1,2,d
I394,6,35,s,4,0,1,0,8,0,s,2,0,0,2,8,s,14,s,25,6,1,0,0,0,9,0,0,1,2,4
1741,d,35,s,4,0,1,0,8,0,s,2,0,0,2,8,s,14,s,25,d,1,0,0,0,9,0,0,1,2,d
1740,6,35,s,d,d,1,0,8,0,s,2,0,d,2,d,s,d,s,25,6,1,0,d,0,9,0,0,1,2,4
I395,6,0,s,4,0,1,0,8,0,s,2,0,0,2,8,s,14,s,25,6,1,0,0,0,9,0,0,s,2,4
1592,6,0,s,4,0,d,s,8,0,s,2,0,0,d,8,s,14,s,25,6,1,0,0,d,9,0,0,s,2,d
1711,6,0,s,4,0,1,0,8,0,s,2,d,0,d,d,s,14,s,d,6,1,0,0,0,9,0,26,s,2,4
I398,0,0,s,0,0,1,0,0,0,10,2,0,0,2,0,s,14,s,25,6,1,0,0,0,9,0,0,0,2,4
I399,0,0,s,0,0,1,0,0,0,10,2,0,0,2,6,s,14,s,25,6,1,0,0,0,9,0,0,0,2,4
I402,2,0,s,3,0,1,0,0,0,10,2,0,0,2,6,s,14,s,25,6,1,0,5,0,9,0,0,0,2,4
1895,2,0,s,3,d,1,0,d,0,d,2,0,0,2,6,s,d,s,25,6,d,0,5,0,d,0,0,0,2,4
1894,2,0,s,3,0,1,0,0,d,10,d,0,0,2,d,s,14,s,d,6,1,0,5,0,9,0,0,0,2,4
I403,0,0,s,0,0,1,7,0,0,10,2,0,0,2,6,s,14,s,25,6,1,0,0,0,9,0,0,0,2,4
1788,0,0,s,0,0,1,7,0,d,10,2,0,0,2,6,s,14,s,25,6,d,0,0,0,9,0,0,0,2,4
1881,0,0,s,4,0,1,7,0,0,d,2,0,0,2,6,s,14,s,25,d,1,0,0,d,d,0,0,0,2,4
I406,0,0,s,0,0,1,0,0,0,10,2,0,0,2,6,s,14,s,25,6,1,0,0,0,9,18,0,0,2,4
I407,0,0,s,0,0,1,0,0,0,10,2,14,0,s,6,s,14,s,25,6,1,0,0,0,9,18,0,0,2,4
1689,2,0,s,d,0,1,0,d,12,10,2,14,0,s,d,s,14,s,25,6,1,0,0,0,9,18,0,0,2,4
1901,s,5,s,0,0,1,0,0,0,10,2,d,0,s,6,s,14,s,25,6,1,0,0,0,9,d,0,d,2,4
I410,0,0,s,0,0,1,0,0,0,10,2,0,0,2,6,s,14,s,s,6,1,0,0,0,9,18,0,0,2,4
1828,0,d,s,0,35,1,0,0,0,10,2,0,0,2,6,s,14,s,s,6,1,0,0,36,9,18,0,4,2,4
1982,2,d,s,0,0,d,0,0,s,10,2,0,0,2,6,s,14,s,s,6,1,0,d,0,9,d,26,0,2,4
I413,0,0,s,0,0,1,0,0,3,10,2,0,0,2,0,s,14,s,25,0,1,0,0,0,9,0,0,0,2,4
I414,0,0,s,0,15,1,0,0,3,10,2,0,0,2,6,s,14,s,25,0,1,0,0,0,9,0,0,0,2,4
I415,0,0,s,0,15,1,12,0,3,10,2,0,0,2,6,s,14,s,25,0,1,1,0,0,9,0,0,7,2,4
I416,0,0,s,13,15,1,12,0,3,10,2,0,0,2,6,s,14,s,25,0,1,1,0,0,9,0,2,7,2,4
I417,0,0,s,13,15,1,12,0,3,10,2,0,0,2,6,s,14,s,25,0,1,1,0,0,9,0,2,7,2,4
1331,0,0,s,13,15,1,12,0,3,10,2,0,0,2,6,s,14,s,25,0,1,1,0,0,d,0,2,7,2,s
1330,d,0,s,13,d,1,12,0,3,10,d,0,d,2,6,s,14,s,25,0,1,1,0,d,9,0,2,d,2,d
I418,0,0,s,13,15,1,12,0,3,10,2,0,0,2,6,s,14,s,25,0,1,1,0,0,9,0,2,7,2,4
1415,0,s,s,d,15,1,12,d,3,10,2,0,0,2,6,s,14,s,25,15,1,1,0,0,d,0,2,7,2,4
1414,2,0,s,13,d,1,d,0,3,10,2,0,4,2,d,s,14,s,25,0,1,1,0,d,9,d,2,7,2,4
I421,0,16,s,0,15,1,12,0,3,10,2,0,0,2,6,s,14,s,25,0,1,1,0,0,9,0,0,7,2,4
1285,d,16,s,0,15,1,12,0,3,10,2,0,0,d,d,s,14,s,25,d,1,d,0,0,9,0,0,7,d,4
1284,0,16,s,0,15,1,12,0,3,10,2,0,d,2,d,s,14,s,d,0,d,d,0,0,9,0,0,7,2,4
I422,0,0,s,0,15,1,0,0,3,10,2,0,0,2,6,s,14,s,25,0,1,0,0,0,9,0,0,0,2,4
I423,0,0,s,0,15,1,0,0,3,10,2,0,0,2,6,s,14,s,25,0,1,0,0,0,9,0,0,0,2,4
1450,0,d,s,d,d,1,0,0,3,10,2,5,0,2,d,s,14,s,25,0,1,0,0,0,9,d,0,0,2,s
1208,0,0,s,0,15,1,d,24,d,d,2,0,0,2,6,s,14,s,25,0,1,d,0,0,9,12,0,0,2,d
I428,0,0,s,0,15,1,0,0,3,10,2,0,s,2,6,s,14,s,25,0,1,0,0,15,9,0,0,0,2,4
1109,0,d,s,0,15,1,0,0,d,10,2,0,s,d,6,s,14,s,25,0,1,0,0,15,d,0,d,0,2,d
1108,0,0,s,0,15,1,0,39,3,10,d,0,s,2,6,s,14,s,25,0,1,0,d,15,9,0,0,11,2,4
I429,0,0,s,22,0,1,0,0,3,10,2,20,0,2,s,s,14,s,25,0,1,0,0,0,9,s,0,0,2,4
I430,0,0,s,22,0,1,0,0,3,10,2,20,0,2,s,s,14,s,25,0,1,0,0,0,9,s,0,0,2,4
I431,0,24,s,22,0,1,18,0,3,10,2,20,0,2,s,s,14,s,25,0,1,0,0,0,9,s,0,9,2,4
1408,0,24,s,22,0,1,18,0,3,10,2,20,0,2,s,s,14,s,d,13,1,0,8,0,9,s,2,9,d,4
1691,d,24,s,22,0,d,18,0,3,10,2,20,0,2,s,s,14,s,25,0,1,0,0,0,9,s,d,9,2,4
1663,0,0,s,22,0,1,0,d,3,10,2,20,0,2,s,s,14,s,s,8,d,s,d,s,9,s,0,d,2,4
I437,2,0,s,22,0,1,0,0,3,10,2,20,0,2,s,s,14,s,25,0,1,0,0,0,9,s,0,0,2,4
1528,2,37,s,d,0,s,0,0,3,10,2,20,0,2,s,s,14,s,25,0,1,3,0,0,9,s,0,d,2,d
I443,2,17,s,22,0,1,s,0,3,10,2,20,0,2,s,s,14,s,25,0,1,0,0,0,9,s,0,s,2,4
1543,2,17,s,22,d,1,s,20,d,10,2,20,0,2,s,s,d,s,25,0,1,0,0,0,9,s,d,s,2,4
1542,2,17,s,22,0,d,s,0,3,10,2,d,0,2,s,s,14,s,25,0,1,0,0,0,9,s,0,s,2,4
I444,0,0,s,0,0,1,0,0,0,10,2,0,0,2,0,s,0,s,25,0,1,s,0,4,9,0,0,4,2,4
I445,0,0,s,0,0,1,0,s,0,10,2,0,0,2,0,s,0,s,25,8,1,s,0,4,9,0,0,4,2,4
I446,0,0,s,0,0,1,0,s,0,10,2,0,0,2,0,s,0,s,25,8,1,s,10,4,9,0,0,4,2,4
I447,0,0,s,0,0,1,0,s,0,10,2,0,0,2,0,s,0,s,25,8,1,s,10,4,9,0,0,4,2,4
I448,0,0,s,0,0,1,0,s,0,10,2,20,0,2,0,s,0,s,25,8,1,s,10,4,9,5,0,4,2,4
I449,s,0,s,0,s,1,0,s,0,10,2,20,0,2,0,s,7,s,25,8,1,s,s,4,9,5,0,4,2,4
1481,s,0,s,0,s,1,0,s,0,10,d,20,0,2,0,s,7,s,25,8,1,s,s,4,9,5,0,4,2,d
1480,s,0,s,0,s,1,0,s,d,10,2,20,d,2,0,s,7,s,25,8,1,s,s,4,9,d,0,4,2,4
1272,2,0,s,0,0,1,d,s,0,10,d,20,0,2,0,s,0,s,25,8,1,s,10,4,9,5,0,4,2,4
I451,0,17,s,0,0,1,0,s,0,10,2,0,0,2,0,s,0,s,25,8,1,s,10,4,9,0,0,4,2,4
1143,0,17,s,0,32,1,21,s,0,10,d,0,0,2,0,s,0,s,25,8,1,s,10,4,9,0,0,4,2,4
1153,0,17,s,0,0,1,0,s,0,d,2,0,11,2,0,s,12,s,25,d,1,s,10,4,9,0,0,4,d,4
I454,0,0,s,0,0,1,0,s,0,10,2,6,s,2,0,s,0,s,25,8,1,s,10,4,9,0,0,4,2,4
I457,2,0,s,0,3,1,s,s,10,10,2,6,s,2,0,s,0,s,25,8,1,s,10,4,9,0,0,4,2,4
1821,d,d,s,0,3,1,s,s,10,10,2,d,s,2,0,s,0,s,25,8,1,s,10,4,9,0,0,d,2,4
1820,2,0,s,0,3,1,s,s,10,10,2,6,s,2,0,s,0,s,25,8,1,s,10,d,9,d,0,d,2,4
I458,2,0,s,0,0,1,0,s,0,10,2,6,s,2,15,s,0,s,25,8,1,s,10,4,9,0,0,4,2,4
2024,2,d,s,5,0,1,9,s,0,10,2,6,s,2,15,s,0,s,25,8,1,s,d,s,9,19,0,4,2,4
1874,2,0,s,0,0,1,0,s,6,10,2,6,s,d,d,s,0,s,25,8,1,s,10,d,9,0,d,4,2,4
I461,0,0,s,0,0,1,0,s,0,10,s,0,0,2,0,s,0,s,25,8,1,s,0,4,9,0,8,s,2,4
I462,0,0,s,0,0,1,0,s,0,10,s,0,0,2,25,s,0,s,25,8,1,s,10,4,9,0,8,s,2,4
I464,0,5,s,0,0,1,0,s,0,10,s,0,0,2,25,s,25,s,25,8,1,s,10,4,9,0,8,s,2,4
1467,0,d,s,0,0,1,0,s,0,10,s,0,0,d,25,s,25,s,25,8,1,s,10,4,9,0,8,s,2,4
1466,d,5,s,0,0,1,0,s,d,10,s,0,0,2,d,s,25,s,25,8,1,s,d,4,9,d,8,s,2,d
I466,2,0,s,0,0,1,0,s,0,10,s,0,9,2,25,s,0,s,25,8,1,s,10,4,9,0,8,s,2,4
I467,2,0,s,0,0,1,0,s,0,10,s,0,9,2,25,s,0,s,25,8,1,s,10,4,9,0,8,s,2,4
1891,2,0,s,0,d,1,10,s,0,d,s,0,9,2,25,s,0,s,25,8,1,s,10,4,9,0,8,s,2,4
1890,2,0,s,0,0,1,0,s,0,10,s,0,d,2,25,s,0,s,25,d,1,s,10,d,9,0,8,s,2,4
1770,2,d,s,0,0,1,8,s,0,10,s,0,9,2,25,s,0,s,25,8,1,s,10,4,9,0,8,s,d,4
I469,0,0,s,3,0,1,0,s,0,10,s,0,15,2,0,s,0,s,25,8,1,s,0,4,9,0,8,s,2,4
I470,0,0,s,3,0,1,0,s,0,10,s,0,15,2,0,s,0,s,25,8,1,s,0,4,9,0,8,s,2,4
I471,0,0,s,3,0,1,0,s,0,10,s,0,15,2,0,s,0,s,25,8,1,s,0,4,9,0,8,s,2,4
1653,d,0,s,d,0,1,d,s,0,d,s,0,d,2,0,s,0,s,d,8,1,s,0,4,9,0,8,s,2,4
1652,0,d,s,3,0,1,0,s,0,d,s,d,15,2,0,s,d,s,d,d,1,s,d,4,9,0,8,s,2,4
1619,0,0,s,3,9,1,d,s,0,d,s,0,15,2,0,s,0,s,25,8,1,s,0,4,9,2,8,s,2,4
1853,s,d,s,3,d,1,20,s,9,10,s,d,15,2,0,s,d,s,25,8,d,s,d,4,9,0,8,s,d,4
I476,0,0,s,0,0,1,s,0,0,10,2,0,0,2,0,s,0,s,25,0,1,s,0,4,9,0,24,4,2,4
I477,0,0,s,0,0,1,s,0,0,10,2,0,0,2,0,s,0,s,25,0,1,s,10,4,9,0,24,4,2,4
I478,0,0,s,0,0,1,s,0,0,10,2,0,0,2,25,s,0,s,25,0,1,s,10,4,9,0,24,4,2,4
I481,0,17,s,0,0,1,s,0,0,10,2,0,0,2,25,s,0,s,25,0,1,s,10,4,9,0,24,4,2,4
1609,0,17,s,0,0,1,s,0,0,10,2,d,0,2,25,s,0,s,25,0,1,s,10,4,9,0,24,4,2,d
1608,0,s,s,0,d,1,s,0,0,10,2,0,0,2,25,s,0,s,d,0,d,s,10,4,d,0,24,4,2,4
1704,0,0,s,0,0,1,s,0,24,10,d,0,0,2,25,s,0,s,25,0,1,s,d,4,d,0,24,4,2,4
I485,0,0,s,6,0,1,s,35,0,10,2,0,0,2,0,s,0,s,25,0,1,s,10,4,9,19,24,4,2,4
1708,0,0,s,6,0,1,s,35,0,d,2,d,0,2,0,s,0,s,d,d,1,s,10,4,9,19,24,4,2,4
I491,0,0,s,6,0,1,s,35,0,10,2,0,s,2,0,s,0,s,25,0,1,s,10,4,9,19,24,4,2,4
1969,0,0,s,6,0,d,s,35,d,10,2,0,s,2,0,s,0,s,25,0,1,s,10,4,9,d,24,d,2,4
1968,d,0,s,d,0,1,s,35,0,10,2,0,s,2,0,s,0,s,25,0,1,s,10,4,9,19,24,4,2,4
I492,0,0,s,0,0,1,s,0,0,10,2,0,0,2,0,s,0,s,25,0,1,s,0,4,9,0,24,4,2,4
I493,0,0,s,1,0,1,s,0,0,10,2,0,0,2,0,s,0,s,25,0,1,s,0,4,9,0,24,4,2,4
I494,0,0,s,1,0,1,s,0,0,10,2,0,0,2,0,s,0,s,25,0,1,s,0,4,9,0,24,4,2,4
1864,d,0,s,1,0,1,s,0,0,d,2,d,0,d,0,s,d,s,d,0,1,s,10,4,d,d,24,4,2,4
1959,d,0,s,1,d,1,s,0,0,10,2,0,0,2,0,s,0,s,25,0,1,s,0,4,9,0,24,4,2,4
I497,0,0,s,1,0,1,s,0,0,10,2,0,0,2,0,s,0,s,25,0,1,s,0,4,9,0,24,4,2,4
1611,0,0,s,1,0,1,s,0,0,d,2,0,0,2,0,s,0,s,d,0,1,s,0,4,9,0,d,4,2,d
1478,0,0,s,1,0,1,s,0,10,10,2,d,0,2,0,s,0,s,25,0,1,s,0,4,9,0,24,4,2,4
I500,4,0,s,0,1,1,s,0,0,10,2,0,0,2,1,s,0,s,25,0,1,s,0,4,9,0,24,4,2,4
I501,4,0,s,0,1,1,s,9,0,10,2,0,0,2,1,s,0,s,25,0,1,s,0,4,9,11,s,4,2,4
2041,4,0,s,0,1,1,s,9,0,10,2,0,0,2,1,s,0,s,25,0,1,s,0,4,9,d,s,4,2,4
I503,4,0,s,0,1,1,s,9,5,10,2,0,0,2,1,s,0,s,25,0,1,s,1,4,9,11,s,4,s,4
2001,d,0,s,0,1,d,s,9,5,10,2,0,0,d,d,s,0,s,25,0,1,s,1,d,9,11,s,4,s,4
2000,4,0,s,0,1,1,s,9,5,10,2,d,d,2,1,s,0,s,25,0,1,s,1,4,d,11,s,4,s,4
1658,d,15,s,0,1,1,s,0,0,10,2,0,0,2,1,s,d,s,25,3,d,s,0,4,9,0,24,d,s,4
I507,0,0,0,0,0,0,0,0,0,0,2,4,0,0,0,0,25,0,0,0,0,0,10,21,0,0,0,0,2,0
I508,0,0,0,0,0,0,0,0,0,0,2,4,0,0,0,0,25,0,0,0,1,7,10,21,0,0,0,0,2,s
I509,0,0,0,0,0,0,0,0,0,0,2,4,11,0,0,0,25,0,0,0,1,7,10,21,0,0,0,0,2,s
I510,0,0,0,0,0,0,0,0,0,0,2,4,11,0,0,0,25,0,1,3,1,7,10,21,0,0,0,0,2,s
I511,0,0,1,0,0,0,0,0,0,0,2,4,11,0,0,0,25,0,1,3,1,7,s,21,0,0,0,0,2,s
I512,0,0,1,3,0,0,0,0,0,0,2,4,11,0,0,0,25,0,1,3,1,7,s,21,0,0,0,0,2,s
I513,0,0,1,3,0,0,0,22,0,0,2,4,11,0,0,1,25,0,1,3,1,7,s,21,0,0,20,0,2,s
I514,0,0,1,3,0,0,s,22,0,0,2,4,11,0,0,s,25,0,1,3,1,7,s,21,0,0,20,0,2,s
1067,2,37,1,3,0,1,s,22,20,0,2,4,11,0,0,s,25,0,1,3,1,7,s,21,0,0,20,d,2,s
1065,3,0,1,3,d,0,s,22,0,0,2,4,11,7,0,s,d,0,1,3,1,d,s,21,0,0,d,d,2,s
I517,0,0,1,3,0,0,0,22,0,0,2,4,11,9,0,1,25,7,1,3,1,7,s,21,0,0,20,0,2,s
I518,0,0,1,3,0,0,0,22,0,0,2,4,11,9,0,1,25,7,1,3,1,7,s,21,0,0,20,0,2,s
1091,0,0,1,3,0,0,0,22,0,0,2,4,11,9,0,1,25,7,1,3,1,7,s,21,0,18,20,0,2,s
1090,0,0,1,3,0,0,0,22,0,0,2,d,d,9,d,1,25,7,1,3,1,7,s,21,0,0,20,0,2,s
1107,2,0,1,3,0,0,0,22,0,0,d,4,11,9,d,1,25,7,1,s,1,7,s,21,0,11,20,0,2,s
I520,0,0,1,3,0,0,0,0,0,0,2,s,11,0,0,0,25,9,1,3,1,7,s,21,0,0,0,1,2,s
I521,0,0,1,3,0,1,3,0,0,0,2,s,11,7,0,0,25,9,1,3,1,7,s,21,0,0,0,1,2,s
I522,0,0,1,3,0,1,3,0,0,0,2,s,11,7,0,0,25,9,1,3,1,7,s,21,0,0,0,1,2,s
1323,d,s,1,d,0,d,3,0,0,0,2,s,11,7,d,0,25,9,1,3,1,7,s,21,0,19,0,1,2,s
1322,0,0,1,3,0,1,3,6,d,d,d,s,11,7,0,d,d,9,1,3,1,7,s,21,0,d,0,d,2,s
I523,0,0,1,3,0,1,3,0,0,0,2,s,11,7,0,0,25,9,1,3,1,7,s,21,0,0,0,1,2,s
1257,0,0,d,3,0,1,3,0,0,0,2,s,11,d,0,0,25,d,1,3,1,7,s,21,0,0,d,1,2,s
1256,0,0,1,3,0,1,3,0,0,0,2,s,11,7,0,0,d,9,1,3,1,7,s,21,0,0,0,1,2,s
1355,0,0,1,3,0,0,0,0,0,s,2,s,11,0,0,s,25,9,1,d,1,7,s,21,0,0,0,1,2,s
I527,0,0,1,0,0,0,0,0,0,0,2,4,11,0,0,0,25,0,1,3,1,s,s,21,0,0,0,0,2,s
I528,0,0,1,0,37,0,0,0,0,10,s,4,11,0,0,0,25,0,1,3,1,s,s,21,0,0,26,0,2,s
I530,0,0,1,0,s,0,0,0,0,10,s,4,11,7,3,0,25,0,1,3,1,s,s,21,0,0,26,13,2,s
1381,0,0,1,0,s,0,0,0,0,10,s,4,11,d,3,0,25,5,d,d,1,s,s,21,d,0,d,13,d,s
1380,d,d,d,d,s,0,0,0,0,10,s,4,11,7,d,0,d,d,1,3,1,s,s,d,0,0,d,13,2,s
I532,0,0,s,0,37,0,0,0,0,10,s,4,11,10,0,0,25,0,1,3,1,s,s,21,0,0,26,0,s,s
1388,0,0,s,d,37,0,0,0,11,10,s,4,11,10,d,d,25,0,1,3,1,s,s,d,9,19,26,0,s,s
1393,3,0,s,d,37,0,9,0,0,10,s,4,11,10,0,1,25,0,1,3,1,s,s,21,0,d,26,2,s,s
I536,6,16,1,0,0,0,0,36,0,0,2,4,11,0,0,0,25,0,1,3,1,s,s,21,0,23,0,0,2,s
1211,d,16,d,0,33,0,0,d,0,0,2,4,11,0,4,0,25,2,1,3,1,s,s,21,9,23,0,1,2,s
I538,s,16,1,0,0,0,0,36,0,0,2,4,11,0,0,0,25,0,1,3,1,s,s,21,0,23,0,0,2,s
1237,s,16,1,0,0,d,0,36,0,0,2,4,11,7,0,0,25,0,1,3,1,s,s,21,0,23,0,0,2,s
1236,s,16,1,d,0,d,0,36,0,0,d,d,11,0,0,0,25,0,d,3,1,s,s,21,0,23,d,0,2,s
I542,0,0,0,0,0,0,0,0,0,0,2,4,11,0,0,0,25,0,1,3,1,7,10,21,0,0,0,0,2,s
I543,0,0,0,0,0,0,0,0,0,0,2,4,11,0,0,1,25,4,1,3,1,7,10,21,0,0,0,0,2,s
I544,0,0,0,0,0,0,0,0,0,0,2,4,11,0,0,1,25,4,1,3,1,7,10,21,0,0,0,0,2,s
1183,2,0,0,d,13,0,0,0,0,0,2,4,11,s,0,1,s,d,1,3,1,7,10,d,d,0,0,12,s,s
2047,2,0,d,0,0,0,0,0,0,0,2,4,11,8,0,d,25,4,1,3,1,7,10,d,0,0,0,d,2,s
I552,0,0,0,4,0,0,0,1,0,0,2,4,11,0,0,1,25,4,1,3,1,7,10,21,0,18,0,0,2,s
I555,0,0,1,4,15,0,0,1,0,3,2,4,11,0,0,1,25,4,1,3,1,7,10,21,0,18,0,0,2,s
1203,0,6,d,4,15,0,0,1,0,3,2,4,11,0,0,1,d,4,1,3,1,7,10,21,0,18,0,d,2,s
1202,0,d,1,4,15,d,0,1,0,3,2,4,11,0,0,1,25,d,d,3,d,7,10,21,0,18,d,0,2,s
I556,0,2,0,4,0,0,0,1,0,0,2,4,11,0,0,1,25,4,1,3,1,7,10,21,0,18,0,0,2,s
I557,1,2,0,4,6,0,0,1,0,0,2,4,11,0,0,1,25,4,1,3,1,7,10,21,0,18,0,0,2,s
1267,d,s,0,4,6,d,0,1,11,0,2,4,d,0,d,1,25,4,1,3,1,7,10,21,d,18,26,d,2,s
1266,d,2,d,4,6,0,d,1,0,0,2,4,11,0,0,1,25,4,1,3,1,7,10,21,0,18,0,0,d,s
I558,0,2,0,4,0,0,0,1,0,0,2,4,11,0,0,1,25,4,1,3,1,7,10,21,0,18,0,s,2,s
2016,0,2,0,4,0,0,d,d,0,22,2,d,11,0,0,1,25,4,1,3,1,d,10,21,0,18,0,s,d,s
2038,0,2,0,4,0,0,1,1,0,d,2,4,11,0,0,1,25,4,1,3,1,7,10,d,d,18,d,s,2,s
I561,0,0,0,0,0,0,0,0,0,0,2,4,11,0,0,0,s,0,1,3,1,7,10,21,0,0,0,0,2,s
I566,0,5,0,0,0,1,0,0,0,0,2,4,11,5,0,1,s,0,1,3,1,7,s,21,s,0,0,7,s,s
1400,0,5,0,0,s,1,d,0,0,0,2,4,11,5,0,1,s,0,d,3,1,7,s,21,s,0,0,d,s,s
1516,0,5,7,0,0,1,0,d,0,0,2,d,d,5,0,1,s,0,1,3,d,7,s,21,s,0,0,d,s,s
I569,0,0,0,0,0,0,0,0,0,0,2,4,11,0,0,0,s,0,1,3,1,7,10,21,0,0,0,0,2,s
I570,0,0,0,0,0,0,0,0,0,0,2,4,11,0,8,1,s,0,1,3,1,7,10,21,0,0,0,0,2,s
I571,0,0,0,0,0,1,0,0,0,0,2,4,11,0,8,1,s,0,1,3,1,7,10,21,0,0,0,0,2,s
1295,0,0,0,0,23,d,0,0,0,9,2,4,11,9,8,1,s,0,1,3,1,d,d,21,0,0,d,0,2,s
1294,0,d,0,0,0,d,0,0,0,0,2,4,11,0,8,d,s,0,d,3,1,7,10,21,0,0,0,0,2,s
1352,0,0,0,0,0,0,0,11,0,0,2,4,11,0,d,1,s,s,d,3,1,7,10,21,0,0,0,0,2,s
I573,0,0,0,0,0,0,0,0,0,0,2,4,11,6,0,0,s,0,s,3,1,7,10,21,0,0,3,0,2,s
I574,0,0,s,0,0,0,10,0,0,0,2,4,11,6,0,0,s,5,s,3,1,s,10,21,0,0,3,0,2,s
1551,0,0,s,0,0,0,10,d,0,0,2,4,11,6,0,0,s,s,s,d,1,s,d,21,0,0,3,0,2,s
1550,d,0,s,0,0,0,10,0,d,0,2,d,d,d,d,0,s,5,s,3,1,s,10,d,0,0,3,0,2,s
I575,0,0,0,0,0,1,0,0,0,0,2,4,11,6,0,0,s,0,s,3,1,7,10,21,0,0,3,0,2,s
1197,0,d,0,3,d,d,0,0,0,0,2,4,11,6,25,0,s,0,s,3,d,7,10,21,d,0,3,0,2,s
1196,0,0,0,0,0,1,0,0,0,0,d,4,11,6,0,0,s,0,s,3,1,7,10,d,0,0,3,0,2,s
I576,0,0,0,0,0,0,0,0,0,0,2,4,11,0,0,0,25,0,0,0,1,7,10,21,0,0,0,0,2,s
I577,0,0,0,0,0,0,s,0,0,0,2,4,11,0,0,1,25,0,0,6,1,7,10,21,0,0,0,0,2,s
I578,0,0,0,0,0,1,s,0,0,0,2,4,11,0,0,1,25,1,0,6,1,7,10,21,0,0,6,0,2,s
I579,0,0,1,0,0,1,s,0,0,0,2,4,11,0,0,1,25,s,0,6,1,7,10,21,0,0,6,0,2,s
I580,0,0,1,0,29,1,s,13,0,0,2,4,11,0,0,1,25,s,0,6,1,7,10,21,9,0,6,0,2,s
I581,0,17,1,0,29,1,s,13,9,0,2,4,11,0,0,1,25,s,0,6,1,7,10,21,9,0,6,0,2,s
1835,d,17,1,d,d,1,s,13,9,0,2,4,11,d,0,1,25,s,0,6,1,d,10,21,9,d,6,0,2,s
1834,d,17,1,0,29,1,s,13,9,0,2,4,11,0,0,d,25,s,0,6,1,d,10,21,9,d,6,0,2,s
I582,0,0,1,0,29,1,s,13,0,0,2,4,11,0,0,1,25,s,0,6,1,7,10,21,9,0,6,0,2,s
1671,0,0,1,0,29,1,s,13,0,0,d,d,d,0,0,d,25,s,0,6,1,7,10,21,9,0,6,0,d,s
1670,0,0,1,d,d,1,s,13,0,0,2,d,11,0,0,1,25,s,0,6,1,7,10,21,9,0,6,0,2,s
1748,2,0,d,0,3,1,s,d,24,d,2,d,11,0,0,d,25,s,d,6,1,7,10,21,d,14,6,0,d,s
I586,0,0,0,0,0,s,s,0,0,0,2,4,11,0,0,1,25,1,0,6,1,7,10,21,0,0,6,0,2,s
I587,0,0,0,0,0,s,s,0,0,0,2,4,11,0,0,1,25,s,0,6,1,7,10,21,0,0,6,0,2,s
1269,0,0,0,4,9,s,s,d,11,0,2,4,11,0,0,d,25,s,s,6,1,7,10,21,9,14,6,d,2,s
1177,0,0,2,0,2,s,s,0,0,0,d,4,11,0,0,1,d,s,0,6,d,7,d,d,9,0,6,1,2,s
I590,0,0,0,0,22,s,s,0,5,0,2,4,11,0,0,1,25,1,0,6,1,7,10,21,9,0,6,s,2,s
I591,0,0,0,0,22,s,s,0,5,0,2,4,11,0,0,1,25,1,0,6,1,s,10,21,s,0,6,s,2,s
1911,d,0,0,0,22,s,s,0,5,0,2,4,d,0,0,1,d,1,0,6,1,s,10,21,s,d,d,s,2,s
1910,0,0,d,d,22,s,s,0,5,0,2,4,11,0,0,1,25,1,0,6,1,s,10,21,s,0,6,s,2,s
1341,0,0,0,0,22,s,s,0,5,0,d,d,11,2,0,1,s,1,0,d,1,s,10,21,9,0,6,s,2,s
I593,2,0,s,0,0,0,s,0,0,0,2,4,11,0,s,1,25,0,0,6,1,7,10,21,0,0,0,0,2,s
I595,2,0,s,0,0,0,s,0,0,3,2,4,11,5,s,1,25,0,0,6,1,7,10,21,0,0,0,0,2,s
I596,2,s,s,0,0,1,s,0,0,3,2,4,11,s,s,1,25,0,0,6,1,7,10,21,0,0,0,0,2,s
1199,2,s,s,d,0,1,s,d,0,3,2,4,11,s,s,1,25,0,0,6,1,7,10,21,9,0,0,0,2,s
1198,2,s,s,0,d,1,s,0,0,3,d,4,11,s,s,1,25,0,0,6,1,7,10,21,d,0,0,0,d,s
I597,2,0,s,0,0,0,s,0,0,3,2,4,11,5,s,1,25,0,0,6,1,7,10,21,0,0,0,0,2,s
2010,2,0,s,0,0,d,s,d,d,3,2,d,11,d,s,1,25,0,25,d,1,7,10,21,0,0,0,0,2,s
2003,d,0,s,0,0,0,s,d,0,3,d,4,11,d,s,1,25,d,0,6,1,7,10,21,d,0,0,0,2,s
I607,2,0,s,0,0,0,s,22,0,0,2,4,11,9,s,1,25,30,0,6,1,7,10,21,0,0,0,0,2,s
1207,2,0,s,0,0,0,s,22,d,0,2,4,11,9,s,d,25,30,0,6,1,7,10,21,d,d,0,0,2,s
1179,2,0,s,12,0,0,s,22,0,0,2,4,11,9,s,1,25,30,19,6,1,7,10,d,0,d,22,0,2,s
I610,0,0,0,0,0,0,0,0,0,0,2,4,11,0,0,0,25,0,0,0,1,7,10,21,0,0,0,0,2,s
I611,0,0,0,0,0,0,0,0,0,0,2,4,11,0,0,0,25,0,0,6,1,7,10,21,0,0,26,0,2,s
I612,0,0,0,0,0,0,0,0,0,0,2,4,11,0,0,0,25,0,2,6,1,7,10,21,0,0,26,0,2,s
I615,0,5,0,5,s,0,3,0,0,0,2,4,11,0,20,1,25,0,2,6,1,s,10,21,0,0,26,0,2,s
1383,0,5,0,d,s,0,3,8,d,0,2,d,11,d,20,d,25,0,s,6,1,s,10,21,0,0,26,0,2,s
1382,3,5,d,5,s,0,3,0,0,0,2,4,11,0,20,1,25,0,2,6,d,s,10,21,0,0,26,4,2,s
I617,0,0,0,5,0,0,0,0,0,20,2,4,11,0,6,0,25,s,2,6,1,7,10,21,0,0,26,0,2,s
1453,0,0,0,5,0,0,0,0,0,d,2,4,11,0,6,0,d,s,2,6,1,7,d,21,0,0,26,0,2,s
1452,0,5,0,5,0,0,0,d,0,20,2,4,11,d,d,0,25,s,2,6,1,d,10,21,0,0,26,1,2,s
I619,0,0,0,0,0,0,0,0,0,0,2,4,11,0,0,0,25,0,0,6,1,7,10,21,0,0,26,0,2,s
I620,0,0,0,0,0,0,12,0,0,0,2,4,11,0,0,0,25,s,0,6,1,7,10,21,0,0,26,0,2,s
1460,0,d,0,0,0,0,d,0,0,d,2,4,11,0,0,d,25,s,0,6,1,7,10,21,0,0,26,0,2,s
I622,0,0,0,0,0,0,12,0,0,0,2,4,11,0,0,1,25,s,34,6,1,7,10,21,0,0,26,0,2,s
1201,0,0,0,0,0,d,12,0,10,0,2,4,11,0,0,1,25,s,34,6,1,7,10,21,0,0,26,d,d,s
1200,d,0,0,d,0,0,12,0,0,0,2,4,11,0,d,1,25,s,34,6,1,7,d,d,0,0,26,0,2,s
I623,0,0,0,8,0,0,0,0,0,0,2,4,11,0,0,0,25,0,0,6,1,7,10,21,0,0,26,0,2,s
1325,0,0,0,8,0,0,0,0,d,0,2,4,d,0,0,0,d,0,0,6,1,7,d,21,d,0,26,0,2,s
1398,d,0,0,8,1,1,0,d,10,14,2,4,11,0,1,0,25,0,1,6,d,7,10,21,0,25,26,0,d,s
I626,0,0,0,0,0,0,0,0,0,0,2,4,11,0,0,0,25,8,0,0,1,7,10,21,0,0,0,0,2,s
I627,6,26,0,0,0,0,0,39,1,0,2,4,11,0,0,0,25,8,0,0,1,7,10,21,0,5,0,1,2,s
I628,6,26,0,3,0,0,0,39,1,0,2,4,11,0,0,0,25,8,0,0,1,7,10,21,0,5,0,1,2,s
I629,6,26,0,3,0,0,0,39,1,0,2,4,11,0,0,0,25,8,0,0,1,7,10,21,0,5,0,1,2,s
1185,6,26,0,3,0,0,0,39,1,0,2,4,11,0,0,d,25,8,0,0,d,7,10,21,0,5,0,1,2,s
1184,6,26,0,3,0,0,0,39,1,0,2,4,11,d,0,0,25,d,0,0,1,7,10,21,0,d,d,1,2,s
1317,6,26,0,3,d,0,0,39,1,0,2,4,11,d,19,0,25,8,0,0,1,d,d,21,0,d,d,1,2,s
1412,d,26,1,d,0,0,13,39,1,0,2,4,11,0,0,0,25,d,0,0,1,7,d,21,0,5,0,1,2,s
I634,0,0,0,0,0,s,0,0,0,0,2,4,11,0,18,0,25,8,0,0,1,7,10,21,0,0,0,0,2,s
1485,0,0,d,0,0,s,d,0,0,0,2,4,11,0,18,0,25,8,0,0,d,7,d,21,d,0,0,d,2,s
I638,0,0,0,0,0,s,22,0,0,0,2,4,11,7,18,0,25,8,0,0,1,7,10,21,0,0,0,0,2,s
1468,d,0,d,11,0,s,22,d,0,0,2,4,d,7,18,0,25,8,0,0,1,7,10,21,d,d,0,0,2,s
1351,0,5,d,1,0,s,22,1,d,0,d,4,11,7,18,1,25,8,d,3,d,7,d,21,s,d,0,d,2,s
I641,0,0,0,0,10,0,0,0,0,0,2,4,0,7,0,0,25,5,0,0,1,7,10,21,0,2,26,0,2,s
I642,0,0,0,0,10,0,28,0,0,0,2,4,s,7,0,s,25,5,0,0,1,7,10,21,0,2,26,7,2,s
I643,0,0,0,0,10,1,28,s,0,0,2,4,s,7,0,s,25,5,0,0,1,7,10,21,0,2,26,7,2,s
I644,2,0,0,0,10,1,28,s,0,0,2,4,s,7,0,s,25,s,0,0,1,7,10,21,0,2,26,7,2,s
I645,2,0,0,0,10,s,28,s,0,0,2,4,s,7,0,s,25,s,0,0,1,7,10,21,0,2,26,7,2,s
I646,2,0,0,0,10,s,28,s,0,s,2,4,s,7,0,s,25,s,0,0,1,7,10,21,0,2,26,s,2,s
1883,d,0,d,d,10,s,28,s,0,s,2,4,s,7,1,s,25,s,0,0,1,7,10,d,0,2,26,s,2,s
1861,2,d,0,4,10,s,28,s,0,s,d,4,s,7,d,s,25,s,d,s,1,7,10,21,0,2,26,s,2,s
I649,2,0,0,0,10,s,s,s,0,0,2,4,s,7,0,s,25,s,0,0,1,7,10,21,0,2,26,7,2,s
1819,d,0,d,0,10,s,s,s,0,0,2,4,s,7,0,s,25,s,0,0,d,7,10,21,0,2,d,7,d,s
1558,2,0,0,0,d,s,s,s,d,0,2,4,s,7,0,s,d,s,0,d,1,7,10,21,0,2,s,7,d,s
I652,2,6,0,0,10,1,28,s,0,0,2,4,s,7,0,s,25,s,0,0,1,7,10,21,0,2,26,7,2,s
I653,2,6,0,0,10,1,28,s,0,0,2,4,s,7,19,s,25,s,0,0,1,7,10,21,8,2,26,7,2,s
1288,2,6,0,0,10,1,28,s,0,0,2,4,s,7,19,s,25,s,0,d,1,7,10,d,8,2,d,7,d,s
1519,2,6,0,0,10,1,28,s,0,d,d,4,s,s,19,s,25,s,15,8,d,7,10,21,8,2,26,7,2,s
1700,2,6,0,d,10,d,28,s,0,12,2,4,s,7,d,s,25,s,0,0,1,d,10,21,d,2,26,7,2,s
I659,0,6,0,0,10,1,28,s,0,0,2,4,s,7,0,s,25,5,0,0,1,7,10,21,0,2,26,7,2,s
I660,0,6,0,0,10,1,28,s,0,0,2,4,s,7,0,s,25,5,0,11,1,7,10,21,7,2,26,7,2,s
I663,2,6,0,3,10,1,28,s,11,0,2,4,s,7,0,s,25,5,0,11,1,7,10,21,7,2,26,7,2,s
1221,2,6,0,3,10,1,28,s,d,0,d,4,s,d,d,s,25,5,0,11,1,7,10,21,d,2,26,d,d,s
1220,2,6,0,3,10,1,28,s,11,0,2,4,s,7,0,s,25,5,0,11,1,7,10,21,7,2,d,s,2,s
I664,0,6,0,0,10,1,28,s,0,0,2,4,s,7,0,s,25,5,0,11,1,7,10,21,7,2,26,7,2,s
I665,0,6,0,0,10,1,28,s,0,0,2,4,s,7,0,s,25,5,0,11,1,7,10,21,7,2,26,7,2,s
1471,0,6,0,0,10,1,d,s,0,0,2,4,s,7,0,s,25,5,0,11,1,d,10,21,7,2,d,d,2,s
1470,0,6,0,0,10,1,28,s,0,0,2,4,s,7,0,s,d,d,0,d,d,7,10,21,d,2,d,7,2,s
I666,0,6,0,0,10,1,28,s,0,0,2,4,s,7,0,s,25,5,0,11,1,7,10,21,7,2,26,7,2,s
1403,0,6,d,0,10,d,28,s,0,0,2,4,s,d,3,s,25,d,d,11,1,7,10,21,7,2,26,7,2,s
1402,0,6,0,0,10,1,28,s,0,0,2,4,s,7,s,s,25,5,0,11,1,7,10,21,7,2,26,d,2,s
I667,0,6,0,0,10,1,28,s,1,19,2,4,s,7,0,s,25,5,0,0,1,s,10,21,0,2,26,7,2,s
I668,0,6,0,0,10,1,28,s,1,19,2,4,s,7,0,s,25,5,0,0,1,s,10,21,0,2,26,7,2,s
I669,0,6,0,0,10,1,28,s,1,19,2,4,s,7,25,s,25,5,0,0,1,s,10,21,0,2,26,7,2,s
1561,0,6,0,0,10,1,28,s,1,19,2,4,s,7,d,s,25,5,d,d,1,s,10,21,0,2,26,7,2,s
1560,0,6,7,0,10,1,28,s,1,19,2,4,s,d,25,s,25,5,0,0,1,s,10,d,0,2,26,7,2,s
I670,0,6,0,0,10,1,28,s,1,19,2,4,s,7,0,s,25,5,0,0,1,s,10,21,0,2,26,7,2,s
1621,0,6,0,0,10,1,28,s,1,19,2,4,s,7,0,s,25,5,0,0,1,s,10,21,0,d,26,7,2,s
1620,0,6,0,0,10,1,28,s,1,19,2,4,s,d,d,s,25,d,d,0,d,s,10,21,d,2,d,7,2,s
I671,0,6,0,0,10,1,28,s,1,19,2,4,s,7,5,s,25,5,0,0,1,s,10,21,0,2,26,7,2,s
1630,0,6,0,d,10,1,28,s,d,19,2,4,s,7,5,s,25,5,0,0,1,s,10,21,9,2,26,7,2,s
1778,0,6,0,0,d,1,d,s,1,d,2,4,s,7,5,s,25,5,d,d,d,s,10,d,d,2,26,7,2,s
I674,2,0,0,0,10,0,28,0,0,0,2,4,s,7,0,s,25,5,0,0,1,7,10,21,0,2,26,7,2,s
I675,2,17,0,0,10,0,28,0,0,0,2,4,s,7,0,s,25,5,1,0,1,7,10,21,0,2,26,7,2,s
I676,2,17,0,0,10,0,28,0,0,0,2,4,s,7,21,s,25,5,1,0,1,7,10,21,0,2,26,7,2,s
I677,2,17,0,0,10,0,28,0,0,17,2,4,s,7,21,s,25,5,1,0,1,7,10,21,0,2,26,7,2,s
1540,2,17,0,d,10,0,28,0,0,17,d,4,s,7,d,s,25,5,1,0,1,7,10,21,0,2,26,7,d,s
1465,2,17,0,0,d,0,28,0,d,17,2,4,s,7,21,s,25,5,1,d,1,7,10,21,0,2,26,7,2,s
I682,2,17,0,0,10,0,28,0,0,0,2,4,s,7,21,s,25,5,1,15,1,7,10,21,0,2,26,7,2,s
1135,2,d,0,0,10,0,28,0,0,d,2,4,s,7,21,s,25,5,1,15,d,7,10,21,9,d,26,7,2,s
1134,2,17,0,0,10,0,28,d,0,0,2,d,s,7,21,s,25,5,1,15,s,7,10,21,0,d,26,7,2,s
1794,2,17,0,0,10,0,28,0,0,0,2,4,s,7,d,s,25,5,1,d,1,7,10,d,0,2,26,7,2,s
I690,2,0,0,6,10,0,28,0,0,0,2,4,s,7,0,s,25,5,0,0,1,7,10,21,0,2,26,7,2,s
I692,2,0,0,6,10,0,28,0,0,0,2,4,s,7,0,s,25,5,0,0,1,s,10,21,9,2,26,7,2,s
1149,2,0,6,6,10,d,28,0,0,0,2,4,s,7,0,s,d,5,0,0,1,s,10,d,9,2,d,7,2,s
I694,2,6,0,6,10,0,28,0,0,0,2,4,s,7,8,s,25,5,0,0,1,s,10,21,9,2,26,7,s,s
1189,2,6,0,s,10,0,28,0,0,0,2,d,s,7,8,s,25,5,0,0,1,s,10,21,9,2,d,7,s,s
1188,2,6,0,6,d,s,28,0,d,0,2,4,s,7,d,s,25,5,0,0,s,s,d,21,9,2,26,7,s,s
1307,2,0,0,s,10,0,28,34,3,0,2,d,s,7,3,s,25,5,0,0,1,7,10,d,0,d,26,7,2,s
I705,0,0,0,0,10,0,0,0,0,0,2,4,11,7,0,0,25,5,0,0,1,7,10,21,0,2,26,0,2,s
I706,0,0,0,0,10,0,0,0,0,0,2,4,11,7,0,0,25,5,0,0,1,7,10,21,0,2,26,0,2,s
I707,0,0,0,0,10,0,0,0,0,15,2,4,11,7,0,0,25,5,0,0,1,7,10,21,0,2,26,0,2,s
I708,0,0,0,0,10,0,0,0,0,15,2,4,11,7,4,0,25,5,0,0,1,7,10,21,0,2,26,0,2,s
I710,s,0,0,0,10,0,0,0,0,15,2,4,11,7,4,0,25,5,0,0,1,7,10,21,0,2,26,0,2,s
1233,s,0,0,0,10,d,d,0,0,15,2,4,11,7,4,0,25,5,0,0,1,d,10,21,0,2,26,0,d,s
1232,s,0,0,3,10,0,d,d,d,15,d,4,11,7,4,0,25,5,d,0,1,7,10,d,0,2,d,d,2,s
1387,0,0,d,0,d,s,13,0,0,15,d,4,11,7,4,1,d,5,d,0,1,7,d,21,0,2,d,1,2,s
I715,0,0,0,20,10,0,0,0,0,15,2,4,11,7,5,0,25,5,0,0,1,7,10,21,0,2,26,0,2,s
I717,0,0,0,20,10,0,0,34,0,15,2,4,11,7,5,0,25,5,29,0,1,7,10,21,0,2,26,1,2,s
1723,d,0,0,20,10,0,0,34,0,15,2,4,d,7,d,0,25,5,29,0,1,d,10,21,0,2,26,1,2,s
1722,0,0,0,20,d,0,0,34,0,d,2,4,11,7,5,0,d,5,29,13,1,7,10,21,0,2,d,1,2,s
I719,0,0,0,s,10,0,0,0,0,s,2,4,11,7,5,0,25,5,0,3,1,7,10,21,0,2,26,0,2,s
1856,0,0,0,s,10,0,0,0,d,s,d,4,11,7,5,0,25,5,0,3,1,7,10,21,0,2,d,0,2,s
1830,0,s,0,s,10,1,0,0,0,s,2,4,11,7,5,0,25,5,0,3,d,7,10,21,9,2,26,d,d,s
I722,0,0,0,0,10,0,0,0,0,0,2,4,11,7,0,0,25,5,0,0,1,7,10,21,0,2,26,0,2,s
I723,0,0,0,0,10,0,0,9,0,0,2,4,11,7,6,0,25,5,0,0,1,7,10,21,0,2,26,0,2,s
1647,2,d,1,d,10,0,13,9,1,0,d,s,11,7,6,d,25,5,d,0,1,7,10,21,0,2,26,0,2,s
I727,0,0,0,0,10,0,0,9,0,0,2,4,11,7,6,0,s,5,0,0,1,7,10,21,9,2,26,0,2,s
1947,0,0,0,0,10,0,0,9,0,0,2,d,11,7,6,1,s,5,0,0,1,7,d,21,9,2,26,0,2,s
2035,2,0,0,0,10,d,d,9,d,0,2,4,11,7,6,0,s,5,d,3,1,7,10,21,d,2,26,0,2,s
I730,0,0,1,0,10,0,0,0,0,6,2,4,11,7,0,0,25,5,0,0,1,7,10,21,s,2,26,0,2,s
I731,0,0,1,0,10,0,0,0,6,6,2,4,11,7,0,0,25,5,0,0,1,7,10,21,s,2,26,0,2,s
I732,0,0,1,0,10,0,0,0,6,6,2,4,11,7,s,0,25,5,0,0,1,7,10,21,s,2,26,0,2,s
1873,0,0,1,d,10,0,0,0,6,6,2,4,11,7,s,0,25,d,0,0,1,7,10,21,s,2,26,0,2,s
1872,0,0,1,0,10,0,0,0,6,d,2,4,11,7,s,0,d,5,0,0,1,7,10,21,s,2,26,0,2,s
2023,0,0,1,0,10,0,0,d,6,6,2,4,11,7,0,0,d,5,0,d,1,7,10,21,s,2,26,0,2,s
I734,0,0,1,0,10,0,0,39,0,6,2,4,11,7,0,1,25,5,0,0,1,7,10,21,s,2,26,0,2,s
1988,0,0,1,0,d,0,0,d,0,6,2,4,11,7,0,1,25,d,0,3,1,7,10,21,s,2,26,0,2,s
2019,0,0,1,0,10,d,0,39,0,6,2,4,11,7,21,d,25,5,d,0,1,7,10,d,s,2,26,d,2,s
I737,0,0,0,0,10,0,0,0,0,0,2,4,11,7,0,0,25,5,0,0,1,7,10,21,0,2,26,0,2,s
I738,0,0,0,0,10,0,22,0,0,0,2,4,11,7,0,0,25,5,0,0,1,7,10,21,0,2,26,0,2,s
I739,0,0,0,0,10,0,22,0,0,0,2,4,11,7,0,0,25,5,0,0,1,7,10,21,0,2,26,0,2,s
I740,0,0,0,0,10,0,22,0,0,0,2,4,11,7,0,0,25,5,0,0,1,7,10,21,0,2,26,0,2,s
1261,2,0,d,0,10,0,22,39,0,0,2,4,11,7,0,0,25,5,0,0,1,7,10,d,0,2,26,0,2,s
I742,0,3,0,0,10,0,22,0,0,0,2,4,11,7,0,0,25,5,0,0,1,7,10,21,0,2,26,0,2,s
1437,0,3,0,0,10,d,d,7,0,0,2,d,11,7,8,1,d,5,d,0,1,7,d,d,0,2,26,d,d,s
1436,4,d,0,0,10,0,22,d,0,0,2,4,11,7,0,0,25,d,0,0,1,d,10,21,0,2,26,0,d,s
I743,0,0,0,0,10,0,22,0,0,0,2,4,11,7,0,0,25,5,0,13,1,7,10,21,0,2,26,0,2,s
1589,0,0,0,5,10,0,22,41,0,0,2,4,11,d,1,1,25,5,11,13,d,7,s,21,d,d,26,0,d,s
1367,2,0,d,s,10,0,22,0,s,0,d,4,11,d,0,0,25,5,0,13,1,7,10,21,0,s,26,s,2,s
I746,0,5,1,0,10,0,22,s,0,0,2,4,11,s,0,0,25,5,0,0,1,7,10,21,0,2,26,0,2,s
1320,3,5,1,0,10,0,22,s,0,0,2,4,11,s,0,0,25,5,s,0,1,7,10,21,0,2,26,0,2,s
1104,d,5,d,s,10,0,22,s,0,0,2,4,11,s,0,1,s,d,s,d,d,7,d,s,0,2,d,0,2,s
I753,0,0,0,0,10,0,0,0,0,0,2,4,11,7,0,0,25,5,0,0,1,7,10,21,0,2,26,0,2,s
I754,0,0,0,0,10,0,0,0,0,0,2,4,11,7,0,0,25,5,0,0,1,7,10,21,9,2,26,0,2,s
I755,0,0,0,0,10,0,18,0,0,0,2,4,11,7,0,0,25,5,1,0,1,7,10,21,9,2,26,0,2,s
1214,0,d,d,0,10,0,18,0,0,d,2,4,11,7,0,d,d,d,1,0,d,d,10,d,9,2,26,0,2,s
1170,0,0,0,0,10,s,18,0,0,d,d,4,11,7,5,0,25,5,1,0,1,d,10,21,9,2,d,0,2,s
1205,0,s,0,d,10,0,0,s,0,0,2,4,11,7,0,0,25,5,0,0,d,7,10,d,9,2,26,s,2,s
I765,0,0,0,0,10,0,22,0,0,0,2,4,11,7,0,0,25,5,0,s,1,7,10,21,0,2,26,0,2,s
1130,0,d,0,0,d,0,22,0,d,0,2,4,11,s,0,0,25,5,0,s,1,7,10,21,0,2,26,0,d,s
I767,0,0,0,4,10,1,22,0,0,0,2,4,11,7,6,0,25,5,0,s,1,7,10,21,0,2,26,0,2,s
1281,d,0,0,4,d,1,22,0,0,0,2,4,11,7,6,d,25,d,0,s,d,7,10,21,9,2,d,0,2,s
1280,0,0,0,4,10,1,22,d,0,0,2,4,11,7,d,0,25,5,d,s,1,7,10,21,0,2,26,d,2,s
I768,0,0,0,0,0,0,0,0,9,0,2,4,12,0,14,0,25,0,0,0,0,0,10,21,0,0,0,0,2,0
I769,0,0,0,0,0,0,0,0,9,0,2,4,12,0,14,0,25,0,0,3,0,0,10,21,0,0,0,0,2,0
I770,0,0,0,0,0,0,0,0,9,0,2,4,12,0,14,0,25,0,0,3,0,0,10,21,0,0,0,0,2,13
I771,0,0,0,0,0,0,0,0,9,0,2,4,12,0,14,0,25,0,0,3,0,1,10,21,0,0,0,0,2,13
I772,0,0,0,0,0,0,0,0,9,0,2,4,12,0,14,0,25,0,0,3,s,1,10,21,9,0,0,0,2,13
I773,0,0,1,0,0,0,0,0,9,0,2,4,12,0,14,0,25,0,3,3,s,1,10,21,9,0,0,0,2,13
I776,0,0,1,0,0,0,0,0,9,0,2,4,s,0,14,s,25,0,3,3,s,1,10,21,9,0,0,0,2,13
1955,0,0,1,0,0,0,0,0,d,0,2,4,s,0,d,s,25,0,3,3,s,1,10,21,9,0,0,0,2,d
1954,d,0,1,0,0,0,d,d,9,d,d,4,s,0,d,s,25,0,d,3,s,1,10,21,d,0,0,0,2,13
I777,0,0,1,0,0,1,0,0,9,0,2,4,12,0,14,0,25,0,3,3,s,1,10,21,9,0,0,0,2,13
I778,2,0,1,0,0,1,0,0,9,0,2,4,12,0,14,0,25,0,3,3,s,1,10,21,9,0,0,0,2,13
1225,2,d,1,0,0,1,0,0,9,d,2,4,12,0,14,0,25,0,3,3,s,1,10,21,9,d,0,12,2,13
1224,2,0,1,0,0,1,0,0,9,0,s,d,12,6,14,0,d,d,d,3,s,1,10,d,9,0,0,d,2,13
1640,0,0,1,0,0,1,0,0,9,0,2,4,12,0,14,d,25,0,3,d,s,d,10,21,9,d,d,0,2,13
I780,0,0,0,0,0,0,0,0,9,0,2,4,12,0,14,0,25,0,0,3,s,1,10,21,9,5,0,0,2,13
I783,4,0,1,0,15,0,0,0,9,0,2,4,12,0,14,0,25,0,0,3,s,1,10,21,9,5,6,0,2,13
1361,4,0,1,0,15,0,0,0,9,d,2,4,12,0,14,0,25,0,0,3,s,1,10,d,9,5,6,0,2,13
1360,4,0,1,0,15,0,0,0,9,0,2,4,12,0,14,0,25,0,d,3,s,1,10,21,9,5,6,0,d,d
I784,0,15,1,14,22,0,0,6,9,0,2,4,12,0,14,0,25,0,0,3,s,1,10,21,9,5,0,0,2,13
I785,0,15,1,14,22,0,0,6,9,0,2,4,12,0,14,0,25,s,0,3,s,1,10,21,9,5,0,0,2,13
1623,0,d,1,14,22,d,0,6,9,0,2,4,12,0,14,0,25,s,0,3,s,1,10,21,d,d,0,0,2,13
1622,0,15,1,14,22,d,20,6,9,0,2,4,12,7,14,d,25,s,0,3,s,1,10,21,9,5,d,0,d,13
1697,0,15,1,14,22,d,0,6,9,0,d,4,12,7,14,1,d,0,0,3,s,1,d,21,9,5,s,0,2,d
I787,s,0,2,0,0,0,0,0,9,0,2,4,12,0,14,0,25,s,12,3,0,1,10,21,0,0,5,0,2,13
1998,s,0,d,0,0,0,0,d,9,6,2,4,12,9,d,0,25,s,d,3,0,1,10,21,0,0,5,0,2,13
I798,s,0,2,0,35,0,s,0,9,4,2,4,12,0,14,0,25,s,12,3,0,1,10,21,9,0,5,0,s,13
1939,s,d,2,0,35,0,s,0,9,4,2,4,12,0,d,d,25,s,12,3,0,d,10,21,9,0,5,0,s,13
1938,s,d,2,0,35,0,s,0,9,4,d,4,12,0,d,0,25,s,12,3,d,1,10,d,9,d,d,0,s,13
I799,0,0,0,3,0,0,0,s,9,0,2,4,12,0,14,0,25,0,0,3,1,0,10,21,0,0,0,0,2,13
I800,0,0,0,3,0,0,0,s,9,0,2,4,12,0,14,0,25,0,0,3,1,0,10,21,0,0,0,0,2,13
I801,0,0,0,3,0,0,0,s,9,0,2,4,12,0,14,0,25,0,0,3,1,0,10,21,9,0,0,7,2,13
1845,0,0,1,3,0,d,d,s,9,d,2,4,12,0,14,0,25,0,0,d,1,0,10,21,9,0,0,7,d,13
I805,0,0,0,3,0,1,0,s,9,0,2,4,12,0,14,0,25,0,0,3,1,0,10,21,9,0,0,7,2,13
I806,0,0,0,3,0,1,0,s,9,6,2,4,12,0,14,0,25,0,0,3,1,0,10,21,9,0,0,7,2,13
1963,0,0,0,3,0,1,0,s,9,6,d,d,12,0,14,0,25,0,0,3,1,0,d,21,9,0,0,7,2,13
1962,0,0,d,3,0,1,0,s,9,6,2,4,12,0,14,0,25,0,0,d,1,0,10,21,9,0,0,7,2,13
1501,4,0,d,d,0,1,0,s,9,0,2,4,12,d,14,d,25,0,0,3,1,s,10,d,d,0,0,7,2,13
I808,0,0,0,3,s,0,0,s,9,0,2,4,12,0,14,0,25,0,0,3,1,0,10,21,0,11,0,0,2,13
I809,0,0,0,3,s,0,0,s,9,0,2,4,12,0,14,0,25,s,0,3,1,2,10,21,0,11,0,1,2,13
1812,d,0,0,3,s,0,0,s,d,0,d,4,12,0,14,1,25,s,29,3,d,2,d,21,0,d,0,1,2,13
1823,0,0,0,3,s,0,0,s,9,0,2,4,12,5,14,d,25,s,0,3,1,2,d,d,d,11,0,1,d,13
1924,0,0,0,d,s,1,13,s,9,0,2,d,12,0,s,0,25,s,0,3,1,0,10,21,8,11,0,0,2,13
I815,0,0,0,3,0,0,16,s,9,0,2,4,12,0,14,0,25,0,0,3,1,0,10,21,0,11,0,0,2,13
I816,0,0,0,3,0,s,16,s,9,0,2,4,12,0,14,0,25,5,0,3,1,0,10,21,0,11,0,0,2,13
I817,0,0,0,3,37,s,16,s,9,0,2,4,12,0,14,0,25,5,0,3,1,0,10,21,0,11,0,0,2,13
1919,0,d,0,3,d,s,16,s,9,0,2,4,12,0,14,0,d,5,d,3,1,0,d,21,0,11,0,s,2,13
I819,0,0,0,3,37,s,16,s,9,0,2,s,12,0,14,1,25,5,0,3,1,0,10,21,9,11,0,0,2,13
2027,0,0,0,d,37,s,16,s,9,0,d,s,12,0,14,1,25,5,d,3,1,0,10,21,9,11,d,0,2,13
2026,0,0,0,3,37,s,16,s,d,0,2,s,12,d,14,1,25,5,0,3,1,d,10,21,9,11,0,0,2,13
I820,0,0,0,3,0,s,16,s,9,0,2,4,12,0,14,0,25,5,10,3,1,0,10,21,0,11,20,0,2,13
I821,0,0,0,3,0,s,16,s,9,0,2,4,12,0,14,0,25,5,10,3,1,0,10,21,0,11,20,0,2,13
1967,0,0,0,3,11,s,16,s,9,0,2,d,12,0,14,0,25,5,10,3,1,d,10,21,0,11,20,0,2,d
1966,0,0,0,3,0,s,16,s,9,0,2,4,12,0,14,0,25,5,10,3,1,0,d,21,d,d,20,0,2,13
1850,d,0,0,3,0,s,d,s,9,0,2,4,12,d,14,0,25,5,10,3,1,0,10,21,9,d,20,0,2,d
I823,0,0,0,3,0,0,s,s,9,0,2,4,12,0,14,0,25,0,5,3,1,1,10,21,0,11,0,0,2,13
I824,0,0,0,3,0,0,s,s,9,21,2,4,12,0,14,0,25,0,5,3,1,1,10,21,0,11,0,4,2,13
1458,0,0,0,3,d,0,s,s,9,21,2,4,12,0,14,d,d,12,s,3,1,d,10,d,d,11,0,4,2,13
1534,0,0,0,3,0,1,s,s,9,21,2,4,12,0,14,0,25,0,5,3,d,1,10,21,0,d,8,4,2,13
I827,0,0,0,3,0,0,s,s,9,0,2,4,12,0,14,0,25,0,5,3,1,1,10,21,0,11,0,0,2,13
1546,0,0,0,3,d,0,s,s,9,0,d,4,12,0,14,1,25,0,5,3,1,1,10,21,0,11,d,0,2,13
1706,0,5,0,3,0,0,s,s,9,0,2,4,12,0,14,1,25,0,5,3,1,1,10,d,0,11,0,0,2,13
I830,0,0,0,0,0,0,0,11,9,0,2,4,12,5,14,0,25,1,0,3,0,0,10,21,0,0,0,0,2,0
I831,0,0,0,0,0,1,0,11,9,0,2,4,12,5,14,0,25,1,0,3,0,0,10,21,0,0,0,0,2,0
I832,0,0,0,0,0,1,0,11,9,0,2,4,12,5,14,0,25,1,0,3,0,0,10,21,0,0,0,0,s,0
1678,0,0,1,0,16,1,0,11,9,0,2,s,12,5,14,0,25,1,d,3,d,d,10,21,d,11,0,3,s,0
I840,0,s,0,0,8,1,0,11,9,0,2,4,12,5,14,1,25,1,0,3,0,0,10,21,0,0,0,0,s,0
I841,0,s,0,0,8,1,0,11,9,0,2,4,s,5,14,1,25,1,12,3,0,0,10,21,0,0,0,0,s,0
I842,0,s,0,0,8,1,0,11,9,6,2,4,s,5,14,1,25,1,12,3,1,0,10,21,0,0,0,0,s,0
1677,d,s,d,0,8,s,0,11,9,6,d,4,s,5,14,1,25,1,12,3,1,0,d,21,0,d,2,d,s,0
1676,0,s,0,d,8,1,0,11,9,d,2,4,s,5,14,1,25,1,12,d,1,0,10,21,0,d,0,0,s,d
1753,0,s,0,0,8,1,0,11,9,0,2,4,s,5,d,1,25,1,12,3,s,0,s,21,0,d,d,15,s,0
I844,0,s,0,0,8,1,0,11,9,0,2,4,12,5,14,1,25,1,0,3,0,0,10,21,0,0,0,0,s,0
1614,d,s,0,0,8,1,0,11,9,32,2,4,12,5,14,1,25,1,0,3,0,2,10,21,d,8,d,0,s,0
1681,d,s,0,0,8,1,0,11,9,0,2,4,12,5,14,1,25,1,d,3,0,0,d,d,0,0,0,0,s,0
I847,0,0,1,0,0,1,0,11,9,0,2,4,12,5,14,0,25,1,0,3,0,0,10,21,0,8,0,0,2,0
I848,0,0,1,0,0,1,0,11,9,0,2,4,12,5,14,0,25,1,0,3,0,0,10,21,s,8,0,0,2,0
I849,0,0,1,0,0,1,0,11,9,0,2,4,12,5,14,0,25,1,0,3,0,0,10,21,s,8,0,0,2,0
1635,2,0,1,0,0,1,0,11,9,21,2,4,12,5,14,0,s,1,0,d,1,0,10,d,s,8,0,0,2,28
1777,0,s,s,d,11,1,22,11,9,0,2,d,12,5,14,0,25,1,0,d,0,0,10,s,s,8,0,0,s,0
I852,0,s,1,0,0,1,0,11,9,0,2,4,12,5,14,0,25,1,0,3,0,0,10,21,s,8,0,0,2,0
1345,0,s,1,d,0,1,0,11,9,0,2,4,12,d,14,0,d,1,0,3,0,0,d,21,s,8,d,0,2,0
1569,d,s,1,0,d,1,0,11,9,0,2,4,12,5,14,0,d,1,5,3,0,0,10,21,s,8,0,0,2,0
I855,0,0,1,0,0,1,0,11,9,6,2,4,12,5,s,0,25,1,0,3,0,0,10,21,0,8,0,0,2,0
I856,0,0,1,0,0,1,0,11,9,6,2,4,12,5,s,0,25,1,0,s,0,0,10,21,0,8,0,0,2,0
I857,0,0,1,0,0,1,0,11,9,6,2,4,12,5,s,0,25,1,0,s,0,0,10,21,0,8,0,0,2,0
1573,0,0,d,8,d,d,0,11,9,d,2,d,12,d,s,0,25,1,d,s,d,0,10,21,0,d,d,0,2,0
1572,0,d,1,0,0,1,0,11,9,6,2,d,12,5,s,0,25,s,0,s,0,0,10,21,0,8,0,0,2,0
1767,0,0,1,0,0,1,0,11,9,6,d,4,12,5,s,0,25,1,0,s,0,0,10,21,0,8,0,0,2,d
I859,0,0,1,0,0,1,0,11,9,6,2,4,12,5,s,0,25,1,0,3,0,0,10,21,0,8,25,0,2,0
1756,0,0,1,0,d,1,0,11,9,6,2,4,12,5,s,0,25,d,0,3,0,d,10,d,0,8,25,0,2,0
1571,0,6,1,d,0,1,0,d,9,6,2,4,d,5,s,0,d,d,10,d,0,0,10,21,0,d,25,0,2,d
I862,0,0,0,0,0,0,0,11,9,0,2,4,12,s,14,0,25,1,0,3,0,0,10,21,0,0,s,0,2,0
I863,0,0,0,0,0,0,0,11,9,32,2,4,12,s,14,0,25,1,0,3,0,0,10,21,0,0,s,0,2,16
I864,0,0,0,0,0,0,0,11,9,32,2,4,12,s,14,0,25,1,0,3,0,0,10,21,0,0,s,0,2,16
I865,0,0,0,0,0,0,0,11,9,32,2,4,12,s,14,0,25,1,0,3,0,26,10,21,0,12,s,0,2,16
I866,0,6,0,0,0,0,0,11,9,32,2,4,12,s,14,0,25,1,0,3,0,26,10,s,0,12,s,0,2,16
1245,0,6,0,6,0,d,0,11,9,32,2,4,12,s,14,0,25,1,d,3,0,26,10,s,0,12,s,0,d,16
1244,0,6,0,0,0,0,0,11,9,32,2,4,12,s,14,0,25,1,d,3,d,26,10,s,0,d,s,0,2,16
1264,0,0,0,0,0,0,0,11,s,d,d,4,12,s,14,0,d,d,0,3,0,26,10,21,0,s,s,0,2,16
1116,d,0,1,0,0,0,0,11,d,32,d,4,12,s,d,0,25,1,d,3,0,0,d,21,0,0,s,11,d,16
I871,0,0,1,0,0,0,13,11,9,32,2,4,12,s,14,0,25,1,0,3,0,0,10,21,0,s,s,0,2,16
I872,0,0,1,0,0,0,13,11,9,32,2,4,12,s,14,0,25,1,0,3,0,0,10,21,0,s,s,0,2,16
I873,2,0,1,0,0,0,13,11,9,32,2,4,12,s,14,0,25,1,0,3,1,0,10,21,0,s,s,0,2,16
1423,d,0,1,0,0,0,d,s,9,32,2,4,d,s,14,d,25,1,d,3,1,0,d,21,0,s,s,d,2,16
1422,2,0,1,d,0,0,13,11,9,d,2,4,12,s,14,0,25,d,0,3,1,0,d,21,0,s,s,0,2,16
1552,4,0,d,5,0,0,d,11,9,32,d,4,12,s,14,0,25,1,d,3,0,d,10,d,0,s,s,0,2,16
I877,3,0,1,0,0,0,13,11,9,32,2,4,12,s,14,0,25,s,0,3,0,0,10,21,0,s,s,0,2,16
1759,3,0,1,0,0,0,13,11,9,32,2,4,12,s,14,0,25,s,0,3,0,d,10,21,d,s,s,0,2,16
1758,3,0,1,0,0,d,13,11,9,32,2,4,d,s,14,0,25,s,0,3,0,0,10,21,0,s,s,0,2,16
I878,0,0,0,0,0,1,0,11,9,0,2,4,12,s,14,0,25,1,0,3,0,0,10,21,0,13,s,0,2,0
I879,0,0,0,0,0,1,0,11,9,0,2,4,12,s,14,0,25,1,s,3,0,0,10,21,0,13,s,0,2,0
I880,0,0,0,0,0,1,0,11,9,0,2,4,12,s,14,0,25,1,s,3,0,0,10,s,9,13,s,0,2,0
I881,0,0,0,0,0,1,0,11,9,0,2,4,12,s,14,0,25,1,s,3,0,0,10,s,9,13,s,0,s,0
1761,0,0,0,6,d,1,0,11,9,0,2,4,12,s,14,0,25,1,s,3,d,0,d,s,9,13,s,0,s,0
1760,0,0,0,0,0,1,0,11,9,0,2,4,d,s,14,0,25,1,s,3,0,0,10,s,9,13,s,0,s,0
1739,0,0,0,d,16,1,s,11,9,d,2,4,12,s,14,0,25,s,s,3,0,0,10,s,9,d,s,0,2,0
1922,0,s,0,0,0,1,0,d,9,0,2,d,12,s,14,0,25,1,s,3,s,1,10,21,0,13,s,9,2,d
I886,3,0,1,0,0,1,0,11,9,0,2,4,12,s,14,0,25,1,5,3,0,0,10,21,0,13,s,1,2,0
I887,3,0,1,0,0,1,0,11,9,0,2,4,12,s,14,0,25,1,5,3,1,4,10,21,0,13,s,1,2,0
1596,s,0,1,0,0,d,0,11,9,d,2,4,12,s,14,0,d,1,d,s,1,4,10,s,0,13,s,d,2,d
I889,3,0,1,0,2,1,0,11,9,0,2,4,12,s,14,0,25,1,5,3,1,4,10,21,0,13,s,1,2,0
1433,3,0,1,0,2,d,0,d,9,0,2,4,12,s,14,0,25,1,5,d,1,4,10,21,0,d,s,1,2,d
1432,3,0,1,0,2,1,0,11,9,0,d,4,12,s,14,0,25,1,5,3,1,4,10,21,0,13,s,1,2,0
I890,3,0,1,0,0,1,0,11,9,0,2,4,12,s,14,0,25,1,5,3,1,0,10,21,0,13,s,1,2,6
1868,3,0,1,0,d,1,0,11,9,d,2,4,12,s,14,0,25,1,5,3,d,s,d,21,0,13,s,1,2,6
1826,3,0,1,d,0,1,0,11,9,0,2,d,12,s,14,0,d,d,5,3,1,d,d,21,0,13,s,1,2,s
I893,0,0,0,0,0,0,0,0,9,0,2,4,12,0,14,0,25,0,0,0,0,7,s,21,0,0,0,0,2,18
I894,0,0,0,0,0,0,0,0,9,0,2,4,12,0,14,1,25,1,0,0,0,7,s,21,9,0,2,0,2,18
I895,0,0,1,0,0,0,0,0,9,0,2,4,12,0,14,1,25,1,0,0,0,7,s,21,9,0,2,0,2,18
I896,0,s,1,0,0,0,0,0,9,21,2,4,12,0,14,1,25,1,0,0,0,7,s,21,9,0,2,0,2,18
I897,0,s,1,0,0,0,0,0,9,21,2,4,12,0,14,1,25,1,0,0,0,7,s,21,9,0,2,1,s,18
I898,0,s,1,s,0,0,0,24,9,21,2,4,12,0,14,1,25,1,0,0,0,7,s,21,9,0,2,1,s,18
1439,0,s,1,s,d,0,0,24,9,d,2,d,12,6,14,1,25,1,0,0,0,7,s,21,9,0,d,1,s,18
I900,0,s,1,s,0,0,0,24,9,21,2,4,12,0,14,1,25,1,0,0,0,7,s,21,9,0,2,1,s,18
1227,0,s,1,s,0,0,0,24,9,21,2,4,12,0,14,d,25,1,0,d,1,7,s,21,9,0,2,1,s,18
1226,0,s,1,s,0,0,0,24,d,21,2,4,12,0,d,1,d,1,0,0,0,7,s,21,9,0,d,1,s,18
I901,0,s,1,0,7,0,0,0,9,21,2,4,12,11,14,1,25,1,s,0,0,7,s,21,9,0,2,1,s,18
1242,d,s,1,0,7,0,0,0,9,d,2,4,12,11,14,1,25,1,s,0,d,7,s,21,9,0,2,d,s,18
1329,0,s,1,0,7,0,0,0,9,d,2,4,12,11,d,1,25,1,s,0,0,7,s,21,9,0,2,1,s,d
I904,0,s,1,0,0,0,0,0,9,21,2,4,12,0,14,1,25,1,0,0,0,7,s,21,9,0,2,0,2,18
I907,0,s,1,0,0,0,0,0,9,21,2,4,12,11,14,1,25,1,0,0,1,7,s,21,9,0,2,0,2,18
1249,0,s,1,0,0,0,0,d,9,21,2,4,12,11,14,1,25,1,0,9,1,7,s,21,9,0,d,0,d,18
1248,0,s,1,0,0,0,0,0,9,21,2,d,12,11,14,1,25,1,d,9,1,7,s,21,9,0,2,0,s,18
I908,0,s,1,0,0,1,0,0,9,21,2,4,12,0,14,1,25,1,0,0,0,7,s,21,9,0,2,s,2,18
1781,0,s,1,d,0,d,0,d,9,21,2,d,12,0,14,1,25,1,0,0,0,7,s,d,9,0,2,s,2,18
1737,0,s,1,0,17,1,0,0,9,21,2,4,12,0,14,1,25,1,0,0,0,7,s,21,9,0,2,s,2,18
I911,0,0,1,0,37,0,0,0,9,0,2,4,12,0,14,1,25,1,0,0,0,7,s,21,9,0,2,0,2,18
I912,0,0,1,0,37,0,0,0,9,0,2,4,12,0,14,1,25,1,0,0,0,7,s,21,9,0,2,0,2,18
I913,0,0,1,0,37,0,0,0,9,0,2,4,12,0,14,1,25,1,0,0,0,7,s,21,9,0,2,0,2,18
I914,0,15,1,0,37,0,s,0,9,0,2,4,12,0,14,1,25,1,0,0,0,7,s,21,9,0,2,0,2,18
1495,0,15,1,0,37,0,s,0,9,0,d,4,12,0,14,1,25,1,d,d,0,d,s,21,9,0,2,d,2,18
1494,4,15,1,0,37,0,s,0,9,0,d,4,d,0,d,d,25,1,5,d,0,7,s,21,9,0,2,0,2,d
1692,d,0,1,0,37,0,0,s,9,0,2,4,d,0,14,1,25,1,d,0,1,7,s,21,9,0,2,0,2,18
I917,0,0,1,0,37,0,0,10,9,s,s,4,12,0,14,1,s,1,0,0,1,7,s,21,9,0,2,0,2,18
1657,d,0,1,0,37,0,0,10,9,s,s,4,12,0,14,1,s,1,0,4,1,d,s,d,d,d,2,0,2,18
1656,0,0,1,0,37,0,0,10,9,s,s,4,12,0,14,1,s,1,0,d,1,7,s,21,9,0,2,0,2,d
I919,0,0,1,0,37,0,0,0,9,0,2,4,12,0,14,1,25,1,0,0,0,7,s,21,9,0,2,0,2,18
I921,0,0,1,0,37,0,0,0,9,0,2,4,12,0,14,1,25,1,0,0,1,7,s,21,9,0,2,4,2,18
1277,0,21,1,0,37,0,0,38,d,0,2,4,12,0,14,d,25,d,0,0,1,d,s,21,9,0,2,4,2,18
1276,0,0,1,0,37,0,0,0,9,0,2,4,d,0,14,1,25,1,0,0,1,s,s,21,9,0,2,4,2,d
I925,0,13,1,0,37,1,0,0,9,0,2,4,12,0,14,1,25,1,0,0,0,7,s,21,9,10,2,0,2,18
1803,d,13,d,0,s,1,0,d,9,0,2,4,d,0,14,1,25,d,d,0,0,7,s,21,9,10,2,0,2,d
1802,0,13,1,0,37,1,0,0,9,0,2,4,12,0,14,1,25,1,0,0,0,7,s,21,d,d,2,0,2,18
I926,0,0,0,0,0,0,0,0,9,0,2,4,12,0,14,1,25,1,0,13,0,7,s,21,9,0,2,0,2,18
I927,0,0,0,0,0,0,0,0,9,0,2,4,12,0,14,1,25,1,0,13,1,7,s,21,9,0,2,0,2,18
I928,0,0,0,6,0,0,0,0,9,0,2,4,12,0,14,1,25,1,0,13,1,7,s,21,9,0,s,0,2,18
I929,0,0,0,6,s,0,9,0,9,0,2,4,12,0,14,1,25,1,0,13,1,7,s,21,9,0,s,0,2,18
1842,0,d,0,6,s,d,9,0,9,0,s,4,12,0,14,1,25,1,0,d,1,7,s,21,9,0,s,0,2,18
1926,0,d,0,6,s,0,9,10,9,d,2,d,d,0,d,1,25,1,36,13,1,d,s,21,9,d,s,0,2,18
I932,0,5,0,6,0,0,0,0,9,0,2,4,12,0,14,1,25,1,25,13,1,7,s,21,9,0,s,0,2,18
1849,d,5,0,6,0,0,0,0,9,0,2,4,d,0,14,1,25,1,25,13,1,d,s,21,9,d,s,d,d,18
1877,0,5,0,6,0,0,d,0,d,0,d,4,12,0,14,1,25,1,25,13,1,7,s,21,9,0,s,0,2,18
I935,0,0,0,0,0,0,0,0,9,0,2,4,12,0,14,1,25,1,3,13,1,7,s,21,9,0,2,0,2,18
I938,0,0,0,0,0,0,0,0,9,s,2,4,12,0,14,1,25,1,3,13,1,7,s,21,9,0,2,0,2,18
1991,0,0,0,0,0,0,0,0,9,s,d,4,12,0,14,1,25,1,3,s,1,7,s,21,9,0,2,0,d,18
1990,0,0,0,d,0,0,d,0,9,s,2,4,12,d,14,1,25,d,3,13,1,7,s,21,9,0,2,0,d,18
I941,0,37,0,0,0,0,s,0,9,0,2,4,12,0,14,1,25,1,3,13,1,7,s,21,9,0,2,0,s,18
1935,0,37,0,d,0,0,s,0,9,0,2,4,12,0,14,d,25,1,3,13,1,7,s,21,d,d,d,0,s,18
1934,0,d,0,0,0,0,s,0,9,0,2,4,12,0,14,1,25,1,d,13,1,7,s,21,9,0,2,0,s,18
I942,0,0,0,0,0,1,0,0,9,0,2,4,12,0,14,1,25,1,0,13,0,7,s,21,9,0,2,0,2,18
I944,0,0,0,0,13,1,28,s,9,0,2,4,12,0,14,1,25,1,5,13,0,7,s,21,9,30,2,1,2,18
1717,0,0,0,0,13,1,28,s,9,0,2,4,12,0,14,1,25,1,5,13,0,7,s,21,9,30,d,d,2,18
1912,0,0,d,0,13,1,28,s,9,22,d,4,d,0,14,1,25,1,d,13,0,7,s,21,9,30,2,1,2,18
I950,0,0,0,3,0,1,0,0,9,0,2,4,12,0,14,1,25,1,0,13,0,7,s,21,9,0,2,0,2,18
I951,0,0,1,3,0,1,0,0,9,0,2,4,12,0,14,1,25,1,0,13,0,7,s,21,9,0,2,0,2,18
1629,0,0,1,3,0,d,0,0,9,0,2,4,12,s,14,1,d,1,s,13,0,7,s,21,9,0,2,0,2,18
I953,0,0,1,3,0,1,0,39,9,6,2,4,12,0,14,1,25,1,0,13,1,7,s,21,9,0,2,0,2,18
1929,0,0,d,3,0,1,0,39,d,6,2,4,12,0,d,d,25,d,d,d,d,d,s,21,9,0,2,0,2,d
1928,0,0,1,3,0,1,0,39,9,6,2,4,12,0,14,1,d,1,0,13,d,7,s,d,9,d,d,d,2,18
I956,0,0,0,3,0,1,0,0,9,0,2,4,12,0,14,1,25,1,0,13,0,7,s,21,9,0,2,9,2,18
1863,d,d,0,3,0,d,0,0,9,0,2,4,12,d,14,1,25,d,0,13,0,7,s,21,9,0,2,9,d,18
1862,0,d,0,d,0,1,0,0,9,0,2,4,12,0,14,1,d,1,0,13,0,7,s,21,9,0,2,9,2,18
I957,0,0,0,0,0,0,0,26,9,21,2,4,12,0,14,0,25,8,0,15,0,7,s,21,0,0,0,0,2,18
I958,0,0,0,0,0,0,0,26,9,21,2,4,12,0,14,0,25,8,0,15,0,7,s,21,0,0,0,0,2,18
I959,0,0,0,0,0,0,20,26,9,21,2,4,12,0,14,0,25,8,0,15,0,7,s,21,0,0,0,0,s,18
I960,0,0,0,0,0,s,20,26,9,21,2,4,12,0,14,0,25,8,0,15,0,7,s,21,0,0,0,0,s,18
I961,2,0,0,8,0,s,20,26,9,21,2,4,s,0,14,0,25,8,0,15,0,7,s,21,0,0,0,0,s,18
I962,2,0,0,8,0,s,20,26,9,21,2,4,s,0,14,0,25,8,0,15,0,7,s,21,9,0,0,0,s,18
1213,2,0,0,d,0,s,20,26,9,21,2,4,s,d,14,d,25,8,0,15,0,7,s,21,9,0,0,0,s,18
1212,2,0,0,8,0,s,20,26,9,21,d,4,s,0,14,d,25,8,0,d,0,7,s,21,9,0,0,0,s,18
I963,2,0,1,8,0,s,20,26,9,21,2,4,s,0,14,0,25,8,s,15,0,7,s,21,0,0,26,0,s,18
1241,2,0,1,8,0,s,20,26,9,21,2,4,s,0,14,0,25,8,s,d,0,7,s,21,d,0,26,d,s,d
1240,2,0,1,8,0,s,20,26,9,21,2,4,s,0,14,1,25,8,s,15,0,7,s,21,0,0,26,0,s,18
I964,0,0,0,0,0,s,20,26,9,21,2,4,12,0,14,1,25,8,0,15,0,7,s,21,0,0,0,0,s,18
1074,2,0,d,0,0,s,d,26,s,21,2,4,d,0,d,1,25,d,19,15,0,7,s,21,0,0,0,7,s,18
I966,0,0,0,0,0,s,20,26,9,21,2,4,12,0,14,1,25,8,0,15,0,7,s,21,0,2,0,0,s,18
1061,0,0,d,0,d,s,20,26,9,21,2,4,12,0,14,1,25,8,0,15,0,7,s,21,0,2,0,2,s,18
1060,d,0,0,0,0,s,20,26,9,21,2,4,12,9,d,1,25,8,d,15,0,7,s,21,0,2,0,0,s,18
I967,0,0,0,0,0,0,20,26,9,21,2,4,12,5,14,0,25,8,s,15,0,7,s,21,0,0,8,0,s,18
I969,0,s,0,5,0,0,20,26,9,21,2,4,12,5,14,1,25,8,s,15,0,7,s,21,0,8,8,0,s,18
1473,0,s,0,5,0,0,20,26,9,21,d,4,12,5,14,1,25,8,s,15,d,7,s,21,0,8,8,0,s,18
1472,0,s,0,d,0,0,20,26,9,d,d,4,12,5,14,1,s,8,s,15,0,7,s,21,0,d,8,0,s,18
I971,0,0,0,0,0,0,20,26,9,21,2,4,12,5,14,0,25,8,s,15,0,7,s,21,9,0,8,0,s,18
1314,0,s,0,0,0,0,20,26,9,d,2,4,12,5,14,0,d,8,s,15,0,7,s,21,9,0,8,0,s,18
1447,2,0,0,0,0,0,20,26,9,d,2,d,12,d,d,0,25,8,s,15,0,7,s,21,9,3,d,0,s,18
I974,0,36,0,0,0,0,0,26,9,21,2,4,12,0,14,0,25,8,0,15,1,7,s,21,0,0,0,0,s,18
I975,0,36,0,0,0,1,0,26,9,21,s,4,12,0,14,0,25,8,0,15,1,7,s,21,0,0,0,0,s,18
1308,0,s,0,0,0,d,0,d,9,21,s,4,12,0,14,1,25,8,0,15,1,7,s,21,9,12,5,0,s,d
I979,0,36,0,0,0,1,0,26,9,21,s,4,12,0,14,0,25,8,0,15,1,7,s,21,9,0,0,0,s,18
I980,0,36,0,0,0,1,0,26,9,21,s,4,12,0,14,0,25,8,0,15,1,7,s,21,9,0,0,0,s,18
1513,0,36,0,0,0,1,0,26,9,21,s,d,12,0,14,0,d,8,d,15,1,7,s,21,9,d,d,d,s,18
1512,0,36,0,0,0,1,0,26,9,21,s,4,12,0,14,0,25,8,0,15,1,7,s,21,9,24,0,0,s,18
1703,0,36,0,1,0,1,0,26,d,21,s,4,12,0,14,d,d,8,0,15,1,7,s,21,9,0,d,5,s,18
I982,0,36,0,0,29,0,9,26,9,21,2,4,12,0,14,0,25,8,0,15,1,7,s,21,0,0,0,0,s,18
1729,2,36,0,0,29,d,9,26,9,21,2,d,12,0,14,1,25,8,0,15,1,7,s,21,0,0,d,0,s,18
I986,4,36,1,s,29,s,9,26,9,21,2,4,12,0,14,0,25,8,0,15,1,7,s,21,0,0,0,0,s,18
1258,4,36,1,s,29,s,9,26,9,d,2,4,12,s,14,0,25,8,0,15,1,7,s,d,0,0,0,0,s,18
1591,d,d,d,s,29,s,9,26,9,21,2,4,12,0,14,0,25,8,0,15,1,7,s,21,0,d,0,0,s,18
I989,0,24,0,0,0,s,0,26,9,21,2,4,12,0,14,0,25,8,0,15,1,7,s,21,0,0,0,0,2,18
I990,0,24,0,8,0,s,0,26,9,21,2,4,12,0,14,1,25,8,0,15,1,7,s,21,0,0,0,0,2,18
I992,0,24,5,8,0,s,0,26,9,21,2,4,12,0,14,1,25,8,0,15,1,7,s,21,0,0,6,0,2,18
I993,0,24,5,8,32,s,0,26,9,21,2,4,12,8,14,1,25,8,0,15,1,7,s,21,0,s,6,0,2,18
1313,0,24,5,8,32,s,0,26,d,21,d,4,d,8,14,1,25,8,0,15,1,d,s,21,d,s,6,0,d,d
1312,0,24,5,8,d,s,0,26,9,21,2,4,d,8,14,d,25,8,0,15,1,d,s,21,0,s,6,d,d,18
1231,0,24,5,8,0,s,0,26,9,21,2,4,12,0,14,1,25,d,0,d,1,7,s,21,d,0,6,0,2,s
I998,0,24,0,8,0,s,0,26,9,21,2,4,12,0,14,1,25,8,0,15,1,s,s,21,0,0,0,0,2,18
I999,0,24,0,8,0,s,0,s,9,21,2,s,12,0,14,1,25,8,0,15,1,s,s,21,0,0,0,0,2,18
I1000,0,24,0,8,0,s,23,s,9,21,2,s,12,0,14,1,25,8,s,15,1,s,s,21,0,0,0,0,2,18
2014,0,d,0,8,0,s,23,s,9,d,2,s,12,0,14,1,25,8,s,15,d,s,s,21,0,s,0,0,2,d
1032,0,24,7,8,0,s,23,s,9,21,2,s,d,0,14,1,d,8,s,15,d,s,s,d,0,0,0,0,d,18
I1002,0,24,0,8,0,s,0,s,9,21,2,s,12,0,14,1,25,8,0,15,1,s,s,21,0,0,0,0,2,18
1987,0,24,0,8,0,s,0,s,9,d,d,s,12,d,14,1,25,8,0,15,1,s,s,d,0,0,0,0,2,18
1026,0,d,7,8,d,s,0,s,9,21,2,s,12,0,14,1,25,d,0,15,1,s,s,21,0,0,0,0,d,s
I1004,0,24,0,8,15,s,0,26,9,21,2,4,12,9,14,1,25,8,0,15,1,s,s,21,0,0,0,0,2,18
I1005,0,24,0,8,15,s,0,26,9,21,2,4,12,9,14,1,25,8,0,15,1,s,s,21,s,0,0,0,2,18
I1006,0,24,0,8,15,s,0,26,9,21,2,4,12,9,14,1,25,8,5,15,1,s,s,21,s,0,0,0,2,18
2005,0,24,0,8,15,s,0,26,9,d,d,4,12,d,14,1,25,8,5,15,1,s,s,d,s,0,d,0,2,18
2004,0,24,0,8,15,s,0,d,9,d,2,4,12,9,14,1,25,8,5,15,1,s,s,21,s,0,0,0,2,18
1010,0,d,0,d,15,s,0,26,9,21,2,4,12,9,14,1,25,8,d,d,d,s,s,21,s,12,0,0,2,18
1979,0,s,0,8,15,s,0,26,9,21,2,4,12,9,14,1,25,8,0,15,1,s,s,21,d,0,0,0,2,d
I1009,0,24,0,0,0,s,0,26,9,21,2,4,12,0,14,0,25,8,3,15,1,7,s,21,0,11,0,7,2,18
I1010,0,24,0,0,0,s,0,26,9,21,2,4,12,0,14,0,25,8,3,15,1,7,s,21,0,11,s,7,2,18
I1011,0,24,0,0,22,s,0,26,9,21,2,4,12,0,14,0,25,8,3,15,1,7,s,21,0,11,s,7,2,18
1304,0,24,0,0,22,s,17,26,d,21,d,4,12,0,14,0,25,d,d,15,1,7,s,21,6,11,s,7,d,18
I1013,0,24,0,0,22,s,0,26,9,21,2,4,12,0,14,0,25,8,3,15,1,7,s,21,0,11,s,7,2,18
1115,0,24,0,0,22,s,0,26,9,21,2,d,12,0,14,0,25,8,3,15,1,d,s,21,0,11,s,7,2,18
1114,0,24,0,0,22,s,0,26,9,21,2,4,d,0,d,1,25,s,3,15,1,7,s,21,0,11,s,d,2,18
1163,0,24,1,0,0,s,0,26,9,21,2,4,12,0,14,0,25,8,3,15,1,7,s,21,7,11,s,7,2,18
I1017,0,24,1,0,0,s,21,26,9,21,2,4,12,0,14,0,25,8,3,15,1,7,s,21,0,11,0,7,2,18
1371,0,24,1,d,0,s,21,26,9,21,d,4,12,7,14,0,25,8,3,15,1,7,s,d,0,11,0,7,2,18
1337,4,24,1,0,0,s,21,26,9,21,2,4,12,0,d,0,25,8,3,d,d,7,s,d,9,11,0,7,2,18
