cell,r1,r2,r3,r4,r5,r6,r7,r8,r9,r10,r11,r12,r13,r14,r15,r16,r17,r18,r19,r20,r21,r22,r23,r24,r25,r26,r27,r28,r29,r30
I1,0,0,0,0,0,0,0,0,0,0,0,0,0,0,0,0,0,0,0,0,0,0,0,0,0,17,0,0,0,0
I2,0,0,0,0,0,0,0,0,0,0,0,0,0,0,0,0,0,0,0,0,0,0,0,0,s,17,0,0,0,0
I3,0,0,7,0,0,0,0,0,4,0,0,0,0,0,0,0,13,0,0,0,1,0,0,17,s,17,6,0,2,0
I4,0,2,7,0,0,0,0,0,4,1,0,0,0,0,0,0,13,0,0,0,1,0,0,17,s,17,6,5,2,0
I5,0,2,7,0,0,0,0,0,4,1,0,0,0,0,0,0,13,0,0,0,1,16,0,17,s,17,6,5,2,0
I6,0,2,7,0,0,0,0,0,4,1,0,0,0,6,11,0,13,0,0,0,1,16,0,17,s,17,6,5,2,0
I7,0,2,7,0,0,0,0,0,4,1,4,0,0,6,11,0,13,0,2,s,1,16,0,17,s,17,6,5,2,0
I8,0,2,7,2,0,0,0,0,4,1,4,0,0,6,11,0,13,0,2,s,1,16,0,17,s,17,6,5,2,1
1506,0,2,7,s,0,0,0,0,d,1,s,d,0,6,11,5,13,0,2,s,1,16,0,d,s,s,6,5,2,d
I14,0,2,7,2,s,0,0,0,4,1,4,0,0,6,11,3,13,1,2,s,1,16,0,17,s,17,6,5,2,1
1627,0,2,7,2,s,0,0,0,4,1,d,0,0,6,11,d,d,1,d,s,1,16,0,17,s,17,6,5,2,1
1626,0,2,7,2,s,d,0,0,4,1,4,0,0,6,11,3,13,1,d,s,1,16,d,17,s,17,6,5,2,1
1282,0,2,7,2,0,0,0,1,d,1,4,0,0,d,11,0,d,0,2,s,1,16,0,d,s,17,6,5,2,d
I22,0,2,7,0,0,15,0,0,4,1,0,0,0,6,11,0,13,0,0,0,1,16,0,17,s,17,6,5,2,0
I23,0,2,7,0,0,15,0,0,4,1,0,0,38,6,11,0,13,0,0,0,1,16,0,17,s,17,6,5,2,0
I25,20,2,7,0,0,15,0,0,4,1,0,0,38,6,11,s,13,1,4,3,1,16,0,17,s,17,6,5,2,0
1607,20,2,7,0,0,d,0,0,4,1,0,0,38,6,11,s,13,1,d,3,d,16,0,17,s,17,6,d,2,d
1606,20,2,7,0,0,15,0,0,4,d,0,0,38,s,11,s,13,1,d,3,1,16,0,17,s,d,d,5,d,0
I27,0,2,7,0,0,15,5,0,4,1,0,8,38,6,11,0,13,0,s,1,1,16,0,17,s,17,6,5,2,0
1434,s,2,7,0,0,15,5,0,4,1,0,8,38,d,11,0,13,0,s,1,d,d,16,17,s,17,6,5,2,1
I29,0,2,7,0,0,15,5,0,4,1,5,8,38,6,11,4,13,0,s,1,1,16,0,17,s,17,6,5,2,0
1333,0,2,7,0,0,15,5,0,4,1,5,d,38,6,11,4,13,0,s,1,1,16,0,17,s,17,d,5,2,0
1332,2,2,7,0,0,15,5,0,4,1,d,8,38,d,11,d,13,0,s,1,1,16,0,17,s,17,6,5,2,0
I35,26,2,7,0,0,15,0,0,4,1,s,0,0,6,11,0,13,0,0,3,1,16,24,17,s,17,6,5,2,0
1491,26,d,7,s,d,15,0,d,d,d,s,0,d,d,s,0,13,0,0,3,1,16,24,17,s,17,6,5,2,0
1490,26,2,7,0,d,15,0,0,s,1,s,0,0,6,11,4,13,0,0,d,1,16,d,17,s,d,6,5,d,0
I37,0,2,7,0,0,0,0,0,4,1,0,0,0,0,0,0,13,0,0,2,1,16,0,17,s,17,6,5,2,0
I38,s,2,7,0,0,33,0,0,4,1,0,0,0,0,0,0,13,1,0,2,1,16,0,17,s,17,6,5,2,0
I39,s,2,7,2,0,33,0,2,4,1,0,0,s,0,16,0,13,1,0,2,1,16,s,17,s,17,6,5,2,0
I40,s,2,7,2,0,33,0,2,4,1,0,0,s,0,16,0,13,1,0,2,1,16,s,s,s,17,6,5,2,0
I41,s,2,7,2,0,33,9,2,4,1,0,0,s,0,16,0,13,1,0,2,1,16,s,s,s,17,6,5,2,0
1303,s,d,7,2,0,33,9,d,4,d,0,0,s,0,16,0,13,d,0,2,1,16,s,s,s,17,6,5,d,0
1302,s,2,d,2,0,33,9,2,4,1,0,0,s,0,16,21,13,d,0,2,1,d,s,s,s,17,6,5,2,0
1523,s,2,7,2,0,33,0,2,4,d,0,0,s,0,16,0,13,1,4,2,1,d,s,s,s,17,6,5,2,1
I43,s,2,7,2,0,33,0,2,4,1,0,0,s,0,16,0,13,1,0,2,1,16,s,17,s,17,6,5,2,0
1449,s,2,7,2,1,33,0,2,4,1,4,0,s,0,16,3,13,1,0,2,1,16,s,17,s,17,6,5,2,1
I45,s,2,7,2,0,33,0,2,4,1,0,0,s,0,16,0,13,1,0,2,1,16,s,17,s,17,6,5,2,0
1349,s,2,7,2,d,33,0,2,4,1,0,0,s,0,d,s,13,d,0,2,1,16,s,d,s,d,6,5,d,d
1348,s,2,7,2,0,33,0,2,4,1,0,0,s,0,d,0,13,1,0,2,d,16,s,17,s,d,6,5,2,0
I51,s,2,7,0,0,33,0,0,4,1,0,0,0,0,0,4,13,1,0,2,1,16,0,17,s,17,6,5,s,0
1125,s,s,7,0,0,33,0,0,4,1,0,0,0,0,0,4,13,1,0,d,1,16,0,17,s,17,d,5,s,0
1034,s,2,7,0,0,33,5,2,4,1,0,0,0,0,d,4,13,1,0,2,1,16,0,17,s,17,6,5,s,0
I54,0,2,7,0,0,0,13,0,4,1,0,s,0,0,0,0,13,0,0,2,1,16,0,17,s,17,6,5,2,0
I55,0,2,7,0,0,0,13,0,4,1,0,s,0,0,0,0,13,0,4,2,1,16,0,17,s,17,6,5,2,1
I56,2,2,7,0,0,0,13,0,4,1,4,s,0,0,0,0,13,0,4,2,1,16,0,17,s,17,6,5,2,1
1118,2,2,7,0,0,0,13,1,4,1,4,s,d,0,0,0,d,0,4,2,1,16,0,17,s,17,6,5,2,s
1161,d,2,7,0,0,s,13,0,4,1,4,s,0,d,0,0,13,1,4,2,1,d,0,17,s,17,6,5,2,1
I59,0,2,7,0,0,0,13,0,4,1,0,s,0,0,2,0,13,0,4,2,1,16,0,17,s,17,6,5,2,1
1411,0,2,7,0,0,6,13,0,4,1,0,s,0,0,2,0,13,0,d,2,d,16,0,17,s,17,6,5,2,1
1483,0,d,7,0,0,d,13,0,4,1,0,s,d,0,d,9,d,0,4,2,1,16,0,17,s,17,6,5,2,1
I62,0,2,7,0,0,6,13,0,4,1,0,s,0,0,0,0,13,0,0,2,1,16,10,17,s,17,6,5,2,0
1405,0,2,7,0,1,6,13,d,d,1,d,s,0,0,0,0,13,0,0,2,1,16,10,17,s,17,6,5,2,0
I66,0,2,7,0,0,6,13,0,4,1,0,s,0,0,0,0,13,0,0,2,1,16,10,17,s,17,6,5,2,0
1456,0,2,7,d,1,6,13,0,4,1,0,s,0,0,0,d,d,d,0,2,1,16,d,d,s,17,6,5,2,0
I68,0,2,7,0,0,6,13,0,4,1,0,s,0,0,0,0,13,0,4,s,1,16,10,17,s,17,6,5,2,0
1339,0,2,7,0,0,6,13,0,d,1,0,s,0,0,0,0,13,0,4,s,1,16,10,d,s,17,6,5,2,0
1338,0,2,7,s,0,6,13,0,4,1,0,s,0,0,d,0,d,0,4,s,1,16,d,17,s,17,6,d,2,0
I69,0,2,7,0,0,0,0,0,4,1,0,0,0,0,0,0,13,0,0,0,1,0,0,17,s,17,6,5,2,0
I70,0,2,7,0,0,0,0,0,4,1,0,0,0,0,0,0,13,0,0,0,1,0,12,17,s,17,6,5,2,0
I71,0,2,7,2,0,0,0,0,4,1,4,0,0,0,0,0,13,0,0,0,1,0,12,17,s,17,6,5,2,0
I72,0,2,7,2,0,0,0,0,4,s,4,0,0,0,0,0,13,0,0,0,1,0,12,17,s,17,6,5,2,0
I73,0,2,7,2,0,0,0,0,4,s,4,0,0,0,0,0,13,0,0,0,1,2,12,17,s,17,6,5,2,0
1287,0,2,7,2,0,0,d,1,4,s,d,0,0,0,0,0,13,1,d,0,1,2,12,17,s,d,6,5,d,0
I75,0,2,7,2,0,0,10,0,4,s,4,0,0,0,0,0,13,0,2,0,1,2,12,17,s,17,6,5,2,0
1151,d,2,7,2,0,d,d,1,4,s,4,0,0,0,s,0,d,0,2,0,1,2,12,17,s,d,6,5,2,0
1150,0,2,7,2,0,d,10,d,4,s,4,d,0,0,0,d,13,0,2,19,1,d,12,17,s,17,6,5,2,0
1159,0,2,7,d,d,0,0,0,s,s,s,0,0,0,d,9,13,s,4,d,1,0,d,d,s,17,6,5,2,1
I79,2,2,7,2,0,0,13,0,4,1,4,0,0,0,0,0,13,0,0,s,1,0,12,17,s,17,6,5,2,0
I80,2,2,7,2,0,0,13,2,4,1,4,0,0,2,0,0,13,1,4,s,1,0,12,17,s,17,6,5,2,0
1343,2,2,7,2,s,0,13,2,4,1,d,0,0,2,0,0,13,1,4,s,1,0,12,17,s,17,6,d,2,1
1718,2,d,7,2,0,0,13,2,4,1,4,0,12,2,0,0,13,1,4,s,1,0,12,d,s,17,6,d,2,0
I83,2,2,7,2,0,s,13,0,4,1,4,0,0,0,0,0,13,s,0,s,1,0,12,17,s,17,6,5,2,0
1111,2,2,7,2,1,s,13,0,4,1,4,d,d,0,0,21,13,s,0,s,1,0,12,d,s,17,6,5,2,0
I86,2,2,7,2,s,s,13,0,4,1,4,0,0,0,0,0,13,s,1,s,1,0,12,17,s,s,s,5,2,0
2029,2,d,7,2,s,s,d,0,4,1,4,0,0,0,0,0,d,s,1,s,1,0,12,17,s,s,s,5,2,0
2028,2,2,7,2,s,s,13,0,4,1,4,d,d,0,0,0,13,s,1,s,d,0,12,17,s,s,s,d,d,0
I87,0,2,7,2,1,0,18,0,4,1,0,0,0,0,0,0,13,0,0,0,1,0,12,17,s,17,6,5,2,0
I88,0,2,7,2,1,0,18,0,4,1,0,0,0,0,0,0,13,0,0,0,1,0,12,17,s,17,6,5,2,0
I89,0,2,7,2,1,0,18,0,4,1,3,s,0,0,0,0,13,0,0,0,1,0,12,17,s,17,6,5,2,0
1190,0,2,7,d,1,0,18,0,4,1,d,s,0,6,0,0,13,0,0,0,1,0,12,17,s,17,6,5,2,0
1298,0,d,7,2,1,d,18,0,4,1,3,s,0,0,d,8,13,d,2,0,1,0,12,17,s,17,6,d,2,0
1377,0,2,7,2,1,30,18,0,4,1,d,8,0,0,0,0,13,d,0,0,1,0,12,17,s,17,6,5,2,0
I96,0,2,7,2,1,0,18,0,4,1,0,0,0,0,0,0,13,0,0,0,1,0,12,17,s,17,s,5,2,0
1250,0,2,7,2,1,0,18,0,d,1,0,d,0,d,0,0,13,1,0,0,s,s,12,17,s,17,s,5,d,0
1078,0,d,7,2,1,d,18,0,4,d,0,0,0,0,0,0,13,0,0,0,1,0,12,17,s,17,s,5,2,0
I102,0,2,7,0,0,0,0,0,4,1,0,0,0,0,6,14,13,0,0,0,1,0,0,17,s,17,6,5,2,0
I103,0,2,7,0,0,0,0,0,4,1,0,0,0,0,6,14,13,0,0,0,1,0,0,17,s,17,6,5,2,0
I104,0,2,7,0,0,0,0,0,4,1,0,0,0,0,6,14,13,0,0,3,1,0,0,17,s,17,6,5,2,0
I105,0,2,7,0,0,0,0,0,4,s,0,0,1,0,6,14,13,0,0,3,1,0,0,17,s,17,6,5,2,0
I106,0,2,7,0,0,0,0,0,4,s,4,8,1,0,6,14,s,0,0,3,1,0,0,17,s,17,6,5,2,0
1007,0,2,d,2,0,0,0,d,4,s,4,s,1,0,6,14,s,0,4,3,1,0,0,17,s,17,6,5,2,0
I107,17,2,7,0,0,s,0,0,4,s,4,8,1,0,6,14,s,0,0,3,1,0,0,17,s,17,6,5,2,0
1973,17,d,7,0,0,s,0,0,4,s,4,8,1,0,6,14,s,0,0,3,1,0,0,17,s,d,6,d,d,d
1972,17,2,7,0,0,s,0,0,4,s,d,8,1,0,6,14,s,0,0,d,1,0,0,17,s,17,6,5,2,0
1059,0,2,7,d,0,0,0,0,4,s,0,0,1,10,6,14,13,0,0,3,1,d,0,17,s,17,6,5,2,1
I109,s,2,7,2,0,0,0,0,4,1,4,0,0,0,6,14,13,0,0,3,1,0,0,17,s,17,6,5,2,0
I110,s,2,7,s,0,0,2,0,4,1,4,0,0,0,6,14,13,0,0,3,1,0,0,17,s,17,6,5,2,0
1866,s,2,7,s,0,0,d,0,4,1,4,0,0,0,s,14,13,0,0,3,1,0,d,17,s,d,6,5,2,1
I112,s,2,7,s,0,0,2,0,4,1,4,0,0,0,6,14,13,0,0,3,1,3,0,17,s,17,6,5,2,0
1885,s,2,7,s,0,0,2,d,4,1,4,0,0,0,d,14,13,0,0,3,1,3,d,17,s,17,6,5,2,0
1884,s,2,7,s,0,0,2,0,4,1,d,0,0,0,6,14,13,0,0,3,1,3,0,17,s,17,6,5,2,0
2044,s,d,7,2,0,0,0,2,4,1,4,8,0,11,d,14,13,1,0,3,d,0,d,d,s,17,6,5,2,d
I116,0,2,7,0,0,11,0,0,4,1,4,0,3,s,6,14,13,0,0,0,1,0,0,17,s,17,6,5,2,0
1098,d,2,7,2,d,11,0,0,4,1,d,0,3,s,6,14,13,d,0,0,1,0,0,17,s,17,s,5,2,0
I120,0,2,7,0,0,11,0,0,4,1,4,0,3,s,6,14,13,0,1,0,1,0,0,17,s,17,6,5,2,0
1022,d,2,7,s,0,11,0,1,4,1,4,0,3,s,6,14,13,0,1,d,s,0,d,17,s,17,6,5,2,0
I122,0,2,7,0,0,11,0,0,4,1,4,0,3,s,6,14,13,0,1,0,1,0,0,17,s,17,6,5,2,1
983,5,2,7,0,0,11,0,d,4,d,4,8,d,s,d,14,13,1,1,0,d,0,0,17,s,17,6,5,2,1
1964,0,2,7,0,d,11,0,0,4,1,4,0,3,s,6,14,13,0,1,d,d,0,0,17,s,17,6,5,2,1
I124,0,2,7,0,0,0,0,0,4,1,0,0,0,0,6,14,13,0,0,0,1,0,0,17,s,17,6,5,2,1
I125,0,2,7,0,0,0,0,0,4,1,0,0,0,0,6,14,13,1,0,0,1,0,0,17,s,17,6,5,2,1
I126,0,2,7,0,0,0,13,1,s,1,4,0,0,0,6,14,13,1,0,0,1,0,33,17,s,17,6,5,2,1
1301,d,2,7,0,1,d,13,1,s,1,4,d,38,0,6,14,13,1,s,25,1,5,33,17,s,d,s,d,d,1
1133,0,2,7,0,0,0,13,d,s,1,4,0,0,0,6,14,13,1,d,0,1,0,33,d,s,s,6,5,2,1
I129,s,2,7,0,0,0,0,1,4,1,0,0,0,0,6,14,13,1,0,0,1,0,0,17,s,17,6,5,2,1
1477,s,2,d,0,0,0,d,d,4,1,0,0,0,0,6,14,13,d,4,0,1,0,0,17,s,17,6,5,2,1
1726,s,2,7,2,0,0,0,1,4,1,4,0,0,0,d,14,13,1,0,0,1,0,0,17,s,17,6,5,2,d
I132,0,2,7,0,0,0,0,0,4,1,0,0,0,0,6,14,13,0,0,0,1,0,16,17,s,17,6,5,2,1
I133,0,2,7,0,0,0,0,0,4,1,0,0,0,0,6,14,13,0,0,0,1,16,16,17,s,17,6,5,2,1
1095,0,2,d,0,0,0,0,0,4,d,0,8,38,d,d,14,13,1,4,d,1,16,16,17,s,d,6,d,2,1
1044,0,2,7,0,0,0,7,0,4,1,0,9,d,0,6,14,13,0,0,d,1,d,16,17,s,17,6,5,2,1
I137,0,2,7,2,0,0,0,0,4,1,0,0,0,0,6,s,13,0,4,0,1,0,16,17,s,17,6,5,2,1
1165,0,2,7,2,0,0,0,1,4,1,0,0,0,0,6,s,d,0,4,0,1,0,s,17,s,d,d,5,2,1
1164,2,2,7,2,0,d,0,d,4,1,0,0,0,0,6,s,d,0,4,0,1,0,16,17,s,17,6,5,2,1
I139,0,0,7,0,0,0,0,0,4,0,0,0,0,0,0,s,13,1,0,0,1,0,0,17,s,s,6,0,2,0
I140,0,0,7,0,0,0,26,2,4,0,0,0,0,0,0,s,13,1,0,0,1,15,0,17,s,s,6,0,2,0
I141,0,0,7,0,0,0,26,2,4,0,0,0,0,0,0,s,13,1,0,31,1,15,0,17,s,s,6,0,2,0
I142,0,12,7,0,0,0,26,2,4,0,0,0,1,0,0,s,13,1,0,31,1,15,0,17,s,s,6,0,2,0
I143,0,12,7,0,1,0,26,2,4,0,0,0,1,s,0,s,13,1,0,31,1,15,0,17,s,s,6,0,2,0
I144,0,12,7,0,1,0,26,2,4,0,0,0,1,s,0,s,13,1,0,31,1,15,0,17,s,s,6,0,2,0
1762,0,12,7,0,1,0,s,2,4,0,0,0,1,s,0,s,13,1,0,31,1,15,0,17,s,s,6,d,2,0
1784,0,12,7,0,1,d,26,s,4,0,0,0,1,s,0,s,13,1,d,31,1,15,0,17,s,s,6,0,2,0
1892,29,12,7,2,1,0,26,2,4,0,0,0,s,s,s,s,13,d,d,31,1,d,d,17,s,s,6,0,2,0
I150,0,12,7,0,1,0,26,2,4,0,0,0,1,0,0,s,13,1,0,31,1,15,0,17,s,s,6,0,2,0
I151,0,12,7,0,1,0,26,2,4,0,0,0,1,0,0,s,13,1,0,31,1,15,0,17,s,s,6,0,2,0
1746,0,d,7,0,1,0,26,d,4,d,0,0,1,5,0,s,13,1,0,31,1,15,0,17,s,s,6,0,2,0
988,0,12,7,0,1,0,26,2,4,1,0,0,1,0,0,s,13,1,d,31,1,15,12,17,s,s,d,0,2,d
1093,0,12,7,d,1,0,26,d,4,0,0,0,1,0,15,s,13,1,0,31,1,15,0,d,s,s,d,0,d,0
I154,0,0,7,0,0,0,26,2,4,0,0,0,0,0,0,s,13,1,0,31,s,15,0,17,s,s,6,13,2,0
I155,0,0,7,0,0,0,26,2,4,0,0,0,0,11,0,s,13,1,0,31,s,15,0,17,s,s,6,13,2,0
I156,0,0,7,2,0,0,s,2,4,2,0,0,0,11,11,s,13,1,0,31,s,15,0,17,s,s,6,13,2,0
1743,0,d,d,2,0,0,s,2,4,2,4,d,0,11,11,s,13,1,4,31,s,15,10,17,s,s,d,13,2,0
976,d,0,7,2,0,d,s,2,4,2,d,0,0,11,11,s,13,1,0,d,s,d,0,17,s,s,d,13,2,0
1578,d,0,7,0,0,0,d,d,4,1,0,0,0,11,0,s,13,1,d,31,s,15,0,d,s,s,d,13,2,d
I161,0,0,7,0,0,1,26,2,4,0,0,0,0,0,0,s,13,1,0,31,s,15,0,17,s,s,6,13,2,0
I162,0,0,7,0,1,1,26,2,4,0,0,0,0,0,0,s,13,1,0,31,s,15,0,17,s,s,6,13,2,0
I163,0,0,7,0,1,1,26,2,4,0,0,0,0,0,0,s,13,1,0,31,s,15,0,17,s,s,6,13,2,0
1365,0,0,7,d,d,1,26,2,4,0,0,0,0,0,0,s,13,1,0,31,s,15,d,17,s,s,d,13,2,0
1364,0,0,7,0,1,1,26,d,4,1,0,0,d,d,0,s,13,1,0,d,s,15,0,d,s,s,6,13,2,0
1668,0,0,7,0,1,1,d,2,4,0,0,d,s,0,d,s,13,1,0,31,s,15,0,17,s,s,6,13,2,0
1903,0,0,7,0,0,1,d,2,4,s,0,0,0,d,0,s,13,1,d,31,s,15,0,17,s,s,6,13,d,d
I168,0,0,7,0,0,0,26,2,4,0,0,8,0,0,0,s,13,1,0,0,1,15,0,17,s,s,6,0,2,0
I169,0,0,7,0,0,0,26,2,4,0,0,8,0,0,0,s,13,1,0,0,s,15,0,17,s,s,6,0,2,1
I170,0,4,7,0,0,0,26,2,4,0,0,8,0,0,0,s,13,1,0,0,s,15,0,17,s,s,6,0,2,1
I171,0,4,7,0,0,0,26,2,4,0,0,8,0,0,0,s,13,1,0,0,s,15,5,17,s,s,6,0,2,1
1814,3,4,7,0,0,0,26,d,4,0,3,8,0,0,0,s,13,1,0,0,s,15,5,17,s,s,6,0,2,d
1886,0,4,7,0,0,0,26,2,4,d,0,8,0,0,0,s,13,1,0,0,s,d,5,17,s,s,6,0,2,1
I174,0,4,7,0,0,s,26,2,4,1,0,8,5,0,17,s,13,1,0,0,s,15,0,17,s,s,6,0,2,1
1943,0,d,7,0,d,s,26,d,d,1,0,8,5,0,17,s,13,1,0,0,s,15,d,17,s,s,6,0,2,1
I176,0,4,7,0,0,s,26,2,4,1,0,8,5,0,17,s,13,1,0,0,s,15,4,17,s,s,6,0,2,1
2009,d,4,7,0,0,s,d,d,4,1,0,8,5,0,17,s,13,1,0,0,s,15,4,17,s,s,6,0,2,1
2008,0,4,7,0,0,s,26,2,4,1,0,8,5,0,17,s,13,1,0,0,s,15,4,17,s,s,6,0,2,1
I177,0,0,7,0,0,0,26,2,4,0,4,8,0,0,0,s,13,1,0,0,s,15,0,17,s,s,6,0,2,1
I178,0,0,7,0,0,0,26,2,4,1,4,8,0,0,0,s,13,1,0,0,s,15,0,17,s,s,6,0,2,1
1859,0,0,7,0,0,0,26,2,4,1,4,8,11,0,0,s,13,1,0,0,s,15,0,17,s,s,6,0,2,1
1879,0,0,d,0,0,0,26,d,4,1,4,8,d,s,0,s,d,d,0,0,s,15,d,17,s,s,6,0,d,1
2042,0,0,7,0,0,0,d,2,d,0,4,8,2,0,0,s,d,1,d,0,s,15,10,17,s,s,6,0,2,1
I183,0,0,7,0,0,s,26,2,4,0,0,8,0,10,0,s,13,1,0,0,1,15,s,17,s,s,6,0,2,0
I184,0,41,7,0,0,s,26,2,s,0,0,8,0,10,0,s,13,1,0,0,1,15,s,17,s,s,6,0,2,0
I185,0,41,7,0,3,s,26,2,s,0,0,8,0,10,0,s,13,1,0,0,1,15,s,17,s,s,6,0,2,0
I186,0,s,7,2,3,s,26,2,s,0,0,8,0,10,0,s,13,1,0,0,1,15,s,17,s,s,6,0,2,0
1575,0,s,7,2,3,s,26,2,s,0,0,d,0,10,d,s,13,1,0,0,1,15,s,17,s,s,6,0,2,0
1574,0,s,7,2,3,s,26,d,s,0,0,8,0,d,0,s,13,1,0,0,d,15,s,17,s,s,6,8,2,0
1714,0,41,d,0,d,s,26,2,s,0,0,8,0,10,0,s,13,1,0,0,1,15,s,17,s,s,d,d,d,1
I188,0,41,7,0,0,s,26,2,s,0,0,8,0,10,0,s,13,1,0,0,1,15,s,17,s,s,6,0,2,0
1764,d,41,7,0,1,s,26,2,s,d,0,8,0,10,s,s,13,1,0,0,d,15,s,17,s,s,6,0,2,0
1786,0,d,7,2,0,s,26,2,s,0,0,8,0,d,0,s,13,d,0,0,1,15,s,17,s,s,6,d,2,0
I191,0,0,7,0,0,s,26,2,4,0,0,8,0,10,0,s,13,1,0,0,1,15,s,17,s,s,6,0,2,0
I192,0,0,7,0,0,s,26,2,4,0,0,8,0,10,0,s,13,1,0,0,1,15,s,17,s,s,6,0,2,0
I193,5,0,7,0,0,s,26,2,4,0,4,8,0,10,0,s,13,1,0,0,1,15,s,17,s,s,6,0,2,0
1793,5,0,7,0,0,s,d,2,4,d,4,8,2,10,0,s,13,1,0,0,d,d,s,17,s,s,6,0,2,0
1792,5,0,d,0,0,s,26,2,4,d,4,8,0,d,d,s,13,1,0,d,1,15,s,17,s,s,6,0,d,0
I194,0,0,7,0,0,s,26,2,4,0,0,8,0,10,0,s,13,1,0,0,1,15,s,17,s,s,6,0,2,1
1545,0,0,7,0,0,s,26,2,4,d,d,8,d,d,0,s,13,1,0,0,1,d,s,17,s,s,6,0,2,1
1544,0,0,s,0,0,s,26,2,4,0,0,8,0,10,d,s,d,1,0,0,1,15,s,17,s,s,6,0,2,1
1536,0,d,7,0,0,s,26,2,4,2,3,d,7,10,0,s,13,1,0,0,d,15,s,17,s,s,6,d,2,0
I198,0,0,7,1,0,0,0,0,4,0,0,0,0,0,0,s,13,1,0,s,1,0,0,17,s,s,6,0,2,0
I199,0,0,7,1,0,0,0,0,4,0,4,0,0,0,0,s,13,1,0,s,1,0,0,17,s,s,6,0,2,0
I200,0,11,7,1,0,0,0,0,4,0,4,0,0,0,0,s,s,1,0,s,1,0,0,17,s,s,6,12,2,0
I201,0,11,7,1,0,0,0,0,4,0,4,0,0,0,0,s,s,1,0,s,1,0,0,17,s,s,6,12,2,1
1042,0,11,7,1,0,0,0,2,4,d,4,9,0,0,0,s,s,1,0,s,1,0,0,d,s,s,6,12,2,1
I203,0,11,7,1,0,0,s,0,4,0,4,0,0,0,0,s,s,1,0,s,1,0,0,17,s,s,6,12,2,1
2036,0,11,d,1,0,31,s,0,4,d,4,0,0,0,d,s,s,1,0,s,d,0,0,17,s,s,d,12,2,1
1056,0,11,d,1,0,d,s,0,4,d,4,0,0,0,0,s,s,1,d,s,d,d,0,17,s,s,6,12,d,1
I205,0,11,7,1,0,0,0,0,4,0,4,0,0,0,0,s,s,1,0,s,1,0,3,17,s,s,6,12,2,0
1952,0,11,7,1,0,0,d,0,4,0,4,0,0,0,0,s,s,1,2,s,1,0,d,17,s,s,6,12,2,0
1024,0,11,7,1,0,15,0,0,4,0,4,0,0,0,0,s,s,1,d,s,1,0,3,17,s,s,6,12,2,0
I210,0,0,7,1,0,0,13,0,4,0,4,0,0,0,0,s,13,1,0,s,1,0,0,17,s,s,6,0,2,0
I211,0,0,7,1,0,0,13,0,4,0,4,0,0,6,0,s,13,1,0,s,1,0,0,17,s,s,6,s,2,0
1040,d,0,7,1,1,0,13,0,4,0,4,9,0,6,12,s,13,d,0,s,1,0,0,17,s,s,6,s,2,0
I214,0,0,7,1,0,0,13,0,4,0,4,5,0,6,0,s,13,1,0,s,1,3,0,17,s,s,6,s,2,0
2007,0,0,7,1,0,0,13,0,4,0,4,5,0,6,d,s,13,1,0,s,1,3,0,17,s,s,6,s,2,0
2006,0,0,d,1,0,0,13,0,d,0,4,5,0,6,0,s,13,1,d,s,1,3,0,17,s,s,6,s,2,0
I216,0,0,7,1,0,0,13,0,4,0,4,0,0,0,0,s,13,1,0,s,1,0,0,17,s,s,6,0,2,0
I217,0,52,7,1,0,0,13,1,4,0,4,0,0,0,0,s,13,1,0,s,1,2,0,17,s,s,6,0,2,0
I218,0,52,7,1,0,0,13,1,4,0,4,0,0,0,0,s,13,1,0,s,1,2,0,17,s,s,6,0,2,0
1649,0,52,d,1,0,0,13,1,d,d,4,d,0,10,0,s,13,1,0,s,d,d,0,17,s,s,6,0,2,0
1648,d,52,7,1,d,0,13,1,4,0,4,0,0,0,0,s,13,1,0,s,1,2,0,17,s,s,6,d,2,0
1985,d,52,d,1,0,d,13,1,4,0,4,0,1,0,0,s,13,1,0,s,1,2,0,17,s,s,6,0,d,0
I220,0,0,7,1,0,0,13,0,4,0,4,0,0,0,0,s,13,1,0,s,1,0,0,17,s,s,6,3,2,1
I221,0,0,7,1,4,0,13,0,4,0,4,0,0,0,0,s,13,1,0,s,1,0,0,17,s,s,6,3,2,1
1583,3,d,7,1,4,0,13,0,4,0,4,0,d,0,0,s,13,1,0,s,1,0,d,d,s,s,6,d,d,1
1582,0,0,7,d,4,0,13,0,4,0,4,0,0,0,0,s,13,d,0,s,1,0,0,17,s,s,6,3,2,1
I222,0,48,7,1,0,0,13,1,4,0,4,0,0,0,0,s,13,1,0,s,1,0,0,17,s,s,6,3,2,1
1427,0,48,7,1,0,0,d,1,4,0,4,0,0,0,0,s,d,1,0,s,1,0,0,17,s,s,6,3,2,d
1426,0,48,7,1,0,0,d,1,4,0,4,0,0,0,0,s,13,d,0,s,1,0,0,17,s,s,6,3,d,1
I223,0,0,7,1,0,0,0,0,4,0,0,0,0,0,0,s,13,1,0,s,1,0,0,17,s,s,6,0,s,0
I224,0,0,7,1,0,0,0,0,4,0,0,0,0,0,0,s,13,1,0,s,1,0,0,17,s,s,6,0,s,0
I225,0,0,7,1,0,6,0,0,4,0,0,0,0,0,0,s,13,1,0,s,1,0,9,17,s,s,6,0,s,0
1549,0,d,7,s,0,6,11,0,4,1,d,d,0,d,s,s,13,1,0,s,1,0,9,d,s,s,6,6,s,0
I229,0,0,7,1,0,6,0,0,4,0,0,0,0,0,0,s,13,1,0,s,1,0,9,17,s,s,6,0,s,0
I230,20,47,7,1,0,6,0,0,4,0,0,0,0,0,10,s,13,1,4,s,1,0,9,17,s,s,6,0,s,0
1833,20,d,7,d,0,d,0,0,4,0,0,0,d,0,10,s,13,1,d,s,1,0,9,17,s,s,6,0,s,0
1832,20,47,7,d,4,6,1,0,4,0,0,0,0,0,10,s,13,1,4,s,1,0,9,17,s,s,6,0,s,0
1660,5,d,d,d,0,d,d,0,4,0,0,0,0,0,0,s,13,1,0,s,1,0,9,17,s,s,6,d,s,0
1441,0,0,d,1,0,0,6,0,4,0,0,8,0,0,14,s,d,1,0,s,d,11,0,17,s,s,6,0,s,0
I239,s,0,7,1,0,0,0,0,4,0,0,0,1,0,0,s,13,1,4,s,1,0,0,17,s,s,6,0,s,0
I240,s,0,7,1,0,0,0,0,4,0,0,0,1,0,0,s,13,1,4,s,1,0,0,17,s,s,6,0,s,7
I241,s,0,7,1,0,0,0,0,4,0,0,0,1,0,0,s,13,1,4,s,1,0,0,17,s,s,6,0,s,7
1950,s,0,d,1,0,0,0,0,4,0,0,d,1,0,0,s,13,1,4,s,1,d,0,17,s,s,6,0,s,d
1797,s,d,d,d,0,0,0,0,4,0,0,0,1,0,0,s,d,1,4,s,1,0,0,17,s,s,6,0,s,7
I245,s,0,7,1,0,17,0,0,4,0,0,8,1,0,0,s,13,1,4,s,1,0,0,17,s,s,6,12,s,7
2033,s,0,7,1,0,d,0,0,4,0,0,8,1,0,0,s,13,1,4,s,1,0,0,17,s,s,6,d,s,7
2032,s,0,d,1,0,17,0,d,4,0,0,8,1,0,0,s,13,1,4,s,1,0,0,17,s,s,6,12,s,7
I249,s,0,7,1,1,0,13,0,4,0,4,8,1,0,0,s,13,1,4,s,1,0,4,17,s,s,6,4,s,0
1996,s,d,7,1,1,0,13,0,4,0,4,d,1,0,0,s,d,1,4,s,1,0,4,17,s,s,6,4,s,0
1030,s,0,7,1,1,0,13,d,4,2,4,d,1,d,0,s,13,d,4,s,1,0,4,17,s,s,d,4,s,0
I251,0,0,s,0,0,0,0,0,0,0,0,0,0,0,0,0,0,0,0,0,0,0,0,0,s,17,0,0,0,0
I252,0,0,s,0,0,0,0,0,0,0,0,0,0,0,0,0,0,0,0,0,0,0,0,0,s,17,0,0,0,0
I253,0,2,s,2,0,0,0,0,0,0,0,0,0,0,0,9,0,0,0,0,1,0,0,0,s,17,3,0,0,0
I254,0,2,s,2,0,4,0,0,0,0,0,0,0,6,0,9,0,0,0,0,1,0,0,0,s,17,3,11,0,0
I255,0,2,s,2,0,4,0,0,0,0,0,0,0,6,0,9,0,0,0,0,1,0,0,0,s,17,3,11,0,0
I262,0,2,s,2,0,4,0,s,0,0,4,0,0,6,0,9,0,0,0,0,1,0,0,0,s,17,3,11,0,0
1359,0,2,s,2,0,d,0,s,0,d,d,0,0,6,0,9,0,0,d,0,1,0,0,0,s,d,3,11,0,0
1358,29,2,s,2,0,4,0,s,d,1,4,d,d,6,0,9,0,0,0,0,d,0,0,0,s,d,3,11,0,1
I263,0,2,s,2,0,4,0,0,0,0,0,0,0,6,0,9,33,1,0,0,1,0,0,0,s,17,3,11,0,0
I264,0,2,s,2,0,4,0,s,0,1,0,0,0,6,0,9,33,1,0,0,1,0,0,0,s,17,3,11,0,0
1101,3,2,s,2,d,4,7,s,0,1,0,0,0,d,0,9,33,1,4,0,1,0,5,0,s,17,3,11,2,0
I266,0,2,s,2,0,4,0,s,0,1,0,0,0,6,0,9,33,1,3,0,1,0,0,0,s,s,3,11,0,0
1255,0,2,s,2,d,4,0,s,d,1,4,d,37,6,d,9,33,1,3,0,1,0,0,0,s,s,3,11,0,0
1254,30,2,s,2,0,4,0,s,0,1,0,0,0,6,0,9,33,1,3,0,1,0,0,0,s,s,3,11,0,d
I267,0,2,s,2,0,4,0,0,0,0,0,0,0,6,0,9,33,1,0,0,1,0,0,0,s,17,3,11,0,0
1055,0,s,s,2,d,4,0,d,0,d,0,0,0,6,0,d,33,1,0,3,1,0,0,d,s,17,3,11,0,0
1279,d,2,s,2,0,4,0,0,0,0,4,0,0,6,0,9,33,1,0,25,d,0,s,d,s,17,3,11,0,0
I270,0,2,s,2,4,4,0,0,4,0,0,0,0,6,0,9,0,0,0,0,1,0,0,0,s,17,3,11,0,0
I271,0,2,s,2,4,4,0,0,4,0,0,0,0,6,0,9,0,0,0,2,1,0,0,0,s,17,3,11,0,0
I272,0,2,s,2,4,4,0,0,4,0,0,0,0,6,0,9,0,0,0,2,1,0,0,0,s,17,3,11,0,0
1005,0,2,s,2,4,4,0,1,4,0,0,0,0,6,1,d,0,0,0,2,1,0,0,42,s,17,3,11,0,0
1908,0,2,s,2,4,4,0,0,d,0,0,0,0,6,d,9,0,0,0,s,1,0,0,0,s,d,3,11,2,s
1072,d,2,s,d,4,4,0,d,4,0,0,0,0,6,0,d,d,0,d,2,1,0,0,0,s,d,3,11,0,0
I282,0,2,s,2,4,4,0,0,4,2,0,9,0,6,0,9,0,s,3,0,1,0,0,0,s,17,3,11,s,0
1319,d,2,s,2,d,4,0,d,4,2,0,9,0,6,14,9,0,s,3,0,1,0,0,0,s,17,3,11,s,0
1318,0,2,s,d,4,4,0,0,d,2,d,d,0,6,d,9,0,s,3,0,1,0,0,30,s,d,3,d,s,0
I287,0,2,s,2,0,0,0,0,0,0,0,0,0,0,0,9,0,0,0,0,1,0,0,4,s,17,3,2,0,0
I288,0,2,s,2,0,0,0,1,0,1,0,0,0,0,11,9,0,0,0,0,1,0,0,4,s,17,3,2,0,0
I289,0,2,s,2,0,0,15,1,0,1,4,0,0,0,11,9,0,0,0,0,1,16,0,4,s,17,3,2,0,0
I290,0,2,s,2,1,0,15,1,0,1,4,0,0,0,11,9,0,0,0,0,1,16,0,4,s,17,3,2,0,0
I291,0,2,s,2,1,35,15,1,0,1,4,0,0,0,11,9,0,0,0,0,s,16,0,4,s,17,3,2,0,0
1145,0,2,s,2,1,d,15,1,0,1,4,0,0,6,11,d,0,0,0,0,s,16,4,4,s,17,3,2,0,0
1144,0,d,s,2,1,35,15,1,0,1,d,0,0,d,11,9,0,0,0,0,s,16,0,4,s,17,d,2,4,0
1488,d,2,s,2,1,0,15,1,0,d,4,8,0,0,11,9,0,0,4,0,1,16,d,4,s,17,3,2,2,0
I293,0,2,s,2,0,0,15,1,0,1,4,0,0,0,11,9,0,0,0,0,1,16,0,4,s,17,3,2,0,0
1605,0,2,s,2,0,0,15,1,0,1,4,8,0,d,d,9,0,1,s,0,1,d,31,4,s,17,3,d,0,1
I295,0,2,s,2,0,0,15,1,0,1,4,0,0,0,11,9,0,0,0,0,1,16,0,4,s,17,3,2,0,0
1417,d,2,s,2,0,0,15,d,0,1,4,0,d,d,d,9,d,d,0,0,1,16,0,d,s,17,3,d,0,0
1416,0,2,s,2,0,0,15,d,0,1,4,0,d,0,11,9,0,0,0,0,1,16,0,4,s,17,3,2,0,0
I296,0,2,s,2,0,0,0,1,0,1,0,0,0,0,11,9,0,0,0,0,1,0,5,4,s,17,3,2,0,1
I298,0,2,s,2,0,0,0,1,0,1,0,0,0,25,11,9,0,1,0,0,1,0,5,4,s,17,3,2,0,1
1733,0,2,s,2,0,0,0,1,0,d,0,0,0,25,11,9,0,1,0,d,1,0,5,4,s,17,3,2,0,1
1732,0,d,s,2,0,0,0,1,0,1,0,d,0,25,11,9,0,1,0,d,1,0,d,d,s,17,3,2,0,1
I300,0,2,s,2,0,0,0,1,0,1,0,0,0,8,11,9,0,0,0,0,1,5,5,4,s,17,3,2,0,1
I301,0,2,s,2,0,0,0,1,0,1,0,s,0,8,11,9,0,0,0,0,1,5,5,4,s,17,3,2,0,1
1493,0,2,s,2,0,0,0,1,0,1,0,s,0,8,11,9,0,0,0,0,1,5,d,4,s,17,3,2,0,1
1492,3,2,s,d,0,0,0,1,0,1,0,s,0,8,11,9,0,0,0,0,1,d,d,d,s,17,3,2,0,d
1239,2,2,s,2,0,0,0,1,0,1,0,8,12,8,11,d,0,0,0,0,1,5,5,4,s,17,3,2,8,1
I303,0,2,s,2,0,0,0,0,0,0,0,0,0,0,0,9,0,0,0,0,1,0,0,4,s,17,3,2,0,0
I304,0,2,s,2,0,33,0,0,2,0,0,8,0,0,0,9,0,1,0,0,1,0,0,4,s,17,3,2,0,0
1806,0,2,s,2,d,33,5,0,2,0,0,8,0,0,0,9,d,1,d,0,1,9,0,4,s,d,3,2,4,0
I308,0,2,s,2,0,33,26,0,2,0,0,8,0,0,0,9,0,1,0,0,1,0,0,4,s,17,3,2,0,0
947,0,d,s,2,0,33,26,0,2,0,4,8,0,0,0,9,0,1,0,0,1,0,0,4,s,d,3,2,d,0
I309,33,2,s,2,4,33,26,0,2,0,0,8,0,0,0,9,0,1,0,20,1,0,0,4,s,17,3,2,s,0
1841,33,d,s,d,4,33,26,0,2,0,0,8,0,0,0,9,0,1,0,20,1,d,0,4,s,17,d,2,s,0
1840,33,2,s,2,4,d,26,0,2,0,0,d,0,0,d,9,0,1,0,20,1,d,0,4,s,17,d,2,s,0
I310,0,2,s,2,0,0,0,0,0,0,0,0,0,0,0,9,7,0,0,0,1,0,0,4,s,17,3,2,0,0
I312,0,2,s,2,0,0,0,0,0,0,4,0,0,0,0,9,7,0,0,0,1,0,0,4,s,17,3,2,0,0
1745,d,2,s,2,0,0,0,0,0,0,4,d,0,0,0,9,7,0,0,0,1,0,0,4,s,17,3,2,0,0
1744,d,2,s,d,0,0,0,0,0,0,4,0,0,3,d,d,7,0,d,0,1,0,d,4,s,17,3,2,d,0
I314,0,2,s,2,0,7,0,s,0,0,4,0,0,0,0,9,7,0,0,0,1,0,0,4,s,17,3,2,0,0
1783,0,2,s,2,d,d,d,s,0,0,4,0,0,0,0,9,7,0,0,s,1,11,0,4,s,d,3,d,0,0
I316,0,2,s,2,0,7,0,s,0,0,4,0,0,0,0,9,7,0,0,0,1,0,0,4,s,17,3,2,0,0
1889,0,2,s,2,0,7,d,s,0,0,4,0,0,0,d,9,7,0,0,0,1,0,0,4,s,17,3,2,0,0
1888,0,2,s,2,0,d,0,s,0,0,4,0,0,0,d,9,7,0,d,0,1,0,0,4,s,17,d,2,0,0
I317,26,0,s,0,1,0,0,1,0,1,0,0,0,0,0,0,0,0,0,0,0,0,0,0,s,17,0,0,0,s
I318,26,0,s,0,1,0,0,1,0,1,0,0,0,0,0,0,0,0,0,0,0,0,0,0,s,17,0,0,0,s
I319,26,0,s,0,1,0,0,1,0,1,0,0,0,0,0,0,0,0,0,0,0,0,0,0,s,17,0,0,0,s
I320,26,0,s,0,1,25,0,1,0,1,0,0,0,0,0,0,0,0,0,0,0,0,0,0,s,17,0,0,0,s
I323,s,0,s,0,1,25,0,1,0,1,0,0,0,0,14,0,0,0,0,0,0,11,0,0,s,17,0,0,0,s
1375,s,d,s,0,1,25,0,1,4,1,0,0,24,0,14,0,0,0,0,0,d,11,0,0,s,17,0,0,0,s
1374,s,0,s,0,1,25,0,1,0,1,0,0,0,0,14,0,0,0,0,0,0,d,d,0,s,17,0,d,0,s
I324,26,52,s,0,s,25,0,1,0,1,0,0,0,0,0,5,0,0,0,0,0,0,0,0,s,17,26,0,0,s
1454,s,52,s,d,s,25,0,1,0,1,0,0,0,0,0,5,0,0,0,2,0,d,0,0,s,17,26,0,0,s
I326,26,52,s,0,s,25,0,1,0,1,0,0,0,0,0,5,0,0,0,0,0,0,0,0,s,17,26,0,0,s
1429,26,52,s,0,s,25,0,d,0,1,0,0,d,0,0,5,0,d,0,d,0,0,0,0,s,d,26,0,d,s
1428,26,52,s,0,s,25,0,1,0,1,5,0,0,0,0,5,0,0,0,d,0,0,0,0,s,17,26,0,0,s
I327,26,0,s,0,1,0,0,1,0,1,0,0,0,0,0,14,0,0,0,0,0,0,0,0,s,17,0,0,0,s
1293,d,0,s,0,1,0,0,1,0,1,0,8,0,0,0,14,0,d,d,0,0,0,0,0,s,17,0,0,0,s
1539,26,18,s,0,1,0,0,1,0,1,0,0,0,0,11,14,18,0,4,d,0,0,0,0,s,17,0,s,d,s
I334,26,0,s,0,1,0,0,1,0,1,0,8,0,2,0,0,0,0,0,0,0,0,0,0,s,17,0,0,0,s
I335,26,0,s,0,1,0,0,1,0,1,0,8,0,2,0,0,0,0,0,0,0,0,0,0,s,17,0,0,0,s
1977,26,52,s,0,1,12,0,1,0,d,s,8,11,2,22,0,0,d,0,0,0,0,0,0,s,17,6,d,2,s
I339,26,0,s,0,1,0,0,1,0,1,0,8,0,2,0,0,0,0,0,0,0,16,0,0,s,17,0,0,0,s
I340,26,0,s,0,1,0,0,1,0,1,0,8,0,2,0,0,0,0,0,0,0,16,0,31,s,17,0,0,0,s
1665,26,0,s,0,1,0,0,1,0,1,0,8,0,d,0,d,d,0,0,0,0,16,0,31,s,17,d,0,0,s
1664,26,d,s,0,1,0,0,1,d,d,0,8,0,2,0,0,0,0,0,0,d,16,d,31,s,17,d,0,0,s
1899,26,d,s,0,1,d,d,1,0,d,0,8,0,2,d,0,0,d,0,2,0,16,29,0,s,17,0,20,0,s
I342,26,0,s,0,1,0,0,1,0,1,0,8,0,2,0,0,0,0,3,20,0,0,0,0,s,17,0,0,0,s
I343,26,0,s,0,1,0,0,1,0,1,0,8,17,2,0,0,0,0,3,20,0,5,0,0,s,17,0,0,4,s
1735,26,0,s,0,1,0,d,d,0,1,4,8,17,2,0,d,0,d,3,20,1,5,0,0,s,17,0,0,4,s
1694,26,0,s,d,1,d,0,s,0,d,0,8,d,2,0,d,0,0,3,20,1,5,0,0,s,17,0,0,4,s
I346,26,0,s,0,1,0,0,1,0,1,0,8,0,2,0,0,0,0,3,20,0,0,0,0,s,17,0,0,0,s
1936,26,0,s,0,1,d,22,1,0,d,0,8,0,2,0,d,0,0,3,20,0,0,19,0,s,17,0,0,d,s
1499,26,d,s,0,1,0,0,1,0,1,d,d,0,2,0,21,0,0,3,20,0,0,34,0,s,17,0,0,d,s
I349,26,0,s,0,1,15,0,1,0,1,0,0,0,0,0,0,10,0,0,0,0,3,0,0,s,17,0,0,0,s
I350,26,8,s,0,1,15,0,1,0,1,0,0,0,0,0,0,10,1,0,0,0,3,0,0,s,17,0,0,0,s
I351,26,8,s,0,1,15,0,1,0,1,4,0,0,8,0,0,10,1,0,0,s,3,0,0,s,17,0,0,0,s
I352,26,8,s,0,1,15,0,1,0,1,4,0,0,8,0,0,s,1,0,0,s,3,0,0,s,17,0,0,0,s
1712,26,8,s,0,1,d,0,1,0,1,d,8,0,8,0,0,s,1,0,0,s,3,4,0,s,17,0,0,0,s
1768,26,8,s,d,1,15,d,1,0,1,4,0,d,8,0,d,s,1,0,0,s,3,0,0,s,17,0,0,0,s
I355,26,8,s,0,1,15,0,1,0,1,4,0,0,8,0,0,10,1,0,0,s,3,0,0,s,17,0,0,2,s
1600,26,8,s,0,1,d,0,1,s,d,4,0,s,8,0,d,10,1,d,0,s,3,0,0,s,d,0,d,2,s
1685,d,d,s,0,1,d,0,1,0,1,4,8,0,8,0,0,10,1,0,0,s,3,0,s,s,17,0,0,2,s
I362,26,8,s,0,1,15,0,1,s,1,0,0,6,0,0,0,10,1,0,9,0,3,0,0,s,17,29,0,0,s
I363,26,8,s,0,1,15,0,1,s,1,0,0,6,0,0,0,10,1,0,9,0,3,0,0,s,17,29,0,0,s
1219,26,8,s,0,1,15,0,1,s,1,0,0,d,0,0,0,10,1,0,9,0,3,0,d,s,17,29,0,0,s
1218,26,d,s,0,1,d,0,1,s,1,0,d,6,0,0,0,10,1,2,9,0,3,0,13,s,17,29,0,0,s
1247,26,8,s,0,1,d,0,1,s,1,d,0,6,0,2,0,10,1,0,9,0,3,0,0,s,17,29,0,0,s
I365,26,0,s,0,1,15,0,1,0,1,0,10,0,0,0,0,10,0,0,s,0,3,0,0,s,17,0,0,0,s
I366,26,0,s,2,1,15,0,1,0,1,0,10,0,0,0,0,10,0,0,s,0,3,0,0,s,17,0,0,2,s
1651,26,0,s,2,1,s,0,1,d,1,3,10,0,0,0,0,10,0,0,s,s,3,0,0,s,17,0,0,2,s
I370,26,0,s,2,1,15,0,1,0,1,0,10,0,0,0,0,10,0,0,s,0,3,0,0,s,17,0,0,2,s
I371,26,47,s,2,1,15,0,1,0,1,0,10,0,8,14,0,10,0,0,s,1,3,0,0,s,17,0,0,2,s
1941,26,47,s,2,1,15,0,d,0,1,d,10,0,8,14,0,10,0,0,s,1,3,0,0,s,17,0,0,2,s
1940,s,47,s,2,1,15,0,1,0,1,d,10,d,8,14,0,10,0,d,s,1,3,d,0,s,17,0,0,d,s
1444,26,0,s,2,s,15,7,1,0,1,0,10,0,0,0,0,10,0,0,s,0,3,0,0,s,17,0,0,2,s
I373,26,0,s,0,1,15,0,1,0,1,0,10,0,0,0,0,10,0,0,s,0,3,33,0,s,17,0,0,0,s
1347,26,0,s,d,1,15,0,1,0,s,d,10,0,d,0,0,10,0,0,s,0,3,33,0,s,17,0,0,2,s
I377,26,0,s,0,1,15,11,1,0,1,0,10,0,0,0,0,10,0,0,s,0,3,33,0,s,17,0,0,0,s
1391,26,0,s,0,d,15,11,1,0,1,d,10,0,0,0,0,10,0,2,s,0,3,33,0,s,s,23,d,0,s
1077,26,0,s,2,1,15,11,1,0,1,0,10,0,0,12,d,10,0,0,s,0,3,d,0,s,17,0,0,d,s
I380,0,48,s,0,0,0,0,0,0,0,0,0,42,0,14,10,0,0,0,0,0,11,0,0,s,17,0,15,2,0
I381,0,48,s,0,0,25,0,0,0,0,0,s,42,0,14,10,12,0,0,0,0,11,0,0,s,17,0,15,2,1
I382,0,48,s,0,0,25,0,0,0,0,0,s,42,0,14,10,12,0,0,0,0,11,0,0,s,17,0,15,2,1
I383,0,48,s,0,0,25,0,0,0,0,0,s,42,0,14,10,12,0,0,0,0,11,0,0,s,17,0,15,2,1
I384,0,48,s,0,0,25,0,0,0,0,0,s,42,0,14,10,12,0,0,0,0,11,0,20,s,17,33,15,2,1
I386,0,48,s,0,0,25,0,1,0,0,0,s,s,0,s,10,12,0,0,0,0,11,0,20,s,17,33,15,2,1
1839,0,48,s,0,0,25,0,1,0,0,0,s,s,0,s,10,12,0,0,d,0,11,0,d,s,17,33,d,d,d
1838,0,d,s,0,0,25,d,1,0,0,0,s,s,0,s,10,12,0,0,0,0,11,0,20,s,17,d,15,2,d
1790,0,48,s,0,d,25,0,0,0,0,4,s,42,d,14,10,12,d,d,0,0,11,0,20,s,17,33,15,2,1
I391,0,48,s,0,0,25,0,0,0,0,0,s,42,0,14,10,12,0,0,0,0,11,0,0,s,17,0,15,2,1
I392,0,48,s,0,0,25,0,0,0,0,0,s,42,0,14,10,12,0,0,0,0,11,s,0,s,17,0,15,2,1
I393,0,48,s,0,0,25,0,0,0,0,0,s,42,0,14,10,12,1,0,0,0,11,s,0,s,17,0,15,2,1
1675,0,48,s,0,0,25,0,0,0,0,0,s,42,0,14,d,12,1,0,0,d,11,s,0,s,17,0,15,2,1
1674,0,48,s,0,0,25,0,d,0,0,d,s,42,0,14,10,12,1,0,0,0,11,s,0,s,17,0,d,2,1
1740,0,48,s,0,0,d,0,0,0,d,0,s,42,0,14,10,12,0,0,0,0,11,s,0,s,17,d,15,d,1
I395,0,48,s,2,1,25,0,0,3,0,0,s,42,0,14,10,12,0,0,0,0,11,3,0,s,17,33,15,2,1
1593,d,d,s,2,1,s,d,d,3,0,0,s,42,0,14,10,12,d,0,0,0,11,3,0,s,17,33,15,2,1
1710,0,d,s,2,1,d,0,0,3,1,0,s,42,0,14,10,12,1,0,0,0,11,3,0,s,17,33,15,2,d
I398,0,48,s,0,s,25,0,0,0,0,0,s,42,14,14,10,12,0,0,0,0,11,s,0,s,17,0,15,2,1
I399,0,48,s,0,s,25,1,1,0,0,4,s,42,14,14,10,12,0,0,0,0,11,s,0,s,17,13,15,2,1
1895,0,48,s,d,s,25,s,1,0,1,4,s,42,14,14,10,12,0,0,13,1,11,s,0,s,d,13,15,2,1
1789,0,48,s,0,s,25,1,1,d,0,d,s,42,14,14,10,12,0,4,0,0,d,s,0,s,17,13,s,d,1
I406,0,48,s,0,s,25,0,0,0,0,4,s,42,14,14,10,12,0,0,0,0,11,s,0,s,17,0,15,2,1
I407,0,48,s,0,s,25,0,0,2,0,4,s,42,14,14,10,12,0,1,0,0,11,s,0,s,17,0,15,2,1
1689,0,48,s,0,s,25,d,0,2,d,4,s,42,14,14,10,d,0,1,19,0,11,s,0,s,17,0,15,d,1
1900,0,48,s,2,s,25,2,d,2,1,4,s,42,14,14,10,12,0,1,d,0,11,s,0,s,17,0,15,2,1
I410,0,48,s,0,s,25,0,0,0,1,4,s,42,14,14,10,12,0,0,0,0,11,s,0,s,17,0,15,2,1
1828,0,48,s,0,s,25,0,d,0,1,4,s,42,14,14,10,12,d,0,0,0,s,s,0,s,17,0,15,d,1
1983,0,48,s,d,s,25,0,0,0,1,4,s,42,14,14,10,12,d,0,0,d,11,s,0,s,17,0,15,2,1
I413,0,48,s,0,0,25,0,0,0,0,0,s,42,0,14,10,12,0,0,0,1,11,0,0,s,17,0,15,2,1
I414,0,48,s,2,0,25,0,0,0,0,0,s,42,0,14,10,12,0,0,0,1,11,0,0,s,17,0,15,2,1
I415,0,48,s,2,0,25,0,2,0,0,0,s,42,0,14,10,12,1,0,0,1,11,0,0,s,17,0,15,2,1
1330,14,48,s,2,0,25,0,2,0,0,0,s,42,27,14,10,d,1,0,0,1,11,0,s,s,17,25,15,2,1
I419,20,48,s,2,0,25,0,2,0,0,0,s,42,27,14,10,12,1,0,0,1,11,0,0,s,17,0,15,2,1
I420,20,48,s,2,0,25,0,2,2,0,0,s,42,27,14,10,12,1,0,0,1,11,0,0,s,17,0,15,2,1
1291,20,d,s,2,d,25,0,2,2,0,0,s,42,27,14,10,12,d,0,0,1,11,d,d,s,d,0,15,2,d
1290,20,48,s,2,0,25,0,2,2,d,0,s,42,27,14,10,12,1,0,0,1,d,0,0,s,17,0,15,d,1
1284,20,48,s,2,d,25,d,2,0,1,0,s,42,s,14,d,12,1,0,20,1,11,d,0,s,17,26,15,2,d
I422,3,48,s,2,0,25,0,0,0,0,0,s,42,0,14,10,12,0,0,0,1,11,0,0,s,17,0,15,2,1
I423,3,48,s,2,0,25,29,0,0,0,0,s,42,0,14,10,12,0,0,0,1,11,0,0,s,17,0,15,2,1
1451,3,48,s,2,d,25,d,0,0,0,0,s,42,0,14,10,12,1,0,d,1,11,0,d,s,17,0,15,2,1
I425,3,48,s,2,0,25,29,1,0,0,4,s,42,0,14,10,12,0,0,0,1,11,15,0,s,17,0,15,2,1
1209,d,48,s,2,0,25,29,1,0,0,s,s,s,0,14,10,12,d,0,0,1,11,d,0,s,17,0,15,2,1
1208,d,48,s,2,0,25,29,1,0,d,4,s,42,0,14,10,12,d,4,0,d,11,15,0,s,17,0,15,2,1
I426,3,48,s,2,0,25,0,0,0,0,4,s,42,11,14,10,12,0,0,0,1,11,0,0,s,17,0,15,2,1
1156,3,48,s,2,d,25,0,0,4,d,4,s,42,11,s,10,12,0,0,37,1,11,d,0,s,d,0,15,2,1
1108,3,48,s,2,0,25,14,0,0,1,4,s,d,d,14,10,12,0,0,12,s,11,0,0,s,17,13,15,2,1
I429,0,48,s,2,0,25,0,0,0,0,0,s,42,0,14,10,12,0,0,0,1,11,0,7,s,17,0,15,2,1
I430,0,48,s,2,0,25,0,0,0,0,0,s,42,0,14,10,12,0,0,0,1,11,0,7,s,17,0,15,2,1
1409,0,48,s,2,0,25,0,d,s,0,0,s,42,0,14,10,12,0,0,0,1,d,d,7,s,17,d,d,2,1
1662,d,48,s,d,0,25,0,1,4,0,0,s,42,0,14,10,d,d,0,0,1,11,0,7,s,17,0,d,d,1
I437,0,48,s,2,0,25,1,s,0,0,0,s,42,0,14,10,12,0,0,0,1,11,0,7,s,17,0,15,2,1
I438,0,s,s,2,0,25,1,s,0,1,0,s,42,0,14,10,12,0,0,0,1,11,0,7,s,17,0,15,2,1
1528,0,s,s,2,0,25,1,s,d,1,0,s,d,0,14,10,12,0,d,0,1,11,0,7,s,17,d,15,2,d
1602,0,s,s,2,0,25,1,s,d,1,0,s,42,0,14,10,12,0,0,3,1,11,d,7,s,17,0,15,d,s
I441,0,48,s,2,1,25,1,s,0,0,4,s,42,0,14,10,12,0,0,0,s,11,0,7,s,17,0,15,2,1
1974,d,48,s,2,1,25,1,s,0,0,4,s,42,0,14,s,12,0,4,0,s,11,0,7,s,17,d,15,2,1
1542,0,48,s,2,1,25,1,s,0,s,4,s,42,6,14,10,12,0,3,0,s,11,0,7,s,17,0,15,2,1
I444,0,48,s,0,0,0,0,0,0,0,0,0,42,0,14,10,0,0,0,0,0,11,0,0,s,17,s,15,2,1
I445,0,48,s,0,0,0,0,0,0,0,0,0,42,0,14,10,0,0,0,0,0,11,0,37,s,17,s,15,2,1
I446,0,48,s,0,0,0,0,0,0,0,0,0,42,0,14,10,0,1,4,0,0,11,0,37,s,17,s,15,2,1
I447,0,48,s,0,0,0,0,0,0,0,0,0,42,0,14,10,0,1,4,0,0,11,0,37,s,17,s,15,2,1
I450,0,48,s,0,2,0,0,0,s,s,0,0,42,0,14,10,0,1,4,0,0,11,0,37,s,17,s,15,2,1
1273,0,48,s,0,2,0,0,0,s,s,0,8,42,0,14,10,d,d,4,0,0,11,0,37,s,17,s,15,d,1
1272,0,48,s,0,2,0,0,d,s,s,0,0,42,0,d,10,0,1,4,0,0,11,0,37,s,17,s,15,2,1
I451,0,48,s,0,0,0,0,0,0,0,0,0,42,0,14,10,0,1,4,1,0,11,0,37,s,17,s,15,2,1
1143,0,48,s,0,d,25,d,d,0,0,0,0,42,0,14,10,0,1,4,1,1,11,0,37,s,17,s,15,d,1
1152,0,48,s,0,0,d,0,0,0,0,4,0,42,0,14,d,d,1,4,d,0,11,0,37,s,17,s,15,2,1
I454,0,48,s,2,0,0,0,1,0,0,0,0,42,0,14,10,19,1,4,0,0,11,0,37,s,17,s,15,2,1
1820,d,48,s,2,0,0,d,1,2,1,4,d,42,0,s,10,19,1,s,0,0,11,0,37,s,17,s,15,s,d
I458,0,48,s,2,0,0,0,1,0,0,0,0,42,0,14,10,19,1,4,0,0,11,0,37,s,17,s,15,2,1
2024,d,48,s,2,0,0,0,1,0,0,d,0,42,3,14,d,19,1,4,0,0,d,4,37,s,17,s,15,2,d
I460,0,48,s,2,0,0,0,1,0,0,0,0,42,0,14,10,19,1,4,0,0,11,40,37,s,17,s,15,2,1
1875,0,48,s,2,0,0,0,1,0,d,0,d,42,11,14,10,19,1,4,0,0,11,40,37,s,17,s,15,2,1
1874,d,48,s,2,0,0,0,1,0,0,d,d,d,0,14,10,19,1,4,0,0,11,40,37,s,d,s,d,2,1
I461,0,48,s,s,0,17,0,0,0,0,0,0,42,0,14,10,0,0,4,0,0,11,0,37,s,17,s,15,2,1
I466,2,48,s,s,0,17,0,0,4,0,0,0,42,0,14,10,0,0,4,12,0,s,0,37,s,17,s,15,2,1
1890,2,48,s,s,0,17,d,d,4,d,0,0,42,0,14,d,0,0,4,12,d,s,16,d,s,17,s,15,2,1
1771,2,48,s,s,0,d,0,0,4,0,0,0,42,0,14,d,0,0,4,12,0,s,0,37,s,17,s,15,2,1
I469,0,48,s,s,1,17,0,0,0,2,0,0,42,0,14,10,0,0,4,25,0,11,0,37,s,17,s,15,2,1
1652,0,48,s,s,1,17,d,0,2,2,0,0,42,0,14,10,0,1,4,25,0,11,0,37,s,17,s,15,d,1
I473,0,48,s,s,1,17,0,0,0,2,0,0,42,0,14,10,0,0,4,25,0,11,0,37,s,17,s,15,2,1
I474,0,48,s,s,1,17,0,0,0,2,0,0,42,0,14,10,0,0,4,25,0,11,0,37,s,17,s,15,2,1
1853,0,48,s,s,1,17,0,d,0,2,0,0,42,0,14,10,0,0,d,25,0,11,0,37,s,17,s,15,2,1
1852,0,48,s,s,1,17,d,d,0,d,d,0,42,0,14,10,0,0,4,25,0,11,d,37,s,17,s,15,2,1
1915,0,d,s,s,1,d,0,0,0,2,0,0,d,0,14,10,0,0,4,25,0,11,d,d,s,d,s,15,2,1
I476,0,48,s,0,0,0,0,0,4,0,4,8,42,0,14,10,0,0,0,0,0,11,0,0,s,17,s,15,2,1
I477,0,48,s,0,0,0,0,0,4,0,4,8,42,0,14,10,0,0,0,0,0,11,s,0,s,17,s,15,2,1
I478,2,48,s,0,0,0,0,0,4,0,4,8,42,0,14,10,0,0,0,0,0,11,s,0,s,17,s,15,2,1
I479,2,48,s,0,0,0,0,0,4,0,4,8,42,0,14,10,0,0,0,0,0,11,s,0,s,17,s,s,2,1
I480,2,48,s,0,0,0,0,0,4,0,4,8,42,0,14,10,0,1,0,0,0,11,s,0,s,17,s,s,2,1
1503,2,48,s,0,0,0,0,0,4,1,d,8,42,d,14,10,0,1,d,d,d,11,s,0,s,17,s,s,2,d
1502,2,48,s,0,0,0,0,0,4,0,d,8,42,0,14,10,0,1,0,0,0,11,s,0,s,17,s,s,2,1
I481,2,48,s,0,0,0,0,0,4,0,4,8,42,0,14,10,0,0,0,0,0,11,s,0,s,17,s,s,2,1
1609,2,48,s,0,1,0,0,1,d,0,4,8,42,0,14,d,0,d,0,0,0,11,s,0,s,17,s,s,2,1
1608,2,48,s,0,0,0,0,0,4,0,4,d,42,0,14,10,d,0,0,0,0,11,s,0,s,17,s,s,2,1
I482,2,48,s,0,0,0,0,0,4,0,4,8,42,0,14,10,0,0,4,0,0,11,s,0,s,17,s,15,2,1
1825,2,48,s,0,0,0,0,0,4,0,4,8,42,0,14,10,d,1,4,d,1,11,s,0,s,17,s,15,d,1
1704,2,48,s,0,1,0,0,d,4,0,4,d,42,0,14,10,0,0,4,0,0,11,s,0,s,17,s,15,2,1
I489,0,48,s,0,0,0,0,0,4,2,4,8,42,0,14,10,0,0,0,0,0,11,s,0,s,17,s,15,2,1
1750,0,48,s,0,0,0,0,0,4,2,d,8,42,17,14,10,0,0,0,d,0,11,s,0,s,17,s,15,d,1
1968,d,48,s,0,0,0,0,1,4,2,4,8,42,0,14,d,0,1,d,0,0,11,s,0,s,17,s,d,d,1
I492,0,s,s,0,0,0,0,0,4,1,4,8,42,6,14,10,0,0,0,0,0,11,0,0,s,17,s,15,2,1
I493,0,s,s,2,0,0,6,0,4,1,4,8,42,6,14,10,0,0,0,0,0,11,0,0,s,17,s,15,2,1
I494,0,s,s,2,0,0,6,0,4,1,4,8,42,6,14,10,0,0,0,0,0,11,0,0,s,17,s,15,2,1
I495,0,s,s,2,0,0,6,2,4,1,4,8,42,6,14,10,0,0,0,18,0,11,0,0,s,17,s,15,2,1
1865,2,s,s,2,0,d,d,d,4,d,4,8,42,6,14,10,0,0,0,18,0,d,0,0,s,17,s,15,2,1
1864,0,s,s,d,0,0,6,2,4,1,4,8,d,6,14,10,0,0,0,18,0,11,0,d,s,17,s,15,2,1
1958,0,s,s,2,0,0,6,1,4,1,4,8,42,6,14,10,0,0,d,2,1,11,0,0,s,17,s,15,2,1
1479,0,s,s,2,0,0,6,0,4,d,d,8,42,6,14,10,0,0,0,d,1,11,0,0,s,17,s,d,d,1
I500,0,s,s,2,0,0,0,0,4,1,4,8,42,6,14,10,0,0,0,0,0,11,0,0,s,17,s,15,2,1
I502,17,s,s,2,0,0,0,0,4,1,4,8,42,6,14,10,0,0,4,0,0,11,0,0,s,17,s,15,2,1
2041,17,s,s,2,0,0,0,d,d,1,4,8,42,d,14,10,0,d,4,0,0,11,d,d,s,17,s,15,2,1
2040,17,s,s,d,0,0,0,0,4,1,4,d,d,6,14,d,0,0,4,0,0,d,d,0,s,17,s,15,2,d
I504,0,s,s,2,0,0,0,0,4,1,4,8,42,6,14,10,0,1,0,0,0,11,0,0,s,17,s,15,2,1
1659,0,s,s,2,0,0,0,0,4,1,4,8,42,6,14,10,0,1,0,d,0,11,0,0,s,17,s,15,2,1
1904,0,s,s,2,0,0,0,0,4,d,d,8,42,6,14,10,0,1,0,0,0,11,0,0,s,17,s,15,2,d
I507,0,0,0,0,0,0,0,0,0,0,0,0,0,0,0,0,0,0,4,0,0,0,0,0,0,17,0,0,2,0
I508,0,0,0,0,0,4,0,2,0,0,4,0,0,0,s,0,0,0,4,0,0,0,0,0,0,17,0,1,2,1
I509,0,0,0,0,0,4,0,2,0,1,4,0,0,6,s,0,0,1,4,0,0,0,29,0,0,17,s,1,2,1
I510,0,0,0,0,0,4,0,2,0,1,4,0,0,6,s,0,0,1,4,0,0,0,29,0,0,17,s,1,2,1
I511,0,0,0,0,0,4,0,2,3,1,4,0,0,6,s,0,22,s,4,0,0,9,29,0,0,17,s,1,2,1
I512,14,0,0,0,0,4,0,2,3,s,4,0,0,s,s,0,22,s,4,0,0,9,29,0,0,17,s,1,2,1
I513,14,0,0,0,0,4,0,2,3,s,4,0,0,s,s,0,22,s,4,0,0,9,29,0,0,17,s,1,2,1
I516,14,0,0,0,4,4,0,2,3,s,4,0,0,s,s,0,22,s,4,0,0,9,29,s,37,17,s,1,2,1
1065,14,0,0,0,d,d,0,d,3,s,4,0,0,s,s,0,22,s,4,0,0,9,29,s,d,17,s,1,d,1
1064,14,d,0,0,4,d,d,2,d,s,d,0,0,s,s,0,22,s,4,0,0,s,29,s,d,17,s,1,2,1
I517,14,0,0,0,0,4,0,2,3,s,4,8,0,s,s,0,22,s,4,0,0,9,29,0,0,17,s,1,2,1
1090,14,0,17,0,0,4,0,2,d,s,4,8,18,s,s,0,22,s,4,0,d,d,29,4,d,17,s,1,2,1
I519,14,0,s,0,0,4,0,2,3,s,4,8,0,s,s,0,22,s,4,0,0,9,29,0,0,17,s,1,2,1
1107,14,0,s,0,0,4,0,2,3,s,4,8,14,s,s,0,d,s,d,0,0,9,29,0,0,17,s,1,2,1
1106,14,0,s,d,d,4,0,2,3,s,4,8,0,s,s,0,22,s,4,0,d,9,29,0,0,17,s,d,2,1
I520,14,0,0,0,0,4,0,2,3,s,4,0,18,s,s,0,22,s,4,0,s,9,29,0,0,17,s,1,2,1
I521,14,0,0,0,0,4,0,2,3,s,4,0,18,s,s,0,22,s,4,35,s,9,29,0,0,17,s,1,2,1
1322,d,0,0,0,d,d,0,2,3,s,4,0,18,s,s,0,d,s,4,s,s,9,29,0,0,17,s,1,2,1
1256,14,d,0,0,0,4,0,2,3,s,4,d,18,s,s,0,22,s,4,d,s,d,29,0,0,17,s,1,d,d
I524,14,0,1,0,0,4,0,2,3,s,4,0,18,s,s,0,22,s,4,0,s,9,29,0,0,17,s,1,2,1
1354,14,0,1,0,0,4,0,2,3,s,4,8,18,s,s,0,22,s,4,9,s,9,29,0,0,d,s,1,2,1
I526,14,0,1,0,0,4,0,2,3,s,4,0,18,s,s,0,22,s,4,0,s,9,29,0,0,17,s,1,2,1
1587,14,0,1,0,0,4,0,2,3,s,d,0,18,s,s,0,22,s,4,0,s,9,29,0,15,d,s,1,2,1
1586,14,0,1,0,0,4,0,d,3,s,4,0,18,s,s,0,22,s,4,0,s,9,29,0,d,17,s,1,d,1
I527,0,0,s,0,0,4,0,2,3,1,4,0,0,6,s,0,22,s,4,0,0,9,29,0,3,17,s,1,2,1
I528,0,0,s,0,1,4,0,2,3,1,s,0,0,6,s,0,22,s,4,0,0,9,29,0,3,17,s,1,2,1
I529,6,19,s,0,1,4,0,2,3,1,s,0,0,6,s,0,22,s,4,0,0,9,29,0,3,17,s,1,2,1
I530,6,19,s,0,1,4,0,2,3,1,s,0,0,6,s,0,22,s,4,9,0,9,29,0,3,17,s,1,2,1
1381,6,19,s,d,1,4,d,2,d,1,s,0,0,6,s,0,22,s,4,9,0,9,d,d,3,17,s,1,d,1
1380,6,19,s,0,1,4,0,2,3,d,s,0,0,6,s,0,22,s,4,9,0,d,29,0,3,d,s,1,2,1
I531,6,19,s,0,1,4,0,2,3,1,s,0,0,6,s,0,22,s,4,0,0,9,29,0,3,17,s,1,2,1
1655,6,19,s,0,1,4,0,2,3,1,s,d,0,d,s,0,d,s,4,0,0,9,29,d,3,17,s,1,2,1
1654,6,19,s,0,1,d,0,2,3,1,s,d,0,6,s,d,22,s,4,0,0,d,29,0,3,17,s,1,d,1
I532,0,0,s,0,1,4,0,2,3,1,s,0,0,6,s,9,22,s,4,0,1,9,29,0,3,17,s,1,2,1
1388,d,0,s,0,1,4,6,2,3,d,s,0,0,6,s,9,22,s,4,0,d,d,29,0,3,17,s,1,2,1
1392,d,0,s,0,d,4,d,2,3,d,s,5,0,6,s,9,22,s,4,0,1,9,29,d,3,17,s,1,2,1
I535,0,0,s,0,0,4,0,2,3,1,4,9,0,6,s,0,22,s,4,0,0,9,29,36,3,17,s,1,2,1
1237,0,48,s,s,0,4,0,2,3,1,4,9,d,6,s,0,22,s,4,d,1,9,29,36,3,17,s,1,2,d
I539,0,0,s,0,0,4,0,2,3,1,4,9,33,6,s,0,22,s,4,0,0,9,29,36,3,17,s,1,2,1
1155,d,2,s,d,0,4,0,2,3,1,4,9,33,d,s,0,22,s,4,d,d,9,29,36,d,17,s,1,2,1
1175,0,0,s,0,0,4,0,2,3,1,d,9,33,6,s,0,22,s,4,46,1,d,29,36,d,17,s,1,2,1
I542,0,0,0,0,0,4,0,2,0,1,4,0,0,6,s,0,0,1,4,0,0,0,29,0,0,17,s,1,2,1
I543,0,27,0,0,0,4,0,2,0,1,4,0,0,6,s,0,34,1,4,0,0,0,29,0,0,17,s,1,2,1
I544,s,27,0,0,0,4,0,2,0,1,4,0,0,6,s,0,34,1,4,0,0,0,29,0,0,17,s,1,2,1
I545,s,27,0,0,0,4,0,2,0,1,4,0,0,6,s,8,34,1,4,12,0,0,29,0,0,17,s,1,2,1
1182,s,27,0,0,0,4,11,2,0,1,4,0,0,6,s,8,34,1,d,12,0,0,s,31,0,17,s,1,2,1
1083,s,27,0,1,0,4,0,2,4,1,4,d,0,d,s,8,34,1,4,d,0,0,29,0,s,17,s,1,2,d
I551,s,27,0,2,0,4,0,2,4,1,4,0,0,6,s,0,34,1,4,0,0,4,29,33,0,17,s,1,2,1
1127,s,27,0,2,0,4,0,2,4,1,4,d,0,6,s,0,34,1,4,0,0,d,29,33,0,17,s,1,2,1
1126,s,27,0,2,0,d,d,2,4,1,4,0,0,6,s,d,34,1,4,20,0,4,29,33,0,17,s,1,2,1
I552,0,27,0,0,0,4,22,2,0,1,4,0,0,6,s,0,34,1,4,0,0,0,s,0,29,17,s,1,2,1
I553,0,27,0,0,0,4,22,2,0,1,4,0,0,6,s,0,34,1,4,0,0,s,s,0,29,17,s,1,2,1
1088,0,27,d,0,0,d,22,d,0,1,4,0,0,s,s,d,34,1,4,0,0,s,s,0,29,17,s,1,2,1
1203,0,d,d,2,d,4,22,d,d,1,4,0,d,6,s,0,34,1,4,0,d,s,s,0,29,17,s,1,2,1
I558,0,27,0,0,0,4,s,2,0,1,4,12,0,6,s,0,s,1,4,0,0,0,s,0,29,17,s,1,2,1
2016,0,27,0,0,d,4,s,2,0,1,d,12,0,6,s,0,s,1,4,0,1,d,s,0,29,17,s,1,2,1
2039,0,27,0,0,0,4,s,2,0,1,4,12,0,6,s,0,s,1,4,23,0,0,s,0,29,17,s,1,2,1
I561,0,0,0,0,s,4,0,2,0,1,4,0,0,6,s,0,0,1,4,0,0,0,29,0,16,17,s,1,2,1
1195,s,0,23,0,s,4,7,2,0,d,4,0,0,6,s,0,0,1,4,d,0,0,d,0,16,17,s,1,2,1
I569,0,0,0,0,s,4,0,2,0,1,4,0,0,s,s,0,0,1,4,0,0,0,29,0,16,s,s,1,2,1
I570,3,0,0,0,s,4,0,2,0,1,4,0,0,s,s,0,0,1,4,0,0,0,29,0,16,s,s,1,2,1
I571,3,9,0,0,s,4,0,2,0,1,4,0,0,s,s,0,0,1,4,0,1,0,29,0,16,s,s,1,2,1
1295,3,9,0,0,s,4,0,2,0,1,4,0,d,s,s,0,0,1,4,0,1,d,29,0,16,s,s,1,2,1
1294,3,s,d,0,s,4,0,2,0,1,4,0,d,s,s,0,0,1,4,0,d,0,29,0,d,s,s,1,2,d
I572,3,0,0,0,s,4,0,2,0,1,4,1,7,s,s,0,0,1,4,0,0,0,29,0,16,s,s,1,2,1
1353,3,0,7,0,s,4,d,2,0,1,4,1,7,s,s,0,0,1,4,0,0,0,d,0,16,s,s,s,d,1
1352,3,0,0,d,s,4,0,2,0,1,4,1,7,s,s,0,26,d,4,d,0,0,d,20,16,s,s,1,2,1
I573,0,0,0,0,s,4,0,2,0,1,4,0,0,s,s,0,0,1,4,22,1,0,29,s,16,s,s,1,2,1
1550,0,d,0,0,s,4,0,d,d,1,4,0,d,s,s,0,s,1,4,d,1,9,29,s,16,s,s,1,2,1
I575,0,0,0,0,s,4,0,2,0,1,4,0,0,s,s,0,0,1,4,22,1,0,29,s,16,s,s,1,2,1
1197,0,37,0,0,s,d,0,2,0,1,4,0,0,s,s,0,0,1,4,22,1,d,d,s,16,s,s,1,2,1
1196,0,0,s,d,s,4,0,2,0,1,4,0,0,s,s,0,d,1,d,22,1,0,29,s,16,s,s,1,2,1
I576,0,0,0,0,0,4,0,2,0,1,4,0,0,6,s,0,0,1,s,0,0,0,29,0,3,17,s,1,2,1
I577,20,0,0,0,0,4,0,2,0,1,4,0,0,6,s,0,0,1,s,0,0,0,29,0,3,17,s,1,2,1
I578,20,0,0,0,0,4,0,2,0,1,4,0,0,6,s,0,19,1,s,1,0,0,29,0,3,17,s,1,2,1
I579,20,0,0,3,0,4,0,2,0,1,4,0,0,6,s,0,19,1,s,1,0,16,29,0,3,17,s,1,2,1
I580,20,0,0,3,4,4,0,2,0,1,4,0,0,6,s,9,19,1,s,1,0,16,29,0,3,17,s,1,2,1
I581,20,0,0,3,s,4,0,2,0,1,4,0,12,6,s,9,19,1,s,1,0,16,29,0,3,17,s,1,2,1
1835,20,0,0,3,s,4,0,2,0,1,4,0,12,6,s,d,19,1,s,1,0,16,29,d,3,17,s,1,2,d
1834,20,0,0,3,s,d,0,2,0,1,4,0,12,d,s,9,19,1,s,1,0,16,29,0,3,17,s,1,2,1
I582,20,0,0,3,4,4,0,2,0,1,4,0,0,6,s,9,19,1,s,1,0,16,29,0,3,17,s,1,2,1
1671,20,0,0,d,4,4,0,2,0,1,4,0,d,d,s,9,19,1,s,1,d,16,29,0,3,17,s,1,2,1
1670,20,0,0,3,d,4,0,2,0,1,4,0,0,6,s,9,19,1,s,1,1,16,29,0,3,17,s,1,2,1
I583,20,0,0,3,0,4,0,2,1,1,4,0,0,6,s,0,19,1,s,1,0,16,29,0,3,17,s,1,2,1
I584,20,0,0,3,0,4,0,2,1,1,4,0,0,6,s,0,19,1,s,1,0,16,29,0,3,17,s,1,2,1
1949,20,d,0,3,0,d,0,2,1,1,4,0,0,6,s,0,d,1,s,1,0,16,29,0,3,17,s,1,2,1
1948,20,0,d,3,0,4,0,2,1,d,4,0,0,d,s,0,19,1,s,1,0,d,29,0,3,17,s,1,2,1
I585,20,0,0,3,0,4,0,2,1,1,4,0,0,6,s,0,19,1,s,1,1,16,29,0,3,17,s,1,2,1
1749,20,0,0,3,0,4,0,2,1,d,4,0,0,6,s,14,s,1,s,1,1,16,d,0,d,17,s,d,2,1
1748,20,0,0,3,0,4,0,2,1,1,d,0,0,6,s,0,19,1,s,1,1,16,d,0,d,17,s,1,2,1
I586,20,0,0,0,4,4,0,2,0,1,4,0,0,6,s,0,19,1,s,1,1,5,29,0,3,17,s,1,2,1
I588,20,0,0,0,4,4,5,2,0,1,4,0,0,6,s,0,19,1,s,1,1,5,29,0,3,17,s,1,2,1
1269,20,0,0,2,4,4,5,d,0,1,4,0,0,6,s,0,19,d,s,1,d,5,29,0,3,d,s,1,2,d
1268,d,0,0,0,4,4,5,2,0,1,4,0,0,6,s,0,19,1,s,1,1,d,29,0,3,17,s,1,2,1
I590,20,0,0,0,4,4,25,2,0,1,4,0,0,6,s,0,19,1,s,1,1,5,29,0,3,17,s,1,2,1
1910,20,0,0,0,4,4,25,2,0,1,4,0,0,6,s,0,d,1,s,1,d,d,29,0,3,17,s,1,2,d
1340,20,0,19,0,4,4,25,2,1,1,4,d,11,d,s,0,19,1,s,1,d,d,29,0,3,d,s,1,2,d
I593,20,0,4,0,0,4,0,2,0,1,4,0,0,6,s,0,0,1,s,0,0,0,29,0,3,17,s,1,2,1
I594,20,0,4,0,0,4,0,2,4,1,4,0,0,6,s,0,8,1,s,0,0,s,29,0,s,17,s,1,2,1
I595,20,0,4,0,0,4,25,2,4,1,4,0,0,6,s,0,8,1,s,0,0,s,29,0,s,17,s,1,2,1
1199,20,2,4,s,0,4,25,2,4,1,4,0,s,6,s,0,8,1,s,0,0,s,29,0,s,17,s,1,2,1
I597,20,0,4,0,0,4,25,2,4,1,4,0,0,6,s,0,8,1,s,0,0,s,29,0,s,17,s,1,2,1
I598,20,0,4,0,0,4,25,2,4,1,4,0,0,6,s,5,8,1,s,0,0,s,29,0,s,17,s,1,2,1
2011,20,0,4,0,0,4,d,2,4,1,4,d,0,6,s,5,8,1,s,0,0,s,29,0,s,17,s,1,d,1
2010,20,0,d,0,0,d,25,2,4,1,4,0,0,d,s,5,8,1,s,0,0,s,29,0,s,17,s,1,d,1
2003,20,27,4,d,0,4,25,2,d,1,4,0,0,6,s,0,8,1,s,0,0,s,29,0,s,17,s,1,2,1
1327,20,0,4,2,d,4,0,2,4,1,d,0,d,6,s,d,d,1,s,d,0,s,29,0,s,17,s,1,2,1
I603,20,0,4,0,0,4,0,2,0,1,4,0,0,6,s,0,0,1,s,0,0,5,29,0,3,17,s,1,2,1
I604,20,0,4,0,0,4,0,2,0,1,4,0,0,6,s,0,0,1,s,0,0,5,29,11,3,17,s,1,2,1
1419,20,0,4,0,d,4,7,2,0,1,s,0,d,6,s,0,0,1,s,s,0,d,29,11,3,17,s,1,2,1
1087,20,d,4,0,0,4,0,2,0,1,4,0,0,6,s,0,0,1,s,0,1,5,29,11,3,s,s,s,2,1
I607,20,0,s,0,0,4,0,2,0,1,4,0,0,6,s,0,0,1,s,0,0,5,29,0,3,17,s,1,2,1
1207,20,0,s,d,1,4,5,2,4,1,4,0,0,6,s,0,0,1,s,d,0,d,29,0,3,17,s,1,d,1
I609,20,0,s,0,0,4,0,2,0,1,4,0,0,6,s,0,0,1,s,0,0,5,29,s,3,17,s,1,2,1
1179,20,22,s,0,0,d,0,d,0,1,4,0,0,6,s,d,0,1,s,0,0,5,29,s,d,17,s,1,2,1
1178,20,0,s,1,0,4,d,2,0,1,4,0,0,6,s,0,d,1,s,0,0,5,29,s,3,17,s,1,2,1
I610,0,0,12,0,0,4,0,2,0,1,4,0,0,6,s,0,15,1,s,0,0,0,29,0,3,s,s,1,2,1
I611,0,0,12,0,0,4,0,2,0,1,4,0,0,6,s,3,15,1,s,0,0,0,29,0,3,s,s,1,2,1
I616,15,1,12,0,0,4,0,2,0,1,4,0,0,6,s,3,15,1,s,0,0,0,29,0,3,s,s,s,2,1
1452,15,1,12,0,0,4,0,d,0,1,4,0,0,6,s,3,15,1,s,d,0,d,29,0,3,s,s,s,2,1
I618,15,1,12,0,0,4,0,2,0,1,4,0,0,6,s,3,15,1,s,0,1,0,29,0,3,s,s,s,2,1
1533,15,d,12,0,d,4,0,d,d,1,4,d,0,6,s,3,15,1,s,0,1,0,29,0,3,s,s,s,2,1
1532,15,1,12,0,d,4,0,d,0,1,4,8,0,6,s,3,15,1,s,0,1,0,29,0,d,s,s,s,2,1
I619,0,0,12,0,0,4,0,2,0,1,4,0,0,6,s,3,15,1,s,0,0,0,29,30,3,s,s,1,2,1
I620,0,0,12,0,0,4,0,2,0,1,4,0,0,6,s,3,15,1,s,0,0,0,29,30,3,s,s,1,2,1
1460,14,0,12,0,s,4,0,2,0,1,4,0,0,6,s,3,15,1,s,0,0,0,29,30,d,s,s,1,2,1
1201,0,0,12,0,0,4,0,2,3,1,4,0,0,6,s,s,15,d,s,0,0,0,29,d,3,s,s,1,2,1
I623,0,0,12,0,0,4,0,2,0,1,4,0,0,6,s,3,15,1,s,1,0,0,29,30,3,s,s,1,2,1
I624,0,0,12,0,0,4,0,2,0,1,4,0,0,6,s,3,15,1,s,1,0,0,29,30,3,s,s,1,2,1
1325,0,0,12,0,0,4,0,2,0,1,4,0,0,6,s,3,15,d,s,d,0,0,29,30,3,s,s,1,2,d
1324,0,0,12,d,0,4,0,2,0,1,4,0,0,6,s,3,15,1,s,d,0,0,29,30,d,s,s,1,2,1
1398,0,0,12,0,d,4,0,2,d,1,4,0,0,6,s,3,15,1,s,1,0,0,s,30,3,s,s,1,2,1
I626,0,0,12,0,0,4,0,2,3,1,4,0,0,6,s,0,15,1,s,0,0,0,29,0,3,s,s,1,2,1
I627,0,0,12,2,0,4,28,2,3,1,4,0,0,6,s,0,15,1,s,0,0,0,29,0,3,s,s,1,2,1
I628,0,0,12,2,0,4,28,2,3,1,4,0,0,6,s,0,15,1,s,0,0,0,29,31,3,s,s,1,2,1
1184,d,0,12,2,0,4,d,2,d,1,4,d,0,6,s,0,15,1,s,d,d,0,29,31,d,s,s,1,d,1
1317,0,0,d,2,0,4,28,d,3,1,d,0,0,6,s,0,15,s,s,d,d,0,29,31,3,s,s,1,2,1
I631,0,0,12,2,1,4,28,2,3,1,4,0,0,6,s,0,15,1,s,0,0,0,29,s,3,s,s,1,2,1
1384,0,0,12,2,1,4,28,2,3,1,d,0,0,6,s,0,15,1,s,0,d,0,d,s,3,s,s,d,2,1
I633,0,0,12,2,1,4,28,2,3,1,4,0,0,6,s,0,15,1,s,0,s,0,29,s,3,s,s,1,2,1
1413,d,0,12,d,1,4,28,2,3,1,4,0,0,6,s,0,d,1,s,d,s,d,29,s,3,s,s,1,d,1
1412,0,0,d,2,1,4,28,d,d,1,4,d,0,d,s,0,15,1,s,0,s,0,29,s,3,s,s,1,d,d
I634,0,0,12,2,0,4,0,2,3,1,4,0,0,6,s,0,15,1,s,38,0,0,29,12,3,s,s,1,2,1
I635,0,0,12,2,0,4,0,2,3,1,4,0,0,6,s,0,15,1,s,38,0,0,29,12,3,s,s,1,2,1
I636,0,0,12,2,0,4,0,2,3,1,4,0,0,6,s,0,15,1,s,38,0,0,29,12,3,s,s,1,2,1
1335,0,0,12,2,d,4,0,2,d,1,d,0,d,6,s,0,15,1,s,38,d,d,29,d,3,s,s,1,2,1
1334,0,0,12,d,0,4,0,2,3,1,4,0,0,6,s,0,15,1,s,38,0,d,29,12,3,s,s,1,2,d
I637,0,0,12,2,0,4,0,2,3,1,4,0,0,6,s,0,15,1,s,38,0,0,29,12,3,s,s,1,2,1
1485,0,0,d,2,4,d,0,2,3,1,d,0,0,6,s,0,15,1,s,d,0,0,29,d,3,s,s,1,2,1
1484,d,0,12,2,d,d,0,2,3,1,4,0,0,6,s,0,15,1,s,38,d,0,29,12,3,s,s,1,2,1
I639,0,2,12,2,1,4,0,2,3,1,4,0,0,6,s,0,15,1,s,38,0,0,29,12,3,s,s,1,2,1
1469,0,d,12,2,1,4,0,2,3,1,4,d,11,6,s,0,15,1,s,38,0,d,29,12,3,s,s,1,2,1
1468,0,2,12,d,d,4,d,d,3,1,4,0,0,6,s,0,15,1,s,38,0,d,29,12,3,s,s,d,2,1
I641,0,0,2,0,0,4,0,2,0,0,4,0,0,0,s,0,0,1,4,0,0,3,0,0,0,17,0,1,2,1
I642,0,0,2,0,0,4,2,2,0,0,4,8,0,0,s,1,13,1,4,0,0,3,0,0,0,17,0,1,2,1
I643,0,0,2,0,0,4,2,2,0,0,4,8,0,0,s,1,13,1,4,0,0,3,0,0,0,17,0,1,2,1
I644,0,0,2,0,0,4,2,2,0,0,4,8,0,0,s,1,13,1,4,0,0,3,0,0,0,17,28,1,2,1
I650,0,0,2,2,0,4,2,2,0,1,4,8,0,0,s,1,13,1,4,0,s,3,3,0,37,17,28,1,2,1
1819,0,0,2,2,0,4,2,2,0,1,4,d,0,0,s,d,d,1,4,0,s,3,3,0,d,17,28,1,2,1
1818,0,d,d,2,d,4,2,d,0,1,4,d,0,d,s,1,s,1,4,0,s,3,3,0,37,17,28,1,2,1
I652,0,0,2,0,0,4,2,2,0,0,4,8,0,0,s,1,13,1,4,0,0,3,0,4,0,17,28,1,2,1
I653,33,0,2,0,0,4,2,2,0,0,4,8,0,0,s,1,13,1,4,0,0,3,0,4,0,17,28,1,2,1
1288,33,0,2,0,2,4,2,2,0,d,4,8,0,d,s,1,13,d,4,0,0,3,0,4,0,d,28,1,2,1
I655,33,0,2,0,0,4,2,2,0,1,4,8,0,0,s,1,13,1,4,0,0,3,0,4,10,17,28,1,2,1
1519,33,0,2,0,0,4,2,2,0,1,d,d,0,6,s,1,13,1,4,0,0,3,0,4,10,d,28,1,2,1
1518,33,0,2,0,0,4,2,2,0,1,4,8,0,0,s,1,13,d,d,0,0,3,0,d,10,17,28,1,2,1
I656,0,0,2,0,0,4,2,2,0,0,4,8,0,0,s,1,13,1,4,0,0,3,0,4,0,17,28,1,2,1
1636,0,0,2,0,d,4,d,2,0,0,4,8,0,0,s,1,13,1,4,0,d,3,s,4,1,17,28,1,2,1
1701,d,0,2,d,0,d,d,2,3,0,4,8,d,0,s,1,13,1,4,0,1,3,26,4,0,17,28,1,2,1
I659,0,0,2,0,0,4,2,2,0,0,4,8,0,0,s,1,13,1,4,3,0,3,0,0,0,17,0,1,2,1
I660,0,0,2,0,1,4,2,2,0,0,4,8,0,0,s,1,13,1,4,3,0,3,0,0,0,17,0,1,2,1
I661,0,0,2,0,1,4,2,2,0,0,4,8,29,0,s,1,13,1,4,3,0,3,0,0,0,17,0,1,2,1
1228,0,0,2,0,1,4,2,2,0,0,4,8,29,11,s,1,d,1,4,3,0,3,0,0,0,17,0,1,2,1
I663,0,0,2,0,1,4,2,2,0,2,4,8,29,0,s,1,13,1,4,3,0,3,0,0,0,17,0,1,2,1
1221,0,0,2,0,1,4,2,2,d,d,4,8,d,d,s,1,13,1,4,3,0,3,0,0,0,17,0,1,2,1
1220,0,0,2,3,1,d,d,2,0,2,4,8,29,0,s,1,13,1,4,3,0,3,0,0,0,17,0,1,2,1
I664,0,0,2,0,1,4,2,2,0,0,s,8,0,0,s,1,13,1,4,3,0,3,0,0,0,17,0,1,2,1
I665,0,0,2,0,1,4,2,2,0,0,s,8,0,0,s,1,13,1,4,3,0,3,0,0,0,17,0,1,2,1
1471,d,0,2,0,1,4,2,d,0,0,s,8,0,0,s,1,13,1,4,3,0,3,0,0,0,d,0,1,2,1
1470,0,d,2,0,1,4,2,2,5,0,s,d,0,0,s,1,d,1,4,3,0,3,0,0,0,17,0,1,2,1
1402,0,6,2,0,1,4,2,d,0,d,s,8,0,0,s,1,13,1,4,d,0,3,d,0,d,17,0,1,2,1
I667,0,0,2,0,0,4,2,2,4,0,4,8,0,0,s,1,13,1,4,3,1,3,0,0,0,17,0,1,2,1
I668,0,0,2,0,0,4,2,2,4,0,4,8,0,0,s,1,13,1,4,s,1,3,0,0,0,17,0,1,2,1
I669,0,0,2,0,0,4,2,2,4,0,4,8,16,0,s,1,13,1,4,s,1,3,0,12,0,17,0,1,2,1
1561,20,0,2,0,d,4,2,2,4,0,4,8,16,0,s,1,d,d,4,s,1,d,d,12,0,17,d,1,2,d
1560,0,0,2,0,0,4,2,2,4,0,4,d,16,0,s,1,d,d,4,s,d,d,0,12,0,17,0,1,2,1
1620,0,0,2,0,0,4,2,d,4,0,4,8,0,0,s,1,13,1,4,s,1,d,0,0,29,d,0,1,2,1
I671,0,0,2,0,0,4,2,2,4,0,4,8,0,0,s,1,13,1,4,3,1,3,0,0,10,17,0,1,2,1
I672,0,0,2,0,0,4,2,2,4,0,4,8,0,0,s,1,13,1,4,3,1,3,0,0,10,17,0,1,2,1
1631,d,0,2,0,0,4,2,2,4,0,4,d,d,0,s,1,13,1,4,3,1,3,0,0,10,17,0,1,2,1
1630,0,0,2,0,0,4,2,2,4,d,4,8,0,0,s,1,d,d,4,3,1,3,0,0,10,17,0,1,2,d
I673,0,22,2,0,0,4,2,2,4,0,4,8,0,0,s,1,13,1,4,3,1,3,0,0,10,17,0,s,2,1
1779,0,22,2,0,0,4,2,2,4,0,4,8,0,0,s,1,13,1,d,3,1,3,0,0,10,17,6,s,2,1
1778,d,22,2,0,0,4,2,2,4,0,d,8,0,d,s,1,13,1,4,3,d,3,0,0,10,17,0,s,d,1
I674,0,0,2,0,0,4,2,2,0,0,4,8,0,0,s,1,13,1,4,0,0,3,0,0,0,17,0,1,2,1
I675,0,0,2,0,0,4,2,2,0,0,4,8,28,0,s,1,13,1,4,0,1,3,0,0,0,17,0,1,2,1
I676,0,0,2,0,1,4,2,2,0,0,4,8,28,0,s,1,13,1,4,0,1,3,0,0,0,17,0,1,2,1
1540,0,0,d,0,1,4,2,2,4,d,4,8,28,0,s,s,13,1,4,1,1,3,12,0,0,17,0,1,2,1
I680,0,0,2,0,1,4,2,2,0,0,4,8,28,8,s,1,13,1,4,0,1,3,0,0,0,17,0,1,2,1
1296,0,0,2,0,d,4,2,d,0,0,4,s,28,d,s,1,13,1,4,d,1,3,d,0,0,17,d,1,2,s
1134,0,48,2,0,1,4,2,2,d,1,4,8,28,8,s,s,13,1,4,0,1,3,0,d,d,17,0,1,2,1
I683,0,0,2,0,0,4,2,2,0,0,4,8,28,0,s,1,13,s,4,0,1,3,0,0,22,17,0,1,2,1
1855,0,0,2,0,0,4,d,2,2,1,4,8,28,3,s,1,13,s,4,0,1,3,0,d,22,d,0,1,2,1
I687,0,0,2,0,0,4,2,2,0,0,4,8,28,0,s,1,13,s,4,0,1,3,0,0,22,17,0,1,2,1
I688,0,0,2,0,0,4,2,2,0,0,4,8,28,0,s,1,13,s,4,0,1,3,0,0,22,17,0,1,2,s
1531,d,0,2,0,0,d,d,2,0,0,d,8,28,0,s,1,13,s,4,0,d,d,0,2,22,17,0,1,2,s
1530,0,47,2,0,0,4,2,2,0,0,s,8,28,0,s,1,13,s,d,d,1,d,0,0,22,17,0,1,2,s
1527,0,d,2,0,0,4,2,2,0,0,d,8,28,0,s,1,13,s,d,0,1,d,0,0,22,17,0,1,s,1
I690,0,0,2,s,0,4,2,2,0,0,4,8,0,14,s,1,13,1,4,0,0,3,0,0,8,17,0,1,2,1
I691,0,0,2,s,0,4,2,2,0,0,4,8,0,14,s,1,13,1,4,0,0,3,0,0,8,17,0,1,2,1
I694,0,47,2,s,0,4,2,2,1,0,4,8,13,14,s,1,13,1,4,47,1,3,0,0,8,s,0,1,2,1
1189,0,47,2,s,0,d,2,2,d,0,4,8,13,14,s,1,13,d,4,47,1,3,d,24,8,s,0,1,2,d
1188,d,47,2,s,0,4,2,2,1,0,4,8,13,14,s,1,13,1,4,47,1,3,0,0,d,s,d,1,2,1
I695,0,0,2,s,0,4,2,2,0,1,4,8,0,14,s,1,13,1,4,0,0,3,0,0,s,17,0,1,2,1
1463,d,19,2,s,0,4,2,2,d,1,4,8,30,14,s,d,13,1,4,0,0,3,d,0,s,17,0,1,d,1
I697,1,0,2,s,0,4,2,2,0,1,4,8,0,14,s,1,13,1,4,0,0,3,9,0,s,17,0,1,2,1
1511,d,0,2,s,0,4,2,2,0,1,4,8,0,14,s,1,13,1,4,0,0,3,9,0,s,17,10,1,d,1
1510,1,0,d,s,0,4,2,2,0,1,4,8,0,14,s,1,13,1,4,0,0,3,9,0,s,17,0,1,2,1
I698,0,0,2,s,0,4,2,2,0,0,4,8,0,14,s,1,13,1,4,0,0,3,0,0,8,17,0,1,2,s
1275,0,27,2,s,0,4,2,d,0,0,4,8,s,14,s,1,13,s,4,20,0,3,d,s,8,17,0,1,2,s
1307,0,4,2,s,0,4,2,2,4,0,4,8,0,14,s,1,d,1,d,22,0,3,0,0,8,17,0,1,2,s
I705,0,0,2,0,0,4,0,2,0,0,4,0,0,0,s,0,0,1,4,0,0,3,0,0,0,17,13,1,2,1
I706,0,0,2,0,0,4,0,s,0,0,4,0,0,0,s,0,0,1,4,0,0,3,0,0,0,17,13,1,2,1
I707,0,0,2,0,0,4,0,s,0,0,4,0,0,0,s,0,0,1,4,0,0,3,0,0,0,17,13,1,2,1
I708,0,0,2,0,0,4,0,s,0,0,4,0,0,0,s,0,0,1,4,0,0,3,16,0,0,17,13,1,2,1
I710,0,27,2,0,1,4,0,s,0,0,4,0,0,0,s,0,10,1,4,0,0,3,16,0,0,17,13,1,2,1
1233,0,27,2,0,1,4,0,s,d,1,4,0,0,d,s,5,10,1,4,0,0,3,16,0,0,s,13,1,2,1
1232,0,d,2,0,1,4,0,s,d,0,4,s,0,0,s,0,10,1,4,0,0,3,16,0,d,17,d,1,2,1
I712,0,s,2,0,0,4,0,s,0,2,4,s,0,0,s,8,0,1,4,0,0,3,16,0,0,s,13,1,2,1
1386,0,s,2,0,0,4,s,s,0,d,4,s,d,0,s,8,d,1,4,0,1,3,d,0,0,s,13,1,2,1
I714,0,s,2,0,0,4,0,s,0,2,4,s,0,0,s,8,0,1,4,0,0,3,16,12,0,s,13,1,2,1
1673,0,s,2,2,0,4,d,s,0,2,4,s,0,0,s,8,0,1,d,0,0,3,16,12,0,s,13,1,2,1
1672,0,s,2,0,0,4,0,s,0,2,d,s,0,0,s,8,d,1,4,0,0,3,16,12,0,s,13,1,2,1
I715,0,0,2,0,0,4,0,s,0,0,4,0,12,0,s,0,0,1,4,0,0,3,0,0,0,17,13,1,2,1
I716,0,0,2,0,0,4,0,s,0,0,4,0,12,0,s,0,0,1,4,0,0,3,0,s,0,17,13,1,2,1
1722,0,0,2,0,0,d,0,s,0,0,4,0,12,0,s,d,0,1,4,1,0,3,0,s,d,17,13,1,d,d
1817,0,0,2,0,0,s,1,s,4,0,d,0,12,7,s,0,29,1,d,20,0,d,0,s,0,17,d,1,2,1
1857,0,0,2,0,0,4,21,s,0,0,4,8,12,11,s,0,0,1,4,0,0,3,0,0,0,17,13,1,2,1
I722,0,0,2,0,0,4,0,s,0,0,4,0,0,0,s,0,13,1,4,0,s,3,0,0,3,17,13,1,2,1
I723,0,0,2,0,0,4,0,s,0,0,4,0,0,0,s,0,13,1,4,0,s,3,16,0,3,17,13,1,2,1
I724,0,0,2,0,0,4,0,s,0,0,4,0,0,0,s,0,13,1,4,0,s,3,16,0,3,17,13,1,2,1
1576,0,0,2,2,d,4,0,s,0,0,4,0,0,d,s,d,13,1,4,0,s,3,d,0,3,d,13,1,2,d
I726,0,0,2,0,0,4,0,s,0,0,4,0,38,0,s,0,13,1,4,0,s,3,16,0,3,17,13,1,2,1
1647,0,0,2,0,0,4,0,s,0,0,4,0,38,0,s,0,13,1,4,46,s,3,16,0,3,17,13,1,2,1
1646,0,0,2,0,0,4,0,s,0,0,4,d,38,23,s,0,13,1,4,0,s,3,16,0,3,d,d,1,2,1
I727,0,0,2,s,0,4,0,s,4,0,4,0,20,23,s,0,13,1,4,9,s,3,16,2,3,17,13,1,2,1
I728,0,0,2,s,0,4,0,s,4,0,4,0,20,23,s,3,13,1,4,9,s,3,16,2,3,17,13,1,2,1
1947,0,0,2,s,0,4,0,s,4,0,d,0,20,23,s,d,13,1,4,9,s,3,16,2,d,17,13,1,2,1
1946,s,0,2,s,0,4,0,s,4,0,d,0,20,23,s,3,13,1,4,9,s,3,16,2,3,17,d,1,2,1
I729,0,0,2,s,1,4,0,s,4,0,4,0,20,23,s,0,s,1,4,9,s,3,16,2,3,17,13,1,2,1
2035,0,d,2,s,d,4,0,s,d,0,4,0,d,23,s,0,s,1,4,9,s,3,16,2,3,17,13,1,2,1
2034,0,0,d,s,1,4,0,s,4,0,4,0,d,23,s,d,s,1,4,9,s,3,16,2,d,17,13,1,2,1
I730,s,0,2,0,0,4,5,s,0,0,4,0,17,0,s,0,13,1,4,0,s,3,16,0,3,17,13,1,2,1
I731,s,0,2,0,0,4,5,s,0,0,4,0,17,0,s,6,13,1,4,0,s,3,16,0,3,17,13,1,2,1
1872,s,0,2,0,s,4,5,s,0,d,4,0,17,0,s,6,13,1,d,0,s,3,16,d,3,17,13,1,2,1
I733,s,0,2,0,0,4,5,s,0,0,4,8,17,0,s,6,13,1,4,0,s,3,16,0,3,17,13,1,2,1
2023,s,0,d,0,0,4,5,s,0,0,4,8,17,0,s,6,13,1,4,d,s,3,16,0,3,17,13,1,2,1
2022,s,0,2,0,0,4,5,s,0,0,4,8,17,0,s,6,13,1,4,0,s,3,16,0,3,17,13,1,2,1
I734,s,0,2,0,0,4,5,s,0,0,4,0,17,0,s,0,13,1,4,0,s,3,16,0,3,17,13,1,2,1
1988,s,d,2,d,0,4,5,s,6,0,4,0,17,0,s,19,13,1,4,0,s,3,16,0,3,d,13,1,2,1
2018,s,0,2,0,0,4,5,s,0,1,4,0,17,d,s,0,13,d,4,40,s,3,d,0,d,17,s,1,2,1
I737,0,s,2,0,0,4,0,2,0,0,4,8,0,0,s,0,0,1,4,9,0,3,0,0,0,17,13,1,2,1
I738,0,s,2,0,0,4,0,2,0,2,4,8,0,0,s,0,29,1,4,9,0,3,3,0,0,17,13,1,2,1
I739,0,s,2,2,0,4,7,2,0,2,4,8,0,0,s,0,29,s,4,9,0,3,3,0,0,17,13,1,2,1
I741,2,s,2,2,0,4,7,2,0,2,4,8,0,0,s,s,29,s,4,9,0,3,3,0,0,17,13,1,2,1
1261,2,s,2,2,0,4,d,d,0,2,4,8,0,0,s,s,29,s,4,9,0,3,3,d,d,17,13,1,2,1
1260,2,s,2,2,0,4,7,2,0,2,4,8,0,0,s,s,29,s,4,9,0,3,3,38,0,17,13,1,d,1
1367,4,s,2,2,0,d,7,2,d,2,4,8,0,0,s,0,29,s,4,9,0,3,3,d,d,17,s,1,2,1
I746,0,s,2,0,0,4,0,2,0,2,4,8,s,0,s,0,29,1,4,9,0,3,3,0,0,17,13,1,2,1
I747,0,s,2,0,0,4,0,2,3,2,4,8,s,0,s,0,29,1,4,9,0,3,3,0,0,17,13,1,2,1
1497,d,s,2,0,0,4,0,2,3,d,4,8,s,0,s,0,29,d,4,9,0,3,3,0,0,17,13,1,d,1
1321,0,s,2,0,0,d,0,d,3,2,4,8,s,0,s,0,29,1,4,9,d,3,3,0,0,17,13,1,d,1
I750,0,s,2,0,0,4,0,2,2,2,4,8,s,0,s,0,29,1,4,9,s,3,3,18,0,17,13,1,2,1
I751,0,s,2,0,0,4,0,2,2,2,4,8,s,0,s,0,29,1,4,9,s,3,3,18,0,17,13,1,2,1
1363,d,s,2,0,s,4,0,2,2,2,4,8,s,0,s,0,29,1,4,9,s,3,3,18,0,17,d,1,2,1
1362,0,s,2,0,0,4,0,2,d,2,4,d,s,0,s,0,29,1,4,9,s,3,3,18,0,17,13,1,d,1
1105,d,s,2,0,0,4,0,d,2,2,s,8,s,d,s,d,29,1,4,9,s,3,3,18,4,17,13,1,2,1
I753,0,s,s,0,0,4,0,2,4,1,4,8,0,0,s,2,0,1,4,9,0,3,0,22,0,17,13,1,2,1
I754,0,s,s,0,0,4,0,2,4,1,4,8,12,0,s,2,0,1,4,9,0,3,0,22,0,17,13,s,2,1
I755,0,s,s,0,0,4,0,2,4,1,4,8,12,0,s,2,0,1,4,9,0,3,0,22,14,17,13,s,2,1
I756,0,s,s,0,0,4,0,2,4,1,4,8,12,0,s,2,0,1,4,9,1,3,0,22,14,17,13,s,2,1
1215,0,s,s,2,0,4,0,2,4,d,4,8,12,0,s,d,0,1,4,9,1,3,0,22,14,17,13,s,d,1
1214,0,s,s,0,1,4,0,2,4,1,4,8,12,0,s,d,0,1,4,d,1,d,0,22,14,17,13,s,2,1
1170,0,s,s,0,0,4,0,2,4,1,4,8,12,0,s,2,d,s,4,9,0,3,0,22,14,17,13,s,2,d
I758,0,s,s,0,0,4,0,2,4,1,4,8,12,0,s,2,0,1,4,9,1,3,0,22,0,17,13,s,2,1
1204,0,s,s,0,0,4,0,2,d,1,4,8,12,0,s,d,s,s,4,9,1,3,10,d,17,17,13,s,2,1
1234,0,s,s,d,0,4,d,2,4,1,4,8,12,0,s,2,s,1,4,9,1,3,0,22,0,17,13,s,2,1
I761,0,s,s,0,0,4,0,2,4,1,4,8,0,0,s,2,29,1,4,9,0,3,29,22,0,17,13,1,2,1
1062,20,s,s,0,0,4,s,s,d,1,4,8,0,0,s,2,29,d,4,9,0,3,29,22,0,17,13,1,2,1
I765,0,s,s,0,0,4,0,2,4,1,4,8,0,0,s,2,29,1,4,9,0,3,29,22,0,17,13,1,2,1
I766,0,s,s,0,0,4,5,2,4,1,4,8,0,0,s,2,29,1,4,9,0,3,29,22,31,17,13,1,2,1
1131,0,s,s,0,0,4,5,2,4,1,4,8,0,0,s,2,29,1,4,9,0,3,29,22,31,17,13,1,2,1
1130,0,s,s,0,0,4,5,2,4,1,4,8,0,0,s,2,29,1,4,9,1,3,d,22,31,17,13,1,d,d
1280,d,s,s,0,0,4,0,2,4,s,4,8,0,0,s,2,29,1,4,9,s,3,d,22,0,d,13,1,2,1
I768,0,0,7,0,0,0,0,0,0,0,4,0,0,0,0,6,0,0,4,0,0,0,0,0,0,17,0,0,2,0
I769,0,0,7,0,0,0,0,0,0,0,4,0,0,0,0,6,0,0,4,0,1,0,0,0,0,17,0,0,2,0
I770,0,0,7,s,0,0,0,0,0,0,4,0,3,0,0,6,0,0,4,0,1,0,0,0,0,17,0,0,2,0
I771,0,0,7,s,0,0,0,1,0,0,4,8,3,0,0,6,0,0,4,0,1,0,0,0,0,17,33,0,2,0
I772,0,0,7,s,0,0,0,1,0,0,4,8,3,0,0,6,0,0,4,0,1,16,0,0,0,17,33,0,2,0
I773,32,0,7,s,0,0,25,1,4,0,4,8,3,0,0,6,0,1,4,0,1,16,0,0,0,17,33,0,2,0
1871,32,37,7,s,d,0,25,1,4,1,4,8,3,0,0,6,0,1,4,0,1,16,d,0,0,17,s,0,2,0
I779,32,0,7,s,0,0,25,1,4,0,4,s,3,0,0,6,0,1,4,0,1,16,0,0,0,17,33,0,2,1
1641,32,0,7,s,0,d,d,1,4,0,4,s,3,0,0,6,0,1,4,0,1,16,d,0,0,17,33,0,2,1
1640,32,0,d,s,0,0,25,1,4,0,4,s,3,0,0,6,0,1,d,d,1,16,0,0,0,17,33,0,2,d
I780,0,0,7,s,0,0,0,1,0,0,4,8,3,0,0,6,0,0,4,0,1,16,0,0,0,17,33,0,2,0
I781,0,0,7,s,0,0,0,1,0,0,4,8,3,0,7,6,0,0,4,0,1,16,0,0,0,17,33,0,2,0
I782,0,0,7,s,0,0,0,1,0,0,4,8,3,0,7,6,0,0,4,0,1,16,0,0,0,17,33,0,2,0
1431,0,d,d,s,0,0,0,1,0,0,4,8,3,0,d,6,0,0,4,0,1,d,0,d,0,17,33,0,2,0
1430,0,0,7,s,0,0,0,1,0,d,4,8,3,0,7,6,0,0,d,0,1,16,0,0,0,d,d,0,2,0
1361,0,0,7,s,0,0,0,1,0,0,4,8,d,0,7,6,0,0,4,0,d,16,0,0,8,17,33,0,2,0
I784,0,0,7,s,0,0,0,s,0,0,4,8,3,0,12,6,0,0,4,0,1,16,4,11,0,17,33,0,2,1
1622,0,0,7,s,0,d,0,s,d,0,4,8,3,0,12,6,0,0,4,0,1,16,d,11,0,17,33,6,2,1
I786,0,0,7,s,0,s,0,s,2,0,4,8,3,0,12,6,0,0,4,0,1,16,4,11,0,17,33,0,2,1
1697,0,0,7,s,0,s,0,s,2,0,4,8,d,d,12,6,0,0,4,d,1,16,4,d,0,17,33,0,2,1
1696,s,0,7,s,0,s,0,s,d,0,4,8,3,0,12,6,0,0,4,0,1,16,4,d,0,d,33,0,2,1
I787,0,0,7,s,0,0,0,s,0,0,4,8,3,0,0,6,0,0,4,0,1,0,0,0,0,17,33,0,2,1
I788,0,0,7,s,0,1,0,s,0,0,4,8,3,0,0,6,0,1,4,0,1,0,0,0,0,17,33,0,2,1
I790,0,0,7,s,1,1,0,s,0,0,4,8,3,0,12,6,0,1,4,9,1,0,0,0,s,17,33,0,2,1
1999,33,0,7,s,1,1,0,s,d,0,4,8,3,d,d,6,d,1,4,9,1,0,0,0,s,17,33,0,2,d
1998,0,0,7,s,1,1,0,s,0,0,4,8,3,0,12,6,0,1,4,9,1,0,0,0,s,17,33,0,2,1
I791,0,0,7,s,0,1,0,s,0,0,4,8,3,0,0,s,0,1,4,0,1,0,0,0,0,17,33,0,2,1
1721,0,d,7,s,0,1,0,s,d,d,4,8,3,21,0,s,s,1,4,0,1,0,0,0,d,17,33,0,2,1
1916,0,0,7,s,0,1,0,s,0,0,4,8,3,21,0,s,8,1,4,0,1,0,0,d,0,17,33,0,2,1
I796,0,0,7,s,2,0,0,s,0,0,4,8,s,0,0,6,0,1,4,0,1,0,0,24,0,17,33,0,2,1
1836,0,0,7,s,2,0,0,s,0,0,4,d,s,0,0,6,13,1,4,0,1,0,0,24,0,17,d,0,d,1
1939,0,0,d,s,2,0,0,s,0,0,4,8,s,0,d,6,0,1,4,0,1,9,0,24,0,17,d,0,2,1
I799,0,0,7,s,0,0,0,0,0,0,4,0,3,0,0,6,0,0,4,0,1,0,3,0,0,17,0,0,2,0
I800,0,0,7,s,0,0,0,0,0,0,4,0,3,0,0,6,0,0,4,0,1,0,3,0,0,s,0,0,2,0
1500,d,2,7,s,0,d,0,0,0,1,4,0,s,0,0,6,0,1,d,d,1,11,s,0,0,s,0,8,2,s
I808,0,0,7,s,0,0,0,0,0,0,4,0,3,0,0,6,0,0,4,0,1,0,s,0,0,s,0,0,2,0
I809,0,0,7,s,0,0,0,0,0,0,4,0,3,0,0,6,0,0,4,0,1,0,s,0,0,s,0,0,2,0
1813,s,0,7,s,0,0,d,0,0,0,4,0,3,s,0,6,0,0,4,0,d,0,s,0,0,s,0,0,2,0
1822,0,0,7,s,d,d,0,0,0,0,d,d,3,0,0,d,0,0,4,d,1,0,s,0,d,s,0,d,2,0
I814,0,0,7,s,1,0,2,0,2,0,4,0,3,0,0,6,0,0,4,0,1,0,s,0,0,s,0,0,2,0
1993,0,0,7,s,1,0,d,0,2,d,4,0,3,0,0,6,0,0,4,d,1,d,s,d,0,s,0,0,2,d
1992,0,0,7,s,1,0,2,0,2,0,4,0,d,0,d,6,0,0,4,s,1,d,s,d,0,s,0,d,d,0
I815,0,0,7,s,0,0,0,0,0,0,4,0,3,0,0,6,0,0,4,0,1,0,3,0,0,17,3,0,2,0
I816,0,0,7,s,0,25,0,0,0,0,4,0,3,0,0,6,0,0,4,0,1,0,3,0,0,17,3,0,2,0
I817,0,0,7,s,0,25,0,1,0,0,4,0,3,0,0,6,0,1,4,0,1,0,3,0,0,17,3,0,2,0
1918,d,0,7,s,d,25,d,1,0,0,4,0,3,d,0,6,0,1,d,0,1,0,3,0,0,17,3,0,2,d
2026,d,0,d,s,0,25,0,1,0,0,d,0,3,0,0,6,0,1,4,0,1,0,3,0,s,17,3,0,2,0
1966,0,0,7,s,0,25,0,0,0,0,4,0,3,0,0,6,13,1,4,0,1,0,3,d,15,17,3,s,d,0
I823,0,0,7,s,0,0,16,0,0,0,4,0,3,0,0,6,0,1,4,0,1,0,3,0,35,17,3,0,2,0
I826,27,0,7,s,0,0,16,0,1,0,4,0,3,0,0,6,0,1,4,0,1,s,3,0,35,17,3,1,2,0
1535,27,0,7,s,0,s,16,0,1,0,4,0,3,0,0,6,d,1,4,0,1,s,d,0,35,17,3,1,2,0
1534,27,0,7,s,0,d,16,0,1,0,4,d,3,0,0,6,0,1,4,0,1,s,3,0,d,17,3,1,2,0
1547,0,d,7,s,0,0,16,0,d,0,4,8,3,6,0,d,0,1,4,38,1,0,3,0,d,17,3,0,2,0
I830,0,0,7,0,0,0,0,0,0,0,4,0,0,0,0,6,0,0,4,0,1,0,2,0,0,17,0,8,2,1
I831,3,0,7,0,0,0,14,0,0,0,4,0,0,8,0,6,0,0,4,0,1,0,2,0,0,17,s,8,2,1
I832,3,2,7,0,0,0,s,0,0,0,4,0,0,8,0,6,0,0,4,0,1,0,2,0,0,17,s,8,2,1
I837,3,2,7,0,1,0,s,0,2,0,4,0,20,8,0,6,0,1,4,0,1,0,2,0,0,17,s,s,2,1
1730,3,d,7,0,1,0,s,0,2,0,d,0,20,8,0,6,0,1,4,17,1,0,2,0,0,d,s,s,2,1
1679,3,d,d,0,1,d,s,0,2,0,4,0,20,8,0,6,0,1,d,0,1,0,2,0,0,d,s,s,2,1
I840,3,2,s,0,0,0,s,2,4,0,4,0,0,8,0,6,0,0,4,0,1,s,2,0,0,17,s,8,2,1
I841,3,2,s,0,1,0,s,2,4,0,4,0,0,8,0,6,0,0,4,0,1,s,2,0,0,17,s,8,2,1
1676,3,s,s,0,1,25,s,2,4,0,4,0,d,8,0,6,0,0,d,0,1,s,2,0,0,17,s,8,2,1
I843,3,2,s,0,1,0,s,2,4,0,4,0,0,8,0,6,0,0,4,0,1,s,2,0,0,17,s,8,2,1
1753,3,2,s,d,1,0,s,2,4,0,4,0,0,8,0,6,22,0,4,0,1,s,2,0,0,d,s,8,2,1
1752,3,2,s,0,d,d,s,2,4,0,4,0,0,8,0,6,0,0,d,0,1,s,2,0,d,17,s,8,2,1
I844,3,2,s,0,0,0,s,2,4,0,4,0,0,8,0,6,0,0,4,0,1,s,2,0,0,17,s,8,2,1
I845,3,2,s,0,0,0,s,2,4,0,4,0,13,8,0,6,0,0,4,0,1,s,2,s,0,17,s,8,2,1
1615,d,2,s,0,d,0,s,2,4,d,4,0,13,8,d,6,0,0,4,0,1,s,2,s,0,17,s,8,2,1
1614,d,2,s,0,0,0,s,2,4,d,4,0,d,8,0,6,0,0,4,0,1,s,2,s,0,17,s,8,2,1
1680,3,2,s,2,0,0,s,2,4,d,4,0,0,d,12,6,0,1,4,0,1,s,2,0,0,d,s,8,2,1
I847,3,0,7,0,0,0,14,0,0,0,4,0,0,8,0,6,0,0,4,0,1,0,2,0,0,17,s,8,2,1
I848,3,0,7,0,0,0,14,0,0,0,4,0,0,8,0,6,0,0,4,0,1,0,2,0,0,17,s,8,2,1
1635,3,d,7,0,0,s,d,0,d,0,d,8,0,8,0,6,0,0,4,0,1,0,d,0,d,17,s,8,2,1
1344,3,0,d,2,d,0,14,0,3,1,4,0,0,d,0,6,s,0,4,0,1,0,2,d,20,d,s,d,d,1
I855,3,0,7,0,3,1,14,0,0,0,4,0,0,8,0,6,0,0,4,0,1,0,2,0,0,17,s,8,2,1
I856,3,0,7,0,3,1,14,0,0,2,4,0,0,8,0,6,0,0,4,0,1,0,2,0,0,17,s,8,2,1
1573,3,0,7,0,3,1,14,0,0,2,4,0,0,8,0,6,0,0,4,0,1,0,2,0,0,d,s,s,2,1
1767,3,0,7,0,3,1,14,0,0,d,4,0,0,8,26,6,0,0,4,0,1,0,2,0,0,17,s,8,2,1
I859,3,0,7,0,3,1,14,0,0,1,4,0,0,8,0,6,0,0,4,0,1,0,2,0,0,17,s,8,s,1
1757,3,0,d,2,3,1,14,0,0,1,d,d,1,8,0,6,0,0,4,3,1,d,2,0,0,17,s,8,s,d
1571,3,0,7,0,d,1,14,0,0,1,4,0,0,8,0,6,d,0,d,0,1,0,2,0,0,d,s,8,s,1
I862,0,0,7,0,0,0,0,0,0,0,4,0,0,0,0,6,0,0,4,0,1,5,2,0,0,17,12,8,2,1
I863,0,48,7,0,0,0,0,1,0,0,4,0,1,0,0,6,0,0,4,0,1,5,2,0,22,17,12,8,2,1
I864,0,48,7,0,0,0,15,s,0,s,4,0,1,0,0,6,27,0,4,0,1,5,2,0,22,17,12,8,2,1
I865,0,48,7,0,0,0,15,s,0,s,4,8,1,0,0,6,27,0,4,0,1,5,2,0,22,17,12,8,2,1
I866,0,48,7,0,0,0,15,s,0,s,4,8,1,3,0,6,27,0,4,0,1,5,s,0,22,17,12,8,s,1
1245,0,d,7,0,0,d,15,s,d,s,4,8,1,d,6,6,27,0,4,0,1,5,s,0,22,17,12,8,s,1
1244,0,48,7,0,0,0,15,s,0,s,d,8,1,3,0,6,27,0,4,0,1,5,s,0,d,17,12,8,s,1
1264,26,48,d,0,d,7,15,s,0,s,4,d,1,0,0,6,27,1,4,0,1,5,2,0,22,17,12,8,2,1
I868,0,48,7,0,0,0,15,s,0,s,4,0,1,5,0,6,27,1,4,s,1,5,2,0,22,17,12,8,2,1
1116,0,48,7,0,0,d,15,s,2,s,d,0,1,5,7,6,27,1,d,s,1,5,2,d,22,17,12,8,2,1
1123,32,48,7,0,0,s,15,s,0,s,4,10,1,5,0,6,27,1,4,s,1,5,2,0,22,17,d,8,2,d
1811,27,48,7,0,0,s,0,1,0,s,4,10,1,0,0,6,0,1,4,0,d,5,2,31,22,17,12,8,2,d
I878,0,0,7,0,0,0,0,0,0,0,4,0,0,0,0,6,0,0,4,0,1,5,2,0,0,17,12,8,2,1
I879,0,0,7,0,0,0,0,0,0,0,4,0,0,0,s,6,s,0,4,0,1,5,2,0,0,17,12,8,2,1
I880,0,0,7,0,0,0,0,0,0,1,4,0,31,0,s,6,s,0,4,11,1,5,2,0,8,17,s,8,2,1
I881,0,0,7,0,0,0,0,0,0,1,4,0,31,0,s,6,s,0,4,11,1,5,2,0,8,17,s,8,2,1
1761,0,0,7,0,0,0,0,d,0,1,4,0,31,0,s,6,s,d,4,11,1,5,2,0,8,17,s,8,2,1
1760,0,0,7,0,0,0,0,0,0,1,4,d,31,0,s,6,s,0,4,11,1,5,d,0,8,17,s,d,d,1
1739,0,0,7,0,0,0,0,0,0,s,4,d,31,0,s,6,s,0,4,d,1,d,2,0,8,17,s,8,2,1
I883,5,0,7,0,0,0,0,0,0,0,4,0,6,0,s,6,s,0,4,0,1,5,2,0,0,17,12,8,2,1
1846,d,0,7,s,0,0,0,0,s,0,4,s,d,0,s,6,s,0,4,0,1,5,2,d,0,d,12,8,2,1
1922,5,0,7,0,0,0,0,0,0,0,4,0,6,d,s,6,s,0,d,0,1,5,2,0,0,d,12,s,2,1
I886,0,0,7,0,0,0,0,0,0,0,4,8,0,0,0,6,0,0,4,0,1,5,2,0,0,s,12,8,2,1
I887,0,0,7,0,s,0,0,0,2,0,4,8,0,0,0,6,0,0,4,12,1,5,2,0,0,s,12,8,2,1
1597,d,0,7,0,s,0,0,0,2,0,d,8,d,0,0,6,0,0,4,12,d,5,2,0,32,s,12,8,d,1
1433,0,d,d,0,s,0,0,0,2,0,d,d,0,0,d,6,0,d,d,12,1,5,2,0,d,s,d,d,2,1
I892,0,0,7,0,0,0,0,1,0,0,4,8,6,0,0,6,10,0,4,0,1,5,2,0,3,s,12,8,2,1
1827,0,d,7,0,0,0,14,d,0,0,4,8,d,0,0,6,10,0,4,0,1,d,2,0,3,s,12,8,2,1
1826,0,0,7,d,0,0,0,1,0,0,4,8,6,d,0,6,10,0,4,0,1,5,2,0,d,s,12,8,2,1
I893,s,0,7,0,1,0,2,0,0,0,4,0,0,0,2,6,0,0,4,0,1,0,5,0,0,17,0,12,2,0
I894,s,0,7,0,1,0,2,0,0,0,4,0,0,19,2,6,0,0,4,20,1,0,5,0,0,17,0,12,2,1
I895,s,0,7,0,1,1,2,0,0,0,4,0,0,19,2,6,0,0,4,20,1,25,5,0,0,17,0,12,2,1
I896,s,0,7,0,1,1,2,0,0,0,4,0,0,19,2,6,10,0,4,20,1,25,5,0,0,17,0,12,2,1
I902,s,19,7,2,1,1,2,1,0,0,4,0,15,19,2,6,10,0,4,20,1,25,5,0,s,17,0,12,2,1
1243,s,19,7,2,1,1,2,1,0,0,4,0,15,19,2,6,10,0,d,20,1,25,5,0,s,17,0,12,2,1
1242,s,19,7,2,1,1,2,1,0,0,4,0,15,d,2,6,d,0,4,20,1,25,5,0,s,17,0,12,2,1
I908,s,4,7,2,1,1,2,0,0,1,4,0,0,19,2,6,10,0,4,20,1,25,5,0,0,17,0,12,2,1
1781,s,4,7,2,1,1,d,0,5,1,4,d,0,19,2,6,10,0,4,20,1,25,5,43,0,17,0,d,2,1
I910,s,4,7,2,1,1,2,0,0,1,4,0,0,19,2,6,10,0,4,20,1,25,5,0,0,17,0,12,2,1
1737,s,4,7,d,1,1,2,0,0,1,4,0,0,19,2,6,10,0,4,20,1,25,5,0,0,17,0,12,d,1
1736,s,d,7,2,d,1,2,0,0,1,4,0,0,19,2,d,10,0,4,20,1,25,5,0,0,17,0,12,2,1
I911,s,27,7,0,1,1,2,0,0,0,4,0,0,19,2,6,0,0,4,20,1,25,5,0,0,17,0,12,2,1
I912,s,27,7,0,1,1,2,0,0,0,4,0,6,19,2,6,31,0,4,20,1,25,5,0,0,17,0,12,2,1
1692,s,27,7,2,1,1,2,d,0,0,4,d,6,19,2,6,31,0,d,20,1,25,5,0,0,17,s,s,2,1
1656,s,27,d,2,1,s,2,0,0,1,4,s,6,19,2,6,31,0,4,20,1,25,5,0,0,d,d,d,2,1
I919,s,27,7,0,1,1,2,0,0,1,4,0,0,19,2,6,0,0,4,20,1,s,5,0,0,17,0,12,2,1
I920,s,27,7,2,1,1,2,0,0,1,4,0,0,19,2,6,0,0,4,20,1,s,5,0,0,s,0,12,2,1
1277,s,27,7,2,1,d,2,0,0,1,4,0,0,19,2,6,33,0,4,20,1,s,5,7,s,s,6,12,2,1
I922,s,27,7,2,1,1,2,0,0,1,4,0,0,19,2,6,0,0,4,20,1,s,5,0,0,s,0,12,2,1
1683,s,27,7,2,1,1,2,0,0,d,4,0,0,19,d,d,d,d,4,20,1,s,5,12,0,s,0,12,2,1
1682,s,27,7,2,1,1,2,0,0,1,d,0,0,19,2,6,0,0,4,20,d,s,5,0,0,s,0,12,2,d
I924,s,27,7,0,1,1,2,0,0,1,4,0,0,19,2,6,0,0,4,20,1,s,s,0,0,17,0,12,2,1
1931,s,27,7,d,1,1,d,0,0,1,4,0,0,19,2,6,0,0,4,20,1,s,s,0,0,17,0,12,d,1
1930,s,27,7,0,1,1,2,0,d,d,4,0,0,19,2,6,0,0,4,20,1,s,s,d,0,17,0,12,2,1
I926,s,0,7,0,1,6,2,0,0,0,4,0,0,19,2,6,0,0,4,20,1,0,5,0,0,17,0,12,2,1
I927,s,0,7,0,1,6,2,0,0,0,4,0,0,19,2,6,0,0,4,20,1,0,5,0,0,17,0,12,2,1
I928,s,0,7,0,1,6,2,0,0,0,4,0,0,19,2,6,33,0,4,20,1,0,5,0,0,17,0,12,2,1
I929,s,0,7,0,1,6,2,0,0,0,4,0,0,19,2,6,33,0,4,20,1,0,5,0,0,17,0,12,2,1
I930,s,0,7,0,1,6,2,0,0,0,4,0,0,19,2,6,s,0,4,20,1,0,5,0,0,17,0,12,2,1
1843,s,d,7,0,1,d,2,0,0,d,d,0,0,19,d,6,s,0,d,20,1,0,5,0,0,17,0,12,2,1
1842,s,0,7,d,1,6,2,0,0,0,4,0,2,d,2,6,s,d,4,20,1,0,5,0,d,17,0,d,2,d
1927,s,8,7,0,d,6,2,0,0,0,4,0,0,19,2,6,d,0,4,20,1,0,5,d,0,17,0,12,2,1
1848,s,0,7,0,1,6,2,0,0,d,4,0,0,19,2,6,33,0,4,20,1,0,5,0,0,17,0,12,2,1
I935,s,0,7,0,1,s,2,0,0,0,4,0,0,19,2,6,0,0,4,20,1,4,5,0,0,17,0,12,2,1
I936,s,0,7,0,1,s,2,0,0,0,4,0,0,19,2,6,0,0,4,20,1,4,5,0,0,17,0,12,2,1
I937,s,0,7,0,1,s,2,0,0,0,4,0,0,19,2,6,0,0,4,20,s,4,5,0,0,17,0,12,2,1
1961,s,0,7,0,d,s,2,d,0,0,4,d,0,d,2,6,0,0,d,20,s,4,5,0,0,17,0,12,2,1
1960,s,0,7,0,1,s,2,d,0,d,4,0,0,19,2,6,0,0,4,20,s,4,5,0,0,17,0,12,2,d
1990,s,d,7,0,1,s,2,0,0,0,4,0,0,19,d,d,0,d,4,20,1,4,5,0,0,d,0,12,2,d
I939,s,0,7,0,1,s,2,0,4,0,4,0,0,19,2,6,0,0,4,20,1,4,5,0,0,17,7,12,2,1
1956,s,0,7,0,1,s,2,d,d,0,4,d,1,19,2,6,0,d,4,20,1,4,s,0,d,17,7,12,2,d
1935,s,0,7,d,1,s,2,0,d,0,4,0,0,19,d,6,0,0,4,20,1,4,5,0,d,17,7,12,2,1
I942,s,0,7,0,1,6,2,0,0,0,4,0,0,19,2,6,0,0,4,20,1,11,5,0,0,17,0,12,2,1
1716,s,0,7,0,1,6,2,1,0,0,4,0,12,19,2,6,0,0,d,20,1,11,5,0,0,17,0,12,2,1
I950,s,0,7,0,1,6,2,0,2,0,4,0,0,19,2,6,0,0,4,20,1,11,5,0,0,17,0,12,2,1
1628,s,0,d,0,1,6,d,0,2,0,4,8,0,d,2,6,0,0,4,20,1,11,5,0,d,17,d,12,2,1
1944,s,4,7,0,s,d,2,2,2,0,4,0,0,19,d,d,d,0,4,d,d,11,d,4,d,17,0,12,d,1
I957,s,0,7,0,1,0,2,0,0,0,4,0,0,0,2,6,0,0,4,0,1,0,5,0,0,s,0,12,2,0
I958,s,0,7,0,1,0,2,2,s,0,4,0,0,0,2,6,0,0,4,0,1,0,5,2,0,s,0,12,2,s
I959,s,0,7,0,1,0,2,2,s,0,4,8,0,0,2,6,0,0,4,18,1,0,5,2,0,s,26,12,2,s
I960,s,0,7,2,1,0,2,2,s,0,4,8,0,0,2,6,0,0,4,18,1,0,5,2,17,s,26,12,2,s
I961,s,0,7,2,1,0,2,s,s,0,4,8,0,0,2,6,0,0,4,18,1,0,5,2,17,s,26,12,2,s
1213,s,0,d,2,1,0,2,s,s,0,d,8,0,0,2,6,1,1,4,18,1,0,5,2,17,s,d,d,2,s
1241,s,52,7,d,1,0,2,s,s,0,4,8,0,0,2,6,4,d,4,18,1,0,5,2,17,s,26,12,2,s
I964,s,0,7,2,1,0,2,2,s,0,4,8,0,21,2,6,0,0,4,18,1,0,5,2,17,s,26,12,2,s
1075,s,0,7,2,1,0,2,2,s,1,4,8,11,21,2,6,s,0,4,18,d,2,5,2,d,s,d,12,2,s
1061,s,0,7,2,s,0,2,2,s,0,4,8,d,21,2,6,0,0,4,18,s,d,5,2,17,s,26,12,2,s
I967,s,0,7,0,1,0,2,2,s,0,4,8,14,0,2,6,0,0,4,18,1,0,5,2,0,s,26,12,2,s
I968,s,0,7,0,1,0,2,2,s,1,4,8,14,0,2,6,0,0,4,18,1,0,5,2,7,s,26,12,2,s
1473,s,0,7,0,1,0,2,2,s,1,4,8,d,0,2,6,0,0,4,18,d,0,5,2,7,s,26,d,2,s
I970,s,0,7,0,1,33,2,2,s,1,4,8,14,0,2,6,0,0,4,18,1,0,5,2,7,s,26,12,2,s
1581,s,0,7,d,1,33,d,2,s,1,d,d,14,0,2,6,d,0,4,18,1,0,5,2,7,s,26,12,d,s
1580,s,0,7,0,1,33,d,2,s,d,4,8,14,27,2,d,0,0,d,18,1,0,5,2,7,s,26,12,2,s
1446,s,0,7,0,d,0,d,d,s,0,4,8,14,0,2,d,d,s,4,d,s,0,5,2,0,s,d,12,2,s
I974,s,0,7,0,1,0,2,2,s,0,4,0,0,0,2,6,0,0,4,0,1,0,5,2,0,s,0,12,2,s
I975,s,0,7,0,1,0,2,2,s,0,4,0,0,0,2,6,0,0,4,0,1,0,5,2,0,s,0,12,2,s
1613,s,25,7,d,1,0,2,2,s,0,4,d,43,d,2,d,0,0,4,19,1,0,5,d,0,s,22,12,2,s
I979,s,0,7,0,1,0,2,2,s,0,4,0,0,0,2,6,0,0,4,0,1,0,5,2,0,s,12,12,2,s
I980,s,0,7,0,1,0,2,2,s,0,4,0,0,0,2,6,0,0,4,0,1,0,5,2,0,s,12,12,2,s
1513,s,0,7,0,1,0,2,2,s,0,4,0,0,d,2,6,0,0,4,d,1,0,5,2,0,s,12,12,2,s
1512,s,0,7,0,1,0,d,2,s,0,4,d,0,d,2,d,0,0,4,0,1,d,5,2,0,s,12,12,2,s
1702,s,0,7,0,1,0,2,2,s,1,4,0,0,0,d,6,0,d,4,0,d,0,5,2,35,s,d,12,2,s
I982,s,0,7,2,1,0,2,2,s,0,4,0,0,0,2,6,0,0,4,0,1,0,5,2,0,s,0,12,2,s
I983,s,0,7,2,1,0,2,2,s,0,4,0,0,0,2,6,0,0,4,12,1,0,5,2,0,s,0,12,2,s
I984,s,0,7,2,1,0,2,2,s,0,4,0,0,11,2,6,0,0,4,12,1,0,5,2,0,s,0,12,2,s
1729,s,0,7,2,1,0,2,2,s,d,4,0,0,11,d,6,0,0,4,12,1,0,5,2,0,s,0,12,2,s
1728,s,d,7,2,1,0,2,2,s,0,4,0,0,11,2,6,d,d,d,12,1,0,5,2,d,s,0,12,2,s
I985,s,0,7,2,1,0,2,2,s,0,4,0,0,0,2,6,0,0,4,12,1,0,5,2,0,s,0,12,2,s
1633,s,0,7,2,1,0,2,2,s,d,4,0,0,0,2,6,0,1,4,d,1,0,5,2,d,s,0,12,2,s
1632,s,0,7,2,1,d,2,d,s,0,4,0,0,0,d,d,0,0,4,d,1,d,5,2,0,s,0,12,2,s
I986,s,0,7,2,1,0,2,2,s,0,4,0,11,0,2,6,0,0,4,0,1,0,5,2,0,s,0,12,2,s
1258,s,d,7,2,1,0,d,2,s,d,4,d,11,0,2,d,0,0,4,0,1,0,5,2,0,s,20,12,2,s
1590,s,0,7,2,1,1,2,s,s,0,d,0,11,0,2,6,0,0,4,0,1,0,d,d,d,s,0,12,2,s
I989,s,0,7,0,1,0,2,0,0,0,4,0,0,0,2,6,0,0,4,0,1,0,5,0,0,s,0,12,2,0
I990,s,0,7,0,1,0,2,0,0,0,4,0,0,0,2,6,0,0,4,0,1,0,5,1,0,s,0,12,2,s
I991,s,0,7,0,1,4,2,0,0,0,4,0,0,0,2,6,0,0,4,0,1,2,5,1,0,s,0,12,2,s
I992,s,0,7,0,1,4,2,0,0,0,4,0,0,0,2,6,0,0,4,0,1,2,5,1,0,s,0,12,2,s
1312,s,d,d,0,d,4,d,0,s,0,4,0,0,0,d,s,25,0,d,d,s,2,5,1,0,s,0,12,2,s
I994,s,0,7,0,1,4,2,0,0,0,4,0,0,0,2,6,0,0,4,0,1,2,5,1,7,s,0,12,2,s
1231,s,d,7,0,1,4,2,0,0,0,4,0,d,0,2,6,0,0,4,d,1,2,d,1,7,s,0,12,2,s
1230,s,0,d,0,1,4,2,0,0,0,4,0,0,0,d,6,0,0,4,0,d,2,5,d,7,s,0,12,2,s
1509,s,0,7,0,d,4,2,0,0,0,4,12,1,0,2,6,33,1,4,26,1,s,5,1,0,s,0,12,2,s
I998,s,0,7,0,1,2,2,0,0,0,4,0,0,0,2,6,0,0,4,0,1,0,5,1,0,s,0,12,2,s
I999,s,6,7,0,1,2,2,0,2,0,4,0,0,0,2,6,0,1,s,0,1,0,5,1,0,s,0,12,2,s
2015,s,6,7,0,1,2,2,0,2,0,4,0,d,0,2,d,d,1,s,0,1,2,5,d,0,s,0,12,2,s
1987,s,d,s,d,d,2,2,0,2,0,4,0,0,d,2,6,0,d,s,0,1,0,5,1,0,s,0,12,2,s
I1004,s,0,7,0,1,2,2,0,0,0,4,0,0,0,2,6,0,0,4,0,1,0,5,1,0,s,0,12,s,s
2004,s,0,7,0,d,2,2,0,0,0,4,5,0,7,2,6,8,0,4,0,1,15,5,1,0,s,0,12,s,s
I1007,s,0,7,0,1,2,2,0,0,0,4,0,0,0,2,6,0,0,4,0,1,0,5,1,0,s,0,12,s,s
1979,s,0,7,0,1,2,2,0,0,0,d,0,0,0,2,6,0,0,4,19,1,0,5,1,0,s,0,d,s,s
1038,s,d,7,0,1,2,2,0,0,0,4,d,0,d,d,6,0,0,4,0,d,0,5,1,0,s,0,12,s,s
I1009,s,0,7,0,1,0,2,0,0,0,4,0,0,0,2,6,0,1,4,0,1,0,5,31,0,s,0,12,2,0
I1014,s,0,7,0,1,0,2,1,0,0,4,0,0,0,2,6,0,1,4,0,1,0,5,31,17,s,0,12,2,0
1121,s,0,7,0,1,0,d,1,d,0,4,0,d,0,2,6,0,1,4,d,1,0,5,31,17,s,0,12,d,0
I1016,s,0,7,0,s,0,2,1,0,0,4,0,0,0,2,6,0,1,4,0,1,0,5,31,17,s,0,12,s,0
1163,s,0,7,0,s,0,2,d,d,1,4,d,0,0,2,6,0,1,4,0,1,0,5,31,d,s,0,12,s,0
1162,s,0,7,d,s,d,d,1,0,0,4,0,0,d,d,6,0,1,4,0,1,d,5,31,17,s,0,12,s,0
I1017,s,0,7,0,1,0,2,0,0,0,4,0,0,0,2,6,0,1,4,20,1,0,5,31,0,s,0,12,2,1
I1018,s,0,7,0,1,0,2,0,0,s,4,0,0,0,2,6,0,1,4,20,1,9,5,31,0,s,0,12,2,1
1370,s,0,s,0,1,0,2,d,2,s,4,0,d,0,2,d,d,1,4,20,1,9,5,d,0,s,0,12,2,1
I1020,s,0,7,0,1,0,2,0,0,s,4,s,0,0,2,6,0,1,4,20,1,9,5,31,0,s,0,12,2,1
1443,s,30,7,0,d,0,d,0,2,s,4,s,0,0,2,6,d,d,4,20,1,d,5,31,0,s,0,12,2,1
1442,s,0,7,0,1,0,2,1,0,s,4,s,0,0,2,d,0,1,4,20,d,9,5,d,0,s,0,s,2,1
I1021,s,0,7,0,1,0,2,0,0,1,4,0,0,0,2,6,0,1,4,20,1,0,5,31,0,s,0,12,2,1
I1022,s,0,7,0,1,0,2,0,0,1,4,0,0,25,2,6,0,1,4,20,1,0,5,31,0,s,0,12,2,1
1097,s,0,7,0,1,0,2,0,0,1,4,0,0,25,2,6,0,1,4,20,1,0,5,31,0,s,0,12,2,1
1096,s,0,7,0,1,0,2,0,0,1,4,0,0,25,2,6,0,1,4,20,1,0,5,31,17,s,0,12,2,1
1336,s,48,7,0,1,0,2,d,d,1,4,0,0,0,2,d,d,1,4,20,1,0,d,31,0,s,s,12,2,1
