cell,r1,r2,r3,r4,r5,r6,r7,r8,r9,r10,r11,r12,r13,r14,r15,r16,r17,r18,r19,r20,r21,r22,r23,r24,r25,r26,r27,r28,r29,r30
I1,0,0,0,0,0,0,2,0,0,0,0,0,0,0,0,0,0,0,0,0,0,0,1,0,0,0,0,0,0,14
I2,0,0,0,0,1,0,2,0,0,0,6,0,0,0,16,0,0,0,0,0,0,8,1,0,0,0,0,0,0,14
I3,0,0,0,0,1,0,2,0,0,0,6,0,0,0,16,7,12,0,0,2,0,8,1,0,0,0,0,3,0,14
I4,0,0,0,0,1,0,2,0,0,0,6,11,0,5,16,s,12,0,0,2,0,8,1,0,0,0,0,3,0,14
I5,0,3,0,0,1,0,2,0,0,3,6,11,0,5,16,s,12,0,0,2,0,8,1,0,0,0,0,3,0,14
I6,0,3,0,0,1,0,2,0,0,3,6,11,0,5,16,s,12,0,0,2,0,8,1,0,0,0,0,3,0,14
I7,0,3,0,0,1,0,2,0,1,3,6,11,0,5,16,s,12,0,0,2,0,8,1,0,0,0,0,3,0,14
I8,1,s,0,0,1,0,2,0,1,3,6,11,0,5,16,s,12,0,1,2,0,8,1,s,2,0,0,3,0,14
I9,s,s,0,0,1,0,2,0,1,3,6,11,0,5,s,s,12,0,1,2,0,8,1,s,2,0,24,3,0,14
1507,s,s,11,d,1,0,2,0,1,3,d,11,0,5,s,s,12,0,1,2,0,8,1,s,2,0,24,3,0,d
1980,s,s,0,0,1,0,2,0,d,d,d,11,0,d,s,s,12,0,1,d,0,8,d,s,2,d,24,3,0,14
I12,1,s,0,0,1,0,2,0,s,3,6,11,0,5,16,s,12,0,1,2,s,8,1,s,2,0,11,3,0,14
I13,1,s,0,0,1,0,2,0,s,3,6,11,0,5,16,s,12,0,1,2,s,8,1,s,2,0,s,3,0,14
1425,1,s,0,0,1,0,2,3,s,s,6,11,d,5,d,s,12,s,1,2,s,8,1,s,2,0,s,3,0,14
1424,1,s,0,0,1,0,2,d,s,3,6,11,0,5,16,s,12,0,1,2,s,8,1,s,d,0,s,d,0,d
1626,1,s,0,0,1,0,2,0,s,3,6,11,2,5,16,s,12,0,1,2,s,8,1,s,2,10,11,3,0,14
I15,0,3,0,12,1,0,2,0,1,3,6,11,2,5,16,s,12,0,0,2,0,8,1,0,0,0,0,3,0,14
1420,0,3,0,12,1,0,2,0,1,3,6,11,2,5,16,s,12,22,0,2,0,8,1,0,0,0,s,3,13,14
I19,0,3,0,12,1,0,2,3,1,3,6,s,2,5,16,s,12,0,0,2,0,8,1,0,0,0,0,3,0,14
1283,0,d,0,d,1,0,2,3,d,3,6,s,2,5,d,s,12,0,0,2,0,8,1,0,0,0,0,3,0,14
1599,0,3,0,12,1,3,2,3,1,3,6,s,s,5,16,s,12,0,0,2,0,s,1,d,0,d,0,3,13,14
I22,0,3,0,0,1,0,2,0,0,3,6,s,0,5,16,s,12,0,0,s,0,8,1,0,0,0,0,3,0,14
I23,0,3,0,0,1,0,2,0,0,3,6,s,2,5,16,s,12,0,0,s,0,8,1,15,0,0,0,3,0,14
I24,0,3,47,0,1,0,2,0,4,3,6,s,2,5,16,s,12,3,0,s,0,8,1,15,0,0,0,3,0,14
1607,d,3,47,d,1,0,2,d,4,3,6,s,2,5,16,s,12,d,0,s,0,8,1,15,0,0,0,3,0,14
1638,0,3,47,d,1,0,2,0,d,3,6,s,2,5,16,s,12,3,0,s,0,8,1,15,0,0,0,3,0,14
I28,s,3,42,0,1,0,2,0,0,3,6,s,2,5,16,s,12,0,s,s,s,8,1,15,0,0,0,3,0,14
1435,s,3,42,0,d,0,2,0,0,3,6,s,2,5,16,s,d,0,s,s,s,8,1,d,d,d,0,s,0,14
1434,s,d,42,0,1,0,2,0,0,3,6,s,d,5,16,s,12,d,s,s,s,8,1,15,0,0,0,3,0,14
I30,0,3,0,0,1,0,2,0,0,3,6,s,2,5,16,s,12,0,0,s,0,8,1,0,0,0,0,3,0,14
I31,0,3,0,0,1,0,2,0,0,3,6,s,2,5,16,s,12,0,0,s,0,8,1,0,0,0,0,3,0,14
1521,0,d,0,0,1,0,2,0,0,3,6,s,2,5,16,s,12,d,0,s,0,8,1,0,0,0,0,3,0,14
1504,0,3,0,0,1,0,d,0,0,3,d,s,2,5,16,s,12,0,0,s,0,8,s,d,0,d,0,d,0,14
1755,0,d,0,7,d,0,d,0,d,3,6,s,2,5,16,s,12,0,d,s,d,d,1,2,0,0,4,3,13,14
I37,0,3,0,0,1,0,2,0,0,3,6,11,0,5,16,s,12,0,0,2,0,8,1,0,0,0,0,3,13,14
I38,0,3,0,0,1,0,2,0,0,3,6,11,0,5,16,s,12,0,1,2,0,8,1,0,12,0,0,3,13,14
I39,0,3,0,16,1,0,2,0,0,3,6,11,0,5,16,s,12,0,1,2,0,8,1,0,12,0,0,3,13,14
1303,0,3,0,16,d,0,2,d,0,3,6,11,0,5,16,s,12,0,d,2,0,8,1,0,12,0,0,d,d,d
I43,1,3,0,16,1,0,2,1,0,3,6,11,0,5,16,s,12,0,1,2,3,8,1,0,12,0,0,3,13,14
1448,1,3,0,16,1,0,2,1,0,3,6,11,0,5,16,s,12,0,d,2,3,8,1,d,12,0,0,d,13,14
1349,1,3,0,16,1,s,2,1,0,3,6,d,5,5,16,s,12,0,1,2,3,8,1,0,d,0,0,3,13,14
I46,0,3,0,0,1,0,2,0,0,3,6,11,0,5,16,s,12,0,1,2,0,8,1,0,12,0,0,3,13,14
I47,0,3,0,16,1,0,2,0,0,3,6,11,0,5,16,s,12,1,1,2,0,8,1,0,12,0,0,3,13,14
I48,0,3,0,16,1,0,2,0,0,3,6,11,0,5,16,s,12,1,1,2,0,8,1,0,12,0,0,3,13,14
1970,d,3,0,16,1,0,2,0,0,3,6,11,0,5,16,s,12,1,1,2,d,8,1,0,12,0,0,3,13,14
1052,s,3,0,16,d,0,2,d,0,3,6,11,0,5,16,s,d,1,1,2,3,8,1,0,s,0,d,d,13,14
1192,0,d,d,d,1,0,2,0,10,3,6,11,0,5,16,s,d,d,1,2,0,8,1,0,12,0,0,3,13,14
1125,0,3,0,0,d,0,2,1,0,3,6,11,2,d,16,s,12,0,1,2,0,d,1,0,12,d,4,d,13,14
I54,0,3,0,0,1,0,2,0,0,3,6,11,0,5,16,s,12,0,1,2,0,8,1,0,0,0,0,3,13,14
I55,0,3,0,0,1,0,2,0,0,3,6,11,0,5,16,s,12,0,1,2,0,8,1,0,0,0,0,3,13,14
I56,0,3,0,0,1,3,2,0,0,3,6,11,0,5,16,s,12,3,1,2,0,8,1,0,0,0,0,3,13,14
1119,1,3,0,0,1,3,2,0,0,3,6,11,0,5,16,s,12,3,1,2,0,d,1,0,0,d,0,3,13,14
1160,0,3,45,0,1,3,2,0,d,3,6,11,d,5,16,s,12,3,1,d,0,8,1,0,0,0,0,3,13,14
I59,1,3,0,0,1,0,2,0,0,3,6,11,0,5,16,s,12,0,1,2,0,8,1,0,0,0,0,3,13,14
1411,1,d,0,0,d,0,2,0,0,3,6,11,0,5,16,s,12,0,1,d,0,8,1,0,0,0,0,3,13,14
1483,d,3,0,0,1,0,2,0,0,3,6,d,0,5,16,s,12,s,1,d,0,8,1,d,0,0,0,3,13,14
I62,0,3,0,0,1,1,2,0,0,3,6,11,0,5,16,s,12,0,1,2,0,8,1,0,0,0,0,3,13,14
I63,0,3,0,0,1,s,2,1,0,3,6,11,0,5,16,s,12,0,1,2,0,8,1,0,0,0,0,3,13,14
1113,0,3,19,10,d,s,2,1,4,3,6,d,0,5,16,s,12,0,1,2,0,8,1,s,13,d,0,3,d,14
1405,d,3,0,0,1,s,2,1,9,3,6,11,0,5,16,s,12,0,1,2,4,8,1,0,d,d,0,d,13,14
I66,0,3,0,0,1,1,2,0,0,3,6,11,0,5,16,s,12,0,1,2,0,8,1,0,0,0,0,3,13,14
1457,0,3,0,0,1,1,2,0,0,d,d,11,0,5,16,s,12,s,1,2,0,8,d,0,0,0,0,3,13,d
1338,0,3,0,0,1,1,2,0,15,d,6,11,d,5,16,s,d,0,d,2,0,8,1,0,d,d,0,3,13,14
I69,0,0,0,0,1,0,2,0,0,0,6,11,0,5,16,s,12,0,0,2,0,8,1,0,0,31,0,3,0,14
I70,0,0,0,0,1,0,2,0,0,0,6,11,0,5,16,s,12,0,0,2,0,8,1,0,0,31,0,3,0,14
I71,0,0,0,12,1,0,2,0,0,0,6,11,0,5,16,s,12,0,1,2,0,8,1,0,8,31,0,3,0,14
I72,0,0,0,12,1,0,2,0,0,3,6,11,2,5,16,s,12,0,1,2,0,8,1,0,8,31,0,s,0,14
1287,0,0,0,12,1,0,2,d,0,s,6,11,2,d,16,s,12,0,1,2,0,8,1,0,d,31,25,s,13,14
I76,1,0,0,12,1,0,2,1,0,3,6,11,2,5,16,s,12,0,1,2,0,8,1,0,8,31,0,s,0,14
1159,1,0,22,d,1,0,2,1,0,3,6,11,2,5,16,s,12,0,1,2,d,8,1,0,8,31,0,s,0,14
1252,1,0,d,d,1,0,2,1,0,3,6,11,2,5,16,s,d,0,1,2,0,d,1,2,8,31,0,s,0,14
I79,0,0,0,12,1,0,2,0,0,0,6,11,2,5,16,s,12,0,1,2,0,8,1,0,8,31,0,3,0,14
I80,0,0,0,12,1,3,2,0,0,0,6,11,2,5,16,s,12,18,1,2,0,8,1,0,8,31,0,3,0,14
1342,d,3,0,12,1,3,2,0,0,0,s,11,2,5,16,s,12,18,1,d,3,8,d,d,8,d,0,3,0,14
I82,0,0,1,12,1,3,2,0,0,0,6,11,2,5,16,s,12,18,1,2,0,8,1,0,s,31,0,3,0,14
1719,0,0,1,12,1,3,2,0,0,d,6,11,d,d,16,s,12,18,d,2,1,d,1,s,s,31,0,3,0,14
1718,0,d,1,12,1,3,d,0,0,d,6,d,2,5,16,s,12,d,1,2,0,8,d,d,s,31,0,s,0,14
I84,0,0,0,12,s,0,2,0,0,0,6,11,2,s,16,s,12,s,1,2,0,8,1,0,8,31,0,s,0,14
1111,1,d,0,12,s,0,2,0,0,s,6,11,2,s,16,s,12,s,1,2,d,8,1,0,8,31,0,s,d,14
1110,1,0,0,12,s,0,2,0,0,0,6,11,d,s,16,s,12,s,1,2,0,8,d,0,8,31,0,s,d,14
I87,0,3,0,0,1,0,2,0,0,3,6,11,0,5,16,s,12,0,3,2,0,8,1,0,0,31,0,3,0,14
I88,1,3,0,0,1,0,2,0,0,3,6,11,0,5,16,s,12,0,3,2,0,8,1,0,0,31,0,3,0,14
1298,1,3,0,d,1,0,d,0,0,3,6,11,0,5,16,s,d,0,3,2,s,8,d,0,0,d,d,3,0,14
1262,1,3,46,0,1,0,d,0,10,3,s,11,0,5,16,s,12,s,3,2,0,d,d,18,d,d,d,3,0,14
I99,0,3,0,0,1,0,2,0,4,3,6,11,2,5,16,s,12,0,3,2,0,8,1,5,2,31,0,3,0,14
1173,0,3,0,0,s,0,2,d,4,3,6,11,2,5,16,s,12,0,d,2,0,8,d,5,2,31,0,3,s,14
1407,0,d,0,18,d,d,d,0,4,3,6,11,2,5,16,s,12,0,3,2,0,8,1,5,2,d,d,3,d,14
I102,0,0,0,0,1,0,2,0,0,0,6,11,0,5,16,s,12,0,0,2,0,8,1,0,0,31,0,3,15,14
I103,0,0,0,0,1,3,2,0,0,0,6,11,0,5,16,s,12,0,0,2,0,8,1,0,s,31,0,3,15,14
I104,0,0,0,0,1,3,2,0,0,3,6,11,0,5,16,s,12,0,s,2,0,8,1,0,s,31,0,3,15,14
I108,0,0,0,0,1,3,2,1,0,3,6,11,0,5,16,s,12,0,s,2,0,8,1,0,s,31,0,3,15,14
1059,0,s,0,0,1,3,d,1,0,3,6,11,0,5,16,s,12,0,s,2,0,8,1,0,s,d,d,3,15,14
1058,0,0,0,0,1,3,2,1,0,d,6,11,0,5,16,s,d,0,s,2,0,8,1,d,s,31,d,d,d,14
I109,0,1,1,0,s,3,2,1,0,3,6,11,0,5,16,s,12,0,s,2,0,8,1,0,s,31,4,3,15,14
1884,d,1,1,0,s,3,2,1,0,3,6,11,0,5,16,s,12,0,s,2,0,8,1,0,s,31,4,3,15,d
I113,0,1,1,0,s,3,2,1,0,3,6,11,0,5,16,s,12,0,s,2,0,8,1,0,s,31,4,3,15,14
I114,0,1,1,0,s,3,2,1,0,3,6,11,s,5,16,s,12,0,s,2,0,8,1,0,s,31,4,3,15,14
2045,0,1,1,0,s,3,2,1,d,3,6,11,s,5,16,s,12,0,s,2,d,8,1,0,s,31,4,3,15,14
2044,0,1,d,0,s,3,2,1,0,3,6,11,s,5,16,s,12,0,s,2,0,8,d,0,s,31,4,3,d,14
2031,0,1,1,0,s,3,2,1,d,3,6,11,d,5,16,s,12,0,s,d,0,8,1,0,s,s,4,3,15,14
I116,0,0,0,0,1,3,2,0,0,0,6,11,0,5,16,s,12,0,1,2,0,8,1,0,s,31,0,3,15,14
I117,0,0,0,0,1,3,2,0,10,0,6,11,0,5,16,s,12,0,1,2,0,8,1,16,s,s,0,3,15,14
I118,0,0,0,0,1,3,2,0,10,0,6,11,2,5,16,s,12,0,1,2,0,8,1,16,s,s,0,3,15,14
1099,0,0,0,d,1,3,d,0,10,0,6,11,d,5,16,s,12,0,1,2,0,8,1,16,s,s,0,3,d,14
1098,0,0,0,5,1,3,2,0,10,0,6,11,d,5,16,s,12,d,d,2,0,8,1,16,s,s,0,3,15,14
1048,0,0,0,d,d,3,2,0,10,0,6,11,0,s,16,s,12,0,1,2,0,8,1,16,s,s,d,3,15,14
I122,0,0,0,0,1,3,2,0,0,0,6,11,0,5,16,s,12,0,1,2,0,8,1,31,s,31,0,3,15,14
983,d,d,d,0,1,3,2,0,0,0,d,11,0,5,16,s,12,0,1,2,0,8,1,31,s,31,25,3,15,14
I123,0,0,0,0,1,3,2,0,16,0,6,11,0,5,16,s,12,0,1,2,0,8,1,31,s,31,0,3,s,14
1965,0,0,0,d,1,3,2,0,16,d,6,11,0,5,16,s,12,0,1,2,0,8,d,31,s,31,0,3,s,14
1964,0,0,0,0,1,3,d,0,16,0,6,11,0,5,16,s,d,0,1,2,0,8,1,31,s,31,0,3,s,d
I124,0,0,0,0,1,3,2,0,0,0,6,11,0,5,16,s,12,0,0,2,0,8,1,0,0,31,0,3,15,14
I125,0,0,0,0,1,3,2,0,0,0,6,11,0,5,16,s,12,0,0,2,0,8,1,0,0,31,0,3,15,14
I126,0,0,0,0,s,3,2,0,0,0,6,11,0,5,16,s,12,0,0,2,0,8,1,10,0,31,0,3,15,14
1300,0,0,s,7,s,3,2,0,0,0,6,11,0,5,16,s,12,0,0,s,0,8,1,10,s,31,0,3,15,14
1132,0,0,0,0,s,3,2,1,0,0,d,11,0,5,16,s,12,d,1,2,7,8,1,10,d,31,0,3,15,14
I129,0,0,0,s,1,3,2,0,0,8,6,11,0,5,16,s,12,0,0,2,4,8,1,2,0,31,0,3,15,14
1477,0,d,d,s,1,3,2,d,d,8,6,11,d,5,16,s,12,0,1,2,4,d,1,2,0,s,8,3,15,14
1726,0,1,0,s,1,d,2,0,0,8,d,d,0,5,16,s,d,0,0,2,4,8,1,2,0,31,d,3,15,14
I132,0,0,0,0,1,3,2,0,0,0,s,11,0,5,16,s,12,0,0,2,0,8,1,0,s,s,0,3,15,s
I134,0,0,0,0,1,3,2,0,0,0,s,11,0,5,16,s,12,0,0,s,0,8,1,0,s,s,0,3,s,s
1095,0,0,0,0,1,3,d,0,0,0,s,11,0,5,16,s,d,d,0,s,0,8,1,0,s,s,0,d,s,s
1094,0,0,0,0,1,3,2,0,0,d,s,11,0,d,16,s,12,0,d,s,0,8,1,0,s,s,0,3,s,s
I136,0,0,0,0,1,3,2,0,0,3,s,11,0,5,16,s,12,0,0,2,0,8,1,0,s,s,0,3,15,s
I137,0,0,29,0,1,3,2,0,0,3,s,11,0,5,16,s,12,0,0,2,0,s,1,0,s,s,0,3,15,s
1165,1,d,29,0,1,3,d,0,0,3,s,11,0,d,16,s,12,0,0,d,d,s,1,d,s,s,0,d,15,s
1164,0,0,29,0,1,3,2,0,0,3,s,11,0,5,d,s,12,0,0,2,0,s,1,0,s,s,0,3,15,s
I138,0,0,0,0,1,3,2,0,0,3,s,11,0,5,16,s,12,0,0,2,0,8,1,0,s,s,0,3,15,s
1081,d,0,0,0,1,3,2,0,0,3,s,11,0,5,16,s,12,0,0,2,0,d,1,d,s,s,d,3,15,s
1080,0,d,0,d,d,3,2,d,0,3,s,11,d,5,16,s,12,d,0,2,0,d,1,0,s,s,0,3,15,s
I139,0,0,0,0,1,0,2,0,0,3,6,0,0,0,16,7,12,0,0,2,0,8,1,0,0,0,0,3,s,14
I140,0,0,0,0,1,0,2,0,0,3,6,13,5,0,16,7,12,0,0,s,0,8,1,0,0,0,0,3,s,14
I141,0,0,s,0,1,0,2,0,0,3,6,13,5,0,16,7,12,0,0,s,0,8,1,0,0,0,0,3,s,14
I142,0,0,s,0,1,0,2,s,0,3,6,13,5,0,16,7,12,0,0,s,0,8,1,0,0,0,0,3,s,14
I143,1,0,s,0,1,0,2,s,0,3,6,13,5,s,16,7,12,0,0,s,0,8,1,0,0,0,0,3,s,14
I144,1,0,s,0,1,0,2,s,0,3,6,13,5,s,16,7,12,0,0,s,0,8,1,0,12,1,0,s,s,14
1762,1,0,s,s,1,0,2,s,0,3,d,13,5,s,16,7,12,0,0,s,0,8,1,0,12,1,0,s,s,14
1784,1,0,s,0,1,0,d,s,d,d,6,13,5,s,16,7,12,15,0,s,0,8,1,0,12,1,d,s,s,14
I147,1,3,s,0,1,3,2,s,0,3,6,13,5,s,16,7,12,0,0,s,0,8,1,0,0,0,0,3,s,14
I148,1,3,s,2,1,3,2,s,0,3,6,s,5,s,16,7,12,0,0,s,4,8,1,0,13,1,3,3,s,14
1893,1,3,s,2,1,3,2,s,0,d,6,s,5,s,d,7,12,0,0,s,4,8,1,0,13,d,s,3,s,14
1892,1,3,s,2,1,3,2,s,0,3,6,s,5,s,16,7,d,0,0,s,4,8,1,d,13,1,3,3,s,14
1805,1,3,s,0,1,3,2,s,0,d,6,13,5,s,16,7,12,0,0,s,0,8,s,0,0,0,d,d,s,d
I150,0,0,s,0,1,0,2,s,0,3,6,13,5,0,16,7,12,0,0,s,0,8,1,0,0,0,0,3,s,14
1746,d,3,s,12,1,0,d,s,0,d,6,13,5,0,16,7,12,d,0,s,0,8,1,0,0,0,0,3,s,14
1093,d,0,s,0,1,3,2,s,d,3,6,13,5,0,16,7,12,d,0,s,0,8,1,31,0,25,s,3,s,14
I154,0,0,s,s,1,3,2,0,0,3,6,13,5,0,16,7,12,0,0,s,0,8,1,0,0,18,0,3,s,14
I155,0,0,s,s,1,3,2,0,0,3,6,13,5,0,16,7,12,0,0,s,0,8,1,0,0,18,0,3,s,14
I156,0,0,s,s,1,3,2,0,0,3,s,13,5,0,16,7,12,s,0,s,0,8,1,0,0,18,0,3,s,14
I157,0,0,s,s,1,3,2,0,0,3,s,13,5,0,16,7,12,s,0,s,0,8,1,0,0,18,0,3,s,14
1743,0,d,s,s,1,3,2,0,0,d,s,13,5,0,16,7,d,s,0,s,0,8,1,0,0,18,0,3,s,14
1742,0,0,s,s,1,3,2,0,d,3,s,13,5,0,16,d,12,s,0,s,0,8,1,0,0,18,0,3,s,14
976,0,0,s,s,1,3,2,0,0,3,s,13,5,0,16,7,12,s,0,s,d,d,1,0,0,18,0,3,s,d
1579,0,0,s,s,1,3,2,0,0,3,6,13,5,0,16,7,12,0,0,s,d,8,1,0,11,18,0,3,s,d
I162,0,s,s,s,1,3,2,0,0,3,6,13,5,0,16,7,12,0,0,s,0,8,1,0,0,18,0,3,s,14
1364,1,s,s,s,1,3,2,0,10,3,6,13,5,0,16,7,12,0,0,s,0,8,1,0,0,18,8,3,s,d
I164,0,s,s,s,1,3,2,0,3,3,6,13,5,0,16,7,12,0,0,s,0,8,1,0,0,18,0,3,s,14
1669,0,s,s,s,1,3,2,d,3,3,6,13,5,0,16,7,d,0,0,s,0,8,1,d,d,18,0,3,s,14
1668,0,s,s,s,1,3,d,0,3,3,6,13,5,0,16,7,12,0,0,s,0,8,d,d,0,d,0,3,s,14
I168,0,0,0,0,s,0,2,0,0,3,6,13,5,0,16,7,12,0,0,s,0,8,1,0,0,0,0,3,s,14
I169,0,3,0,0,s,0,2,0,11,3,6,13,5,0,16,7,12,0,0,s,0,8,1,0,0,0,0,3,s,14
I170,0,3,0,0,s,0,2,0,11,3,6,13,5,0,16,7,12,0,0,s,0,8,1,0,0,0,0,3,s,14
I171,1,3,0,0,s,0,s,0,s,3,6,13,5,0,16,7,12,0,0,s,0,8,1,0,0,0,0,3,s,14
I172,1,3,0,0,s,0,s,0,s,s,6,13,5,0,s,7,12,0,0,s,0,8,1,0,0,0,0,3,s,14
1815,d,3,0,0,s,0,s,0,s,s,6,13,5,0,s,7,12,d,0,s,0,8,1,0,1,0,0,3,s,14
1814,1,3,0,0,s,0,s,0,s,s,6,13,5,0,s,7,12,0,0,s,0,8,1,0,d,0,0,3,s,14
I173,1,3,0,0,s,0,s,0,s,3,6,13,5,0,16,7,12,0,0,s,0,8,1,0,0,0,0,3,s,14
1887,1,3,0,0,s,0,s,0,s,3,6,13,5,0,16,7,12,0,0,s,0,8,1,0,d,d,0,3,s,14
1886,1,d,0,0,s,3,s,0,s,3,6,d,5,0,16,7,12,0,0,s,0,d,1,d,0,d,0,3,s,14
2008,0,3,0,0,s,d,2,0,11,3,6,13,5,0,16,7,12,0,s,s,0,8,1,0,d,0,0,3,s,14
I177,1,3,0,0,s,3,2,0,11,3,6,13,5,3,16,7,12,0,1,s,0,8,1,0,0,0,0,3,s,14
1858,1,3,6,0,s,3,2,0,11,d,6,13,5,3,16,7,12,0,d,s,0,8,1,0,0,0,d,3,s,14
I181,1,3,0,12,s,3,2,0,11,3,6,13,5,3,16,s,12,0,1,s,0,8,1,0,0,0,0,3,s,14
1029,d,3,d,12,s,d,d,0,11,3,6,13,d,d,16,s,12,0,1,s,0,8,1,0,0,0,0,3,s,d
2043,1,3,0,12,s,3,2,0,11,3,s,13,d,3,16,s,12,12,1,s,0,8,1,35,0,0,0,3,s,14
I183,0,0,0,0,s,0,2,0,0,3,6,13,5,5,16,7,12,12,0,s,1,8,1,0,0,0,0,3,s,14
I184,0,0,0,0,s,0,2,0,0,3,6,13,5,5,16,s,12,12,0,s,1,8,1,0,0,0,0,3,s,14
I187,0,0,0,6,s,3,2,0,0,3,6,13,5,5,16,s,12,s,0,s,1,8,1,13,0,0,0,3,s,14
1715,0,d,0,6,s,3,2,0,d,3,6,13,5,5,16,s,d,s,d,s,1,8,1,13,0,0,0,d,s,14
1714,0,0,d,d,s,3,2,0,0,d,6,d,5,5,16,s,12,s,0,s,1,8,1,13,0,0,0,3,s,14
I190,s,0,38,0,s,2,2,0,0,3,6,13,5,5,16,s,12,12,0,s,1,8,1,0,8,0,0,3,s,14
1787,s,0,38,d,s,2,2,0,0,3,6,13,5,5,16,s,12,12,0,s,1,8,1,0,8,0,0,3,s,14
1786,s,0,38,9,s,2,2,d,0,3,6,13,5,5,d,s,12,12,0,s,1,8,1,0,8,0,d,3,s,14
I191,0,0,0,0,s,0,2,0,4,3,6,13,5,5,16,7,12,12,0,s,1,8,1,0,0,0,0,3,s,14
1544,0,0,0,d,s,3,d,0,4,3,d,13,5,5,d,7,12,12,0,s,1,8,1,9,0,0,0,3,s,14
1373,d,0,0,0,s,0,2,0,d,3,6,13,5,5,16,7,12,12,0,s,1,8,1,10,0,0,0,s,s,14
I198,0,0,0,0,1,3,2,0,0,3,6,0,0,0,16,7,12,0,0,2,0,8,1,0,0,0,0,3,s,14
I199,0,0,0,0,1,3,2,1,0,3,6,0,0,0,16,7,12,0,0,2,0,8,1,0,0,0,0,3,s,14
I200,0,0,0,0,1,3,2,1,0,3,6,0,0,0,16,7,12,0,0,2,0,8,1,0,0,0,0,3,s,14
I201,0,0,0,2,1,3,2,1,0,3,6,0,0,0,16,7,12,0,0,2,0,8,s,0,0,0,0,3,s,14
1042,0,0,0,2,1,3,2,1,0,3,6,0,0,0,16,7,12,0,0,2,0,s,s,0,0,0,0,3,s,14
I203,0,0,0,2,1,3,2,1,0,3,6,0,0,0,16,7,12,0,0,2,0,8,s,0,0,0,0,3,s,14
I204,s,0,0,2,1,3,2,1,0,3,6,0,0,0,16,7,12,0,0,2,0,8,s,0,0,0,0,3,s,14
2037,s,d,0,2,d,3,2,1,0,3,6,0,0,d,16,7,12,0,0,d,d,8,s,d,0,0,0,3,s,14
2036,s,0,d,2,1,3,2,1,0,3,d,0,0,d,d,7,12,s,0,d,0,d,s,0,0,0,0,3,s,14
1056,0,0,d,2,1,3,2,1,d,3,6,d,d,0,16,7,12,0,0,2,0,d,s,0,d,0,20,3,s,14
1024,0,s,d,7,1,3,2,1,19,3,6,0,d,0,16,7,12,0,0,d,d,8,1,0,12,s,0,3,s,14
I216,0,s,0,5,1,3,2,1,11,3,6,0,2,0,16,7,12,0,0,2,1,8,1,0,6,0,0,3,s,14
I217,0,s,0,5,1,3,2,1,11,3,6,0,2,0,16,7,12,0,0,2,1,8,1,0,6,0,0,3,s,14
1648,0,s,0,5,1,3,2,1,11,3,6,0,d,0,16,7,d,0,0,d,1,8,1,0,6,d,0,3,s,d
1985,0,s,0,5,1,3,2,1,11,3,6,d,2,0,16,7,12,0,d,2,d,8,1,0,6,d,0,d,s,14
I220,0,s,0,5,1,3,2,1,11,3,6,0,2,3,16,7,12,0,0,2,1,8,1,0,6,0,0,3,s,14
1583,0,s,0,5,1,3,2,1,11,3,6,0,2,d,16,7,12,0,0,2,1,8,1,0,6,0,0,3,s,14
I222,0,s,0,5,1,3,2,1,11,3,6,1,2,s,16,7,12,19,0,2,1,8,1,0,6,0,0,3,s,14
1427,0,s,0,5,d,3,d,1,11,3,6,1,2,s,d,d,12,d,d,d,1,8,1,0,6,0,d,3,s,14
1426,0,s,0,5,1,d,d,1,11,3,6,1,2,s,16,7,12,19,0,2,d,8,1,0,6,0,0,3,s,14
I223,1,0,0,0,1,3,2,0,0,3,6,0,0,0,16,7,12,0,0,2,7,8,1,0,0,18,0,3,s,14
I224,1,0,0,0,1,3,2,0,0,3,s,0,0,0,16,7,12,0,0,2,7,8,1,s,0,18,0,3,s,14
I226,1,0,22,0,1,3,2,0,0,3,s,0,0,0,16,7,12,0,0,2,7,8,1,s,2,18,0,3,s,14
I227,1,0,22,0,1,3,2,0,0,3,s,0,2,0,16,7,12,0,0,2,7,8,1,s,2,18,0,3,s,14
1549,1,d,22,0,d,3,2,0,0,d,s,d,2,0,16,7,12,d,0,2,7,8,1,s,d,d,0,d,s,14
1548,1,0,22,0,1,3,2,0,0,3,s,0,2,0,16,7,12,0,0,2,7,8,d,s,2,18,0,3,s,14
1595,1,0,22,0,1,d,d,0,0,3,s,0,d,0,16,7,12,0,1,2,7,8,1,s,2,18,0,d,s,d
I232,1,0,0,0,1,3,2,0,0,3,s,14,0,0,16,7,12,0,0,2,7,8,1,s,0,18,0,3,s,14
1562,1,0,0,25,1,3,d,0,0,3,s,14,0,d,16,7,12,0,0,2,d,8,1,s,0,18,0,3,s,14
I236,1,0,0,0,1,3,2,0,0,3,s,14,0,3,16,7,12,0,0,2,7,8,1,s,0,18,0,3,s,14
1625,d,0,0,0,1,3,d,0,0,3,s,14,d,d,d,d,12,0,0,2,7,8,1,s,0,18,0,3,s,d
I238,1,0,0,0,1,3,2,0,0,3,s,14,0,3,16,7,s,0,s,2,7,8,1,s,0,18,0,3,s,14
1441,1,0,0,13,1,3,2,0,0,3,s,14,d,3,16,7,s,d,s,2,7,8,1,s,0,18,0,3,s,14
1440,1,0,0,0,d,3,d,0,0,3,s,14,0,3,16,7,s,0,s,2,7,8,1,s,0,18,0,3,s,14
I239,1,0,6,0,1,3,2,0,0,3,6,0,0,0,16,7,12,0,0,2,7,8,1,0,0,18,0,3,s,14
I240,1,0,6,0,1,3,2,0,0,3,6,0,0,0,16,7,12,0,0,2,7,8,1,0,0,18,0,3,s,14
1951,1,d,d,0,1,3,2,2,0,3,d,0,0,0,16,7,d,0,d,2,7,8,1,0,0,18,0,d,s,14
I244,1,0,6,0,1,3,2,0,0,3,6,0,0,0,16,7,12,0,0,2,7,8,1,0,0,18,0,3,s,14
985,1,d,6,0,1,3,2,0,d,s,6,11,0,0,16,7,12,0,0,2,d,8,1,0,0,18,0,3,s,14
I245,1,3,6,0,1,3,2,0,0,s,6,0,0,0,16,7,12,0,0,2,7,8,1,0,0,18,0,3,s,14
2033,1,3,6,0,1,3,2,0,0,s,d,0,0,0,16,7,12,0,0,2,7,8,1,0,0,18,0,3,s,14
2032,1,3,6,0,1,3,2,0,0,s,6,d,0,d,16,7,12,0,0,2,d,8,1,0,d,d,0,3,s,14
I249,1,0,6,2,1,3,2,0,0,3,6,34,0,0,16,7,12,0,0,2,7,8,1,0,0,18,25,3,s,14
1997,1,d,d,d,1,3,2,0,0,3,6,34,0,0,16,d,d,0,0,2,7,8,1,0,0,d,d,3,s,14
1030,1,0,6,2,1,d,2,1,0,3,6,34,d,0,16,7,12,1,0,2,d,8,1,0,0,18,25,3,s,14
I251,0,0,0,0,1,0,2,0,0,0,6,0,0,0,16,0,0,0,1,4,0,8,1,0,0,0,0,0,0,14
I252,0,0,0,0,1,0,2,0,0,0,6,0,0,3,16,0,0,0,1,4,0,8,1,0,0,0,0,0,0,14
I253,0,0,0,0,1,0,2,0,0,0,6,32,0,3,16,0,1,0,1,4,0,8,1,0,0,0,0,0,0,14
I254,0,0,0,0,s,0,2,0,0,0,6,32,0,3,16,0,1,0,1,4,0,8,1,0,0,0,0,0,0,14
I255,0,0,0,0,s,0,2,1,0,0,6,32,0,3,16,0,1,0,1,4,0,8,1,0,0,0,0,0,0,14
I256,0,0,0,0,s,0,2,1,0,0,6,32,0,3,16,0,1,0,1,4,3,8,1,0,0,0,0,0,0,14
1223,1,0,0,d,s,0,2,1,s,s,6,32,d,3,16,0,1,25,s,4,d,8,1,0,11,d,d,0,0,14
1068,d,0,11,27,s,0,2,1,s,4,s,32,0,d,16,d,1,33,1,4,s,8,1,0,0,0,d,0,0,14
I263,0,0,0,0,s,0,2,1,0,0,6,32,0,3,16,0,1,43,1,4,0,8,1,0,0,0,0,0,0,14
1255,0,0,0,s,s,d,2,1,18,3,6,32,d,d,16,11,1,43,1,4,0,8,1,0,d,0,24,d,0,14
I267,0,0,0,0,s,0,2,1,0,0,6,32,0,3,16,0,1,43,1,4,0,8,1,0,0,0,0,0,0,14
1055,0,0,0,0,s,0,2,1,0,0,6,32,0,3,16,0,1,43,1,d,0,8,1,0,0,s,0,16,0,14
I269,0,0,0,0,s,3,2,1,0,0,6,32,0,3,16,0,1,43,1,4,0,8,1,0,0,0,0,0,0,14
1279,d,0,0,5,s,3,2,1,s,0,6,32,0,3,16,0,1,43,1,4,0,8,1,0,0,0,0,0,0,14
1278,0,0,0,0,s,d,2,1,0,0,d,32,0,3,16,0,1,43,1,d,0,d,1,0,0,23,0,0,0,14
I270,0,0,0,0,s,0,2,0,0,3,6,32,0,3,16,0,1,0,1,4,0,8,s,0,0,0,0,0,0,14
I271,1,0,0,0,s,0,2,0,0,3,6,32,0,3,16,0,1,0,1,4,0,8,s,0,0,18,0,0,0,14
I272,1,2,0,0,s,0,2,0,10,3,6,32,0,3,16,0,1,0,1,4,0,8,s,0,0,18,0,13,0,14
1005,1,2,0,0,s,d,2,1,10,3,6,32,0,d,d,0,1,d,1,4,0,8,s,d,0,18,0,13,0,14
1908,1,2,0,0,s,0,2,0,10,3,6,32,0,3,16,0,1,0,1,4,0,8,s,14,0,18,15,13,d,14
I277,1,0,0,0,s,0,2,0,1,3,6,s,0,3,16,0,1,0,1,s,0,8,s,0,0,18,4,5,0,s
1073,1,0,0,0,s,0,2,d,1,3,6,s,0,3,16,d,1,0,1,s,0,8,s,d,0,18,4,5,d,s
1187,1,0,0,6,s,0,2,d,1,3,6,s,0,3,16,0,1,0,1,s,0,8,s,d,6,d,4,5,0,s
I280,0,0,0,0,s,0,2,1,0,3,6,32,0,3,16,0,1,0,1,4,0,8,s,0,0,0,0,0,0,14
1180,0,0,d,6,s,0,2,s,0,3,6,32,6,d,16,0,1,0,1,s,0,8,s,s,s,0,d,10,0,d
I284,0,0,0,0,s,0,2,1,0,3,6,32,2,3,16,0,1,0,1,4,0,8,s,0,7,0,0,0,0,14
I285,0,0,0,0,s,0,2,1,0,3,6,32,2,3,16,0,1,0,1,4,0,8,s,0,7,0,25,0,0,14
1773,0,d,0,d,s,0,d,1,0,3,6,32,2,3,16,0,1,0,1,d,d,8,s,0,d,0,25,d,0,14
1772,0,0,0,0,s,0,2,1,0,3,6,d,2,3,16,0,1,0,1,4,d,8,s,0,7,0,25,0,0,d
1474,0,d,0,0,s,0,2,1,0,3,6,32,2,3,16,0,1,0,1,d,s,8,s,0,7,0,0,0,0,14
I287,0,0,0,0,1,0,2,0,0,0,6,32,0,3,16,0,1,0,1,4,0,8,1,0,0,0,0,0,4,14
I289,0,0,0,0,1,0,2,0,0,3,6,32,0,3,16,0,1,0,1,4,0,8,1,15,0,0,0,3,4,14
I290,1,0,0,0,1,0,2,1,0,3,6,32,0,3,16,0,1,s,1,4,0,8,1,15,0,0,0,3,4,14
1145,1,0,0,0,d,0,d,1,0,3,6,32,0,d,16,0,1,s,1,4,0,8,1,15,0,0,d,3,4,14
I292,1,0,0,s,s,0,2,1,0,3,6,32,0,3,16,0,1,s,1,4,0,8,1,15,0,21,0,3,4,14
1489,1,0,0,s,s,2,2,1,0,3,6,32,0,3,16,0,1,s,1,4,0,8,1,d,0,21,0,3,4,s
1488,1,0,0,s,s,0,2,1,d,d,6,32,0,3,16,0,1,s,1,4,0,8,1,15,0,21,0,3,4,14
I293,0,0,0,2,1,0,2,0,0,3,6,32,0,3,16,0,1,0,1,4,0,8,1,15,0,0,0,3,4,14
I294,0,0,s,2,1,0,2,0,0,3,6,32,2,3,16,0,1,0,1,4,0,8,1,15,0,0,0,3,4,14
1605,0,0,s,d,1,0,2,d,0,3,6,d,2,d,16,0,1,0,1,4,0,8,1,15,0,0,0,3,4,d
1604,0,0,s,2,1,0,2,0,0,3,6,32,2,3,d,0,1,d,1,4,0,d,1,15,0,0,0,3,4,14
1416,d,0,0,2,1,3,d,0,0,3,6,32,0,3,16,0,d,0,1,4,0,8,1,15,0,0,25,3,d,s
I303,0,0,0,0,1,0,2,0,0,0,6,32,0,3,16,0,1,0,1,4,0,8,1,0,0,0,0,41,4,14
I308,1,0,0,0,1,0,2,0,0,0,6,32,0,3,16,11,1,8,1,4,3,8,1,0,0,21,24,41,4,14
947,d,0,d,0,1,0,s,0,d,0,d,32,0,3,16,11,1,d,1,4,3,8,d,0,0,21,24,d,4,14
1840,1,0,0,0,1,0,d,d,11,0,d,32,0,3,16,11,d,8,1,4,3,8,1,d,0,21,24,d,4,14
I310,0,0,0,0,1,0,2,0,0,3,6,32,0,3,16,0,1,0,1,4,0,8,1,0,0,25,0,41,4,14
I313,0,3,0,0,1,0,2,0,s,3,6,32,0,3,16,0,1,0,1,4,0,8,1,0,0,25,0,41,4,14
1369,0,3,0,0,1,3,2,0,s,d,6,d,0,3,d,0,1,0,1,4,0,8,1,0,0,25,0,41,d,14
1368,0,d,0,0,d,0,2,0,s,d,6,32,0,3,16,0,1,0,1,4,0,8,1,0,0,d,0,41,4,14
1782,0,0,0,0,1,0,s,0,0,3,6,32,5,3,16,s,1,0,1,d,1,d,1,d,12,25,0,s,4,14
I317,0,3,0,0,1,0,2,0,0,3,6,0,0,3,16,0,0,0,1,4,0,8,1,0,0,0,0,0,0,14
I318,0,3,0,0,1,0,2,0,27,3,6,0,0,3,16,0,0,0,1,4,s,8,1,0,0,0,0,3,0,14
I319,0,3,0,0,1,0,2,0,27,3,6,0,0,3,16,0,0,0,1,4,s,8,1,1,0,0,0,3,0,14
I320,0,3,0,0,1,0,2,0,27,3,6,0,0,3,16,0,0,0,1,4,s,8,1,1,0,0,19,3,0,14
I323,0,3,0,0,1,0,2,0,27,3,6,19,2,3,16,0,0,0,1,4,s,8,1,1,s,0,19,3,0,14
1375,0,3,0,d,1,0,d,0,27,3,6,19,2,3,16,0,0,0,d,4,s,d,1,1,s,0,19,3,0,14
1374,0,3,0,0,1,0,2,0,27,3,d,19,2,3,16,0,0,0,1,4,s,8,1,1,s,0,19,3,0,14
I324,0,3,0,0,1,0,s,1,27,3,6,0,0,3,16,0,0,0,1,4,s,8,1,1,0,10,19,3,0,14
I325,0,3,0,0,1,3,s,1,27,3,6,0,0,3,16,0,0,0,1,4,s,s,1,1,0,10,19,3,0,14
1455,0,3,0,0,1,d,s,1,d,3,6,0,2,3,16,0,0,0,1,4,s,s,1,1,0,10,19,3,0,14
1454,0,3,30,0,1,3,s,1,27,3,s,d,0,d,d,0,0,0,1,d,s,s,1,1,0,10,19,d,0,14
1428,d,3,22,0,1,0,s,1,27,3,6,0,0,3,d,0,0,0,1,4,s,8,1,1,6,10,19,3,d,14
I327,s,3,0,0,1,0,2,0,27,3,6,0,0,3,16,5,0,0,1,4,s,8,1,1,0,0,0,3,0,14
I328,s,3,0,0,1,0,2,0,27,3,6,0,0,3,16,5,0,0,1,4,s,8,1,1,0,s,0,3,8,14
1129,s,3,0,d,1,0,2,d,d,3,6,0,d,3,16,5,0,d,1,4,s,8,1,1,0,s,0,3,d,14
1292,s,3,0,0,1,0,2,d,27,3,6,0,0,3,16,5,0,0,1,4,s,8,1,1,s,s,0,3,8,14
I331,s,3,0,0,1,0,2,0,27,3,6,0,0,3,16,5,0,0,1,4,s,8,1,1,0,0,0,3,0,14
I332,s,3,0,0,1,0,2,0,27,3,6,0,0,3,16,5,0,0,1,4,s,8,1,1,0,0,0,3,0,14
1141,s,3,0,0,1,0,2,0,27,3,6,0,d,3,16,5,0,0,1,4,s,8,1,1,0,0,0,3,13,14
1140,s,3,0,0,1,0,d,0,27,3,6,0,0,s,16,5,0,0,1,4,s,8,1,1,0,0,0,3,0,14
1539,s,3,d,2,1,0,2,0,27,3,6,34,0,3,16,5,0,0,1,d,s,8,1,1,0,d,0,3,0,14
I334,0,3,0,0,1,0,2,0,27,3,6,0,0,3,16,0,0,0,1,s,s,8,1,0,0,0,0,3,0,14
1897,d,3,0,0,1,0,2,0,27,3,d,6,0,s,16,0,0,s,1,s,s,8,d,13,0,0,0,d,0,14
I342,0,3,6,0,1,0,2,0,27,3,6,0,0,3,16,9,0,0,1,s,s,8,1,0,0,0,0,3,0,14
I343,0,3,6,0,1,0,2,0,27,3,6,0,0,3,16,9,0,33,1,s,s,8,1,0,0,0,0,3,0,14
I344,0,3,6,0,1,0,2,0,27,3,6,0,0,3,16,9,0,33,1,s,s,8,1,0,12,0,0,3,0,14
1735,1,3,6,0,1,d,2,0,27,d,d,0,0,3,16,9,0,33,1,s,s,8,1,0,12,0,0,3,d,14
1734,0,3,6,0,1,0,2,0,27,3,6,0,0,3,d,9,0,33,d,s,s,8,1,0,12,d,0,3,0,14
1694,0,3,d,8,1,0,2,d,27,3,d,0,0,d,16,s,17,d,1,s,s,d,1,d,2,d,0,3,0,14
I347,0,3,6,0,1,0,2,0,27,3,6,29,0,3,16,9,0,0,1,s,s,8,1,0,0,0,0,3,0,14
1937,0,3,6,0,1,0,d,0,27,d,6,29,0,3,16,9,0,0,d,s,s,8,1,0,0,0,0,3,0,14
1936,0,3,6,0,1,0,2,0,27,3,6,29,d,3,16,9,0,0,1,s,s,8,1,0,0,d,0,d,0,d
I349,1,3,22,0,1,s,2,0,0,3,6,0,0,3,16,0,0,0,1,4,0,8,1,0,0,0,0,0,0,s
I350,1,3,22,0,1,s,2,0,20,3,6,0,0,3,16,0,0,0,1,4,0,8,1,0,0,0,0,0,0,s
I351,1,3,22,0,1,s,2,0,20,3,6,0,0,3,16,5,0,18,1,4,0,8,1,0,0,0,0,0,0,s
I353,1,3,22,0,1,s,2,0,20,3,6,0,2,3,16,5,17,18,1,4,0,8,1,0,0,0,0,0,0,s
1713,1,d,22,0,1,s,2,0,20,d,6,0,2,3,16,d,17,18,d,4,0,8,1,0,0,0,0,d,0,s
1712,d,d,22,0,1,s,2,d,20,3,6,0,2,3,16,5,17,18,1,4,0,8,1,0,0,0,0,0,0,s
I356,1,3,22,0,1,s,2,0,20,3,6,0,0,3,16,5,0,18,1,4,0,8,1,0,8,3,0,0,0,s
1601,1,d,22,0,1,s,2,0,d,3,6,0,0,3,16,5,0,18,d,4,0,8,1,0,8,d,0,0,12,s
1600,1,d,22,0,d,s,2,0,d,3,6,0,0,3,16,5,0,18,1,4,0,d,1,d,d,3,0,0,0,s
I358,1,3,22,0,1,s,2,0,20,3,6,0,0,3,16,0,0,0,1,4,0,8,1,0,0,0,0,0,15,s
1137,d,3,22,0,d,s,2,0,20,3,6,40,0,3,16,0,0,0,d,4,d,s,1,1,0,0,6,0,15,s
I364,1,3,22,0,1,s,2,0,20,3,6,0,2,3,16,0,0,0,1,4,7,8,s,0,11,0,0,0,15,s
1247,1,3,d,0,1,s,2,0,20,3,6,0,2,3,16,0,0,0,1,4,7,8,s,0,11,0,0,0,d,s
1246,1,3,22,0,1,s,2,0,20,3,6,0,2,3,16,d,0,d,1,4,7,8,s,0,11,0,0,0,d,s
I365,1,3,22,0,1,s,2,0,0,3,6,0,0,3,16,6,13,0,1,4,0,8,1,0,0,0,0,0,0,s
I366,1,3,22,0,1,s,2,0,0,3,6,0,0,3,16,6,13,0,1,4,0,8,1,0,0,0,0,0,0,s
I369,1,3,22,0,1,s,2,0,24,3,6,0,0,3,16,6,13,0,1,4,0,8,1,0,0,23,0,0,4,s
1525,d,3,22,0,1,s,2,0,24,3,6,d,0,3,d,d,13,0,1,4,0,8,1,d,0,23,0,0,4,s
1524,1,3,22,d,1,s,2,0,24,3,6,0,2,3,16,6,13,16,1,d,0,8,d,0,0,23,0,d,4,s
I371,1,3,22,0,1,s,2,0,3,3,6,0,0,3,16,6,13,0,1,4,0,8,1,0,0,0,4,0,s,s
1941,1,3,d,0,1,s,2,d,3,3,6,0,0,3,16,6,13,0,1,4,0,8,1,0,0,0,4,0,s,s
1940,1,d,22,0,1,s,2,0,3,3,6,d,0,3,16,d,13,0,d,4,d,8,d,0,0,0,4,0,s,s
I373,1,3,22,0,1,s,2,0,0,3,6,0,0,3,16,6,13,0,1,4,0,8,1,9,0,28,0,0,0,s
I376,1,3,22,0,1,s,2,0,0,3,6,0,0,s,16,6,13,0,1,4,0,8,1,9,6,28,0,0,13,s
1085,1,3,22,0,1,s,2,0,d,3,6,0,0,s,16,6,13,0,1,d,0,8,1,9,6,28,d,0,13,s
1084,1,3,22,d,1,s,2,0,0,3,6,0,0,s,16,6,13,0,d,4,0,d,1,9,6,28,0,0,13,s
1390,1,s,d,0,1,s,2,0,0,3,6,0,0,3,16,6,d,0,1,4,0,8,1,9,0,28,0,0,0,s
I380,0,0,42,8,1,0,2,0,0,0,6,0,0,0,16,0,0,0,1,4,0,8,1,0,0,0,0,0,0,14
I381,0,0,42,8,1,0,2,0,0,0,6,0,0,0,16,0,0,0,1,4,4,8,1,0,0,1,0,0,0,14
I382,0,0,42,8,1,0,2,0,0,0,6,0,0,0,16,0,0,0,1,4,4,8,1,0,0,1,0,0,0,14
I383,0,0,42,8,1,0,2,0,0,0,6,0,0,0,16,0,0,0,1,4,4,8,1,0,0,1,0,0,0,14
I384,0,0,42,8,1,0,2,0,1,0,6,14,0,0,16,2,0,0,1,4,4,8,1,0,0,1,0,s,0,14
1567,0,0,42,d,1,0,2,1,1,0,6,14,0,0,16,2,0,0,1,4,4,d,1,0,d,1,0,s,d,14
I388,0,0,42,8,1,0,2,0,1,2,6,14,0,0,16,2,0,0,1,4,4,8,1,0,0,1,0,s,0,14
1790,0,0,42,8,1,0,2,0,1,2,6,14,d,s,d,2,0,0,1,4,4,d,1,s,0,1,0,s,0,14
I390,0,0,42,8,1,0,2,0,1,2,6,14,0,0,16,2,0,0,1,4,4,8,1,0,0,1,0,s,0,14
1699,0,d,42,8,1,0,d,d,1,d,6,14,0,0,16,2,0,0,1,4,4,d,1,0,d,1,0,s,d,14
1698,0,0,42,8,1,0,d,0,1,2,6,14,0,0,d,2,0,d,1,4,4,8,1,0,0,d,0,s,0,14
I391,1,0,42,8,1,0,2,0,0,0,6,0,0,0,16,0,0,0,1,4,4,8,1,0,0,1,11,0,0,14
I394,1,0,s,8,1,0,2,0,0,0,6,0,0,0,16,0,0,0,1,4,4,8,1,0,0,1,11,0,0,14
1741,1,0,s,8,1,0,2,0,0,0,6,0,0,0,16,0,0,0,1,4,4,8,1,0,0,1,11,d,d,14
1740,1,d,s,8,1,3,2,0,4,d,6,0,0,0,16,d,0,0,1,d,4,8,1,0,d,1,11,0,0,14
I395,1,0,42,8,1,0,2,0,0,0,6,0,0,0,16,3,6,22,1,4,4,8,s,0,0,1,11,0,0,14
1592,1,0,d,8,d,4,d,d,0,0,6,0,8,0,16,s,6,22,1,4,4,8,s,0,d,1,11,d,0,14
1710,1,0,d,8,1,0,2,0,d,3,6,d,0,0,16,3,6,d,1,4,d,8,s,0,0,1,11,0,0,14
I398,0,0,42,8,1,0,2,0,0,0,6,0,0,0,16,0,0,0,1,4,4,8,1,0,0,1,0,0,0,14
I399,0,0,42,8,1,s,2,0,0,0,6,0,0,0,16,0,0,0,1,4,4,8,1,0,0,1,10,0,0,14
1932,0,0,d,8,1,s,2,d,d,0,6,19,2,0,16,0,d,0,1,4,4,8,1,0,d,1,10,0,d,14
I403,0,0,42,8,1,s,2,0,0,0,6,0,0,0,16,0,0,0,1,4,s,8,1,0,0,1,10,0,0,14
I404,0,0,42,8,1,s,2,0,0,0,6,0,0,0,16,0,0,0,1,4,s,8,1,0,0,1,10,0,0,14
1789,0,0,42,8,1,s,2,0,0,d,6,0,0,d,16,0,0,0,d,4,s,8,1,0,d,1,10,0,0,14
1788,0,0,42,d,d,s,2,1,0,0,6,0,0,0,16,0,0,0,d,4,s,8,1,0,d,d,10,0,0,14
I405,0,0,42,8,1,s,2,0,0,0,6,0,0,0,16,0,0,0,1,4,s,8,1,0,0,1,10,0,0,14
1881,0,0,42,8,1,s,d,0,0,0,6,0,0,0,16,0,0,0,d,4,s,8,1,0,0,d,10,0,d,14
1880,0,0,42,8,1,s,2,d,0,d,6,0,0,d,d,0,0,0,1,4,s,8,1,0,d,d,10,0,0,14
I406,0,0,42,8,1,0,2,0,0,5,6,0,2,0,16,0,0,25,1,4,4,8,1,0,0,1,0,0,0,14
I408,0,0,42,8,1,0,2,0,0,5,6,0,2,0,16,0,0,25,1,4,4,8,1,0,0,1,0,0,0,14
1689,0,0,d,d,1,d,2,0,0,5,6,0,2,0,16,0,d,25,1,4,4,8,1,0,0,1,0,0,0,14
1688,0,0,42,8,d,d,2,0,d,5,6,0,2,0,16,0,0,25,1,d,4,8,d,0,0,1,0,d,0,14
1983,d,d,42,d,d,0,2,1,1,5,6,0,2,d,s,0,0,25,1,4,4,8,1,0,0,1,0,0,d,s
I413,0,0,42,8,1,0,2,0,0,0,6,s,0,0,16,0,0,0,1,4,4,8,1,0,0,1,0,0,0,14
I414,0,0,42,8,1,0,s,0,0,0,6,s,0,3,16,0,s,12,s,4,s,8,1,0,0,1,0,0,0,14
I415,1,0,42,8,1,0,s,0,0,0,6,s,0,3,16,0,s,12,s,4,s,8,1,0,0,1,0,0,0,14
I416,1,0,42,8,1,0,s,0,0,3,6,s,0,3,16,0,s,12,s,4,s,8,1,0,0,1,18,0,0,14
1330,1,0,d,8,1,0,s,0,0,3,6,s,0,d,16,0,s,12,s,4,s,8,1,0,d,1,18,0,0,d
I418,1,3,42,8,1,0,s,0,19,3,6,s,0,3,16,0,s,12,s,4,s,8,1,0,0,1,18,0,0,14
1415,1,3,42,8,d,0,s,0,19,3,6,s,0,3,16,0,s,12,s,4,s,8,1,0,0,1,18,0,d,d
1414,d,3,42,8,1,3,s,d,19,3,d,s,0,3,d,0,s,12,s,4,s,8,1,0,0,1,18,0,0,14
I419,1,0,42,s,1,0,s,3,0,3,6,s,0,3,16,0,s,12,s,4,s,8,1,0,0,1,0,0,10,14
1290,1,d,42,s,1,0,s,3,3,3,6,s,0,d,16,0,s,12,s,4,s,8,1,0,0,1,0,d,d,14
1284,1,0,42,s,1,d,s,d,0,3,6,s,0,3,16,0,s,12,s,d,s,8,1,10,12,1,0,0,10,14
I422,0,0,42,8,1,0,s,1,0,s,6,s,s,3,16,0,s,12,s,4,s,8,1,0,0,1,0,4,0,14
I423,0,0,42,8,1,0,s,1,0,s,6,s,s,3,16,0,s,12,s,4,s,8,1,0,0,1,0,4,0,14
1450,0,0,42,8,1,0,s,1,0,s,6,s,s,3,16,0,s,12,s,4,s,8,1,0,0,1,0,4,0,14
1208,d,0,42,8,1,0,s,1,0,s,s,s,s,3,16,d,s,12,s,d,s,8,1,d,0,d,d,4,14,14
I426,0,3,42,8,1,0,s,1,0,s,6,s,s,3,16,0,s,12,s,4,s,8,1,0,0,1,0,4,0,14
1157,0,s,42,d,1,0,s,1,0,s,6,s,s,3,16,6,s,d,s,4,s,8,1,0,0,1,0,d,0,d
I428,0,3,42,8,1,0,s,1,0,s,6,s,s,3,16,s,s,12,s,4,s,8,1,0,0,1,0,4,0,14
1109,1,3,42,8,1,0,s,1,18,s,6,s,s,3,16,s,s,12,s,4,s,8,1,0,0,1,0,4,0,d
1108,0,d,42,8,d,5,s,d,d,s,6,s,s,3,16,s,s,12,s,4,s,d,1,0,0,1,d,4,0,14
I429,0,0,42,8,1,0,2,0,0,0,6,s,0,0,16,0,0,0,1,4,4,s,1,0,13,s,0,41,0,14
I430,1,0,42,8,1,0,2,0,3,0,6,s,0,0,16,0,0,0,1,4,4,s,1,0,13,s,0,41,0,14
I431,1,3,42,8,1,0,2,0,3,0,6,s,0,0,16,0,0,0,1,4,4,s,1,0,13,s,0,41,0,14
1409,1,3,42,8,d,0,2,0,d,0,6,s,2,0,16,d,0,0,1,4,d,s,1,d,13,s,0,41,0,14
1691,1,3,42,8,1,0,2,1,3,0,6,s,7,0,16,0,0,0,1,4,4,s,1,0,13,s,0,41,0,14
I434,1,0,42,8,1,0,2,0,3,0,6,s,0,0,16,0,0,0,1,4,4,s,1,0,13,s,0,41,3,14
1662,d,0,42,8,d,3,2,0,d,5,6,s,0,0,16,0,0,0,1,d,4,s,1,35,13,s,3,41,3,d
I436,1,0,42,8,1,3,2,0,3,0,6,s,0,0,16,0,3,0,1,4,4,s,1,0,13,s,0,41,3,14
1585,d,0,42,8,1,3,2,d,d,0,6,s,0,0,d,0,3,0,1,4,4,s,1,0,13,s,0,41,3,14
1584,1,d,42,8,1,3,2,0,3,d,6,s,0,0,16,0,3,0,1,4,4,s,d,0,13,s,d,41,3,14
I441,0,1,42,8,1,0,2,0,0,0,6,s,0,0,16,7,0,33,1,4,4,s,1,0,13,s,0,41,13,14
1974,0,1,d,d,1,0,d,0,0,0,6,s,0,0,16,7,0,33,1,4,4,s,1,0,13,s,0,41,13,14
1542,0,1,42,8,1,0,d,0,0,0,6,s,d,d,16,7,s,33,1,4,4,s,1,14,13,s,3,d,13,14
I444,0,3,42,8,1,0,2,0,0,0,6,0,0,0,16,0,0,0,1,4,0,8,1,0,0,0,0,0,0,14
I445,0,3,42,8,1,3,2,0,0,0,6,0,0,0,16,0,0,0,1,4,s,8,1,0,0,0,0,0,0,14
I446,0,3,42,8,1,3,2,0,0,0,6,0,0,0,16,0,0,0,1,4,s,8,1,0,0,0,0,0,0,14
I447,0,3,42,8,1,3,2,0,0,0,6,0,0,0,s,0,0,14,1,4,s,8,1,0,0,0,0,0,0,14
I448,0,3,42,8,s,3,2,1,0,0,6,0,s,0,s,0,0,14,1,4,s,8,1,0,0,0,0,0,0,14
I449,0,3,42,8,s,3,2,1,0,0,6,11,s,0,s,0,0,14,1,4,s,8,1,0,0,0,0,22,0,14
1481,0,3,42,8,s,3,2,1,4,0,6,11,s,0,s,0,12,14,1,4,s,8,1,d,0,0,d,22,0,14
1480,0,3,42,8,s,3,2,1,0,s,s,d,s,0,s,0,0,14,1,4,s,8,s,0,0,0,0,d,0,14
I450,0,3,42,8,s,3,2,1,0,0,6,0,s,0,s,0,0,14,1,4,s,8,1,0,0,0,0,0,0,14
1273,0,3,42,8,s,3,2,1,0,0,6,0,s,0,s,0,0,14,d,4,s,8,d,0,0,0,0,0,0,14
1272,0,3,42,d,s,3,2,1,0,3,6,0,s,0,s,0,0,14,1,4,s,8,1,0,0,0,0,0,0,14
I451,0,3,42,8,1,3,2,0,0,0,6,0,2,0,s,0,0,14,1,4,s,8,1,0,0,0,0,0,13,14
1143,1,d,s,8,1,3,d,0,0,0,6,0,2,0,s,d,0,14,1,4,s,8,d,0,0,0,0,20,13,14
I453,0,3,42,8,1,3,2,0,0,0,6,0,2,0,s,0,0,14,1,4,s,8,1,0,0,14,6,0,13,14
1153,0,3,42,8,1,3,2,0,0,0,6,0,2,0,s,0,0,d,1,4,s,8,1,0,0,14,6,0,13,14
1152,0,3,42,8,1,d,2,0,0,0,6,0,2,0,s,0,0,14,1,4,s,8,1,d,6,14,6,0,13,14
I454,1,3,42,8,1,s,2,0,0,0,6,0,2,0,16,5,0,0,1,4,s,8,1,0,0,21,0,0,0,14
1907,1,3,42,8,1,s,d,0,0,d,6,0,2,0,16,5,d,0,1,4,s,d,1,0,0,21,d,0,0,14
I458,1,3,42,8,1,s,2,0,0,0,6,0,2,0,16,5,0,0,1,4,s,8,1,2,0,21,0,0,0,s
2024,1,3,42,8,1,s,2,d,0,d,6,16,2,0,16,5,0,2,d,4,s,8,1,2,0,21,0,0,0,s
1874,1,3,42,8,1,s,2,0,0,0,6,2,2,d,16,5,d,0,1,d,s,d,1,2,0,21,d,0,d,s
I461,0,3,42,8,1,3,2,0,0,0,6,0,0,0,16,0,0,0,1,4,s,8,1,0,0,0,0,0,13,14
I462,0,3,42,8,1,3,2,0,10,0,6,0,0,0,16,0,0,0,1,4,s,8,1,0,0,14,0,10,13,14
I463,0,3,42,8,1,3,2,1,10,0,6,0,0,0,16,0,41,0,1,4,s,8,1,0,0,14,11,10,13,s
1466,0,3,42,8,1,3,2,1,10,0,d,6,0,0,16,0,d,0,1,4,s,8,d,0,0,d,11,10,13,s
I465,0,3,42,8,1,3,2,1,10,0,6,0,0,0,16,0,41,0,1,4,s,8,1,0,0,14,11,10,13,s
1565,0,3,42,8,1,3,2,1,d,0,6,0,0,d,d,0,41,0,1,4,s,8,1,0,d,14,11,10,13,s
1564,0,3,42,8,1,3,2,1,d,0,6,0,d,0,d,0,41,1,1,d,s,8,d,0,0,14,11,d,d,s
1771,0,3,42,d,1,3,d,0,10,d,6,0,0,0,16,d,0,0,1,4,s,8,s,0,8,14,0,10,13,d
I469,0,3,42,8,1,3,2,0,0,0,6,0,0,0,16,0,0,0,1,4,s,8,1,0,s,0,0,0,13,14
I470,0,3,42,8,1,3,2,0,0,0,6,0,0,0,16,0,0,0,1,4,s,8,1,0,s,0,25,0,13,14
1653,0,3,d,8,1,3,2,0,0,d,6,0,0,s,16,0,0,0,1,4,s,8,d,0,s,0,25,0,13,14
I472,0,3,42,8,1,3,2,0,0,0,6,0,2,0,16,0,0,0,1,4,s,8,1,0,s,0,25,5,13,14
1619,d,3,42,8,d,d,d,0,0,0,6,0,2,0,16,d,0,0,1,4,s,8,1,d,s,0,25,5,13,14
1618,d,d,42,8,1,3,2,0,0,0,6,0,2,0,16,0,d,0,1,4,s,8,1,0,s,0,25,5,13,d
I473,0,3,42,8,1,3,2,0,0,0,6,0,2,0,16,0,0,0,1,4,s,8,1,0,s,0,0,0,13,14
1853,0,3,42,8,1,d,2,0,0,0,6,0,2,0,16,0,0,d,1,4,s,8,1,0,s,0,25,0,13,14
1915,0,3,42,8,d,3,2,0,0,0,6,0,2,0,16,0,0,0,1,4,s,d,1,0,s,0,0,0,13,14
I476,0,3,42,8,1,0,2,0,0,0,6,0,0,0,16,0,0,0,1,4,0,8,1,0,0,0,s,0,0,14
I477,0,3,42,8,1,3,2,0,0,0,6,0,0,0,16,0,0,0,1,4,0,8,1,0,0,0,s,0,0,14
I478,0,3,42,8,1,3,2,0,0,0,6,0,0,0,16,0,0,0,1,4,0,8,1,0,0,0,s,0,0,14
1609,0,3,42,8,1,3,2,0,15,0,6,0,d,0,d,0,17,0,1,d,0,8,1,5,0,d,s,0,13,14
1705,s,3,42,d,1,3,2,d,d,0,6,0,0,d,16,5,0,d,1,4,0,8,1,5,d,d,s,0,0,14
I486,0,3,42,8,1,3,2,0,6,3,6,0,2,0,16,0,0,0,1,4,0,8,1,0,0,0,s,0,13,14
1809,0,d,42,8,d,3,2,0,6,3,d,0,2,0,16,0,s,5,1,4,0,8,1,0,d,0,s,d,13,14
1709,0,3,42,8,1,d,2,d,d,3,6,0,2,0,16,0,0,0,1,4,0,8,1,7,s,d,s,0,13,d
I492,0,3,42,8,1,0,2,0,0,0,6,0,0,0,16,11,0,0,1,4,1,8,1,0,0,0,s,0,0,14
I493,0,3,42,8,1,3,2,0,0,0,6,0,0,0,16,11,0,0,1,4,1,8,1,0,0,0,s,0,0,14
I495,0,3,42,8,1,s,2,0,0,0,6,0,0,0,16,11,0,0,1,4,1,8,1,0,0,0,s,0,0,14
1865,d,3,d,8,1,s,2,0,0,0,d,0,0,0,16,11,0,0,1,d,1,8,1,0,0,0,s,0,d,d
1864,0,d,42,d,1,s,2,0,0,0,6,0,0,0,16,11,0,d,1,4,1,8,1,0,0,0,s,0,0,14
I497,0,3,42,8,1,3,2,0,s,0,6,0,0,0,16,11,0,0,1,4,1,8,1,0,0,0,s,0,0,14
I498,0,3,42,8,1,3,2,0,s,0,6,0,0,3,16,11,0,8,1,4,1,8,1,0,0,0,s,0,0,14
1611,0,3,42,8,1,3,2,d,s,0,6,0,0,3,16,11,0,8,1,4,1,8,1,d,0,0,s,d,0,14
1610,d,3,42,d,d,3,2,0,s,0,6,0,0,3,16,11,d,d,1,4,1,8,1,0,0,0,s,d,0,14
I499,0,3,42,8,1,3,2,0,s,0,6,22,0,0,16,11,0,0,1,4,1,8,1,0,0,0,s,0,17,14
1479,0,3,42,8,1,d,2,0,s,0,d,22,d,0,16,d,0,0,1,4,d,8,1,0,0,0,s,0,d,14
1478,0,3,42,d,1,3,2,0,s,d,6,22,0,0,16,11,0,0,d,4,d,8,d,0,0,0,s,0,17,14
I500,0,3,42,8,1,3,2,s,0,0,6,0,0,0,16,11,0,0,1,4,1,8,1,0,0,0,s,0,0,s
2041,0,d,d,8,1,3,2,s,0,0,d,0,0,0,16,d,0,3,1,4,1,8,1,0,0,2,s,0,0,s
I504,0,3,42,8,1,3,2,s,0,0,6,0,0,0,16,11,0,0,1,4,1,8,1,0,0,0,s,0,0,s
I505,0,3,42,8,s,3,2,s,0,0,6,40,0,0,16,11,0,0,1,4,1,8,1,0,0,0,s,0,0,s
1659,0,3,42,8,s,3,2,s,0,0,6,40,0,d,16,11,d,0,1,4,1,8,1,0,0,0,s,d,0,s
1658,d,3,d,8,s,3,2,s,0,0,d,40,0,0,16,d,0,0,1,4,1,8,1,0,0,0,s,0,0,s
1904,1,3,42,8,1,3,2,s,0,0,6,20,0,0,16,11,0,s,1,4,1,8,1,0,d,0,s,s,0,s
I507,0,0,0,0,3,0,2,0,0,0,0,0,0,0,0,0,17,0,0,0,0,0,1,0,0,0,0,s,0,14
I508,0,0,0,0,s,3,2,0,22,0,10,0,0,0,0,0,17,0,0,0,0,0,1,0,8,0,0,s,0,14
I509,0,0,6,0,s,3,2,0,22,0,10,0,0,0,0,0,17,0,4,0,0,0,1,0,8,0,0,s,13,14
I510,0,0,6,0,s,3,2,1,22,3,10,0,0,0,0,s,17,0,4,0,0,0,1,0,8,0,0,s,13,14
I511,0,3,6,0,s,3,2,1,22,3,10,25,0,0,0,s,17,0,4,0,0,0,1,0,8,0,0,s,13,14
I512,0,3,6,0,s,3,2,1,22,3,10,25,0,0,0,s,17,0,4,0,0,0,1,0,8,0,0,s,13,14
I513,0,3,6,0,s,3,2,1,22,3,10,25,5,0,0,s,17,0,4,0,0,0,1,0,8,0,0,s,13,14
I514,0,3,6,0,s,3,2,1,22,3,10,25,5,0,0,s,17,0,4,0,0,0,1,0,8,0,0,s,13,14
1067,0,3,6,0,s,d,2,1,22,3,10,25,5,4,0,s,s,15,d,0,0,0,1,29,8,0,0,s,13,14
1065,d,3,6,0,s,3,2,1,22,3,10,25,5,0,3,s,17,0,4,d,2,1,d,0,8,0,0,s,13,14
I518,0,3,6,0,s,3,2,1,22,3,10,25,5,s,10,s,17,0,4,3,0,0,1,29,8,s,0,s,13,14
1091,0,d,6,0,s,3,2,1,22,3,d,25,5,s,10,s,17,0,4,3,0,0,1,d,8,s,0,s,13,14
1090,0,3,6,0,s,3,2,1,22,3,10,25,5,s,10,s,d,0,4,3,3,0,1,29,d,s,0,s,13,14
I524,0,3,6,15,s,3,2,1,22,3,10,25,0,0,0,s,17,0,4,4,s,0,1,15,8,0,0,s,13,14
1354,0,3,6,d,s,3,2,1,22,3,10,25,s,0,0,s,17,0,4,4,s,0,d,15,8,0,d,s,13,d
I526,s,3,6,15,s,3,2,1,22,3,10,25,2,0,0,s,17,0,4,4,s,0,1,15,8,0,0,s,13,14
1587,s,3,6,15,s,3,2,d,22,3,10,d,2,4,0,s,17,0,4,4,s,0,1,15,d,0,0,s,13,14
1586,s,3,6,d,s,3,2,1,22,3,10,25,2,0,0,s,17,d,4,d,s,0,1,15,8,d,0,s,13,d
I527,0,3,6,0,s,3,2,1,22,3,10,25,0,0,0,s,17,0,4,0,0,0,1,0,8,0,0,s,13,14
I528,0,3,6,0,s,3,2,1,22,3,10,25,0,0,0,s,17,0,4,0,0,0,1,0,8,0,0,s,13,s
I529,0,3,6,0,s,3,2,1,22,3,10,25,0,0,0,s,17,0,4,0,0,0,1,0,8,0,s,s,13,s
I530,0,3,6,0,s,3,2,1,22,3,10,25,0,0,0,s,17,0,4,0,0,0,1,0,s,0,s,s,13,s
1381,0,3,6,0,s,3,2,1,d,3,10,25,2,0,0,s,17,d,4,0,d,0,1,0,s,0,s,s,d,s
1380,0,3,6,0,s,3,d,d,22,3,d,d,5,d,0,s,17,0,4,0,0,0,1,0,s,0,s,s,13,s
1654,d,3,6,0,s,3,2,1,22,d,10,25,0,0,0,s,17,22,4,0,d,0,1,7,8,0,s,s,13,s
I532,0,3,6,0,s,3,2,1,22,3,10,25,0,0,0,s,17,0,4,0,0,0,1,0,8,0,0,s,13,s
1388,0,3,d,30,s,3,2,1,d,3,10,s,2,0,d,s,17,0,4,d,d,0,1,0,8,d,0,s,13,s
1392,0,3,6,0,s,3,2,1,22,3,d,25,0,0,0,s,17,2,4,0,4,0,1,0,d,0,0,s,13,s
I535,0,3,6,0,s,3,2,1,22,3,10,25,0,0,0,s,17,0,4,0,0,0,1,0,8,0,0,s,13,14
1211,0,s,6,0,s,s,2,1,d,3,10,25,0,0,d,s,17,s,4,0,0,0,1,0,8,2,10,s,13,14
I540,0,3,6,0,s,3,2,1,22,3,10,25,s,0,0,s,17,11,4,0,0,0,1,0,8,0,0,s,13,14
1155,0,3,6,d,s,3,2,1,d,3,10,25,s,3,0,s,s,s,4,0,7,0,1,0,8,d,0,s,13,14
1154,0,3,6,d,s,3,2,1,22,d,10,25,s,0,0,s,17,11,4,0,1,0,1,0,8,0,d,s,13,14
I542,1,0,6,0,s,3,2,1,22,3,10,0,0,0,0,s,17,0,4,0,s,0,1,0,8,0,0,s,13,14
I543,1,0,6,0,s,3,2,1,22,3,10,0,0,0,0,s,17,0,4,0,s,0,1,0,8,0,0,s,13,14
I544,1,0,6,5,s,3,2,1,22,3,10,0,0,0,13,s,17,0,4,0,s,0,1,0,8,0,0,s,13,14
I547,1,0,6,s,s,3,2,1,22,3,10,0,0,0,13,s,17,0,4,s,s,0,1,0,8,0,0,s,13,14
1083,d,0,6,s,s,3,2,1,22,3,10,0,6,0,13,s,17,0,4,s,s,0,1,0,8,0,d,s,d,14
1082,1,0,6,s,s,3,2,1,22,3,10,0,d,0,13,s,17,0,4,s,s,0,1,0,8,0,0,s,13,14
I548,1,0,6,5,s,3,2,1,22,3,10,0,0,0,13,s,17,0,4,4,s,0,1,0,8,0,0,s,13,14
I549,1,0,6,5,s,3,2,1,22,3,10,0,3,0,13,s,17,0,4,4,s,0,1,0,8,0,0,s,13,14
1047,1,0,6,5,s,3,2,d,22,3,10,0,3,0,d,s,17,0,4,4,s,d,1,0,8,d,0,s,13,d
2047,1,0,6,5,s,d,2,1,22,d,10,0,d,0,13,s,17,0,4,4,s,0,1,0,8,0,0,s,13,14
I551,1,0,6,5,s,3,2,1,22,3,10,0,0,0,13,s,17,0,4,4,s,0,1,0,8,1,0,s,13,14
1127,1,0,6,5,s,3,2,1,22,3,10,d,0,0,13,s,17,0,4,d,s,0,1,d,8,1,25,s,13,14
1126,1,d,6,5,s,3,2,d,22,d,10,0,0,0,13,s,17,0,4,4,s,0,1,d,8,d,0,s,13,d
I552,1,0,6,0,s,3,2,s,22,3,10,0,0,0,s,s,17,0,4,0,s,0,1,15,8,0,0,s,13,14
I554,1,0,6,0,s,3,2,s,22,3,10,12,0,0,s,s,17,s,s,0,s,0,1,15,8,0,0,s,13,14
1089,1,0,6,12,s,3,2,s,22,3,10,d,0,0,s,s,17,s,s,0,s,0,1,15,8,0,0,s,13,14
1088,1,0,6,0,s,3,d,s,22,3,d,12,0,d,s,s,17,s,s,0,s,d,1,15,8,d,0,s,13,d
I556,1,0,6,0,s,3,2,s,22,3,10,0,0,0,s,s,17,0,4,0,s,0,1,15,8,0,0,s,13,14
1266,1,0,6,6,s,3,2,s,22,3,10,0,s,0,s,s,17,d,d,0,s,0,1,15,d,0,0,s,13,14
2039,1,0,6,31,s,3,2,s,22,3,d,0,d,0,s,s,17,0,d,0,s,d,1,15,8,1,0,s,13,d
I561,1,0,6,0,s,3,2,1,22,3,10,0,0,0,0,s,17,0,4,0,s,0,1,0,8,0,0,s,13,14
I562,1,0,6,0,s,3,2,1,22,3,10,0,0,0,0,s,17,0,4,0,s,8,1,0,8,0,0,s,13,14
I564,1,0,6,16,s,3,2,1,22,3,10,0,0,0,s,s,17,0,4,0,s,8,1,0,8,0,0,s,13,14
1195,1,0,6,16,s,3,2,1,22,3,10,0,0,0,s,s,17,0,4,1,s,d,1,0,8,0,d,s,13,14
1194,1,d,6,16,s,3,2,s,22,3,10,0,0,0,s,s,17,0,4,0,s,8,1,0,8,0,d,s,13,14
I566,1,0,6,0,s,3,2,1,22,3,10,0,0,0,0,s,17,0,4,0,s,8,1,0,8,0,0,s,13,14
1400,d,0,6,0,s,3,s,1,22,3,10,0,d,d,d,s,17,0,4,s,s,8,1,0,8,23,0,s,13,14
I568,1,0,6,0,s,3,2,1,22,3,10,0,0,0,0,s,17,0,4,0,s,8,1,0,8,0,0,s,13,14
1517,1,0,6,0,s,3,d,1,22,3,10,0,0,0,d,s,17,d,4,0,s,8,d,0,8,0,4,s,d,14
1516,1,d,6,0,s,3,2,1,22,3,10,d,0,d,0,s,17,d,4,0,s,8,1,0,8,0,0,s,d,14
I569,1,s,6,0,s,3,2,1,22,3,10,0,2,0,0,s,17,0,4,0,s,0,1,0,8,21,0,s,13,14
I570,1,s,6,0,s,3,2,1,22,3,10,34,2,0,0,s,17,40,4,0,s,0,1,0,8,21,0,s,13,14
I571,1,s,6,0,s,3,2,1,22,3,10,34,2,0,0,s,17,40,4,0,s,0,1,0,8,21,0,s,13,14
1295,1,s,6,6,s,3,2,1,d,3,10,34,2,0,6,s,d,40,4,0,s,0,1,0,d,21,0,s,13,d
1294,1,s,6,0,s,3,2,d,22,3,10,34,2,0,0,s,17,40,4,0,s,3,d,0,8,21,0,s,13,14
1352,1,s,6,0,s,d,2,1,22,d,10,d,2,0,0,s,17,40,s,2,s,0,1,0,8,d,0,s,13,14
I573,1,s,6,0,s,3,2,1,22,3,10,0,2,0,0,s,17,0,4,0,s,0,1,0,8,21,0,s,13,14
I574,1,s,6,0,s,3,2,1,22,3,10,0,2,0,3,s,17,15,4,0,s,0,1,0,8,21,0,s,13,14
1551,1,s,d,12,s,3,2,1,22,3,d,0,2,0,3,s,17,15,4,0,s,0,1,0,s,21,0,s,13,14
1550,1,s,6,0,s,3,2,1,22,3,10,0,2,0,3,s,17,15,4,0,s,0,1,0,8,21,0,s,13,14
I575,1,s,6,15,s,3,2,1,22,3,10,0,2,0,0,s,17,0,4,0,s,0,1,0,8,21,0,s,13,14
1197,1,s,6,15,s,d,2,1,22,d,10,0,2,0,0,s,17,0,4,d,s,0,1,0,8,21,0,s,13,14
1196,1,s,6,15,s,3,2,1,22,3,10,0,2,d,0,s,17,0,4,0,s,0,1,0,d,21,0,s,13,14
I576,0,0,6,0,s,3,2,0,22,0,10,0,0,0,0,0,17,0,4,0,0,0,1,0,8,0,0,s,13,14
I577,0,0,6,0,s,3,2,0,22,0,10,0,0,0,22,0,17,0,4,0,0,0,1,0,8,0,3,s,13,14
I578,0,0,6,0,s,3,2,0,22,0,10,0,0,0,22,0,17,0,4,0,0,0,1,0,8,0,s,s,13,14
I579,0,0,6,0,s,3,2,0,22,0,10,0,0,5,22,0,17,0,4,0,0,0,1,0,8,0,s,s,13,14
1835,0,0,6,0,s,3,2,1,22,0,10,0,d,5,22,0,17,0,4,0,0,3,1,0,8,0,s,s,13,14
I583,0,0,6,12,s,3,2,0,22,0,10,0,0,5,22,0,17,0,4,0,0,0,1,0,8,0,s,s,13,14
I584,1,0,6,12,s,3,2,0,22,0,10,0,0,5,22,0,17,0,4,0,3,0,1,0,8,0,s,s,13,14
1949,1,0,6,12,s,3,2,0,d,0,10,0,d,5,22,0,17,0,4,0,3,d,1,d,8,0,s,s,13,14
1948,1,0,6,12,s,d,2,0,22,d,10,d,0,5,22,0,d,0,4,0,3,0,1,d,8,2,s,s,13,14
1749,d,0,d,12,s,3,2,0,22,3,10,0,d,5,d,0,17,d,4,0,0,d,1,0,d,d,s,s,13,14
I586,0,0,6,0,s,3,2,0,22,0,10,0,0,0,22,0,17,0,4,0,0,0,1,0,8,3,s,s,13,14
I587,0,0,6,0,s,3,s,0,22,0,10,0,0,0,22,0,17,0,4,0,0,0,1,28,8,3,s,s,13,14
1269,d,s,d,0,s,3,s,s,22,0,s,0,0,0,22,14,17,0,4,0,d,d,1,28,8,3,s,s,13,14
1177,1,0,6,0,s,d,s,0,22,0,10,0,0,0,22,11,17,0,4,0,0,0,1,28,8,d,s,s,13,d
I590,0,3,6,0,s,3,2,0,22,0,10,0,0,0,22,7,17,33,4,0,0,0,1,0,8,3,s,s,13,14
I591,0,3,6,0,s,3,2,0,22,9,10,s,2,0,22,7,17,33,4,0,0,0,1,0,8,3,s,s,13,14
1911,0,d,6,0,s,d,2,d,22,9,10,s,2,0,22,7,d,d,4,0,0,0,1,0,8,3,s,s,13,14
1910,0,3,6,3,s,3,2,0,22,9,10,s,2,0,22,d,17,33,d,d,0,0,1,d,8,3,s,s,13,14
I592,0,3,6,0,s,3,2,0,22,0,10,0,0,0,22,7,17,33,4,0,0,22,1,0,8,3,s,s,13,14
1341,0,3,6,d,s,d,2,0,22,d,10,0,0,0,22,7,d,33,4,0,d,22,1,0,8,3,s,s,13,d
1340,1,3,6,s,s,3,d,0,22,8,10,0,0,0,22,7,17,33,4,0,0,22,1,0,8,3,s,s,13,14
I593,0,0,6,12,s,3,2,0,22,0,10,0,0,0,22,0,17,0,4,0,0,0,1,0,8,0,s,s,13,14
I594,0,0,6,12,s,3,2,0,22,3,10,0,0,3,22,11,17,0,4,0,0,0,1,0,8,0,s,s,13,14
I595,0,0,6,12,s,3,2,0,22,3,10,0,6,3,22,11,17,0,4,0,0,2,1,0,8,0,s,s,13,14
1198,0,0,6,12,s,3,2,0,22,3,10,20,6,d,22,11,d,0,4,d,3,d,1,0,8,0,s,s,13,d
I597,0,0,6,12,s,3,2,0,22,3,10,0,6,3,22,11,17,0,4,2,0,2,1,0,8,0,s,s,13,14
2010,0,0,6,12,s,3,2,0,22,d,d,d,6,3,s,11,17,0,d,2,0,2,1,0,8,0,s,s,13,14
2003,s,0,6,12,s,3,2,d,22,3,10,0,6,3,22,11,17,0,4,2,0,d,1,0,8,d,s,s,13,14
I600,0,0,6,12,s,3,2,0,22,3,10,0,0,3,22,11,17,0,4,4,0,0,1,35,8,0,s,s,13,14
1217,0,0,d,d,s,3,2,0,22,3,d,30,0,3,22,11,17,s,d,4,0,0,1,35,8,0,s,s,13,d
I602,0,3,6,12,s,3,2,1,22,3,10,0,0,3,22,11,17,0,4,4,0,0,1,35,8,0,s,s,13,14
1327,0,3,6,12,s,3,2,d,d,3,10,0,0,3,22,11,17,0,4,d,d,0,1,35,8,0,s,s,13,14
1326,d,3,6,12,s,3,2,1,22,s,10,d,0,3,22,11,17,0,d,4,0,0,1,35,8,0,s,s,13,d
I603,0,0,6,12,s,3,2,0,22,0,10,0,0,0,22,0,17,0,4,0,0,0,1,32,8,0,s,s,13,14
1087,0,0,6,12,s,3,2,0,d,d,s,0,0,d,22,14,d,0,4,4,0,0,1,32,8,0,s,s,13,14
I607,0,0,6,12,s,3,2,0,22,0,10,0,0,0,22,0,17,0,4,0,0,0,1,32,8,0,s,s,13,14
1206,0,0,6,12,s,3,2,0,d,d,10,0,0,0,d,d,17,33,4,d,0,0,1,32,8,0,s,s,s,14
I609,0,3,6,12,s,3,2,0,22,0,10,0,0,0,22,0,17,0,4,0,0,0,1,32,8,0,s,s,13,14
1179,0,3,6,12,s,3,2,0,22,d,10,0,0,0,22,10,17,0,4,0,4,0,1,32,8,0,s,s,13,14
1178,d,3,d,12,s,3,2,0,22,d,d,0,6,0,22,0,17,0,4,0,d,19,1,32,8,0,s,s,13,14
I610,0,0,6,0,s,3,2,0,22,0,10,0,0,3,0,0,17,0,4,0,0,4,1,0,8,0,0,s,13,s
I611,1,0,6,0,s,3,2,0,22,0,10,0,0,3,0,0,17,s,4,0,0,4,1,0,8,3,0,s,13,s
I612,1,s,6,0,s,3,2,0,22,0,10,0,0,3,0,0,17,s,4,0,0,4,1,0,8,3,0,s,13,s
I615,1,s,6,0,s,3,s,0,22,0,10,0,0,3,0,0,17,s,4,2,1,4,1,0,8,3,0,s,13,s
1383,1,s,d,0,s,3,s,0,22,0,10,0,0,3,0,0,17,s,4,2,d,4,1,d,8,3,0,s,13,s
1382,1,s,6,d,s,3,s,d,22,0,d,0,d,3,d,0,17,s,4,2,1,4,1,d,8,3,11,s,13,s
I616,1,s,6,0,s,3,2,0,s,0,10,0,0,3,0,6,17,s,4,0,0,4,1,0,s,3,0,s,13,s
I617,1,s,6,0,s,3,2,0,s,0,10,20,0,3,0,6,17,s,4,0,0,4,1,0,s,3,0,s,13,s
1453,1,s,6,0,s,3,2,0,s,0,10,20,0,3,0,6,17,s,4,0,0,d,1,0,s,3,d,s,13,s
1452,1,s,6,0,s,3,2,d,s,0,d,20,0,3,0,d,d,s,4,0,0,4,1,0,s,3,0,s,d,s
I618,1,s,6,0,s,3,2,0,s,0,10,0,2,3,0,6,17,s,4,0,1,4,1,0,s,3,0,s,13,s
1533,1,s,6,12,s,3,2,0,s,0,10,0,d,3,0,6,17,s,4,0,1,4,1,6,s,3,0,s,13,s
1532,1,s,6,0,s,3,2,0,s,d,10,d,2,3,0,6,17,s,4,0,1,4,1,0,s,3,d,s,13,s
I619,1,0,6,16,s,3,2,0,22,0,10,0,0,3,0,0,17,s,4,0,0,4,1,0,8,3,0,s,13,s
I620,s,0,6,16,s,3,2,0,22,0,10,0,0,3,8,0,17,s,4,0,0,4,1,0,8,3,0,s,13,s
I621,s,0,6,16,s,3,2,1,22,0,10,0,0,3,8,0,17,s,4,0,0,4,1,0,8,3,0,s,13,s
1461,s,0,6,16,s,3,2,1,22,0,10,19,0,3,8,0,17,s,4,0,0,4,1,0,8,3,d,s,13,s
1460,s,0,6,16,s,3,2,1,22,0,10,2,0,3,8,0,17,s,d,d,0,d,1,0,8,3,0,s,13,s
1200,s,0,6,d,s,3,d,0,d,0,10,0,0,3,8,0,17,s,4,0,d,4,s,0,8,d,0,s,13,s
I623,1,0,6,16,s,3,2,0,22,0,10,0,0,3,0,0,17,s,4,0,0,4,1,0,8,3,0,s,13,s
1324,1,0,d,16,s,s,2,0,22,0,10,0,0,3,0,d,17,s,4,0,0,s,1,13,d,3,0,s,d,s
I625,1,0,6,16,s,3,2,0,22,0,10,0,0,3,0,5,17,s,4,0,0,4,1,0,8,3,0,s,13,s
1399,1,d,d,16,s,3,2,3,22,0,10,0,0,d,d,5,d,s,4,0,0,4,1,s,8,3,0,s,13,s
1398,1,0,6,16,s,3,2,0,22,0,10,0,0,3,0,5,17,s,4,0,0,4,1,0,8,3,1,s,13,s
I626,0,0,6,0,s,3,2,3,22,0,10,0,0,3,0,0,17,0,4,0,s,4,1,0,8,0,0,s,13,s
I627,0,3,6,0,s,3,2,3,22,0,10,0,0,3,0,0,17,0,4,0,s,4,1,0,8,0,0,s,13,s
1185,0,3,d,0,s,3,s,3,22,1,10,0,0,3,34,0,17,5,4,0,s,4,d,0,8,d,0,s,13,s
I631,0,3,6,0,s,3,2,3,22,0,10,0,0,3,0,0,17,0,4,0,s,4,1,5,8,0,0,s,13,s
I632,0,3,6,0,s,3,2,3,22,0,10,0,0,3,0,0,17,12,4,0,s,4,1,5,8,0,0,s,13,s
1385,0,3,6,0,s,d,d,d,22,0,10,0,d,3,0,0,17,12,d,d,s,d,1,5,8,d,0,s,13,s
1384,1,3,6,0,s,3,2,3,22,d,10,0,0,3,0,8,17,12,4,0,s,4,1,5,8,d,0,s,13,s
I633,0,3,6,0,s,3,2,3,22,0,10,0,0,3,0,0,17,0,4,0,s,4,1,5,8,0,0,s,13,s
1413,0,3,6,0,s,3,2,3,22,0,10,0,0,3,0,0,17,0,4,d,s,4,1,5,8,0,0,s,13,s
1412,d,3,d,d,s,3,2,3,d,0,10,0,0,3,0,0,17,0,4,0,s,4,1,5,8,0,0,s,13,s
I634,0,0,6,0,s,3,2,3,22,0,10,41,0,3,0,0,17,0,4,0,s,4,1,0,8,0,0,s,13,s
I635,0,0,6,0,s,3,2,3,22,0,10,41,2,3,0,0,17,0,4,0,s,4,1,0,8,1,10,s,13,s
I636,0,0,6,0,s,3,2,3,22,0,10,41,2,3,0,0,17,0,4,0,s,4,1,0,8,1,10,s,13,s
1335,d,0,6,d,s,3,2,d,22,0,10,41,2,3,0,0,17,0,4,0,s,d,d,0,8,1,10,s,13,s
1334,0,0,6,0,s,3,2,3,22,d,10,41,2,3,4,d,17,0,4,0,s,4,1,d,d,1,10,s,13,s
1484,0,d,6,0,s,3,2,3,d,0,10,41,2,3,0,0,17,0,4,0,s,4,d,0,8,1,10,s,s,s
1351,d,0,6,2,s,3,2,3,s,0,10,41,0,3,0,0,17,d,4,0,s,4,d,0,8,31,0,s,13,s
I641,0,0,0,0,s,3,2,3,22,0,10,0,0,0,0,0,17,0,0,0,0,0,s,0,8,0,0,s,0,14
I642,0,0,0,0,s,3,2,3,22,0,10,2,0,0,0,3,s,0,0,0,0,0,s,0,8,0,0,s,0,14
I643,0,0,0,0,s,3,2,3,22,0,10,2,0,0,5,3,s,0,0,0,0,0,s,0,8,0,0,s,0,14
I644,0,0,0,0,s,3,2,3,22,0,10,2,0,0,5,3,s,0,0,0,0,0,s,0,8,0,4,s,0,14
I645,0,0,0,0,s,3,2,3,22,0,10,2,0,0,5,3,s,0,0,0,4,0,s,0,8,0,4,s,0,14
1883,0,0,41,0,s,3,2,3,22,0,10,2,d,0,5,3,s,0,0,0,4,0,s,0,d,0,4,s,7,14
I649,0,0,1,0,s,3,2,3,22,0,10,2,10,0,5,s,s,0,s,0,4,0,s,0,8,0,4,s,0,14
1818,0,0,1,s,s,3,2,3,22,0,10,d,10,d,5,s,s,0,s,d,4,0,s,0,8,d,4,s,0,14
1559,0,0,1,5,s,3,2,3,22,0,10,2,10,d,5,s,s,0,s,0,4,d,s,d,8,22,4,s,0,d
I652,0,3,0,0,s,3,2,3,22,0,10,2,0,0,5,3,s,0,0,0,0,0,s,0,8,14,4,s,0,14
I653,0,3,0,0,s,3,2,3,22,0,10,2,0,0,5,3,s,s,1,0,1,0,s,0,8,14,4,s,0,14
I654,0,3,0,0,s,3,2,3,22,0,10,2,0,0,5,3,s,s,1,0,1,0,s,0,8,14,4,s,0,14
1289,0,3,0,0,s,d,2,3,22,3,10,2,0,0,5,3,s,s,1,d,1,0,s,d,8,14,4,s,0,14
1288,0,d,0,d,s,3,2,3,22,0,10,2,0,0,5,3,s,s,1,d,1,0,s,0,8,d,4,s,0,d
1518,0,3,0,7,s,3,2,3,22,3,10,2,0,5,5,3,s,s,1,0,1,0,s,0,8,14,4,s,0,14
I656,0,3,0,0,s,3,2,3,22,0,10,2,0,0,5,3,s,1,0,0,0,0,s,0,8,14,4,s,0,14
1636,1,3,0,0,s,3,d,3,22,0,10,2,0,0,d,d,s,1,0,0,0,0,s,31,8,14,4,s,0,14
I658,0,3,0,0,s,3,2,3,22,0,10,2,0,0,5,3,s,1,1,0,0,0,s,0,8,14,4,s,0,14
1701,0,d,0,0,s,d,2,3,22,0,10,2,0,d,5,3,s,1,1,0,0,0,s,0,8,14,4,s,0,14
1700,0,3,d,0,s,3,2,3,22,0,10,2,0,0,5,d,s,1,1,0,0,0,s,0,8,14,4,s,0,14
I659,1,0,0,0,s,3,2,3,22,0,10,2,0,0,5,3,s,0,0,0,0,0,s,0,8,0,0,s,0,14
I660,1,0,0,0,s,3,2,3,22,0,10,2,0,0,5,3,s,0,0,0,0,0,s,0,8,0,0,s,0,14
I661,1,0,0,0,s,3,2,3,22,0,10,2,0,0,5,3,s,0,0,0,0,0,s,0,8,25,0,s,0,14
I662,1,1,0,0,s,3,2,3,22,0,10,2,0,0,5,3,s,0,0,0,0,0,s,0,8,25,0,s,13,14
1229,1,d,0,0,s,3,2,3,22,s,10,d,0,s,5,3,s,0,0,0,d,0,s,0,8,d,s,s,13,14
1228,1,d,0,0,s,3,2,3,22,0,10,d,0,d,5,3,s,0,0,0,d,0,s,0,8,25,0,s,13,14
1221,1,0,0,d,s,3,2,d,22,d,10,2,0,0,5,3,s,s,0,4,0,0,s,0,d,25,11,s,d,14
1470,d,0,0,18,s,3,2,d,22,0,10,2,0,3,5,3,s,d,s,0,0,15,s,0,8,21,0,s,d,14
I667,1,0,0,0,s,3,2,3,22,0,10,s,0,0,5,3,s,5,0,0,0,0,s,0,8,0,0,s,0,14
I668,1,0,0,0,s,3,2,3,22,0,10,s,0,0,5,3,s,5,0,0,0,0,s,0,8,0,0,s,0,14
I669,1,0,0,0,s,3,2,3,22,0,10,s,0,0,5,3,s,5,0,0,0,0,s,1,8,0,0,s,0,14
1561,1,0,0,d,s,3,d,3,d,0,10,s,0,0,5,3,s,5,d,0,0,0,s,1,8,0,0,s,d,14
1560,d,3,0,0,s,3,2,3,22,0,10,s,0,0,d,3,s,5,0,0,0,0,s,1,8,d,0,s,0,14
I670,1,0,0,0,s,3,2,3,22,0,10,s,0,0,5,3,s,5,0,0,0,0,s,0,8,0,0,s,0,14
1621,1,0,0,0,s,3,d,3,d,d,10,s,0,0,5,d,s,5,0,0,0,0,s,0,d,0,0,s,0,14
1620,1,0,0,0,s,3,2,3,22,0,10,s,d,0,5,3,s,5,0,d,0,0,s,0,8,0,0,s,0,14
I672,1,0,0,0,s,3,2,3,22,0,10,s,0,0,5,3,s,5,0,2,0,0,s,0,8,1,0,s,0,14
1631,1,0,d,0,s,3,2,3,22,0,10,s,0,0,5,3,s,5,d,2,d,d,s,0,8,1,0,s,0,14
1630,1,0,0,0,s,d,2,3,22,0,10,s,0,3,5,3,s,5,0,2,0,d,s,0,8,1,0,s,0,14
I674,1,0,0,0,s,3,2,3,22,0,10,2,0,0,0,3,s,0,0,0,0,0,s,0,8,0,0,s,0,14
I675,1,0,0,0,s,3,2,3,22,0,10,2,0,0,0,3,s,0,0,0,0,0,s,0,8,0,0,s,13,14
I676,1,0,0,s,s,3,2,3,22,0,10,2,0,0,0,3,s,0,0,0,0,0,s,0,8,0,0,s,13,14
I677,1,0,0,s,s,3,2,3,22,0,10,2,0,0,0,3,s,0,0,0,4,0,s,0,8,0,0,s,13,14
1540,1,3,6,s,s,d,2,3,22,0,d,2,0,d,0,3,s,0,0,0,4,s,s,d,d,0,0,s,13,14
1464,1,0,1,s,s,3,2,3,22,0,10,2,0,0,0,3,s,d,0,d,4,0,s,0,8,0,0,s,13,14
I680,1,0,0,s,s,3,2,3,22,0,10,2,0,0,0,3,s,3,0,0,0,0,s,0,8,0,0,s,13,14
I681,1,0,0,s,s,3,2,3,22,0,10,2,0,0,0,3,s,3,0,0,0,s,s,0,8,0,0,s,13,14
1297,1,d,0,s,s,3,2,3,d,0,10,d,d,0,0,d,s,3,0,d,0,s,s,d,8,0,d,s,d,14
1296,d,0,0,s,s,3,d,3,22,0,10,d,0,d,d,3,s,d,0,0,d,s,s,0,d,0,0,s,13,14
I682,1,0,0,s,s,3,2,3,22,0,10,2,0,0,0,3,s,3,0,0,0,0,s,0,8,0,0,s,13,14
1135,1,0,0,s,s,3,2,d,22,d,d,2,0,0,0,3,s,3,0,0,d,0,s,s,8,0,0,s,13,14
1134,d,0,0,s,s,3,2,3,22,d,10,2,0,0,0,3,s,d,0,d,0,0,s,0,d,0,0,s,d,14
I683,1,0,0,0,s,3,2,3,22,0,10,2,0,0,0,3,s,0,0,0,0,0,s,0,8,0,0,s,13,14
1854,1,d,0,0,s,3,s,s,22,0,10,2,d,0,0,3,s,d,s,d,d,0,s,5,8,d,0,s,13,14
I687,1,3,0,0,s,3,2,3,22,0,10,2,2,0,0,3,s,0,0,4,0,20,s,0,8,0,0,s,13,14
1531,1,3,0,0,s,3,2,3,d,0,10,2,2,0,0,3,s,0,0,4,0,d,s,1,d,0,0,s,13,d
1527,1,d,0,0,s,3,d,3,d,0,10,2,2,0,14,3,s,0,d,4,0,20,s,0,8,0,d,s,13,14
I690,1,0,0,0,s,3,2,3,22,0,10,2,0,0,0,3,s,0,0,0,0,0,s,0,8,0,0,s,0,14
I691,1,0,0,0,s,3,2,3,22,0,10,2,0,0,0,3,s,0,0,2,0,0,s,0,8,0,0,s,0,14
I692,1,0,0,0,s,3,2,3,22,0,10,2,2,3,0,3,s,0,0,2,0,0,s,7,8,0,0,s,0,14
I693,1,0,31,0,s,3,2,3,22,0,s,2,2,3,0,3,s,0,0,2,0,0,s,7,8,0,0,s,0,14
1149,1,3,d,0,s,3,d,3,22,0,s,2,d,d,d,3,s,0,0,s,0,0,s,7,d,0,d,s,0,14
1148,1,0,31,0,s,3,d,3,d,s,s,2,2,3,0,3,s,0,d,d,d,d,s,7,8,0,0,s,0,d
1189,d,d,19,0,s,3,2,3,d,0,d,2,d,3,0,3,s,0,d,d,0,0,s,7,8,d,0,s,13,14
I695,1,0,0,0,s,3,2,3,22,0,10,2,2,0,1,3,s,0,0,2,0,1,s,0,8,0,0,s,0,s
1463,1,d,30,s,s,3,d,3,22,0,10,2,2,d,1,3,s,0,1,s,0,1,s,0,8,0,24,s,0,s
1511,1,0,0,0,s,3,2,d,d,0,10,2,2,0,1,3,s,0,0,2,0,1,s,0,8,31,0,s,0,s
I698,1,0,0,0,s,3,2,3,22,0,10,2,0,0,4,s,s,0,0,0,7,0,s,0,8,0,0,s,13,14
1357,1,0,s,d,s,3,2,3,s,0,10,2,0,0,d,s,s,0,d,0,7,0,s,0,8,d,d,s,13,d
1306,1,3,d,0,s,3,2,3,22,3,d,s,2,0,4,s,s,0,0,d,7,0,s,0,8,d,d,s,13,14
I705,1,0,0,11,s,3,2,3,22,0,10,0,0,0,0,0,17,12,0,0,0,0,s,0,8,0,0,s,0,14
I706,1,0,0,11,s,3,2,3,22,0,10,0,0,0,0,0,17,12,0,0,0,0,s,0,8,22,0,s,0,14
I707,1,0,0,11,s,3,2,3,22,0,10,0,0,0,0,0,17,12,0,0,0,0,s,0,8,22,6,s,0,14
I708,1,0,0,11,s,3,2,3,22,0,10,0,0,0,0,0,17,12,0,0,0,22,s,0,8,22,6,s,0,14
1233,1,s,1,11,s,3,2,3,22,d,10,d,0,0,0,5,17,d,0,d,0,d,s,0,s,22,6,s,13,d
I712,1,0,0,11,s,3,2,3,22,0,10,0,0,0,s,0,17,12,0,0,0,22,s,0,8,22,6,s,0,14
I713,1,0,6,11,s,3,2,3,22,0,10,0,0,5,s,0,17,12,0,0,0,22,s,10,8,22,6,s,0,14
1387,1,0,6,11,s,3,2,3,22,0,d,0,0,5,s,0,17,d,1,d,0,d,s,10,8,d,d,s,0,14
1386,1,0,6,11,s,3,2,3,22,0,10,0,0,5,s,0,17,d,0,0,0,22,s,10,d,22,6,s,0,14
1672,1,0,0,11,s,d,2,d,22,0,d,0,0,0,s,0,17,12,0,4,0,22,s,s,d,s,d,s,d,14
I715,1,0,0,11,s,3,2,3,22,0,10,0,0,0,0,0,17,12,0,0,0,1,s,0,8,22,6,s,0,14
I718,1,0,0,11,s,3,2,3,22,0,10,0,0,0,0,0,17,12,0,0,0,1,s,0,8,22,s,s,8,14
1817,1,0,0,11,s,3,2,3,22,0,10,0,0,0,0,0,17,12,0,0,0,1,s,0,8,22,s,s,8,d
1816,1,d,0,11,s,3,2,3,22,0,10,0,0,d,0,0,17,12,d,2,0,1,s,0,8,22,s,s,8,14
I719,1,0,47,11,s,3,2,3,22,0,10,0,0,0,0,0,17,12,0,0,0,1,s,0,8,22,6,s,0,14
I720,1,0,47,11,s,3,2,3,22,0,10,0,0,0,0,0,17,12,0,0,0,1,s,0,s,s,6,s,0,14
1857,1,0,47,11,s,3,2,3,22,0,10,0,d,3,0,0,17,12,0,d,0,1,s,0,s,s,6,s,0,14
1856,d,0,47,11,s,3,d,d,22,0,10,d,0,0,0,0,17,12,0,0,d,1,s,0,s,s,6,s,0,d
I721,1,0,47,11,s,3,2,3,22,0,10,0,2,0,0,0,17,12,0,0,0,1,s,13,8,22,6,s,0,s
1831,1,0,47,11,s,d,2,3,22,0,d,0,2,0,0,d,17,12,0,0,0,1,s,13,8,22,6,s,0,s
1830,1,0,47,11,s,3,2,d,22,0,10,0,d,0,0,0,17,12,0,0,0,1,s,d,d,22,6,s,0,s
I722,1,0,0,11,s,3,2,3,22,0,10,0,0,0,0,0,17,12,0,0,0,0,s,0,8,22,0,s,s,14
I723,1,0,0,11,s,3,2,3,22,3,10,0,0,0,0,9,17,12,0,0,0,0,s,0,8,22,0,s,s,14
I724,1,0,0,11,s,3,2,3,22,3,10,0,0,0,0,9,17,12,0,0,0,22,s,0,8,22,0,s,s,14
I725,1,0,0,11,s,3,2,s,22,3,10,0,0,0,0,9,17,12,0,0,0,22,s,0,8,22,0,s,s,14
1577,d,0,0,11,s,3,d,s,22,3,10,0,0,0,0,9,17,12,0,0,d,22,s,0,8,22,0,s,s,14
1576,1,d,46,11,s,d,2,s,22,d,10,d,d,0,0,9,17,d,0,0,0,d,s,0,8,22,6,s,s,14
1646,1,0,d,11,s,s,2,3,22,3,10,0,0,0,0,d,17,12,0,0,0,d,s,0,8,22,0,s,s,14
I727,1,0,0,11,s,3,2,3,22,3,10,0,2,0,0,9,17,12,0,0,0,0,s,s,8,22,19,s,s,14
1947,1,0,0,11,s,3,2,3,22,3,10,d,2,0,0,s,17,12,d,d,0,22,s,s,8,22,19,s,s,14
I729,1,0,0,11,s,3,2,3,22,3,10,0,2,0,0,9,17,12,0,0,1,0,s,s,8,22,19,s,s,14
2035,1,0,d,11,s,3,2,3,22,3,10,0,2,0,d,9,17,12,0,0,1,0,s,s,8,22,19,s,s,14
2034,d,0,0,11,s,d,2,3,22,3,10,0,2,d,0,9,17,12,0,0,1,0,s,s,8,22,19,s,s,d
I730,1,0,0,11,s,3,2,3,22,0,10,0,0,0,0,0,17,12,0,0,1,0,s,35,8,22,0,s,s,14
2022,1,3,d,s,s,3,2,3,22,3,10,1,2,0,0,0,17,12,0,4,1,0,s,35,8,s,0,s,s,14
I736,1,0,0,11,s,3,2,3,22,0,10,0,0,0,0,0,17,12,s,s,1,0,s,35,s,22,0,s,s,14
2019,1,d,0,11,s,3,2,d,22,0,10,0,0,0,0,0,17,12,s,s,1,0,s,35,s,22,0,s,s,14
2018,1,d,0,11,s,3,2,3,d,0,10,0,0,d,0,0,17,12,s,s,1,d,s,35,s,22,0,s,s,14
I737,1,0,0,11,s,3,2,3,22,0,10,0,0,0,0,0,17,12,0,4,0,0,s,0,s,0,0,s,0,14
I738,1,1,0,11,s,3,2,3,22,0,10,0,0,0,0,0,17,12,0,4,0,0,s,0,s,0,0,s,0,14
I739,1,1,0,11,s,3,2,3,22,0,10,0,0,0,0,0,17,12,0,4,0,0,s,35,s,2,0,s,0,14
I741,1,1,0,11,s,3,2,3,22,3,10,34,0,0,0,0,17,12,s,4,0,0,s,35,s,2,0,s,0,14
1261,1,1,d,11,s,d,2,3,d,3,10,34,0,0,0,0,17,12,s,4,0,0,s,35,s,2,0,s,s,d
1260,1,1,0,11,s,d,2,3,d,3,10,34,0,d,0,0,d,12,s,4,0,d,s,35,s,d,0,s,0,14
I743,1,1,0,11,s,3,2,3,22,0,10,0,0,0,0,0,17,12,0,4,0,3,s,35,s,2,0,s,0,14
1589,1,1,d,11,s,3,2,3,22,0,10,0,0,0,0,0,17,12,0,4,0,3,s,35,s,2,0,s,0,d
1366,1,1,s,11,s,3,2,3,22,0,10,d,d,5,0,0,17,12,0,4,0,3,s,35,s,2,0,s,12,14
I746,1,1,0,s,s,3,2,3,22,0,10,0,0,0,0,s,17,12,0,4,0,0,s,0,s,0,0,s,0,14
I747,1,1,0,s,s,3,2,3,22,0,10,0,0,0,0,s,17,12,0,4,0,0,s,0,s,0,0,s,13,14
I748,1,1,0,s,s,3,2,3,22,0,10,0,0,0,0,s,17,s,0,4,0,0,s,0,s,0,0,s,13,14
1497,1,1,44,s,s,3,2,3,22,d,10,0,0,0,0,s,17,s,0,4,0,0,s,0,s,0,0,s,13,d
1496,1,1,0,s,s,d,2,3,22,0,10,0,0,0,0,s,17,s,0,4,0,0,s,0,s,0,d,s,13,14
I749,1,1,0,s,s,3,2,3,22,6,10,0,0,0,0,s,17,s,0,4,0,0,s,0,s,0,0,s,13,14
1321,d,1,0,s,s,3,2,3,22,6,10,0,0,0,0,s,17,s,0,d,0,0,s,0,s,d,0,s,13,14
1320,1,1,d,s,s,3,2,3,22,6,10,0,0,0,0,s,17,s,0,4,0,0,s,d,s,d,0,s,13,14
1362,1,d,0,s,s,3,2,3,22,3,d,0,5,0,5,s,17,12,0,4,0,d,s,9,s,0,0,s,0,14
I753,1,0,0,11,s,3,2,3,22,0,10,0,s,0,0,0,17,12,0,4,3,0,s,0,s,0,0,s,0,14
I755,1,0,0,11,s,3,2,3,22,3,10,0,s,0,0,0,17,12,1,4,3,8,s,0,s,0,0,s,0,14
1215,1,d,0,d,s,3,2,3,22,3,d,0,s,0,d,0,17,12,1,4,3,8,s,0,s,d,d,s,0,14
1170,1,3,6,11,s,3,2,3,22,3,10,0,s,d,0,d,17,12,1,4,3,8,s,0,s,0,0,s,17,d
I761,1,0,0,11,s,3,2,3,22,0,10,0,s,0,0,0,17,12,0,4,3,0,s,0,s,0,0,s,0,14
I762,1,0,0,11,s,3,2,3,22,0,10,0,s,0,0,0,17,12,0,4,3,0,s,0,s,0,0,s,0,14
1138,1,0,0,11,s,3,2,3,22,3,10,d,s,0,0,s,17,12,d,4,3,0,s,0,s,d,0,s,0,14
1063,1,d,47,11,s,3,2,3,d,0,10,0,s,d,0,d,d,12,0,4,3,s,s,13,s,d,0,s,0,14
I765,1,0,0,11,s,3,2,3,22,0,10,14,s,0,0,0,17,12,0,4,3,5,s,0,s,0,0,s,0,14
1130,d,0,31,11,s,3,2,d,d,d,10,14,s,d,0,0,17,12,0,4,3,5,s,d,s,d,11,s,0,14
1281,1,0,0,11,s,3,2,3,22,0,10,14,s,0,0,0,17,12,d,4,3,5,s,0,s,0,0,s,0,d
I768,0,0,0,0,3,0,2,0,0,0,0,16,0,0,34,0,17,0,2,0,0,0,1,0,0,0,0,s,0,14
I769,0,0,0,0,3,0,2,0,0,0,0,16,0,5,34,0,17,0,2,4,0,0,1,0,0,0,0,s,0,14
I770,0,0,0,0,3,0,2,0,0,0,0,16,0,5,34,0,17,0,2,4,0,0,1,0,0,0,0,s,0,14
I771,0,0,0,0,3,0,2,s,0,0,0,16,0,5,34,0,17,0,2,4,0,0,1,0,0,0,0,s,0,14
I772,0,0,0,0,3,0,2,s,0,3,0,16,0,5,34,5,17,26,s,4,0,0,1,0,0,0,0,s,0,14
I773,1,0,0,0,3,0,2,s,0,3,0,16,0,5,34,5,17,26,s,4,0,0,1,0,0,0,0,s,0,14
I774,1,0,3,0,3,0,2,s,0,3,0,16,0,5,34,5,17,26,s,4,0,0,1,0,0,3,0,s,0,14
1870,d,d,3,0,3,0,2,s,4,d,0,16,d,5,34,5,d,26,s,4,d,0,1,0,0,3,d,s,0,s
1954,1,d,3,0,d,0,2,s,0,3,0,16,0,5,34,5,d,26,s,d,d,d,1,0,d,3,0,s,0,14
1225,d,0,d,15,3,s,2,s,0,3,d,d,0,d,34,5,17,26,s,4,0,0,d,0,0,8,0,s,0,d
I780,0,0,0,0,3,0,2,s,0,3,0,16,0,5,34,5,17,26,s,4,0,0,1,0,0,0,0,s,0,14
I781,0,0,0,0,3,0,2,s,0,3,0,16,2,5,34,5,17,26,s,4,0,0,1,0,0,0,0,s,0,14
1430,0,0,0,0,3,0,2,s,0,3,0,16,d,5,d,5,17,26,s,4,0,0,1,0,s,0,0,s,0,d
I783,1,0,0,0,3,0,2,s,0,3,0,16,2,5,34,5,17,26,s,4,0,0,s,0,0,0,0,s,13,14
1361,1,0,0,0,3,0,2,s,0,3,0,16,2,d,34,d,17,26,s,4,0,23,s,0,d,0,0,s,13,14
1360,1,0,0,0,d,0,2,s,0,3,0,16,2,5,34,5,17,26,s,d,d,0,s,0,0,0,0,s,13,14
1623,0,0,0,0,3,0,2,s,0,3,0,s,s,5,34,5,17,26,s,4,0,0,d,28,0,0,0,s,0,14
I787,0,3,0,0,3,0,2,s,0,0,0,16,0,5,34,0,17,0,2,4,0,0,1,0,6,0,17,s,0,14
I788,0,3,0,0,3,0,2,s,0,0,0,16,0,5,34,0,17,22,2,4,0,0,1,0,6,0,17,s,0,14
I790,0,3,0,0,3,0,2,s,0,0,0,16,0,5,34,0,17,22,2,4,0,0,s,0,6,0,17,s,0,14
1999,0,3,0,0,d,0,2,s,0,0,0,d,0,5,34,0,17,d,2,4,0,0,s,0,6,0,d,s,0,14
1998,0,3,0,0,3,d,d,s,0,0,0,16,0,d,34,d,d,22,2,4,0,0,s,0,6,0,17,s,0,d
1720,0,3,d,0,3,d,2,s,0,d,d,16,0,5,d,0,d,22,2,4,d,0,1,d,6,0,17,s,7,14
1939,d,d,0,6,3,3,2,s,0,0,3,16,0,s,34,0,17,0,2,d,0,0,s,9,s,0,17,s,0,14
I799,1,0,0,0,3,0,2,0,0,0,0,16,0,5,34,0,17,0,2,4,0,0,1,0,0,0,4,s,0,14
I800,1,0,30,0,3,0,2,0,0,0,0,16,2,5,34,0,17,0,2,4,0,0,1,0,0,0,4,s,0,14
I801,1,1,30,0,3,3,2,0,0,0,0,16,2,5,34,0,17,2,2,4,0,0,1,0,0,0,4,s,0,14
I802,1,1,30,0,3,3,2,0,0,0,0,16,2,5,34,0,17,2,2,4,0,0,1,0,0,0,4,s,0,14
I803,1,1,30,0,3,3,2,0,0,3,0,16,2,5,34,0,17,2,2,4,0,0,1,5,0,0,4,s,0,14
1845,1,1,30,0,d,3,2,0,0,3,d,16,2,5,34,0,17,2,2,4,d,0,d,5,d,0,4,s,0,d
1844,1,1,30,0,d,3,2,0,0,d,0,16,2,5,34,0,17,2,2,d,0,0,1,5,0,0,d,s,0,14
1774,1,1,30,0,d,3,d,0,0,0,27,d,2,5,34,0,17,2,2,4,0,3,1,0,0,23,d,s,0,14
I805,1,1,30,0,3,3,2,0,0,3,0,16,2,5,34,0,17,2,2,4,0,0,1,0,0,0,4,s,0,14
1963,1,1,30,0,3,3,2,0,0,3,0,16,2,d,34,5,17,d,2,4,0,0,1,2,0,0,4,s,0,14
I807,1,1,30,7,3,3,2,0,0,3,0,16,2,5,34,0,17,2,2,4,0,0,1,0,0,0,4,s,0,14
1501,1,1,30,7,3,3,d,0,0,3,0,16,2,5,34,0,17,2,2,4,d,0,1,0,0,0,4,s,d,14
1500,1,1,30,7,3,3,2,d,d,3,0,16,2,5,34,0,17,2,2,d,0,0,d,0,0,0,4,s,0,14
I808,1,0,30,0,3,0,2,0,0,0,0,16,2,5,34,0,17,0,2,4,0,0,1,0,0,3,4,s,0,14
I809,1,0,30,s,3,3,2,0,19,3,0,16,2,5,34,0,17,0,2,4,0,0,1,0,0,3,4,s,0,14
1812,1,0,30,s,3,3,d,0,19,3,0,16,2,5,34,11,17,0,2,4,0,0,1,0,0,3,4,s,d,14
1822,d,0,30,s,3,d,2,0,19,3,0,16,2,5,34,d,17,0,2,4,0,0,1,0,0,3,4,s,0,14
1925,1,0,30,0,3,0,2,0,0,s,0,16,2,5,34,11,17,0,2,4,7,0,1,0,0,3,4,s,0,14
I815,1,0,0,0,3,s,2,0,0,0,0,16,0,5,34,0,17,0,2,4,0,5,1,0,0,0,4,s,0,14
I816,1,0,0,0,3,s,2,0,0,0,0,16,0,5,34,0,17,0,2,4,0,5,1,0,0,0,4,s,0,14
I817,1,0,0,0,3,s,2,0,0,0,0,16,0,5,34,0,17,14,2,4,0,5,1,0,0,0,4,s,0,14
1918,1,3,0,0,3,s,2,0,0,0,0,16,0,5,34,0,17,14,d,4,0,5,1,0,0,0,4,s,0,14
I819,1,3,0,0,3,s,2,0,0,0,0,16,0,5,34,0,17,14,2,4,0,5,1,0,12,0,4,s,0,14
2027,1,3,0,0,3,s,2,d,d,d,0,16,d,d,34,0,d,14,2,4,0,5,1,0,12,0,4,s,d,14
2026,1,3,d,0,3,s,2,0,0,0,0,16,0,5,34,0,17,d,d,4,0,5,1,0,12,d,4,s,0,14
I820,s,0,0,0,3,s,2,0,1,0,0,16,0,5,34,0,17,0,2,4,0,5,1,0,0,0,4,s,0,14
I821,s,0,0,0,3,s,2,1,1,0,0,16,0,5,34,0,17,0,2,4,0,5,1,0,0,0,4,s,0,14
1967,s,0,0,0,3,s,2,1,1,0,0,d,0,d,34,0,17,0,2,4,0,5,1,0,0,0,4,s,d,14
1966,s,0,0,d,3,s,2,1,1,0,d,16,0,5,34,0,17,0,2,4,0,d,1,0,0,0,d,s,0,14
1851,s,d,d,0,3,s,2,d,d,0,0,16,0,5,34,0,17,d,2,4,0,d,d,0,0,0,4,s,d,14
I823,1,0,0,0,3,s,2,0,7,0,0,16,0,5,34,0,17,s,2,4,0,5,1,0,0,0,4,s,15,14
1535,1,d,44,7,d,s,2,0,7,6,0,16,10,5,34,d,17,s,2,4,0,5,1,18,6,0,4,s,15,14
I828,1,3,0,0,3,s,2,0,s,0,0,16,0,5,34,0,17,s,2,4,7,5,1,0,0,0,4,s,15,14
1547,1,d,0,0,3,s,2,0,s,0,0,16,d,d,d,0,17,s,2,4,7,5,1,0,0,0,4,s,15,d
1546,1,3,0,0,3,s,2,0,s,0,0,d,0,d,34,0,17,s,2,4,7,5,1,0,0,0,d,s,15,14
I830,0,0,0,2,3,3,2,0,0,0,0,16,0,5,34,0,17,22,2,s,0,0,1,0,0,0,0,s,0,14
I831,0,0,0,2,3,3,2,1,24,0,0,16,0,5,34,0,17,22,2,s,0,0,1,1,0,0,3,s,0,14
I832,0,0,0,2,3,3,2,1,24,0,0,16,0,5,34,0,17,22,2,s,0,0,1,1,0,0,3,s,0,14
I833,0,0,0,2,3,3,2,1,24,0,17,16,0,5,34,0,17,22,2,s,0,0,1,1,0,0,3,s,0,14
I836,0,0,0,2,3,3,2,1,24,0,s,16,0,5,34,0,17,22,2,s,0,6,1,1,0,0,3,s,0,14
1687,d,0,0,2,3,3,2,d,24,d,s,16,0,5,d,0,17,d,2,s,d,6,1,1,d,0,d,s,0,14
1686,0,d,0,2,3,3,2,1,24,0,s,16,0,5,34,0,d,22,d,s,0,6,1,d,0,0,3,s,0,d
1730,0,3,0,d,3,3,2,1,24,0,17,16,0,5,34,0,17,s,2,s,s,0,1,1,0,s,d,s,0,14
I840,0,0,0,2,3,3,2,1,24,3,0,16,2,5,34,0,17,22,2,s,0,0,1,1,0,0,3,s,0,14
I842,0,0,0,2,3,3,2,1,24,3,0,16,2,5,34,0,17,22,2,s,0,0,1,1,6,0,3,s,0,14
1677,d,0,0,2,3,3,2,1,24,d,0,16,2,5,34,d,d,22,d,s,0,d,1,1,6,0,d,s,0,14
1676,0,0,0,2,d,3,2,1,24,3,2,16,2,5,34,0,17,22,2,s,0,0,1,1,d,0,d,s,0,14
1614,0,1,d,2,3,3,2,1,24,s,0,16,2,5,34,0,17,d,d,s,0,0,1,1,13,0,3,s,d,d
I847,0,0,0,2,3,3,2,1,24,0,0,16,0,5,34,0,17,22,2,s,0,0,1,1,0,0,3,s,0,14
I848,0,0,0,2,3,3,2,1,24,0,s,16,0,5,34,0,17,22,2,s,0,0,1,1,0,0,3,s,0,14
I849,0,0,0,2,3,3,2,1,24,0,s,16,0,5,34,0,17,22,2,s,4,0,1,1,0,0,3,s,0,14
1634,0,0,0,2,3,3,2,1,24,0,s,16,2,5,34,d,17,22,d,s,4,0,1,1,0,0,d,s,13,14
1777,0,0,d,d,3,3,d,s,24,7,s,16,2,5,34,0,17,22,2,s,4,0,1,1,0,0,3,s,0,14
I852,0,0,0,2,3,3,2,1,24,0,s,16,2,5,34,0,17,22,2,s,0,0,1,1,0,0,3,s,0,14
1345,0,0,11,2,3,3,2,1,24,d,s,16,2,5,d,d,s,22,2,s,0,0,1,1,d,0,3,s,12,14
1568,s,0,d,2,3,s,2,d,24,0,s,16,2,5,34,0,17,22,2,s,0,0,1,d,0,0,3,s,0,14
I855,0,0,6,2,3,3,2,1,24,3,0,16,0,5,34,0,17,22,2,s,0,0,1,1,0,0,3,s,0,14
1573,1,0,6,2,3,d,2,1,24,3,0,16,d,5,34,14,17,22,2,s,0,0,s,1,6,13,3,s,4,14
1571,0,0,6,2,3,3,2,1,24,3,0,16,0,5,34,0,17,22,2,s,0,0,1,1,d,0,3,s,0,14
I862,0,0,0,2,3,3,2,0,0,0,0,16,0,5,34,0,17,22,2,s,0,5,1,0,0,0,0,s,0,14
I863,0,0,0,2,3,3,2,0,0,0,0,16,0,5,34,0,17,22,2,s,4,5,1,0,0,0,0,s,0,14
I864,0,0,6,2,3,3,2,0,0,0,0,16,0,5,34,9,17,22,2,s,4,5,1,0,0,0,0,s,0,14
I865,0,0,6,2,3,3,2,0,3,0,0,16,0,5,34,9,17,22,2,s,4,5,1,0,0,0,0,s,0,14
1245,d,d,6,2,d,3,d,d,3,0,d,16,0,5,34,9,d,22,2,s,4,5,1,35,0,0,0,s,0,14
1264,1,d,6,2,3,3,2,d,3,0,0,16,0,5,34,9,17,22,2,s,4,5,1,0,12,0,0,s,8,14
I868,0,0,6,2,3,3,2,0,0,0,0,16,2,5,34,9,17,22,2,s,4,5,1,0,2,0,0,s,0,14
1117,0,3,d,d,3,3,2,0,0,0,s,d,2,5,34,9,d,22,2,s,4,5,1,0,2,d,d,s,d,14
1123,0,0,6,2,3,3,2,0,0,0,8,16,2,5,34,d,17,22,2,s,4,5,1,d,2,0,0,s,0,14
I871,0,0,0,2,3,3,2,1,10,0,6,16,0,5,34,0,17,22,2,s,4,5,1,0,0,0,0,s,0,14
I873,1,0,0,s,3,3,2,1,10,0,6,16,0,5,34,0,17,22,2,s,4,5,1,35,0,0,0,s,13,14
1423,1,0,0,s,3,3,2,1,10,d,d,16,0,5,34,0,d,22,2,s,4,5,d,35,0,0,0,s,13,14
1422,1,0,0,s,3,3,2,1,10,0,6,16,d,d,34,0,17,22,2,s,s,5,1,35,6,0,28,s,13,14
1759,1,0,0,2,3,3,2,1,d,0,6,16,0,5,34,d,17,d,2,s,4,s,1,d,0,0,d,s,15,d
I878,0,0,0,2,3,3,2,0,0,0,0,16,0,5,34,0,17,22,2,s,0,5,1,0,0,0,0,s,0,14
I879,0,0,0,2,3,3,2,0,0,0,0,16,0,5,34,0,17,22,2,s,0,5,1,0,1,22,0,s,0,14
I881,0,0,0,2,3,3,2,0,0,3,0,16,2,5,34,0,s,22,2,s,0,5,1,s,1,22,0,s,15,14
1761,0,0,d,d,3,3,d,0,0,3,0,16,2,5,d,0,s,22,2,s,0,5,1,s,d,22,0,s,15,14
1760,0,0,0,2,3,3,2,0,0,s,0,16,2,5,34,0,s,22,d,s,0,5,1,s,d,d,25,s,d,d
1846,d,s,0,2,3,3,2,2,0,5,0,16,d,5,34,0,d,22,2,s,d,5,1,0,1,22,0,s,13,14
I887,0,0,0,2,3,3,2,0,0,0,0,16,0,5,34,0,17,22,2,s,0,5,1,0,0,0,0,s,0,14
1596,1,d,0,2,3,3,2,d,0,0,d,16,0,d,34,d,17,22,2,s,d,5,1,0,0,0,0,s,0,14
I889,1,0,0,2,3,3,2,0,0,0,0,16,0,5,34,0,17,22,2,s,0,5,1,0,0,0,0,s,0,14
1433,1,0,d,2,3,3,2,0,10,0,0,16,0,5,34,0,17,s,2,s,d,5,1,0,0,0,0,s,0,14
1432,d,0,d,2,3,3,2,0,0,0,0,d,0,5,34,d,17,22,2,s,0,5,1,0,0,d,0,s,0,14
I893,0,0,0,0,3,0,2,0,0,0,0,16,2,0,34,0,17,0,2,0,3,0,1,0,0,0,0,s,0,14
I894,0,s,0,0,3,0,2,0,0,0,0,16,2,0,34,0,17,0,2,0,3,0,1,0,0,0,0,s,0,14
I895,0,s,0,0,3,0,2,0,0,0,0,16,2,0,34,0,17,0,2,0,3,0,1,0,0,0,0,s,0,14
I896,0,s,0,0,3,0,2,0,0,0,10,16,2,0,34,0,17,0,2,0,3,0,1,0,0,0,0,s,0,14
I897,0,s,0,0,3,0,2,0,s,0,10,16,2,3,34,0,17,0,2,0,3,10,1,0,0,1,0,s,0,14
I898,0,s,1,0,3,0,2,0,s,0,10,16,2,3,34,0,17,s,2,0,3,10,1,0,0,1,0,s,0,14
I899,0,s,1,0,3,0,2,0,s,0,10,16,2,3,34,0,17,s,2,0,3,10,1,0,0,1,0,s,0,14
1439,0,s,1,0,3,3,2,0,s,d,10,16,2,3,34,0,17,s,2,0,3,10,1,0,0,1,0,s,0,14
1438,0,s,1,0,3,0,2,0,s,3,d,16,2,3,34,0,17,s,2,0,3,10,1,0,0,1,0,s,0,14
I900,0,s,1,0,3,3,2,0,s,0,10,16,2,3,34,0,17,s,2,0,3,10,1,1,0,1,0,s,0,14
1227,0,s,1,0,3,3,2,0,s,0,10,16,d,3,34,0,17,s,2,0,3,d,1,1,0,1,d,s,0,14
1226,0,s,s,0,3,3,2,0,s,0,10,16,d,3,34,0,17,s,2,0,3,10,1,1,0,1,0,s,0,14
I901,0,s,0,0,3,0,2,0,s,0,10,16,2,3,34,0,17,0,s,0,3,10,1,0,0,1,0,s,0,14
1243,0,s,0,0,3,0,d,0,s,0,10,16,2,3,34,0,17,0,s,0,3,10,1,14,0,1,s,s,d,14
I903,0,s,0,2,3,3,2,0,s,0,10,16,2,3,34,0,17,0,s,0,3,10,1,0,0,1,0,s,0,14
1329,d,s,s,d,d,3,d,d,s,d,10,16,d,d,34,0,17,0,s,0,3,10,1,d,0,1,0,s,0,14
1328,d,s,d,2,3,3,d,0,s,0,10,16,2,3,34,0,17,0,s,d,3,d,1,0,d,1,0,s,0,14
I904,0,s,0,0,3,0,2,0,0,0,10,16,2,0,34,0,17,0,2,0,3,0,1,0,0,0,0,s,0,14
I905,0,s,0,0,3,0,2,0,0,0,10,16,2,0,34,5,17,0,2,0,3,0,1,22,0,0,0,s,0,14
I906,0,s,0,2,3,0,2,0,0,0,10,16,2,0,34,5,17,0,2,0,3,22,1,22,0,0,24,s,0,14
1397,0,s,0,2,3,0,2,d,0,0,10,d,2,d,d,5,17,2,2,0,3,22,1,22,0,0,24,s,0,14
1396,0,s,0,2,3,0,d,0,0,0,10,16,2,0,34,5,17,0,2,0,d,22,d,22,0,d,24,s,0,14
1249,s,s,0,0,d,0,d,0,0,d,10,16,2,d,d,d,17,0,2,d,d,0,1,22,0,0,0,s,0,14
I908,0,s,0,7,3,0,2,0,0,0,10,16,2,0,34,0,17,0,2,0,3,0,1,0,0,0,15,s,0,14
1780,0,s,0,7,d,0,2,d,0,0,10,16,2,0,34,d,17,0,2,0,3,0,1,10,12,0,15,s,0,14
1736,0,s,0,d,d,0,2,0,0,0,s,16,2,0,d,0,17,0,s,0,3,0,1,d,0,0,15,s,0,14
I911,1,s,0,0,s,0,2,0,0,0,0,16,2,0,34,0,17,0,2,0,3,0,1,0,0,0,0,s,0,14
I912,1,s,0,5,s,0,s,0,0,0,0,16,2,0,34,0,17,0,2,0,3,10,1,0,0,0,0,s,13,14
I913,1,s,0,5,s,0,s,0,0,0,0,16,2,0,34,0,17,0,2,4,3,10,1,0,0,0,0,s,13,14
1495,1,s,30,5,s,0,s,0,0,0,0,16,d,0,34,8,17,0,d,4,3,10,1,0,0,0,0,s,d,14
I915,1,s,0,5,s,0,s,1,0,0,0,16,2,0,34,0,17,14,2,4,3,10,1,0,0,0,0,s,13,14
1693,1,s,20,5,s,0,s,1,d,0,0,16,2,0,34,0,17,14,2,4,3,10,1,0,0,d,0,s,13,14
1692,1,s,0,5,s,0,s,d,0,0,2,16,d,0,34,0,17,14,2,4,d,10,1,0,d,0,0,s,13,14
I916,1,s,0,5,s,0,s,0,8,0,0,16,2,0,34,0,17,0,2,0,3,10,1,0,0,0,0,s,13,14
I917,1,s,0,5,s,0,s,0,8,0,0,16,2,0,34,0,17,0,2,0,3,10,1,0,7,0,0,s,13,14
1657,1,s,44,5,s,0,s,0,8,0,12,16,2,0,34,0,17,0,d,0,3,10,1,0,7,s,0,s,13,14
1656,1,s,0,5,s,0,s,d,8,0,d,16,2,0,34,0,17,0,d,4,3,10,1,0,d,0,0,s,13,d
1557,1,s,d,5,s,s,s,0,d,0,0,16,d,0,34,0,d,0,d,0,3,d,1,0,0,0,0,s,13,14
1930,1,s,0,s,s,0,2,0,23,3,0,16,2,0,34,0,17,0,2,4,3,16,1,d,0,14,d,s,14,14
I926,0,s,3,0,3,0,s,3,0,0,0,16,2,0,34,0,17,21,2,0,3,0,1,0,0,23,3,s,13,14
I927,0,s,3,0,3,0,s,3,0,3,17,16,2,0,34,0,17,21,2,0,3,0,1,0,0,23,3,s,13,14
I928,0,s,3,0,3,0,s,3,0,s,17,16,2,0,34,0,17,21,2,0,3,0,1,0,0,23,3,s,13,14
1927,0,s,3,0,3,0,s,d,0,s,17,16,2,0,34,d,d,d,2,0,3,0,1,0,0,23,3,s,13,14
I933,0,s,3,0,3,0,s,s,0,s,17,16,2,0,34,0,17,21,2,0,3,0,1,5,13,23,3,s,13,14
1849,0,s,3,0,3,0,s,s,0,s,17,16,d,0,d,0,17,21,2,0,3,0,1,5,13,23,3,s,13,d
1848,d,s,3,0,3,s,s,s,0,s,17,16,d,0,34,0,17,21,2,0,3,0,1,5,13,23,3,s,13,14
I935,0,s,3,s,3,0,s,3,0,3,17,16,2,0,34,0,17,21,2,0,3,0,1,0,0,23,3,s,13,14
I936,1,s,3,s,3,0,s,3,0,3,17,16,2,2,34,0,17,21,2,0,3,0,1,0,0,23,3,s,13,14
1961,1,s,3,s,3,3,s,3,0,3,17,16,2,2,34,0,17,21,d,0,3,0,1,0,0,23,3,s,13,14
I938,1,s,3,s,3,0,s,3,0,3,17,16,2,2,34,0,17,21,2,3,3,0,1,5,0,23,3,s,13,14
1991,1,s,3,s,3,0,s,3,0,3,17,16,d,2,34,0,17,21,2,3,d,d,1,d,11,23,3,s,13,14
1990,1,s,3,s,3,0,s,3,0,3,17,16,2,d,34,0,17,21,2,3,3,d,d,5,0,d,3,s,13,14
1934,0,s,d,s,3,0,s,s,s,3,17,d,2,0,34,0,17,d,2,4,3,0,1,d,0,s,d,s,d,14
I942,0,s,3,0,3,0,s,3,0,0,0,16,2,0,34,0,s,21,2,0,3,3,1,0,0,23,3,s,13,14
I943,0,s,3,0,3,0,s,3,0,0,0,16,2,0,34,0,s,21,2,0,3,3,1,0,0,23,3,s,13,14
I946,0,s,3,0,3,0,s,3,0,0,18,16,2,s,34,11,s,21,2,3,3,s,1,0,0,23,3,s,13,14
1913,0,s,d,0,3,0,s,3,d,0,d,16,2,s,34,11,s,21,2,3,3,s,1,0,0,d,3,s,13,d
1912,0,s,3,0,3,0,s,d,0,0,18,d,2,s,34,11,s,d,2,3,3,s,1,d,d,d,3,s,13,14
I949,0,s,3,0,s,0,s,3,0,0,0,16,2,0,34,0,s,21,2,s,3,3,1,12,0,23,3,s,13,14
1617,0,s,3,0,s,0,s,3,0,d,s,16,2,0,34,0,s,21,2,s,3,3,1,12,6,23,3,s,13,14
1616,0,s,3,0,s,0,s,d,0,d,0,16,2,0,34,s,s,21,2,s,3,3,d,12,0,d,3,s,13,14
I950,0,s,3,5,3,s,s,3,0,0,0,16,2,3,34,6,s,21,2,0,3,3,1,0,0,23,3,s,13,14
I951,0,s,3,5,3,s,s,3,0,5,0,16,2,3,34,6,s,21,2,0,3,3,1,0,6,23,3,s,13,14
1629,0,s,3,5,3,s,s,3,0,5,0,d,2,3,34,6,s,21,2,0,3,3,1,0,6,23,s,s,13,14
1928,0,s,s,5,3,s,s,3,0,5,0,16,2,d,34,6,s,21,2,0,3,d,1,0,6,23,3,s,13,14
I954,0,s,3,5,3,s,s,3,0,0,0,16,2,3,34,6,s,21,2,0,3,3,1,0,0,23,3,s,13,14
1945,0,s,3,5,3,s,s,3,0,0,0,16,2,3,34,6,s,21,2,0,3,3,1,0,0,23,3,s,13,14
1863,d,s,d,d,3,s,s,d,d,0,3,16,2,3,34,6,s,21,2,2,3,3,1,0,0,23,3,s,13,14
I957,0,0,0,0,3,0,2,0,0,0,0,16,2,0,34,s,17,0,2,0,3,0,1,0,0,0,0,s,0,14
I958,1,0,6,31,3,0,2,0,0,3,0,16,2,0,34,s,17,0,2,0,3,0,1,0,0,0,0,s,0,14
I959,1,0,6,31,3,3,2,1,0,3,0,16,2,0,34,s,17,0,2,0,3,0,1,0,0,0,0,s,0,14
I960,1,0,6,31,3,3,2,1,0,3,0,16,2,0,34,s,17,0,2,0,3,0,1,0,0,0,0,s,0,14
1212,1,s,6,d,d,3,2,1,0,3,6,16,2,0,34,s,17,0,2,0,3,d,d,2,0,14,0,s,0,14
1074,1,0,6,d,3,3,2,d,0,3,0,16,2,0,34,s,17,0,2,4,3,19,1,s,s,9,0,s,s,14
I967,1,3,6,31,3,3,2,1,0,s,0,16,2,0,34,s,17,0,2,0,3,0,1,0,0,0,0,s,0,14
1581,1,3,6,31,3,3,2,d,0,s,0,d,d,3,34,s,17,0,2,2,3,19,1,0,0,0,0,s,d,d
I972,1,3,6,31,3,3,2,1,0,s,0,16,2,5,34,s,17,0,2,0,3,0,1,0,0,0,0,s,0,14
1315,1,3,6,31,3,3,2,1,0,s,0,16,2,5,34,s,17,0,2,0,d,0,1,0,0,0,0,s,0,14
1314,1,3,6,31,3,3,2,1,d,s,0,16,2,5,d,s,17,0,2,0,3,0,1,0,0,0,0,s,0,14
I974,1,0,6,31,3,0,2,0,0,3,6,16,2,0,34,s,17,33,2,0,s,0,1,0,0,0,0,s,0,14
I975,1,0,6,31,3,0,2,0,3,3,6,16,2,0,34,s,17,33,2,0,s,0,1,0,0,0,0,s,0,14
1309,1,0,6,31,3,0,2,0,3,3,6,d,2,0,34,s,17,33,2,0,s,d,1,0,0,23,0,s,0,d
1513,1,0,6,31,s,2,2,0,3,3,d,16,2,0,34,s,17,33,d,0,s,0,d,0,0,0,d,s,0,14
I982,1,0,6,31,3,0,2,0,0,3,6,16,2,0,34,s,17,33,2,s,s,0,1,0,0,0,0,s,0,14
1729,1,0,6,31,3,d,2,0,17,3,6,16,2,3,34,s,d,d,2,s,s,0,1,16,s,0,d,s,13,d
I986,1,0,6,31,3,0,2,0,0,3,6,16,2,0,34,s,17,33,2,s,s,0,1,0,0,0,0,s,12,14
1259,1,0,6,31,3,d,2,d,0,3,d,16,2,0,34,s,17,d,2,s,s,d,d,0,d,0,0,s,12,14
1590,1,0,6,d,3,0,2,0,d,3,d,d,2,0,34,s,17,d,2,s,s,0,1,s,0,0,0,s,12,14
I989,1,3,0,0,3,0,2,0,0,0,0,16,2,0,34,s,17,0,2,0,3,0,1,0,0,0,0,s,0,14
I990,1,3,0,0,3,0,2,0,0,0,0,16,2,0,34,s,17,0,2,0,3,0,1,0,0,0,4,s,0,14
I991,1,3,0,0,3,0,2,s,10,0,0,16,2,0,34,s,17,0,2,0,3,5,1,0,0,0,4,s,0,14
1231,1,3,11,2,3,0,2,s,10,0,0,16,2,0,34,s,17,d,2,0,d,5,1,0,0,0,s,s,0,14
I995,1,3,0,0,3,0,2,s,10,3,0,16,2,0,34,s,17,0,2,0,3,5,1,0,0,0,4,s,0,14
1509,1,3,0,0,3,0,2,s,10,3,0,16,2,0,d,s,17,0,2,0,3,d,1,0,5,0,d,s,0,s
I997,1,3,0,0,3,0,2,s,10,3,0,16,2,0,34,s,17,0,2,0,3,5,1,0,8,0,4,s,0,14
1395,1,3,0,0,d,0,2,s,10,3,0,16,2,0,34,s,17,d,2,0,d,5,1,0,8,0,4,s,d,14
1394,1,3,0,0,3,d,2,s,10,3,0,d,2,0,34,s,17,0,2,d,3,5,d,0,d,d,d,s,0,14
I998,1,3,0,0,3,0,s,0,0,0,0,16,2,0,34,s,17,0,2,0,3,0,1,0,0,0,4,s,0,14
I999,1,3,0,0,3,0,s,0,0,0,0,16,2,0,34,s,17,0,2,0,3,0,1,0,0,0,4,s,0,14
2014,1,3,3,0,3,5,s,0,d,0,d,16,2,0,34,s,17,0,2,0,3,d,1,d,0,d,4,s,0,14
I1003,1,3,0,0,3,0,s,0,0,0,0,16,2,0,34,s,17,0,2,0,3,0,1,7,2,0,4,s,0,14
1987,1,3,0,0,3,d,s,0,0,0,0,d,2,0,34,s,17,0,2,0,3,0,1,7,2,0,d,s,d,14
1986,1,3,d,0,d,0,s,0,0,d,0,16,2,0,34,s,17,0,2,0,d,0,1,7,2,10,4,s,0,14
I1004,1,3,0,0,3,0,s,1,0,0,0,16,2,0,34,s,17,0,2,0,3,0,1,0,0,18,4,s,0,14
1010,1,3,0,0,3,0,s,1,0,0,0,16,2,0,34,s,17,0,2,0,3,0,1,0,0,18,4,s,0,14
I1007,1,3,0,0,3,s,s,1,0,0,0,16,2,0,34,s,17,0,2,0,3,0,1,0,0,18,4,s,0,14
1979,1,d,d,0,d,s,s,1,0,0,0,d,2,0,34,s,d,0,2,0,3,0,d,1,d,18,4,s,0,14
1038,1,3,d,0,3,s,s,1,d,0,s,16,2,d,34,s,17,0,d,0,3,0,1,0,0,18,4,s,0,14
I1009,1,3,0,0,3,0,2,0,0,0,0,16,2,3,34,s,17,0,2,0,3,19,1,0,0,0,8,s,0,14
I1011,s,3,0,7,3,s,2,0,0,0,12,16,2,3,34,s,17,0,2,0,3,19,1,s,0,s,8,s,0,14
I1012,s,3,0,7,3,s,2,0,0,0,12,16,2,3,34,s,17,0,2,0,3,19,1,s,0,s,8,s,0,14
1305,s,3,29,7,3,s,2,0,0,0,12,16,d,3,34,s,17,0,2,0,3,19,1,s,0,s,8,s,0,14
1304,s,3,0,7,3,s,2,0,0,3,12,s,2,d,34,s,17,d,2,d,3,19,1,s,0,s,8,s,0,14
I1013,s,3,0,7,3,s,2,0,0,0,12,16,2,3,34,s,17,0,2,0,3,19,1,s,0,s,8,s,0,14
1115,s,d,0,7,3,s,2,0,19,0,12,16,d,3,34,s,17,d,2,0,3,19,1,s,0,s,d,s,d,d
1114,s,3,d,7,3,s,2,0,0,d,12,16,2,3,34,s,s,0,2,0,3,19,1,s,0,s,8,s,d,14
I1017,1,3,29,0,3,0,2,0,0,0,0,16,2,3,34,s,17,0,2,0,3,19,1,0,0,0,8,s,0,14
I1018,1,3,29,0,3,0,2,0,0,0,0,16,2,3,34,s,17,0,2,0,3,19,1,29,0,0,8,s,0,s
1371,1,3,29,7,3,0,2,0,0,d,d,16,2,3,34,s,17,0,2,s,3,19,1,d,0,0,8,s,0,s
1443,d,3,29,0,3,0,2,0,0,d,d,16,2,3,34,s,17,0,2,d,3,19,1,29,7,d,8,s,0,s
I1021,1,3,29,0,3,0,2,0,0,0,0,16,2,3,34,s,17,0,2,2,3,19,1,0,0,0,8,s,0,14
1097,1,3,29,0,3,0,2,0,0,0,d,16,2,d,34,s,17,0,2,2,3,19,1,13,0,0,8,s,d,14
I1023,1,3,29,0,3,0,2,0,0,0,0,16,2,3,34,s,17,0,2,2,3,19,1,0,0,2,8,s,0,14
1337,1,3,29,30,3,0,2,0,0,0,d,16,2,3,d,s,17,d,2,d,3,d,1,0,0,2,d,s,0,14
1336,1,3,29,0,3,0,d,0,15,0,0,16,2,3,34,s,d,0,2,d,3,19,1,0,6,2,8,s,0,14
