cell,r1,r2,r3,r4,r5,r6,r7,r8,r9,r10,r11,r12,r13,r14,r15,r16,r17,r18,r19,r20,r21,r22,r23,r24,r25,r26,r27,r28,r29,r30
I1,0,0,0,0,0,0,0,0,0,0,2,0,0,0,0,0,0,0,0,0,0,0,0,0,0,0,0,0,2,0
I2,0,0,s,0,0,1,0,0,0,10,2,0,0,0,0,0,0,0,25,0,0,0,0,0,0,0,0,0,2,0
I3,0,0,s,0,0,1,0,9,0,10,2,10,0,0,0,0,0,0,25,0,0,0,0,0,0,0,28,0,2,0
I4,0,0,s,12,0,1,0,9,23,10,2,10,0,0,0,0,12,0,25,0,0,0,0,0,0,0,28,0,2,0
I5,0,0,s,12,0,1,13,9,23,10,2,10,0,0,0,0,12,0,25,0,0,0,0,0,0,0,28,5,2,0
I6,0,0,s,12,0,1,13,9,23,10,2,10,6,0,0,1,12,0,25,0,0,0,0,0,9,0,28,5,2,0
I7,0,0,s,12,0,1,13,9,23,10,2,10,6,0,0,1,12,0,25,0,0,1,0,0,9,0,28,5,2,0
I8,0,21,s,12,0,1,13,9,23,10,2,10,6,0,0,1,12,0,25,0,0,1,0,0,9,0,28,5,2,1
1507,2,21,s,12,0,1,13,9,23,10,2,d,6,7,3,1,12,0,25,0,1,d,0,6,d,0,28,5,d,1
1626,d,21,s,d,0,d,13,9,23,10,2,10,6,0,0,1,12,0,25,0,0,1,d,0,d,0,d,5,2,1
I15,0,0,s,12,0,1,13,9,23,10,2,10,6,0,0,1,12,0,25,0,0,1,0,0,9,18,28,5,2,0
1310,4,0,s,d,0,1,s,9,23,10,2,10,6,0,0,1,12,0,25,0,1,1,0,0,9,18,d,5,2,0
I20,0,0,s,12,0,1,13,9,23,10,2,10,6,0,0,1,12,0,25,0,0,1,0,0,9,18,28,5,2,0
1283,0,0,s,12,0,1,13,9,23,10,2,10,6,0,0,1,12,0,25,4,d,1,0,0,9,d,d,5,2,0
1282,0,0,s,12,0,1,13,d,23,10,2,10,d,0,0,1,d,0,25,d,0,1,0,6,9,s,28,d,d,0
I22,0,0,s,12,0,1,13,s,23,10,2,10,6,0,0,1,12,0,25,0,0,0,0,0,9,0,28,5,2,0
I23,0,0,s,12,0,1,13,s,23,10,2,10,6,6,0,1,12,0,25,0,0,0,0,0,9,0,28,5,2,0
I24,2,0,s,12,0,1,13,s,23,10,2,10,6,6,0,1,12,26,s,0,0,0,0,4,9,0,28,5,2,0
1607,2,0,s,12,0,d,13,s,23,10,2,10,d,d,d,1,d,26,s,d,s,0,0,4,9,d,28,5,2,1
1638,2,0,s,12,d,1,13,s,23,10,2,10,d,6,0,1,12,26,s,0,0,0,0,4,9,d,28,5,2,0
I27,0,0,s,12,0,1,13,s,23,10,2,10,6,6,0,1,12,0,25,0,0,0,0,0,9,0,28,5,2,0
1435,0,d,s,12,d,1,13,s,23,10,2,10,6,6,0,1,12,0,25,d,1,0,d,0,9,d,28,5,d,s
1333,0,0,s,12,0,1,13,s,23,10,2,10,6,6,0,d,d,0,25,d,d,0,0,0,9,d,d,5,2,0
I30,0,0,s,12,0,1,13,s,23,10,2,10,6,0,0,1,12,0,25,0,0,0,0,0,9,0,28,5,2,0
I31,0,0,s,12,0,1,s,s,23,10,2,10,6,0,0,1,12,0,25,1,0,0,0,0,9,0,28,5,2,6
1520,4,37,s,12,0,1,s,s,d,10,d,10,6,7,0,d,d,d,25,1,0,0,0,0,9,0,28,5,2,s
I33,0,0,s,12,0,1,s,s,23,10,2,10,6,0,0,1,12,0,25,1,0,0,0,0,9,0,28,5,2,6
1505,0,0,s,12,0,1,s,s,23,10,2,10,6,0,0,1,12,8,25,1,0,0,0,0,d,0,28,5,2,d
1504,0,0,s,12,0,1,s,s,23,10,2,10,6,0,0,1,12,d,25,1,0,0,0,0,9,0,28,5,2,d
1491,0,d,s,12,0,1,13,s,23,10,2,10,6,0,0,1,d,0,25,0,0,0,1,0,d,13,28,5,2,0
I37,0,17,s,12,0,1,13,9,23,10,2,10,0,0,0,0,12,0,25,0,0,s,0,0,0,0,28,5,2,0
I38,3,17,s,12,0,1,13,9,23,10,2,10,0,7,0,0,12,0,25,0,0,s,0,0,0,0,28,5,2,0
I39,3,17,s,12,0,1,13,9,23,10,2,10,0,7,0,0,12,0,25,0,0,s,0,0,9,2,28,5,2,0
I40,3,17,s,12,0,1,13,9,23,10,2,10,0,7,25,0,12,0,25,0,1,s,16,0,9,2,28,5,2,0
1303,3,17,s,12,0,1,13,9,23,10,2,10,d,7,25,0,12,d,25,15,1,s,16,0,9,2,28,5,2,d
1522,3,17,s,d,0,1,13,9,23,10,2,10,d,7,25,0,d,d,d,0,1,s,d,0,9,2,28,5,2,d
I43,3,17,s,12,22,1,13,9,23,s,2,10,0,7,0,0,12,0,25,0,0,s,0,29,9,2,28,5,2,0
1448,3,17,s,12,22,1,13,9,23,s,2,10,0,d,s,0,12,s,25,0,0,s,0,29,9,2,d,5,2,0
I45,3,17,s,12,22,1,13,9,23,s,2,10,0,7,0,0,12,0,25,0,1,s,0,29,9,2,28,5,2,0
1349,3,17,s,12,22,1,13,9,23,s,2,d,d,7,0,0,12,0,25,0,1,s,7,29,9,d,28,5,2,0
1348,3,17,s,12,d,1,13,9,23,s,2,10,0,7,0,0,12,0,25,0,1,s,0,29,9,2,28,5,2,d
I46,3,17,s,12,0,1,13,9,23,10,2,10,0,7,0,0,12,0,25,0,0,s,0,0,0,0,28,5,2,0
I47,3,17,s,12,0,1,13,9,23,10,2,10,0,s,0,0,12,0,25,0,0,s,0,0,0,0,28,5,2,0
1052,3,17,s,12,17,1,13,d,23,10,s,10,0,s,0,0,12,d,25,0,0,s,0,0,0,0,28,5,2,0
I50,3,17,s,12,0,1,13,9,23,10,2,10,0,s,0,0,12,0,25,0,1,s,0,0,s,26,28,5,2,0
1193,3,17,s,12,0,d,13,9,23,d,2,10,0,s,6,0,12,0,25,0,1,s,d,0,s,26,28,5,2,0
1192,d,17,s,d,0,1,13,9,23,d,2,10,d,s,0,0,12,0,25,0,1,s,0,s,s,26,28,5,2,0
I51,3,17,s,12,0,1,13,9,23,10,2,10,0,7,0,0,12,0,25,0,0,s,0,0,0,23,28,5,2,0
1125,3,17,s,12,0,1,13,9,d,10,2,10,15,7,15,d,12,0,25,0,0,s,0,0,0,23,28,5,2,0
I53,3,17,s,12,0,1,13,9,23,10,2,10,0,7,0,0,12,0,25,0,0,s,16,0,0,23,28,5,2,0
1035,d,17,s,12,0,1,13,9,23,10,2,10,s,7,0,0,12,0,25,0,0,s,16,0,0,23,28,5,2,0
1034,3,17,s,12,d,d,13,9,23,10,s,10,0,7,0,0,12,9,d,0,0,s,16,0,0,23,28,d,2,d
I54,0,17,s,12,0,1,13,9,23,10,2,10,0,0,0,0,12,0,25,0,0,s,0,0,0,0,28,5,2,0
I55,0,17,s,12,0,1,13,9,23,10,2,10,0,0,0,0,12,0,25,0,0,s,0,0,0,0,28,5,s,0
1160,3,s,s,12,22,1,13,9,23,10,s,10,0,7,0,1,12,0,25,4,s,s,10,39,9,0,s,5,s,21
1482,0,17,s,12,0,1,13,9,23,10,2,10,0,0,0,0,12,0,25,15,0,s,0,0,d,s,d,5,s,20
I62,0,17,s,12,0,1,13,9,23,10,2,10,0,0,0,0,12,0,25,0,1,s,0,5,0,0,28,5,2,0
I63,2,17,s,12,22,1,13,9,23,10,2,10,0,0,0,0,12,0,25,0,1,s,0,5,0,14,28,5,2,0
1112,2,17,s,12,d,1,13,9,d,10,2,10,0,0,0,0,12,0,d,6,1,s,0,5,d,14,28,d,2,0
1404,2,17,s,12,22,1,13,9,23,10,2,10,0,0,s,s,12,d,d,0,1,s,d,5,0,14,28,5,2,0
I66,0,17,s,12,0,1,13,9,23,10,2,10,0,0,0,0,12,0,25,0,1,s,0,5,0,0,28,5,2,0
1457,0,17,s,d,0,1,13,9,23,10,2,10,0,0,s,0,12,0,25,0,1,s,d,5,0,d,28,5,2,10
I68,0,17,s,12,0,1,13,9,23,10,2,10,0,0,0,0,12,0,25,0,1,s,0,5,0,0,28,5,2,14
1339,0,d,s,12,0,1,13,9,23,10,2,10,0,d,d,0,12,0,25,0,d,s,0,5,d,0,28,5,2,14
1338,0,17,s,12,0,1,d,9,23,10,2,10,d,0,0,0,12,0,25,0,1,s,d,5,0,0,28,5,2,14
I69,0,0,s,s,0,1,0,9,23,10,2,10,0,0,0,0,12,0,25,0,0,0,0,0,0,0,28,0,2,0
I70,0,0,s,s,0,1,0,9,23,10,2,10,0,0,0,1,12,0,25,0,1,0,0,0,0,0,28,0,2,0
I71,0,0,s,s,0,1,0,9,23,10,2,10,17,6,0,1,12,0,25,0,1,0,0,0,0,0,28,0,2,0
I72,0,0,s,s,34,1,0,9,23,10,2,10,17,6,6,1,12,11,25,0,1,0,16,4,0,0,28,0,2,0
I75,0,29,s,s,34,1,s,9,23,10,2,10,17,6,6,1,12,11,25,0,1,0,16,4,0,19,28,0,2,27
1151,0,d,s,s,34,1,s,9,23,10,2,10,17,6,6,1,12,11,d,0,1,0,16,4,0,19,28,0,2,27
1150,0,29,s,s,34,1,s,d,23,10,2,10,17,6,6,d,12,11,25,0,1,0,d,4,0,19,d,d,2,27
I76,0,0,s,s,34,1,0,9,23,10,2,10,17,6,6,1,12,11,25,0,1,0,16,4,0,0,28,s,2,0
1158,0,0,s,s,34,1,9,9,23,10,2,d,17,6,6,1,12,11,25,4,1,0,d,4,d,s,28,s,2,0
1252,0,0,s,s,34,s,0,9,23,10,d,10,17,6,6,1,12,11,d,0,1,0,16,d,0,0,28,s,d,0
I79,0,15,s,s,0,1,0,9,23,10,2,10,17,6,0,1,12,1,25,0,1,1,0,0,0,0,28,0,2,1
I80,0,15,s,s,22,1,0,9,23,10,2,10,17,6,8,1,12,1,25,0,1,1,0,0,0,0,28,0,2,1
1342,0,d,s,s,22,1,0,9,23,10,2,10,d,6,8,1,12,1,25,0,1,1,0,0,0,0,d,0,2,1
1718,2,15,s,s,d,1,0,9,23,10,2,d,17,6,8,1,12,1,25,0,1,d,0,0,0,d,28,0,2,1
I84,0,15,s,s,0,1,0,9,23,10,2,10,17,6,6,1,12,1,25,0,1,1,9,0,0,0,28,0,2,1
1111,0,d,s,s,d,d,0,9,23,10,2,10,17,6,6,1,12,1,25,9,1,1,9,d,0,0,d,5,2,1
1110,0,15,s,s,0,d,0,9,23,10,2,10,17,6,6,1,12,1,25,0,1,1,d,d,d,0,28,0,d,1
I87,0,0,s,s,0,1,0,9,23,10,2,10,15,0,0,1,12,0,25,0,1,0,0,0,0,0,28,0,2,0
I88,0,0,s,s,0,1,0,9,23,10,2,10,15,0,0,1,12,0,25,0,1,0,0,s,0,0,28,0,2,0
I89,0,0,s,s,0,1,0,9,s,10,2,10,15,7,0,1,12,0,25,0,1,0,0,s,0,0,28,0,2,0
1190,0,0,s,s,0,1,0,9,s,10,2,10,15,7,0,1,12,0,25,0,1,0,0,s,0,s,28,0,2,0
1299,d,0,s,s,0,d,0,d,s,d,2,10,15,7,d,1,12,0,25,0,1,0,0,s,0,0,28,0,2,0
I94,0,0,s,s,29,1,0,9,23,10,2,10,15,s,0,1,12,0,25,0,1,0,0,s,0,0,28,0,2,0
1377,0,d,s,s,29,1,0,9,23,10,2,10,15,s,0,1,12,0,d,0,1,0,0,s,0,0,28,0,2,d
1376,0,0,s,s,29,1,0,d,23,10,2,10,d,s,0,1,12,d,25,0,1,0,0,s,0,0,28,0,2,0
I96,0,0,s,s,0,1,0,9,23,10,2,10,15,0,0,1,12,8,25,0,1,0,0,0,9,0,28,0,2,18
I97,0,0,s,s,0,1,0,9,23,10,2,10,15,0,0,1,12,8,25,0,1,0,0,0,9,0,28,0,2,18
1251,0,0,s,s,0,1,0,9,23,10,2,10,15,d,0,d,d,8,25,d,d,0,d,0,9,0,28,0,2,18
1250,0,d,s,s,0,1,0,9,23,10,2,d,15,0,0,1,d,8,d,0,1,0,d,0,9,d,28,0,2,18
1079,0,0,s,s,0,d,0,9,d,10,2,10,15,0,18,1,12,8,25,d,1,0,0,d,9,0,28,0,2,18
I102,0,16,s,s,0,1,0,9,23,10,2,10,0,0,0,1,12,0,25,0,1,0,0,38,0,0,s,0,2,0
I103,2,16,s,s,0,1,10,9,23,10,2,10,0,0,0,1,12,0,25,0,1,0,0,38,0,0,s,0,2,0
I104,s,16,s,s,0,1,10,9,23,10,2,10,0,0,0,1,12,0,25,0,1,0,0,38,0,0,s,0,2,0
1007,s,16,s,s,0,1,10,d,23,d,2,10,d,6,8,1,12,0,25,0,1,0,12,38,0,20,s,0,2,4
I109,s,16,s,s,0,1,10,9,23,10,2,10,13,0,0,1,12,0,25,0,1,0,0,38,0,0,s,0,2,0
I110,s,16,s,s,0,1,10,9,23,10,2,10,13,0,0,1,12,0,25,0,1,0,0,38,0,24,s,0,2,0
1867,s,16,s,s,0,1,10,9,23,10,2,10,13,0,0,s,12,d,25,0,1,0,8,38,0,24,s,0,2,0
1885,s,16,s,s,s,1,10,9,d,10,2,10,d,0,d,1,12,d,25,0,d,0,0,38,d,24,s,0,d,d
I113,s,16,s,s,0,1,10,9,23,10,2,10,13,0,0,1,12,0,25,0,1,0,0,38,0,0,s,0,2,0
2044,s,16,s,s,0,1,10,9,s,10,2,10,13,0,0,1,12,0,25,0,1,0,0,38,0,0,s,0,2,0
I115,s,16,s,s,0,1,10,9,23,10,2,10,13,0,0,1,12,0,25,0,1,3,0,38,0,0,s,0,2,0
2031,s,16,s,s,0,1,10,9,23,10,2,d,13,0,0,1,d,0,25,0,1,d,d,d,0,d,s,d,2,0
2030,s,16,s,s,0,1,10,9,23,10,2,10,13,0,0,d,12,0,25,0,1,d,d,38,0,d,s,0,2,d
I116,2,16,s,s,0,1,10,9,23,10,2,10,0,0,0,1,12,0,25,0,1,0,0,38,9,0,s,4,2,0
I117,2,16,s,s,0,1,10,9,23,10,2,10,25,0,0,1,12,0,25,0,1,4,17,38,9,0,s,4,2,0
I118,2,16,s,s,0,1,10,9,23,10,2,10,25,0,3,1,12,0,25,0,1,4,17,38,9,0,s,4,2,0
1099,2,16,s,s,0,1,10,9,23,10,2,10,25,0,3,1,12,0,25,0,1,4,17,d,d,0,s,4,2,0
1098,2,16,s,s,0,1,10,9,23,10,2,10,25,0,3,1,12,0,25,0,1,4,17,38,9,0,s,d,2,0
I119,2,16,s,s,0,1,10,9,23,10,2,10,25,0,0,1,12,0,25,0,1,4,s,38,9,0,s,4,2,0
1049,d,16,s,s,0,1,10,9,23,10,2,10,25,0,0,1,12,0,d,0,1,4,s,38,9,0,s,4,d,0
1048,2,16,s,s,0,1,d,9,23,10,2,10,25,0,0,1,12,0,25,0,1,4,s,38,9,0,s,4,2,0
I120,2,16,s,s,0,1,10,9,23,10,2,10,0,0,0,1,12,0,25,0,1,0,0,38,9,0,s,4,2,0
I121,2,16,s,s,0,1,10,9,23,10,2,10,0,0,0,1,12,13,25,0,1,0,0,38,9,0,s,4,2,0
1023,2,16,s,s,0,1,10,9,d,10,2,10,0,0,d,d,d,13,25,d,1,12,0,38,9,0,s,4,2,d
1022,d,16,s,s,0,1,10,9,23,10,2,10,0,0,0,1,12,13,25,d,1,0,0,38,9,0,s,4,2,0
I122,2,16,s,s,0,1,10,9,23,10,2,10,0,0,0,1,12,0,25,0,1,3,0,38,9,0,s,4,2,0
983,2,16,s,s,d,1,10,d,23,s,d,10,0,0,0,1,12,0,25,0,1,3,12,38,9,25,s,4,d,4
1964,2,16,s,s,0,1,10,9,23,10,2,10,0,0,0,1,12,0,25,0,1,3,d,38,d,0,s,4,2,0
I124,0,16,s,s,0,1,0,9,23,10,2,10,0,0,0,1,12,0,25,0,1,0,0,38,9,s,s,0,2,0
I125,0,16,s,s,0,1,0,9,23,10,2,10,11,0,0,1,12,0,25,0,1,0,0,38,9,s,s,0,2,0
I128,0,16,s,s,0,1,0,9,23,10,2,10,11,0,0,1,12,0,25,0,1,0,0,38,9,s,s,15,2,0
1133,0,16,s,s,0,1,0,9,23,10,2,s,11,0,0,1,12,d,25,0,1,0,0,38,9,s,s,15,2,0
1132,0,16,s,s,0,1,0,9,23,10,2,10,11,0,0,d,12,0,25,0,1,0,0,38,9,s,s,15,2,d
I130,0,16,s,s,0,1,0,9,23,10,2,10,11,0,0,1,12,0,25,0,1,0,0,38,9,s,s,1,2,0
1477,0,16,s,s,d,d,0,9,23,10,2,10,11,0,0,1,12,0,25,0,d,0,d,38,9,s,s,1,2,8
1476,0,16,s,s,0,1,0,9,23,10,2,10,11,0,0,1,d,0,25,0,1,d,0,d,d,s,s,1,2,0
I132,0,16,s,s,0,1,0,9,23,10,2,10,0,0,0,1,12,0,25,0,1,0,0,38,9,s,s,0,2,0
I133,3,16,s,s,0,1,0,9,23,10,2,10,0,0,0,1,12,0,25,0,1,0,0,38,9,s,s,0,2,0
1095,s,16,s,s,d,1,0,9,23,10,2,10,d,6,0,d,12,0,25,0,d,d,0,38,9,s,s,0,2,0
1044,3,s,s,s,0,1,0,9,23,10,2,10,d,0,0,1,12,0,25,0,d,0,7,38,9,s,s,4,2,0
I136,0,s,s,s,0,1,0,9,23,10,2,10,0,0,0,1,12,0,25,0,1,23,0,38,9,s,s,0,2,0
I137,0,s,s,s,0,1,0,9,23,10,2,10,0,0,6,1,12,6,25,0,1,23,0,38,9,s,s,0,2,0
1165,s,s,s,s,d,1,0,d,23,10,2,10,0,0,6,1,12,6,25,0,1,d,0,38,9,s,s,0,2,1
1164,0,s,s,s,37,1,0,9,23,10,2,10,0,0,6,1,12,6,25,0,1,23,0,38,9,s,s,11,2,0
I138,0,s,s,s,0,1,9,9,23,10,2,10,0,0,0,1,12,0,25,s,1,23,0,38,9,s,s,0,2,0
1081,0,s,s,s,2,1,d,9,23,10,2,10,0,0,0,1,d,0,25,s,1,23,0,38,9,s,s,0,2,0
1080,0,s,s,s,0,1,9,9,d,10,2,10,0,0,1,1,d,0,25,s,1,23,0,38,9,s,s,0,d,5
I139,0,24,s,20,0,1,0,9,0,10,2,10,0,0,0,0,0,0,25,0,0,0,0,0,0,2,28,0,2,0
I140,0,24,s,20,0,1,0,9,0,10,2,10,0,0,0,0,0,0,25,0,0,0,0,0,0,2,28,0,2,0
I141,0,24,s,20,0,1,0,9,0,10,2,10,0,0,0,0,0,0,25,0,0,0,0,0,0,2,28,0,2,0
I142,0,24,s,20,0,1,0,9,0,10,2,10,0,0,0,0,24,0,25,0,0,4,0,0,0,2,28,0,2,0
I143,0,24,s,20,17,1,0,9,0,10,2,10,0,0,8,0,24,0,25,16,0,4,0,38,0,2,28,0,2,0
I144,0,24,s,20,17,1,0,9,0,s,2,10,s,0,8,0,24,1,25,16,0,4,0,38,0,2,28,0,2,0
1763,d,24,s,d,17,1,0,d,0,s,2,10,s,0,8,0,24,d,25,16,0,4,9,38,0,2,28,d,2,d
1785,0,24,s,20,17,1,0,9,d,s,2,d,s,0,8,0,24,d,25,16,0,4,0,38,0,2,28,0,2,d
I147,0,24,s,20,17,1,4,9,0,10,2,10,0,0,8,0,24,0,25,16,0,4,0,38,0,2,28,0,2,0
1893,0,24,s,20,17,1,s,9,10,d,2,10,0,0,8,0,24,5,25,d,0,d,d,38,0,2,28,0,2,10
1805,0,24,s,20,17,1,4,9,0,10,2,10,6,d,8,0,24,0,25,16,1,4,0,38,0,2,28,0,2,0
I150,0,24,s,20,0,1,0,9,0,10,2,10,0,0,0,0,24,0,25,0,0,4,0,0,0,2,28,0,2,0
I151,4,24,s,20,0,1,0,9,0,10,s,10,0,0,0,0,24,0,25,0,0,4,s,0,0,2,28,0,2,0
1746,4,d,s,20,0,1,0,9,0,10,s,d,d,0,0,0,24,d,d,0,0,4,s,0,0,2,28,0,2,0
988,4,24,s,20,35,1,0,9,0,10,s,10,0,0,0,0,24,13,25,0,0,4,s,0,0,2,28,0,2,0
1093,0,24,s,20,9,1,d,s,0,10,d,10,0,d,0,0,24,0,25,0,0,d,0,d,0,d,d,1,2,d
I154,0,24,s,20,0,1,0,9,0,10,2,10,0,0,0,0,0,0,25,0,0,0,0,0,0,2,28,0,2,1
I155,0,24,s,20,0,1,0,9,0,10,2,10,18,5,3,0,0,0,25,0,0,15,0,0,0,2,28,0,2,1
I156,0,24,s,20,0,1,4,9,0,10,2,10,18,5,3,0,0,0,25,0,0,15,0,0,s,2,28,0,2,1
I157,0,24,s,20,0,1,4,9,0,10,2,10,18,5,3,0,0,0,25,0,1,15,0,0,s,2,28,9,2,1
1743,0,24,s,20,0,1,4,9,0,10,2,10,18,5,3,0,0,0,25,d,1,15,0,0,s,2,28,9,2,1
1742,d,24,s,20,0,1,4,d,0,10,2,10,18,5,d,0,0,0,25,0,d,15,0,0,s,2,28,9,2,1
976,0,d,s,20,2,1,4,9,0,10,2,10,18,5,3,0,0,0,25,0,0,15,d,0,s,2,28,2,d,1
I160,0,24,s,20,0,1,0,s,0,10,2,10,18,5,3,0,0,13,25,3,0,15,0,0,0,2,28,0,2,1
1725,0,24,s,20,19,1,0,s,0,10,2,10,18,5,d,0,0,13,25,3,0,15,0,0,0,2,28,0,2,1
1724,0,24,s,20,0,d,d,s,0,10,2,10,18,5,3,0,0,13,25,3,0,d,d,0,d,2,28,0,2,1
I161,0,24,s,20,0,1,0,9,0,10,2,10,15,0,0,0,0,0,25,0,0,0,0,0,0,2,28,0,2,1
I164,0,24,s,20,0,1,0,9,0,10,2,10,15,0,0,0,0,0,25,0,0,0,0,0,0,2,28,0,2,1
1669,0,24,s,20,0,1,0,9,0,10,2,10,15,0,0,0,0,d,25,0,0,d,0,d,0,2,28,0,2,1
1668,0,24,s,20,0,1,d,9,0,10,2,10,d,0,0,d,0,0,25,0,0,0,d,d,d,2,28,0,d,1
1666,0,24,s,20,0,s,22,9,0,10,2,10,15,0,1,0,0,0,25,0,1,s,7,0,9,2,28,0,2,d
I168,0,24,s,20,0,1,0,9,0,10,2,10,0,0,0,0,24,0,25,0,0,s,0,0,0,2,28,0,2,0
I169,0,24,s,20,0,1,0,9,13,10,2,10,0,0,0,0,24,0,25,0,1,s,s,12,0,2,28,0,2,0
I170,0,24,s,20,0,1,20,9,13,10,2,10,0,0,0,0,24,s,25,0,1,s,s,12,0,2,28,0,2,0
I171,0,24,s,20,0,1,20,9,13,10,2,10,0,0,0,0,24,s,25,0,1,s,s,12,0,2,28,0,2,0
I172,0,24,s,20,0,1,20,9,13,10,2,10,s,0,0,0,24,s,25,0,1,s,s,12,0,2,28,0,2,0
1815,0,24,s,20,d,d,20,9,13,10,2,10,s,0,0,0,24,s,25,0,1,s,s,12,0,2,28,0,2,0
1814,0,24,s,20,0,1,20,9,13,10,d,10,s,0,0,0,24,s,25,0,1,s,s,12,0,d,28,0,2,0
1886,0,24,s,20,0,1,d,9,13,10,2,10,d,0,0,0,24,s,d,0,1,s,s,12,0,d,28,0,2,0
2009,0,d,s,d,0,d,20,9,13,10,2,10,0,d,0,0,24,s,25,0,1,s,s,12,d,2,28,0,2,0
I177,0,24,s,20,0,1,0,9,13,10,2,10,0,0,0,0,24,0,25,0,1,s,s,12,0,2,28,0,2,0
I178,0,24,s,20,0,1,0,9,13,10,s,10,s,0,0,0,24,0,25,0,1,s,s,12,s,2,28,5,2,0
1858,0,24,s,20,0,1,0,9,13,10,s,10,s,0,0,0,24,0,d,0,1,s,s,12,s,2,28,5,2,0
I180,0,24,s,20,0,1,0,9,13,10,s,10,s,7,0,0,24,0,25,0,1,s,s,12,s,2,28,5,2,29
1879,0,24,s,20,0,1,0,9,d,10,s,10,s,7,d,0,24,0,25,0,1,s,s,d,s,2,28,d,2,29
1878,0,24,s,d,0,d,d,d,13,10,s,d,s,d,0,0,24,0,25,0,1,s,s,12,s,d,28,5,2,29
2043,d,24,s,20,0,1,22,9,13,10,2,10,0,9,d,0,24,5,25,0,1,s,s,12,0,2,28,0,2,d
I183,0,24,s,20,0,1,0,9,0,10,2,10,0,7,0,0,24,0,25,0,0,s,0,0,9,2,28,0,2,0
I184,0,24,s,20,0,1,0,9,0,10,2,10,0,7,0,0,24,27,25,0,0,s,0,0,9,2,28,0,2,0
I185,0,24,s,20,0,1,0,9,0,10,2,10,0,7,0,0,24,27,25,0,0,s,0,0,9,2,28,0,2,0
1575,0,24,s,20,0,1,0,9,0,d,2,10,0,7,0,s,24,27,25,0,0,s,0,0,9,2,28,0,2,0
1714,2,24,s,20,0,1,0,9,3,10,2,10,10,7,s,0,24,27,25,0,0,s,0,0,9,2,28,0,2,0
I188,0,24,s,20,0,1,0,9,0,10,2,s,0,7,6,0,24,27,25,0,0,s,s,0,9,2,28,0,2,0
1765,0,24,s,20,7,1,0,9,0,d,2,s,d,7,6,1,24,27,25,0,0,s,s,0,9,2,28,0,2,d
1787,d,24,s,20,0,1,d,9,0,10,2,s,14,d,6,0,d,27,25,0,d,s,s,0,9,s,28,0,2,0
1372,3,24,s,20,0,1,0,d,s,s,2,10,0,d,0,0,24,d,25,0,0,s,22,0,9,s,28,0,2,0
I198,0,24,s,20,0,1,0,9,0,10,2,10,0,0,0,0,12,0,25,0,0,0,0,0,0,2,28,0,2,0
I199,0,24,s,20,0,1,0,9,0,10,2,10,0,0,0,0,12,0,25,0,0,0,0,46,0,2,28,0,2,0
I200,0,24,s,20,15,1,0,9,0,10,2,10,0,0,0,0,12,0,25,0,0,0,0,46,0,2,28,0,2,0
I201,0,24,s,20,15,1,0,9,0,10,2,10,0,7,1,0,12,0,25,3,0,s,0,46,0,2,28,0,2,0
I202,0,24,s,20,15,1,0,9,0,s,2,10,0,7,1,0,12,0,25,3,0,s,s,46,0,2,28,0,2,0
1043,0,24,s,20,15,1,d,9,0,s,2,10,d,7,1,0,12,0,25,3,0,s,s,46,0,2,28,0,2,s
1042,0,24,s,20,15,1,0,9,0,s,2,10,0,d,1,1,12,0,25,3,0,s,s,46,0,2,28,0,d,0
1056,0,s,s,d,15,1,0,9,0,10,s,10,0,d,1,0,12,0,25,3,0,s,0,s,d,d,28,0,2,0
I205,0,24,s,20,15,1,4,9,0,10,2,10,0,0,0,0,12,0,25,0,0,0,0,46,0,2,28,0,2,0
I206,0,24,s,20,15,1,4,9,0,10,2,10,0,0,0,0,12,0,25,0,0,12,0,46,0,2,28,0,2,0
1920,0,24,s,20,15,1,4,9,0,10,2,10,0,0,0,0,12,0,25,d,0,12,0,46,d,2,28,0,d,21
1953,0,24,s,s,15,1,s,9,0,10,2,10,0,11,0,0,12,d,25,d,0,12,0,46,0,2,28,0,2,0
1024,0,24,s,d,d,1,4,9,d,d,2,10,0,0,0,s,12,0,25,0,0,0,0,46,0,2,28,0,2,31
I210,4,24,s,20,0,1,0,9,0,10,2,10,14,9,0,0,12,0,25,0,0,0,0,46,0,2,28,0,2,0
I211,4,24,s,20,0,1,0,9,10,10,2,10,14,9,0,1,12,0,25,0,0,0,0,46,0,2,28,0,2,0
I212,4,24,s,20,0,1,0,9,10,10,2,10,14,9,0,1,12,0,25,1,0,0,0,46,0,2,28,0,2,0
1041,4,24,s,d,0,1,d,d,10,d,2,10,14,9,0,d,d,0,25,1,0,d,0,46,0,2,28,0,2,32
1040,4,24,s,20,0,1,0,9,10,10,2,10,d,9,0,1,12,d,25,1,0,0,0,46,9,2,28,0,2,0
I213,4,24,s,20,0,1,0,9,10,10,2,10,14,9,0,1,12,0,25,0,0,0,0,46,0,2,28,0,2,0
2007,4,24,s,20,d,1,20,9,10,d,2,10,14,9,0,1,12,0,25,d,0,0,0,46,0,2,28,0,2,d
I215,4,24,s,20,0,1,0,9,10,10,2,10,14,9,0,1,12,0,25,0,0,0,0,46,0,2,28,0,2,6
2013,4,24,s,d,0,1,0,9,10,10,2,10,14,d,d,1,12,d,25,d,d,0,0,46,0,2,28,d,2,6
2012,4,24,s,20,0,1,0,9,10,10,2,10,14,9,0,1,12,0,d,d,0,0,d,46,0,2,28,0,2,6
I216,4,24,s,20,0,1,21,9,0,10,2,10,14,9,0,0,12,7,25,0,0,s,0,46,0,2,28,1,2,0
I217,4,24,s,20,s,1,21,9,0,10,2,10,14,9,0,0,12,7,25,0,0,s,0,46,0,2,28,1,2,0
1648,4,24,s,20,s,d,21,9,0,10,2,10,d,9,0,d,12,7,25,0,0,s,0,46,0,2,d,1,2,0
1985,4,24,s,20,s,1,d,9,0,d,2,d,14,9,0,0,12,7,25,0,0,s,0,46,9,2,28,d,2,0
1426,4,24,s,s,11,1,21,9,0,10,2,10,d,9,0,d,d,d,25,0,0,s,0,46,s,2,28,1,d,10
I223,0,24,s,20,0,1,0,9,0,10,2,10,0,0,0,0,12,0,25,3,0,0,0,39,0,2,28,0,2,0
I224,0,24,s,20,0,1,0,9,0,10,2,10,0,0,0,0,12,0,25,3,1,8,0,39,0,2,28,0,2,0
I225,0,24,s,20,0,1,0,9,0,10,2,10,0,7,0,0,12,0,25,3,1,8,0,39,0,2,28,0,2,0
I226,0,24,s,20,3,1,0,9,0,10,2,s,0,7,0,0,12,0,25,3,1,8,1,39,0,2,28,0,2,0
1548,0,d,s,20,3,1,0,9,0,10,2,s,0,d,d,0,d,0,25,s,1,8,1,39,0,2,28,0,2,s
1594,0,24,s,20,3,1,0,9,0,10,d,s,s,7,0,0,12,0,25,3,1,8,1,39,0,2,28,0,2,0
I229,0,24,s,20,0,1,0,9,0,10,2,10,0,7,0,0,12,0,25,3,1,8,0,39,0,2,28,0,2,0
1832,d,24,s,20,0,d,0,d,9,10,2,10,d,7,0,1,12,0,25,3,1,8,0,39,0,2,28,0,2,0
1661,d,24,s,20,0,1,d,9,0,10,2,10,0,d,0,0,12,0,25,3,1,8,0,39,0,2,28,0,2,0
I232,0,24,s,20,0,1,0,9,0,10,2,10,0,0,0,1,12,0,25,3,1,8,0,39,0,2,28,0,2,0
I234,0,24,s,20,37,1,0,9,3,10,2,10,0,0,0,1,12,13,25,3,1,8,0,39,0,2,28,0,2,0
1487,0,d,s,20,37,1,d,9,3,10,2,10,0,0,0,1,12,13,25,3,1,8,0,39,0,2,28,0,2,0
1486,0,24,s,d,37,1,0,s,3,10,2,10,0,d,0,1,12,13,25,3,1,d,0,39,0,2,28,0,2,0
1440,0,24,s,20,39,d,0,9,0,10,2,d,0,d,d,d,d,0,25,3,1,8,0,39,9,2,28,0,2,0
I239,0,24,s,20,0,1,27,9,0,10,2,10,0,0,8,0,12,0,25,s,0,0,0,39,4,2,28,6,2,0
I240,0,24,s,20,0,1,27,9,0,10,2,10,0,0,8,0,12,0,25,s,0,0,0,39,4,2,28,6,2,0
I241,0,24,s,20,0,1,27,9,0,10,2,10,0,s,8,0,12,0,25,s,0,0,0,39,4,2,28,6,2,0
1950,0,d,s,d,0,1,d,9,0,10,2,d,0,s,8,0,12,d,d,s,0,0,0,s,d,2,28,6,2,d
1796,0,24,s,20,0,s,27,d,0,10,2,10,d,s,8,d,12,0,25,s,0,0,d,39,d,2,28,6,2,d
985,0,d,s,20,0,1,27,9,0,10,2,10,d,0,8,0,12,0,25,s,0,0,1,39,4,2,28,6,2,0
I246,0,24,s,20,0,1,27,9,0,10,2,s,0,0,8,0,12,0,25,s,0,0,0,39,4,s,28,6,2,0
I248,0,24,s,20,0,1,27,9,0,10,2,s,0,0,8,s,12,0,25,s,1,0,s,39,4,s,28,6,2,0
2021,0,24,s,d,0,1,d,9,0,10,2,s,0,0,8,s,12,d,25,s,1,d,s,39,4,s,28,d,2,0
2020,0,24,s,d,0,1,27,9,0,10,2,s,0,0,8,s,12,d,d,s,1,0,s,39,4,s,28,6,2,0
1997,0,d,s,20,0,1,27,9,0,10,d,s,0,0,8,0,12,0,25,s,1,d,d,39,s,s,28,6,2,18
I251,0,0,s,0,0,1,0,0,0,10,2,0,0,0,0,1,0,0,25,0,0,0,0,0,0,0,0,0,2,0
I252,0,0,s,0,0,1,0,0,0,10,2,0,0,0,0,1,0,0,25,0,1,13,0,0,9,0,0,0,2,0
I253,0,0,s,0,0,1,0,0,0,10,2,0,12,0,0,1,0,0,25,9,1,13,0,0,9,0,0,0,2,0
I254,0,0,s,0,0,1,0,0,1,10,2,0,12,0,0,1,0,0,25,9,1,13,5,0,9,0,0,0,2,0
I255,0,0,s,0,0,1,0,0,1,10,2,0,12,0,0,1,0,0,25,9,1,13,5,0,9,0,0,0,2,0
I256,0,0,s,0,0,1,0,0,1,10,2,0,12,0,0,1,0,0,25,9,1,13,5,0,9,0,0,0,2,0
I257,0,0,s,0,0,1,0,0,1,10,2,20,12,0,0,1,0,0,25,9,1,13,5,0,9,0,0,0,2,0
I258,0,0,s,0,0,1,0,0,1,10,2,20,12,0,0,1,0,0,25,9,1,13,5,0,9,18,0,0,2,0
1223,0,0,s,0,0,1,0,0,1,10,2,20,12,0,0,1,0,25,25,9,1,13,5,0,9,18,0,0,2,0
1222,0,0,s,0,35,1,0,0,1,10,2,20,12,0,d,1,0,0,25,9,1,13,5,0,9,18,d,0,d,0
1378,0,17,s,0,29,d,0,0,1,10,2,20,12,0,0,1,28,22,25,9,1,13,5,0,9,0,8,0,2,d
I260,0,0,s,0,0,1,0,0,1,10,2,9,12,0,0,1,0,0,25,9,1,13,5,0,9,0,0,s,2,0
1068,0,0,s,0,0,1,0,0,1,10,2,9,12,0,0,1,0,6,25,d,1,13,5,d,9,0,0,s,2,d
1358,0,d,s,10,0,1,0,13,1,10,2,d,12,9,0,1,17,0,25,9,1,13,5,0,9,0,15,s,2,0
I263,0,0,s,0,0,1,20,0,1,10,2,0,12,0,0,1,0,0,25,9,1,13,5,0,9,0,0,0,2,0
I264,0,0,s,0,0,1,20,0,1,10,2,0,12,0,0,1,0,12,25,9,1,13,5,0,9,0,0,0,2,0
1101,0,0,s,0,0,1,20,d,1,d,2,0,12,0,0,1,0,12,25,9,1,13,5,0,9,0,26,d,2,0
I266,0,0,s,0,0,1,20,0,1,10,2,0,12,0,0,1,0,12,25,9,1,13,5,37,9,0,0,0,2,0
1255,0,0,s,0,0,1,20,0,1,10,d,0,12,0,0,1,0,d,25,9,1,d,5,37,9,0,0,0,2,0
1254,0,0,s,d,0,d,20,0,d,10,2,d,12,0,d,1,0,12,s,9,d,13,5,37,d,0,d,0,2,0
1279,d,3,s,0,0,s,20,38,1,10,d,d,12,0,0,1,0,0,d,9,1,13,5,0,s,0,2,0,2,0
I270,0,0,s,0,0,1,13,0,1,10,2,0,12,0,0,1,0,0,25,9,1,13,5,0,9,0,0,0,2,0
I271,0,0,s,0,0,1,13,0,1,10,2,0,12,0,0,1,0,0,25,9,1,13,5,0,9,0,0,0,2,0
I274,4,0,s,6,0,1,13,0,1,10,2,0,12,0,0,1,4,15,25,9,1,13,5,1,9,0,0,0,2,0
1995,4,0,s,6,0,1,d,d,d,10,2,0,12,0,d,1,4,15,25,9,1,13,5,d,9,0,0,0,2,d
I276,4,0,s,6,s,1,13,4,1,10,2,0,12,0,0,1,4,15,25,9,1,13,5,1,9,0,0,0,2,0
1909,4,0,s,6,s,1,13,4,1,d,2,0,12,0,0,1,4,15,25,9,1,d,5,1,9,0,d,d,2,3
1908,4,0,s,6,s,1,13,4,d,10,2,0,12,0,0,1,4,d,25,9,d,13,5,1,9,0,0,0,2,0
1187,5,0,s,0,d,d,13,0,1,10,2,d,12,d,d,1,15,0,25,d,1,13,5,0,9,d,0,0,2,3
I280,0,0,s,0,0,1,13,0,1,10,2,0,12,0,1,1,0,0,25,9,1,13,5,0,9,0,0,15,2,0
I281,0,0,s,0,0,1,13,0,1,10,2,9,12,0,1,1,0,7,25,9,1,13,5,0,9,0,0,15,2,0
1319,0,0,s,0,0,1,13,0,1,10,2,9,12,0,1,1,0,s,25,9,1,13,5,0,9,0,d,15,2,0
1181,0,0,s,0,0,1,13,0,1,10,d,9,12,0,1,1,11,7,25,9,1,13,5,d,9,0,s,15,d,0
I284,0,0,s,1,0,1,13,0,1,10,2,0,12,0,1,1,0,0,25,9,1,13,5,0,9,0,0,15,2,0
1772,0,0,s,1,0,1,13,39,d,10,2,0,12,0,1,1,12,0,25,9,1,d,5,22,9,0,0,15,2,0
1475,0,0,s,1,d,1,13,0,1,d,2,4,12,9,1,1,4,d,25,9,1,13,5,0,9,d,0,d,2,0
I287,0,0,s,0,23,1,0,0,0,10,s,0,12,0,0,1,0,0,25,9,1,13,0,0,9,0,0,0,2,0
I288,0,0,s,0,23,1,0,0,0,10,s,0,12,0,0,1,0,0,25,9,1,13,0,0,9,0,0,0,2,0
I289,0,0,s,0,23,1,0,19,0,10,s,0,12,0,0,1,0,0,25,9,1,13,0,0,9,0,0,0,2,0
I290,0,0,s,0,23,1,0,19,0,10,s,0,12,0,0,1,0,0,25,9,1,13,0,0,9,0,0,0,2,0
1144,0,0,s,0,23,1,0,19,0,10,s,0,12,0,0,1,0,0,25,9,1,d,10,s,9,0,0,d,2,0
I292,0,0,s,0,23,1,0,19,9,10,s,0,12,0,0,1,0,0,s,9,1,13,0,0,9,30,s,0,2,26
1489,d,0,s,0,23,1,0,19,9,d,s,0,12,0,0,d,0,0,s,9,d,13,d,0,9,30,s,0,2,d
1488,2,0,s,d,23,1,0,19,9,10,s,0,12,0,0,1,0,0,s,9,1,13,s,0,9,30,s,0,2,d
I294,0,0,s,0,23,1,0,19,0,10,s,0,12,0,1,1,0,0,25,9,s,13,0,0,9,23,0,0,2,0
1605,4,0,s,0,23,1,0,19,d,10,s,0,d,d,1,d,0,0,25,d,s,13,0,0,9,23,0,0,2,d
1604,0,0,s,0,23,1,d,19,0,10,s,0,12,0,1,1,0,0,25,9,s,13,0,0,d,23,d,0,d,0
I296,0,0,s,0,23,1,0,0,0,10,s,0,12,0,0,1,0,0,25,9,1,13,0,0,9,0,6,0,2,0
I297,0,15,s,0,23,1,0,32,0,10,s,0,12,0,0,1,0,0,25,9,1,13,0,0,9,0,6,0,2,0
1733,1,15,s,0,23,1,0,32,0,d,s,0,12,7,0,1,0,d,25,9,1,13,d,0,9,0,s,0,d,0
1146,0,15,s,d,23,1,0,32,0,10,s,0,12,d,0,1,d,0,25,9,s,13,d,0,9,0,6,0,2,0
I300,0,s,s,0,23,1,0,1,0,s,s,0,12,0,24,1,0,7,25,9,1,13,0,0,9,0,6,2,2,0
1492,0,s,s,d,d,1,0,1,0,s,s,0,12,0,24,1,d,7,d,9,1,13,0,0,9,0,d,2,2,0
1238,0,s,s,0,23,1,22,1,0,s,s,0,12,0,24,1,0,7,25,9,1,13,2,0,9,0,6,2,2,0
I303,0,0,s,5,23,1,21,0,0,10,s,8,12,5,0,1,0,0,25,9,1,13,s,4,9,0,0,0,2,0
I304,0,0,s,5,23,1,21,0,0,10,s,8,12,5,0,1,0,0,25,9,1,13,s,4,9,19,0,0,2,0
1806,0,0,s,5,23,1,21,d,0,10,s,s,12,d,0,1,0,0,25,9,1,13,s,4,9,19,0,2,2,0
I308,0,0,s,5,23,1,21,0,0,10,s,8,12,5,0,1,0,0,25,9,1,13,s,4,9,19,0,0,2,0
947,0,0,s,5,d,1,21,0,d,10,s,8,12,5,0,1,0,0,25,d,1,13,s,4,9,19,0,0,d,0
I309,0,0,s,5,23,s,21,0,0,10,s,8,12,s,0,1,0,0,25,9,1,13,s,4,9,19,0,0,2,0
1841,0,0,s,5,23,s,21,0,0,10,s,8,12,s,0,1,0,0,25,d,1,13,s,4,9,d,0,0,d,0
1840,0,0,s,5,23,s,21,0,0,10,s,8,12,s,d,1,0,s,25,9,1,d,s,4,9,19,0,0,2,0
I310,0,0,s,5,23,1,21,0,0,10,s,8,12,5,0,1,0,0,25,9,1,s,s,4,9,0,0,0,2,0
1745,d,0,s,5,d,1,21,0,0,10,s,8,s,5,0,1,0,25,25,9,d,s,s,4,d,1,0,0,d,d
I316,4,0,s,5,23,1,21,0,0,10,s,8,12,5,0,1,0,0,25,9,1,s,s,4,9,0,0,0,2,0
1889,4,0,s,5,23,1,21,0,0,10,s,8,12,5,0,d,d,0,25,9,1,s,s,4,9,0,0,0,2,0
1888,4,0,s,d,23,d,21,0,0,d,s,8,d,5,0,1,0,0,25,9,d,s,s,4,9,0,0,0,2,0
I317,0,0,s,8,0,1,0,0,0,10,2,0,0,0,19,1,0,0,25,0,1,13,0,0,9,11,23,0,2,18
I318,s,0,s,8,0,1,0,0,0,10,2,0,9,0,19,1,0,0,25,0,1,13,0,0,9,11,23,0,2,18
I319,s,0,s,8,0,1,0,0,0,10,2,0,9,0,19,1,0,0,25,0,1,13,0,0,9,11,23,0,2,18
I320,s,0,s,8,0,1,28,0,0,10,2,0,9,0,19,1,0,0,25,0,1,13,0,0,9,11,23,0,2,18
1374,s,s,s,8,21,1,28,0,0,10,2,0,9,0,19,1,0,0,25,0,d,13,d,38,9,s,23,0,2,18
I324,s,0,s,8,0,1,28,0,0,10,2,0,9,0,19,1,0,0,25,0,1,13,7,44,9,11,23,0,2,18
I325,s,0,s,8,8,1,28,0,0,10,2,0,9,0,19,1,0,8,25,0,1,13,7,44,9,11,s,0,2,18
1455,s,d,s,8,8,1,28,d,d,10,2,0,d,0,19,1,0,8,25,0,1,13,d,44,9,11,s,0,2,18
1454,s,0,s,8,8,1,28,0,0,d,2,0,9,d,19,1,0,d,25,0,1,13,7,44,9,d,s,0,2,18
1428,s,0,s,8,0,1,d,d,d,10,2,0,9,0,19,1,0,0,25,0,1,13,7,44,9,11,23,0,d,18
I327,s,0,s,8,0,1,0,0,s,10,2,0,9,0,19,1,21,0,25,0,1,13,0,22,9,11,23,0,2,18
I329,s,0,s,8,0,s,10,0,s,10,2,0,9,0,19,1,21,0,25,0,1,13,8,22,9,11,23,7,2,18
1129,s,0,s,8,0,s,10,0,s,10,2,0,9,0,19,d,d,d,25,9,1,13,d,s,9,11,23,7,s,18
1128,s,0,s,8,0,s,10,0,s,10,2,0,9,0,19,1,21,0,d,d,1,13,8,22,9,d,23,7,2,18
I331,s,0,s,8,0,1,0,0,s,10,2,0,9,0,19,1,21,0,25,0,1,13,0,22,9,11,23,0,2,18
1141,s,0,s,8,0,1,0,d,s,d,2,0,9,0,19,1,21,7,25,6,d,13,0,d,9,s,d,4,2,18
1538,s,28,s,8,0,1,0,d,s,10,2,0,9,0,19,1,21,0,25,0,1,13,0,22,d,11,23,0,2,d
I334,s,0,s,s,0,1,0,0,0,10,s,9,9,0,19,1,0,0,25,0,1,13,0,38,9,11,23,0,2,18
I335,s,0,s,s,0,1,0,0,0,10,s,9,9,0,19,1,0,0,25,0,1,13,0,38,9,11,23,0,2,18
I336,s,0,s,s,0,1,0,0,0,10,s,9,9,0,19,1,0,0,25,0,1,13,0,38,9,11,23,0,2,18
I337,s,0,s,s,0,1,0,0,0,10,s,9,9,0,19,1,0,0,25,0,1,13,0,38,9,11,23,0,2,18
1977,s,0,s,s,0,1,0,0,0,d,s,d,d,0,19,1,0,d,25,0,1,13,0,38,9,11,d,0,d,18
1976,s,0,s,s,0,d,0,0,0,10,s,9,9,0,d,1,0,0,25,0,1,13,0,38,d,11,23,0,2,18
1896,s,d,s,s,s,1,0,0,0,10,s,9,9,7,19,1,0,0,25,d,1,13,0,38,9,11,23,0,2,18
I339,s,0,s,s,0,1,0,0,0,10,s,9,s,0,19,1,0,0,25,0,1,13,0,38,9,11,23,0,2,18
1664,s,d,s,s,0,1,0,0,0,10,s,9,s,0,19,1,0,0,25,3,1,13,d,38,d,d,23,0,2,18
I341,s,0,s,s,0,1,0,0,0,10,s,9,s,0,19,1,0,0,25,0,1,13,0,38,9,11,23,0,2,18
1899,s,0,s,s,0,1,0,0,0,10,s,9,s,0,19,1,0,0,25,0,1,13,0,38,d,11,23,0,2,18
1898,s,0,s,s,0,1,0,0,0,10,s,9,s,0,19,1,0,d,25,d,1,13,0,38,9,11,23,0,d,18
I342,s,0,s,s,0,1,0,0,0,10,s,9,9,0,19,1,0,0,25,0,s,13,0,38,9,11,23,13,2,18
I343,s,0,s,s,0,1,0,0,0,10,s,9,9,8,19,1,0,0,25,3,s,13,0,38,9,11,23,13,2,18
1735,s,0,s,s,0,1,0,0,0,10,s,9,9,8,19,1,0,0,25,3,s,d,d,38,9,11,23,13,d,18
1695,s,0,s,s,0,1,0,0,0,10,s,9,9,8,19,1,d,0,25,3,s,13,0,38,9,d,23,13,2,18
1499,s,d,s,s,0,1,0,1,9,10,s,9,9,0,19,d,0,0,25,0,s,13,d,d,d,11,23,13,2,18
I349,0,0,s,8,0,1,0,9,0,10,2,0,0,0,19,1,24,0,25,0,1,13,0,0,9,11,23,0,2,18
I350,0,0,s,8,0,1,0,9,0,10,2,0,0,0,19,1,24,0,25,0,1,13,0,0,9,11,23,0,2,18
I351,0,0,s,8,0,1,0,9,0,10,2,0,0,0,19,1,24,0,25,0,1,13,0,0,9,11,23,0,2,18
I352,0,0,s,8,9,1,2,9,11,10,2,5,0,0,19,1,24,0,25,0,1,13,0,0,9,11,23,0,2,18
1712,0,0,s,8,9,1,2,9,11,10,2,5,0,0,d,1,24,0,25,0,1,13,0,0,d,11,23,4,2,18
1769,0,15,s,8,9,1,2,9,11,10,2,5,0,0,19,1,24,0,25,d,d,d,d,0,9,11,d,0,2,18
1684,0,0,s,8,29,1,0,9,11,10,2,d,0,0,19,1,24,0,25,6,1,13,0,d,9,11,23,0,2,d
I358,0,0,s,8,0,1,0,9,0,10,2,0,0,0,19,1,24,0,25,0,1,13,0,0,9,11,23,0,2,18
1167,0,2,s,8,d,1,0,9,0,10,2,0,8,0,19,s,24,0,d,s,1,13,d,0,9,11,23,s,2,18
I363,0,0,s,8,0,1,0,9,0,10,2,0,18,2,19,1,24,0,25,0,1,13,0,0,9,11,23,0,s,18
1219,0,0,s,8,0,1,d,9,11,10,2,d,18,2,19,d,24,d,25,0,1,13,0,d,9,11,23,0,s,18
1218,s,0,s,8,0,1,0,d,0,10,2,0,18,2,d,1,24,0,d,0,1,13,0,0,9,11,23,0,s,18
I365,0,24,s,8,0,1,0,9,0,10,2,s,0,0,19,1,24,0,25,0,1,13,10,0,9,11,23,0,2,18
I366,2,24,s,8,0,1,0,9,0,10,2,s,0,0,19,1,24,0,25,0,1,13,10,0,9,s,23,0,2,18
I367,2,24,s,8,17,1,0,9,0,10,2,s,0,0,19,1,24,0,25,0,1,13,10,0,9,s,23,0,2,18
1650,2,24,s,8,17,d,0,d,0,10,2,s,d,0,d,1,24,0,25,0,1,d,10,d,s,s,23,0,2,18
1524,2,24,s,8,d,1,0,9,0,10,2,s,0,0,19,1,24,6,25,0,1,13,10,0,9,s,23,0,2,d
I370,2,24,s,8,0,1,0,9,0,10,2,s,0,0,19,1,24,0,s,0,1,13,10,0,9,s,23,0,2,18
I371,s,24,s,8,10,1,0,9,0,10,2,s,0,0,19,1,24,0,s,0,1,13,10,39,9,s,23,0,2,18
1941,s,24,s,8,10,1,s,d,d,10,2,s,d,0,19,1,d,0,s,d,1,13,10,39,d,s,23,0,2,18
1940,s,d,s,8,10,d,d,9,0,d,2,s,0,0,19,1,24,d,s,0,1,13,10,39,9,s,d,0,2,18
1444,2,24,s,8,d,1,0,9,0,10,2,s,s,0,19,1,d,0,s,0,1,d,10,0,9,s,23,0,2,18
I373,2,24,s,8,0,1,0,9,0,10,2,s,0,0,19,1,24,0,25,0,1,13,10,0,9,11,23,0,2,18
1346,2,d,s,8,d,1,15,9,0,10,s,s,0,3,d,d,d,34,25,0,1,13,10,0,9,11,23,9,d,18
I377,2,24,s,8,0,1,0,9,0,10,2,s,0,0,19,1,24,0,25,0,1,13,10,0,9,11,23,0,2,18
I378,2,24,s,8,0,1,0,9,0,10,2,s,0,0,19,s,24,s,25,0,1,13,10,0,9,11,23,0,2,18
1391,2,24,s,8,d,d,0,9,0,d,d,s,d,0,19,s,24,s,25,0,1,13,10,0,9,d,23,0,2,18
1390,2,d,s,d,0,1,d,9,0,d,2,s,d,0,19,s,24,s,25,0,1,13,10,0,9,11,23,0,2,18
I379,2,24,s,8,0,1,0,9,0,10,2,s,0,0,19,1,24,0,25,0,1,13,10,0,9,11,23,0,2,18
1077,d,24,s,8,0,1,0,9,0,10,2,s,0,d,19,1,24,0,25,0,1,13,10,0,d,11,23,0,2,18
1076,2,24,s,8,d,d,d,9,0,10,2,s,0,7,d,d,24,0,25,0,1,13,10,d,9,d,23,0,2,18
I380,0,0,s,0,0,1,0,0,0,10,2,0,0,2,0,s,0,s,25,0,1,0,0,0,9,0,0,0,2,4
I381,0,0,s,0,0,1,0,0,0,10,2,0,0,2,0,s,14,s,25,0,1,0,0,0,9,0,0,0,2,4
I382,0,0,s,0,0,1,0,0,0,10,2,0,0,2,0,s,14,s,25,6,1,0,0,0,9,0,0,0,2,4
I383,0,0,s,4,0,1,0,0,0,10,2,0,0,2,8,s,14,s,25,6,1,0,0,0,9,0,0,0,2,4
I384,s,0,s,4,0,1,0,0,0,10,2,0,0,2,8,s,14,s,25,6,1,0,0,0,9,0,0,0,2,4
I385,s,0,s,4,0,1,0,0,12,10,2,0,0,2,8,s,14,s,25,6,1,0,0,0,9,0,0,0,2,4
I386,s,0,s,4,0,1,0,0,12,10,2,0,0,2,8,s,14,s,25,6,1,0,0,0,9,0,0,0,2,4
1839,s,0,s,4,0,1,0,0,12,d,2,0,0,2,8,s,d,s,d,6,d,0,0,0,9,0,0,0,2,4
1838,s,0,s,4,0,1,0,0,12,d,2,0,d,2,8,s,14,s,d,6,1,0,0,0,9,0,d,0,2,4
I387,s,0,s,4,0,1,s,0,12,10,2,0,0,2,8,s,s,s,25,6,1,0,0,0,9,0,0,0,2,4
1567,s,d,s,4,0,1,s,0,12,10,2,0,0,2,s,s,s,s,25,6,1,d,8,0,9,0,0,d,2,4
1566,s,0,s,4,d,1,s,d,12,10,2,0,0,2,8,s,s,s,25,d,1,d,0,0,9,d,0,0,2,4
I388,s,s,s,4,0,1,0,0,0,10,2,0,0,2,8,s,14,s,25,6,1,0,0,0,9,0,0,13,2,4
1791,s,s,s,4,0,d,0,11,0,10,2,0,d,d,8,s,d,s,25,6,1,0,0,d,9,0,d,13,d,4
1699,s,s,s,4,d,1,0,0,0,d,d,0,d,d,8,s,14,s,25,6,1,0,d,0,9,0,0,13,2,4
I391,6,0,s,4,0,1,0,8,0,s,2,0,0,2,8,s,14,s,25,6,1,0,0,0,9,0,0,0,2,4
I392,6,35,s,4,0,1,0,8,0,s,2,0,0,2,8,s,14,s,25,6,1,0,0,0,9,0,0,1,2,4
I393,6,35,s,4,0,1,0,8,0,s,2,0,0,2,8,s,14,s,25,6,1,0,0,0,9,0,0,1,2,4
1675,d,35,s,4,0,1,0,8,d,s,2,0,0,2,d,s,14,s,25,6,1,d,0,d,9,d,25,1,2,4
1674,6,s,s,d,0,1,0,8,0,s,2,d,0,2,d,s,14,s,25,d,1,0,0,0,9,0,0,1,2,d
I394,6,35,s,4,0,1,0,8,0,s,2,0,0,2,8,s,14,s,25,6,1,0,0,0,9,0,0,1,2,4
1741,d,35,s,4,0,1,0,8,0,s,2,0,0,2,8,s,14,s,25,d,1,0,0,0,9,0,0,1,2,d
1740,6,35,s,d,d,1,0,8,0,s,2,0,d,2,d,s,d,s,25,6,1,0,d,0,9,0,0,1,2,4
1710,d,0,s,4,0,1,0,8,0,s,2,0,0,2,8,s,14,s,25,6,d,0,0,0,9,0,26,s,2,d
I398,0,0,s,0,0,1,0,0,0,10,2,0,0,2,0,s,14,s,25,6,1,0,0,0,9,0,0,0,2,4
I399,0,0,s,0,0,1,0,0,0,10,2,0,0,2,6,s,14,s,25,6,1,0,0,0,9,0,0,0,2,4
1894,2,0,s,3,0,1,0,0,d,10,d,0,0,2,d,s,14,s,d,6,1,0,5,0,9,0,0,0,2,4
I403,0,0,s,0,0,1,7,0,0,10,2,0,0,2,6,s,14,s,25,6,1,0,0,0,9,0,0,0,2,4
1789,0,0,s,0,0,1,7,d,0,10,2,d,d,2,d,s,d,s,25,6,1,0,0,0,9,0,d,0,2,4
1881,0,0,s,4,0,1,7,0,0,d,2,0,0,2,6,s,14,s,25,d,1,0,0,d,d,0,0,0,2,4
I406,0,0,s,0,0,1,0,0,0,10,2,0,0,2,6,s,14,s,25,6,1,0,0,0,9,18,0,0,2,4
1900,s,5,s,0,0,1,d,0,0,10,2,14,d,s,6,s,14,s,d,6,1,0,0,d,9,18,0,1,2,4
I412,2,6,s,0,0,1,0,0,s,10,2,0,0,2,6,s,14,s,s,6,1,0,0,0,9,18,26,0,2,4
1983,d,6,s,d,0,1,0,0,s,10,2,0,d,2,6,s,14,s,s,6,1,0,0,0,d,18,26,0,2,4
1982,2,d,s,0,0,d,0,0,s,10,2,0,0,2,6,s,14,s,s,6,1,0,d,0,9,d,26,0,2,4
I413,0,0,s,0,0,1,0,0,3,10,2,0,0,2,0,s,14,s,25,0,1,0,0,0,9,0,0,0,2,4
I414,0,0,s,0,15,1,0,0,3,10,2,0,0,2,6,s,14,s,25,0,1,0,0,0,9,0,0,0,2,4
I415,0,0,s,0,15,1,12,0,3,10,2,0,0,2,6,s,14,s,25,0,1,1,0,0,9,0,0,7,2,4
I416,0,0,s,13,15,1,12,0,3,10,2,0,0,2,6,s,14,s,25,0,1,1,0,0,9,0,2,7,2,4
1330,d,0,s,13,d,1,12,0,3,10,d,0,d,2,6,s,14,s,25,0,1,1,0,d,9,0,2,d,2,d
1414,2,0,s,13,d,1,d,0,3,10,2,0,4,2,d,s,14,s,25,0,1,1,0,d,9,d,2,7,2,4
1290,0,0,s,0,15,d,12,26,3,10,2,5,d,d,6,s,14,s,25,0,1,1,s,0,9,0,5,d,2,4
I422,0,0,s,0,15,1,0,0,3,10,2,0,0,2,6,s,14,s,25,0,1,0,0,0,9,0,0,0,2,4
I423,0,0,s,0,15,1,0,0,3,10,2,0,0,2,6,s,14,s,25,0,1,0,0,0,9,0,0,0,2,4
1450,0,d,s,d,d,1,0,0,3,10,2,5,0,2,d,s,14,s,25,0,1,0,0,0,9,d,0,0,2,s
1208,0,0,s,0,15,1,d,24,d,d,2,0,0,2,6,s,14,s,25,0,1,d,0,0,9,12,0,0,2,d
I426,0,0,s,0,15,1,0,0,3,10,2,0,0,2,6,s,14,s,25,0,1,0,0,15,9,0,0,0,2,4
1156,4,0,s,0,15,1,d,10,3,10,2,0,d,2,d,s,14,s,25,d,1,0,d,15,d,0,0,13,2,4
I428,0,0,s,0,15,1,0,0,3,10,2,0,s,2,6,s,14,s,25,0,1,0,0,15,9,0,0,0,2,4
1109,0,d,s,0,15,1,0,0,d,10,2,0,s,d,6,s,14,s,25,0,1,0,0,15,d,0,d,0,2,d
1108,0,0,s,0,15,1,0,39,3,10,d,0,s,2,6,s,14,s,25,0,1,0,d,15,9,0,0,11,2,4
I429,0,0,s,22,0,1,0,0,3,10,2,20,0,2,s,s,14,s,25,0,1,0,0,0,9,s,0,0,2,4
I430,0,0,s,22,0,1,0,0,3,10,2,20,0,2,s,s,14,s,25,0,1,0,0,0,9,s,0,0,2,4
I431,0,24,s,22,0,1,18,0,3,10,2,20,0,2,s,s,14,s,25,0,1,0,0,0,9,s,0,9,2,4
I432,0,24,s,22,0,1,18,0,3,10,2,20,0,2,s,s,14,s,25,13,1,0,8,0,9,s,2,9,2,4
1409,0,24,s,d,0,1,18,d,3,10,2,d,0,2,s,s,14,s,25,13,1,0,d,0,9,s,2,d,2,4
1408,0,24,s,22,0,1,18,0,3,10,2,20,0,2,s,s,14,s,d,13,1,0,8,0,9,s,2,9,d,4
I433,0,24,s,22,0,1,18,0,3,10,2,20,0,2,s,s,14,s,25,0,1,0,0,0,9,s,0,9,2,4
1691,d,24,s,22,0,d,18,0,3,10,2,20,0,2,s,s,14,s,25,0,1,0,0,0,9,s,d,9,2,4
1690,0,24,s,22,16,1,18,0,3,10,2,20,0,2,s,s,14,s,25,0,1,0,0,28,9,s,0,9,2,4
1662,d,d,s,22,0,1,0,0,d,10,2,20,0,2,s,s,14,s,s,8,1,0,20,36,9,s,d,d,d,4
I437,2,0,s,22,0,1,0,0,3,10,2,20,0,2,s,s,14,s,25,0,1,0,0,0,9,s,0,0,2,4
I438,2,37,s,22,0,s,0,0,3,10,2,20,0,2,s,s,14,s,25,0,1,0,0,0,9,s,0,0,2,4
I439,2,37,s,22,0,s,0,0,3,10,2,20,0,2,s,s,14,s,25,0,1,0,0,0,9,s,0,0,2,4
1529,2,37,s,22,0,s,0,0,3,10,2,d,0,2,s,s,14,s,25,0,1,25,0,0,d,s,0,d,2,4
1528,2,37,s,d,0,s,0,0,3,10,2,20,0,2,s,s,14,s,25,0,1,3,0,0,9,s,0,d,2,d
1602,d,37,s,d,15,s,0,0,3,d,2,20,0,2,s,s,14,s,d,0,1,d,0,d,9,s,5,0,2,4
I442,2,17,s,22,17,s,0,0,3,10,2,20,4,2,s,s,14,s,25,9,1,0,0,0,9,s,3,0,2,4
1975,2,d,s,22,17,s,0,0,3,d,2,20,d,2,s,s,14,s,25,9,1,0,0,0,9,s,3,0,2,4
1974,2,17,s,22,17,s,0,0,3,10,2,20,4,2,s,s,14,s,25,9,1,0,d,0,9,s,3,0,2,4
I444,0,0,s,0,0,1,0,0,0,10,2,0,0,2,0,s,0,s,25,0,1,s,0,4,9,0,0,4,2,4
I445,0,0,s,0,0,1,0,s,0,10,2,0,0,2,0,s,0,s,25,8,1,s,0,4,9,0,0,4,2,4
I446,0,0,s,0,0,1,0,s,0,10,2,0,0,2,0,s,0,s,25,8,1,s,10,4,9,0,0,4,2,4
I449,s,0,s,0,s,1,0,s,0,10,2,20,0,2,0,s,7,s,25,8,1,s,s,4,9,5,0,4,2,4
1481,s,0,s,0,s,1,0,s,0,10,d,20,0,2,0,s,7,s,25,8,1,s,s,4,9,5,0,4,2,d
1480,s,0,s,0,s,1,0,s,d,10,2,20,d,2,0,s,7,s,25,8,1,s,s,4,9,d,0,4,2,4
I454,0,0,s,0,0,1,0,s,0,10,2,6,s,2,0,s,0,s,25,8,1,s,10,4,9,0,0,4,2,4
I455,0,0,s,0,0,1,s,s,0,10,2,6,s,2,0,s,0,s,25,8,1,s,10,4,9,0,0,4,2,4
1907,3,0,s,0,11,1,s,s,0,10,2,6,s,2,d,s,0,s,25,d,1,s,d,4,9,d,0,d,2,4
I457,2,0,s,0,3,1,s,s,10,10,2,6,s,2,0,s,0,s,25,8,1,s,10,4,9,0,0,4,2,4
1821,d,d,s,0,3,1,s,s,10,10,2,d,s,2,0,s,0,s,25,8,1,s,10,4,9,0,0,d,2,4
1820,2,0,s,0,3,1,s,s,10,10,2,6,s,2,0,s,0,s,25,8,1,s,10,d,9,d,0,d,2,4
I458,2,0,s,0,0,1,0,s,0,10,2,6,s,2,15,s,0,s,25,8,1,s,10,4,9,0,0,4,2,4
2024,2,d,s,5,0,1,9,s,0,10,2,6,s,2,15,s,0,s,25,8,1,s,d,s,9,19,0,4,2,4
1875,d,0,s,0,0,1,0,s,6,10,2,6,s,2,15,s,0,s,25,8,1,s,10,4,9,0,0,4,2,4
I461,0,0,s,0,0,1,0,s,0,10,s,0,0,2,0,s,0,s,25,8,1,s,0,4,9,0,8,s,2,4
I462,0,0,s,0,0,1,0,s,0,10,s,0,0,2,25,s,0,s,25,8,1,s,10,4,9,0,8,s,2,4
I463,0,0,s,0,0,1,0,s,0,10,s,0,0,2,25,s,25,s,25,8,1,s,10,4,9,0,8,s,2,4
1466,d,5,s,0,0,1,0,s,d,10,s,0,0,2,d,s,25,s,25,8,1,s,d,4,9,d,8,s,2,d
I465,0,2,s,13,23,1,0,s,0,10,s,0,0,2,25,s,25,s,25,8,1,s,10,4,9,0,8,s,2,4
1565,0,2,s,13,d,1,0,s,0,10,s,d,0,2,25,s,25,s,25,d,1,s,10,4,9,d,8,s,2,4
1564,0,d,s,d,23,d,0,s,d,10,s,0,0,2,25,s,25,s,25,8,1,s,10,4,9,0,8,s,2,4
1890,2,0,s,0,0,1,0,s,0,10,s,0,d,2,25,s,0,s,25,d,1,s,10,d,9,0,8,s,2,4
I469,0,0,s,3,0,1,0,s,0,10,s,0,15,2,0,s,0,s,25,8,1,s,0,4,9,0,8,s,2,4
1618,0,0,s,3,0,1,0,s,0,10,s,0,15,2,0,s,0,s,25,8,1,s,0,4,9,d,8,s,2,4
I473,0,0,s,3,0,1,0,s,9,10,s,0,15,2,0,s,0,s,25,8,1,s,0,4,9,0,8,s,2,4
I474,s,0,s,3,0,1,0,s,9,10,s,0,15,2,0,s,0,s,25,8,1,s,0,4,9,0,8,s,2,4
1853,s,d,s,3,d,1,20,s,9,10,s,d,15,2,0,s,d,s,25,8,d,s,d,4,9,0,8,s,d,4
1852,s,0,s,3,d,d,0,s,9,10,s,0,15,2,0,s,0,s,25,8,d,s,d,4,9,0,8,s,d,4
1915,0,0,s,3,0,1,0,s,9,10,s,d,15,d,0,s,0,s,25,d,d,s,8,d,9,d,8,s,2,d
I476,0,0,s,0,0,1,s,0,0,10,2,0,0,2,0,s,0,s,25,0,1,s,0,4,9,0,24,4,2,4
I477,0,0,s,0,0,1,s,0,0,10,2,0,0,2,0,s,0,s,25,0,1,s,10,4,9,0,24,4,2,4
I478,0,0,s,0,0,1,s,0,0,10,2,0,0,2,25,s,0,s,25,0,1,s,10,4,9,0,24,4,2,4
1503,0,0,s,0,0,1,s,0,0,10,d,0,0,2,25,s,0,s,25,0,1,s,10,4,d,24,24,4,2,4
I484,0,0,s,0,0,1,s,0,24,10,2,0,0,2,25,s,0,s,25,0,1,s,10,4,9,0,24,4,2,4
1705,0,0,s,0,0,1,s,0,24,10,2,0,0,d,25,s,d,s,25,0,1,s,10,d,9,0,24,d,2,4
1704,0,0,s,0,0,1,s,0,24,10,d,0,0,2,25,s,0,s,25,0,1,s,d,4,d,0,24,4,2,4
I485,0,0,s,6,0,1,s,35,0,10,2,0,0,2,0,s,0,s,25,0,1,s,10,4,9,19,24,4,2,4
I486,0,0,s,6,0,1,s,35,0,10,2,0,0,2,0,s,0,s,25,0,1,s,10,4,9,19,24,4,2,4
1808,d,0,s,6,0,1,s,35,0,10,2,0,0,2,0,s,0,s,25,0,1,s,10,4,9,s,24,4,2,4
I488,0,0,s,6,0,1,s,35,0,10,2,0,0,2,0,s,0,s,25,0,1,s,10,4,9,19,24,4,2,4
1709,0,0,s,d,0,d,s,35,0,d,2,0,0,2,0,s,0,s,25,0,1,s,10,4,9,19,24,4,2,4
1708,0,0,s,6,0,1,s,35,0,d,2,d,0,2,0,s,0,s,d,d,1,s,10,4,9,19,24,4,2,4
I489,0,0,s,6,0,1,s,35,0,10,2,0,s,2,0,s,0,s,25,0,1,s,10,4,9,19,24,4,2,4
I490,0,0,s,6,0,1,s,35,0,10,2,0,s,2,0,s,4,s,25,0,1,s,10,4,9,19,24,4,2,4
1751,0,0,s,d,0,1,s,35,0,10,2,0,s,2,0,s,4,s,25,d,1,s,10,4,9,19,24,4,2,4
1750,0,0,s,6,0,1,s,d,d,10,2,0,s,2,0,s,d,s,25,0,1,s,10,4,9,19,24,d,2,4
1968,d,0,s,d,0,1,s,35,0,10,2,0,s,2,0,s,0,s,25,0,1,s,10,4,9,19,24,4,2,4
I492,0,0,s,0,0,1,s,0,0,10,2,0,0,2,0,s,0,s,25,0,1,s,0,4,9,0,24,4,2,4
I493,0,0,s,1,0,1,s,0,0,10,2,0,0,2,0,s,0,s,25,0,1,s,0,4,9,0,24,4,2,4
I494,0,0,s,1,0,1,s,0,0,10,2,0,0,2,0,s,0,s,25,0,1,s,0,4,9,0,24,4,2,4
I495,0,0,s,1,0,1,s,0,0,10,2,0,0,2,0,s,0,s,25,0,1,s,10,4,9,0,24,4,2,4
1865,0,0,s,1,d,1,s,0,0,10,2,0,d,2,0,s,0,s,25,0,1,s,10,d,9,0,24,4,2,4
1864,d,0,s,1,0,1,s,0,0,d,2,d,0,d,0,s,d,s,d,0,1,s,10,4,d,d,24,4,2,4
1958,0,0,s,1,0,d,s,0,0,10,2,0,0,2,0,s,0,s,25,0,1,s,0,4,d,0,24,d,2,4
I497,0,0,s,1,0,1,s,0,0,10,2,0,0,2,0,s,0,s,25,0,1,s,0,4,9,0,24,4,2,4
I498,0,0,s,1,0,1,s,0,0,10,2,0,0,2,0,s,0,s,25,0,1,s,0,4,9,0,24,4,2,4
1611,0,0,s,1,0,1,s,0,0,d,2,0,0,2,0,s,0,s,d,0,1,s,0,4,9,0,d,4,2,d
1610,0,0,s,1,0,1,s,0,0,d,2,d,0,2,0,s,0,s,25,0,1,s,0,4,9,0,24,d,d,4
I499,0,0,s,1,0,1,s,0,10,10,2,0,0,2,0,s,0,s,25,0,1,s,0,4,9,0,24,4,2,4
1479,0,0,s,1,0,d,s,0,10,10,2,17,0,2,0,s,d,s,25,0,1,s,0,4,d,0,24,4,2,d
1478,0,0,s,1,0,1,s,0,10,10,2,d,0,2,0,s,0,s,25,0,1,s,0,4,9,0,24,4,2,4
I500,4,0,s,0,1,1,s,0,0,10,2,0,0,2,1,s,0,s,25,0,1,s,0,4,9,0,24,4,2,4
2001,d,0,s,0,1,d,s,9,5,10,2,0,0,d,d,s,0,s,25,0,1,s,1,d,9,11,s,4,s,4
I504,4,0,s,0,1,1,s,0,0,10,2,0,0,2,1,s,0,s,25,0,1,s,0,4,9,0,24,4,s,4
1659,d,15,s,0,1,1,s,0,0,10,2,0,0,2,1,s,d,s,25,3,1,s,0,4,9,0,24,4,s,4
1904,4,0,s,0,d,1,s,0,0,10,d,0,0,2,1,s,d,s,25,0,1,s,0,4,9,0,24,4,s,4
I507,0,0,0,0,0,0,0,0,0,0,2,4,0,0,0,0,25,0,0,0,0,0,10,21,0,0,0,0,2,0
I508,0,0,0,0,0,0,0,0,0,0,2,4,0,0,0,0,25,0,0,0,1,7,10,21,0,0,0,0,2,s
I509,0,0,0,0,0,0,0,0,0,0,2,4,11,0,0,0,25,0,0,0,1,7,10,21,0,0,0,0,2,s
I510,0,0,0,0,0,0,0,0,0,0,2,4,11,0,0,0,25,0,1,3,1,7,10,21,0,0,0,0,2,s
I511,0,0,1,0,0,0,0,0,0,0,2,4,11,0,0,0,25,0,1,3,1,7,s,21,0,0,0,0,2,s
I512,0,0,1,3,0,0,0,0,0,0,2,4,11,0,0,0,25,0,1,3,1,7,s,21,0,0,0,0,2,s
I513,0,0,1,3,0,0,0,22,0,0,2,4,11,0,0,1,25,0,1,3,1,7,s,21,0,0,20,0,2,s
I514,0,0,1,3,0,0,s,22,0,0,2,4,11,0,0,s,25,0,1,3,1,7,s,21,0,0,20,0,2,s
I515,0,37,1,3,0,0,s,22,0,0,2,4,11,0,0,s,25,0,1,3,1,7,s,21,0,0,20,0,2,s
1067,2,37,1,3,0,1,s,22,20,0,2,4,11,0,0,s,25,0,1,3,1,7,s,21,0,0,20,d,2,s
1066,0,37,1,3,0,0,s,22,0,0,2,d,11,7,0,s,25,0,1,3,1,7,s,21,d,0,d,0,2,s
I516,3,0,1,3,0,0,s,22,0,0,2,4,11,7,0,s,25,0,1,3,1,7,s,21,0,0,20,0,2,s
1065,3,0,1,3,d,0,s,22,0,0,2,4,11,7,0,s,d,0,1,3,1,d,s,21,0,0,d,d,2,s
1064,3,0,1,3,0,0,s,22,0,0,2,4,11,7,0,s,25,s,1,3,1,7,s,21,0,0,20,0,2,s
1091,0,0,1,3,0,0,0,22,0,0,2,4,11,9,0,1,25,7,1,3,1,7,s,21,0,18,20,0,2,s
I520,0,0,1,3,0,0,0,0,0,0,2,s,11,0,0,0,25,9,1,3,1,7,s,21,0,0,0,1,2,s
1323,d,s,1,d,0,d,3,0,0,0,2,s,11,7,d,0,25,9,1,3,1,7,s,21,0,19,0,1,2,s
1587,0,0,1,d,0,0,0,20,0,0,2,s,s,6,0,1,25,s,d,3,d,7,s,21,0,0,0,1,2,s
I527,0,0,1,0,0,0,0,0,0,0,2,4,11,0,0,0,25,0,1,3,1,s,s,21,0,0,0,0,2,s
I528,0,0,1,0,37,0,0,0,0,10,s,4,11,0,0,0,25,0,1,3,1,s,s,21,0,0,26,0,2,s
I529,0,0,1,0,s,0,0,0,0,10,s,4,11,7,3,0,25,0,1,3,1,s,s,21,0,0,26,0,2,s
1380,d,d,d,d,s,0,0,0,0,10,s,4,11,7,d,0,d,d,1,3,1,s,s,d,0,0,d,13,2,s
I531,0,0,1,0,s,0,0,0,0,10,s,4,11,7,3,0,25,0,1,3,1,s,s,21,0,0,26,0,2,s
1655,0,0,1,0,s,0,0,0,0,10,s,4,11,7,3,d,25,0,1,3,1,s,s,d,0,0,26,0,2,s
1654,0,3,1,0,s,d,0,0,0,10,s,4,11,d,3,d,25,0,1,3,1,s,s,21,0,0,26,d,2,s
I532,0,0,s,0,37,0,0,0,0,10,s,4,11,10,0,0,25,0,1,3,1,s,s,21,0,0,26,0,s,s
1389,0,0,s,5,37,0,0,0,0,10,s,4,11,d,0,d,25,0,1,3,1,s,s,21,d,d,26,d,s,s
1393,3,0,s,d,37,0,9,0,0,10,s,4,11,10,0,1,25,0,1,3,1,s,s,21,0,d,26,2,s,s
I539,6,2,1,0,0,0,0,36,0,0,2,4,11,0,1,1,25,0,1,3,1,s,s,21,0,23,0,0,2,s
1154,6,2,1,s,22,0,0,36,0,0,2,4,11,0,1,1,25,0,1,d,1,s,s,21,9,23,6,0,2,s
1175,6,s,1,0,3,0,0,36,d,0,2,4,11,0,1,1,25,0,d,3,1,s,s,21,0,23,d,4,2,s
I542,0,0,0,0,0,0,0,0,0,0,2,4,11,0,0,0,25,0,1,3,1,7,10,21,0,0,0,0,2,s
I543,0,0,0,0,0,0,0,0,0,0,2,4,11,0,0,1,25,4,1,3,1,7,10,21,0,0,0,0,2,s
I544,0,0,0,0,0,0,0,0,0,0,2,4,11,0,0,1,25,4,1,3,1,7,10,21,0,0,0,0,2,s
I545,0,0,0,0,0,0,0,0,0,0,2,4,11,0,0,1,s,4,1,3,1,7,10,21,0,0,0,12,2,s
I546,2,0,0,12,0,0,0,0,0,0,2,4,11,0,0,1,s,4,1,3,1,7,10,21,0,0,0,12,s,s
1183,2,0,0,d,13,0,0,0,0,0,2,4,11,s,0,1,s,d,1,3,1,7,10,d,d,0,0,12,s,s
1182,2,0,0,d,0,0,0,0,0,0,2,4,11,0,0,1,s,4,1,3,1,7,10,21,0,26,0,12,s,s
I547,0,0,0,0,4,0,0,0,0,0,2,4,11,0,0,1,s,4,1,3,1,7,10,21,0,0,0,12,2,s
1083,0,0,0,20,4,0,0,0,0,0,2,4,11,0,d,1,s,4,1,d,1,7,10,21,0,0,0,12,2,s
1082,0,0,0,d,4,0,0,0,0,0,d,4,d,0,0,1,s,4,1,d,1,7,d,d,0,0,0,d,2,s
2046,2,d,d,0,0,0,0,0,0,d,2,d,11,8,0,1,25,d,d,d,d,7,d,21,0,0,0,0,2,s
I552,0,0,0,4,0,0,0,1,0,0,2,4,11,0,0,1,25,4,1,3,1,7,10,21,0,18,0,0,2,s
I554,0,0,1,4,15,0,0,1,0,0,2,4,11,0,0,1,25,4,1,3,1,7,10,21,0,18,0,0,2,s
1089,0,s,1,4,15,d,0,1,0,0,2,d,11,d,0,d,25,4,1,3,1,d,10,d,9,d,0,0,d,s
1088,0,0,1,4,15,0,0,1,0,0,d,4,11,0,0,1,d,4,1,3,1,7,d,21,0,18,0,0,2,s
I556,0,2,0,4,0,0,0,1,0,0,2,4,11,0,0,1,25,4,1,3,1,7,10,21,0,18,0,0,2,s
1266,d,2,d,4,6,0,d,1,0,0,2,4,11,0,0,1,25,4,1,3,1,7,10,21,0,18,0,0,d,s
2017,0,2,0,4,0,d,0,d,0,22,2,4,d,d,0,1,25,d,1,d,1,7,10,21,0,18,d,s,2,s
I561,0,0,0,0,0,0,0,0,0,0,2,4,11,0,0,0,s,0,1,3,1,7,10,21,0,0,0,0,2,s
I562,0,5,0,0,0,0,0,0,0,0,2,4,11,0,0,1,s,0,1,3,1,7,10,21,s,0,0,0,s,s
I565,0,5,0,0,2,0,0,0,0,0,2,4,11,0,0,1,s,0,1,3,1,7,10,21,s,0,0,6,s,s
1169,d,5,0,0,2,0,d,0,0,d,2,4,11,d,0,1,s,0,1,3,1,7,d,d,s,0,0,6,s,s
1168,0,5,d,0,2,0,d,0,0,0,2,4,11,0,4,1,s,0,1,3,1,7,10,21,s,0,0,6,s,s
I566,0,5,0,0,0,1,0,0,0,0,2,4,11,5,0,1,s,0,1,3,1,7,s,21,s,0,0,7,s,s
I567,0,5,0,0,s,1,0,0,0,0,2,4,11,5,0,1,s,0,1,3,1,7,s,21,s,0,0,7,s,s
1401,0,5,0,0,s,1,d,0,0,0,2,4,11,5,6,1,s,0,d,3,1,7,s,21,s,0,8,d,s,s
1400,0,5,0,0,s,1,d,0,0,0,2,4,11,5,0,1,s,0,d,3,1,7,s,21,s,0,0,d,s,s
1516,0,5,7,0,0,1,0,d,0,0,2,d,d,5,0,1,s,0,1,3,d,7,s,21,s,0,0,d,s,s
I569,0,0,0,0,0,0,0,0,0,0,2,4,11,0,0,0,s,0,1,3,1,7,10,21,0,0,0,0,2,s
1294,0,d,0,0,0,d,0,0,0,0,2,4,11,0,8,d,s,0,d,3,1,7,10,21,0,0,0,0,2,s
1196,0,0,0,0,0,1,0,0,0,0,d,4,11,6,0,0,s,0,s,3,1,7,10,d,0,0,3,0,2,s
I576,0,0,0,0,0,0,0,0,0,0,2,4,11,0,0,0,25,0,0,0,1,7,10,21,0,0,0,0,2,s
I577,0,0,0,0,0,0,s,0,0,0,2,4,11,0,0,1,25,0,0,6,1,7,10,21,0,0,0,0,2,s
I578,0,0,0,0,0,1,s,0,0,0,2,4,11,0,0,1,25,1,0,6,1,7,10,21,0,0,6,0,2,s
I583,2,0,1,0,0,1,s,0,0,0,2,4,11,0,0,1,25,s,0,6,1,7,10,21,0,0,6,0,2,s
1949,d,0,1,0,d,d,s,0,0,0,d,4,11,d,0,1,25,s,6,6,1,7,10,21,0,0,s,0,2,s
1748,2,0,d,0,3,1,s,d,24,d,2,d,11,0,0,d,25,s,d,6,1,7,10,21,d,14,6,0,d,s
1910,0,0,d,d,22,s,s,0,5,0,2,4,11,0,0,1,25,1,0,6,1,s,10,21,s,0,6,s,2,s
I593,2,0,s,0,0,0,s,0,0,0,2,4,11,0,s,1,25,0,0,6,1,7,10,21,0,0,0,0,2,s
I594,2,0,s,0,0,0,s,0,0,3,2,4,11,5,s,1,25,0,0,6,1,7,10,21,0,0,0,0,2,s
I595,2,0,s,0,0,0,s,0,0,3,2,4,11,5,s,1,25,0,0,6,1,7,10,21,0,0,0,0,2,s
1199,2,s,s,d,0,1,s,d,0,3,2,4,11,s,s,1,25,0,0,6,1,7,10,21,9,0,0,0,2,s
I597,2,0,s,0,0,0,s,0,0,3,2,4,11,5,s,1,25,0,0,6,1,7,10,21,0,0,0,0,2,s
I598,2,0,s,0,0,0,s,0,0,3,2,4,11,5,s,1,25,0,25,6,1,7,10,21,0,0,0,0,2,s
2011,d,0,s,0,0,0,s,0,0,3,d,4,11,5,s,1,25,0,25,6,d,7,10,21,0,0,0,0,2,s
2010,2,0,s,0,0,d,s,d,d,3,2,d,11,d,s,1,25,0,25,d,1,7,10,21,0,0,0,0,2,s
2002,2,d,s,0,0,0,s,d,0,3,2,4,11,5,s,1,25,d,0,6,1,7,10,21,0,0,0,0,d,s
I600,2,0,s,0,0,0,s,0,0,3,2,4,11,5,s,1,25,0,0,6,1,s,10,21,0,0,28,0,2,s
1217,2,d,s,d,d,0,s,0,0,3,d,4,11,5,s,d,25,0,0,6,1,s,10,21,6,0,28,0,2,s
1326,2,0,s,0,d,1,s,0,d,d,2,4,11,5,s,1,25,26,0,6,1,s,10,21,0,0,d,0,2,s
I603,2,0,s,0,0,0,s,0,0,0,2,4,11,9,s,1,25,30,0,6,1,7,10,21,0,0,0,0,2,s
I605,2,0,s,20,0,1,s,0,1,0,2,s,11,9,s,1,25,30,36,6,1,7,10,21,9,11,0,0,2,s
1419,d,0,s,20,0,1,s,0,d,0,2,s,11,9,s,1,d,30,36,6,1,7,10,21,9,11,0,0,2,s
1418,2,d,s,20,d,1,s,0,d,0,2,s,11,9,s,1,25,30,36,d,1,7,10,d,9,11,0,d,2,s
I607,2,0,s,0,0,0,s,22,0,0,2,4,11,9,s,1,25,30,0,6,1,7,10,21,0,0,0,0,2,s
1206,2,0,s,0,0,0,s,22,0,0,2,4,11,d,s,1,25,30,0,d,1,7,d,21,0,8,0,0,2,s
1178,2,0,s,12,0,1,s,d,0,0,2,4,11,9,s,1,25,30,0,6,1,7,10,21,0,11,22,0,2,s
I610,0,0,0,0,0,0,0,0,0,0,2,4,11,0,0,0,25,0,0,0,1,7,10,21,0,0,0,0,2,s
I611,0,0,0,0,0,0,0,0,0,0,2,4,11,0,0,0,25,0,0,6,1,7,10,21,0,0,26,0,2,s
I612,0,0,0,0,0,0,0,0,0,0,2,4,11,0,0,0,25,0,2,6,1,7,10,21,0,0,26,0,2,s
I613,0,5,0,5,0,0,0,0,0,0,2,4,11,0,0,0,25,0,2,6,1,7,10,21,0,0,26,0,2,s
1643,0,5,0,s,0,0,0,0,0,0,2,d,11,0,0,1,25,0,2,d,1,7,10,21,0,0,26,0,2,s
1382,3,5,d,5,s,0,3,0,0,0,2,4,11,0,20,1,25,0,2,6,d,s,10,21,0,0,26,4,2,s
I616,0,0,0,0,0,0,0,0,0,20,2,4,11,0,6,0,25,s,2,6,1,7,10,21,0,0,26,0,2,s
I617,0,0,0,5,0,0,0,0,0,20,2,4,11,0,6,0,25,s,2,6,1,7,10,21,0,0,26,0,2,s
1453,0,0,0,5,0,0,0,0,0,d,2,4,11,0,6,0,d,s,2,6,1,7,d,21,0,0,26,0,2,s
1452,0,5,0,5,0,0,0,d,0,20,2,4,11,d,d,0,25,s,2,6,1,d,10,21,0,0,26,1,2,s
1533,0,0,0,0,0,0,0,0,0,d,2,d,11,0,6,0,25,s,2,6,1,7,10,21,0,0,26,2,2,s
I624,0,0,0,8,0,0,0,0,0,0,2,4,11,0,0,0,25,0,0,6,1,7,10,21,0,0,26,0,2,s
1325,0,0,0,8,0,0,0,0,d,0,2,4,d,0,0,0,d,0,0,6,1,7,d,21,d,0,26,0,2,s
1324,0,0,0,8,0,d,0,d,0,0,2,4,11,0,0,0,25,d,0,6,d,7,10,21,0,d,26,0,2,s
I626,0,0,0,0,0,0,0,0,0,0,2,4,11,0,0,0,25,8,0,0,1,7,10,21,0,0,0,0,2,s
I627,6,26,0,0,0,0,0,39,1,0,2,4,11,0,0,0,25,8,0,0,1,7,10,21,0,5,0,1,2,s
I628,6,26,0,3,0,0,0,39,1,0,2,4,11,0,0,0,25,8,0,0,1,7,10,21,0,5,0,1,2,s
1184,6,26,0,3,0,0,0,39,1,0,2,4,11,d,0,0,25,d,0,0,1,7,10,21,0,d,d,1,2,s
I630,6,26,0,3,0,0,0,39,1,0,2,4,11,0,19,0,25,8,0,0,1,7,10,21,0,5,0,1,2,s
1317,6,26,0,3,d,0,0,39,1,0,2,4,11,d,19,0,25,8,0,0,1,d,d,21,0,d,d,1,2,s
1316,6,26,0,3,0,0,0,39,1,d,2,d,11,d,19,0,25,8,0,0,1,7,10,d,0,5,d,1,d,s
1384,6,d,d,0,d,0,13,39,1,0,2,4,11,6,0,0,s,8,0,0,1,s,10,21,d,5,d,1,2,s
I635,0,0,0,0,0,s,0,0,0,0,2,4,11,0,18,0,25,8,0,0,1,7,10,21,0,0,0,0,2,s
I636,0,0,0,5,0,s,0,0,0,0,2,4,11,0,18,0,25,8,0,0,1,7,10,21,0,0,26,0,2,s
1335,0,0,0,5,0,s,0,d,0,0,2,d,11,0,18,0,25,8,0,3,1,7,10,21,0,0,26,0,2,s
1334,0,d,1,5,0,s,0,0,0,0,d,4,11,0,18,d,s,8,0,d,d,7,d,21,0,0,26,0,2,s
1485,0,0,d,0,0,s,d,0,0,0,2,4,11,0,18,0,25,8,0,0,d,7,d,21,d,0,0,d,2,s
I641,0,0,0,0,10,0,0,0,0,0,2,4,0,7,0,0,25,5,0,0,1,7,10,21,0,2,26,0,2,s
I642,0,0,0,0,10,0,28,0,0,0,2,4,s,7,0,s,25,5,0,0,1,7,10,21,0,2,26,7,2,s
I643,0,0,0,0,10,1,28,s,0,0,2,4,s,7,0,s,25,5,0,0,1,7,10,21,0,2,26,7,2,s
I644,2,0,0,0,10,1,28,s,0,0,2,4,s,7,0,s,25,s,0,0,1,7,10,21,0,2,26,7,2,s
I645,2,0,0,0,10,s,28,s,0,0,2,4,s,7,0,s,25,s,0,0,1,7,10,21,0,2,26,7,2,s
1883,d,0,d,d,10,s,28,s,0,s,2,4,s,7,1,s,25,s,0,0,1,7,10,d,0,2,26,s,2,s
I650,2,0,0,0,10,s,s,s,0,0,2,4,s,7,0,s,25,s,0,0,1,7,10,21,0,2,26,7,2,s
1819,d,0,d,0,10,s,s,s,0,0,2,4,s,7,0,s,25,s,0,0,d,7,10,21,0,2,d,7,d,s
1818,2,0,0,d,10,s,s,s,d,0,2,4,s,7,0,s,25,s,0,0,1,d,10,21,0,d,26,7,2,s
I652,2,6,0,0,10,1,28,s,0,0,2,4,s,7,0,s,25,s,0,0,1,7,10,21,0,2,26,7,2,s
I653,2,6,0,0,10,1,28,s,0,0,2,4,s,7,19,s,25,s,0,0,1,7,10,21,8,2,26,7,2,s
1288,2,6,0,0,10,1,28,s,0,0,2,4,s,7,19,s,25,s,0,d,1,7,10,d,8,2,d,7,d,s
1519,2,6,0,0,10,1,28,s,0,d,d,4,s,s,19,s,25,s,15,8,d,7,10,21,8,2,26,7,2,s
I656,2,6,0,0,10,1,28,s,0,12,2,4,s,7,0,s,25,s,0,0,1,7,10,21,0,2,26,7,2,s
1636,2,6,d,0,10,1,28,s,0,d,2,4,s,7,0,s,d,s,10,0,1,7,10,21,0,2,d,7,2,s
1700,2,6,0,d,10,d,28,s,0,12,2,4,s,7,d,s,25,s,0,0,1,d,10,21,d,2,26,7,2,s
I659,0,6,0,0,10,1,28,s,0,0,2,4,s,7,0,s,25,5,0,0,1,7,10,21,0,2,26,7,2,s
I660,0,6,0,0,10,1,28,s,0,0,2,4,s,7,0,s,25,5,0,11,1,7,10,21,7,2,26,7,2,s
I661,0,6,0,0,10,1,28,s,11,0,2,4,s,7,0,s,25,5,0,11,1,7,10,21,7,2,26,7,2,s
I662,0,6,0,0,10,1,28,s,11,0,s,4,s,7,0,s,25,5,0,11,1,7,10,21,7,2,26,7,2,s
1229,0,6,0,0,10,1,28,s,11,0,s,4,s,7,0,s,25,5,0,11,1,7,10,21,7,d,26,7,d,s
1228,d,6,0,0,10,1,28,s,11,0,s,d,s,7,0,s,25,d,0,11,1,7,10,21,7,2,26,7,2,s
1221,2,6,0,3,10,1,28,s,d,0,d,4,s,d,d,s,25,5,0,11,1,7,10,21,d,2,26,d,d,s
I666,0,6,0,0,10,1,28,s,0,0,2,4,s,7,0,s,25,5,0,11,1,7,10,21,7,2,26,7,2,s
1403,0,6,d,0,10,d,28,s,0,0,2,4,s,d,3,s,25,d,d,11,1,7,10,21,7,2,26,7,2,s
1402,0,6,0,0,10,1,28,s,0,0,2,4,s,7,s,s,25,5,0,11,1,7,10,21,7,2,26,d,2,s
I668,0,6,0,0,10,1,28,s,1,19,2,4,s,7,0,s,25,5,0,0,1,s,10,21,0,2,26,7,2,s
1561,0,6,0,0,10,1,28,s,1,19,2,4,s,7,d,s,25,5,d,d,1,s,10,21,0,2,26,7,2,s
1620,0,6,0,0,10,1,28,s,1,19,2,4,s,d,d,s,25,d,d,0,d,s,10,21,d,2,d,7,2,s
I674,2,0,0,0,10,0,28,0,0,0,2,4,s,7,0,s,25,5,0,0,1,7,10,21,0,2,26,7,2,s
I675,2,17,0,0,10,0,28,0,0,0,2,4,s,7,0,s,25,5,1,0,1,7,10,21,0,2,26,7,2,s
I676,2,17,0,0,10,0,28,0,0,0,2,4,s,7,21,s,25,5,1,0,1,7,10,21,0,2,26,7,2,s
I678,2,17,0,0,10,0,28,0,0,17,2,4,s,7,21,s,25,5,1,0,1,7,10,21,0,2,26,7,2,s
1541,2,d,0,0,10,0,28,0,d,17,2,4,s,d,21,s,25,5,1,0,d,7,10,21,0,2,d,7,2,s
1540,2,17,0,d,10,0,28,0,0,17,d,4,s,7,d,s,25,5,1,0,1,7,10,21,0,2,26,7,d,s
I680,2,17,0,0,10,0,28,0,0,0,2,4,s,7,21,s,25,5,1,15,1,7,10,21,0,2,26,7,2,s
1297,2,17,0,0,10,1,d,0,0,12,2,4,s,s,d,s,25,5,1,15,1,d,10,21,s,2,26,7,2,s
1135,2,d,0,0,10,0,28,0,0,d,2,4,s,7,21,s,25,5,1,15,d,7,10,21,9,d,26,7,2,s
I683,2,17,0,0,10,0,28,0,0,0,2,4,s,7,0,s,25,5,1,0,1,7,10,21,0,2,26,7,2,s
1855,2,17,0,0,d,1,28,0,0,d,2,4,s,7,3,s,25,5,1,0,d,7,10,21,0,d,26,7,2,s
I689,2,17,0,12,10,0,28,0,0,0,2,4,s,7,0,s,25,5,1,0,1,7,10,21,0,2,26,7,2,s
1527,2,17,0,12,10,0,28,0,0,0,2,4,s,7,0,s,25,5,1,0,d,7,10,21,0,2,26,7,2,s
1526,2,17,0,12,10,0,28,0,0,d,2,4,s,7,d,s,25,5,1,0,1,7,10,21,0,2,26,7,2,s
I690,2,0,0,6,10,0,28,0,0,0,2,4,s,7,0,s,25,5,0,0,1,7,10,21,0,2,26,7,2,s
I691,2,0,0,6,10,0,28,0,0,0,2,4,s,7,0,s,25,5,0,0,1,7,10,21,9,2,26,7,2,s
1189,2,6,0,s,10,0,28,0,0,0,2,d,s,7,8,s,25,5,0,0,1,s,10,21,9,2,d,7,s,s
1463,2,s,1,6,10,1,d,0,0,0,2,4,s,7,0,s,25,d,s,15,1,7,s,21,9,2,26,7,2,s
I702,2,0,0,6,10,0,28,0,3,0,2,4,s,7,3,s,25,5,0,0,1,7,10,21,0,2,26,7,2,s
1307,2,0,0,s,10,0,28,34,3,0,2,d,s,7,3,s,25,5,0,0,1,7,10,d,0,d,26,7,2,s
1271,2,d,2,6,10,0,28,0,3,d,2,4,s,7,3,s,25,5,d,0,1,7,10,21,0,2,26,s,d,s
I705,0,0,0,0,10,0,0,0,0,0,2,4,11,7,0,0,25,5,0,0,1,7,10,21,0,2,26,0,2,s
I706,0,0,0,0,10,0,0,0,0,0,2,4,11,7,0,0,25,5,0,0,1,7,10,21,0,2,26,0,2,s
I707,0,0,0,0,10,0,0,0,0,15,2,4,11,7,0,0,25,5,0,0,1,7,10,21,0,2,26,0,2,s
I708,0,0,0,0,10,0,0,0,0,15,2,4,11,7,4,0,25,5,0,0,1,7,10,21,0,2,26,0,2,s
I710,s,0,0,0,10,0,0,0,0,15,2,4,11,7,4,0,25,5,0,0,1,7,10,21,0,2,26,0,2,s
1233,s,0,0,0,10,d,d,0,0,15,2,4,11,7,4,0,25,5,0,0,1,d,10,21,0,2,26,0,d,s
1232,s,0,0,3,10,0,d,d,d,15,d,4,11,7,4,0,25,5,d,0,1,7,10,d,0,2,d,d,2,s
I712,0,0,0,0,10,1,0,0,0,15,2,4,11,7,4,1,25,5,0,0,1,7,10,21,0,2,26,0,2,s
1386,0,0,0,0,d,s,13,0,0,15,2,d,11,7,4,1,25,5,d,0,d,7,10,21,d,2,26,1,d,s
1673,0,0,0,0,10,1,0,d,0,15,2,4,11,7,4,1,25,5,0,0,1,7,10,21,0,2,26,0,2,s
I715,0,0,0,20,10,0,0,0,0,15,2,4,11,7,5,0,25,5,0,0,1,7,10,21,0,2,26,0,2,s
I716,0,0,0,20,10,0,0,0,0,15,2,4,11,7,5,0,25,5,0,0,1,7,10,21,0,2,26,0,2,s
1722,0,0,0,20,d,0,0,34,0,d,2,4,11,7,5,0,d,5,29,13,1,7,10,21,0,2,d,1,2,s
1817,d,0,0,20,10,0,0,0,s,15,d,4,11,7,5,1,25,5,0,d,1,7,10,21,0,d,26,0,2,s
1831,d,0,0,s,10,d,0,0,0,s,2,4,11,7,5,0,d,5,0,3,1,7,10,21,9,2,26,0,2,s
I722,0,0,0,0,10,0,0,0,0,0,2,4,11,7,0,0,25,5,0,0,1,7,10,21,0,2,26,0,2,s
I723,0,0,0,0,10,0,0,9,0,0,2,4,11,7,6,0,25,5,0,0,1,7,10,21,0,2,26,0,2,s
I724,0,0,0,0,10,0,13,9,0,0,2,s,11,7,6,0,25,5,0,0,1,7,10,21,0,2,26,0,2,s
1577,0,d,0,0,10,1,13,d,0,6,2,s,11,7,6,0,25,5,0,13,1,7,d,21,d,2,26,0,2,s
1646,0,0,0,0,10,0,13,9,1,0,2,s,11,7,6,0,25,5,d,0,d,7,10,21,0,2,26,0,d,s
2034,2,0,d,0,10,d,0,d,3,0,2,4,11,7,6,0,s,5,d,3,1,7,10,21,9,2,26,0,d,s
I730,0,0,1,0,10,0,0,0,0,6,2,4,11,7,0,0,25,5,0,0,1,7,10,21,s,2,26,0,2,s
I731,0,0,1,0,10,0,0,0,6,6,2,4,11,7,0,0,25,5,0,0,1,7,10,21,s,2,26,0,2,s
1872,0,0,1,0,10,0,0,0,6,d,2,4,11,7,s,0,d,5,0,0,1,7,10,21,s,2,26,0,2,s
2022,0,d,1,d,10,0,0,0,6,6,2,4,11,7,0,0,25,5,0,13,1,7,10,21,s,2,s,0,d,s
1988,0,0,1,0,d,0,0,d,0,6,2,4,11,7,0,1,25,d,0,3,1,7,10,21,s,2,26,0,2,s
I737,0,0,0,0,10,0,0,0,0,0,2,4,11,7,0,0,25,5,0,0,1,7,10,21,0,2,26,0,2,s
I738,0,0,0,0,10,0,22,0,0,0,2,4,11,7,0,0,25,5,0,0,1,7,10,21,0,2,26,0,2,s
I739,0,0,0,0,10,0,22,0,0,0,2,4,11,7,0,0,25,5,0,0,1,7,10,21,0,2,26,0,2,s
I740,0,0,0,0,10,0,22,0,0,0,2,4,11,7,0,0,25,5,0,0,1,7,10,21,0,2,26,0,2,s
I741,0,0,4,0,10,0,22,39,0,0,2,4,11,7,0,0,25,5,0,0,1,7,10,21,0,2,26,0,2,s
1261,2,0,d,0,10,0,22,39,0,0,2,4,11,7,0,0,25,5,0,0,1,7,10,d,0,2,26,0,2,s
1260,0,6,d,0,10,0,22,d,0,0,2,4,d,7,0,d,25,5,0,0,1,7,10,d,0,2,d,0,2,s
1436,4,d,0,0,10,0,22,d,0,0,2,4,11,7,0,0,25,d,0,0,1,d,10,21,0,2,26,0,d,s
I743,0,0,0,0,10,0,22,0,0,0,2,4,11,7,0,0,25,5,0,13,1,7,10,21,0,2,26,0,2,s
I744,0,0,0,0,10,0,22,0,0,0,2,4,11,7,1,1,25,5,11,13,1,7,s,21,0,2,26,0,2,s
1589,0,0,0,5,10,0,22,41,0,0,2,4,11,d,1,1,25,5,11,13,d,7,s,21,d,d,26,0,d,s
1588,0,0,0,0,10,0,22,0,0,0,2,4,11,d,1,1,25,5,11,13,1,7,s,21,0,2,d,0,d,s
1367,2,0,d,s,10,0,22,0,s,0,d,4,11,d,0,0,25,5,0,13,1,7,10,21,0,s,26,s,2,s
I746,0,5,1,0,10,0,22,s,0,0,2,4,11,s,0,0,25,5,0,0,1,7,10,21,0,2,26,0,2,s
1320,3,5,1,0,10,0,22,s,0,0,2,4,11,s,0,0,25,5,s,0,1,7,10,21,0,2,26,0,2,s
I750,0,5,1,0,10,0,22,s,0,0,2,4,11,s,0,0,25,5,s,0,1,7,10,s,0,2,26,0,2,s
1363,0,5,d,d,10,0,22,s,0,d,2,4,11,s,0,0,25,5,s,0,1,7,10,s,0,2,26,0,2,s
I752,0,5,1,0,10,0,22,s,0,0,2,4,11,s,0,0,s,5,s,0,1,7,10,s,0,2,26,0,2,s
1105,0,5,1,0,10,0,22,s,0,0,2,4,11,s,19,0,s,5,s,0,1,7,10,s,0,2,26,0,2,s
1104,d,5,d,s,10,0,22,s,0,0,2,4,11,s,0,1,s,d,s,d,d,7,d,s,0,2,d,0,2,s
I753,0,0,0,0,10,0,0,0,0,0,2,4,11,7,0,0,25,5,0,0,1,7,10,21,0,2,26,0,2,s
I754,0,0,0,0,10,0,0,0,0,0,2,4,11,7,0,0,25,5,0,0,1,7,10,21,9,2,26,0,2,s
I755,0,0,0,0,10,0,18,0,0,0,2,4,11,7,0,0,25,5,1,0,1,7,10,21,9,2,26,0,2,s
I756,0,16,0,0,10,0,18,0,0,0,2,4,11,7,0,0,25,5,1,0,1,7,10,21,9,2,26,0,2,s
1215,0,16,d,5,d,0,18,0,0,0,2,4,d,7,0,0,25,5,1,4,1,7,10,21,9,2,26,0,2,s
1214,0,d,d,0,10,0,18,0,0,d,2,4,11,7,0,d,d,d,1,0,d,d,10,d,9,2,26,0,2,s
1170,0,0,0,0,10,s,18,0,0,d,d,4,11,7,5,0,25,5,1,0,1,d,10,21,9,2,d,0,2,s
I760,0,0,0,0,10,0,0,0,0,0,2,4,11,7,0,0,25,5,0,9,1,7,10,21,9,2,26,s,2,s
1235,0,0,0,s,10,0,0,0,d,22,2,4,11,7,0,0,25,5,s,9,1,7,10,21,9,2,26,s,2,s
1234,0,0,0,0,10,1,0,0,0,0,2,4,11,7,0,0,d,5,0,9,1,d,10,d,9,2,26,s,d,s
I762,0,0,0,0,10,0,22,0,0,0,2,4,11,7,0,0,25,5,0,0,1,7,10,21,0,2,26,0,2,s
1138,0,0,0,0,10,0,22,0,0,12,2,4,11,7,0,d,d,d,0,0,1,7,10,21,0,d,26,0,2,s
I764,0,2,0,0,10,0,22,0,0,0,2,4,11,7,0,0,25,5,0,0,1,7,10,21,0,2,26,0,2,s
1063,4,2,0,0,10,0,22,0,0,d,2,4,11,7,d,d,25,d,0,d,1,7,10,21,0,2,d,d,2,s
1062,0,2,0,d,10,0,d,0,0,6,2,4,11,7,s,d,25,5,0,0,1,7,10,21,0,2,d,0,2,s
I768,0,0,0,0,0,0,0,0,9,0,2,4,12,0,14,0,25,0,0,0,0,0,10,21,0,0,0,0,2,0
I769,0,0,0,0,0,0,0,0,9,0,2,4,12,0,14,0,25,0,0,3,0,0,10,21,0,0,0,0,2,0
I770,0,0,0,0,0,0,0,0,9,0,2,4,12,0,14,0,25,0,0,3,0,0,10,21,0,0,0,0,2,13
I771,0,0,0,0,0,0,0,0,9,0,2,4,12,0,14,0,25,0,0,3,0,1,10,21,0,0,0,0,2,13
I772,0,0,0,0,0,0,0,0,9,0,2,4,12,0,14,0,25,0,0,3,s,1,10,21,9,0,0,0,2,13
I773,0,0,1,0,0,0,0,0,9,0,2,4,12,0,14,0,25,0,3,3,s,1,10,21,9,0,0,0,2,13
I774,0,0,1,0,0,0,0,0,9,0,2,4,s,0,14,0,25,0,3,3,s,1,10,21,9,0,0,0,2,13
I775,0,0,1,4,0,0,29,0,9,0,2,4,s,0,14,0,25,0,3,3,s,s,10,21,9,0,0,0,2,13
1871,0,0,1,4,0,0,29,d,d,0,2,4,s,0,14,0,25,0,3,3,s,s,10,21,9,0,0,0,d,13
1870,0,0,1,4,0,0,d,0,9,0,d,4,s,0,14,0,25,0,3,3,s,s,10,21,9,0,0,d,2,13
I776,0,0,1,0,0,0,0,0,9,0,2,4,s,0,14,s,25,0,3,3,s,1,10,21,9,0,0,0,2,13
1955,0,0,1,0,0,0,0,0,d,0,2,4,s,0,d,s,25,0,3,3,s,1,10,21,9,0,0,0,2,d
1954,d,0,1,0,0,0,d,d,9,d,d,4,s,0,d,s,25,0,d,3,s,1,10,21,d,0,0,0,2,13
I778,2,0,1,0,0,1,0,0,9,0,2,4,12,0,14,0,25,0,3,3,s,1,10,21,9,0,0,0,2,13
1225,2,d,1,0,0,1,0,0,9,d,2,4,12,0,14,0,25,0,3,3,s,1,10,21,9,d,0,12,2,13
1224,2,0,1,0,0,1,0,0,9,0,s,d,12,6,14,0,d,d,d,3,s,1,10,d,9,0,0,d,2,13
I780,0,0,0,0,0,0,0,0,9,0,2,4,12,0,14,0,25,0,0,3,s,1,10,21,9,5,0,0,2,13
I781,4,0,1,0,15,0,0,0,9,0,2,4,12,0,14,0,25,0,0,3,s,1,10,21,9,5,0,0,2,13
1431,4,0,1,0,d,0,0,26,9,0,2,4,12,0,14,d,25,0,0,3,s,1,10,21,9,5,0,0,2,13
1360,4,0,1,0,15,0,0,0,9,0,2,4,12,0,14,0,25,0,d,3,s,1,10,21,9,5,6,0,d,d
I784,0,15,1,14,22,0,0,6,9,0,2,4,12,0,14,0,25,0,0,3,s,1,10,21,9,5,0,0,2,13
1623,0,d,1,14,22,d,0,6,9,0,2,4,12,0,14,0,25,s,0,3,s,1,10,21,d,d,0,0,2,13
1697,0,15,1,14,22,d,0,6,9,0,d,4,12,7,14,1,d,0,0,3,s,1,d,21,9,5,s,0,2,d
I787,s,0,2,0,0,0,0,0,9,0,2,4,12,0,14,0,25,s,12,3,0,1,10,21,0,0,5,0,2,13
I788,s,0,2,0,0,0,0,0,9,0,2,4,12,9,14,0,25,s,12,3,0,1,10,21,0,0,5,0,2,13
I789,s,0,2,0,0,0,0,0,9,0,2,4,12,9,14,0,25,s,12,3,0,1,10,21,0,0,5,0,2,13
I790,s,0,2,0,0,0,0,0,9,6,2,4,12,9,14,0,25,s,12,3,0,1,10,21,0,0,5,0,2,13
1999,s,0,2,0,0,0,0,0,9,6,2,4,d,9,14,0,25,s,d,3,0,1,10,21,0,0,d,0,d,13
1998,s,0,d,0,0,0,0,d,9,6,2,4,12,9,d,0,25,s,d,3,0,1,10,21,0,0,5,0,2,13
998,s,0,2,0,d,d,0,d,9,21,d,4,12,9,14,0,25,s,12,3,0,1,10,21,0,0,5,0,2,13
1916,s,0,2,0,0,0,0,0,9,0,2,4,12,9,14,0,25,s,12,3,0,1,10,21,0,0,5,0,2,s
I794,s,0,2,0,0,0,0,0,9,4,2,4,12,0,14,0,25,s,12,3,0,1,10,21,0,0,5,0,2,13
I795,s,0,2,0,0,0,0,0,9,4,2,4,12,0,14,0,25,s,12,3,0,1,10,21,0,12,5,0,2,13
1021,s,d,d,d,11,0,0,0,d,4,2,4,12,0,14,d,25,s,12,3,0,1,10,21,d,12,d,0,2,d
1020,s,0,2,d,0,0,0,0,9,4,2,4,12,d,14,0,25,s,12,3,0,1,10,21,0,12,5,0,2,13
I796,s,0,2,0,35,0,s,0,9,4,2,4,12,0,14,0,25,s,12,3,0,1,10,21,0,0,5,0,s,13
I797,s,0,2,0,35,1,s,0,9,4,2,4,12,0,14,0,25,s,12,3,0,1,s,s,0,0,5,0,s,13
1837,s,0,2,0,35,1,s,d,9,4,2,4,12,0,14,0,25,s,12,3,1,1,s,s,0,0,d,0,s,13
1836,s,0,2,0,d,1,s,0,9,4,2,4,d,0,14,0,25,s,12,3,0,1,s,s,0,0,5,0,s,d
I798,s,0,2,0,35,0,s,0,9,4,2,4,12,0,14,0,25,s,12,3,0,1,10,21,9,0,5,0,s,13
1939,s,d,2,0,35,0,s,0,9,4,2,4,12,0,d,d,25,s,12,3,0,d,10,21,9,0,5,0,s,13
1938,s,d,2,0,35,0,s,0,9,4,d,4,12,0,d,0,25,s,12,3,d,1,10,d,9,d,d,0,s,13
I799,0,0,0,3,0,0,0,s,9,0,2,4,12,0,14,0,25,0,0,3,1,0,10,21,0,0,0,0,2,13
I800,0,0,0,3,0,0,0,s,9,0,2,4,12,0,14,0,25,0,0,3,1,0,10,21,0,0,0,0,2,13
I801,0,0,0,3,0,0,0,s,9,0,2,4,12,0,14,0,25,0,0,3,1,0,10,21,9,0,0,7,2,13
I802,0,0,0,3,0,1,0,s,9,0,2,4,12,0,14,0,25,0,0,3,1,0,10,21,9,0,0,7,2,13
1845,0,0,1,3,0,d,d,s,9,d,2,4,12,0,14,0,25,0,0,d,1,0,10,21,9,0,0,7,d,13
I804,0,0,0,3,0,1,0,s,9,0,2,4,12,0,14,0,25,0,0,3,1,0,10,21,9,s,0,7,2,13
1775,0,d,0,3,0,1,d,s,9,0,2,d,12,0,14,0,25,0,d,3,1,0,10,21,9,s,0,7,2,13
1774,0,0,0,3,0,1,0,s,9,0,2,4,12,0,d,0,25,0,0,3,1,0,10,21,9,s,0,7,2,13
1501,4,0,d,d,0,1,0,s,9,0,2,4,12,d,14,d,25,0,0,3,1,s,10,d,d,0,0,7,2,13
I808,0,0,0,3,s,0,0,s,9,0,2,4,12,0,14,0,25,0,0,3,1,0,10,21,0,11,0,0,2,13
1812,d,0,0,3,s,0,0,s,d,0,d,4,12,0,14,1,25,s,29,3,d,2,d,21,0,d,0,1,2,13
I812,0,0,0,3,s,1,13,s,9,0,2,4,12,0,14,0,25,11,0,3,1,0,10,21,0,11,0,0,2,13
1924,0,0,0,d,s,1,13,s,9,0,2,d,12,0,s,0,25,s,0,3,1,0,10,21,8,11,0,0,2,13
I814,0,0,0,3,s,1,13,s,9,0,2,4,12,0,14,0,25,11,0,3,1,0,10,21,0,11,0,0,2,13
1993,0,0,0,d,s,1,13,s,9,0,2,4,12,0,14,0,25,11,0,3,1,s,10,21,0,d,0,0,2,13
1992,0,0,d,3,s,1,13,s,d,0,2,4,12,0,14,0,25,d,0,3,1,0,10,21,d,11,0,d,2,13
I815,0,0,0,3,0,0,16,s,9,0,2,4,12,0,14,0,25,0,0,3,1,0,10,21,0,11,0,0,2,13
I816,0,0,0,3,0,s,16,s,9,0,2,4,12,0,14,0,25,5,0,3,1,0,10,21,0,11,0,0,2,13
I817,0,0,0,3,37,s,16,s,9,0,2,4,12,0,14,0,25,5,0,3,1,0,10,21,0,11,0,0,2,13
1918,0,5,0,d,37,s,16,s,9,0,d,4,12,0,14,0,25,5,0,3,d,0,10,d,0,11,0,s,2,13
2026,0,0,0,3,37,s,16,s,d,0,2,s,12,d,14,1,25,5,0,3,1,d,10,21,9,11,0,0,2,13
1966,0,0,0,3,0,s,16,s,9,0,2,4,12,0,14,0,25,5,10,3,1,0,d,21,d,d,20,0,2,13
I823,0,0,0,3,0,0,s,s,9,0,2,4,12,0,14,0,25,0,5,3,1,1,10,21,0,11,0,0,2,13
I824,0,0,0,3,0,0,s,s,9,21,2,4,12,0,14,0,25,0,5,3,1,1,10,21,0,11,0,4,2,13
1458,0,0,0,3,d,0,s,s,9,21,2,4,12,0,14,d,d,12,s,3,1,d,10,d,d,11,0,4,2,13
1535,0,d,0,3,0,0,s,s,9,21,2,4,12,d,14,0,25,0,5,d,1,1,10,21,0,11,0,4,d,13
I827,0,0,0,3,0,0,s,s,9,0,2,4,12,0,14,0,25,0,5,3,1,1,10,21,0,11,0,0,2,13
1547,0,0,d,3,d,0,s,s,9,0,2,4,12,0,14,1,d,0,5,3,1,1,10,21,0,11,0,0,2,d
1706,0,5,0,3,0,0,s,s,9,0,2,4,12,0,14,1,25,0,5,3,1,1,10,d,0,11,0,0,2,13
I830,0,0,0,0,0,0,0,11,9,0,2,4,12,5,14,0,25,1,0,3,0,0,10,21,0,0,0,0,2,0
I831,0,0,0,0,0,1,0,11,9,0,2,4,12,5,14,0,25,1,0,3,0,0,10,21,0,0,0,0,2,0
I832,0,0,0,0,0,1,0,11,9,0,2,4,12,5,14,0,25,1,0,3,0,0,10,21,0,0,0,0,s,0
I834,0,0,0,0,0,1,0,11,9,0,2,s,12,5,14,0,25,1,0,3,1,0,10,21,0,0,0,3,s,0
1514,0,0,1,0,7,1,0,d,9,0,2,s,12,5,14,0,25,1,0,3,1,0,10,21,0,14,2,3,s,0
I836,0,0,0,0,0,1,0,11,9,0,2,s,12,5,14,0,25,1,0,3,1,0,10,21,0,20,0,3,s,0
1687,d,d,0,0,0,1,0,11,9,0,2,s,12,d,14,0,25,1,d,d,1,0,10,21,0,20,0,3,s,d
1686,0,0,0,0,0,1,d,11,9,0,2,s,12,5,14,d,d,1,0,3,1,0,s,21,0,20,0,d,s,0
I840,0,s,0,0,8,1,0,11,9,0,2,4,12,5,14,1,25,1,0,3,0,0,10,21,0,0,0,0,s,0
I841,0,s,0,0,8,1,0,11,9,0,2,4,s,5,14,1,25,1,12,3,0,0,10,21,0,0,0,0,s,0
I842,0,s,0,0,8,1,0,11,9,6,2,4,s,5,14,1,25,1,12,3,1,0,10,21,0,0,0,0,s,0
1677,d,s,d,0,8,s,0,11,9,6,d,4,s,5,14,1,25,1,12,3,1,0,d,21,0,d,2,d,s,0
1676,0,s,0,d,8,1,0,11,9,d,2,4,s,5,14,1,25,1,12,d,1,0,10,21,0,d,0,0,s,d
1753,0,s,0,0,8,1,0,11,9,0,2,4,s,5,d,1,25,1,12,3,s,0,s,21,0,d,d,15,s,0
I844,0,s,0,0,8,1,0,11,9,0,2,4,12,5,14,1,25,1,0,3,0,0,10,21,0,0,0,0,s,0
1614,d,s,0,0,8,1,0,11,9,32,2,4,12,5,14,1,25,1,0,3,0,2,10,21,d,8,d,0,s,0
I846,2,s,0,0,8,1,0,11,9,0,2,4,12,5,14,1,25,1,12,3,0,0,10,21,0,0,0,0,s,0
1681,d,s,0,0,8,1,0,11,9,0,2,4,12,5,14,1,25,1,d,3,0,0,d,d,0,0,0,0,s,0
1680,2,s,d,d,8,1,0,d,d,d,2,4,12,5,14,1,25,1,12,3,0,0,10,21,0,0,0,0,s,0
I847,0,0,1,0,0,1,0,11,9,0,2,4,12,5,14,0,25,1,0,3,0,0,10,21,0,8,0,0,2,0
I848,0,0,1,0,0,1,0,11,9,0,2,4,12,5,14,0,25,1,0,3,0,0,10,21,s,8,0,0,2,0
1776,d,s,1,3,0,d,22,11,9,d,d,4,d,d,14,0,25,1,0,3,0,0,10,21,s,8,0,0,s,0
I852,0,s,1,0,0,1,0,11,9,0,2,4,12,5,14,0,25,1,0,3,0,0,10,21,s,8,0,0,2,0
1345,0,s,1,d,0,1,0,11,9,0,2,4,12,d,14,0,d,1,0,3,0,0,d,21,s,8,d,0,2,0
I854,0,s,1,0,0,1,0,11,9,0,2,4,12,5,14,0,25,1,5,3,0,0,10,21,s,8,0,0,2,0
1569,d,s,1,0,d,1,0,11,9,0,2,4,12,5,14,0,d,1,5,3,0,0,10,21,s,8,0,0,2,0
1568,0,s,d,0,0,d,0,11,9,0,2,4,12,5,14,d,25,1,5,3,0,0,10,21,s,8,0,0,2,0
I855,0,0,1,0,0,1,0,11,9,6,2,4,12,5,s,0,25,1,0,3,0,0,10,21,0,8,0,0,2,0
1766,0,0,1,0,0,1,0,d,9,d,2,4,12,5,s,0,25,1,0,s,0,0,d,21,9,8,0,d,2,6
1570,0,d,1,0,0,1,d,11,9,d,2,4,12,d,s,0,25,1,10,3,0,0,10,21,0,d,25,0,2,0
I862,0,0,0,0,0,0,0,11,9,0,2,4,12,s,14,0,25,1,0,3,0,0,10,21,0,0,s,0,2,0
I863,0,0,0,0,0,0,0,11,9,32,2,4,12,s,14,0,25,1,0,3,0,0,10,21,0,0,s,0,2,16
I870,0,10,1,0,0,0,0,11,9,32,2,4,12,s,14,1,25,1,0,3,1,0,10,21,0,0,s,s,2,16
1123,s,10,1,0,0,0,0,11,9,32,s,4,d,s,14,d,25,1,0,3,1,0,10,21,0,24,s,s,s,16
1122,0,d,1,0,d,0,0,11,9,32,2,d,d,s,14,1,25,1,0,d,1,d,10,21,d,0,s,s,d,16
1553,4,0,d,5,0,d,13,11,d,32,2,4,d,s,14,0,25,1,d,3,0,0,10,21,0,s,s,d,2,16
I879,0,0,0,0,0,1,0,11,9,0,2,4,12,s,14,0,25,1,s,3,0,0,10,21,0,13,s,0,2,0
I880,0,0,0,0,0,1,0,11,9,0,2,4,12,s,14,0,25,1,s,3,0,0,10,s,9,13,s,0,2,0
I881,0,0,0,0,0,1,0,11,9,0,2,4,12,s,14,0,25,1,s,3,0,0,10,s,9,13,s,0,s,0
1761,0,0,0,6,d,1,0,11,9,0,2,4,12,s,14,0,25,1,s,3,d,0,d,s,9,13,s,0,s,0
1760,0,0,0,0,0,1,0,11,9,0,2,4,d,s,14,0,25,1,s,3,0,0,10,s,9,13,s,0,s,0
1739,0,0,0,d,16,1,s,11,9,d,2,4,12,s,14,0,25,s,s,3,0,0,10,s,9,d,s,0,2,0
I883,0,s,0,0,0,1,0,11,9,0,2,4,12,s,14,0,25,1,s,3,0,1,10,21,0,13,s,9,2,0
1846,d,s,0,0,0,1,0,11,9,0,2,4,12,s,14,0,25,1,s,d,0,1,10,21,9,d,s,9,2,0
1923,d,s,0,0,0,d,0,11,9,0,2,d,12,s,14,0,25,d,s,3,s,1,10,21,0,13,s,9,2,0
I893,0,0,0,0,0,0,0,0,9,0,2,4,12,0,14,0,25,0,0,0,0,7,s,21,0,0,0,0,2,18
I894,0,0,0,0,0,0,0,0,9,0,2,4,12,0,14,1,25,1,0,0,0,7,s,21,9,0,2,0,2,18
I895,0,0,1,0,0,0,0,0,9,0,2,4,12,0,14,1,25,1,0,0,0,7,s,21,9,0,2,0,2,18
I896,0,s,1,0,0,0,0,0,9,21,2,4,12,0,14,1,25,1,0,0,0,7,s,21,9,0,2,0,2,18
I897,0,s,1,0,0,0,0,0,9,21,2,4,12,0,14,1,25,1,0,0,0,7,s,21,9,0,2,1,s,18
1438,0,s,d,s,d,0,d,24,d,21,2,4,12,0,d,d,25,s,0,0,0,7,s,21,9,0,2,1,s,18
1242,d,s,1,0,7,0,0,0,9,d,2,4,12,11,14,1,25,1,s,0,d,7,s,21,9,0,2,d,s,18
I904,0,s,1,0,0,0,0,0,9,21,2,4,12,0,14,1,25,1,0,0,0,7,s,21,9,0,2,0,2,18
I906,0,s,1,0,0,0,0,0,9,21,2,4,12,11,14,1,25,1,0,0,1,7,s,21,9,0,2,0,2,18
1397,0,s,1,0,0,d,0,0,9,21,2,4,12,11,14,1,25,1,0,d,d,s,s,21,9,0,2,0,2,18
1396,4,s,1,d,0,0,0,0,d,21,2,4,12,11,14,1,25,1,0,0,1,7,s,21,9,0,2,0,2,18
I908,0,s,1,0,0,1,0,0,9,21,2,4,12,0,14,1,25,1,0,0,0,7,s,21,9,0,2,s,2,18
I909,0,s,1,0,0,1,0,0,9,21,2,4,12,0,14,1,25,1,0,0,0,7,s,21,9,0,2,s,2,18
1781,0,s,1,d,0,d,0,d,9,21,2,d,12,0,14,1,25,1,0,0,0,7,s,d,9,0,2,s,2,18
1780,0,s,1,0,0,1,0,d,9,21,2,4,12,0,d,1,d,1,d,0,0,7,s,21,9,0,2,s,d,18
1736,d,s,1,0,d,d,0,d,9,21,2,4,12,0,14,1,25,1,0,0,0,7,s,21,9,0,2,s,2,18
I911,0,0,1,0,37,0,0,0,9,0,2,4,12,0,14,1,25,1,0,0,0,7,s,21,9,0,2,0,2,18
I912,0,0,1,0,37,0,0,0,9,0,2,4,12,0,14,1,25,1,0,0,0,7,s,21,9,0,2,0,2,18
I913,0,0,1,0,37,0,0,0,9,0,2,4,12,0,14,1,25,1,0,0,0,7,s,21,9,0,2,0,2,18
1495,0,15,1,0,37,0,s,0,9,0,d,4,12,0,14,1,25,1,d,d,0,d,s,21,9,0,2,d,2,18
1692,d,0,1,0,37,0,0,s,9,0,2,4,d,0,14,1,25,1,d,0,1,7,s,21,9,0,2,0,2,18
I917,0,0,1,0,37,0,0,10,9,s,s,4,12,0,14,1,s,1,0,0,1,7,s,21,9,0,2,0,2,18
1657,d,0,1,0,37,0,0,10,9,s,s,4,12,0,14,1,s,1,0,4,1,d,s,d,d,d,2,0,2,18
1656,0,0,1,0,37,0,0,10,9,s,s,4,12,0,14,1,s,1,0,d,1,7,s,21,9,0,2,0,2,d
I919,0,0,1,0,37,0,0,0,9,0,2,4,12,0,14,1,25,1,0,0,0,7,s,21,9,0,2,0,2,18
I920,0,0,1,0,37,0,0,0,9,0,2,4,12,0,14,1,25,1,0,0,1,7,s,21,9,0,2,0,2,18
1277,0,21,1,0,37,0,0,38,d,0,2,4,12,0,14,d,25,d,0,0,1,d,s,21,9,0,2,4,2,18
1683,0,0,1,0,37,0,d,0,9,15,2,4,d,0,14,1,25,1,0,d,1,d,s,21,9,14,d,0,2,18
I923,0,0,1,0,37,1,0,0,9,0,2,4,12,0,14,1,25,1,0,0,0,7,s,21,9,0,2,0,2,18
I924,0,0,1,0,37,1,0,0,9,0,2,4,12,0,14,1,25,1,0,9,1,7,s,21,9,0,2,0,2,18
1931,0,0,1,d,d,1,3,0,9,0,2,4,12,0,14,1,25,1,d,9,1,7,s,21,9,0,2,0,2,18
1930,0,0,1,d,37,1,0,0,d,0,2,d,12,d,14,1,25,1,d,9,1,7,s,21,9,0,2,d,2,18
1802,0,13,1,0,37,1,0,0,9,0,2,4,12,0,14,1,25,1,0,0,0,7,s,21,d,d,2,0,2,18
I926,0,0,0,0,0,0,0,0,9,0,2,4,12,0,14,1,25,1,0,13,0,7,s,21,9,0,2,0,2,18
I927,0,0,0,0,0,0,0,0,9,0,2,4,12,0,14,1,25,1,0,13,1,7,s,21,9,0,2,0,2,18
I928,0,0,0,6,0,0,0,0,9,0,2,4,12,0,14,1,25,1,0,13,1,7,s,21,9,0,s,0,2,18
I929,0,0,0,6,s,0,9,0,9,0,2,4,12,0,14,1,25,1,0,13,1,7,s,21,9,0,s,0,2,18
1843,0,0,0,6,s,0,9,0,9,0,2,4,12,d,d,1,25,1,0,13,d,7,s,21,9,0,s,0,2,18
1927,0,0,0,6,s,0,9,10,9,d,2,4,12,0,14,1,25,1,36,13,1,7,s,21,9,0,s,0,2,18
I932,0,5,0,6,0,0,0,0,9,0,2,4,12,0,14,1,25,1,25,13,1,7,s,21,9,0,s,0,2,18
I933,0,5,0,6,0,0,0,0,9,0,2,4,12,0,14,1,25,1,25,13,1,7,s,21,9,0,s,0,2,18
1849,d,5,0,6,0,0,0,0,9,0,2,4,d,0,14,1,25,1,25,13,1,d,s,21,9,d,s,d,d,18
1848,0,5,0,6,0,0,d,0,d,0,2,4,12,0,14,1,25,1,25,13,d,7,s,d,9,0,s,0,2,18
1877,0,5,0,6,0,0,d,0,d,0,d,4,12,0,14,1,25,1,25,13,1,7,s,21,9,0,s,0,2,18
I935,0,0,0,0,0,0,0,0,9,0,2,4,12,0,14,1,25,1,3,13,1,7,s,21,9,0,2,0,2,18
I936,0,0,0,0,0,0,0,0,9,s,2,4,12,0,14,1,25,1,3,13,1,7,s,21,9,0,2,0,2,18
1961,0,0,0,0,0,0,0,36,9,s,2,4,12,0,14,1,25,1,3,13,1,d,s,d,9,d,2,0,d,18
1990,0,0,0,d,0,0,d,0,9,s,2,4,12,d,14,1,25,d,3,13,1,7,s,21,9,0,2,0,d,18
I939,0,37,0,0,0,0,s,0,9,0,2,4,12,0,14,1,25,1,3,13,1,7,s,21,9,0,2,0,2,18
1956,2,37,0,0,0,0,s,0,d,0,2,4,12,0,14,1,25,1,3,d,d,7,s,21,9,0,2,0,d,18
1934,0,d,0,0,0,0,s,0,9,0,2,4,12,0,14,1,25,1,d,13,1,7,s,21,9,0,2,0,s,18
I942,0,0,0,0,0,1,0,0,9,0,2,4,12,0,14,1,25,1,0,13,0,7,s,21,9,0,2,0,2,18
I943,0,0,0,0,0,1,0,0,9,0,2,4,12,0,14,1,25,1,5,13,0,7,s,21,9,30,2,0,2,18
I946,0,0,7,0,13,1,28,s,9,0,2,4,12,0,14,1,25,1,5,13,0,7,s,21,9,30,2,1,2,18
1913,0,0,7,0,d,1,28,s,9,0,2,4,12,0,14,1,25,1,5,13,0,7,s,21,9,30,2,d,2,18
1912,0,0,d,0,13,1,28,s,9,22,d,4,d,0,14,1,25,1,d,13,0,7,s,21,9,30,2,1,2,18
I947,0,0,0,0,0,1,0,0,9,0,2,4,12,0,14,1,25,1,5,13,0,7,s,21,9,30,2,0,2,18
I948,0,0,0,5,0,1,0,0,9,0,2,4,12,0,14,1,25,1,5,13,1,7,s,21,9,30,2,9,2,18
1645,0,0,0,5,0,1,0,0,9,0,d,4,12,0,14,1,d,1,5,13,1,7,s,21,9,30,d,d,2,18
1644,0,0,0,5,0,1,0,0,d,0,2,4,d,0,14,d,25,1,5,13,1,d,s,21,9,30,2,9,2,18
1616,0,0,0,0,0,1,0,d,9,0,s,4,12,0,14,1,d,1,5,d,0,7,s,21,9,30,2,d,s,18
I950,0,0,0,3,0,1,0,0,9,0,2,4,12,0,14,1,25,1,0,13,0,7,s,21,9,0,2,0,2,18
1928,0,0,1,3,0,1,0,39,9,6,2,4,12,0,14,1,d,1,0,13,d,7,s,d,9,d,d,d,2,18
I955,0,0,0,3,0,1,0,32,9,0,2,4,12,0,14,1,25,1,0,13,0,7,s,21,9,s,2,9,2,18
1945,0,0,0,3,0,1,0,32,9,0,2,4,12,0,14,1,25,d,0,13,0,7,s,21,9,s,2,9,2,18
1944,0,0,0,d,0,d,0,d,d,0,2,4,12,0,14,d,25,1,0,13,0,7,s,21,9,s,2,d,2,18
I957,0,0,0,0,0,0,0,26,9,21,2,4,12,0,14,0,25,8,0,15,0,7,s,21,0,0,0,0,2,18
I958,0,0,0,0,0,0,0,26,9,21,2,4,12,0,14,0,25,8,0,15,0,7,s,21,0,0,0,0,2,18
I959,0,0,0,0,0,0,20,26,9,21,2,4,12,0,14,0,25,8,0,15,0,7,s,21,0,0,0,0,s,18
I960,0,0,0,0,0,s,20,26,9,21,2,4,12,0,14,0,25,8,0,15,0,7,s,21,0,0,0,0,s,18
I961,2,0,0,8,0,s,20,26,9,21,2,4,s,0,14,0,25,8,0,15,0,7,s,21,0,0,0,0,s,18
I962,2,0,0,8,0,s,20,26,9,21,2,4,s,0,14,0,25,8,0,15,0,7,s,21,9,0,0,0,s,18
1213,2,0,0,d,0,s,20,26,9,21,2,4,s,d,14,d,25,8,0,15,0,7,s,21,9,0,0,0,s,18
1212,2,0,0,8,0,s,20,26,9,21,d,4,s,0,14,d,25,8,0,d,0,7,s,21,9,0,0,0,s,18
1241,2,0,1,8,0,s,20,26,9,21,2,4,s,0,14,0,25,8,s,d,0,7,s,21,d,0,26,d,s,d
I964,0,0,0,0,0,s,20,26,9,21,2,4,12,0,14,1,25,8,0,15,0,7,s,21,0,0,0,0,s,18
1074,2,0,d,0,0,s,d,26,s,21,2,4,d,0,d,1,25,d,19,15,0,7,s,21,0,0,0,7,s,18
1060,d,0,0,0,0,s,20,26,9,21,2,4,12,9,d,1,25,8,d,15,0,7,s,21,0,2,0,0,s,18
I967,0,0,0,0,0,0,20,26,9,21,2,4,12,5,14,0,25,8,s,15,0,7,s,21,0,0,8,0,s,18
I968,0,0,0,5,0,0,20,26,9,21,2,4,12,5,14,1,25,8,s,15,0,7,s,21,0,0,8,0,s,18
1473,0,s,0,5,0,0,20,26,9,21,d,4,12,5,14,1,25,8,s,15,d,7,s,21,0,8,8,0,s,18
I970,0,0,0,5,0,0,20,26,9,21,2,4,12,5,14,1,25,8,s,15,0,7,s,21,0,0,8,0,s,18
1581,3,0,d,5,d,0,20,26,9,d,2,4,12,5,14,1,25,d,s,15,0,d,s,21,0,0,8,0,s,18
1580,0,0,0,5,0,0,20,26,9,21,2,4,12,5,d,1,25,8,s,15,0,7,s,21,0,0,8,d,s,18
I971,0,0,0,0,0,0,20,26,9,21,2,4,12,5,14,0,25,8,s,15,0,7,s,21,9,0,8,0,s,18
I972,0,s,0,0,0,0,20,26,9,21,2,4,12,5,14,0,25,8,s,15,0,7,s,21,9,0,8,0,s,18
1315,0,s,0,0,0,0,20,d,d,21,2,4,d,5,14,d,d,8,s,15,d,7,s,d,9,0,8,0,s,18
1314,0,s,0,0,0,0,20,26,9,d,2,4,12,5,14,0,d,8,s,15,0,7,s,21,9,0,8,0,s,18
I973,2,0,0,0,0,0,20,26,9,21,2,4,12,5,14,0,25,8,s,15,0,7,s,21,9,3,8,0,s,18
1447,2,0,0,0,0,0,20,26,9,d,2,d,12,d,d,0,25,8,s,15,0,7,s,21,9,3,d,0,s,18
1446,2,0,d,0,d,0,20,26,9,d,2,4,12,5,14,0,25,8,s,15,d,7,s,21,9,d,8,4,s,18
I974,0,36,0,0,0,0,0,26,9,21,2,4,12,0,14,0,25,8,0,15,1,7,s,21,0,0,0,0,s,18
I975,0,36,0,0,0,1,0,26,9,21,s,4,12,0,14,0,25,8,0,15,1,7,s,21,0,0,0,0,s,18
1612,d,s,0,0,0,1,0,26,9,21,s,4,12,0,d,d,25,d,0,15,1,7,s,21,0,12,5,d,s,18
1512,0,36,0,0,0,1,0,26,9,21,s,4,12,0,14,0,25,8,0,15,1,7,s,21,9,24,0,0,s,18
I983,0,36,0,0,29,0,9,26,9,21,2,4,12,0,14,0,25,8,0,15,1,7,s,21,0,0,0,0,s,18
1728,2,36,0,d,29,1,9,26,9,21,2,4,12,4,14,1,25,d,0,15,s,7,s,21,0,0,0,0,s,d
1632,d,36,0,4,29,0,9,d,9,21,2,4,12,0,d,0,25,8,0,15,1,7,s,21,9,0,0,d,s,18
I989,0,24,0,0,0,s,0,26,9,21,2,4,12,0,14,0,25,8,0,15,1,7,s,21,0,0,0,0,2,18
I990,0,24,0,8,0,s,0,26,9,21,2,4,12,0,14,1,25,8,0,15,1,7,s,21,0,0,0,0,2,18
I991,0,24,5,8,0,s,0,26,9,21,2,4,12,0,14,1,25,8,0,15,1,7,s,21,0,0,0,0,2,18
1313,0,24,5,8,32,s,0,26,d,21,d,4,d,8,14,1,25,8,0,15,1,d,s,21,d,s,6,0,d,d
I995,0,24,5,8,0,s,0,26,9,21,2,4,12,0,14,1,25,8,0,15,1,7,s,21,0,0,s,0,2,18
I996,0,24,5,8,35,s,0,26,9,s,2,4,12,7,14,1,25,8,0,15,1,7,s,21,0,0,s,0,2,18
1509,d,24,5,8,35,s,0,26,9,s,2,4,12,d,14,d,d,8,0,15,1,7,s,d,0,0,s,0,2,18
1508,0,d,5,d,35,s,0,26,9,s,2,4,d,7,14,1,d,8,0,15,1,d,s,21,0,0,s,0,2,s
I997,0,24,5,8,0,s,0,26,9,21,2,4,12,0,14,1,25,8,0,15,1,7,s,21,0,0,s,0,2,18
1395,0,24,5,8,0,s,0,26,9,21,2,4,12,0,14,d,25,8,0,15,d,7,s,21,0,0,s,7,2,18
1394,d,24,5,8,0,s,0,26,9,21,2,4,12,0,14,1,25,8,0,15,d,7,s,21,0,d,s,0,2,18
I998,0,24,0,8,0,s,0,26,9,21,2,4,12,0,14,1,25,8,0,15,1,s,s,21,0,0,0,0,2,18
I999,0,24,0,8,0,s,0,s,9,21,2,s,12,0,14,1,25,8,0,15,1,s,s,21,0,0,0,0,2,18
I1000,0,24,0,8,0,s,23,s,9,21,2,s,12,0,14,1,25,8,s,15,1,s,s,21,0,0,0,0,2,18
2015,0,d,0,8,0,s,23,s,9,21,2,s,12,6,14,1,25,8,s,15,1,s,s,21,0,s,0,0,2,d
1032,0,24,7,8,0,s,23,s,9,21,2,s,d,0,14,1,d,8,s,15,d,s,s,d,0,0,0,0,d,18
1987,0,24,0,8,0,s,0,s,9,d,d,s,12,d,14,1,25,8,0,15,1,s,s,d,0,0,0,0,2,18
I1004,0,24,0,8,15,s,0,26,9,21,2,4,12,9,14,1,25,8,0,15,1,s,s,21,0,0,0,0,2,18
I1005,0,24,0,8,15,s,0,26,9,21,2,4,12,9,14,1,25,8,0,15,1,s,s,21,s,0,0,0,2,18
I1006,0,24,0,8,15,s,0,26,9,21,2,4,12,9,14,1,25,8,5,15,1,s,s,21,s,0,0,0,2,18
2005,0,24,0,8,15,s,0,26,9,d,d,4,12,d,14,1,25,8,5,15,1,s,s,d,s,0,d,0,2,18
2004,0,24,0,8,15,s,0,d,9,d,2,4,12,9,14,1,25,8,5,15,1,s,s,21,s,0,0,0,2,18
1010,0,d,0,d,15,s,0,26,9,21,2,4,12,9,14,1,25,8,d,d,d,s,s,21,s,12,0,0,2,18
I1007,0,s,0,8,15,s,0,26,9,21,2,4,12,9,14,1,25,8,0,15,1,s,s,21,0,0,0,0,2,18
I1008,0,s,0,8,15,s,0,26,9,21,2,4,12,9,14,1,25,8,0,15,1,s,s,21,0,0,0,0,2,18
1979,0,s,0,8,15,s,0,26,9,21,2,4,12,9,14,1,25,8,0,15,1,s,s,21,d,0,0,0,2,d
1978,0,s,d,8,15,s,0,26,9,21,2,4,12,9,14,1,25,8,0,15,1,s,s,21,0,0,0,0,2,18
1038,0,s,0,8,15,s,d,26,d,21,d,4,12,9,s,1,25,8,0,15,1,s,s,21,0,18,0,0,2,18
I1009,0,24,0,0,0,s,0,26,9,21,2,4,12,0,14,0,25,8,3,15,1,7,s,21,0,11,0,7,2,18
I1010,0,24,0,0,0,s,0,26,9,21,2,4,12,0,14,0,25,8,3,15,1,7,s,21,0,11,s,7,2,18
I1013,0,24,0,0,22,s,0,26,9,21,2,4,12,0,14,0,25,8,3,15,1,7,s,21,0,11,s,7,2,18
1115,0,24,0,0,22,s,0,26,9,21,2,d,12,0,14,0,25,8,3,15,1,d,s,21,0,11,s,7,2,18
1114,0,24,0,0,22,s,0,26,9,21,2,4,d,0,d,1,25,s,3,15,1,7,s,21,0,11,s,d,2,18
I1014,0,24,0,0,0,s,0,26,9,21,2,4,12,0,14,0,25,8,3,15,1,7,s,21,0,11,s,7,2,18
1120,0,24,1,0,0,s,d,26,9,21,2,d,12,0,14,0,25,s,3,15,1,7,s,21,0,11,s,7,2,18
I1016,0,24,1,0,0,s,0,26,9,21,2,4,12,0,14,0,25,8,3,15,1,7,s,21,7,11,s,7,2,18
1163,0,24,1,0,0,s,0,26,9,21,2,4,12,0,14,0,25,8,3,15,1,7,s,21,7,11,s,7,2,18
1162,0,d,s,d,0,s,0,d,9,21,d,d,12,0,14,0,25,8,3,15,s,7,s,21,7,11,s,7,d,18
1337,4,24,1,0,0,s,21,26,9,21,2,4,12,0,d,0,25,8,3,d,d,7,s,d,9,11,0,7,2,18
