cell,r1,r2,r3,r4,r5,r6,r7,r8,r9,r10,r11,r12,r13,r14,r15,r16,r17,r18,r19,r20,r21,r22,r23,r24,r25,r26,r27,r28,r29,r30
I1,0,0,0,0,0,0,0,0,0,0,0,0,0,0,0,0,0,0,0,0,0,0,0,0,0,17,0,0,0,0
I2,0,0,0,0,0,0,0,0,0,0,0,0,0,0,0,0,0,0,0,0,0,0,0,0,s,17,0,0,0,0
I3,0,0,7,0,0,0,0,0,4,0,0,0,0,0,0,0,13,0,0,0,1,0,0,17,s,17,6,0,2,0
I4,0,2,7,0,0,0,0,0,4,1,0,0,0,0,0,0,13,0,0,0,1,0,0,17,s,17,6,5,2,0
I5,0,2,7,0,0,0,0,0,4,1,0,0,0,0,0,0,13,0,0,0,1,16,0,17,s,17,6,5,2,0
I6,0,2,7,0,0,0,0,0,4,1,0,0,0,6,11,0,13,0,0,0,1,16,0,17,s,17,6,5,2,0
I7,0,2,7,0,0,0,0,0,4,1,4,0,0,6,11,0,13,0,2,s,1,16,0,17,s,17,6,5,2,0
I8,0,2,7,2,0,0,0,0,4,1,4,0,0,6,11,0,13,0,2,s,1,16,0,17,s,17,6,5,2,1
1980,0,2,7,2,s,0,0,0,4,1,s,d,0,d,11,0,13,0,2,s,d,16,0,d,s,d,6,d,2,1
1627,0,2,7,2,s,0,0,0,4,1,d,0,0,6,11,d,d,1,d,s,1,16,0,17,s,17,6,5,2,1
I15,0,2,7,0,0,0,0,0,4,1,4,0,0,6,11,0,13,0,2,s,1,16,0,17,s,17,6,5,2,0
I16,0,2,7,0,0,15,0,0,4,1,4,0,0,6,11,6,13,0,2,s,1,16,0,17,s,17,6,5,2,0
I17,0,2,7,0,0,15,13,0,4,1,4,0,0,6,11,6,13,0,2,s,1,16,0,17,s,17,6,5,2,3
1311,0,d,7,0,0,d,13,0,4,1,4,0,d,6,11,d,13,0,2,s,d,d,0,17,s,17,d,5,2,3
1310,0,2,7,d,0,d,13,0,4,d,4,0,0,6,d,6,13,0,2,s,1,16,0,17,s,17,6,d,2,3
1420,d,2,7,d,d,15,0,1,4,1,4,0,d,6,d,6,13,1,2,s,d,16,0,17,s,17,6,5,2,0
I19,0,2,7,0,0,0,0,1,4,1,4,0,0,6,11,0,13,0,2,s,1,16,0,17,s,17,6,5,2,0
1283,0,2,7,0,0,0,d,1,4,1,4,0,0,6,11,0,13,0,2,s,1,16,0,17,s,17,6,5,d,0
I21,0,2,7,0,0,0,0,1,4,1,4,0,s,6,11,0,13,0,2,s,1,16,0,17,s,17,6,5,2,0
1599,0,2,7,0,0,d,0,1,4,1,4,0,s,6,11,0,13,d,2,s,1,16,d,17,s,d,6,5,2,0
1598,0,2,7,0,0,0,0,d,4,1,4,0,s,6,11,0,13,0,2,s,d,16,0,17,s,17,6,5,2,0
I22,0,2,7,0,0,15,0,0,4,1,0,0,0,6,11,0,13,0,0,0,1,16,0,17,s,17,6,5,2,0
I27,0,2,7,0,0,15,5,0,4,1,0,8,38,6,11,0,13,0,s,1,1,16,0,17,s,17,6,5,2,0
I28,s,2,7,0,0,15,5,0,4,1,0,8,38,6,11,0,13,0,s,1,1,16,16,17,s,17,6,5,2,1
1435,s,2,7,s,0,15,5,0,d,1,0,8,38,6,11,d,d,d,s,1,1,16,16,17,s,17,d,5,2,1
1434,s,2,7,0,0,15,5,0,4,1,0,8,38,d,11,0,13,0,s,1,d,d,16,17,s,17,6,5,2,1
1333,0,2,7,0,0,15,5,0,4,1,5,d,38,6,11,4,13,0,s,1,1,16,0,17,s,17,d,5,2,0
I30,0,2,7,0,0,15,0,0,4,1,s,0,0,6,11,0,13,0,0,0,1,16,24,17,s,17,6,5,2,0
I32,0,2,7,2,0,15,0,s,4,1,s,0,0,s,11,0,13,0,0,0,1,16,24,17,s,17,6,5,s,0
1521,0,2,7,d,0,15,0,s,4,1,s,0,d,s,11,0,13,0,0,d,1,16,24,d,s,17,6,d,s,d
1520,0,2,7,2,0,15,d,s,d,1,s,0,0,s,11,0,13,d,0,d,1,16,24,d,s,17,6,5,s,d
1491,26,d,7,s,d,15,0,d,d,d,s,0,d,d,s,0,13,0,0,3,1,16,24,17,s,17,6,5,2,0
I37,0,2,7,0,0,0,0,0,4,1,0,0,0,0,0,0,13,0,0,2,1,16,0,17,s,17,6,5,2,0
I38,s,2,7,0,0,33,0,0,4,1,0,0,0,0,0,0,13,1,0,2,1,16,0,17,s,17,6,5,2,0
I39,s,2,7,2,0,33,0,2,4,1,0,0,s,0,16,0,13,1,0,2,1,16,s,17,s,17,6,5,2,0
1523,s,2,7,2,0,33,0,2,4,d,0,0,s,0,16,0,13,1,4,2,1,d,s,s,s,17,6,5,2,1
I43,s,2,7,2,0,33,0,2,4,1,0,0,s,0,16,0,13,1,0,2,1,16,s,17,s,17,6,5,2,0
1448,s,2,d,s,0,33,0,2,4,1,4,0,s,0,16,0,13,1,0,2,1,s,s,17,s,17,s,5,2,1
I45,s,2,7,2,0,33,0,2,4,1,0,0,s,0,16,0,13,1,0,2,1,16,s,17,s,17,6,5,2,0
1349,s,2,7,2,d,33,0,2,4,1,0,0,s,0,d,s,13,d,0,2,1,16,s,d,s,d,6,5,d,d
1348,s,2,7,2,0,33,0,2,4,1,0,0,s,0,d,0,13,1,0,2,d,16,s,17,s,d,6,5,2,0
I46,s,2,7,0,0,33,0,0,4,1,0,0,0,0,0,4,13,1,0,2,1,16,0,17,s,17,6,5,2,0
I47,s,2,7,0,0,33,15,0,4,1,0,0,1,0,0,4,13,1,0,2,1,s,0,17,s,17,6,5,2,0
I48,s,2,7,0,0,33,15,0,4,1,0,0,s,s,0,4,13,1,0,2,1,s,0,17,s,17,6,5,2,0
1970,s,2,7,0,0,33,15,0,4,1,0,0,s,s,0,4,13,1,0,2,1,s,0,d,s,17,6,5,2,0
1052,s,2,7,0,0,33,15,0,4,1,0,0,s,s,6,4,13,1,4,2,1,s,0,17,s,d,6,5,2,1
1192,s,2,7,0,0,33,d,1,4,1,0,0,1,0,d,s,13,1,0,2,1,s,0,17,s,d,d,5,2,0
I51,s,2,7,0,0,33,0,0,4,1,0,0,0,0,0,4,13,1,0,2,1,16,0,17,s,17,6,5,s,0
I52,s,s,7,0,0,33,0,0,4,1,0,0,0,0,0,4,13,1,0,2,1,16,0,17,s,17,6,5,s,0
1125,s,s,7,0,0,33,0,0,4,1,0,0,0,0,0,4,13,1,0,d,1,16,0,17,s,17,d,5,s,0
1124,s,s,d,0,0,33,0,0,4,1,0,0,0,0,0,d,13,1,0,2,1,16,s,17,s,17,s,5,s,0
I53,s,2,7,0,0,33,0,0,4,1,0,0,0,0,0,4,13,1,0,2,1,16,0,17,s,17,6,5,s,0
1035,s,2,7,d,0,d,0,d,4,1,0,0,0,6,0,s,13,1,0,2,1,16,3,17,s,17,6,5,s,d
1034,s,2,7,0,0,33,5,2,4,1,0,0,0,0,d,4,13,1,0,2,1,16,0,17,s,17,6,5,s,0
I54,0,2,7,0,0,0,13,0,4,1,0,s,0,0,0,0,13,0,0,2,1,16,0,17,s,17,6,5,2,0
I59,0,2,7,0,0,0,13,0,4,1,0,s,0,0,2,0,13,0,4,2,1,16,0,17,s,17,6,5,2,1
1411,0,2,7,0,0,6,13,0,4,1,0,s,0,0,2,0,13,0,d,2,d,16,0,17,s,17,6,5,2,1
1482,d,2,d,0,0,0,13,d,4,1,0,s,0,0,2,9,13,0,4,2,1,16,0,17,s,17,6,d,2,d
I66,0,2,7,0,0,6,13,0,4,1,0,s,0,0,0,0,13,0,0,2,1,16,10,17,s,17,6,5,2,0
1457,0,2,7,0,d,6,13,0,d,1,0,s,0,0,0,0,13,d,0,2,1,d,10,17,s,17,6,5,2,0
1339,0,2,7,0,0,6,13,0,d,1,0,s,0,0,0,0,13,0,4,s,1,16,10,d,s,17,6,5,2,0
I69,0,2,7,0,0,0,0,0,4,1,0,0,0,0,0,0,13,0,0,0,1,0,0,17,s,17,6,5,2,0
I70,0,2,7,0,0,0,0,0,4,1,0,0,0,0,0,0,13,0,0,0,1,0,12,17,s,17,6,5,2,0
I71,0,2,7,2,0,0,0,0,4,1,4,0,0,0,0,0,13,0,0,0,1,0,12,17,s,17,6,5,2,0
I72,0,2,7,2,0,0,0,0,4,s,4,0,0,0,0,0,13,0,0,0,1,0,12,17,s,17,6,5,2,0
I75,0,2,7,2,0,0,10,0,4,s,4,0,0,0,0,0,13,0,2,0,1,2,12,17,s,17,6,5,2,0
1151,d,2,7,2,0,d,d,1,4,s,4,0,0,0,s,0,d,0,2,0,1,2,12,17,s,d,6,5,2,0
1150,0,2,7,2,0,d,10,d,4,s,4,d,0,0,0,d,13,0,2,19,1,d,12,17,s,17,6,5,2,0
1159,0,2,7,d,d,0,0,0,s,s,s,0,0,0,d,9,13,s,4,d,1,0,d,d,s,17,6,5,2,1
I79,2,2,7,2,0,0,13,0,4,1,4,0,0,0,0,0,13,0,0,s,1,0,12,17,s,17,6,5,2,0
I80,2,2,7,2,0,0,13,2,4,1,4,0,0,2,0,0,13,1,4,s,1,0,12,17,s,17,6,5,2,0
1342,2,2,7,2,0,0,13,2,4,1,4,0,0,s,0,0,13,1,4,s,1,0,12,17,s,17,6,5,d,1
1718,2,d,7,2,0,0,13,2,4,1,4,0,12,2,0,0,13,1,4,s,1,0,12,d,s,17,6,d,2,0
I84,2,2,7,2,0,s,13,0,4,1,4,0,0,0,0,21,13,s,0,s,1,0,12,17,s,17,6,5,2,0
1111,2,2,7,2,1,s,13,0,4,1,4,d,d,0,0,21,13,s,0,s,1,0,12,d,s,17,6,5,2,0
1110,2,d,7,2,0,s,13,0,4,1,4,0,d,23,0,21,13,s,0,s,1,0,12,17,s,17,6,5,2,0
I87,0,2,7,2,1,0,18,0,4,1,0,0,0,0,0,0,13,0,0,0,1,0,12,17,s,17,6,5,2,0
I88,0,2,7,2,1,0,18,0,4,1,0,0,0,0,0,0,13,0,0,0,1,0,12,17,s,17,6,5,2,0
1190,0,2,7,d,1,0,18,0,4,1,d,s,0,6,0,0,13,0,0,0,1,0,12,17,s,17,6,5,2,0
I94,0,2,7,2,1,0,18,0,4,1,0,0,0,0,0,0,13,0,0,0,1,0,12,17,s,17,6,5,2,0
1377,0,2,7,2,1,30,18,0,4,1,d,8,0,0,0,0,13,d,0,0,1,0,12,17,s,17,6,5,2,0
1376,0,2,7,2,1,0,18,d,4,1,0,0,0,0,0,0,d,0,0,0,1,0,d,17,s,17,6,5,2,0
I95,0,2,7,2,1,0,18,0,4,1,0,0,0,0,0,0,13,0,0,0,1,0,12,17,s,17,6,5,2,0
I98,0,2,7,2,1,0,18,0,4,1,0,0,0,0,0,0,13,0,0,0,1,0,12,17,s,17,s,5,2,0
1079,0,2,7,2,1,25,18,0,4,1,d,0,0,0,0,0,d,0,0,d,1,0,12,17,s,17,s,5,2,0
1078,0,d,7,2,1,d,18,0,4,d,0,0,0,0,0,0,13,0,0,0,1,0,12,17,s,17,s,5,2,0
1172,d,2,7,2,1,0,18,0,4,1,0,0,0,0,16,0,13,0,d,12,1,0,12,17,s,17,6,5,2,0
I102,0,2,7,0,0,0,0,0,4,1,0,0,0,0,6,14,13,0,0,0,1,0,0,17,s,17,6,5,2,0
I103,0,2,7,0,0,0,0,0,4,1,0,0,0,0,6,14,13,0,0,0,1,0,0,17,s,17,6,5,2,0
I104,0,2,7,0,0,0,0,0,4,1,0,0,0,0,6,14,13,0,0,3,1,0,0,17,s,17,6,5,2,0
1972,17,2,7,0,0,s,0,0,4,s,d,8,1,0,6,14,s,0,0,d,1,0,0,17,s,17,6,5,2,0
I109,s,2,7,2,0,0,0,0,4,1,4,0,0,0,6,14,13,0,0,3,1,0,0,17,s,17,6,5,2,0
I110,s,2,7,s,0,0,2,0,4,1,4,0,0,0,6,14,13,0,0,3,1,0,0,17,s,17,6,5,2,0
1866,s,2,7,s,0,0,d,0,4,1,4,0,0,0,s,14,13,0,0,3,1,0,d,17,s,d,6,5,2,1
1885,s,2,7,s,0,0,2,d,4,1,4,0,0,0,d,14,13,0,0,3,1,3,d,17,s,17,6,5,2,0
I114,s,2,7,2,0,0,0,2,4,1,4,8,0,11,6,14,13,1,0,3,1,0,0,17,s,17,6,5,2,0
2045,s,2,7,d,0,d,d,2,4,1,d,8,0,11,6,14,d,1,0,3,1,0,0,17,s,17,6,5,d,0
2044,s,d,7,2,0,0,0,2,4,1,4,8,0,11,d,14,13,1,0,3,d,0,d,d,s,17,6,5,2,d
I116,0,2,7,0,0,11,0,0,4,1,4,0,3,s,6,14,13,0,0,0,1,0,0,17,s,17,6,5,2,0
1049,27,2,7,2,1,11,5,0,4,1,4,0,d,s,6,14,13,1,0,0,1,0,0,d,s,17,6,d,2,0
I120,0,2,7,0,0,11,0,0,4,1,4,0,3,s,6,14,13,0,1,0,1,0,0,17,s,17,6,5,2,0
1022,d,2,7,s,0,11,0,1,4,1,4,0,3,s,6,14,13,0,1,d,s,0,d,17,s,17,6,5,2,0
I122,0,2,7,0,0,11,0,0,4,1,4,0,3,s,6,14,13,0,1,0,1,0,0,17,s,17,6,5,2,1
983,5,2,7,0,0,11,0,d,4,d,4,8,d,s,d,14,13,1,1,0,d,0,0,17,s,17,6,5,2,1
1965,0,2,7,0,0,11,0,0,4,d,4,0,3,s,6,14,13,0,1,0,1,0,d,17,s,17,6,5,2,1
I124,0,2,7,0,0,0,0,0,4,1,0,0,0,0,6,14,13,0,0,0,1,0,0,17,s,17,6,5,2,1
I125,0,2,7,0,0,0,0,0,4,1,0,0,0,0,6,14,13,1,0,0,1,0,0,17,s,17,6,5,2,1
I126,0,2,7,0,0,0,13,1,s,1,4,0,0,0,6,14,13,1,0,0,1,0,33,17,s,17,6,5,2,1
1301,d,2,7,0,1,d,13,1,s,1,4,d,38,0,6,14,13,1,s,25,1,5,33,17,s,d,s,d,d,1
1132,d,d,7,0,0,0,13,d,s,1,4,5,0,0,6,14,d,d,0,0,d,d,33,17,s,s,6,s,d,1
1726,s,2,7,2,0,0,0,1,4,1,4,0,0,0,d,14,13,1,0,0,1,0,0,17,s,17,6,5,2,d
I132,0,2,7,0,0,0,0,0,4,1,0,0,0,0,6,14,13,0,0,0,1,0,16,17,s,17,6,5,2,1
I133,0,2,7,0,0,0,0,0,4,1,0,0,0,0,6,14,13,0,0,0,1,16,16,17,s,17,6,5,2,1
I134,0,2,7,0,0,0,0,0,4,1,0,0,0,0,6,14,13,1,0,0,1,16,16,17,s,17,6,5,2,1
1095,0,2,d,0,0,0,0,0,4,d,0,8,38,d,d,14,13,1,4,d,1,16,16,17,s,d,6,d,2,1
1094,0,2,d,0,0,0,0,0,4,1,0,d,0,0,6,14,13,1,0,0,1,d,16,17,s,17,6,d,2,1
1045,0,2,7,0,0,0,7,0,4,1,0,0,0,0,6,14,13,d,s,0,1,16,d,17,s,17,6,5,2,1
1080,0,2,7,2,1,0,0,d,4,1,0,0,3,d,d,s,13,0,0,0,1,0,16,17,s,17,d,5,d,1
I139,0,0,7,0,0,0,0,0,4,0,0,0,0,0,0,s,13,1,0,0,1,0,0,17,s,s,6,0,2,0
I140,0,0,7,0,0,0,26,2,4,0,0,0,0,0,0,s,13,1,0,0,1,15,0,17,s,s,6,0,2,0
I141,0,0,7,0,0,0,26,2,4,0,0,0,0,0,0,s,13,1,0,31,1,15,0,17,s,s,6,0,2,0
I142,0,12,7,0,0,0,26,2,4,0,0,0,1,0,0,s,13,1,0,31,1,15,0,17,s,s,6,0,2,0
I143,0,12,7,0,1,0,26,2,4,0,0,0,1,s,0,s,13,1,0,31,1,15,0,17,s,s,6,0,2,0
I144,0,12,7,0,1,0,26,2,4,0,0,0,1,s,0,s,13,1,0,31,1,15,0,17,s,s,6,0,2,0
1763,0,d,7,0,1,0,s,2,4,0,0,0,1,s,d,s,13,d,0,31,1,15,0,17,s,s,6,0,2,0
1784,0,12,7,0,1,d,26,s,4,0,0,0,1,s,0,s,13,1,d,31,1,15,0,17,s,s,6,0,2,0
I147,0,12,7,2,1,0,26,2,4,0,0,0,1,s,s,s,13,1,0,31,1,15,0,17,s,s,6,0,2,0
1893,29,12,7,d,1,0,26,2,4,0,0,0,d,s,s,s,13,1,0,31,1,15,0,17,s,s,6,0,2,0
I149,0,12,7,2,1,30,26,2,4,0,0,0,1,s,s,s,13,1,0,31,1,15,0,17,s,s,6,0,2,0
1805,0,12,7,2,1,30,26,2,4,d,0,d,1,s,s,s,13,1,d,d,1,d,0,17,s,s,d,0,2,0
1804,0,12,7,2,d,30,26,2,d,d,0,0,d,s,s,s,13,1,0,31,1,15,0,17,s,s,6,d,2,0
I150,0,12,7,0,1,0,26,2,4,0,0,0,1,0,0,s,13,1,0,31,1,15,0,17,s,s,6,0,2,0
I151,0,12,7,0,1,0,26,2,4,0,0,0,1,0,0,s,13,1,0,31,1,15,0,17,s,s,6,0,2,0
1747,0,12,7,0,1,d,26,2,4,d,0,0,1,5,0,s,13,1,0,31,1,15,0,17,s,s,6,0,d,0
988,0,12,7,0,1,0,26,2,4,1,0,0,1,0,0,s,13,1,d,31,1,15,12,17,s,s,d,0,2,d
1092,0,12,7,0,1,0,26,2,4,d,0,0,1,0,0,s,13,1,0,31,d,15,0,d,s,s,6,0,2,d
I154,0,0,7,0,0,0,26,2,4,0,0,0,0,0,0,s,13,1,0,31,s,15,0,17,s,s,6,13,2,0
I155,0,0,7,0,0,0,26,2,4,0,0,0,0,11,0,s,13,1,0,31,s,15,0,17,s,s,6,13,2,0
I156,0,0,7,2,0,0,s,2,4,2,0,0,0,11,11,s,13,1,0,31,s,15,0,17,s,s,6,13,2,0
1743,0,d,d,2,0,0,s,2,4,2,4,d,0,11,11,s,13,1,4,31,s,15,10,17,s,s,d,13,2,0
976,d,0,7,2,0,d,s,2,4,2,d,0,0,11,11,s,13,1,0,d,s,d,0,17,s,s,d,13,2,0
1724,0,0,7,0,0,30,d,2,4,d,4,0,0,11,d,s,d,d,0,31,s,15,0,17,s,s,6,13,d,d
I161,0,0,7,0,0,1,26,2,4,0,0,0,0,0,0,s,13,1,0,31,s,15,0,17,s,s,6,13,2,0
I162,0,0,7,0,1,1,26,2,4,0,0,0,0,0,0,s,13,1,0,31,s,15,0,17,s,s,6,13,2,0
I163,0,0,7,0,1,1,26,2,4,0,0,0,0,0,0,s,13,1,0,31,s,15,0,17,s,s,6,13,2,0
1365,0,0,7,d,d,1,26,2,4,0,0,0,0,0,0,s,13,1,0,31,s,15,d,17,s,s,d,13,2,0
1364,0,0,7,0,1,1,26,d,4,1,0,0,d,d,0,s,13,1,0,d,s,15,0,d,s,s,6,13,2,0
I164,0,0,7,0,1,1,26,2,4,0,0,8,s,0,0,s,13,1,0,31,s,15,0,17,s,s,6,13,2,0
1669,0,0,7,0,d,1,26,2,4,0,0,8,s,0,0,s,13,1,0,31,s,15,0,17,s,s,6,13,2,0
1668,0,0,7,0,1,1,d,2,4,0,0,d,s,0,d,s,13,1,0,31,s,15,0,17,s,s,6,13,2,0
I165,0,0,7,0,0,1,26,2,4,s,0,0,0,0,0,s,13,1,0,31,s,15,0,17,s,s,6,13,2,0
1903,0,0,7,0,0,1,d,2,4,s,0,0,0,d,0,s,13,1,d,31,s,15,0,17,s,s,6,13,d,d
1667,0,0,7,0,0,1,26,2,d,s,0,0,0,25,0,s,13,1,0,d,s,15,0,17,s,s,6,d,2,0
I168,0,0,7,0,0,0,26,2,4,0,0,8,0,0,0,s,13,1,0,0,1,15,0,17,s,s,6,0,2,0
I169,0,0,7,0,0,0,26,2,4,0,0,8,0,0,0,s,13,1,0,0,s,15,0,17,s,s,6,0,2,1
I170,0,4,7,0,0,0,26,2,4,0,0,8,0,0,0,s,13,1,0,0,s,15,0,17,s,s,6,0,2,1
I171,0,4,7,0,0,0,26,2,4,0,0,8,0,0,0,s,13,1,0,0,s,15,5,17,s,s,6,0,2,1
1814,3,4,7,0,0,0,26,d,4,0,3,8,0,0,0,s,13,1,0,0,s,15,5,17,s,s,6,0,2,d
1887,0,4,7,0,0,0,d,2,d,d,0,8,d,0,d,s,d,1,0,0,s,15,5,d,s,s,6,0,2,1
I174,0,4,7,0,0,s,26,2,4,1,0,8,5,0,17,s,13,1,0,0,s,15,0,17,s,s,6,0,2,1
1943,0,d,7,0,d,s,26,d,d,1,0,8,5,0,17,s,13,1,0,0,s,15,d,17,s,s,6,0,2,1
2009,d,4,7,0,0,s,d,d,4,1,0,8,5,0,17,s,13,1,0,0,s,15,4,17,s,s,6,0,2,1
I178,0,0,7,0,0,0,26,2,4,1,4,8,0,0,0,s,13,1,0,0,s,15,0,17,s,s,6,0,2,1
I179,0,0,7,0,0,0,26,2,4,1,4,8,11,0,0,s,13,1,0,0,s,15,0,17,s,s,6,0,2,1
1859,0,0,7,0,0,0,26,2,4,1,4,8,11,0,0,s,13,1,0,0,s,15,0,17,s,s,6,0,2,1
1858,0,0,7,0,0,0,26,2,4,1,4,8,d,d,d,s,13,1,0,0,s,15,0,17,s,s,d,0,2,1
1879,0,0,d,0,0,0,26,d,4,1,4,8,d,s,0,s,d,d,0,0,s,15,d,17,s,s,6,0,d,1
I183,0,0,7,0,0,s,26,2,4,0,0,8,0,10,0,s,13,1,0,0,1,15,s,17,s,s,6,0,2,0
I184,0,41,7,0,0,s,26,2,s,0,0,8,0,10,0,s,13,1,0,0,1,15,s,17,s,s,6,0,2,0
I185,0,41,7,0,3,s,26,2,s,0,0,8,0,10,0,s,13,1,0,0,1,15,s,17,s,s,6,0,2,0
I186,0,s,7,2,3,s,26,2,s,0,0,8,0,10,0,s,13,1,0,0,1,15,s,17,s,s,6,0,2,0
1575,0,s,7,2,3,s,26,2,s,0,0,d,0,10,d,s,13,1,0,0,1,15,s,17,s,s,6,0,2,0
1574,0,s,7,2,3,s,26,d,s,0,0,8,0,d,0,s,13,1,0,0,d,15,s,17,s,s,6,8,2,0
1715,0,d,7,0,3,s,26,2,s,d,0,8,0,10,0,s,d,1,0,19,1,15,s,17,s,s,d,0,2,1
1765,d,41,7,d,1,s,26,d,s,0,0,8,0,10,d,s,13,1,0,d,1,15,s,17,s,s,6,d,2,0
I191,0,0,7,0,0,s,26,2,4,0,0,8,0,10,0,s,13,1,0,0,1,15,s,17,s,s,6,0,2,0
I192,0,0,7,0,0,s,26,2,4,0,0,8,0,10,0,s,13,1,0,0,1,15,s,17,s,s,6,0,2,0
I193,5,0,7,0,0,s,26,2,4,0,4,8,0,10,0,s,13,1,0,0,1,15,s,17,s,s,6,0,2,0
1793,5,0,7,0,0,s,d,2,4,d,4,8,2,10,0,s,13,1,0,0,d,d,s,17,s,s,6,0,2,0
1792,5,0,d,0,0,s,26,2,4,d,4,8,0,d,d,s,13,1,0,d,1,15,s,17,s,s,6,0,d,0
1544,0,0,s,0,0,s,26,2,4,0,0,8,0,10,d,s,d,1,0,0,1,15,s,17,s,s,6,0,2,1
1537,0,5,7,0,0,s,26,2,4,0,d,8,0,10,0,s,13,1,0,0,1,15,s,d,s,s,6,0,2,d
I198,0,0,7,1,0,0,0,0,4,0,0,0,0,0,0,s,13,1,0,s,1,0,0,17,s,s,6,0,2,0
I199,0,0,7,1,0,0,0,0,4,0,4,0,0,0,0,s,13,1,0,s,1,0,0,17,s,s,6,0,2,0
I200,0,11,7,1,0,0,0,0,4,0,4,0,0,0,0,s,s,1,0,s,1,0,0,17,s,s,6,12,2,0
I201,0,11,7,1,0,0,0,0,4,0,4,0,0,0,0,s,s,1,0,s,1,0,0,17,s,s,6,12,2,1
1043,0,11,7,1,0,0,d,1,4,0,d,9,0,0,0,s,s,1,0,s,1,0,0,17,s,s,6,12,2,1
I203,0,11,7,1,0,0,s,0,4,0,4,0,0,0,0,s,s,1,0,s,1,0,0,17,s,s,6,12,2,1
2036,0,11,d,1,0,31,s,0,4,d,4,0,0,0,d,s,s,1,0,s,d,0,0,17,s,s,d,12,2,1
1056,0,11,d,1,0,d,s,0,4,d,4,0,0,0,0,s,s,1,d,s,d,d,0,17,s,s,6,12,d,1
I205,0,11,7,1,0,0,0,0,4,0,4,0,0,0,0,s,s,1,0,s,1,0,3,17,s,s,6,12,2,0
1952,0,11,7,1,0,0,d,0,4,0,4,0,0,0,0,s,s,1,2,s,1,0,d,17,s,s,6,12,2,0
I209,0,11,7,1,0,15,0,0,4,0,4,0,0,0,0,s,s,1,0,s,1,0,3,17,s,s,6,12,2,0
1025,0,d,7,1,0,15,0,0,d,0,4,0,0,0,0,s,s,1,0,s,1,0,3,17,s,s,d,12,2,0
1024,0,11,7,1,0,15,0,0,4,0,4,0,0,0,0,s,s,1,d,s,1,0,3,17,s,s,6,12,2,0
I210,0,0,7,1,0,0,13,0,4,0,4,0,0,0,0,s,13,1,0,s,1,0,0,17,s,s,6,0,2,0
I211,0,0,7,1,0,0,13,0,4,0,4,0,0,6,0,s,13,1,0,s,1,0,0,17,s,s,6,s,2,0
1040,d,0,7,1,1,0,13,0,4,0,4,9,0,6,12,s,13,d,0,s,1,0,0,17,s,s,6,s,2,0
I213,0,0,7,1,0,0,13,0,4,0,4,0,0,6,0,s,13,1,0,s,1,3,0,17,s,s,6,s,2,0
2006,0,0,d,1,0,0,13,0,d,0,4,5,0,6,0,s,13,1,d,s,1,3,0,17,s,s,6,s,2,0
I215,0,0,7,1,0,0,13,0,4,0,4,0,0,6,0,s,13,1,0,s,1,3,0,17,s,s,6,s,2,0
2013,0,0,7,1,d,0,13,d,4,0,4,d,d,d,d,s,13,1,0,s,1,3,0,17,s,s,6,s,2,d
2012,0,0,7,1,d,d,13,0,4,0,4,0,0,6,d,s,13,1,0,s,1,3,0,17,s,s,6,s,2,0
I216,0,0,7,1,0,0,13,0,4,0,4,0,0,0,0,s,13,1,0,s,1,0,0,17,s,s,6,0,2,0
1648,d,52,7,1,d,0,13,1,4,0,4,0,0,0,0,s,13,1,0,s,1,2,0,17,s,s,6,d,2,0
I222,0,48,7,1,0,0,13,1,4,0,4,0,0,0,0,s,13,1,0,s,1,0,0,17,s,s,6,3,2,1
1427,0,48,7,1,0,0,d,1,4,0,4,0,0,0,0,s,d,1,0,s,1,0,0,17,s,s,6,3,2,d
1426,0,48,7,1,0,0,d,1,4,0,4,0,0,0,0,s,13,d,0,s,1,0,0,17,s,s,6,3,d,1
I223,0,0,7,1,0,0,0,0,4,0,0,0,0,0,0,s,13,1,0,s,1,0,0,17,s,s,6,0,s,0
I224,0,0,7,1,0,0,0,0,4,0,0,0,0,0,0,s,13,1,0,s,1,0,0,17,s,s,6,0,s,0
I225,0,0,7,1,0,6,0,0,4,0,0,0,0,0,0,s,13,1,0,s,1,0,9,17,s,s,6,0,s,0
I226,0,0,7,1,0,6,0,0,4,0,0,0,0,0,s,s,13,1,0,s,1,0,9,17,s,s,6,0,s,0
1548,d,0,7,1,0,6,11,d,4,d,0,0,0,0,s,s,13,1,0,s,1,0,9,17,s,s,6,6,s,0
1595,d,d,7,1,0,6,d,0,d,d,d,0,0,0,s,s,d,1,0,s,d,0,9,17,s,s,6,d,s,0
I229,0,0,7,1,0,6,0,0,4,0,0,0,0,0,0,s,13,1,0,s,1,0,9,17,s,s,6,0,s,0
1832,20,47,7,d,4,6,1,0,4,0,0,0,0,0,10,s,13,1,4,s,1,0,9,17,s,s,6,0,s,0
1661,5,0,7,1,0,6,0,0,4,0,0,0,0,0,0,s,13,1,0,s,1,0,9,17,s,s,6,0,s,0
I232,0,0,7,1,0,0,0,0,4,0,0,0,0,0,0,s,13,1,0,s,1,11,0,17,s,s,6,0,s,0
1487,d,0,s,1,1,0,d,0,4,0,0,d,0,19,0,s,13,1,0,s,d,11,d,d,s,s,6,0,s,0
I236,0,0,7,1,0,0,0,0,4,0,0,0,0,0,0,s,13,1,0,s,1,11,0,17,s,s,6,0,s,0
1624,0,0,7,1,1,25,0,0,d,0,d,0,0,0,13,s,13,1,0,s,1,11,5,17,s,s,6,0,s,0
1441,0,0,d,1,0,0,6,0,4,0,0,8,0,0,14,s,d,1,0,s,d,11,0,17,s,s,6,0,s,0
I239,s,0,7,1,0,0,0,0,4,0,0,0,1,0,0,s,13,1,4,s,1,0,0,17,s,s,6,0,s,0
I240,s,0,7,1,0,0,0,0,4,0,0,0,1,0,0,s,13,1,4,s,1,0,0,17,s,s,6,0,s,7
1797,s,d,d,d,0,0,0,0,4,0,0,0,1,0,0,s,d,1,4,s,1,0,0,17,s,s,6,0,s,7
I244,s,0,7,1,0,0,0,0,4,0,0,0,1,0,0,s,13,1,4,s,1,0,0,17,s,s,6,12,s,7
985,s,0,7,1,0,0,0,0,4,0,0,d,1,0,0,s,13,1,d,s,1,4,0,17,s,s,6,12,s,7
I245,s,0,7,1,0,17,0,0,4,0,0,8,1,0,0,s,13,1,4,s,1,0,0,17,s,s,6,12,s,7
2033,s,0,7,1,0,d,0,0,4,0,0,8,1,0,0,s,13,1,4,s,1,0,0,17,s,s,6,d,s,7
2032,s,0,d,1,0,17,0,d,4,0,0,8,1,0,0,s,13,1,4,s,1,0,0,17,s,s,6,12,s,7
I249,s,0,7,1,1,0,13,0,4,0,4,8,1,0,0,s,13,1,4,s,1,0,4,17,s,s,6,4,s,0
1997,s,0,7,1,1,0,13,0,4,d,4,d,1,0,0,s,13,1,4,s,d,0,4,d,s,s,6,4,s,0
1030,s,0,7,1,1,0,13,d,4,2,4,d,1,d,0,s,13,d,4,s,1,0,4,17,s,s,d,4,s,0
I251,0,0,s,0,0,0,0,0,0,0,0,0,0,0,0,0,0,0,0,0,0,0,0,0,s,17,0,0,0,0
I252,0,0,s,0,0,0,0,0,0,0,0,0,0,0,0,0,0,0,0,0,0,0,0,0,s,17,0,0,0,0
I253,0,2,s,2,0,0,0,0,0,0,0,0,0,0,0,9,0,0,0,0,1,0,0,0,s,17,3,0,0,0
I254,0,2,s,2,0,4,0,0,0,0,0,0,0,6,0,9,0,0,0,0,1,0,0,0,s,17,3,11,0,0
I255,0,2,s,2,0,4,0,0,0,0,0,0,0,6,0,9,0,0,0,0,1,0,0,0,s,17,3,11,0,0
I256,0,2,s,2,0,4,0,0,0,0,0,0,0,6,0,9,0,0,0,0,1,0,0,0,s,17,3,11,0,0
I257,0,2,s,2,0,4,0,0,0,0,0,0,0,6,0,9,0,0,0,0,1,0,0,0,s,17,3,11,0,0
1223,3,2,s,d,0,d,0,0,0,0,0,0,0,6,0,9,0,0,0,0,1,d,d,0,s,17,3,11,0,0
1378,0,2,s,2,1,d,0,0,0,0,0,d,0,d,0,9,0,0,d,0,d,0,d,d,s,17,3,11,0,0
1358,29,2,s,2,0,4,0,s,d,1,4,d,d,6,0,9,0,0,0,0,d,0,0,0,s,d,3,11,0,1
I263,0,2,s,2,0,4,0,0,0,0,0,0,0,6,0,9,33,1,0,0,1,0,0,0,s,17,3,11,0,0
1255,0,2,s,2,d,4,0,s,d,1,4,d,37,6,d,9,33,1,3,0,1,0,0,0,s,s,3,11,0,0
I267,0,2,s,2,0,4,0,0,0,0,0,0,0,6,0,9,33,1,0,0,1,0,0,0,s,17,3,11,0,0
I268,0,s,s,2,0,4,0,0,0,0,0,0,0,6,0,9,33,1,0,0,1,0,0,0,s,17,3,11,0,0
1055,0,s,s,2,d,4,0,d,0,d,0,0,0,6,0,d,33,1,0,3,1,0,0,d,s,17,3,11,0,0
1054,0,s,s,d,d,4,0,0,0,0,d,0,d,6,0,9,33,1,0,0,1,0,0,d,s,17,d,11,0,d
1279,d,2,s,2,0,4,0,0,0,0,4,0,0,6,0,9,33,1,0,25,d,0,s,d,s,17,3,11,0,0
I270,0,2,s,2,4,4,0,0,4,0,0,0,0,6,0,9,0,0,0,0,1,0,0,0,s,17,3,11,0,0
I271,0,2,s,2,4,4,0,0,4,0,0,0,0,6,0,9,0,0,0,2,1,0,0,0,s,17,3,11,0,0
I274,0,2,s,2,4,4,0,0,4,0,0,0,0,6,0,9,0,0,0,2,1,0,0,0,s,17,3,11,2,0
1994,0,2,s,2,4,4,0,0,4,0,0,0,0,6,0,9,0,0,d,2,1,0,0,0,s,d,3,11,2,0
I276,0,2,s,2,4,4,0,0,4,0,0,0,0,6,0,9,0,0,0,s,1,0,0,0,s,17,3,11,2,s
1909,0,2,s,2,4,4,0,0,4,0,0,0,0,6,d,9,0,0,0,s,1,0,16,0,s,d,d,11,2,s
1908,0,2,s,2,4,4,0,0,d,0,0,0,0,6,d,9,0,0,0,s,1,0,0,0,s,d,3,11,2,s
I277,30,2,s,2,4,4,0,0,4,0,0,0,0,6,0,9,0,0,0,2,1,0,0,0,s,17,3,11,0,0
I278,30,2,s,2,4,4,0,1,4,0,0,0,0,6,0,9,0,0,4,2,1,0,0,0,s,17,3,11,0,0
1073,30,d,s,2,4,4,d,1,4,0,0,0,0,6,0,9,0,0,4,2,1,0,d,0,s,17,d,11,d,0
1072,d,2,s,d,4,4,0,d,4,0,0,0,0,6,0,d,d,0,d,2,1,0,0,0,s,d,3,11,0,0
I279,30,2,s,2,4,4,0,0,4,0,0,0,0,6,0,9,0,0,0,2,1,0,33,0,s,17,3,11,0,0
1187,30,2,s,d,4,4,0,0,4,0,0,d,0,6,0,9,0,0,0,2,d,0,33,0,s,d,3,11,0,0
1186,30,2,s,2,d,4,d,0,4,0,0,0,0,6,0,9,0,0,0,2,1,0,33,0,s,17,3,11,0,0
I280,0,2,s,2,4,4,0,0,4,0,0,0,0,6,0,9,0,s,0,0,1,0,0,0,s,17,3,11,0,0
I281,0,2,s,2,4,4,0,0,4,2,0,0,0,6,0,9,0,s,0,0,1,0,0,0,s,17,3,11,s,0
1318,0,2,s,d,4,4,0,0,d,2,d,d,0,6,d,9,0,s,3,0,1,0,0,30,s,d,3,d,s,0
I283,0,2,s,2,4,4,0,0,4,2,0,0,0,6,0,9,0,s,0,0,1,0,0,0,s,17,3,11,s,0
1181,0,2,s,2,4,4,0,0,4,2,d,0,0,6,0,9,0,s,0,d,1,d,0,0,s,d,3,11,s,0
1180,0,2,s,s,4,4,0,0,d,2,0,0,0,6,0,9,0,s,d,0,1,0,0,0,s,d,3,11,s,d
I284,0,2,s,2,4,4,0,s,4,0,0,0,0,6,0,s,0,s,0,20,1,0,0,0,s,17,3,11,0,0
1772,d,d,s,2,4,4,0,s,4,d,0,d,0,d,d,s,d,s,0,20,1,0,0,0,s,17,3,11,2,0
1475,0,2,s,2,4,4,0,s,4,d,0,0,0,6,0,s,d,s,2,d,1,0,0,0,s,17,d,d,0,d
I287,0,2,s,2,0,0,0,0,0,0,0,0,0,0,0,9,0,0,0,0,1,0,0,4,s,17,3,2,0,0
I288,0,2,s,2,0,0,0,1,0,1,0,0,0,0,11,9,0,0,0,0,1,0,0,4,s,17,3,2,0,0
I289,0,2,s,2,0,0,15,1,0,1,4,0,0,0,11,9,0,0,0,0,1,16,0,4,s,17,3,2,0,0
I291,0,2,s,2,1,35,15,1,0,1,4,0,0,0,11,9,0,0,0,0,s,16,0,4,s,17,3,2,0,0
1145,0,2,s,2,1,d,15,1,0,1,4,0,0,6,11,d,0,0,0,0,s,16,4,4,s,17,3,2,0,0
1144,0,d,s,2,1,35,15,1,0,1,d,0,0,d,11,9,0,0,0,0,s,16,0,4,s,17,d,2,4,0
I293,0,2,s,2,0,0,15,1,0,1,4,0,0,0,11,9,0,0,0,0,1,16,0,4,s,17,3,2,0,0
1605,0,2,s,2,0,0,15,1,0,1,4,8,0,d,d,9,0,1,s,0,1,d,31,4,s,17,3,d,0,1
1417,d,2,s,2,0,0,15,d,0,1,4,0,d,d,d,9,d,d,0,0,1,16,0,d,s,17,3,d,0,0
I296,0,2,s,2,0,0,0,1,0,1,0,0,0,0,11,9,0,0,0,0,1,0,5,4,s,17,3,2,0,1
1733,0,2,s,2,0,0,0,1,0,d,0,0,0,25,11,9,0,1,0,d,1,0,5,4,s,17,3,2,0,1
1493,0,2,s,2,0,0,0,1,0,1,0,s,0,8,11,9,0,0,0,0,1,5,d,4,s,17,3,2,0,1
I303,0,2,s,2,0,0,0,0,0,0,0,0,0,0,0,9,0,0,0,0,1,0,0,4,s,17,3,2,0,0
I304,0,2,s,2,0,33,0,0,2,0,0,8,0,0,0,9,0,1,0,0,1,0,0,4,s,17,3,2,0,0
I307,0,2,s,2,0,33,5,0,2,0,0,8,0,0,0,9,0,1,0,0,1,9,0,4,s,17,3,2,4,0
1807,0,d,s,2,0,33,5,0,2,0,0,s,0,0,d,9,0,1,0,d,1,9,0,4,s,17,3,2,4,0
1806,0,2,s,2,d,33,5,0,2,0,0,8,0,0,0,9,d,1,d,0,1,9,0,4,s,d,3,2,4,0
I309,33,2,s,2,4,33,26,0,2,0,0,8,0,0,0,9,0,1,0,20,1,0,0,4,s,17,3,2,s,0
1841,33,d,s,d,4,33,26,0,2,0,0,8,0,0,0,9,0,1,0,20,1,d,0,4,s,17,d,2,s,0
1840,33,2,s,2,4,d,26,0,2,0,0,d,0,0,d,9,0,1,0,20,1,d,0,4,s,17,d,2,s,0
I310,0,2,s,2,0,0,0,0,0,0,0,0,0,0,0,9,7,0,0,0,1,0,0,4,s,17,3,2,0,0
I311,0,2,s,2,0,0,0,0,0,0,4,0,0,0,0,9,7,0,0,0,1,0,0,4,s,17,3,2,0,0
I312,0,2,s,2,0,0,0,0,0,0,4,0,0,0,0,9,7,0,0,0,1,0,0,4,s,17,3,2,0,0
1745,d,2,s,2,0,0,0,0,0,0,4,d,0,0,0,9,7,0,0,0,1,0,0,4,s,17,3,2,0,0
1744,d,2,s,d,0,0,0,0,0,0,4,0,0,3,d,d,7,0,d,0,1,0,d,4,s,17,3,2,d,0
1369,0,2,s,2,0,0,d,0,0,0,4,0,0,0,0,9,d,0,0,0,1,0,d,4,s,d,3,2,d,0
I315,0,2,s,2,0,7,0,s,0,0,4,0,0,0,0,9,7,0,0,s,1,11,0,4,s,17,3,2,0,0
1783,0,2,s,2,d,d,d,s,0,0,4,0,0,0,0,9,7,0,0,s,1,11,0,4,s,d,3,d,0,0
1782,0,2,s,2,d,7,0,s,s,0,d,0,0,0,0,9,7,d,0,s,1,11,0,4,s,17,3,2,0,0
I317,26,0,s,0,1,0,0,1,0,1,0,0,0,0,0,0,0,0,0,0,0,0,0,0,s,17,0,0,0,s
I318,26,0,s,0,1,0,0,1,0,1,0,0,0,0,0,0,0,0,0,0,0,0,0,0,s,17,0,0,0,s
I319,26,0,s,0,1,0,0,1,0,1,0,0,0,0,0,0,0,0,0,0,0,0,0,0,s,17,0,0,0,s
I320,26,0,s,0,1,25,0,1,0,1,0,0,0,0,0,0,0,0,0,0,0,0,0,0,s,17,0,0,0,s
I321,26,0,s,0,1,25,0,1,0,1,0,0,0,0,14,0,0,0,0,0,0,11,0,0,s,17,0,0,0,s
1800,26,0,s,0,1,25,0,d,0,1,5,8,d,0,14,0,0,d,4,0,0,11,0,0,s,17,0,20,0,s
1374,s,0,s,0,1,25,0,1,0,1,0,0,0,0,14,0,0,0,0,0,0,d,d,0,s,17,0,d,0,s
I324,26,52,s,0,s,25,0,1,0,1,0,0,0,0,0,5,0,0,0,0,0,0,0,0,s,17,26,0,0,s
1455,26,d,s,0,s,25,0,1,0,1,0,0,0,0,0,5,0,0,0,2,0,0,0,0,s,17,26,0,0,s
1429,26,52,s,0,s,25,0,d,0,1,0,0,d,0,0,5,0,d,0,d,0,0,0,0,s,d,26,0,d,s
I327,26,0,s,0,1,0,0,1,0,1,0,0,0,0,0,14,0,0,0,0,0,0,0,0,s,17,0,0,0,s
I328,26,0,s,0,1,0,0,1,0,1,0,8,0,0,0,14,0,0,0,0,0,0,0,0,s,17,0,0,0,s
1129,26,d,s,0,1,7,7,1,4,1,0,8,12,27,0,14,d,1,d,d,0,7,0,0,s,17,0,0,d,s
1292,d,30,s,0,1,d,0,1,0,d,0,8,0,1,0,14,0,0,0,0,0,0,0,d,s,17,d,0,d,s
1538,26,2,s,0,1,0,0,1,0,1,0,0,0,0,11,d,18,0,4,0,0,0,d,0,s,17,0,s,0,s
I334,26,0,s,0,1,0,0,1,0,1,0,8,0,2,0,0,0,0,0,0,0,0,0,0,s,17,0,0,0,s
I336,26,0,s,0,1,0,0,1,0,1,0,8,0,2,22,0,0,0,0,0,0,0,0,0,s,17,6,0,0,s
1977,26,52,s,0,1,12,0,1,0,d,s,8,11,2,22,0,0,d,0,0,0,0,0,0,s,17,6,d,2,s
1896,d,0,s,0,1,25,0,1,0,d,0,8,0,2,d,0,0,0,0,d,0,0,0,0,s,17,6,0,d,s
I342,26,0,s,0,1,0,0,1,0,1,0,8,0,2,0,0,0,0,3,20,0,0,0,0,s,17,0,0,0,s
I345,26,0,s,0,1,0,0,1,0,1,0,8,17,2,0,13,0,0,3,20,0,5,0,0,s,17,0,0,4,s
1695,26,0,s,0,1,0,29,1,0,1,0,8,17,d,0,13,s,0,3,20,d,5,0,0,s,17,0,0,4,s
1694,26,0,s,d,1,d,0,s,0,d,0,8,d,2,0,d,0,0,3,20,1,5,0,0,s,17,0,0,4,s
I346,26,0,s,0,1,0,0,1,0,1,0,8,0,2,0,0,0,0,3,20,0,0,0,0,s,17,0,0,0,s
I347,26,0,s,0,1,0,22,1,0,1,0,8,0,2,0,0,0,0,3,20,0,0,19,0,s,17,0,0,0,s
1937,26,0,s,0,d,d,22,1,0,1,0,d,0,2,0,0,d,d,3,20,0,0,19,0,s,17,0,0,0,s
1936,26,0,s,0,1,d,22,1,0,d,0,8,0,2,0,d,0,0,3,20,0,0,19,0,s,17,0,0,d,s
1499,26,d,s,0,1,0,0,1,0,1,d,d,0,2,0,21,0,0,3,20,0,0,34,0,s,17,0,0,d,s
I349,26,0,s,0,1,15,0,1,0,1,0,0,0,0,0,0,10,0,0,0,0,3,0,0,s,17,0,0,0,s
I350,26,8,s,0,1,15,0,1,0,1,0,0,0,0,0,0,10,1,0,0,0,3,0,0,s,17,0,0,0,s
I355,26,8,s,0,1,15,0,1,0,1,4,0,0,8,0,0,10,1,0,0,s,3,0,0,s,17,0,0,2,s
1600,26,8,s,0,1,d,0,1,s,d,4,0,s,8,0,d,10,1,d,0,s,3,0,0,s,d,0,d,2,s
1684,d,8,s,s,1,15,0,1,0,1,4,8,d,8,0,0,10,1,0,0,s,3,d,s,s,17,0,d,2,s
I358,26,8,s,0,1,15,0,1,0,1,0,0,0,0,0,0,10,1,0,0,0,3,0,0,s,17,29,0,0,s
1166,26,8,s,0,s,15,0,1,2,1,4,0,0,d,d,0,10,1,0,0,1,s,d,0,s,d,29,0,0,s
1218,26,d,s,0,1,d,0,1,s,1,0,d,6,0,0,0,10,1,2,9,0,3,0,13,s,17,29,0,0,s
I365,26,0,s,0,1,15,0,1,0,1,0,10,0,0,0,0,10,0,0,s,0,3,0,0,s,17,0,0,0,s
I366,26,0,s,2,1,15,0,1,0,1,0,10,0,0,0,0,10,0,0,s,0,3,0,0,s,17,0,0,2,s
1651,26,0,s,2,1,s,0,1,d,1,3,10,0,0,0,0,10,0,0,s,s,3,0,0,s,17,0,0,2,s
I370,26,0,s,2,1,15,0,1,0,1,0,10,0,0,0,0,10,0,0,s,0,3,0,0,s,17,0,0,2,s
1940,s,47,s,2,1,15,0,1,0,1,d,10,d,8,14,0,10,0,d,s,1,3,d,0,s,17,0,0,d,s
1444,26,0,s,2,s,15,7,1,0,1,0,10,0,0,0,0,10,0,0,s,0,3,0,0,s,17,0,0,2,s
I373,26,0,s,0,1,15,0,1,0,1,0,10,0,0,0,0,10,0,0,s,0,3,33,0,s,17,0,0,0,s
I374,26,0,s,0,1,15,0,1,0,1,0,10,0,0,0,0,10,0,0,s,0,3,33,0,s,17,0,0,0,s
1347,26,0,s,d,1,15,0,1,0,s,d,10,0,d,0,0,10,0,0,s,0,3,33,0,s,17,0,0,2,s
1085,26,0,s,0,1,15,0,d,0,1,0,d,0,0,0,0,10,0,0,s,0,3,d,0,s,17,0,0,0,s
I377,26,0,s,0,1,15,11,1,0,1,0,10,0,0,0,0,10,0,0,s,0,3,33,0,s,17,0,0,0,s
I378,26,0,s,0,1,15,11,1,0,1,0,10,0,0,0,0,10,0,2,s,0,3,33,0,s,17,23,0,0,s
1391,26,0,s,0,d,15,11,1,0,1,d,10,0,0,0,0,10,0,2,s,0,3,33,0,s,s,23,d,0,s
1390,26,0,s,0,1,d,11,1,0,1,0,10,0,0,0,0,10,d,2,s,0,3,33,0,s,17,23,0,d,s
I379,26,0,s,0,1,15,11,1,0,1,0,10,0,0,0,0,10,0,0,s,0,3,33,0,s,17,0,0,0,s
1077,26,0,s,2,1,15,11,1,0,1,0,10,0,0,12,d,10,0,0,s,0,3,d,0,s,17,0,0,d,s
1076,26,0,s,0,1,d,11,1,0,1,0,10,0,0,0,0,10,0,0,s,0,3,33,0,s,17,0,0,0,s
I380,0,48,s,0,0,0,0,0,0,0,0,0,42,0,14,10,0,0,0,0,0,11,0,0,s,17,0,15,2,0
I381,0,48,s,0,0,25,0,0,0,0,0,s,42,0,14,10,12,0,0,0,0,11,0,0,s,17,0,15,2,1
I382,0,48,s,0,0,25,0,0,0,0,0,s,42,0,14,10,12,0,0,0,0,11,0,0,s,17,0,15,2,1
I383,0,48,s,0,0,25,0,0,0,0,0,s,42,0,14,10,12,0,0,0,0,11,0,0,s,17,0,15,2,1
1566,0,48,s,d,d,25,0,1,d,0,0,s,s,d,14,10,d,0,0,d,0,11,d,20,s,d,33,15,2,1
I391,0,48,s,0,0,25,0,0,0,0,0,s,42,0,14,10,12,0,0,0,0,11,0,0,s,17,0,15,2,1
I392,0,48,s,0,0,25,0,0,0,0,0,s,42,0,14,10,12,0,0,0,0,11,s,0,s,17,0,15,2,1
I393,0,48,s,0,0,25,0,0,0,0,0,s,42,0,14,10,12,1,0,0,0,11,s,0,s,17,0,15,2,1
1675,0,48,s,0,0,25,0,0,0,0,0,s,42,0,14,d,12,1,0,0,d,11,s,0,s,17,0,15,2,1
1674,0,48,s,0,0,25,0,d,0,0,d,s,42,0,14,10,12,1,0,0,0,11,s,0,s,17,0,d,2,1
1740,0,48,s,0,0,d,0,0,0,d,0,s,42,0,14,10,12,0,0,0,0,11,s,0,s,17,d,15,d,1
I395,0,48,s,2,1,25,0,0,3,0,0,s,42,0,14,10,12,0,0,0,0,11,3,0,s,17,33,15,2,1
1592,0,48,s,2,1,s,0,d,3,0,d,s,42,d,14,10,12,0,0,0,0,d,3,d,s,17,33,d,2,1
1711,0,48,s,2,1,d,d,0,3,1,0,s,42,0,d,s,12,1,0,0,0,11,3,0,s,17,33,15,2,1
I398,0,48,s,0,s,25,0,0,0,0,0,s,42,14,14,10,12,0,0,0,0,11,s,0,s,17,0,15,2,1
I399,0,48,s,0,s,25,1,1,0,0,4,s,42,14,14,10,12,0,0,0,0,11,s,0,s,17,13,15,2,1
I400,0,48,s,0,s,25,s,1,0,0,4,s,42,14,14,10,12,0,0,13,1,11,s,0,s,17,13,15,2,1
1932,0,48,s,0,s,25,s,1,0,0,4,s,42,14,14,10,d,0,0,13,1,11,s,0,s,17,13,15,2,1
I402,0,48,s,0,s,25,s,1,0,1,4,s,42,14,14,10,12,0,0,13,1,11,s,0,s,17,13,15,2,1
1895,0,48,s,d,s,25,s,1,0,1,4,s,42,14,14,10,12,0,0,13,1,11,s,0,s,d,13,15,2,1
1894,0,48,s,0,s,25,s,1,0,1,4,s,42,14,14,10,d,0,d,13,d,11,s,d,s,17,13,d,2,1
1789,0,48,s,0,s,25,1,1,d,0,d,s,42,14,14,10,12,0,4,0,0,d,s,0,s,17,13,s,d,1
I406,0,48,s,0,s,25,0,0,0,0,4,s,42,14,14,10,12,0,0,0,0,11,s,0,s,17,0,15,2,1
I407,0,48,s,0,s,25,0,0,2,0,4,s,42,14,14,10,12,0,1,0,0,11,s,0,s,17,0,15,2,1
1689,0,48,s,0,s,25,d,0,2,d,4,s,42,14,14,10,d,0,1,19,0,11,s,0,s,17,0,15,d,1
1900,0,48,s,2,s,25,2,d,2,1,4,s,42,14,14,10,12,0,1,d,0,11,s,0,s,17,0,15,2,1
I410,0,48,s,0,s,25,0,0,0,1,4,s,42,14,14,10,12,0,0,0,0,11,s,0,s,17,0,15,2,1
1829,0,48,s,0,s,25,0,0,d,1,4,s,42,14,14,10,12,1,0,0,d,s,s,0,s,17,0,15,2,1
1983,0,48,s,d,s,25,0,0,0,1,4,s,42,14,14,10,12,d,0,0,d,11,s,0,s,17,0,15,2,1
I413,0,48,s,0,0,25,0,0,0,0,0,s,42,0,14,10,12,0,0,0,1,11,0,0,s,17,0,15,2,1
I414,0,48,s,2,0,25,0,0,0,0,0,s,42,0,14,10,12,0,0,0,1,11,0,0,s,17,0,15,2,1
I415,0,48,s,2,0,25,0,2,0,0,0,s,42,0,14,10,12,1,0,0,1,11,0,0,s,17,0,15,2,1
1415,3,48,s,2,0,d,2,2,0,0,0,s,42,0,14,10,12,1,0,0,1,s,0,0,s,d,25,15,2,1
I419,20,48,s,2,0,25,0,2,0,0,0,s,42,27,14,10,12,1,0,0,1,11,0,0,s,17,0,15,2,1
I420,20,48,s,2,0,25,0,2,2,0,0,s,42,27,14,10,12,1,0,0,1,11,0,0,s,17,0,15,2,1
1291,20,d,s,2,d,25,0,2,2,0,0,s,42,27,14,10,12,d,0,0,1,11,d,d,s,d,0,15,2,d
1290,20,48,s,2,0,25,0,2,2,d,0,s,42,27,14,10,12,1,0,0,1,d,0,0,s,17,0,15,d,1
I421,20,48,s,2,1,25,0,2,0,1,0,s,42,s,14,10,12,1,0,0,1,11,0,0,s,17,0,15,2,1
1285,20,48,s,2,1,25,0,2,0,1,d,s,42,s,14,d,12,1,0,0,1,d,0,0,s,17,0,15,2,1
1284,20,48,s,2,d,25,d,2,0,1,0,s,42,s,14,d,12,1,0,20,1,11,d,0,s,17,26,15,2,d
I422,3,48,s,2,0,25,0,0,0,0,0,s,42,0,14,10,12,0,0,0,1,11,0,0,s,17,0,15,2,1
I423,3,48,s,2,0,25,29,0,0,0,0,s,42,0,14,10,12,0,0,0,1,11,0,0,s,17,0,15,2,1
1450,3,48,s,2,0,25,29,0,0,0,0,s,42,d,14,10,d,1,0,0,1,11,0,0,s,17,0,15,2,1
1208,d,48,s,2,0,25,29,1,0,d,4,s,42,0,14,10,12,d,4,0,d,11,15,0,s,17,0,15,2,1
I426,3,48,s,2,0,25,0,0,0,0,4,s,42,11,14,10,12,0,0,0,1,11,0,0,s,17,0,15,2,1
1157,3,48,s,2,0,25,0,0,0,0,4,s,42,d,14,d,12,0,2,37,1,11,24,0,s,17,0,15,2,1
1109,3,48,s,2,0,25,14,0,2,d,4,s,42,11,d,10,12,0,0,s,s,11,d,0,s,17,13,15,2,1
I429,0,48,s,2,0,25,0,0,0,0,0,s,42,0,14,10,12,0,0,0,1,11,0,7,s,17,0,15,2,1
I430,0,48,s,2,0,25,0,0,0,0,0,s,42,0,14,10,12,0,0,0,1,11,0,7,s,17,0,15,2,1
I431,0,48,s,2,0,25,0,0,0,0,0,s,42,0,14,10,12,0,0,0,1,11,17,7,s,17,8,15,2,1
1408,d,48,s,2,0,25,0,0,s,0,0,s,42,0,14,10,12,0,0,d,1,11,17,7,s,17,8,15,2,1
1690,0,48,s,d,0,25,0,2,0,0,0,s,42,0,14,10,12,0,0,0,1,11,d,7,s,17,8,15,2,1
I434,0,48,s,2,0,25,0,1,0,0,0,s,42,0,14,10,12,0,0,0,1,11,0,7,s,17,0,15,2,1
1663,0,48,s,2,0,25,0,1,0,0,0,s,42,0,14,10,12,0,0,0,1,11,0,7,s,d,0,15,2,d
1585,0,48,s,2,0,25,0,1,d,0,0,s,42,0,14,10,12,0,d,0,1,11,0,7,s,17,0,d,d,1
I437,0,48,s,2,0,25,1,s,0,0,0,s,42,0,14,10,12,0,0,0,1,11,0,7,s,17,0,15,2,1
I438,0,s,s,2,0,25,1,s,0,1,0,s,42,0,14,10,12,0,0,0,1,11,0,7,s,17,0,15,2,1
1529,0,s,s,2,0,25,1,s,0,1,0,s,42,d,14,10,d,0,0,0,1,11,0,s,s,d,0,15,2,1
I440,0,s,s,2,0,25,1,s,0,1,0,s,42,0,14,10,12,0,0,0,1,11,0,7,s,17,0,15,2,s
1603,d,s,s,2,0,25,1,s,0,1,0,s,42,0,14,10,d,0,0,0,1,11,0,d,s,17,0,15,2,s
1602,0,s,s,2,0,25,1,s,d,1,0,s,42,0,14,10,12,0,0,3,1,11,d,7,s,17,0,15,d,s
I443,0,48,s,2,1,25,1,s,0,s,4,s,42,6,14,10,12,0,3,0,s,11,0,7,s,17,0,15,2,1
1543,0,48,s,d,1,25,1,s,0,s,d,s,42,6,d,10,d,d,3,0,s,11,0,7,s,17,0,15,2,1
1542,0,48,s,2,1,25,1,s,0,s,4,s,42,6,14,10,12,0,3,0,s,11,0,7,s,17,0,15,2,1
I444,0,48,s,0,0,0,0,0,0,0,0,0,42,0,14,10,0,0,0,0,0,11,0,0,s,17,s,15,2,1
I445,0,48,s,0,0,0,0,0,0,0,0,0,42,0,14,10,0,0,0,0,0,11,0,37,s,17,s,15,2,1
I446,0,48,s,0,0,0,0,0,0,0,0,0,42,0,14,10,0,1,4,0,0,11,0,37,s,17,s,15,2,1
I447,0,48,s,0,0,0,0,0,0,0,0,0,42,0,14,10,0,1,4,0,0,11,0,37,s,17,s,15,2,1
1481,d,48,s,0,1,0,0,0,s,s,0,0,42,d,14,10,27,1,4,0,0,11,0,37,s,17,s,15,2,1
I451,0,48,s,0,0,0,0,0,0,0,0,0,42,0,14,10,0,1,4,1,0,11,0,37,s,17,s,15,2,1
I452,0,48,s,0,1,25,0,0,0,0,0,0,42,0,14,10,0,1,4,1,0,11,0,37,s,17,s,15,2,1
1143,0,48,s,0,d,25,d,d,0,0,0,0,42,0,14,10,0,1,4,1,1,11,0,37,s,17,s,15,d,1
1142,0,48,s,0,1,25,0,0,d,d,0,0,42,d,d,10,0,1,4,d,0,11,0,37,s,17,s,d,2,1
I453,0,48,s,0,0,0,0,0,0,0,4,0,42,0,14,10,0,1,4,1,0,11,0,37,s,17,s,15,2,1
1153,0,48,s,0,0,0,0,0,0,0,4,0,42,0,14,10,0,1,4,1,s,11,d,37,s,17,s,15,2,1
1152,0,48,s,0,0,d,0,0,0,0,4,0,42,0,14,d,d,1,4,d,0,11,0,37,s,17,s,15,2,1
I454,0,48,s,2,0,0,0,1,0,0,0,0,42,0,14,10,19,1,4,0,0,11,0,37,s,17,s,15,2,1
I455,0,48,s,2,0,0,0,1,0,1,4,0,42,0,14,10,19,1,s,0,0,11,0,37,s,17,s,15,2,1
1907,0,48,s,2,0,d,d,1,0,1,4,0,42,0,14,10,19,1,s,d,0,11,4,37,s,d,s,d,d,1
1820,d,48,s,2,0,0,d,1,2,1,4,d,42,0,s,10,19,1,s,0,0,11,0,37,s,17,s,15,s,d
I458,0,48,s,2,0,0,0,1,0,0,0,0,42,0,14,10,19,1,4,0,0,11,0,37,s,17,s,15,2,1
I459,0,48,s,2,0,0,0,1,0,0,4,0,42,3,14,10,19,1,4,0,0,11,4,37,s,17,s,15,2,1
2025,0,48,s,2,0,0,0,1,0,d,4,d,42,3,14,d,19,1,4,0,0,11,4,37,s,17,s,15,2,1
2024,d,48,s,2,0,0,0,1,0,0,d,0,42,3,14,d,19,1,4,0,0,d,4,37,s,17,s,15,2,d
1875,0,48,s,2,0,0,0,1,0,d,0,d,42,11,14,10,19,1,4,0,0,11,40,37,s,17,s,15,2,1
I461,0,48,s,s,0,17,0,0,0,0,0,0,42,0,14,10,0,0,4,0,0,11,0,37,s,17,s,15,2,1
I462,0,48,s,s,0,17,0,0,0,0,0,0,42,0,14,10,0,0,4,12,0,s,0,37,s,17,s,15,2,1
I463,26,48,s,s,0,17,0,0,0,0,0,0,42,21,14,10,0,0,4,12,0,s,0,37,s,17,s,15,2,1
1466,26,48,s,s,0,17,0,0,3,d,0,8,42,d,14,10,0,0,4,d,d,s,3,37,s,d,s,15,2,1
1565,26,48,s,s,0,17,0,0,4,0,0,0,42,21,14,10,d,0,4,12,0,s,0,37,s,17,s,15,2,1
1771,2,48,s,s,0,d,0,0,4,0,0,0,42,0,14,d,0,0,4,12,0,s,0,37,s,17,s,15,2,1
I469,0,48,s,s,1,17,0,0,0,2,0,0,42,0,14,10,0,0,4,25,0,11,0,37,s,17,s,15,2,1
I472,0,48,s,s,1,17,s,0,0,2,0,0,42,0,14,10,0,1,4,25,s,11,0,37,s,17,s,15,2,1
1619,0,48,s,s,1,17,s,0,0,2,0,0,42,0,14,10,d,1,4,25,s,11,0,37,s,17,s,15,2,1
1618,0,48,s,s,1,17,s,d,0,2,0,0,42,0,14,10,0,1,4,d,s,11,0,37,s,17,s,15,2,1
I473,0,48,s,s,1,17,0,0,0,2,0,0,42,0,14,10,0,0,4,25,0,11,0,37,s,17,s,15,2,1
1853,0,48,s,s,1,17,0,d,0,2,0,0,42,0,14,10,0,0,d,25,0,11,0,37,s,17,s,15,2,1
I475,0,48,s,s,1,17,0,0,0,2,0,0,42,0,14,10,0,0,4,25,0,11,0,37,s,17,s,15,2,1
1915,0,d,s,s,1,d,0,0,0,2,0,0,d,0,14,10,0,0,4,25,0,11,d,d,s,d,s,15,2,1
1914,0,48,s,s,1,17,0,0,0,2,0,0,42,0,14,10,d,d,4,25,0,11,d,37,s,d,s,15,2,1
I476,0,48,s,0,0,0,0,0,4,0,4,8,42,0,14,10,0,0,0,0,0,11,0,0,s,17,s,15,2,1
I477,0,48,s,0,0,0,0,0,4,0,4,8,42,0,14,10,0,0,0,0,0,11,s,0,s,17,s,15,2,1
I478,2,48,s,0,0,0,0,0,4,0,4,8,42,0,14,10,0,0,0,0,0,11,s,0,s,17,s,15,2,1
I479,2,48,s,0,0,0,0,0,4,0,4,8,42,0,14,10,0,0,0,0,0,11,s,0,s,17,s,s,2,1
1503,2,48,s,0,0,0,0,0,4,1,d,8,42,d,14,10,0,1,d,d,d,11,s,0,s,17,s,s,2,d
1608,2,48,s,0,0,0,0,0,4,0,4,d,42,0,14,10,d,0,0,0,0,11,s,0,s,17,s,s,2,1
1825,2,48,s,0,0,0,0,0,4,0,4,8,42,0,14,10,d,1,4,d,1,11,s,0,s,17,s,15,d,1
I485,0,48,s,0,0,0,0,0,4,0,4,8,42,0,14,10,0,0,0,0,0,11,s,0,s,17,s,15,2,1
1708,3,d,s,0,0,0,d,1,4,1,d,d,42,0,14,10,0,d,4,d,0,11,s,0,s,17,s,15,2,1
I491,0,48,s,0,0,0,0,1,4,2,4,8,42,0,14,10,0,1,0,0,0,11,s,0,s,17,s,15,2,1
1969,0,48,s,0,0,0,0,1,4,2,4,d,42,0,14,10,0,d,0,d,0,11,s,0,s,17,s,15,2,d
1968,d,48,s,0,0,0,0,1,4,2,4,8,42,0,14,d,0,1,d,0,0,11,s,0,s,17,s,d,d,1
I492,0,s,s,0,0,0,0,0,4,1,4,8,42,6,14,10,0,0,0,0,0,11,0,0,s,17,s,15,2,1
I497,0,s,s,2,0,0,6,0,4,1,4,8,42,6,14,10,0,0,0,0,0,11,0,0,s,17,s,15,2,1
I498,0,s,s,2,0,0,6,0,4,1,4,8,42,6,14,10,0,0,0,0,0,11,0,0,s,17,s,15,2,1
1611,0,s,s,2,0,0,d,0,4,1,d,8,42,6,14,10,0,0,d,0,0,11,0,0,s,17,s,15,2,1
1610,0,s,s,2,0,0,6,2,4,1,4,8,42,6,14,10,0,0,0,0,0,11,0,0,s,17,s,15,2,1
I499,0,s,s,2,0,0,6,0,4,1,4,8,42,6,14,10,0,0,0,18,0,11,0,0,s,17,s,15,2,1
1479,0,s,s,2,0,0,6,0,4,d,d,8,42,6,14,10,0,0,0,d,1,11,0,0,s,17,s,d,d,1
1478,0,s,s,2,0,0,6,0,4,1,4,8,42,6,s,10,0,0,0,18,0,11,0,0,s,17,s,15,2,1
I500,0,s,s,2,0,0,0,0,4,1,4,8,42,6,14,10,0,0,0,0,0,11,0,0,s,17,s,15,2,1
I501,17,s,s,2,0,0,0,0,4,1,4,8,42,6,14,10,0,0,0,0,0,11,0,0,s,17,s,15,2,1
2041,17,s,s,2,0,0,0,d,d,1,4,8,42,d,14,10,0,d,4,0,0,11,d,d,s,17,s,15,2,1
2000,17,s,s,2,0,0,0,0,4,1,4,d,42,6,d,10,0,0,0,0,0,d,0,d,s,17,s,15,2,1
I504,0,s,s,2,0,0,0,0,4,1,4,8,42,6,14,10,0,1,0,0,0,11,0,0,s,17,s,15,2,1
1658,0,s,s,2,1,0,0,0,4,d,d,8,42,6,14,d,0,1,0,0,d,d,0,0,s,17,s,d,2,1
I506,0,s,s,2,0,0,0,0,4,1,4,8,42,6,14,10,0,1,0,0,0,11,0,0,s,17,s,15,2,1
1905,0,s,s,d,0,0,d,0,4,d,d,8,42,6,14,10,0,1,0,0,d,11,0,0,s,17,s,15,d,d
1904,0,s,s,2,0,0,0,0,4,d,d,8,42,6,14,10,0,1,0,0,0,11,0,0,s,17,s,15,2,d
I507,0,0,0,0,0,0,0,0,0,0,0,0,0,0,0,0,0,0,4,0,0,0,0,0,0,17,0,0,2,0
I508,0,0,0,0,0,4,0,2,0,0,4,0,0,0,s,0,0,0,4,0,0,0,0,0,0,17,0,1,2,1
I509,0,0,0,0,0,4,0,2,0,1,4,0,0,6,s,0,0,1,4,0,0,0,29,0,0,17,s,1,2,1
I510,0,0,0,0,0,4,0,2,0,1,4,0,0,6,s,0,0,1,4,0,0,0,29,0,0,17,s,1,2,1
I511,0,0,0,0,0,4,0,2,3,1,4,0,0,6,s,0,22,s,4,0,0,9,29,0,0,17,s,1,2,1
I512,14,0,0,0,0,4,0,2,3,s,4,0,0,s,s,0,22,s,4,0,0,9,29,0,0,17,s,1,2,1
I513,14,0,0,0,0,4,0,2,3,s,4,0,0,s,s,0,22,s,4,0,0,9,29,0,0,17,s,1,2,1
I515,14,22,0,0,0,4,0,2,3,s,s,0,12,s,s,0,22,s,4,0,0,9,29,s,37,17,s,1,2,1
1067,14,22,0,0,d,4,0,2,3,s,s,0,12,s,s,0,22,s,4,0,0,9,29,s,37,17,s,d,2,1
1066,d,22,0,0,0,4,0,2,3,s,s,0,12,s,s,0,22,s,4,d,0,9,29,s,37,17,s,1,2,1
1090,14,0,17,0,0,4,0,2,d,s,4,8,18,s,s,0,22,s,4,0,d,d,29,4,d,17,s,1,2,1
I520,14,0,0,0,0,4,0,2,3,s,4,0,18,s,s,0,22,s,4,0,s,9,29,0,0,17,s,1,2,1
I521,14,0,0,0,0,4,0,2,3,s,4,0,18,s,s,0,22,s,4,35,s,9,29,0,0,17,s,1,2,1
1322,d,0,0,0,d,d,0,2,3,s,4,0,18,s,s,0,d,s,4,s,s,9,29,0,0,17,s,1,2,1
1256,14,d,0,0,0,4,0,2,3,s,4,d,18,s,s,0,22,s,4,d,s,d,29,0,0,17,s,1,d,d
I525,14,0,1,0,0,4,0,2,3,s,4,0,18,s,s,0,22,s,4,9,s,9,29,0,0,17,s,1,2,1
1355,14,0,1,0,0,4,d,2,3,s,4,0,d,s,s,0,d,s,4,9,s,9,29,0,0,17,s,1,d,1
1354,14,0,1,0,0,4,0,2,3,s,4,8,18,s,s,0,22,s,4,9,s,9,29,0,0,d,s,1,2,1
I528,0,0,s,0,1,4,0,2,3,1,s,0,0,6,s,0,22,s,4,0,0,9,29,0,3,17,s,1,2,1
1380,6,19,s,0,1,4,0,2,3,d,s,0,0,6,s,0,22,s,4,9,0,d,29,0,3,d,s,1,2,1
1392,d,0,s,0,d,4,d,2,3,d,s,5,0,6,s,9,22,s,4,0,1,9,29,d,3,17,s,1,2,1
I542,0,0,0,0,0,4,0,2,0,1,4,0,0,6,s,0,0,1,4,0,0,0,29,0,0,17,s,1,2,1
I543,0,27,0,0,0,4,0,2,0,1,4,0,0,6,s,0,34,1,4,0,0,0,29,0,0,17,s,1,2,1
I544,s,27,0,0,0,4,0,2,0,1,4,0,0,6,s,0,34,1,4,0,0,0,29,0,0,17,s,1,2,1
I545,s,27,0,0,0,4,0,2,0,1,4,0,0,6,s,8,34,1,4,12,0,0,29,0,0,17,s,1,2,1
1183,s,27,0,0,0,4,11,2,0,d,4,0,0,s,s,8,d,1,d,12,d,d,29,31,0,17,s,1,2,1
I547,s,27,0,1,0,4,0,2,0,1,4,0,0,6,s,8,34,1,4,12,0,0,29,0,s,17,s,1,2,1
1083,s,27,0,1,0,4,0,2,4,1,4,d,0,d,s,8,34,1,4,d,0,0,29,0,s,17,s,1,2,d
1082,s,27,0,d,d,4,0,2,d,1,4,0,0,6,s,8,d,1,4,12,d,0,29,d,s,17,s,1,2,1
1127,s,27,0,2,0,4,0,2,4,1,4,d,0,6,s,0,34,1,4,0,0,d,29,33,0,17,s,1,2,1
I552,0,27,0,0,0,4,22,2,0,1,4,0,0,6,s,0,34,1,4,0,0,0,s,0,29,17,s,1,2,1
I553,0,27,0,0,0,4,22,2,0,1,4,0,0,6,s,0,34,1,4,0,0,s,s,0,29,17,s,1,2,1
1088,0,27,d,0,0,d,22,d,0,1,4,0,0,s,s,d,34,1,4,0,0,s,s,0,29,17,s,1,2,1
1203,0,d,d,2,d,4,22,d,d,1,4,0,d,6,s,0,34,1,4,0,d,s,s,0,29,17,s,1,2,1
I556,0,27,0,0,0,4,s,2,0,1,4,12,0,6,s,0,s,1,4,0,0,0,s,0,29,17,s,1,2,1
1267,0,27,23,0,d,d,s,2,0,1,4,12,0,6,s,d,s,1,4,d,0,0,s,20,29,17,s,1,2,1
I558,0,27,0,0,0,4,s,2,0,1,4,12,0,6,s,0,s,1,4,0,0,0,s,0,29,17,s,1,2,1
2017,0,27,0,d,d,4,s,2,0,1,4,12,0,6,s,0,s,1,4,0,1,0,s,0,29,17,s,1,d,1
2038,0,27,0,0,0,4,s,2,0,d,4,12,0,6,s,d,s,1,4,23,0,0,s,0,29,17,s,1,d,1
I561,0,0,0,0,s,4,0,2,0,1,4,0,0,6,s,0,0,1,4,0,0,0,29,0,16,17,s,1,2,1
I562,0,0,0,0,s,4,0,2,0,1,4,0,0,6,s,0,0,1,4,0,0,0,29,0,16,17,s,1,2,1
I563,0,0,0,0,s,4,0,2,0,1,4,0,0,6,s,0,0,1,4,0,0,0,29,0,16,17,s,1,2,1
1194,0,0,s,0,s,4,0,2,0,1,4,0,0,6,s,0,0,1,4,0,d,0,29,6,16,17,s,1,2,1
1168,0,0,d,0,s,4,0,2,2,1,4,0,0,6,s,6,0,1,4,25,d,0,29,0,16,17,s,1,2,1
1400,0,0,0,d,s,d,0,d,0,1,4,0,0,d,s,0,13,d,4,0,1,0,d,0,16,17,s,1,2,d
I569,0,0,0,0,s,4,0,2,0,1,4,0,0,s,s,0,0,1,4,0,0,0,29,0,16,s,s,1,2,1
I570,3,0,0,0,s,4,0,2,0,1,4,0,0,s,s,0,0,1,4,0,0,0,29,0,16,s,s,1,2,1
I571,3,9,0,0,s,4,0,2,0,1,4,0,0,s,s,0,0,1,4,0,1,0,29,0,16,s,s,1,2,1
1295,3,9,0,0,s,4,0,2,0,1,4,0,d,s,s,0,0,1,4,0,1,d,29,0,16,s,s,1,2,1
1294,3,s,d,0,s,4,0,2,0,1,4,0,d,s,s,0,0,1,4,0,d,0,29,0,d,s,s,1,2,d
I572,3,0,0,0,s,4,0,2,0,1,4,1,7,s,s,0,0,1,4,0,0,0,29,0,16,s,s,1,2,1
1353,3,0,7,0,s,4,d,2,0,1,4,1,7,s,s,0,0,1,4,0,0,0,d,0,16,s,s,s,d,1
1352,3,0,0,d,s,4,0,2,0,1,4,1,7,s,s,0,26,d,4,d,0,0,d,20,16,s,s,1,2,1
I575,0,0,0,0,s,4,0,2,0,1,4,0,0,s,s,0,0,1,4,22,1,0,29,s,16,s,s,1,2,1
1197,0,37,0,0,s,d,0,2,0,1,4,0,0,s,s,0,0,1,4,22,1,d,d,s,16,s,s,1,2,1
1196,0,0,s,d,s,4,0,2,0,1,4,0,0,s,s,0,d,1,d,22,1,0,29,s,16,s,s,1,2,1
I576,0,0,0,0,0,4,0,2,0,1,4,0,0,6,s,0,0,1,s,0,0,0,29,0,3,17,s,1,2,1
I577,20,0,0,0,0,4,0,2,0,1,4,0,0,6,s,0,0,1,s,0,0,0,29,0,3,17,s,1,2,1
I578,20,0,0,0,0,4,0,2,0,1,4,0,0,6,s,0,19,1,s,1,0,0,29,0,3,17,s,1,2,1
I579,20,0,0,3,0,4,0,2,0,1,4,0,0,6,s,0,19,1,s,1,0,16,29,0,3,17,s,1,2,1
I580,20,0,0,3,4,4,0,2,0,1,4,0,0,6,s,9,19,1,s,1,0,16,29,0,3,17,s,1,2,1
1835,20,0,0,3,s,4,0,2,0,1,4,0,12,6,s,d,19,1,s,1,0,16,29,d,3,17,s,1,2,d
1670,20,0,0,3,d,4,0,2,0,1,4,0,0,6,s,9,19,1,s,1,1,16,29,0,3,17,s,1,2,1
I583,20,0,0,3,0,4,0,2,1,1,4,0,0,6,s,0,19,1,s,1,0,16,29,0,3,17,s,1,2,1
1949,20,d,0,3,0,d,0,2,1,1,4,0,0,6,s,0,d,1,s,1,0,16,29,0,3,17,s,1,2,1
I585,20,0,0,3,0,4,0,2,1,1,4,0,0,6,s,0,19,1,s,1,1,16,29,0,3,17,s,1,2,1
1749,20,0,0,3,0,4,0,2,1,d,4,0,0,6,s,14,s,1,s,1,1,16,d,0,d,17,s,d,2,1
1748,20,0,0,3,0,4,0,2,1,1,d,0,0,6,s,0,19,1,s,1,1,16,d,0,d,17,s,1,2,1
I586,20,0,0,0,4,4,0,2,0,1,4,0,0,6,s,0,19,1,s,1,1,5,29,0,3,17,s,1,2,1
I587,20,0,0,0,4,4,0,2,0,1,4,0,0,6,s,0,19,1,s,1,1,5,29,0,3,17,s,1,2,1
1268,d,0,0,0,4,4,5,2,0,1,4,0,0,6,s,0,19,1,s,1,1,d,29,0,3,17,s,1,2,1
1176,20,0,7,s,4,d,d,2,2,1,4,0,d,6,s,d,19,1,s,1,1,5,d,0,3,d,s,d,2,d
1910,20,0,0,0,4,4,25,2,0,1,4,0,0,6,s,0,d,1,s,1,d,d,29,0,3,17,s,1,2,d
I593,20,0,4,0,0,4,0,2,0,1,4,0,0,6,s,0,0,1,s,0,0,0,29,0,3,17,s,1,2,1
I594,20,0,4,0,0,4,0,2,4,1,4,0,0,6,s,0,8,1,s,0,0,s,29,0,s,17,s,1,2,1
I595,20,0,4,0,0,4,25,2,4,1,4,0,0,6,s,0,8,1,s,0,0,s,29,0,s,17,s,1,2,1
I596,20,2,4,0,0,4,25,2,4,1,4,0,s,6,s,0,8,1,s,0,0,s,29,0,s,17,s,1,2,1
1199,20,2,4,s,0,4,25,2,4,1,4,0,s,6,s,0,8,1,s,0,0,s,29,0,s,17,s,1,2,1
1198,20,2,d,0,1,4,25,2,4,1,4,8,s,d,s,8,8,1,s,0,0,s,29,0,s,17,s,d,2,1
I597,20,0,4,0,0,4,25,2,4,1,4,0,0,6,s,0,8,1,s,0,0,s,29,0,s,17,s,1,2,1
I598,20,0,4,0,0,4,25,2,4,1,4,0,0,6,s,5,8,1,s,0,0,s,29,0,s,17,s,1,2,1
2011,20,0,4,0,0,4,d,2,4,1,4,d,0,6,s,5,8,1,s,0,0,s,29,0,s,17,s,1,d,1
2010,20,0,d,0,0,d,25,2,4,1,4,0,0,d,s,5,8,1,s,0,0,s,29,0,s,17,s,1,d,1
2002,20,27,4,d,0,4,25,d,4,d,4,0,0,d,s,0,d,1,s,d,d,s,29,0,s,17,s,1,2,1
1217,20,42,4,0,d,4,0,2,4,1,4,0,0,6,s,0,d,1,s,0,0,s,29,0,s,d,s,1,d,1
I603,20,0,4,0,0,4,0,2,0,1,4,0,0,6,s,0,0,1,s,0,0,5,29,0,3,17,s,1,2,1
I604,20,0,4,0,0,4,0,2,0,1,4,0,0,6,s,0,0,1,s,0,0,5,29,11,3,17,s,1,2,1
I605,20,0,4,0,0,4,7,2,0,1,s,0,0,6,s,0,0,1,s,0,0,5,29,11,3,17,s,1,2,1
1419,20,0,4,0,d,4,7,2,0,1,s,0,d,6,s,0,0,1,s,s,0,d,29,11,3,17,s,1,2,1
1418,20,0,4,0,0,4,7,2,0,1,s,0,0,6,s,d,0,1,s,0,0,d,29,11,3,17,s,1,2,1
1086,20,0,4,0,d,4,2,2,0,1,4,d,d,d,s,0,0,1,s,0,1,5,d,11,3,s,s,s,2,1
I607,20,0,s,0,0,4,0,2,0,1,4,0,0,6,s,0,0,1,s,0,0,5,29,0,3,17,s,1,2,1
I608,20,0,s,0,1,4,0,2,0,1,4,0,0,6,s,0,0,1,s,42,0,5,29,0,3,17,s,1,2,1
1207,20,0,s,d,1,4,5,2,4,1,4,0,0,6,s,0,0,1,s,d,0,d,29,0,3,17,s,1,d,1
1206,20,0,s,0,1,4,0,2,0,1,4,d,0,6,s,0,0,1,s,42,0,5,29,0,3,d,s,1,2,1
I609,20,0,s,0,0,4,0,2,0,1,4,0,0,6,s,0,0,1,s,0,0,5,29,s,3,17,s,1,2,1
1179,20,22,s,0,0,d,0,d,0,1,4,0,0,6,s,d,0,1,s,0,0,5,29,s,d,17,s,1,2,1
1178,20,0,s,1,0,4,d,2,0,1,4,0,0,6,s,0,d,1,s,0,0,5,29,s,3,17,s,1,2,1
I610,0,0,12,0,0,4,0,2,0,1,4,0,0,6,s,0,15,1,s,0,0,0,29,0,3,s,s,1,2,1
I611,0,0,12,0,0,4,0,2,0,1,4,0,0,6,s,3,15,1,s,0,0,0,29,0,3,s,s,1,2,1
I612,0,0,12,0,0,4,0,2,0,1,4,0,0,6,s,3,15,1,s,0,0,0,29,0,3,s,s,s,2,1
I614,0,0,12,0,0,4,9,2,4,1,4,8,8,6,s,3,15,1,s,0,0,9,29,0,3,s,s,s,2,1
1643,0,0,12,0,s,4,d,2,4,1,4,8,8,6,s,3,15,d,s,0,0,9,29,0,3,s,s,s,2,1
1642,0,0,12,0,0,4,9,2,4,1,4,d,s,6,s,3,d,1,s,0,0,d,29,0,d,s,s,s,2,1
I616,15,1,12,0,0,4,0,2,0,1,4,0,0,6,s,3,15,1,s,0,0,0,29,0,3,s,s,s,2,1
1453,15,1,d,0,0,d,d,2,0,1,4,d,0,6,s,3,15,1,s,0,0,0,29,0,3,s,s,s,2,1
I618,15,1,12,0,0,4,0,2,0,1,4,0,0,6,s,3,15,1,s,0,1,0,29,0,3,s,s,s,2,1
1533,15,d,12,0,d,4,0,d,d,1,4,d,0,6,s,3,15,1,s,0,1,0,29,0,3,s,s,s,2,1
1532,15,1,12,0,d,4,0,d,0,1,4,8,0,6,s,3,15,1,s,0,1,0,29,0,d,s,s,s,2,1
I623,0,0,12,0,0,4,0,2,0,1,4,0,0,6,s,3,15,1,s,1,0,0,29,30,3,s,s,1,2,1
I624,0,0,12,0,0,4,0,2,0,1,4,0,0,6,s,3,15,1,s,1,0,0,29,30,3,s,s,1,2,1
1325,0,0,12,0,0,4,0,2,0,1,4,0,0,6,s,3,15,d,s,d,0,0,29,30,3,s,s,1,2,d
1324,0,0,12,d,0,4,0,2,0,1,4,0,0,6,s,3,15,1,s,d,0,0,29,30,d,s,s,1,2,1
1398,0,0,12,0,d,4,0,2,d,1,4,0,0,6,s,3,15,1,s,1,0,0,s,30,3,s,s,1,2,1
I626,0,0,12,0,0,4,0,2,3,1,4,0,0,6,s,0,15,1,s,0,0,0,29,0,3,s,s,1,2,1
I627,0,0,12,2,0,4,28,2,3,1,4,0,0,6,s,0,15,1,s,0,0,0,29,0,3,s,s,1,2,1
I628,0,0,12,2,0,4,28,2,3,1,4,0,0,6,s,0,15,1,s,0,0,0,29,31,3,s,s,1,2,1
I629,0,0,12,2,0,4,28,2,3,1,4,0,0,6,s,0,15,1,s,0,0,0,29,31,3,s,s,1,2,1
1185,0,0,12,2,0,4,28,2,3,s,4,0,0,d,s,0,15,1,s,0,0,d,29,d,3,s,s,d,2,d
1184,d,0,12,2,0,4,d,2,d,1,4,d,0,6,s,0,15,1,s,d,d,0,29,31,d,s,s,1,d,1
I630,0,0,12,2,0,4,28,2,3,1,4,0,0,6,s,0,15,1,s,0,0,0,29,31,3,s,s,1,2,1
1317,0,0,d,2,0,4,28,d,3,1,d,0,0,6,s,0,15,s,s,d,d,0,29,31,3,s,s,1,2,1
1316,0,20,12,2,d,4,28,2,3,1,4,0,0,6,s,0,15,d,s,d,0,0,29,31,3,s,s,1,2,d
I631,0,0,12,2,1,4,28,2,3,1,4,0,0,6,s,0,15,1,s,0,0,0,29,s,3,s,s,1,2,1
1385,0,7,12,2,1,4,28,2,3,1,4,0,0,6,s,0,15,1,s,0,0,0,29,s,3,s,s,1,2,1
1412,0,0,d,2,1,4,28,d,d,1,4,d,0,d,s,0,15,1,s,0,s,0,29,s,3,s,s,1,d,d
I634,0,0,12,2,0,4,0,2,3,1,4,0,0,6,s,0,15,1,s,38,0,0,29,12,3,s,s,1,2,1
I635,0,0,12,2,0,4,0,2,3,1,4,0,0,6,s,0,15,1,s,38,0,0,29,12,3,s,s,1,2,1
1335,0,0,12,2,d,4,0,2,d,1,d,0,d,6,s,0,15,1,s,38,d,d,29,d,3,s,s,1,2,1
1484,d,0,12,2,d,d,0,2,3,1,4,0,0,6,s,0,15,1,s,38,d,0,29,12,3,s,s,1,2,1
I639,0,2,12,2,1,4,0,2,3,1,4,0,0,6,s,0,15,1,s,38,0,0,29,12,3,s,s,1,2,1
1469,0,d,12,2,1,4,0,2,3,1,4,d,11,6,s,0,15,1,s,38,0,d,29,12,3,s,s,1,2,1
1468,0,2,12,d,d,4,d,d,3,1,4,0,0,6,s,0,15,1,s,38,0,d,29,12,3,s,s,d,2,1
I641,0,0,2,0,0,4,0,2,0,0,4,0,0,0,s,0,0,1,4,0,0,3,0,0,0,17,0,1,2,1
I642,0,0,2,0,0,4,2,2,0,0,4,8,0,0,s,1,13,1,4,0,0,3,0,0,0,17,0,1,2,1
I643,0,0,2,0,0,4,2,2,0,0,4,8,0,0,s,1,13,1,4,0,0,3,0,0,0,17,0,1,2,1
I644,0,0,2,0,0,4,2,2,0,0,4,8,0,0,s,1,13,1,4,0,0,3,0,0,0,17,28,1,2,1
I645,0,0,2,0,0,4,2,2,0,0,4,8,0,0,s,1,13,1,4,0,0,3,0,0,0,17,28,1,2,1
I646,0,0,2,0,0,4,2,2,0,0,4,8,0,0,s,1,13,1,4,0,0,3,0,0,0,17,28,1,2,1
I647,0,1,2,0,0,4,2,2,0,0,4,8,0,0,s,1,13,1,4,0,1,3,0,0,0,17,28,1,2,1
1883,0,1,2,0,0,d,2,2,0,0,d,8,0,d,s,1,13,1,4,0,1,d,0,0,0,17,28,1,2,1
1882,0,1,2,0,0,4,2,d,d,0,4,8,4,0,s,1,13,1,4,0,1,d,0,0,0,17,28,1,2,1
1860,0,6,2,0,0,4,2,2,0,0,4,8,d,0,s,d,13,1,4,0,0,3,0,0,0,17,d,1,d,1
I649,0,0,2,0,0,4,2,2,0,1,4,8,0,0,s,1,13,1,4,0,s,3,0,0,37,17,28,1,2,1
1818,0,d,d,2,d,4,2,d,0,1,4,d,0,d,s,1,s,1,4,0,s,3,3,0,37,17,28,1,2,1
I651,0,0,2,0,0,4,2,2,4,1,4,8,0,0,s,1,13,1,4,0,s,3,0,0,37,17,28,1,2,1
1559,0,0,2,0,0,4,2,2,4,d,4,8,0,0,s,1,13,1,4,0,s,3,0,0,37,17,28,1,2,1
1558,0,0,2,0,0,4,d,2,4,1,4,8,0,0,s,1,13,1,4,0,s,3,0,0,37,d,28,d,2,1
I652,0,0,2,0,0,4,2,2,0,0,4,8,0,0,s,1,13,1,4,0,0,3,0,4,0,17,28,1,2,1
I653,33,0,2,0,0,4,2,2,0,0,4,8,0,0,s,1,13,1,4,0,0,3,0,4,0,17,28,1,2,1
I654,33,0,2,0,2,4,2,2,0,0,4,8,0,0,s,1,13,1,4,0,0,3,0,4,0,17,28,1,2,1
1289,33,0,2,d,2,d,d,2,0,d,4,8,0,0,s,1,13,1,d,d,0,d,0,4,0,17,28,1,2,1
1288,33,0,2,0,2,4,2,2,0,d,4,8,0,d,s,1,13,d,4,0,0,3,0,4,0,d,28,1,2,1
1518,33,0,2,0,0,4,2,2,0,1,4,8,0,0,s,1,13,d,d,0,0,3,0,d,10,17,28,1,2,1
1636,0,0,2,0,d,4,d,2,0,0,4,8,0,0,s,1,13,1,4,0,d,3,s,4,1,17,28,1,2,1
I659,0,0,2,0,0,4,2,2,0,0,4,8,0,0,s,1,13,1,4,3,0,3,0,0,0,17,0,1,2,1
I660,0,0,2,0,1,4,2,2,0,0,4,8,0,0,s,1,13,1,4,3,0,3,0,0,0,17,0,1,2,1
I661,0,0,2,0,1,4,2,2,0,0,4,8,29,0,s,1,13,1,4,3,0,3,0,0,0,17,0,1,2,1
1229,0,0,2,s,1,4,d,2,0,d,4,8,29,d,s,1,13,1,d,3,d,3,0,0,d,d,d,1,2,1
I663,0,0,2,0,1,4,2,2,0,2,4,8,29,0,s,1,13,1,4,3,0,3,0,0,0,17,0,1,2,1
1221,0,0,2,0,1,4,2,2,d,d,4,8,d,d,s,1,13,1,4,3,0,3,0,0,0,17,0,1,2,1
1220,0,0,2,3,1,d,d,2,0,2,4,8,29,0,s,1,13,1,4,3,0,3,0,0,0,17,0,1,2,1
I664,0,0,2,0,1,4,2,2,0,0,s,8,0,0,s,1,13,1,4,3,0,3,0,0,0,17,0,1,2,1
I665,0,0,2,0,1,4,2,2,0,0,s,8,0,0,s,1,13,1,4,3,0,3,0,0,0,17,0,1,2,1
1471,d,0,2,0,1,4,2,d,0,0,s,8,0,0,s,1,13,1,4,3,0,3,0,0,0,d,0,1,2,1
1470,0,d,2,0,1,4,2,2,5,0,s,d,0,0,s,1,d,1,4,3,0,3,0,0,0,17,0,1,2,1
1402,0,6,2,0,1,4,2,d,0,d,s,8,0,0,s,1,13,1,4,d,0,3,d,0,d,17,0,1,2,1
I667,0,0,2,0,0,4,2,2,4,0,4,8,0,0,s,1,13,1,4,3,1,3,0,0,0,17,0,1,2,1
I668,0,0,2,0,0,4,2,2,4,0,4,8,0,0,s,1,13,1,4,s,1,3,0,0,0,17,0,1,2,1
1560,0,0,2,0,0,4,2,2,4,0,4,d,16,0,s,1,d,d,4,s,d,d,0,12,0,17,0,1,2,1
1621,d,0,2,0,2,d,2,2,4,0,4,8,d,0,s,1,13,1,4,s,1,d,0,0,29,d,12,1,2,1
I671,0,0,2,0,0,4,2,2,4,0,4,8,0,0,s,1,13,1,4,3,1,3,0,0,10,17,0,1,2,1
1631,d,0,2,0,0,4,2,2,4,0,4,d,d,0,s,1,13,1,4,3,1,3,0,0,10,17,0,1,2,1
1779,0,22,2,0,0,4,2,2,4,0,4,8,0,0,s,1,13,1,d,3,1,3,0,0,10,17,6,s,2,1
I674,0,0,2,0,0,4,2,2,0,0,4,8,0,0,s,1,13,1,4,0,0,3,0,0,0,17,0,1,2,1
I675,0,0,2,0,0,4,2,2,0,0,4,8,28,0,s,1,13,1,4,0,1,3,0,0,0,17,0,1,2,1
I676,0,0,2,0,1,4,2,2,0,0,4,8,28,0,s,1,13,1,4,0,1,3,0,0,0,17,0,1,2,1
I677,0,0,2,0,1,4,2,2,0,0,4,8,28,0,s,1,13,1,4,0,1,3,12,0,0,17,0,1,2,1
I678,0,0,2,0,1,4,2,2,0,0,4,8,28,0,s,s,13,1,4,1,1,3,12,0,0,17,0,1,2,1
1541,0,0,2,0,1,4,2,2,d,0,4,d,28,0,s,s,13,1,d,1,1,3,d,0,0,17,0,1,2,1
1540,0,0,d,0,1,4,2,2,4,d,4,8,28,0,s,s,13,1,4,1,1,3,12,0,0,17,0,1,2,1
1465,d,0,2,2,1,4,2,s,0,d,4,8,28,0,s,d,d,d,4,0,1,3,d,0,8,17,0,1,2,1
I680,0,0,2,0,1,4,2,2,0,0,4,8,28,8,s,1,13,1,4,0,1,3,0,0,0,17,0,1,2,1
I681,0,0,2,0,1,4,2,2,0,0,4,s,28,8,s,1,13,1,4,0,1,3,0,0,0,17,0,1,2,1
1297,5,0,2,d,1,4,2,d,d,0,4,s,28,8,s,1,13,1,4,d,d,3,0,0,0,17,13,1,2,1
1296,0,0,2,0,d,4,2,d,0,0,4,s,28,d,s,1,13,1,4,d,1,3,d,0,0,17,d,1,2,s
1135,0,48,d,0,1,4,2,2,0,1,4,8,28,8,s,s,13,1,4,0,1,3,0,0,d,17,d,1,2,1
I683,0,0,2,0,0,4,2,2,0,0,4,8,28,0,s,1,13,s,4,0,1,3,0,0,22,17,0,1,2,1
1855,0,0,2,0,0,4,d,2,2,1,4,8,28,3,s,1,13,s,4,0,1,3,0,d,22,d,0,1,2,1
1526,0,0,2,0,0,4,2,2,0,0,4,d,28,0,s,1,13,s,4,0,1,3,5,0,22,17,0,d,s,1
I690,0,0,2,s,0,4,2,2,0,0,4,8,0,14,s,1,13,1,4,0,0,3,0,0,8,17,0,1,2,1
I695,0,0,2,s,0,4,2,2,0,1,4,8,0,14,s,1,13,1,4,0,0,3,0,0,s,17,0,1,2,1
I696,0,19,2,s,0,4,2,2,0,1,4,8,30,14,s,1,13,1,4,0,0,3,0,0,s,17,0,1,2,1
1463,d,19,2,s,0,4,2,2,d,1,4,8,30,14,s,d,13,1,4,0,0,3,d,0,s,17,0,1,d,1
1462,d,19,s,s,0,d,2,2,4,1,4,8,30,14,s,1,13,1,4,d,d,3,0,0,s,17,0,1,2,1
1510,1,0,d,s,0,4,2,2,0,1,4,8,0,14,s,1,13,1,4,0,0,3,9,0,s,17,0,1,2,1
I698,0,0,2,s,0,4,2,2,0,0,4,8,0,14,s,1,13,1,4,0,0,3,0,0,8,17,0,1,2,s
I699,0,27,2,s,0,4,2,2,0,0,4,8,s,14,s,1,13,s,4,20,0,3,0,0,8,17,0,1,2,s
1357,0,27,2,s,0,4,d,2,0,0,4,8,s,14,s,1,13,s,4,20,s,3,10,12,8,17,d,1,2,s
1274,0,d,d,s,0,4,2,2,0,0,4,8,s,14,s,d,13,s,4,20,0,3,0,0,8,17,d,1,d,s
I702,0,0,2,s,0,4,2,2,0,0,4,8,0,14,s,1,13,1,4,22,0,3,0,0,8,17,0,1,2,s
1306,0,4,d,s,0,d,2,d,4,0,4,8,0,14,s,1,13,1,d,22,0,3,d,0,8,d,0,1,2,s
I704,26,0,2,s,4,4,2,2,0,0,4,8,0,14,s,1,13,1,4,22,0,3,0,0,8,17,0,1,2,s
1271,26,d,d,s,4,4,2,2,0,1,4,8,0,14,s,1,d,1,4,22,0,d,d,0,8,17,0,1,2,s
1270,26,0,2,s,d,4,2,2,0,0,4,8,d,14,s,1,13,1,4,22,0,3,0,d,8,17,0,1,2,s
I705,0,0,2,0,0,4,0,2,0,0,4,0,0,0,s,0,0,1,4,0,0,3,0,0,0,17,13,1,2,1
I706,0,0,2,0,0,4,0,s,0,0,4,0,0,0,s,0,0,1,4,0,0,3,0,0,0,17,13,1,2,1
I707,0,0,2,0,0,4,0,s,0,0,4,0,0,0,s,0,0,1,4,0,0,3,0,0,0,17,13,1,2,1
I708,0,0,2,0,0,4,0,s,0,0,4,0,0,0,s,0,0,1,4,0,0,3,16,0,0,17,13,1,2,1
1233,0,27,2,0,1,4,0,s,d,1,4,0,0,d,s,5,10,1,4,0,0,3,16,0,0,s,13,1,2,1
1673,0,s,2,2,0,4,d,s,0,2,4,s,0,0,s,8,0,1,d,0,0,3,16,12,0,s,13,1,2,1
I715,0,0,2,0,0,4,0,s,0,0,4,0,12,0,s,0,0,1,4,0,0,3,0,0,0,17,13,1,2,1
1723,0,0,2,0,0,4,0,s,0,0,4,0,12,d,s,0,0,1,4,0,0,3,d,s,0,17,d,1,2,1
1857,0,0,2,0,0,4,21,s,0,0,4,8,12,11,s,0,0,1,4,0,0,3,0,0,0,17,13,1,2,1
I722,0,0,2,0,0,4,0,s,0,0,4,0,0,0,s,0,13,1,4,0,s,3,0,0,3,17,13,1,2,1
I723,0,0,2,0,0,4,0,s,0,0,4,0,0,0,s,0,13,1,4,0,s,3,16,0,3,17,13,1,2,1
I724,0,0,2,0,0,4,0,s,0,0,4,0,0,0,s,0,13,1,4,0,s,3,16,0,3,17,13,1,2,1
1576,0,0,2,2,d,4,0,s,0,0,4,0,0,d,s,d,13,1,4,0,s,3,d,0,3,d,13,1,2,d
I726,0,0,2,0,0,4,0,s,0,0,4,0,38,0,s,0,13,1,4,0,s,3,16,0,3,17,13,1,2,1
1647,0,0,2,0,0,4,0,s,0,0,4,0,38,0,s,0,13,1,4,46,s,3,16,0,3,17,13,1,2,1
1646,0,0,2,0,0,4,0,s,0,0,4,d,38,23,s,0,13,1,4,0,s,3,16,0,3,d,d,1,2,1
I727,0,0,2,s,0,4,0,s,4,0,4,0,20,23,s,0,13,1,4,9,s,3,16,2,3,17,13,1,2,1
1947,0,0,2,s,0,4,0,s,4,0,d,0,20,23,s,d,13,1,4,9,s,3,16,2,d,17,13,1,2,1
I729,0,0,2,s,1,4,0,s,4,0,4,0,20,23,s,0,s,1,4,9,s,3,16,2,3,17,13,1,2,1
2035,0,d,2,s,d,4,0,s,d,0,4,0,d,23,s,0,s,1,4,9,s,3,16,2,3,17,13,1,2,1
2034,0,0,d,s,1,4,0,s,4,0,4,0,d,23,s,d,s,1,4,9,s,3,16,2,d,17,13,1,2,1
I730,s,0,2,0,0,4,5,s,0,0,4,0,17,0,s,0,13,1,4,0,s,3,16,0,3,17,13,1,2,1
I733,s,0,2,0,0,4,5,s,0,0,4,8,17,0,s,6,13,1,4,0,s,3,16,0,3,17,13,1,2,1
2023,s,0,d,0,0,4,5,s,0,0,4,8,17,0,s,6,13,1,4,d,s,3,16,0,3,17,13,1,2,1
2022,s,0,2,0,0,4,5,s,0,0,4,8,17,0,s,6,13,1,4,0,s,3,16,0,3,17,13,1,2,1
I734,s,0,2,0,0,4,5,s,0,0,4,0,17,0,s,0,13,1,4,0,s,3,16,0,3,17,13,1,2,1
1989,s,0,2,0,d,4,5,s,6,d,d,0,d,0,s,19,13,1,4,0,s,3,16,0,3,d,13,d,2,1
2019,s,0,2,0,0,4,5,s,0,1,4,0,17,0,s,0,13,1,4,d,s,3,16,0,3,17,s,d,d,1
I737,0,s,2,0,0,4,0,2,0,0,4,8,0,0,s,0,0,1,4,9,0,3,0,0,0,17,13,1,2,1
I738,0,s,2,0,0,4,0,2,0,2,4,8,0,0,s,0,29,1,4,9,0,3,3,0,0,17,13,1,2,1
I739,0,s,2,2,0,4,7,2,0,2,4,8,0,0,s,0,29,s,4,9,0,3,3,0,0,17,13,1,2,1
I740,0,s,2,2,0,4,7,2,0,2,4,8,0,0,s,s,29,s,4,9,0,3,3,0,0,17,13,1,2,1
1260,2,s,2,2,0,4,7,2,0,2,4,8,0,0,s,s,29,s,4,9,0,3,3,38,0,17,13,1,d,1
1437,0,s,2,2,0,4,7,2,d,2,4,8,0,0,s,s,29,s,4,9,0,3,3,2,0,17,13,1,d,1
I743,4,s,2,2,0,4,7,2,0,2,4,8,0,0,s,0,29,s,4,9,0,3,3,0,0,17,s,1,2,1
I744,4,s,2,2,0,4,7,2,0,2,4,8,0,0,s,0,29,s,4,9,0,3,3,0,0,17,s,1,2,1
1589,4,s,2,2,d,4,7,2,0,d,d,8,0,7,s,0,29,s,4,9,d,d,3,0,0,17,s,1,2,1
1588,4,s,2,2,0,4,7,2,0,2,4,8,0,0,s,0,29,s,4,9,0,3,3,0,0,17,s,1,2,1
1366,4,s,2,2,0,4,d,2,0,2,4,8,0,0,s,0,29,s,d,9,0,3,3,0,s,17,s,1,d,d
I746,0,s,2,0,0,4,0,2,0,2,4,8,s,0,s,0,29,1,4,9,0,3,3,0,0,17,13,1,2,1
I747,0,s,2,0,0,4,0,2,3,2,4,8,s,0,s,0,29,1,4,9,0,3,3,0,0,17,13,1,2,1
1497,d,s,2,0,0,4,0,2,3,d,4,8,s,0,s,0,29,d,4,9,0,3,3,0,0,17,13,1,d,1
1320,d,s,2,0,0,4,0,2,3,2,4,8,s,0,s,0,29,1,4,9,0,3,3,0,0,17,13,1,2,1
I750,0,s,2,0,0,4,0,2,2,2,4,8,s,0,s,0,29,1,4,9,s,3,3,18,0,17,13,1,2,1
1363,d,s,2,0,s,4,0,2,2,2,4,8,s,0,s,0,29,1,4,9,s,3,3,18,0,17,d,1,2,1
1105,d,s,2,0,0,4,0,d,2,2,s,8,s,d,s,d,29,1,4,9,s,3,3,18,4,17,13,1,2,1
I753,0,s,s,0,0,4,0,2,4,1,4,8,0,0,s,2,0,1,4,9,0,3,0,22,0,17,13,1,2,1
I754,0,s,s,0,0,4,0,2,4,1,4,8,12,0,s,2,0,1,4,9,0,3,0,22,0,17,13,s,2,1
I755,0,s,s,0,0,4,0,2,4,1,4,8,12,0,s,2,0,1,4,9,0,3,0,22,14,17,13,s,2,1
I756,0,s,s,0,0,4,0,2,4,1,4,8,12,0,s,2,0,1,4,9,1,3,0,22,14,17,13,s,2,1
1215,0,s,s,2,0,4,0,2,4,d,4,8,12,0,s,d,0,1,4,9,1,3,0,22,14,17,13,s,d,1
1214,0,s,s,0,1,4,0,2,4,1,4,8,12,0,s,d,0,1,4,d,1,d,0,22,14,17,13,s,2,1
I757,0,s,s,0,0,4,0,2,4,1,4,8,12,0,s,2,0,s,4,9,0,3,0,22,14,17,13,s,2,1
1171,0,s,s,0,0,4,0,2,4,1,4,8,s,0,s,2,0,s,4,9,0,3,d,22,d,17,13,s,2,1
1170,0,s,s,0,0,4,0,2,4,1,4,8,12,0,s,2,d,s,4,9,0,3,0,22,14,17,13,s,2,d
I758,0,s,s,0,0,4,0,2,4,1,4,8,12,0,s,2,0,1,4,9,1,3,0,22,0,17,13,s,2,1
1204,0,s,s,0,0,4,0,2,d,1,4,8,12,0,s,d,s,s,4,9,1,3,10,d,17,17,13,s,2,1
1234,0,s,s,d,0,4,d,2,4,1,4,8,12,0,s,2,s,1,4,9,1,3,0,22,0,17,13,s,2,1
I761,0,s,s,0,0,4,0,2,4,1,4,8,0,0,s,2,29,1,4,9,0,3,29,22,0,17,13,1,2,1
1063,5,s,s,0,d,4,s,s,4,1,4,8,0,0,s,2,29,1,4,9,0,d,29,d,0,17,13,1,2,1
1130,0,s,s,0,0,4,5,2,4,1,4,8,0,0,s,2,29,1,4,9,1,3,d,22,31,17,13,1,d,d
I768,0,0,7,0,0,0,0,0,0,0,4,0,0,0,0,6,0,0,4,0,0,0,0,0,0,17,0,0,2,0
I769,0,0,7,0,0,0,0,0,0,0,4,0,0,0,0,6,0,0,4,0,1,0,0,0,0,17,0,0,2,0
I770,0,0,7,s,0,0,0,0,0,0,4,0,3,0,0,6,0,0,4,0,1,0,0,0,0,17,0,0,2,0
I771,0,0,7,s,0,0,0,1,0,0,4,8,3,0,0,6,0,0,4,0,1,0,0,0,0,17,33,0,2,0
I772,0,0,7,s,0,0,0,1,0,0,4,8,3,0,0,6,0,0,4,0,1,16,0,0,0,17,33,0,2,0
I773,32,0,7,s,0,0,25,1,4,0,4,8,3,0,0,6,0,1,4,0,1,16,0,0,0,17,33,0,2,0
I774,32,0,7,s,1,0,25,1,4,1,4,8,3,0,0,6,0,1,4,0,1,16,0,0,0,17,33,0,2,0
1870,32,0,7,s,1,0,25,1,4,1,4,8,3,0,0,6,0,1,4,0,1,16,0,0,0,17,s,0,2,d
I776,32,0,7,s,1,0,25,1,4,1,4,8,3,0,0,6,0,1,4,0,1,16,0,0,0,17,33,0,2,0
1955,32,0,7,s,d,0,25,1,4,d,4,d,d,0,0,6,d,1,4,0,1,16,d,0,0,17,d,0,2,0
1954,32,d,d,s,1,0,25,1,4,1,4,8,3,0,0,6,0,1,d,0,d,16,0,0,d,17,33,0,2,0
1641,32,0,7,s,0,d,d,1,4,0,4,s,3,0,0,6,0,1,4,0,1,16,d,0,0,17,33,0,2,1
I780,0,0,7,s,0,0,0,1,0,0,4,8,3,0,0,6,0,0,4,0,1,16,0,0,0,17,33,0,2,0
I781,0,0,7,s,0,0,0,1,0,0,4,8,3,0,7,6,0,0,4,0,1,16,0,0,0,17,33,0,2,0
1431,0,d,d,s,0,0,0,1,0,0,4,8,3,0,d,6,0,0,4,0,1,d,0,d,0,17,33,0,2,0
1360,0,0,d,s,0,0,0,1,0,0,d,8,3,0,d,6,0,0,4,0,d,16,d,0,0,17,33,d,2,0
1696,s,0,7,s,0,s,0,s,d,0,4,8,3,0,12,6,0,0,4,0,1,16,4,d,0,d,33,0,2,1
I787,0,0,7,s,0,0,0,s,0,0,4,8,3,0,0,6,0,0,4,0,1,0,0,0,0,17,33,0,2,1
I788,0,0,7,s,0,1,0,s,0,0,4,8,3,0,0,6,0,1,4,0,1,0,0,0,0,17,33,0,2,1
1999,33,0,7,s,1,1,0,s,d,0,4,8,3,d,d,6,d,1,4,9,1,0,0,0,s,17,33,0,2,d
I791,0,0,7,s,0,1,0,s,0,0,4,8,3,0,0,s,0,1,4,0,1,0,0,0,0,17,33,0,2,1
1721,0,d,7,s,0,1,0,s,d,d,4,8,3,21,0,s,s,1,4,0,1,0,0,0,d,17,33,0,2,1
1917,0,0,7,s,0,d,0,s,0,0,4,8,3,21,0,s,8,1,4,d,1,0,0,0,0,17,33,0,d,1
1020,0,d,7,s,0,0,d,s,4,0,4,8,s,21,6,6,0,1,d,0,1,s,0,0,d,d,33,0,2,1
I799,0,0,7,s,0,0,0,0,0,0,4,0,3,0,0,6,0,0,4,0,1,0,3,0,0,17,0,0,2,0
I800,0,0,7,s,0,0,0,0,0,0,4,0,3,0,0,6,0,0,4,0,1,0,3,0,0,s,0,0,2,0
I801,20,2,7,s,0,0,0,0,0,1,4,0,s,0,0,6,0,1,4,0,1,0,3,0,0,s,0,8,2,s
I802,20,2,7,s,1,0,0,0,2,1,4,0,s,s,0,6,0,1,4,12,1,0,3,0,0,s,0,8,2,s
1845,20,2,7,s,1,0,5,0,2,1,4,0,s,s,0,d,0,1,4,12,1,0,3,0,0,s,0,8,2,s
1775,20,s,7,s,d,0,0,0,2,d,4,0,s,s,s,6,0,1,4,12,1,0,3,d,0,s,0,8,2,s
I805,20,2,7,s,0,0,0,0,0,1,4,0,s,0,0,6,0,1,4,0,1,0,s,0,0,s,0,8,2,s
I806,20,2,7,s,0,0,0,0,0,1,4,0,s,13,0,6,0,1,s,0,1,0,s,0,0,s,0,8,2,s
1963,20,2,7,s,d,0,d,0,0,1,d,0,s,13,0,6,0,d,s,0,1,0,s,0,d,s,0,d,2,s
1962,20,2,7,s,0,0,0,0,0,d,4,0,s,13,0,6,d,d,s,0,1,0,s,0,0,s,d,8,d,s
1500,d,2,7,s,0,d,0,0,0,1,4,0,s,0,0,6,0,1,d,d,1,11,s,0,0,s,0,8,2,s
I809,0,0,7,s,0,0,0,0,0,0,4,0,3,0,0,6,0,0,4,0,1,0,s,0,0,s,0,0,2,0
1812,s,0,7,s,0,0,0,0,0,0,4,d,3,d,0,6,0,0,4,0,1,d,s,0,0,s,0,0,2,0
1822,0,0,7,s,d,d,0,0,0,0,d,d,3,0,0,d,0,0,4,d,1,0,s,0,d,s,0,d,2,0
I815,0,0,7,s,0,0,0,0,0,0,4,0,3,0,0,6,0,0,4,0,1,0,3,0,0,17,3,0,2,0
I816,0,0,7,s,0,25,0,0,0,0,4,0,3,0,0,6,0,0,4,0,1,0,3,0,0,17,3,0,2,0
I817,0,0,7,s,0,25,0,1,0,0,4,0,3,0,0,6,0,1,4,0,1,0,3,0,0,17,3,0,2,0
1919,d,0,7,s,0,d,0,d,0,0,4,d,3,0,0,d,0,1,4,0,d,0,3,d,0,17,3,0,2,0
2026,d,0,d,s,0,25,0,1,0,0,d,0,3,0,0,6,0,1,4,0,1,0,3,0,s,17,3,0,2,0
I820,0,0,7,s,0,25,0,0,0,0,4,0,3,0,0,6,0,0,4,0,1,0,3,0,0,17,3,0,2,0
1966,0,0,7,s,0,25,0,0,0,0,4,0,3,0,0,6,13,1,4,0,1,0,3,d,15,17,3,s,d,0
1850,0,0,7,s,0,25,d,0,0,0,4,0,3,0,0,6,d,0,4,0,1,0,3,d,17,17,3,d,d,0
I823,0,0,7,s,0,0,16,0,0,0,4,0,3,0,0,6,0,1,4,0,1,0,3,0,35,17,3,0,2,0
I824,27,0,7,s,0,0,16,0,1,0,4,0,3,0,0,6,0,1,4,0,1,s,3,0,35,17,3,0,2,0
1459,27,0,7,s,0,0,16,0,1,0,s,s,d,0,1,6,0,1,4,0,1,s,d,0,35,17,3,0,2,0
1535,27,0,7,s,0,s,16,0,1,0,4,0,3,0,0,6,d,1,4,0,1,s,d,0,35,17,3,1,2,0
I827,0,0,7,s,0,0,16,0,0,0,4,8,3,6,0,6,0,1,4,38,1,0,3,0,35,17,3,0,2,0
1547,0,d,7,s,0,0,16,0,d,0,4,8,3,6,0,d,0,1,4,38,1,0,3,0,d,17,3,0,2,0
I829,0,0,7,s,4,0,16,0,2,0,4,8,3,6,0,6,0,1,4,38,1,0,3,0,35,17,3,0,2,0
1707,d,0,7,s,4,0,16,0,2,0,d,8,3,6,d,6,d,1,d,38,1,0,3,0,35,17,3,s,2,0
1706,0,0,7,s,4,0,16,0,2,0,4,8,3,6,0,6,0,1,4,38,1,0,3,0,35,17,3,d,2,0
I830,0,0,7,0,0,0,0,0,0,0,4,0,0,0,0,6,0,0,4,0,1,0,2,0,0,17,0,8,2,1
I831,3,0,7,0,0,0,14,0,0,0,4,0,0,8,0,6,0,0,4,0,1,0,2,0,0,17,s,8,2,1
I832,3,2,7,0,0,0,s,0,0,0,4,0,0,8,0,6,0,0,4,0,1,0,2,0,0,17,s,8,2,1
I833,3,2,7,0,0,0,s,0,0,0,4,0,0,8,0,6,0,0,4,0,1,0,2,0,0,17,s,8,2,1
I834,s,2,7,2,0,0,s,0,0,0,4,0,0,8,0,6,0,0,4,0,1,3,2,0,0,17,s,8,2,1
1514,s,2,7,2,3,0,s,d,d,s,4,0,0,8,0,6,0,d,4,0,1,3,2,0,0,17,s,8,2,1
I836,s,2,7,2,0,0,s,0,0,0,4,0,0,8,0,6,0,0,4,0,1,3,2,12,0,17,s,8,2,1
1687,s,2,7,2,0,0,s,0,0,0,4,0,0,8,0,6,0,0,4,s,1,3,2,12,0,d,s,8,d,1
1686,s,2,7,d,0,0,s,0,0,0,d,0,0,8,0,6,0,0,4,0,1,3,2,12,0,17,s,8,2,1
I838,3,2,7,0,1,0,s,0,2,0,4,0,20,8,0,6,0,1,4,17,1,0,2,0,0,17,s,s,2,1
1731,d,2,7,0,1,0,s,0,2,0,4,0,20,8,0,6,0,1,4,d,1,0,2,d,0,17,s,s,2,1
1730,3,d,7,0,1,0,s,0,2,0,d,0,20,8,0,6,0,1,4,17,1,0,2,0,0,d,s,s,2,1
I840,3,2,s,0,0,0,s,2,4,0,4,0,0,8,0,6,0,0,4,0,1,s,2,0,0,17,s,8,2,1
I841,3,2,s,0,1,0,s,2,4,0,4,0,0,8,0,6,0,0,4,0,1,s,2,0,0,17,s,8,2,1
I842,3,s,s,0,1,25,s,2,4,0,4,0,0,8,0,6,0,0,4,0,1,s,2,0,0,17,s,8,2,1
1677,d,s,s,d,1,25,s,2,d,0,d,0,d,8,0,6,d,0,4,0,1,s,2,0,0,d,s,8,2,1
1676,3,s,s,0,1,25,s,2,4,0,4,0,d,8,0,6,0,0,d,0,1,s,2,0,0,17,s,8,2,1
1753,3,2,s,d,1,0,s,2,4,0,4,0,0,8,0,6,22,0,4,0,1,s,2,0,0,d,s,8,2,1
I844,3,2,s,0,0,0,s,2,4,0,4,0,0,8,0,6,0,0,4,0,1,s,2,0,0,17,s,8,2,1
1615,d,2,s,0,d,0,s,2,4,d,4,0,13,8,d,6,0,0,4,0,1,s,2,s,0,17,s,8,2,1
1681,3,2,s,2,0,0,s,2,4,d,4,0,0,8,12,6,0,1,d,0,d,s,2,0,d,17,s,8,2,1
I847,3,0,7,0,0,0,14,0,0,0,4,0,0,8,0,6,0,0,4,0,1,0,2,0,0,17,s,8,2,1
I848,3,0,7,0,0,0,14,0,0,0,4,0,0,8,0,6,0,0,4,0,1,0,2,0,0,17,s,8,2,1
I849,3,0,7,0,0,0,14,0,0,0,4,0,0,8,0,6,0,0,4,0,1,0,2,0,0,17,s,8,2,1
I850,3,0,7,0,0,0,14,0,0,0,4,8,0,8,0,6,0,0,4,0,1,0,2,0,9,17,s,8,2,1
1635,3,d,7,0,0,s,d,0,d,0,d,8,0,8,0,6,0,0,4,0,1,0,d,0,d,17,s,8,2,1
1634,d,0,7,2,0,0,14,0,d,0,4,8,0,8,0,6,0,0,4,11,d,0,2,0,d,17,s,8,2,1
1777,3,0,7,2,0,0,d,0,0,0,4,0,d,8,d,6,0,d,4,0,1,0,2,0,d,d,s,8,2,1
1345,3,0,7,0,0,0,14,0,3,d,4,0,0,8,d,6,s,0,4,0,1,0,2,0,20,17,s,8,2,1
I856,3,0,7,0,3,1,14,0,0,2,4,0,0,8,0,6,0,0,4,0,1,0,2,0,0,17,s,8,2,1
1573,3,0,7,0,3,1,14,0,0,2,4,0,0,8,0,6,0,0,4,0,1,0,2,0,0,d,s,s,2,1
1766,3,42,7,0,3,1,14,0,0,2,4,0,0,8,26,6,0,0,4,0,1,0,2,d,d,17,s,8,2,1
I862,0,0,7,0,0,0,0,0,0,0,4,0,0,0,0,6,0,0,4,0,1,5,2,0,0,17,12,8,2,1
I863,0,48,7,0,0,0,0,1,0,0,4,0,1,0,0,6,0,0,4,0,1,5,2,0,22,17,12,8,2,1
I864,0,48,7,0,0,0,15,s,0,s,4,0,1,0,0,6,27,0,4,0,1,5,2,0,22,17,12,8,2,1
I865,0,48,7,0,0,0,15,s,0,s,4,8,1,0,0,6,27,0,4,0,1,5,2,0,22,17,12,8,2,1
I866,0,48,7,0,0,0,15,s,0,s,4,8,1,3,0,6,27,0,4,0,1,5,s,0,22,17,12,8,s,1
1245,0,d,7,0,0,d,15,s,d,s,4,8,1,d,6,6,27,0,4,0,1,5,s,0,22,17,12,8,s,1
1244,0,48,7,0,0,0,15,s,0,s,d,8,1,3,0,6,27,0,4,0,1,5,s,0,d,17,12,8,s,1
1265,0,48,7,0,0,0,15,s,0,s,4,8,1,d,0,6,27,1,4,0,1,5,2,0,22,17,12,8,2,d
I869,0,48,7,0,0,0,15,s,2,s,4,0,1,5,0,6,27,1,4,s,1,5,2,0,22,17,12,8,2,1
1117,0,d,d,0,0,0,15,s,2,s,4,0,1,5,0,6,27,1,4,s,1,5,2,0,22,17,12,8,d,1
1116,0,48,7,0,0,d,15,s,2,s,d,0,1,5,7,6,27,1,d,s,1,5,2,d,22,17,12,8,2,1
I871,0,48,7,0,0,0,0,1,0,s,4,10,1,0,0,6,0,0,4,0,1,5,2,0,22,17,12,8,2,1
1422,0,48,d,0,0,0,0,d,0,s,4,d,1,28,0,s,0,0,4,0,s,5,d,0,22,17,12,d,2,1
I875,27,48,7,0,0,0,0,1,0,s,4,10,1,0,0,6,0,1,4,0,1,5,2,0,22,17,12,8,2,1
I876,27,48,7,0,0,0,0,1,0,s,4,10,1,0,0,6,0,1,4,0,1,5,2,31,22,17,12,8,2,1
1811,27,48,7,0,0,s,0,1,0,s,4,10,1,0,0,6,0,1,4,0,d,5,2,31,22,17,12,8,2,d
1810,27,48,7,0,0,0,0,1,0,s,4,10,1,0,0,6,0,1,4,d,1,5,d,31,22,17,12,8,d,1
1759,d,48,d,0,0,0,d,1,0,s,4,10,1,0,0,6,0,1,4,0,1,5,2,0,22,s,12,8,2,1
I878,0,0,7,0,0,0,0,0,0,0,4,0,0,0,0,6,0,0,4,0,1,5,2,0,0,17,12,8,2,1
I879,0,0,7,0,0,0,0,0,0,0,4,0,0,0,s,6,s,0,4,0,1,5,2,0,0,17,12,8,2,1
I880,0,0,7,0,0,0,0,0,0,1,4,0,31,0,s,6,s,0,4,11,1,5,2,0,8,17,s,8,2,1
1761,0,0,7,0,0,0,0,d,0,1,4,0,31,0,s,6,s,d,4,11,1,5,2,0,8,17,s,8,2,1
1738,0,0,7,0,0,0,0,0,d,1,4,0,31,0,s,6,s,1,4,11,1,5,2,0,8,17,s,d,2,1
I883,5,0,7,0,0,0,0,0,0,0,4,0,6,0,s,6,s,0,4,0,1,5,2,0,0,17,12,8,2,1
1847,5,0,7,s,0,0,0,0,s,0,4,s,6,0,s,6,s,0,4,0,1,5,2,0,0,17,12,8,2,1
1923,d,0,7,d,d,d,0,0,0,0,4,0,6,0,s,6,s,0,4,0,1,5,2,0,0,d,12,s,2,1
1432,0,0,7,0,s,0,0,d,2,0,4,8,0,d,0,6,0,d,4,12,1,5,2,0,0,s,d,8,2,s
I893,s,0,7,0,1,0,2,0,0,0,4,0,0,0,2,6,0,0,4,0,1,0,5,0,0,17,0,12,2,0
I894,s,0,7,0,1,0,2,0,0,0,4,0,0,19,2,6,0,0,4,20,1,0,5,0,0,17,0,12,2,1
I895,s,0,7,0,1,1,2,0,0,0,4,0,0,19,2,6,0,0,4,20,1,25,5,0,0,17,0,12,2,1
I896,s,0,7,0,1,1,2,0,0,0,4,0,0,19,2,6,10,0,4,20,1,25,5,0,0,17,0,12,2,1
I897,s,0,7,0,1,1,2,0,0,0,4,0,15,19,2,6,10,0,4,20,1,25,5,0,s,17,0,12,2,1
I898,s,0,7,0,1,1,2,0,0,0,4,8,15,19,2,6,10,0,4,20,1,25,5,0,s,17,0,12,2,1
I899,s,0,7,2,1,1,2,0,0,0,4,8,15,19,2,6,10,0,4,20,1,25,5,0,s,17,0,12,2,1
1439,s,37,7,d,1,1,2,d,0,0,4,8,15,19,2,6,10,d,4,20,1,25,5,0,s,17,0,d,d,d
1438,s,0,d,2,1,1,2,0,0,0,4,8,d,19,2,6,d,0,4,20,1,25,5,s,s,17,0,12,2,1
1227,s,0,7,2,d,1,2,0,0,d,d,d,15,19,2,6,10,0,4,20,1,d,5,d,s,17,0,12,2,1
I901,s,19,7,2,1,1,2,1,0,0,4,0,15,19,2,6,10,0,4,20,1,25,5,0,s,17,0,12,2,1
1243,s,19,7,2,1,1,2,1,0,0,4,0,15,19,2,6,10,0,d,20,1,25,5,0,s,17,0,12,2,1
I903,s,19,7,2,1,1,2,1,0,0,4,0,15,19,2,6,10,0,4,20,1,25,5,0,s,17,s,12,2,1
1329,s,d,7,d,1,d,2,d,0,0,d,0,15,19,d,6,10,0,4,20,1,25,5,0,s,17,s,12,d,1
1328,s,19,7,2,d,d,2,1,0,0,4,0,15,19,2,d,10,0,4,20,1,25,5,d,s,17,s,12,2,1
I904,s,0,7,2,1,1,2,0,0,1,4,0,0,19,2,6,10,0,4,20,1,25,5,0,0,17,0,12,2,1
I905,s,0,7,2,1,1,2,0,0,1,4,0,0,19,2,6,10,0,4,20,1,25,5,0,0,17,0,s,2,1
I906,s,0,7,2,1,1,2,0,0,1,4,0,0,19,2,6,10,0,4,20,1,25,5,0,37,17,0,s,2,1
1397,s,d,7,2,d,d,d,1,0,1,4,d,d,19,2,6,10,0,4,d,1,25,5,2,37,17,d,s,d,1
1396,s,0,7,2,1,d,2,0,0,1,4,0,0,d,2,6,10,0,4,20,1,25,5,0,37,17,0,s,2,1
I907,s,0,7,2,1,1,2,0,2,1,4,0,0,19,2,6,10,1,4,20,1,25,5,s,0,17,0,s,2,1
1249,s,0,7,2,1,1,2,0,2,1,4,d,0,19,2,6,10,d,4,20,d,d,5,s,d,d,0,s,2,d
1248,s,0,7,2,1,1,2,d,2,1,d,8,0,19,2,6,d,1,4,20,1,25,5,s,0,17,0,s,2,1
I908,s,4,7,2,1,1,2,0,0,1,4,0,0,19,2,6,10,0,4,20,1,25,5,0,0,17,0,12,2,1
1781,s,4,7,2,1,1,d,0,5,1,4,d,0,19,2,6,10,0,4,20,1,25,5,43,0,17,0,d,2,1
1737,s,4,7,d,1,1,2,0,0,1,4,0,0,19,2,6,10,0,4,20,1,25,5,0,0,17,0,12,d,1
I911,s,27,7,0,1,1,2,0,0,0,4,0,0,19,2,6,0,0,4,20,1,25,5,0,0,17,0,12,2,1
I912,s,27,7,0,1,1,2,0,0,0,4,0,6,19,2,6,31,0,4,20,1,25,5,0,0,17,0,12,2,1
1494,s,27,7,2,1,s,2,2,0,0,4,d,s,19,2,6,31,0,4,20,1,25,5,11,0,17,s,12,2,1
I916,s,27,7,2,1,1,2,0,0,1,4,8,6,19,2,6,31,0,4,20,1,25,5,0,0,17,0,12,2,1
1657,s,27,7,d,1,s,2,0,0,1,4,s,6,19,2,6,31,0,d,20,1,d,5,d,0,17,0,12,2,1
1556,s,d,7,2,1,1,2,0,0,1,4,8,6,19,2,6,31,d,4,d,1,25,5,0,0,17,d,12,d,1
I919,s,27,7,0,1,1,2,0,0,1,4,0,0,19,2,6,0,0,4,20,1,s,5,0,0,17,0,12,2,1
1277,s,27,7,2,1,d,2,0,0,1,4,0,0,19,2,6,33,0,4,20,1,s,5,7,s,s,6,12,2,1
1803,s,27,7,0,1,1,2,0,0,1,4,0,0,19,2,6,0,0,4,20,d,s,5,0,0,17,0,d,2,d
I926,s,0,7,0,1,6,2,0,0,0,4,0,0,19,2,6,0,0,4,20,1,0,5,0,0,17,0,12,2,1
I927,s,0,7,0,1,6,2,0,0,0,4,0,0,19,2,6,0,0,4,20,1,0,5,0,0,17,0,12,2,1
I928,s,0,7,0,1,6,2,0,0,0,4,0,0,19,2,6,33,0,4,20,1,0,5,0,0,17,0,12,2,1
I929,s,0,7,0,1,6,2,0,0,0,4,0,0,19,2,6,33,0,4,20,1,0,5,0,0,17,0,12,2,1
1843,s,d,7,0,1,d,2,0,0,d,d,0,0,19,d,6,s,0,d,20,1,0,5,0,0,17,0,12,2,1
1927,s,8,7,0,d,6,2,0,0,0,4,0,0,19,2,6,d,0,4,20,1,0,5,d,0,17,0,12,2,1
I932,s,0,7,0,1,6,2,0,0,0,4,0,0,19,2,6,33,0,4,20,1,0,5,0,0,17,0,12,2,1
1849,s,0,7,0,d,6,2,0,0,0,d,0,0,19,2,6,33,0,4,20,1,0,5,0,d,17,0,12,2,1
1876,s,0,d,0,1,6,2,0,0,0,4,0,0,19,2,6,d,0,4,20,1,0,5,0,0,17,0,12,2,1
I935,s,0,7,0,1,s,2,0,0,0,4,0,0,19,2,6,0,0,4,20,1,4,5,0,0,17,0,12,2,1
1961,s,0,7,0,d,s,2,d,0,0,4,d,0,d,2,6,0,0,d,20,s,4,5,0,0,17,0,12,2,1
I940,s,0,7,0,1,s,2,0,4,0,4,0,1,19,2,6,0,0,4,20,1,4,s,0,0,17,7,12,2,1
1957,s,0,7,0,1,s,2,0,4,0,4,0,1,19,2,6,0,0,4,20,1,4,s,d,d,17,7,12,2,1
1956,s,0,7,0,1,s,2,d,d,0,4,d,1,19,2,6,0,d,4,20,1,4,s,0,d,17,7,12,2,d
I942,s,0,7,0,1,6,2,0,0,0,4,0,0,19,2,6,0,0,4,20,1,11,5,0,0,17,0,12,2,1
I943,s,0,7,0,1,6,2,1,0,0,4,0,12,19,2,6,0,0,4,20,1,11,5,0,0,17,0,12,2,1
I944,s,0,7,0,1,6,2,1,0,0,4,0,12,19,2,6,0,0,4,20,1,11,5,0,0,17,0,12,2,1
I945,s,0,7,0,1,6,2,1,0,0,4,0,12,19,2,6,0,0,4,20,1,11,5,0,0,17,0,12,2,1
1717,s,0,7,0,1,6,d,1,0,0,4,0,12,19,d,6,0,0,4,20,1,11,5,0,0,17,0,12,d,d
1716,s,0,7,0,1,6,2,1,0,0,4,0,12,19,2,6,0,0,d,20,1,11,5,0,0,17,0,12,2,1
1913,s,2,7,0,1,6,2,1,0,0,4,0,12,19,2,d,0,1,4,20,1,11,5,s,0,17,0,12,2,1
I948,s,0,7,0,1,6,2,1,0,1,4,0,12,19,2,6,s,1,4,20,1,11,5,0,0,17,0,12,2,1
1645,s,0,7,0,1,6,2,1,0,1,4,0,12,19,2,6,s,1,d,20,d,11,5,0,0,17,0,12,2,1
1644,s,0,7,0,1,d,d,1,d,d,4,d,12,19,2,6,s,1,d,20,1,11,5,0,15,17,10,12,2,1
I950,s,0,7,0,1,6,2,0,2,0,4,0,0,19,2,6,0,0,4,20,1,11,5,0,0,17,0,12,2,1
I951,s,0,7,0,1,6,2,0,2,0,4,8,0,19,2,6,0,0,4,20,1,11,5,0,0,17,0,12,2,1
1628,s,0,d,0,1,6,d,0,2,0,4,8,0,d,2,6,0,0,4,20,1,11,5,0,d,17,d,12,2,1
1929,s,0,7,0,d,d,2,0,2,0,4,8,0,19,2,6,d,0,4,20,1,11,5,0,0,17,0,12,2,1
1863,s,d,7,2,s,6,2,0,2,d,4,0,0,19,2,6,0,0,4,20,1,d,5,11,0,17,0,12,2,d
I957,s,0,7,0,1,0,2,0,0,0,4,0,0,0,2,6,0,0,4,0,1,0,5,0,0,s,0,12,2,0
I958,s,0,7,0,1,0,2,2,s,0,4,0,0,0,2,6,0,0,4,0,1,0,5,2,0,s,0,12,2,s
I959,s,0,7,0,1,0,2,2,s,0,4,8,0,0,2,6,0,0,4,18,1,0,5,2,0,s,26,12,2,s
I960,s,0,7,2,1,0,2,2,s,0,4,8,0,0,2,6,0,0,4,18,1,0,5,2,17,s,26,12,2,s
I961,s,0,7,2,1,0,2,s,s,0,4,8,0,0,2,6,0,0,4,18,1,0,5,2,17,s,26,12,2,s
1213,s,0,d,2,1,0,2,s,s,0,d,8,0,0,2,6,1,1,4,18,1,0,5,2,17,s,d,d,2,s
1241,s,52,7,d,1,0,2,s,s,0,4,8,0,0,2,6,4,d,4,18,1,0,5,2,17,s,26,12,2,s
I964,s,0,7,2,1,0,2,2,s,0,4,8,0,21,2,6,0,0,4,18,1,0,5,2,17,s,26,12,2,s
1074,s,0,7,2,d,0,2,2,s,1,4,8,11,21,2,6,s,1,4,d,1,2,5,2,d,s,26,12,2,s
1061,s,0,7,2,s,0,2,2,s,0,4,8,d,21,2,6,0,0,4,18,s,d,5,2,17,s,26,12,2,s
I967,s,0,7,0,1,0,2,2,s,0,4,8,14,0,2,6,0,0,4,18,1,0,5,2,0,s,26,12,2,s
1581,s,0,7,d,1,33,d,2,s,1,d,d,14,0,2,6,d,0,4,18,1,0,5,2,7,s,26,12,d,s
I971,s,0,7,0,1,0,2,2,s,0,4,8,14,0,2,6,0,0,4,18,1,0,5,2,0,s,26,12,2,s
I972,s,0,7,0,1,0,2,2,s,0,4,8,14,0,2,6,0,0,4,s,1,0,5,2,0,s,26,12,2,s
1315,s,0,7,2,1,0,d,2,s,0,4,d,14,0,2,6,0,0,4,s,1,0,5,2,0,s,26,12,2,s
1314,s,0,7,0,1,28,2,2,s,0,4,8,d,0,2,6,0,s,4,s,1,0,d,d,d,s,26,12,2,s
1447,s,0,7,0,1,d,2,2,s,0,4,8,14,0,2,6,1,s,d,18,d,d,5,2,0,s,26,12,2,s
I974,s,0,7,0,1,0,2,2,s,0,4,0,0,0,2,6,0,0,4,0,1,0,5,2,0,s,0,12,2,s
I975,s,0,7,0,1,0,2,2,s,0,4,0,0,0,2,6,0,0,4,0,1,0,5,2,0,s,0,12,2,s
1613,s,25,7,d,1,0,2,2,s,0,4,d,43,d,2,d,0,0,4,19,1,0,5,d,0,s,22,12,2,s
I979,s,0,7,0,1,0,2,2,s,0,4,0,0,0,2,6,0,0,4,0,1,0,5,2,0,s,12,12,2,s
I980,s,0,7,0,1,0,2,2,s,0,4,0,0,0,2,6,0,0,4,0,1,0,5,2,0,s,12,12,2,s
1513,s,0,7,0,1,0,2,2,s,0,4,0,0,d,2,6,0,0,4,d,1,0,5,2,0,s,12,12,2,s
1512,s,0,7,0,1,0,d,2,s,0,4,d,0,d,2,d,0,0,4,0,1,d,5,2,0,s,12,12,2,s
I981,s,0,7,0,1,0,2,2,s,1,4,0,0,0,2,6,0,0,4,0,1,0,5,2,0,s,12,12,2,s
1703,s,0,7,0,1,0,2,2,s,1,4,0,0,d,2,6,0,0,4,0,d,d,5,2,0,s,12,12,2,s
1702,s,0,7,0,1,0,2,2,s,1,4,0,0,0,d,6,0,d,4,0,d,0,5,2,35,s,d,12,2,s
I982,s,0,7,2,1,0,2,2,s,0,4,0,0,0,2,6,0,0,4,0,1,0,5,2,0,s,0,12,2,s
I983,s,0,7,2,1,0,2,2,s,0,4,0,0,0,2,6,0,0,4,12,1,0,5,2,0,s,0,12,2,s
1729,s,0,7,2,1,0,2,2,s,d,4,0,0,11,d,6,0,0,4,12,1,0,5,2,0,s,0,12,2,s
1633,s,0,7,2,1,0,2,2,s,d,4,0,0,0,2,6,0,1,4,d,1,0,5,2,d,s,0,12,2,s
I986,s,0,7,2,1,0,2,2,s,0,4,0,11,0,2,6,0,0,4,0,1,0,5,2,0,s,0,12,2,s
1258,s,d,7,2,1,0,d,2,s,d,4,d,11,0,2,d,0,0,4,0,1,0,5,2,0,s,20,12,2,s
1590,s,0,7,2,1,1,2,s,s,0,d,0,11,0,2,6,0,0,4,0,1,0,d,d,d,s,0,12,2,s
I989,s,0,7,0,1,0,2,0,0,0,4,0,0,0,2,6,0,0,4,0,1,0,5,0,0,s,0,12,2,0
I990,s,0,7,0,1,0,2,0,0,0,4,0,0,0,2,6,0,0,4,0,1,0,5,1,0,s,0,12,2,s
I992,s,0,7,0,1,4,2,0,0,0,4,0,0,0,2,6,0,0,4,0,1,2,5,1,0,s,0,12,2,s
1312,s,d,d,0,d,4,d,0,s,0,4,0,0,0,d,s,25,0,d,d,s,2,5,1,0,s,0,12,2,s
1230,s,0,d,0,1,4,2,0,0,0,4,0,0,0,d,6,0,0,4,0,d,2,5,d,7,s,0,12,2,s
I998,s,0,7,0,1,2,2,0,0,0,4,0,0,0,2,6,0,0,4,0,1,0,5,1,0,s,0,12,2,s
I999,s,6,7,0,1,2,2,0,2,0,4,0,0,0,2,6,0,1,s,0,1,0,5,1,0,s,0,12,2,s
I1000,s,6,7,0,1,2,2,0,2,0,4,0,0,0,2,6,0,1,s,0,1,0,5,1,0,s,0,12,2,s
I1001,s,6,7,0,1,2,2,0,2,0,4,0,0,0,2,6,0,1,s,0,1,2,5,1,0,s,0,12,2,s
2015,s,6,7,0,1,2,2,0,2,0,4,0,d,0,2,d,d,1,s,0,1,2,5,d,0,s,0,12,2,s
2014,s,d,7,0,1,d,2,0,2,0,4,0,0,0,2,6,0,1,s,0,1,2,5,1,d,s,0,12,2,s
1032,s,6,7,0,1,2,d,d,2,0,4,0,d,0,2,6,0,1,s,d,d,0,5,1,0,s,d,12,2,s
1987,s,d,s,d,d,2,2,0,2,0,4,0,0,d,2,6,0,d,s,0,1,0,5,1,0,s,0,12,2,s
I1004,s,0,7,0,1,2,2,0,0,0,4,0,0,0,2,6,0,0,4,0,1,0,5,1,0,s,0,12,s,s
I1006,s,0,7,0,1,2,2,0,0,0,4,5,0,7,2,6,8,0,4,0,1,15,5,1,0,s,0,12,s,s
2005,s,0,d,0,1,2,2,0,0,0,4,5,0,7,2,d,d,0,4,0,1,15,5,d,0,s,0,12,s,s
2004,s,0,7,0,d,2,2,0,0,0,4,5,0,7,2,6,8,0,4,0,1,15,5,1,0,s,0,12,s,s
I1007,s,0,7,0,1,2,2,0,0,0,4,0,0,0,2,6,0,0,4,0,1,0,5,1,0,s,0,12,s,s
1978,s,0,d,0,1,2,2,0,d,0,d,0,0,0,2,d,0,0,4,19,1,d,5,1,d,s,0,d,s,s
1038,s,d,7,0,1,2,2,0,0,0,4,d,0,d,d,6,0,0,4,0,d,0,5,1,0,s,0,12,s,s
I1009,s,0,7,0,1,0,2,0,0,0,4,0,0,0,2,6,0,1,4,0,1,0,5,31,0,s,0,12,2,0
I1010,s,0,7,0,1,0,2,0,0,0,4,0,0,0,2,6,0,1,4,0,1,0,5,31,0,s,0,12,2,0
I1013,s,0,7,2,1,0,s,1,2,0,4,s,0,0,2,6,0,1,4,0,1,0,5,31,0,s,0,12,2,0
1115,s,s,7,d,1,d,s,1,2,d,4,s,0,0,2,6,0,1,d,s,1,0,5,31,0,s,0,12,2,0
1114,s,0,7,2,1,0,s,1,2,d,4,s,d,0,2,6,0,1,4,0,1,0,5,31,0,s,0,12,2,0
1120,s,0,7,0,1,0,2,1,0,d,4,0,17,0,d,6,0,d,4,0,d,0,5,31,17,s,0,12,2,0
I1017,s,0,7,0,1,0,2,0,0,0,4,0,0,0,2,6,0,1,4,20,1,0,5,31,0,s,0,12,2,1
I1018,s,0,7,0,1,0,2,0,0,s,4,0,0,0,2,6,0,1,4,20,1,9,5,31,0,s,0,12,2,1
1370,s,0,s,0,1,0,2,d,2,s,4,0,d,0,2,d,d,1,4,20,1,9,5,d,0,s,0,12,2,1
I1020,s,0,7,0,1,0,2,0,0,s,4,s,0,0,2,6,0,1,4,20,1,9,5,31,0,s,0,12,2,1
1443,s,30,7,0,d,0,d,0,2,s,4,s,0,0,2,6,d,d,4,20,1,d,5,31,0,s,0,12,2,1
1442,s,0,7,0,1,0,2,1,0,s,4,s,0,0,2,d,0,1,4,20,d,9,5,d,0,s,0,s,2,1
I1021,s,0,7,0,1,0,2,0,0,1,4,0,0,0,2,6,0,1,4,20,1,0,5,31,0,s,0,12,2,1
1096,s,0,7,0,1,0,2,0,0,1,4,0,0,25,2,6,0,1,4,20,1,0,5,31,17,s,0,12,2,1
I1023,s,0,7,0,1,0,2,0,0,1,4,0,0,0,2,6,0,1,4,20,1,0,5,31,0,s,s,12,2,1
1337,s,0,7,2,1,0,2,0,0,1,4,0,0,d,2,6,0,1,4,20,1,0,d,31,0,s,s,12,2,1
1336,s,48,7,0,1,0,2,d,d,1,4,0,0,0,2,d,d,1,4,20,1,0,d,31,0,s,s,12,2,1
