cell,r1,r2,r3,r4,r5,r6,r7,r8,r9,r10,r11,r12,r13,r14,r15,r16,r17,r18,r19,r20,r21,r22,r23,r24,r25,r26,r27,r28,r29,r30
I1,0,0,0,0,0,0,0,0,0,0,0,0,0,0,0,0,0,0,0,0,0,0,0,0,0,17,0,0,0,0
I2,0,0,0,0,0,0,0,0,0,0,0,0,0,0,0,0,0,0,0,0,0,0,0,0,s,17,0,0,0,0
I3,0,0,7,0,0,0,0,0,4,0,0,0,0,0,0,0,13,0,0,0,1,0,0,17,s,17,6,0,2,0
I4,0,2,7,0,0,0,0,0,4,1,0,0,0,0,0,0,13,0,0,0,1,0,0,17,s,17,6,5,2,0
I5,0,2,7,0,0,0,0,0,4,1,0,0,0,0,0,0,13,0,0,0,1,16,0,17,s,17,6,5,2,0
I6,0,2,7,0,0,0,0,0,4,1,0,0,0,6,11,0,13,0,0,0,1,16,0,17,s,17,6,5,2,0
I7,0,2,7,0,0,0,0,0,4,1,4,0,0,6,11,0,13,0,2,s,1,16,0,17,s,17,6,5,2,0
I8,0,2,7,2,0,0,0,0,4,1,4,0,0,6,11,0,13,0,2,s,1,16,0,17,s,17,6,5,2,1
1981,0,2,7,2,s,0,0,0,4,1,s,d,0,6,11,0,13,0,2,s,1,16,0,17,s,d,6,d,2,1
I12,0,2,7,2,s,0,0,0,4,1,4,0,0,6,11,0,13,0,2,s,1,16,0,17,s,17,6,5,2,1
1424,17,2,7,2,s,0,0,0,4,d,d,0,0,6,11,0,13,d,2,s,1,16,0,17,s,17,d,5,2,1
1627,0,2,7,2,s,0,0,0,4,1,d,0,0,6,11,d,d,1,d,s,1,16,0,17,s,17,6,5,2,1
I15,0,2,7,0,0,0,0,0,4,1,4,0,0,6,11,0,13,0,2,s,1,16,0,17,s,17,6,5,2,0
I16,0,2,7,0,0,15,0,0,4,1,4,0,0,6,11,6,13,0,2,s,1,16,0,17,s,17,6,5,2,0
I17,0,2,7,0,0,15,13,0,4,1,4,0,0,6,11,6,13,0,2,s,1,16,0,17,s,17,6,5,2,3
1311,0,d,7,0,0,d,13,0,4,1,4,0,d,6,11,d,13,0,2,s,d,d,0,17,s,17,d,5,2,3
1310,0,2,7,d,0,d,13,0,4,d,4,0,0,6,d,6,13,0,2,s,1,16,0,17,s,17,6,d,2,3
1420,d,2,7,d,d,15,0,1,4,1,4,0,d,6,d,6,13,1,2,s,d,16,0,17,s,17,6,5,2,0
1599,0,2,7,0,0,d,0,1,4,1,4,0,s,6,11,0,13,d,2,s,1,16,d,17,s,d,6,5,2,0
I22,0,2,7,0,0,15,0,0,4,1,0,0,0,6,11,0,13,0,0,0,1,16,0,17,s,17,6,5,2,0
I23,0,2,7,0,0,15,0,0,4,1,0,0,38,6,11,0,13,0,0,0,1,16,0,17,s,17,6,5,2,0
1606,20,2,7,0,0,15,0,0,4,d,0,0,38,s,11,s,13,1,d,3,1,16,0,17,s,d,d,5,d,0
I28,s,2,7,0,0,15,5,0,4,1,0,8,38,6,11,0,13,0,s,1,1,16,16,17,s,17,6,5,2,1
1435,s,2,7,s,0,15,5,0,d,1,0,8,38,6,11,d,d,d,s,1,1,16,16,17,s,17,d,5,2,1
1434,s,2,7,0,0,15,5,0,4,1,0,8,38,d,11,0,13,0,s,1,d,d,16,17,s,17,6,5,2,1
I30,0,2,7,0,0,15,0,0,4,1,s,0,0,6,11,0,13,0,0,0,1,16,24,17,s,17,6,5,2,0
I31,0,2,7,0,0,15,0,s,4,1,s,0,0,6,11,0,13,0,0,0,1,16,24,17,s,17,6,5,2,0
I32,0,2,7,2,0,15,0,s,4,1,s,0,0,s,11,0,13,0,0,0,1,16,24,17,s,17,6,5,s,0
1521,0,2,7,d,0,15,0,s,4,1,s,0,d,s,11,0,13,0,0,d,1,16,24,d,s,17,6,d,s,d
1520,0,2,7,2,0,15,d,s,d,1,s,0,0,s,11,0,13,d,0,d,1,16,24,d,s,17,6,5,s,d
1504,0,2,7,0,0,15,0,s,4,1,s,0,0,6,d,0,13,0,0,0,1,16,24,17,s,17,d,5,2,d
I34,26,2,7,0,0,15,0,0,4,1,s,0,0,6,11,0,13,0,0,0,1,16,24,17,s,17,6,5,2,0
1491,26,d,7,s,d,15,0,d,d,d,s,0,d,d,s,0,13,0,0,3,1,16,24,17,s,17,6,5,2,0
1754,26,d,7,d,1,15,0,d,4,1,s,d,0,6,11,0,13,0,0,3,1,16,d,17,s,17,6,5,2,0
I37,0,2,7,0,0,0,0,0,4,1,0,0,0,0,0,0,13,0,0,2,1,16,0,17,s,17,6,5,2,0
I38,s,2,7,0,0,33,0,0,4,1,0,0,0,0,0,0,13,1,0,2,1,16,0,17,s,17,6,5,2,0
I39,s,2,7,2,0,33,0,2,4,1,0,0,s,0,16,0,13,1,0,2,1,16,s,17,s,17,6,5,2,0
I40,s,2,7,2,0,33,0,2,4,1,0,0,s,0,16,0,13,1,0,2,1,16,s,s,s,17,6,5,2,0
1303,s,d,7,2,0,33,9,d,4,d,0,0,s,0,16,0,13,d,0,2,1,16,s,s,s,17,6,5,d,0
1523,s,2,7,2,0,33,0,2,4,d,0,0,s,0,16,0,13,1,4,2,1,d,s,s,s,17,6,5,2,1
I43,s,2,7,2,0,33,0,2,4,1,0,0,s,0,16,0,13,1,0,2,1,16,s,17,s,17,6,5,2,0
1448,s,2,d,s,0,33,0,2,4,1,4,0,s,0,16,0,13,1,0,2,1,s,s,17,s,17,s,5,2,1
1349,s,2,7,2,d,33,0,2,4,1,0,0,s,0,d,s,13,d,0,2,1,16,s,d,s,d,6,5,d,d
I47,s,2,7,0,0,33,15,0,4,1,0,0,1,0,0,4,13,1,0,2,1,s,0,17,s,17,6,5,2,0
1971,s,2,7,d,d,33,15,0,4,d,0,0,s,s,0,4,13,1,0,2,1,s,0,17,s,17,6,5,2,d
I50,s,2,7,0,0,33,15,0,4,1,0,0,1,0,0,s,13,1,0,2,1,s,0,17,s,17,6,5,2,0
1193,s,2,7,0,d,33,15,0,4,1,0,0,d,0,0,s,13,1,0,2,1,s,0,17,s,17,6,d,2,d
1192,s,2,7,0,0,33,d,1,4,1,0,0,1,0,d,s,13,1,0,2,1,s,0,17,s,d,d,5,2,0
I54,0,2,7,0,0,0,13,0,4,1,0,s,0,0,0,0,13,0,0,2,1,16,0,17,s,17,6,5,2,0
I55,0,2,7,0,0,0,13,0,4,1,0,s,0,0,0,0,13,0,4,2,1,16,0,17,s,17,6,5,2,1
I56,2,2,7,0,0,0,13,0,4,1,4,s,0,0,0,0,13,0,4,2,1,16,0,17,s,17,6,5,2,1
1118,2,2,7,0,0,0,13,1,4,1,4,s,d,0,0,0,d,0,4,2,1,16,0,17,s,17,6,5,2,s
1161,d,2,7,0,0,s,13,0,4,1,4,s,0,d,0,0,13,1,4,2,1,d,0,17,s,17,6,5,2,1
I59,0,2,7,0,0,0,13,0,4,1,0,s,0,0,2,0,13,0,4,2,1,16,0,17,s,17,6,5,2,1
1410,0,2,d,0,0,d,13,0,4,1,d,s,0,0,2,0,13,0,4,2,1,16,d,17,s,17,6,5,d,1
I61,0,2,7,0,0,0,13,0,4,1,0,s,0,0,2,9,13,0,4,2,1,16,0,17,s,17,6,5,2,1
1483,0,d,7,0,0,d,13,0,4,1,0,s,d,0,d,9,d,0,4,2,1,16,0,17,s,17,6,5,2,1
1482,d,2,d,0,0,0,13,d,4,1,0,s,0,0,2,9,13,0,4,2,1,16,0,17,s,17,6,d,2,d
I62,0,2,7,0,0,6,13,0,4,1,0,s,0,0,0,0,13,0,0,2,1,16,10,17,s,17,6,5,2,0
I63,0,2,7,0,0,6,13,0,4,1,0,s,0,0,0,0,13,0,0,2,1,16,10,17,s,17,6,5,2,0
I64,0,2,7,0,0,6,13,0,4,1,0,s,0,0,0,0,13,0,0,2,1,16,10,17,s,17,6,5,2,0
1113,0,2,d,0,0,6,d,0,4,1,0,s,0,0,0,0,13,0,0,2,1,16,10,17,s,17,6,5,2,0
1112,d,2,7,0,0,6,13,0,4,1,0,s,d,0,0,0,13,1,0,2,1,16,10,17,s,17,6,5,2,0
I65,0,2,7,0,1,6,13,0,4,1,0,s,0,0,0,0,13,0,0,2,1,16,10,17,s,17,6,5,2,0
1405,0,2,7,0,1,6,13,d,d,1,d,s,0,0,0,0,13,0,0,2,1,16,10,17,s,17,6,5,2,0
1404,0,2,7,d,1,6,d,0,d,1,0,s,0,d,0,0,13,0,0,2,1,16,d,17,s,17,6,5,d,0
1339,0,2,7,0,0,6,13,0,d,1,0,s,0,0,0,0,13,0,4,s,1,16,10,d,s,17,6,5,2,0
I69,0,2,7,0,0,0,0,0,4,1,0,0,0,0,0,0,13,0,0,0,1,0,0,17,s,17,6,5,2,0
I70,0,2,7,0,0,0,0,0,4,1,0,0,0,0,0,0,13,0,0,0,1,0,12,17,s,17,6,5,2,0
I71,0,2,7,2,0,0,0,0,4,1,4,0,0,0,0,0,13,0,0,0,1,0,12,17,s,17,6,5,2,0
I72,0,2,7,2,0,0,0,0,4,s,4,0,0,0,0,0,13,0,0,0,1,0,12,17,s,17,6,5,2,0
I73,0,2,7,2,0,0,0,0,4,s,4,0,0,0,0,0,13,0,0,0,1,2,12,17,s,17,6,5,2,0
I74,0,2,7,2,0,0,0,1,4,s,4,0,0,0,0,0,13,1,0,0,1,2,12,17,s,17,6,5,2,0
1287,0,2,7,2,0,0,d,1,4,s,d,0,0,0,0,0,13,1,d,0,1,2,12,17,s,d,6,5,d,0
1286,0,d,7,2,4,0,0,1,d,s,4,0,0,0,0,0,13,1,0,0,d,2,12,17,s,17,6,5,2,0
1151,d,2,7,2,0,d,d,1,4,s,4,0,0,0,s,0,d,0,2,0,1,2,12,17,s,d,6,5,2,0
1252,0,2,7,2,0,0,d,1,4,s,4,d,0,d,0,9,13,0,d,d,1,0,12,17,s,17,6,5,2,0
I79,2,2,7,2,0,0,13,0,4,1,4,0,0,0,0,0,13,0,0,s,1,0,12,17,s,17,6,5,2,0
I80,2,2,7,2,0,0,13,2,4,1,4,0,0,2,0,0,13,1,4,s,1,0,12,17,s,17,6,5,2,0
1342,2,2,7,2,0,0,13,2,4,1,4,0,0,s,0,0,13,1,4,s,1,0,12,17,s,17,6,5,d,1
1718,2,d,7,2,0,0,13,2,4,1,4,0,12,2,0,0,13,1,4,s,1,0,12,d,s,17,6,d,2,0
1111,2,2,7,2,1,s,13,0,4,1,4,d,d,0,0,21,13,s,0,s,1,0,12,d,s,17,6,5,2,0
I87,0,2,7,2,1,0,18,0,4,1,0,0,0,0,0,0,13,0,0,0,1,0,12,17,s,17,6,5,2,0
I88,0,2,7,2,1,0,18,0,4,1,0,0,0,0,0,0,13,0,0,0,1,0,12,17,s,17,6,5,2,0
1190,0,2,7,d,1,0,18,0,4,1,d,s,0,6,0,0,13,0,0,0,1,0,12,17,s,17,6,5,2,0
I92,0,2,7,2,1,0,18,0,4,1,0,0,0,0,0,0,13,0,0,0,1,0,12,17,s,17,6,5,2,0
1263,0,2,7,2,1,0,18,0,4,s,0,d,12,0,0,0,13,d,0,0,d,0,d,17,s,17,6,5,2,1
1376,0,2,7,2,1,0,18,d,4,1,0,0,0,0,0,0,d,0,0,0,1,0,d,17,s,17,6,5,2,0
I95,0,2,7,2,1,0,18,0,4,1,0,0,0,0,0,0,13,0,0,0,1,0,12,17,s,17,6,5,2,0
I96,0,2,7,2,1,0,18,0,4,1,0,0,0,0,0,0,13,0,0,0,1,0,12,17,s,17,s,5,2,0
1250,0,2,7,2,1,0,18,0,d,1,0,d,0,d,0,0,13,1,0,0,s,s,12,17,s,17,s,5,d,0
I98,0,2,7,2,1,0,18,0,4,1,0,0,0,0,0,0,13,0,0,0,1,0,12,17,s,17,s,5,2,0
1079,0,2,7,2,1,25,18,0,4,1,d,0,0,0,0,0,d,0,0,d,1,0,12,17,s,17,s,5,2,0
1078,0,d,7,2,1,d,18,0,4,d,0,0,0,0,0,0,13,0,0,0,1,0,12,17,s,17,s,5,2,0
I99,0,2,7,2,1,0,18,0,4,1,0,0,0,0,16,0,13,0,0,0,1,0,12,17,s,17,6,5,2,0
1173,0,d,7,2,1,0,18,0,4,1,0,0,0,0,16,0,13,0,0,d,1,0,12,17,s,17,6,d,2,d
1407,d,2,7,2,1,0,18,0,s,1,4,0,0,0,16,0,13,1,0,0,1,0,12,17,s,17,6,5,2,1
I102,0,2,7,0,0,0,0,0,4,1,0,0,0,0,6,14,13,0,0,0,1,0,0,17,s,17,6,5,2,0
I103,0,2,7,0,0,0,0,0,4,1,0,0,0,0,6,14,13,0,0,0,1,0,0,17,s,17,6,5,2,0
I104,0,2,7,0,0,0,0,0,4,1,0,0,0,0,6,14,13,0,0,3,1,0,0,17,s,17,6,5,2,0
1973,17,d,7,0,0,s,0,0,4,s,4,8,1,0,6,14,s,0,0,3,1,0,0,17,s,d,6,d,d,d
I109,s,2,7,2,0,0,0,0,4,1,4,0,0,0,6,14,13,0,0,3,1,0,0,17,s,17,6,5,2,0
1867,s,2,7,s,0,0,2,0,4,1,d,0,0,0,s,14,13,d,0,3,1,0,0,17,s,d,6,5,d,0
I113,s,2,7,2,0,0,0,2,4,1,4,8,0,11,6,14,13,1,0,3,1,0,0,17,s,17,6,5,2,0
2045,s,2,7,d,0,d,d,2,4,1,d,8,0,11,6,14,d,1,0,3,1,0,0,17,s,17,6,5,d,0
2031,s,2,7,2,d,0,0,2,4,1,4,d,0,11,6,14,13,1,0,3,1,0,10,17,s,17,6,d,2,0
I116,0,2,7,0,0,11,0,0,4,1,4,0,3,s,6,14,13,0,0,0,1,0,0,17,s,17,6,5,2,0
I117,27,2,7,0,0,11,0,0,4,1,4,0,3,s,6,14,13,1,0,0,1,0,0,17,s,17,6,5,2,0
1099,d,2,7,d,0,11,13,2,4,1,4,0,3,s,6,14,13,1,4,25,1,0,0,17,s,17,6,5,2,0
I119,27,2,7,2,0,11,0,0,4,1,4,0,3,s,6,14,13,1,0,0,1,0,0,17,s,17,6,5,2,0
1049,27,2,7,2,1,11,5,0,4,1,4,0,d,s,6,14,13,1,0,0,1,0,0,d,s,17,6,d,2,0
1048,27,2,7,2,0,11,0,2,4,1,4,0,3,s,d,14,13,1,0,0,1,d,0,17,s,17,6,5,d,0
1965,0,2,7,0,0,11,0,0,4,d,4,0,3,s,6,14,13,0,1,0,1,0,d,17,s,17,6,5,2,1
I124,0,2,7,0,0,0,0,0,4,1,0,0,0,0,6,14,13,0,0,0,1,0,0,17,s,17,6,5,2,1
I125,0,2,7,0,0,0,0,0,4,1,0,0,0,0,6,14,13,1,0,0,1,0,0,17,s,17,6,5,2,1
I126,0,2,7,0,0,0,13,1,s,1,4,0,0,0,6,14,13,1,0,0,1,0,33,17,s,17,6,5,2,1
1300,0,2,7,0,0,0,13,1,s,1,4,8,38,0,6,14,13,1,s,0,1,5,33,17,s,d,s,5,2,1
1133,0,2,7,0,0,0,13,d,s,1,4,0,0,0,6,14,13,1,d,0,1,0,33,d,s,s,6,5,2,1
I129,s,2,7,0,0,0,0,1,4,1,0,0,0,0,6,14,13,1,0,0,1,0,0,17,s,17,6,5,2,1
1476,s,2,d,0,2,0,13,1,4,1,0,0,0,0,6,d,13,1,4,0,1,0,0,17,s,17,6,5,2,1
I131,s,2,7,0,0,0,0,1,4,1,4,0,0,0,6,14,13,1,0,0,1,0,0,17,s,17,6,5,2,1
1727,s,d,7,0,0,0,0,1,4,1,4,0,0,0,6,14,13,d,d,0,d,0,d,17,s,17,6,5,2,1
1726,s,2,7,2,0,0,0,1,4,1,4,0,0,0,d,14,13,1,0,0,1,0,0,17,s,17,6,5,2,d
I132,0,2,7,0,0,0,0,0,4,1,0,0,0,0,6,14,13,0,0,0,1,0,16,17,s,17,6,5,2,1
I133,0,2,7,0,0,0,0,0,4,1,0,0,0,0,6,14,13,0,0,0,1,16,16,17,s,17,6,5,2,1
1094,0,2,d,0,0,0,0,0,4,1,0,d,0,0,6,14,13,1,0,0,1,d,16,17,s,17,6,d,2,1
I135,0,2,7,0,0,0,7,0,4,1,0,0,0,0,6,14,13,0,0,0,1,16,16,17,s,17,6,5,2,1
1045,0,2,7,0,0,0,7,0,4,1,0,0,0,0,6,14,13,d,s,0,1,16,d,17,s,17,6,5,2,1
1044,0,2,7,0,0,0,7,0,4,1,0,9,d,0,6,14,13,0,0,d,1,d,16,17,s,17,6,5,2,1
I136,0,2,7,2,0,0,0,0,4,1,0,0,0,0,6,s,13,0,0,0,1,0,16,17,s,17,6,5,2,1
1164,2,2,7,2,0,d,0,d,4,1,0,0,0,0,6,s,d,0,4,0,1,0,16,17,s,17,6,5,2,1
1080,0,2,7,2,1,0,0,d,4,1,0,0,3,d,d,s,13,0,0,0,1,0,16,17,s,17,d,5,d,1
I139,0,0,7,0,0,0,0,0,4,0,0,0,0,0,0,s,13,1,0,0,1,0,0,17,s,s,6,0,2,0
I140,0,0,7,0,0,0,26,2,4,0,0,0,0,0,0,s,13,1,0,0,1,15,0,17,s,s,6,0,2,0
I141,0,0,7,0,0,0,26,2,4,0,0,0,0,0,0,s,13,1,0,31,1,15,0,17,s,s,6,0,2,0
I142,0,12,7,0,0,0,26,2,4,0,0,0,1,0,0,s,13,1,0,31,1,15,0,17,s,s,6,0,2,0
I143,0,12,7,0,1,0,26,2,4,0,0,0,1,s,0,s,13,1,0,31,1,15,0,17,s,s,6,0,2,0
I144,0,12,7,0,1,0,26,2,4,0,0,0,1,s,0,s,13,1,0,31,1,15,0,17,s,s,6,0,2,0
1762,0,12,7,0,1,0,s,2,4,0,0,0,1,s,0,s,13,1,0,31,1,15,0,17,s,s,6,d,2,0
I146,0,12,7,0,1,0,26,s,4,0,0,0,1,s,0,s,13,1,0,31,1,15,0,17,s,s,6,0,2,0
1785,0,12,7,0,1,0,26,s,4,0,0,0,1,s,d,s,13,1,0,31,1,15,0,17,s,s,6,0,2,0
1784,0,12,7,0,1,d,26,s,4,0,0,0,1,s,0,s,13,1,d,31,1,15,0,17,s,s,6,0,2,0
I147,0,12,7,2,1,0,26,2,4,0,0,0,1,s,s,s,13,1,0,31,1,15,0,17,s,s,6,0,2,0
I148,29,12,7,2,1,0,26,2,4,0,0,0,1,s,s,s,13,1,0,31,1,15,0,17,s,s,6,0,2,0
1893,29,12,7,d,1,0,26,2,4,0,0,0,d,s,s,s,13,1,0,31,1,15,0,17,s,s,6,0,2,0
1892,29,12,7,2,1,0,26,2,4,0,0,0,s,s,s,s,13,d,d,31,1,d,d,17,s,s,6,0,2,0
1805,0,12,7,2,1,30,26,2,4,d,0,d,1,s,s,s,13,1,d,d,1,d,0,17,s,s,d,0,2,0
I150,0,12,7,0,1,0,26,2,4,0,0,0,1,0,0,s,13,1,0,31,1,15,0,17,s,s,6,0,2,0
I152,0,12,7,0,1,0,26,2,4,0,0,0,1,5,0,s,13,1,0,31,1,15,0,17,s,s,6,0,2,0
1747,0,12,7,0,1,d,26,2,4,d,0,0,1,5,0,s,13,1,0,31,1,15,0,17,s,s,6,0,d,0
1746,0,d,7,0,1,0,26,d,4,d,0,0,1,5,0,s,13,1,0,31,1,15,0,17,s,s,6,0,2,0
1092,0,12,7,0,1,0,26,2,4,d,0,0,1,0,0,s,13,1,0,31,d,15,0,d,s,s,6,0,2,d
I154,0,0,7,0,0,0,26,2,4,0,0,0,0,0,0,s,13,1,0,31,s,15,0,17,s,s,6,13,2,0
I155,0,0,7,0,0,0,26,2,4,0,0,0,0,11,0,s,13,1,0,31,s,15,0,17,s,s,6,13,2,0
I156,0,0,7,2,0,0,s,2,4,2,0,0,0,11,11,s,13,1,0,31,s,15,0,17,s,s,6,13,2,0
1743,0,d,d,2,0,0,s,2,4,2,4,d,0,11,11,s,13,1,4,31,s,15,10,17,s,s,d,13,2,0
976,d,0,7,2,0,d,s,2,4,2,d,0,0,11,11,s,13,1,0,d,s,d,0,17,s,s,d,13,2,0
1578,d,0,7,0,0,0,d,d,4,1,0,0,0,11,0,s,13,1,d,31,s,15,0,d,s,s,d,13,2,d
I161,0,0,7,0,0,1,26,2,4,0,0,0,0,0,0,s,13,1,0,31,s,15,0,17,s,s,6,13,2,0
I162,0,0,7,0,1,1,26,2,4,0,0,0,0,0,0,s,13,1,0,31,s,15,0,17,s,s,6,13,2,0
I163,0,0,7,0,1,1,26,2,4,0,0,0,0,0,0,s,13,1,0,31,s,15,0,17,s,s,6,13,2,0
1365,0,0,7,d,d,1,26,2,4,0,0,0,0,0,0,s,13,1,0,31,s,15,d,17,s,s,d,13,2,0
1364,0,0,7,0,1,1,26,d,4,1,0,0,d,d,0,s,13,1,0,d,s,15,0,d,s,s,6,13,2,0
I164,0,0,7,0,1,1,26,2,4,0,0,8,s,0,0,s,13,1,0,31,s,15,0,17,s,s,6,13,2,0
1669,0,0,7,0,d,1,26,2,4,0,0,8,s,0,0,s,13,1,0,31,s,15,0,17,s,s,6,13,2,0
1668,0,0,7,0,1,1,d,2,4,0,0,d,s,0,d,s,13,1,0,31,s,15,0,17,s,s,6,13,2,0
I166,0,0,7,0,0,1,26,2,4,s,0,0,0,0,0,s,13,1,0,31,s,15,0,17,s,s,6,13,2,0
1903,0,0,7,0,0,1,d,2,4,s,0,0,0,d,0,s,13,1,d,31,s,15,0,17,s,s,6,13,d,d
1902,0,0,d,2,0,1,26,2,4,s,0,0,d,0,0,s,13,1,d,31,s,15,0,17,s,s,6,d,2,0
I168,0,0,7,0,0,0,26,2,4,0,0,8,0,0,0,s,13,1,0,0,1,15,0,17,s,s,6,0,2,0
I169,0,0,7,0,0,0,26,2,4,0,0,8,0,0,0,s,13,1,0,0,s,15,0,17,s,s,6,0,2,1
I170,0,4,7,0,0,0,26,2,4,0,0,8,0,0,0,s,13,1,0,0,s,15,0,17,s,s,6,0,2,1
1814,3,4,7,0,0,0,26,d,4,0,3,8,0,0,0,s,13,1,0,0,s,15,5,17,s,s,6,0,2,d
1942,0,4,7,0,0,s,26,d,4,1,0,d,5,d,d,s,13,1,0,0,s,15,d,17,s,s,d,0,2,1
I177,0,0,7,0,0,0,26,2,4,0,4,8,0,0,0,s,13,1,0,0,s,15,0,17,s,s,6,0,2,1
I178,0,0,7,0,0,0,26,2,4,1,4,8,0,0,0,s,13,1,0,0,s,15,0,17,s,s,6,0,2,1
I179,0,0,7,0,0,0,26,2,4,1,4,8,11,0,0,s,13,1,0,0,s,15,0,17,s,s,6,0,2,1
1859,0,0,7,0,0,0,26,2,4,1,4,8,11,0,0,s,13,1,0,0,s,15,0,17,s,s,6,0,2,1
1858,0,0,7,0,0,0,26,2,4,1,4,8,d,d,d,s,13,1,0,0,s,15,0,17,s,s,d,0,2,1
1879,0,0,d,0,0,0,26,d,4,1,4,8,d,s,0,s,d,d,0,0,s,15,d,17,s,s,6,0,d,1
I181,0,0,7,0,0,0,26,2,4,0,4,8,2,0,0,s,13,1,0,0,s,15,10,17,s,s,6,0,2,1
1029,0,0,7,0,0,d,26,2,d,0,4,8,2,0,0,s,13,1,0,0,s,15,10,17,s,s,6,0,2,1
2042,0,0,7,0,0,0,d,2,d,0,4,8,2,0,0,s,d,1,d,0,s,15,10,17,s,s,6,0,2,1
I183,0,0,7,0,0,s,26,2,4,0,0,8,0,10,0,s,13,1,0,0,1,15,s,17,s,s,6,0,2,0
I188,0,41,7,0,0,s,26,2,s,0,0,8,0,10,0,s,13,1,0,0,1,15,s,17,s,s,6,0,2,0
1764,d,41,7,0,1,s,26,2,s,d,0,8,0,10,s,s,13,1,0,0,d,15,s,17,s,s,6,0,2,0
1786,0,d,7,2,0,s,26,2,s,0,0,8,0,d,0,s,13,d,0,0,1,15,s,17,s,s,6,d,2,0
I191,0,0,7,0,0,s,26,2,4,0,0,8,0,10,0,s,13,1,0,0,1,15,s,17,s,s,6,0,2,0
I192,0,0,7,0,0,s,26,2,4,0,0,8,0,10,0,s,13,1,0,0,1,15,s,17,s,s,6,0,2,0
1793,5,0,7,0,0,s,d,2,4,d,4,8,2,10,0,s,13,1,0,0,d,d,s,17,s,s,6,0,2,0
1544,0,0,s,0,0,s,26,2,4,0,0,8,0,10,d,s,d,1,0,0,1,15,s,17,s,s,6,0,2,1
I195,0,5,7,0,0,s,26,2,4,0,0,8,0,10,0,s,13,1,0,0,1,15,s,17,s,s,6,0,2,0
I196,0,5,7,0,0,s,26,2,4,0,0,8,0,10,0,s,13,1,0,0,1,15,s,17,s,s,6,0,2,0
1537,0,5,7,0,0,s,26,2,4,0,d,8,0,10,0,s,13,1,0,0,1,15,s,d,s,s,6,0,2,d
1536,0,d,7,0,0,s,26,2,4,2,3,d,7,10,0,s,13,1,0,0,d,15,s,17,s,s,6,d,2,0
1372,0,5,7,0,0,s,d,2,4,0,0,8,1,10,0,s,13,1,0,d,1,15,s,17,s,s,6,0,2,0
I198,0,0,7,1,0,0,0,0,4,0,0,0,0,0,0,s,13,1,0,s,1,0,0,17,s,s,6,0,2,0
I199,0,0,7,1,0,0,0,0,4,0,4,0,0,0,0,s,13,1,0,s,1,0,0,17,s,s,6,0,2,0
I200,0,11,7,1,0,0,0,0,4,0,4,0,0,0,0,s,s,1,0,s,1,0,0,17,s,s,6,12,2,0
I201,0,11,7,1,0,0,0,0,4,0,4,0,0,0,0,s,s,1,0,s,1,0,0,17,s,s,6,12,2,1
1042,0,11,7,1,0,0,0,2,4,d,4,9,0,0,0,s,s,1,0,s,1,0,0,d,s,s,6,12,2,1
2037,0,11,7,1,0,31,s,0,4,0,4,0,0,d,0,s,s,1,0,s,d,0,0,17,s,s,6,12,2,1
I206,0,11,7,1,0,0,0,0,4,0,4,0,0,0,0,s,s,1,0,s,1,0,3,17,s,s,6,12,2,0
1920,0,11,7,1,0,d,s,0,d,d,4,0,0,d,0,s,s,d,0,s,1,0,3,17,s,s,6,12,d,0
1952,0,11,7,1,0,0,d,0,4,0,4,0,0,0,0,s,s,1,2,s,1,0,d,17,s,s,6,12,2,0
I210,0,0,7,1,0,0,13,0,4,0,4,0,0,0,0,s,13,1,0,s,1,0,0,17,s,s,6,0,2,0
I211,0,0,7,1,0,0,13,0,4,0,4,0,0,6,0,s,13,1,0,s,1,0,0,17,s,s,6,s,2,0
1041,0,0,7,1,0,d,13,0,4,0,d,9,0,6,0,s,13,1,0,s,1,0,0,17,s,s,6,s,2,0
I213,0,0,7,1,0,0,13,0,4,0,4,0,0,6,0,s,13,1,0,s,1,3,0,17,s,s,6,s,2,0
2006,0,0,d,1,0,0,13,0,d,0,4,5,0,6,0,s,13,1,d,s,1,3,0,17,s,s,6,s,2,0
2013,0,0,7,1,d,0,13,d,4,0,4,d,d,d,d,s,13,1,0,s,1,3,0,17,s,s,6,s,2,d
I216,0,0,7,1,0,0,13,0,4,0,4,0,0,0,0,s,13,1,0,s,1,0,0,17,s,s,6,0,2,0
I217,0,52,7,1,0,0,13,1,4,0,4,0,0,0,0,s,13,1,0,s,1,2,0,17,s,s,6,0,2,0
1648,d,52,7,1,d,0,13,1,4,0,4,0,0,0,0,s,13,1,0,s,1,2,0,17,s,s,6,d,2,0
I219,0,52,7,1,0,0,13,1,4,0,4,0,1,0,0,s,13,1,0,s,1,2,0,17,s,s,6,0,2,0
1985,d,52,d,1,0,d,13,1,4,0,4,0,1,0,0,s,13,1,0,s,1,2,0,17,s,s,6,0,d,0
1984,0,52,7,1,0,0,13,1,4,0,d,d,1,0,0,s,13,1,0,s,1,2,0,17,s,s,6,d,2,0
I220,0,0,7,1,0,0,13,0,4,0,4,0,0,0,0,s,13,1,0,s,1,0,0,17,s,s,6,3,2,1
I221,0,0,7,1,4,0,13,0,4,0,4,0,0,0,0,s,13,1,0,s,1,0,0,17,s,s,6,3,2,1
1583,3,d,7,1,4,0,13,0,4,0,4,0,d,0,0,s,13,1,0,s,1,0,d,d,s,s,6,d,d,1
1582,0,0,7,d,4,0,13,0,4,0,4,0,0,0,0,s,13,d,0,s,1,0,0,17,s,s,6,3,2,1
I222,0,48,7,1,0,0,13,1,4,0,4,0,0,0,0,s,13,1,0,s,1,0,0,17,s,s,6,3,2,1
1427,0,48,7,1,0,0,d,1,4,0,4,0,0,0,0,s,d,1,0,s,1,0,0,17,s,s,6,3,2,d
1426,0,48,7,1,0,0,d,1,4,0,4,0,0,0,0,s,13,d,0,s,1,0,0,17,s,s,6,3,d,1
I223,0,0,7,1,0,0,0,0,4,0,0,0,0,0,0,s,13,1,0,s,1,0,0,17,s,s,6,0,s,0
I224,0,0,7,1,0,0,0,0,4,0,0,0,0,0,0,s,13,1,0,s,1,0,0,17,s,s,6,0,s,0
I225,0,0,7,1,0,6,0,0,4,0,0,0,0,0,0,s,13,1,0,s,1,0,9,17,s,s,6,0,s,0
I228,0,0,7,1,0,6,0,0,4,0,0,0,0,0,s,s,13,1,0,s,1,0,9,17,s,s,6,0,s,0
1595,d,d,7,1,0,6,d,0,d,d,d,0,0,0,s,s,d,1,0,s,d,0,9,17,s,s,6,d,s,0
1594,0,0,d,1,0,6,d,0,d,0,0,d,0,0,s,s,13,1,0,s,1,0,9,17,s,s,6,0,s,d
I229,0,0,7,1,0,6,0,0,4,0,0,0,0,0,0,s,13,1,0,s,1,0,9,17,s,s,6,0,s,0
1833,20,d,7,d,0,d,0,0,4,0,0,0,d,0,10,s,13,1,d,s,1,0,9,17,s,s,6,0,s,0
1660,5,d,d,d,0,d,d,0,4,0,0,0,0,0,0,s,13,1,0,s,1,0,9,17,s,s,6,d,s,0
1624,0,0,7,1,1,25,0,0,d,0,d,0,0,0,13,s,13,1,0,s,1,11,5,17,s,s,6,0,s,0
I239,s,0,7,1,0,0,0,0,4,0,0,0,1,0,0,s,13,1,4,s,1,0,0,17,s,s,6,0,s,0
I240,s,0,7,1,0,0,0,0,4,0,0,0,1,0,0,s,13,1,4,s,1,0,0,17,s,s,6,0,s,7
I241,s,0,7,1,0,0,0,0,4,0,0,0,1,0,0,s,13,1,4,s,1,0,0,17,s,s,6,0,s,7
1951,s,0,7,1,0,0,0,0,d,0,d,d,1,0,0,s,13,1,4,s,1,d,0,d,s,s,6,0,s,7
1796,s,d,d,1,0,0,0,0,4,d,0,9,1,0,d,s,13,1,d,s,d,3,0,17,s,s,6,0,s,7
985,s,0,7,1,0,0,0,0,4,0,0,d,1,0,0,s,13,1,d,s,1,4,0,17,s,s,6,12,s,7
I246,s,0,7,1,0,0,13,0,4,0,0,0,1,0,0,s,13,1,4,s,1,0,0,17,s,s,6,4,s,0
I247,s,0,7,1,0,27,13,0,4,0,0,0,1,0,0,s,13,1,4,s,1,0,0,17,s,s,6,4,s,0
2020,s,0,7,1,0,27,13,0,4,1,4,d,1,0,d,s,13,1,4,s,1,d,0,d,s,s,6,4,s,0
1050,s,0,d,d,1,27,13,0,4,0,0,8,d,0,0,s,13,d,d,s,1,0,4,17,s,s,6,4,s,0
1997,s,0,7,1,1,0,13,0,4,d,4,d,1,0,0,s,13,1,4,s,d,0,4,d,s,s,6,4,s,0
I251,0,0,s,0,0,0,0,0,0,0,0,0,0,0,0,0,0,0,0,0,0,0,0,0,s,17,0,0,0,0
I252,0,0,s,0,0,0,0,0,0,0,0,0,0,0,0,0,0,0,0,0,0,0,0,0,s,17,0,0,0,0
I253,0,2,s,2,0,0,0,0,0,0,0,0,0,0,0,9,0,0,0,0,1,0,0,0,s,17,3,0,0,0
I254,0,2,s,2,0,4,0,0,0,0,0,0,0,6,0,9,0,0,0,0,1,0,0,0,s,17,3,11,0,0
I255,0,2,s,2,0,4,0,0,0,0,0,0,0,6,0,9,0,0,0,0,1,0,0,0,s,17,3,11,0,0
I256,0,2,s,2,0,4,0,0,0,0,0,0,0,6,0,9,0,0,0,0,1,0,0,0,s,17,3,11,0,0
I257,0,2,s,2,0,4,0,0,0,0,0,0,0,6,0,9,0,0,0,0,1,0,0,0,s,17,3,11,0,0
I258,0,2,s,2,0,4,0,0,0,0,0,0,0,6,0,9,0,0,0,0,1,0,0,0,s,17,3,11,0,0
1223,3,2,s,d,0,d,0,0,0,0,0,0,0,6,0,9,0,0,0,0,1,d,d,0,s,17,3,11,0,0
1222,0,2,s,2,0,d,0,0,0,d,0,d,0,6,0,9,33,0,0,d,1,0,0,0,s,17,3,11,0,0
I259,0,2,s,2,0,4,0,0,0,0,0,0,0,6,0,9,0,0,0,0,1,0,0,18,s,17,3,11,0,0
1379,2,2,s,2,d,s,0,0,3,0,0,d,0,6,0,9,d,0,0,0,d,0,0,d,s,17,3,11,d,0
1378,0,2,s,2,1,d,0,0,0,0,0,d,0,d,0,9,0,0,d,0,d,0,d,d,s,17,3,11,0,0
I261,0,2,s,2,0,4,0,0,0,0,4,8,0,6,0,9,0,0,0,22,1,0,0,0,s,s,3,11,0,0
1069,0,d,s,2,0,4,0,0,0,0,4,8,0,6,0,9,d,0,0,22,d,0,0,0,s,s,d,d,0,0
1068,0,2,s,2,0,4,0,0,0,0,4,8,0,s,0,9,0,0,0,22,1,0,d,0,s,s,d,11,0,0
I263,0,2,s,2,0,4,0,0,0,0,0,0,0,6,0,9,33,1,0,0,1,0,0,0,s,17,3,11,0,0
1255,0,2,s,2,d,4,0,s,d,1,4,d,37,6,d,9,33,1,3,0,1,0,0,0,s,s,3,11,0,0
I267,0,2,s,2,0,4,0,0,0,0,0,0,0,6,0,9,33,1,0,0,1,0,0,0,s,17,3,11,0,0
I268,0,s,s,2,0,4,0,0,0,0,0,0,0,6,0,9,33,1,0,0,1,0,0,0,s,17,3,11,0,0
1055,0,s,s,2,d,4,0,d,0,d,0,0,0,6,0,d,33,1,0,3,1,0,0,d,s,17,3,11,0,0
1054,0,s,s,d,d,4,0,0,0,0,d,0,d,6,0,9,33,1,0,0,1,0,0,d,s,17,d,11,0,d
1278,0,2,s,2,d,4,0,0,0,0,d,0,d,6,13,9,33,1,0,25,1,0,d,d,s,d,d,11,0,0
I270,0,2,s,2,4,4,0,0,4,0,0,0,0,6,0,9,0,0,0,0,1,0,0,0,s,17,3,11,0,0
I271,0,2,s,2,4,4,0,0,4,0,0,0,0,6,0,9,0,0,0,2,1,0,0,0,s,17,3,11,0,0
1995,d,2,s,2,d,4,0,0,4,0,0,d,0,6,0,d,0,0,0,2,1,0,0,0,s,17,3,11,2,0
1187,30,2,s,d,4,4,0,0,4,0,0,d,0,6,0,9,0,0,0,2,d,0,33,0,s,d,3,11,0,0
I280,0,2,s,2,4,4,0,0,4,0,0,0,0,6,0,9,0,s,0,0,1,0,0,0,s,17,3,11,0,0
I281,0,2,s,2,4,4,0,0,4,2,0,0,0,6,0,9,0,s,0,0,1,0,0,0,s,17,3,11,s,0
1318,0,2,s,d,4,4,0,0,d,2,d,d,0,6,d,9,0,s,3,0,1,0,0,30,s,d,3,d,s,0
1181,0,2,s,2,4,4,0,0,4,2,d,0,0,6,0,9,0,s,0,d,1,d,0,0,s,d,3,11,s,0
I284,0,2,s,2,4,4,0,s,4,0,0,0,0,6,0,s,0,s,0,20,1,0,0,0,s,17,3,11,0,0
1773,0,2,s,2,4,d,0,s,4,0,4,0,d,6,2,s,0,s,0,d,1,0,0,0,s,17,3,11,2,0
I286,0,2,s,2,4,4,0,s,4,0,0,0,0,6,0,s,0,s,0,20,1,0,0,0,s,17,3,11,0,0
1475,0,2,s,2,4,4,0,s,4,d,0,0,0,6,0,s,d,s,2,d,1,0,0,0,s,17,d,d,0,d
1474,17,2,s,2,4,4,0,s,4,0,s,0,0,6,0,s,0,s,0,20,1,d,d,0,s,17,3,11,0,0
I287,0,2,s,2,0,0,0,0,0,0,0,0,0,0,0,9,0,0,0,0,1,0,0,4,s,17,3,2,0,0
I288,0,2,s,2,0,0,0,1,0,1,0,0,0,0,11,9,0,0,0,0,1,0,0,4,s,17,3,2,0,0
I289,0,2,s,2,0,0,15,1,0,1,4,0,0,0,11,9,0,0,0,0,1,16,0,4,s,17,3,2,0,0
I290,0,2,s,2,1,0,15,1,0,1,4,0,0,0,11,9,0,0,0,0,1,16,0,4,s,17,3,2,0,0
1145,0,2,s,2,1,d,15,1,0,1,4,0,0,6,11,d,0,0,0,0,s,16,4,4,s,17,3,2,0,0
I292,0,2,s,2,1,0,15,1,0,1,4,8,0,0,11,9,0,0,4,0,1,16,0,4,s,17,3,2,2,0
1489,d,2,s,2,1,0,d,1,0,1,d,8,0,0,d,d,0,d,4,0,d,d,0,4,s,17,3,2,2,d
1488,d,2,s,2,1,0,15,1,0,d,4,8,0,0,11,9,0,0,4,0,1,16,d,4,s,17,3,2,2,0
I295,0,2,s,2,0,0,15,1,0,1,4,0,0,0,11,9,0,0,0,0,1,16,0,4,s,17,3,2,0,0
1417,d,2,s,2,0,0,15,d,0,1,4,0,d,d,d,9,d,d,0,0,1,16,0,d,s,17,3,d,0,0
1416,0,2,s,2,0,0,15,d,0,1,4,0,d,0,11,9,0,0,0,0,1,16,0,4,s,17,3,2,0,0
I296,0,2,s,2,0,0,0,1,0,1,0,0,0,0,11,9,0,0,0,0,1,0,5,4,s,17,3,2,0,1
I297,0,2,s,2,0,0,0,1,0,1,0,0,0,25,11,9,0,0,0,0,1,0,5,4,s,17,3,2,0,1
I298,0,2,s,2,0,0,0,1,0,1,0,0,0,25,11,9,0,1,0,0,1,0,5,4,s,17,3,2,0,1
1733,0,2,s,2,0,0,0,1,0,d,0,0,0,25,11,9,0,1,0,d,1,0,5,4,s,17,3,2,0,1
1732,0,d,s,2,0,0,0,1,0,1,0,d,0,25,11,9,0,1,0,d,1,0,d,d,s,17,3,2,0,1
1147,0,d,s,d,1,33,0,d,0,d,0,0,0,25,11,9,d,d,2,d,1,0,5,4,s,17,3,d,d,1
I300,0,2,s,2,0,0,0,1,0,1,0,0,0,8,11,9,0,0,0,0,1,5,5,4,s,17,3,2,0,1
1492,3,2,s,d,0,0,0,1,0,1,0,s,0,8,11,9,0,0,0,0,1,d,d,d,s,17,3,2,0,d
I302,2,2,s,2,0,0,0,1,0,1,0,8,0,8,11,9,0,0,0,0,1,5,5,4,s,17,3,2,0,1
1239,2,2,s,2,0,0,0,1,0,1,0,8,12,8,11,d,0,0,0,0,1,5,5,4,s,17,3,2,8,1
1238,2,2,s,d,1,d,d,1,d,1,0,8,0,d,11,9,d,0,4,0,1,5,5,4,s,17,3,2,d,1
I303,0,2,s,2,0,0,0,0,0,0,0,0,0,0,0,9,0,0,0,0,1,0,0,4,s,17,3,2,0,0
I305,0,2,s,2,0,33,5,0,2,0,0,8,0,0,0,9,0,1,0,0,1,0,0,4,s,17,3,2,0,0
I306,0,2,s,2,0,33,5,0,2,0,0,8,0,0,0,9,0,1,0,0,1,0,0,4,s,17,3,2,0,0
1799,0,2,s,2,0,33,5,0,2,0,0,8,0,d,0,9,0,1,0,0,1,0,0,4,s,17,3,2,0,0
1798,0,2,s,2,0,33,5,0,d,0,d,8,d,0,0,9,0,1,d,d,1,5,0,4,s,17,3,2,0,0
1807,0,d,s,2,0,33,5,0,2,0,0,s,0,0,d,9,0,1,0,d,1,9,0,4,s,17,3,2,4,0
I310,0,2,s,2,0,0,0,0,0,0,0,0,0,0,0,9,7,0,0,0,1,0,0,4,s,17,3,2,0,0
I311,0,2,s,2,0,0,0,0,0,0,4,0,0,0,0,9,7,0,0,0,1,0,0,4,s,17,3,2,0,0
1744,d,2,s,d,0,0,0,0,0,0,4,0,0,3,d,d,7,0,d,0,1,0,d,4,s,17,3,2,d,0
1368,0,2,s,2,0,0,0,0,0,0,4,0,0,0,d,d,7,0,0,d,1,0,0,4,s,17,3,2,0,0
I314,0,2,s,2,0,7,0,s,0,0,4,0,0,0,0,9,7,0,0,0,1,0,0,4,s,17,3,2,0,0
I315,0,2,s,2,0,7,0,s,0,0,4,0,0,0,0,9,7,0,0,s,1,11,0,4,s,17,3,2,0,0
1783,0,2,s,2,d,d,d,s,0,0,4,0,0,0,0,9,7,0,0,s,1,11,0,4,s,d,3,d,0,0
1782,0,2,s,2,d,7,0,s,s,0,d,0,0,0,0,9,7,d,0,s,1,11,0,4,s,17,3,2,0,0
I316,0,2,s,2,0,7,0,s,0,0,4,0,0,0,0,9,7,0,0,0,1,0,0,4,s,17,3,2,0,0
1889,0,2,s,2,0,7,d,s,0,0,4,0,0,0,d,9,7,0,0,0,1,0,0,4,s,17,3,2,0,0
1888,0,2,s,2,0,d,0,s,0,0,4,0,0,0,d,9,7,0,d,0,1,0,0,4,s,17,d,2,0,0
I317,26,0,s,0,1,0,0,1,0,1,0,0,0,0,0,0,0,0,0,0,0,0,0,0,s,17,0,0,0,s
I318,26,0,s,0,1,0,0,1,0,1,0,0,0,0,0,0,0,0,0,0,0,0,0,0,s,17,0,0,0,s
I319,26,0,s,0,1,0,0,1,0,1,0,0,0,0,0,0,0,0,0,0,0,0,0,0,s,17,0,0,0,s
I320,26,0,s,0,1,25,0,1,0,1,0,0,0,0,0,0,0,0,0,0,0,0,0,0,s,17,0,0,0,s
I321,26,0,s,0,1,25,0,1,0,1,0,0,0,0,14,0,0,0,0,0,0,11,0,0,s,17,0,0,0,s
1800,26,0,s,0,1,25,0,d,0,1,5,8,d,0,14,0,0,d,4,0,0,11,0,0,s,17,0,20,0,s
I323,s,0,s,0,1,25,0,1,0,1,0,0,0,0,14,0,0,0,0,0,0,11,0,0,s,17,0,0,0,s
1375,s,d,s,0,1,25,0,1,4,1,0,0,24,0,14,0,0,0,0,0,d,11,0,0,s,17,0,0,0,s
1374,s,0,s,0,1,25,0,1,0,1,0,0,0,0,14,0,0,0,0,0,0,d,d,0,s,17,0,d,0,s
I324,26,52,s,0,s,25,0,1,0,1,0,0,0,0,0,5,0,0,0,0,0,0,0,0,s,17,26,0,0,s
I325,26,52,s,0,s,25,0,1,0,1,0,0,0,0,0,5,0,0,0,2,0,0,0,0,s,17,26,0,0,s
1455,26,d,s,0,s,25,0,1,0,1,0,0,0,0,0,5,0,0,0,2,0,0,0,0,s,17,26,0,0,s
1454,s,52,s,d,s,25,0,1,0,1,0,0,0,0,0,5,0,0,0,2,0,d,0,0,s,17,26,0,0,s
I326,26,52,s,0,s,25,0,1,0,1,0,0,0,0,0,5,0,0,0,0,0,0,0,0,s,17,26,0,0,s
1429,26,52,s,0,s,25,0,d,0,1,0,0,d,0,0,5,0,d,0,d,0,0,0,0,s,d,26,0,d,s
1428,26,52,s,0,s,25,0,1,0,1,5,0,0,0,0,5,0,0,0,d,0,0,0,0,s,17,26,0,0,s
I327,26,0,s,0,1,0,0,1,0,1,0,0,0,0,0,14,0,0,0,0,0,0,0,0,s,17,0,0,0,s
I330,26,0,s,0,1,0,0,1,0,1,0,8,0,0,0,14,0,0,0,0,0,0,0,0,s,17,0,0,0,s
1293,d,0,s,0,1,0,0,1,0,1,0,8,0,0,0,14,0,d,d,0,0,0,0,0,s,17,0,0,0,s
1292,d,30,s,0,1,d,0,1,0,d,0,8,0,1,0,14,0,0,0,0,0,0,0,d,s,17,d,0,d,s
I331,26,0,s,0,1,0,0,1,0,1,0,0,0,0,0,14,18,0,0,0,0,0,0,0,s,17,0,0,0,s
1140,26,0,s,0,1,d,0,1,0,1,0,0,0,0,0,14,18,0,0,0,0,0,0,0,s,17,d,d,0,s
1539,26,18,s,0,1,0,0,1,0,1,0,0,0,0,11,14,18,0,4,d,0,0,0,0,s,17,0,s,d,s
I334,26,0,s,0,1,0,0,1,0,1,0,8,0,2,0,0,0,0,0,0,0,0,0,0,s,17,0,0,0,s
I335,26,0,s,0,1,0,0,1,0,1,0,8,0,2,0,0,0,0,0,0,0,0,0,0,s,17,0,0,0,s
1897,26,0,s,0,1,d,0,1,0,d,d,8,0,2,22,0,0,d,0,0,0,0,0,0,s,17,6,0,0,s
I341,26,47,s,0,1,0,0,1,0,1,0,8,0,2,12,0,0,0,0,0,0,16,29,0,s,17,0,20,0,s
1899,26,d,s,0,1,d,d,1,0,d,0,8,0,2,d,0,0,d,0,2,0,16,29,0,s,17,0,20,0,s
1898,26,47,s,0,1,d,d,1,0,d,0,8,0,2,12,d,0,0,0,0,0,16,29,0,s,17,0,20,d,s
I342,26,0,s,0,1,0,0,1,0,1,0,8,0,2,0,0,0,0,3,20,0,0,0,0,s,17,0,0,0,s
1735,26,0,s,0,1,0,d,d,0,1,4,8,17,2,0,d,0,d,3,20,1,5,0,0,s,17,0,0,4,s
I347,26,0,s,0,1,0,22,1,0,1,0,8,0,2,0,0,0,0,3,20,0,0,19,0,s,17,0,0,0,s
1937,26,0,s,0,d,d,22,1,0,1,0,d,0,2,0,0,d,d,3,20,0,0,19,0,s,17,0,0,0,s
1936,26,0,s,0,1,d,22,1,0,d,0,8,0,2,0,d,0,0,3,20,0,0,19,0,s,17,0,0,d,s
I349,26,0,s,0,1,15,0,1,0,1,0,0,0,0,0,0,10,0,0,0,0,3,0,0,s,17,0,0,0,s
I350,26,8,s,0,1,15,0,1,0,1,0,0,0,0,0,0,10,1,0,0,0,3,0,0,s,17,0,0,0,s
I351,26,8,s,0,1,15,0,1,0,1,4,0,0,8,0,0,10,1,0,0,s,3,0,0,s,17,0,0,0,s
1768,26,8,s,d,1,15,d,1,0,1,4,0,d,8,0,d,s,1,0,0,s,3,0,0,s,17,0,0,0,s
I355,26,8,s,0,1,15,0,1,0,1,4,0,0,8,0,0,10,1,0,0,s,3,0,0,s,17,0,0,2,s
1601,d,8,s,0,1,15,13,1,0,1,4,0,0,8,0,0,d,1,0,0,s,3,d,0,s,17,0,0,2,s
I357,26,8,s,0,1,15,0,1,0,1,4,8,0,8,0,0,10,1,0,0,s,3,0,s,s,17,0,0,2,s
1685,d,d,s,0,1,d,0,1,0,1,4,8,0,8,0,0,10,1,0,0,s,3,0,s,s,17,0,0,2,s
1684,d,8,s,s,1,15,0,1,0,1,4,8,d,8,0,0,10,1,0,0,s,3,d,s,s,17,0,d,2,s
I358,26,8,s,0,1,15,0,1,0,1,0,0,0,0,0,0,10,1,0,0,0,3,0,0,s,17,29,0,0,s
1137,26,8,s,0,1,15,0,1,2,1,4,0,0,0,12,0,10,1,0,0,1,3,0,0,s,17,29,0,0,s
1219,26,8,s,0,1,15,0,1,s,1,0,0,d,0,0,0,10,1,0,9,0,3,0,d,s,17,29,0,0,s
I365,26,0,s,0,1,15,0,1,0,1,0,10,0,0,0,0,10,0,0,s,0,3,0,0,s,17,0,0,0,s
I366,26,0,s,2,1,15,0,1,0,1,0,10,0,0,0,0,10,0,0,s,0,3,0,0,s,17,0,0,2,s
1525,26,0,s,2,1,15,0,1,0,1,3,10,0,0,0,0,d,0,0,s,1,3,0,18,s,17,0,0,2,s
I371,26,47,s,2,1,15,0,1,0,1,0,10,0,8,14,0,10,0,0,s,1,3,0,0,s,17,0,0,2,s
1941,26,47,s,2,1,15,0,d,0,1,d,10,0,8,14,0,10,0,0,s,1,3,0,0,s,17,0,0,2,s
1940,s,47,s,2,1,15,0,1,0,1,d,10,d,8,14,0,10,0,d,s,1,3,d,0,s,17,0,0,d,s
I373,26,0,s,0,1,15,0,1,0,1,0,10,0,0,0,0,10,0,0,s,0,3,33,0,s,17,0,0,0,s
I374,26,0,s,0,1,15,0,1,0,1,0,10,0,0,0,0,10,0,0,s,0,3,33,0,s,17,0,0,0,s
I375,26,0,s,0,1,15,0,1,0,s,0,10,0,0,0,0,10,0,0,s,0,3,33,0,s,17,0,0,2,s
1347,26,0,s,d,1,15,0,1,0,s,d,10,0,d,0,0,10,0,0,s,0,3,33,0,s,17,0,0,2,s
1346,26,0,s,0,1,15,0,1,0,s,0,d,0,0,0,0,10,0,0,s,0,3,33,0,s,17,0,0,2,s
1085,26,0,s,0,1,15,0,d,0,1,0,d,0,0,0,0,10,0,0,s,0,3,d,0,s,17,0,0,0,s
I377,26,0,s,0,1,15,11,1,0,1,0,10,0,0,0,0,10,0,0,s,0,3,33,0,s,17,0,0,0,s
1391,26,0,s,0,d,15,11,1,0,1,d,10,0,0,0,0,10,0,2,s,0,3,33,0,s,s,23,d,0,s
1077,26,0,s,2,1,15,11,1,0,1,0,10,0,0,12,d,10,0,0,s,0,3,d,0,s,17,0,0,d,s
I380,0,48,s,0,0,0,0,0,0,0,0,0,42,0,14,10,0,0,0,0,0,11,0,0,s,17,0,15,2,0
I381,0,48,s,0,0,25,0,0,0,0,0,s,42,0,14,10,12,0,0,0,0,11,0,0,s,17,0,15,2,1
I382,0,48,s,0,0,25,0,0,0,0,0,s,42,0,14,10,12,0,0,0,0,11,0,0,s,17,0,15,2,1
I383,0,48,s,0,0,25,0,0,0,0,0,s,42,0,14,10,12,0,0,0,0,11,0,0,s,17,0,15,2,1
I384,0,48,s,0,0,25,0,0,0,0,0,s,42,0,14,10,12,0,0,0,0,11,0,20,s,17,33,15,2,1
I385,0,48,s,0,0,25,0,0,0,0,0,s,s,0,14,10,12,0,0,0,0,11,0,20,s,17,33,15,2,1
1839,0,48,s,0,0,25,0,1,0,0,0,s,s,0,s,10,12,0,0,d,0,11,0,d,s,17,33,d,d,d
I387,0,48,s,0,0,25,0,0,0,0,0,s,s,0,14,10,12,0,0,9,0,11,0,20,s,17,33,15,2,1
1567,0,d,s,0,0,25,0,0,0,0,d,s,s,0,d,10,12,0,0,9,0,11,0,20,s,17,d,d,d,1
1566,0,48,s,d,d,25,0,1,d,0,0,s,s,d,14,10,d,0,0,d,0,11,d,20,s,d,33,15,2,1
I388,0,48,s,0,0,25,0,0,0,0,4,s,42,0,14,10,12,1,0,0,0,11,0,20,s,17,33,15,2,1
I389,0,48,s,0,0,25,0,0,0,0,4,s,42,0,14,10,12,1,0,0,0,11,0,20,s,17,33,15,2,1
1791,0,48,s,0,0,25,d,0,0,0,4,s,42,0,14,d,12,1,0,0,0,11,0,20,s,17,33,15,2,1
1790,0,48,s,0,d,25,0,0,0,0,4,s,42,d,14,10,12,d,d,0,0,11,0,20,s,17,33,15,2,1
1698,d,48,s,0,0,25,0,0,0,0,4,s,42,0,14,10,12,1,d,0,0,11,0,20,s,17,33,15,2,1
I391,0,48,s,0,0,25,0,0,0,0,0,s,42,0,14,10,12,0,0,0,0,11,0,0,s,17,0,15,2,1
1674,0,48,s,0,0,25,0,d,0,0,d,s,42,0,14,10,12,1,0,0,0,11,s,0,s,17,0,d,2,1
I395,0,48,s,2,1,25,0,0,3,0,0,s,42,0,14,10,12,0,0,0,0,11,3,0,s,17,33,15,2,1
1593,d,d,s,2,1,s,d,d,3,0,0,s,42,0,14,10,12,d,0,0,0,11,3,0,s,17,33,15,2,1
1711,0,48,s,2,1,d,d,0,3,1,0,s,42,0,d,s,12,1,0,0,0,11,3,0,s,17,33,15,2,1
I398,0,48,s,0,s,25,0,0,0,0,0,s,42,14,14,10,12,0,0,0,0,11,s,0,s,17,0,15,2,1
I399,0,48,s,0,s,25,1,1,0,0,4,s,42,14,14,10,12,0,0,0,0,11,s,0,s,17,13,15,2,1
I400,0,48,s,0,s,25,s,1,0,0,4,s,42,14,14,10,12,0,0,13,1,11,s,0,s,17,13,15,2,1
I401,0,48,s,0,s,25,s,1,0,0,4,s,42,14,14,10,12,0,0,13,1,11,s,0,s,17,13,15,2,1
1933,0,48,s,0,s,25,s,1,0,0,4,s,d,14,14,10,d,0,0,13,1,11,s,d,s,17,13,15,2,1
1932,0,48,s,0,s,25,s,1,0,0,4,s,42,14,14,10,d,0,0,13,1,11,s,0,s,17,13,15,2,1
1894,0,48,s,0,s,25,s,1,0,1,4,s,42,14,14,10,d,0,d,13,d,11,s,d,s,17,13,d,2,1
I403,0,48,s,0,s,25,1,1,1,0,4,s,42,14,14,10,12,0,0,0,0,11,s,0,s,17,13,15,2,1
1789,0,48,s,0,s,25,1,1,d,0,d,s,42,14,14,10,12,0,4,0,0,d,s,0,s,17,13,s,d,1
I405,0,48,s,2,s,25,1,1,1,0,4,s,42,14,14,10,12,0,0,40,0,11,s,0,s,17,13,15,2,1
1881,0,d,s,2,s,d,1,d,1,0,4,s,42,14,14,10,12,0,0,40,0,11,s,0,s,17,13,15,2,1
1880,0,48,s,2,s,25,1,1,1,0,d,s,42,14,14,10,12,0,0,40,d,11,s,0,s,17,d,15,2,1
I406,0,48,s,0,s,25,0,0,0,0,4,s,42,14,14,10,12,0,0,0,0,11,s,0,s,17,0,15,2,1
1688,0,48,s,s,s,25,25,0,2,0,4,s,42,14,14,10,12,0,1,0,0,11,s,0,s,17,d,d,2,1
I410,0,48,s,0,s,25,0,0,0,1,4,s,42,14,14,10,12,0,0,0,0,11,s,0,s,17,0,15,2,1
I411,0,48,s,0,s,25,0,0,0,1,4,s,42,14,14,10,12,1,0,0,0,s,s,0,s,17,0,15,2,1
1829,0,48,s,0,s,25,0,0,d,1,4,s,42,14,14,10,12,1,0,0,d,s,s,0,s,17,0,15,2,1
1828,0,48,s,0,s,25,0,d,0,1,4,s,42,14,14,10,12,d,0,0,0,s,s,0,s,17,0,15,d,1
1982,0,48,s,0,s,25,0,d,0,1,4,s,d,d,14,10,12,1,0,0,0,11,s,d,s,17,0,15,d,1
I413,0,48,s,0,0,25,0,0,0,0,0,s,42,0,14,10,12,0,0,0,1,11,0,0,s,17,0,15,2,1
I414,0,48,s,2,0,25,0,0,0,0,0,s,42,0,14,10,12,0,0,0,1,11,0,0,s,17,0,15,2,1
1330,14,48,s,2,0,25,0,2,0,0,0,s,42,27,14,10,d,1,0,0,1,11,0,s,s,17,25,15,2,1
I422,3,48,s,2,0,25,0,0,0,0,0,s,42,0,14,10,12,0,0,0,1,11,0,0,s,17,0,15,2,1
1209,d,48,s,2,0,25,29,1,0,0,s,s,s,0,14,10,12,d,0,0,1,11,d,0,s,17,0,15,2,1
I426,3,48,s,2,0,25,0,0,0,0,4,s,42,11,14,10,12,0,0,0,1,11,0,0,s,17,0,15,2,1
1157,3,48,s,2,0,25,0,0,0,0,4,s,42,d,14,d,12,0,2,37,1,11,24,0,s,17,0,15,2,1
I428,3,48,s,2,0,25,14,0,0,0,4,s,42,11,14,10,12,0,0,0,s,11,0,0,s,17,13,15,2,1
1109,3,48,s,2,0,25,14,0,2,d,4,s,42,11,d,10,12,0,0,s,s,11,d,0,s,17,13,15,2,1
1108,3,48,s,2,0,25,14,0,0,1,4,s,d,d,14,10,12,0,0,12,s,11,0,0,s,17,13,15,2,1
I429,0,48,s,2,0,25,0,0,0,0,0,s,42,0,14,10,12,0,0,0,1,11,0,7,s,17,0,15,2,1
I430,0,48,s,2,0,25,0,0,0,0,0,s,42,0,14,10,12,0,0,0,1,11,0,7,s,17,0,15,2,1
I431,0,48,s,2,0,25,0,0,0,0,0,s,42,0,14,10,12,0,0,0,1,11,17,7,s,17,8,15,2,1
1408,d,48,s,2,0,25,0,0,s,0,0,s,42,0,14,10,12,0,0,d,1,11,17,7,s,17,8,15,2,1
I433,0,48,s,2,0,25,0,0,0,0,0,s,42,0,14,10,12,0,0,0,1,11,17,7,s,17,8,15,2,1
1691,0,48,s,2,0,25,d,0,0,0,d,s,42,0,14,10,12,d,0,d,1,11,17,7,s,17,8,d,2,1
1690,0,48,s,d,0,25,0,2,0,0,0,s,42,0,14,10,12,0,0,0,1,11,d,7,s,17,8,15,2,1
1585,0,48,s,2,0,25,0,1,d,0,0,s,42,0,14,10,12,0,d,0,1,11,0,7,s,17,0,d,d,1
I437,0,48,s,2,0,25,1,s,0,0,0,s,42,0,14,10,12,0,0,0,1,11,0,7,s,17,0,15,2,1
I439,0,s,s,2,0,25,1,s,0,1,0,s,42,0,14,10,12,0,0,0,1,11,0,7,s,17,0,15,2,1
1529,0,s,s,2,0,25,1,s,0,1,0,s,42,d,14,10,d,0,0,0,1,11,0,s,s,d,0,15,2,1
1528,0,s,s,2,0,25,1,s,d,1,0,s,d,0,14,10,12,0,d,0,1,11,0,7,s,17,d,15,2,d
I441,0,48,s,2,1,25,1,s,0,0,4,s,42,0,14,10,12,0,0,0,s,11,0,7,s,17,0,15,2,1
1975,0,48,s,d,1,25,1,s,0,0,d,s,42,0,14,s,12,0,4,0,s,d,0,d,s,17,d,15,2,1
1543,0,48,s,d,1,25,1,s,0,s,d,s,42,6,d,10,d,d,3,0,s,11,0,7,s,17,0,15,2,1
I444,0,48,s,0,0,0,0,0,0,0,0,0,42,0,14,10,0,0,0,0,0,11,0,0,s,17,s,15,2,1
I445,0,48,s,0,0,0,0,0,0,0,0,0,42,0,14,10,0,0,0,0,0,11,0,37,s,17,s,15,2,1
I446,0,48,s,0,0,0,0,0,0,0,0,0,42,0,14,10,0,1,4,0,0,11,0,37,s,17,s,15,2,1
I447,0,48,s,0,0,0,0,0,0,0,0,0,42,0,14,10,0,1,4,0,0,11,0,37,s,17,s,15,2,1
I449,0,48,s,0,1,0,0,0,s,s,0,0,42,7,14,10,0,1,4,0,0,11,0,37,s,17,s,15,2,1
1481,d,48,s,0,1,0,0,0,s,s,0,0,42,d,14,10,27,1,4,0,0,11,0,37,s,17,s,15,2,1
1480,0,48,s,0,1,d,d,d,s,s,0,0,42,7,14,10,0,1,4,0,0,11,0,37,s,17,s,15,2,1
1153,0,48,s,0,0,0,0,0,0,0,4,0,42,0,14,10,0,1,4,1,s,11,d,37,s,17,s,15,2,1
I455,0,48,s,2,0,0,0,1,0,1,4,0,42,0,14,10,19,1,s,0,0,11,0,37,s,17,s,15,2,1
1907,0,48,s,2,0,d,d,1,0,1,4,0,42,0,14,10,19,1,s,d,0,11,4,37,s,d,s,d,d,1
1820,d,48,s,2,0,0,d,1,2,1,4,d,42,0,s,10,19,1,s,0,0,11,0,37,s,17,s,15,s,d
I461,0,48,s,s,0,17,0,0,0,0,0,0,42,0,14,10,0,0,4,0,0,11,0,37,s,17,s,15,2,1
I462,0,48,s,s,0,17,0,0,0,0,0,0,42,0,14,10,0,0,4,12,0,s,0,37,s,17,s,15,2,1
I463,26,48,s,s,0,17,0,0,0,0,0,0,42,21,14,10,0,0,4,12,0,s,0,37,s,17,s,15,2,1
1467,26,48,s,s,0,d,0,0,0,0,0,0,42,21,14,10,0,0,4,d,0,s,0,37,s,17,s,d,2,d
1565,26,48,s,s,0,17,0,0,4,0,0,0,42,21,14,10,d,0,4,12,0,s,0,37,s,17,s,15,2,1
I466,2,48,s,s,0,17,0,0,4,0,0,0,42,0,14,10,0,0,4,12,0,s,0,37,s,17,s,15,2,1
1890,2,48,s,s,0,17,d,d,4,d,0,0,42,0,14,d,0,0,4,12,d,s,16,d,s,17,s,15,2,1
I468,2,48,s,s,0,17,0,0,4,0,0,0,42,0,14,10,0,0,4,12,0,s,0,37,s,17,s,15,2,1
1771,2,48,s,s,0,d,0,0,4,0,0,0,42,0,14,d,0,0,4,12,0,s,0,37,s,17,s,15,2,1
1770,2,48,s,s,0,17,0,0,d,d,0,0,42,d,14,10,0,0,4,12,1,s,0,37,s,d,s,15,2,1
I469,0,48,s,s,1,17,0,0,0,2,0,0,42,0,14,10,0,0,4,25,0,11,0,37,s,17,s,15,2,1
I470,0,48,s,s,1,17,0,0,0,2,0,0,42,0,14,10,0,1,4,25,0,11,0,37,s,17,s,15,2,1
I471,0,48,s,s,1,17,0,0,2,2,0,0,42,0,14,10,0,1,4,25,0,11,0,37,s,17,s,15,2,1
1653,0,48,s,s,1,17,0,0,2,2,0,d,42,0,d,10,0,1,4,25,0,11,0,37,s,d,s,15,2,1
1652,0,48,s,s,1,17,d,0,2,2,0,0,42,0,14,10,0,1,4,25,0,11,0,37,s,17,s,15,d,1
1618,0,48,s,s,1,17,s,d,0,2,0,0,42,0,14,10,0,1,4,d,s,11,0,37,s,17,s,15,2,1
I473,0,48,s,s,1,17,0,0,0,2,0,0,42,0,14,10,0,0,4,25,0,11,0,37,s,17,s,15,2,1
I474,0,48,s,s,1,17,0,0,0,2,0,0,42,0,14,10,0,0,4,25,0,11,0,37,s,17,s,15,2,1
1853,0,48,s,s,1,17,0,d,0,2,0,0,42,0,14,10,0,0,d,25,0,11,0,37,s,17,s,15,2,1
1852,0,48,s,s,1,17,d,d,0,d,d,0,42,0,14,10,0,0,4,25,0,11,d,37,s,17,s,15,2,1
1914,0,48,s,s,1,17,0,0,0,2,0,0,42,0,14,10,d,d,4,25,0,11,d,37,s,d,s,15,2,1
I476,0,48,s,0,0,0,0,0,4,0,4,8,42,0,14,10,0,0,0,0,0,11,0,0,s,17,s,15,2,1
I477,0,48,s,0,0,0,0,0,4,0,4,8,42,0,14,10,0,0,0,0,0,11,s,0,s,17,s,15,2,1
I478,2,48,s,0,0,0,0,0,4,0,4,8,42,0,14,10,0,0,0,0,0,11,s,0,s,17,s,15,2,1
I479,2,48,s,0,0,0,0,0,4,0,4,8,42,0,14,10,0,0,0,0,0,11,s,0,s,17,s,s,2,1
1502,2,48,s,0,0,0,0,0,4,0,d,8,42,0,14,10,0,1,0,0,0,11,s,0,s,17,s,s,2,1
1608,2,48,s,0,0,0,0,0,4,0,4,d,42,0,14,10,d,0,0,0,0,11,s,0,s,17,s,s,2,1
I482,2,48,s,0,0,0,0,0,4,0,4,8,42,0,14,10,0,0,4,0,0,11,s,0,s,17,s,15,2,1
I483,2,48,s,0,0,0,0,0,4,0,4,8,42,0,14,10,0,1,4,0,0,11,s,0,s,17,s,15,2,1
1825,2,48,s,0,0,0,0,0,4,0,4,8,42,0,14,10,d,1,4,d,1,11,s,0,s,17,s,15,d,1
1824,2,48,s,0,0,0,0,0,4,0,d,d,42,0,14,10,d,d,4,0,0,11,s,0,s,17,s,15,2,d
1704,2,48,s,0,1,0,0,d,4,0,4,d,42,0,14,10,0,0,4,0,0,11,s,0,s,17,s,15,2,1
I485,0,48,s,0,0,0,0,0,4,0,4,8,42,0,14,10,0,0,0,0,0,11,s,0,s,17,s,15,2,1
I486,0,48,s,0,0,0,0,0,4,1,4,8,42,0,14,10,0,0,0,0,0,11,s,0,s,17,s,15,2,1
1808,0,48,s,0,d,0,d,0,4,1,d,8,42,0,14,10,33,d,0,0,0,11,s,0,s,17,s,d,2,1
1708,3,d,s,0,0,0,d,1,4,1,d,d,42,0,14,10,0,d,4,d,0,11,s,0,s,17,s,15,2,1
I489,0,48,s,0,0,0,0,0,4,2,4,8,42,0,14,10,0,0,0,0,0,11,s,0,s,17,s,15,2,1
1750,0,48,s,0,0,0,0,0,4,2,d,8,42,17,14,10,0,0,0,d,0,11,s,0,s,17,s,15,d,1
I491,0,48,s,0,0,0,0,1,4,2,4,8,42,0,14,10,0,1,0,0,0,11,s,0,s,17,s,15,2,1
1969,0,48,s,0,0,0,0,1,4,2,4,d,42,0,14,10,0,d,0,d,0,11,s,0,s,17,s,15,2,d
1968,d,48,s,0,0,0,0,1,4,2,4,8,42,0,14,d,0,1,d,0,0,11,s,0,s,17,s,d,d,1
I492,0,s,s,0,0,0,0,0,4,1,4,8,42,6,14,10,0,0,0,0,0,11,0,0,s,17,s,15,2,1
I497,0,s,s,2,0,0,6,0,4,1,4,8,42,6,14,10,0,0,0,0,0,11,0,0,s,17,s,15,2,1
1611,0,s,s,2,0,0,d,0,4,1,d,8,42,6,14,10,0,0,d,0,0,11,0,0,s,17,s,15,2,1
I499,0,s,s,2,0,0,6,0,4,1,4,8,42,6,14,10,0,0,0,18,0,11,0,0,s,17,s,15,2,1
1479,0,s,s,2,0,0,6,0,4,d,d,8,42,6,14,10,0,0,0,d,1,11,0,0,s,17,s,d,d,1
1478,0,s,s,2,0,0,6,0,4,1,4,8,42,6,s,10,0,0,0,18,0,11,0,0,s,17,s,15,2,1
I500,0,s,s,2,0,0,0,0,4,1,4,8,42,6,14,10,0,0,0,0,0,11,0,0,s,17,s,15,2,1
I501,17,s,s,2,0,0,0,0,4,1,4,8,42,6,14,10,0,0,0,0,0,11,0,0,s,17,s,15,2,1
I502,17,s,s,2,0,0,0,0,4,1,4,8,42,6,14,10,0,0,4,0,0,11,0,0,s,17,s,15,2,1
2041,17,s,s,2,0,0,0,d,d,1,4,8,42,d,14,10,0,d,4,0,0,11,d,d,s,17,s,15,2,1
2040,17,s,s,d,0,0,0,0,4,1,4,d,d,6,14,d,0,0,4,0,0,d,d,0,s,17,s,15,2,d
I503,17,s,s,2,0,0,0,0,4,1,4,8,42,6,14,10,0,0,0,0,0,11,0,0,s,17,s,15,2,1
2001,17,s,s,2,0,d,0,0,4,1,4,8,42,6,14,10,0,0,0,0,0,11,d,0,s,17,s,15,d,1
2000,17,s,s,2,0,0,0,0,4,1,4,d,42,6,d,10,0,0,0,0,0,d,0,d,s,17,s,15,2,1
I505,0,s,s,2,0,0,0,0,4,1,4,8,42,6,14,10,0,1,0,0,0,11,0,0,s,17,s,15,2,1
1659,0,s,s,2,0,0,0,0,4,1,4,8,42,6,14,10,0,1,0,d,0,11,0,0,s,17,s,15,2,1
1658,0,s,s,2,1,0,0,0,4,d,d,8,42,6,14,d,0,1,0,0,d,d,0,0,s,17,s,d,2,1
I507,0,0,0,0,0,0,0,0,0,0,0,0,0,0,0,0,0,0,4,0,0,0,0,0,0,17,0,0,2,0
I508,0,0,0,0,0,4,0,2,0,0,4,0,0,0,s,0,0,0,4,0,0,0,0,0,0,17,0,1,2,1
I509,0,0,0,0,0,4,0,2,0,1,4,0,0,6,s,0,0,1,4,0,0,0,29,0,0,17,s,1,2,1
I510,0,0,0,0,0,4,0,2,0,1,4,0,0,6,s,0,0,1,4,0,0,0,29,0,0,17,s,1,2,1
I511,0,0,0,0,0,4,0,2,3,1,4,0,0,6,s,0,22,s,4,0,0,9,29,0,0,17,s,1,2,1
I512,14,0,0,0,0,4,0,2,3,s,4,0,0,s,s,0,22,s,4,0,0,9,29,0,0,17,s,1,2,1
I513,14,0,0,0,0,4,0,2,3,s,4,0,0,s,s,0,22,s,4,0,0,9,29,0,0,17,s,1,2,1
I514,14,0,0,0,0,4,0,2,3,s,4,0,0,s,s,0,22,s,4,0,0,9,29,s,37,17,s,1,2,1
1066,d,22,0,0,0,4,0,2,3,s,s,0,12,s,s,0,22,s,4,d,0,9,29,s,37,17,s,1,2,1
1065,14,0,0,0,d,d,0,d,3,s,4,0,0,s,s,0,22,s,4,0,0,9,29,s,d,17,s,1,d,1
I517,14,0,0,0,0,4,0,2,3,s,4,8,0,s,s,0,22,s,4,0,0,9,29,0,0,17,s,1,2,1
I518,14,0,0,0,0,4,0,2,3,s,4,8,18,s,s,0,22,s,4,0,0,9,29,4,0,17,s,1,2,1
1091,14,0,0,0,0,4,0,2,3,s,4,8,d,s,s,0,d,s,4,0,0,9,29,4,0,d,s,1,2,1
1090,14,0,17,0,0,4,0,2,d,s,4,8,18,s,s,0,22,s,4,0,d,d,29,4,d,17,s,1,2,1
1107,14,0,s,0,0,4,0,2,3,s,4,8,14,s,s,0,d,s,d,0,0,9,29,0,0,17,s,1,2,1
I520,14,0,0,0,0,4,0,2,3,s,4,0,18,s,s,0,22,s,4,0,s,9,29,0,0,17,s,1,2,1
I523,14,0,0,0,0,4,0,2,3,s,4,0,18,s,s,0,22,s,4,35,s,9,29,0,0,17,s,1,2,1
1257,14,d,0,2,0,4,0,2,3,s,4,5,18,s,s,0,22,s,4,35,s,9,29,0,0,17,s,1,2,1
1256,14,d,0,0,0,4,0,2,3,s,4,d,18,s,s,0,22,s,4,d,s,d,29,0,0,17,s,1,d,d
I524,14,0,1,0,0,4,0,2,3,s,4,0,18,s,s,0,22,s,4,0,s,9,29,0,0,17,s,1,2,1
1354,14,0,1,0,0,4,0,2,3,s,4,8,18,s,s,0,22,s,4,9,s,9,29,0,0,d,s,1,2,1
I526,14,0,1,0,0,4,0,2,3,s,4,0,18,s,s,0,22,s,4,0,s,9,29,0,0,17,s,1,2,1
1587,14,0,1,0,0,4,0,2,3,s,d,0,18,s,s,0,22,s,4,0,s,9,29,0,15,d,s,1,2,1
1586,14,0,1,0,0,4,0,d,3,s,4,0,18,s,s,0,22,s,4,0,s,9,29,0,d,17,s,1,d,1
I527,0,0,s,0,0,4,0,2,3,1,4,0,0,6,s,0,22,s,4,0,0,9,29,0,3,17,s,1,2,1
I529,6,19,s,0,1,4,0,2,3,1,s,0,0,6,s,0,22,s,4,0,0,9,29,0,3,17,s,1,2,1
1381,6,19,s,d,1,4,d,2,d,1,s,0,0,6,s,0,22,s,4,9,0,9,d,d,3,17,s,1,d,1
1655,6,19,s,0,1,4,0,2,3,1,s,d,0,d,s,0,d,s,4,0,0,9,29,d,3,17,s,1,2,1
I535,0,0,s,0,0,4,0,2,3,1,4,9,0,6,s,0,22,s,4,0,0,9,29,36,3,17,s,1,2,1
I537,0,0,s,0,0,4,0,2,3,1,4,9,0,6,s,4,22,s,4,46,0,9,29,36,s,17,s,1,2,1
1211,0,0,s,0,0,4,0,2,3,1,4,9,0,6,s,4,22,s,4,d,0,9,29,36,s,17,s,1,d,1
1210,29,0,s,2,0,4,0,2,3,1,4,9,0,6,s,4,22,s,4,46,0,9,29,36,s,17,s,1,2,1
I539,0,0,s,0,0,4,0,2,3,1,4,9,33,6,s,0,22,s,4,0,0,9,29,36,3,17,s,1,2,1
1155,d,2,s,d,0,4,0,2,3,1,4,9,33,d,s,0,22,s,4,d,d,9,29,36,d,17,s,1,2,1
1175,0,0,s,0,0,4,0,2,3,1,d,9,33,6,s,0,22,s,4,46,1,d,29,36,d,17,s,1,2,1
I542,0,0,0,0,0,4,0,2,0,1,4,0,0,6,s,0,0,1,4,0,0,0,29,0,0,17,s,1,2,1
I543,0,27,0,0,0,4,0,2,0,1,4,0,0,6,s,0,34,1,4,0,0,0,29,0,0,17,s,1,2,1
I544,s,27,0,0,0,4,0,2,0,1,4,0,0,6,s,0,34,1,4,0,0,0,29,0,0,17,s,1,2,1
I545,s,27,0,0,0,4,0,2,0,1,4,0,0,6,s,8,34,1,4,12,0,0,29,0,0,17,s,1,2,1
1183,s,27,0,0,0,4,11,2,0,d,4,0,0,s,s,8,d,1,d,12,d,d,29,31,0,17,s,1,2,1
1082,s,27,0,d,d,4,0,2,d,1,4,0,0,6,s,8,d,1,4,12,d,0,29,d,s,17,s,1,2,1
2047,s,27,d,2,0,d,7,d,d,1,4,0,0,6,s,0,34,1,4,0,d,s,29,33,d,17,s,1,2,1
I552,0,27,0,0,0,4,22,2,0,1,4,0,0,6,s,0,34,1,4,0,0,0,s,0,29,17,s,1,2,1
1088,0,27,d,0,0,d,22,d,0,1,4,0,0,s,s,d,34,1,4,0,0,s,s,0,29,17,s,1,2,1
I559,0,27,0,0,0,4,s,2,0,1,4,12,0,6,s,0,s,1,4,0,1,0,s,0,29,17,s,1,2,1
2017,0,27,0,d,d,4,s,2,0,1,4,12,0,6,s,0,s,1,4,0,1,0,s,0,29,17,s,1,d,1
2016,0,27,0,0,d,4,s,2,0,1,d,12,0,6,s,0,s,1,4,0,1,d,s,0,29,17,s,1,2,1
I561,0,0,0,0,s,4,0,2,0,1,4,0,0,6,s,0,0,1,4,0,0,0,29,0,16,17,s,1,2,1
1195,s,0,23,0,s,4,7,2,0,d,4,0,0,6,s,0,0,1,4,d,0,0,d,0,16,17,s,1,2,1
I570,3,0,0,0,s,4,0,2,0,1,4,0,0,s,s,0,0,1,4,0,0,0,29,0,16,s,s,1,2,1
1294,3,s,d,0,s,4,0,2,0,1,4,0,d,s,s,0,0,1,4,0,d,0,29,0,d,s,s,1,2,d
1353,3,0,7,0,s,4,d,2,0,1,4,1,7,s,s,0,0,1,4,0,0,0,d,0,16,s,s,s,d,1
I576,0,0,0,0,0,4,0,2,0,1,4,0,0,6,s,0,0,1,s,0,0,0,29,0,3,17,s,1,2,1
I577,20,0,0,0,0,4,0,2,0,1,4,0,0,6,s,0,0,1,s,0,0,0,29,0,3,17,s,1,2,1
I578,20,0,0,0,0,4,0,2,0,1,4,0,0,6,s,0,19,1,s,1,0,0,29,0,3,17,s,1,2,1
I579,20,0,0,3,0,4,0,2,0,1,4,0,0,6,s,0,19,1,s,1,0,16,29,0,3,17,s,1,2,1
I580,20,0,0,3,4,4,0,2,0,1,4,0,0,6,s,9,19,1,s,1,0,16,29,0,3,17,s,1,2,1
I581,20,0,0,3,s,4,0,2,0,1,4,0,12,6,s,9,19,1,s,1,0,16,29,0,3,17,s,1,2,1
1835,20,0,0,3,s,4,0,2,0,1,4,0,12,6,s,d,19,1,s,1,0,16,29,d,3,17,s,1,2,d
1834,20,0,0,3,s,d,0,2,0,1,4,0,12,d,s,9,19,1,s,1,0,16,29,0,3,17,s,1,2,1
1670,20,0,0,3,d,4,0,2,0,1,4,0,0,6,s,9,19,1,s,1,1,16,29,0,3,17,s,1,2,1
I583,20,0,0,3,0,4,0,2,1,1,4,0,0,6,s,0,19,1,s,1,0,16,29,0,3,17,s,1,2,1
I584,20,0,0,3,0,4,0,2,1,1,4,0,0,6,s,0,19,1,s,1,0,16,29,0,3,17,s,1,2,1
1949,20,d,0,3,0,d,0,2,1,1,4,0,0,6,s,0,d,1,s,1,0,16,29,0,3,17,s,1,2,1
1948,20,0,d,3,0,4,0,2,1,d,4,0,0,d,s,0,19,1,s,1,0,d,29,0,3,17,s,1,2,1
I585,20,0,0,3,0,4,0,2,1,1,4,0,0,6,s,0,19,1,s,1,1,16,29,0,3,17,s,1,2,1
1749,20,0,0,3,0,4,0,2,1,d,4,0,0,6,s,14,s,1,s,1,1,16,d,0,d,17,s,d,2,1
1748,20,0,0,3,0,4,0,2,1,1,d,0,0,6,s,0,19,1,s,1,1,16,d,0,d,17,s,1,2,1
I586,20,0,0,0,4,4,0,2,0,1,4,0,0,6,s,0,19,1,s,1,1,5,29,0,3,17,s,1,2,1
I587,20,0,0,0,4,4,0,2,0,1,4,0,0,6,s,0,19,1,s,1,1,5,29,0,3,17,s,1,2,1
1269,20,0,0,2,4,4,5,d,0,1,4,0,0,6,s,0,19,d,s,1,d,5,29,0,3,d,s,1,2,d
I589,20,0,7,0,4,4,0,2,2,1,4,0,0,6,s,2,19,1,s,1,1,5,29,0,3,17,s,1,2,1
1177,20,27,7,d,4,4,d,d,2,d,4,0,s,6,s,2,19,1,s,1,1,s,29,0,s,17,s,1,2,1
1176,20,0,7,s,4,d,d,2,2,1,4,0,d,6,s,d,19,1,s,1,1,5,d,0,3,d,s,d,2,d
I590,20,0,0,0,4,4,25,2,0,1,4,0,0,6,s,0,19,1,s,1,1,5,29,0,3,17,s,1,2,1
I591,20,0,0,0,4,4,25,2,0,1,4,0,0,6,s,0,19,1,s,1,1,5,29,0,3,17,s,1,2,1
1911,20,d,0,0,4,4,25,2,0,1,4,0,0,6,s,0,19,d,s,1,1,5,29,0,3,17,s,1,2,1
1910,20,0,0,0,4,4,25,2,0,1,4,0,0,6,s,0,d,1,s,1,d,d,29,0,3,17,s,1,2,d
I592,20,0,0,0,4,4,25,2,1,1,4,0,11,6,s,0,19,1,s,1,1,5,29,0,3,17,s,1,2,1
1341,20,0,0,d,4,4,d,2,1,1,4,0,11,6,s,0,19,1,s,d,d,5,29,17,d,17,s,1,2,1
1340,20,0,19,0,4,4,25,2,1,1,4,d,11,d,s,0,19,1,s,1,d,d,29,0,3,d,s,1,2,d
I593,20,0,4,0,0,4,0,2,0,1,4,0,0,6,s,0,0,1,s,0,0,0,29,0,3,17,s,1,2,1
1326,20,0,d,0,1,4,13,2,d,1,4,0,0,6,s,0,8,1,s,0,0,s,d,0,s,17,s,d,d,1
I603,20,0,4,0,0,4,0,2,0,1,4,0,0,6,s,0,0,1,s,0,0,5,29,0,3,17,s,1,2,1
I604,20,0,4,0,0,4,0,2,0,1,4,0,0,6,s,0,0,1,s,0,0,5,29,11,3,17,s,1,2,1
1419,20,0,4,0,d,4,7,2,0,1,s,0,d,6,s,0,0,1,s,s,0,d,29,11,3,17,s,1,2,1
1086,20,0,4,0,d,4,2,2,0,1,4,d,d,d,s,0,0,1,s,0,1,5,d,11,3,s,s,s,2,1
1179,20,22,s,0,0,d,0,d,0,1,4,0,0,6,s,d,0,1,s,0,0,5,29,s,d,17,s,1,2,1
I610,0,0,12,0,0,4,0,2,0,1,4,0,0,6,s,0,15,1,s,0,0,0,29,0,3,s,s,1,2,1
I611,0,0,12,0,0,4,0,2,0,1,4,0,0,6,s,3,15,1,s,0,0,0,29,0,3,s,s,1,2,1
1643,0,0,12,0,s,4,d,2,4,1,4,8,8,6,s,3,15,d,s,0,0,9,29,0,3,s,s,s,2,1
I619,0,0,12,0,0,4,0,2,0,1,4,0,0,6,s,3,15,1,s,0,0,0,29,30,3,s,s,1,2,1
1200,0,0,12,0,0,4,0,2,3,1,4,0,0,6,s,s,15,1,s,0,0,d,29,30,3,s,s,1,2,1
I623,0,0,12,0,0,4,0,2,0,1,4,0,0,6,s,3,15,1,s,1,0,0,29,30,3,s,s,1,2,1
1324,0,0,12,d,0,4,0,2,0,1,4,0,0,6,s,3,15,1,s,d,0,0,29,30,d,s,s,1,2,1
1399,0,0,12,0,0,4,0,2,0,1,4,0,0,6,s,3,d,1,s,1,0,0,29,30,3,s,s,1,2,1
I626,0,0,12,0,0,4,0,2,3,1,4,0,0,6,s,0,15,1,s,0,0,0,29,0,3,s,s,1,2,1
I627,0,0,12,2,0,4,28,2,3,1,4,0,0,6,s,0,15,1,s,0,0,0,29,0,3,s,s,1,2,1
I630,0,0,12,2,0,4,28,2,3,1,4,0,0,6,s,0,15,1,s,0,0,0,29,31,3,s,s,1,2,1
1317,0,0,d,2,0,4,28,d,3,1,d,0,0,6,s,0,15,s,s,d,d,0,29,31,3,s,s,1,2,1
1316,0,20,12,2,d,4,28,2,3,1,4,0,0,6,s,0,15,d,s,d,0,0,29,31,3,s,s,1,2,d
1412,0,0,d,2,1,4,28,d,d,1,4,d,0,d,s,0,15,1,s,0,s,0,29,s,3,s,s,1,d,d
I634,0,0,12,2,0,4,0,2,3,1,4,0,0,6,s,0,15,1,s,38,0,0,29,12,3,s,s,1,2,1
I635,0,0,12,2,0,4,0,2,3,1,4,0,0,6,s,0,15,1,s,38,0,0,29,12,3,s,s,1,2,1
I636,0,0,12,2,0,4,0,2,3,1,4,0,0,6,s,0,15,1,s,38,0,0,29,12,3,s,s,1,2,1
1335,0,0,12,2,d,4,0,2,d,1,d,0,d,6,s,0,15,1,s,38,d,d,29,d,3,s,s,1,2,1
1334,0,0,12,d,0,4,0,2,3,1,4,0,0,6,s,0,15,1,s,38,0,d,29,12,3,s,s,1,2,d
1484,d,0,12,2,d,d,0,2,3,1,4,0,0,6,s,0,15,1,s,38,d,0,29,12,3,s,s,1,2,1
I638,0,0,12,2,1,4,0,2,3,1,4,0,0,6,s,0,15,1,s,38,0,0,29,12,3,s,s,1,2,1
I639,0,2,12,2,1,4,0,2,3,1,4,0,0,6,s,0,15,1,s,38,0,0,29,12,3,s,s,1,2,1
1469,0,d,12,2,1,4,0,2,3,1,4,d,11,6,s,0,15,1,s,38,0,d,29,12,3,s,s,1,2,1
1468,0,2,12,d,d,4,d,d,3,1,4,0,0,6,s,0,15,1,s,38,0,d,29,12,3,s,s,d,2,1
1350,0,6,12,2,1,4,0,d,d,1,4,0,0,d,s,0,d,1,s,38,1,0,29,12,3,s,s,1,d,1
I641,0,0,2,0,0,4,0,2,0,0,4,0,0,0,s,0,0,1,4,0,0,3,0,0,0,17,0,1,2,1
I642,0,0,2,0,0,4,2,2,0,0,4,8,0,0,s,1,13,1,4,0,0,3,0,0,0,17,0,1,2,1
I643,0,0,2,0,0,4,2,2,0,0,4,8,0,0,s,1,13,1,4,0,0,3,0,0,0,17,0,1,2,1
I644,0,0,2,0,0,4,2,2,0,0,4,8,0,0,s,1,13,1,4,0,0,3,0,0,0,17,28,1,2,1
I645,0,0,2,0,0,4,2,2,0,0,4,8,0,0,s,1,13,1,4,0,0,3,0,0,0,17,28,1,2,1
1861,0,6,d,0,0,4,2,d,0,0,4,8,0,0,s,1,13,1,4,0,0,3,0,0,0,17,28,d,2,d
1819,0,0,2,2,0,4,2,2,0,1,4,d,0,0,s,d,d,1,4,0,s,3,3,0,d,17,28,1,2,1
I652,0,0,2,0,0,4,2,2,0,0,4,8,0,0,s,1,13,1,4,0,0,3,0,4,0,17,28,1,2,1
I653,33,0,2,0,0,4,2,2,0,0,4,8,0,0,s,1,13,1,4,0,0,3,0,4,0,17,28,1,2,1
1288,33,0,2,0,2,4,2,2,0,d,4,8,0,d,s,1,13,d,4,0,0,3,0,4,0,d,28,1,2,1
1519,33,0,2,0,0,4,2,2,0,1,d,d,0,6,s,1,13,1,4,0,0,3,0,4,10,d,28,1,2,1
I656,0,0,2,0,0,4,2,2,0,0,4,8,0,0,s,1,13,1,4,0,0,3,0,4,0,17,28,1,2,1
I657,0,0,2,0,0,4,2,2,0,0,4,8,0,0,s,1,13,1,4,0,0,3,s,4,1,17,28,1,2,1
1637,0,d,d,d,0,4,2,2,0,d,4,8,0,d,s,1,13,d,4,0,0,3,s,4,1,17,28,1,2,1
1636,0,0,2,0,d,4,d,2,0,0,4,8,0,0,s,1,13,1,4,0,d,3,s,4,1,17,28,1,2,1
I658,0,0,2,0,0,4,2,2,0,0,4,8,0,0,s,1,13,1,4,0,1,3,26,4,0,17,28,1,2,1
1701,d,0,2,d,0,d,d,2,3,0,4,8,d,0,s,1,13,1,4,0,1,3,26,4,0,17,28,1,2,1
1700,0,0,2,0,0,d,2,2,0,0,4,8,0,0,s,1,13,1,4,0,1,d,26,4,0,17,28,1,2,1
I659,0,0,2,0,0,4,2,2,0,0,4,8,0,0,s,1,13,1,4,3,0,3,0,0,0,17,0,1,2,1
I660,0,0,2,0,1,4,2,2,0,0,4,8,0,0,s,1,13,1,4,3,0,3,0,0,0,17,0,1,2,1
1228,0,0,2,0,1,4,2,2,0,0,4,8,29,11,s,1,d,1,4,3,0,3,0,0,0,17,0,1,2,1
I664,0,0,2,0,1,4,2,2,0,0,s,8,0,0,s,1,13,1,4,3,0,3,0,0,0,17,0,1,2,1
I665,0,0,2,0,1,4,2,2,0,0,s,8,0,0,s,1,13,1,4,3,0,3,0,0,0,17,0,1,2,1
1471,d,0,2,0,1,4,2,d,0,0,s,8,0,0,s,1,13,1,4,3,0,3,0,0,0,d,0,1,2,1
1470,0,d,2,0,1,4,2,2,5,0,s,d,0,0,s,1,d,1,4,3,0,3,0,0,0,17,0,1,2,1
1402,0,6,2,0,1,4,2,d,0,d,s,8,0,0,s,1,13,1,4,d,0,3,d,0,d,17,0,1,2,1
I667,0,0,2,0,0,4,2,2,4,0,4,8,0,0,s,1,13,1,4,3,1,3,0,0,0,17,0,1,2,1
1620,0,0,2,0,0,4,2,d,4,0,4,8,0,0,s,1,13,1,4,s,1,d,0,0,29,d,0,1,2,1
I671,0,0,2,0,0,4,2,2,4,0,4,8,0,0,s,1,13,1,4,3,1,3,0,0,10,17,0,1,2,1
1631,d,0,2,0,0,4,2,2,4,0,4,d,d,0,s,1,13,1,4,3,1,3,0,0,10,17,0,1,2,1
I673,0,22,2,0,0,4,2,2,4,0,4,8,0,0,s,1,13,1,4,3,1,3,0,0,10,17,0,s,2,1
1779,0,22,2,0,0,4,2,2,4,0,4,8,0,0,s,1,13,1,d,3,1,3,0,0,10,17,6,s,2,1
1778,d,22,2,0,0,4,2,2,4,0,d,8,0,d,s,1,13,1,4,3,d,3,0,0,10,17,0,s,d,1
I674,0,0,2,0,0,4,2,2,0,0,4,8,0,0,s,1,13,1,4,0,0,3,0,0,0,17,0,1,2,1
I675,0,0,2,0,0,4,2,2,0,0,4,8,28,0,s,1,13,1,4,0,1,3,0,0,0,17,0,1,2,1
I676,0,0,2,0,1,4,2,2,0,0,4,8,28,0,s,1,13,1,4,0,1,3,0,0,0,17,0,1,2,1
I677,0,0,2,0,1,4,2,2,0,0,4,8,28,0,s,1,13,1,4,0,1,3,12,0,0,17,0,1,2,1
I678,0,0,2,0,1,4,2,2,0,0,4,8,28,0,s,s,13,1,4,1,1,3,12,0,0,17,0,1,2,1
1541,0,0,2,0,1,4,2,2,d,0,4,d,28,0,s,s,13,1,d,1,1,3,d,0,0,17,0,1,2,1
1540,0,0,d,0,1,4,2,2,4,d,4,8,28,0,s,s,13,1,4,1,1,3,12,0,0,17,0,1,2,1
1465,d,0,2,2,1,4,2,s,0,d,4,8,28,0,s,d,d,d,4,0,1,3,d,0,8,17,0,1,2,1
I680,0,0,2,0,1,4,2,2,0,0,4,8,28,8,s,1,13,1,4,0,1,3,0,0,0,17,0,1,2,1
1296,0,0,2,0,d,4,2,d,0,0,4,s,28,d,s,1,13,1,4,d,1,3,d,0,0,17,d,1,2,s
1135,0,48,d,0,1,4,2,2,0,1,4,8,28,8,s,s,13,1,4,0,1,3,0,0,d,17,d,1,2,1
I683,0,0,2,0,0,4,2,2,0,0,4,8,28,0,s,1,13,s,4,0,1,3,0,0,22,17,0,1,2,1
1794,0,0,2,0,0,4,2,2,0,1,4,8,28,3,s,1,13,s,4,0,d,3,0,0,22,17,0,1,2,1
I687,0,0,2,0,0,4,2,2,0,0,4,8,28,0,s,1,13,s,4,0,1,3,0,0,22,17,0,1,2,1
I688,0,0,2,0,0,4,2,2,0,0,4,8,28,0,s,1,13,s,4,0,1,3,0,0,22,17,0,1,2,s
1531,d,0,2,0,0,d,d,2,0,0,d,8,28,0,s,1,13,s,4,0,d,d,0,2,22,17,0,1,2,s
1530,0,47,2,0,0,4,2,2,0,0,s,8,28,0,s,1,13,s,d,d,1,d,0,0,22,17,0,1,2,s
1526,0,0,2,0,0,4,2,2,0,0,4,d,28,0,s,1,13,s,4,0,1,3,5,0,22,17,0,d,s,1
I690,0,0,2,s,0,4,2,2,0,0,4,8,0,14,s,1,13,1,4,0,0,3,0,0,8,17,0,1,2,1
I691,0,0,2,s,0,4,2,2,0,0,4,8,0,14,s,1,13,1,4,0,0,3,0,0,8,17,0,1,2,1
1149,0,0,2,s,0,4,2,2,1,d,4,d,13,14,s,s,13,1,4,0,1,3,0,d,8,s,24,1,2,1
I695,0,0,2,s,0,4,2,2,0,1,4,8,0,14,s,1,13,1,4,0,0,3,0,0,s,17,0,1,2,1
1463,d,19,2,s,0,4,2,2,d,1,4,8,30,14,s,d,13,1,4,0,0,3,d,0,s,17,0,1,d,1
1511,d,0,2,s,0,4,2,2,0,1,4,8,0,14,s,1,13,1,4,0,0,3,9,0,s,17,10,1,d,1
I698,0,0,2,s,0,4,2,2,0,0,4,8,0,14,s,1,13,1,4,0,0,3,0,0,8,17,0,1,2,s
I699,0,27,2,s,0,4,2,2,0,0,4,8,s,14,s,1,13,s,4,20,0,3,0,0,8,17,0,1,2,s
1357,0,27,2,s,0,4,d,2,0,0,4,8,s,14,s,1,13,s,4,20,s,3,10,12,8,17,d,1,2,s
1275,0,27,2,s,0,4,2,d,0,0,4,8,s,14,s,1,13,s,4,20,0,3,d,s,8,17,0,1,2,s
I702,0,0,2,s,0,4,2,2,0,0,4,8,0,14,s,1,13,1,4,22,0,3,0,0,8,17,0,1,2,s
I703,0,4,2,s,0,4,2,2,4,0,4,8,0,14,s,1,13,1,4,22,0,3,0,0,8,17,0,1,2,s
1307,0,4,2,s,0,4,2,2,4,0,4,8,0,14,s,1,d,1,d,22,0,3,0,0,8,17,0,1,2,s
1306,0,4,d,s,0,d,2,d,4,0,4,8,0,14,s,1,13,1,d,22,0,3,d,0,8,d,0,1,2,s
1271,26,d,d,s,4,4,2,2,0,1,4,8,0,14,s,1,d,1,4,22,0,d,d,0,8,17,0,1,2,s
I705,0,0,2,0,0,4,0,2,0,0,4,0,0,0,s,0,0,1,4,0,0,3,0,0,0,17,13,1,2,1
I706,0,0,2,0,0,4,0,s,0,0,4,0,0,0,s,0,0,1,4,0,0,3,0,0,0,17,13,1,2,1
I707,0,0,2,0,0,4,0,s,0,0,4,0,0,0,s,0,0,1,4,0,0,3,0,0,0,17,13,1,2,1
I708,0,0,2,0,0,4,0,s,0,0,4,0,0,0,s,0,0,1,4,0,0,3,16,0,0,17,13,1,2,1
I709,0,0,2,0,1,4,0,s,0,0,4,0,0,0,s,0,10,1,4,0,0,3,16,0,0,17,13,1,2,1
I710,0,27,2,0,1,4,0,s,0,0,4,0,0,0,s,0,10,1,4,0,0,3,16,0,0,17,13,1,2,1
1233,0,27,2,0,1,4,0,s,d,1,4,0,0,d,s,5,10,1,4,0,0,3,16,0,0,s,13,1,2,1
1232,0,d,2,0,1,4,0,s,d,0,4,s,0,0,s,0,10,1,4,0,0,3,16,0,d,17,d,1,2,1
1555,0,0,2,0,1,d,0,s,0,0,4,0,0,0,s,0,d,1,4,1,0,3,16,0,15,17,13,1,2,1
I712,0,s,2,0,0,4,0,s,0,2,4,s,0,0,s,8,0,1,4,0,0,3,16,0,0,s,13,1,2,1
1387,0,s,d,0,0,4,0,s,d,2,4,s,0,0,s,8,0,d,4,0,d,d,16,d,0,s,13,1,2,1
1673,0,s,2,2,0,4,d,s,0,2,4,s,0,0,s,8,0,1,d,0,0,3,16,12,0,s,13,1,2,1
I715,0,0,2,0,0,4,0,s,0,0,4,0,12,0,s,0,0,1,4,0,0,3,0,0,0,17,13,1,2,1
I717,0,0,2,0,0,4,0,s,0,0,4,0,12,0,s,0,0,1,4,0,0,3,0,s,0,17,13,1,2,1
1723,0,0,2,0,0,4,0,s,0,0,4,0,12,d,s,0,0,1,4,0,0,3,d,s,0,17,d,1,2,1
1722,0,0,2,0,0,d,0,s,0,0,4,0,12,0,s,d,0,1,4,1,0,3,0,s,d,17,13,1,d,d
I719,0,0,2,0,0,4,0,s,0,0,4,8,12,11,s,0,0,1,4,0,0,3,0,0,0,17,13,1,2,1
1857,0,0,2,0,0,4,21,s,0,0,4,8,12,11,s,0,0,1,4,0,0,3,0,0,0,17,13,1,2,1
I721,0,0,2,0,0,4,0,s,4,0,4,8,12,11,s,0,0,1,4,0,0,3,0,0,0,17,13,1,2,1
1831,0,0,2,0,0,d,0,s,4,0,4,8,12,11,s,0,0,1,4,0,0,3,0,0,0,17,13,1,2,1
1830,0,0,2,0,0,4,0,s,4,d,4,8,12,d,s,0,0,1,d,0,0,3,0,0,0,17,13,1,2,1
I722,0,0,2,0,0,4,0,s,0,0,4,0,0,0,s,0,13,1,4,0,s,3,0,0,3,17,13,1,2,1
I723,0,0,2,0,0,4,0,s,0,0,4,0,0,0,s,0,13,1,4,0,s,3,16,0,3,17,13,1,2,1
I724,0,0,2,0,0,4,0,s,0,0,4,0,0,0,s,0,13,1,4,0,s,3,16,0,3,17,13,1,2,1
1577,0,0,d,d,0,4,0,s,0,0,4,0,0,0,s,5,13,1,4,0,s,3,16,0,3,17,13,1,2,1
1646,0,0,2,0,0,4,0,s,0,0,4,d,38,23,s,0,13,1,4,0,s,3,16,0,3,d,d,1,2,1
I729,0,0,2,s,1,4,0,s,4,0,4,0,20,23,s,0,s,1,4,9,s,3,16,2,3,17,13,1,2,1
2035,0,d,2,s,d,4,0,s,d,0,4,0,d,23,s,0,s,1,4,9,s,3,16,2,3,17,13,1,2,1
2034,0,0,d,s,1,4,0,s,4,0,4,0,d,23,s,d,s,1,4,9,s,3,16,2,d,17,13,1,2,1
I730,s,0,2,0,0,4,5,s,0,0,4,0,17,0,s,0,13,1,4,0,s,3,16,0,3,17,13,1,2,1
I731,s,0,2,0,0,4,5,s,0,0,4,0,17,0,s,6,13,1,4,0,s,3,16,0,3,17,13,1,2,1
1872,s,0,2,0,s,4,5,s,0,d,4,0,17,0,s,6,13,1,d,0,s,3,16,d,3,17,13,1,2,1
2023,s,0,d,0,0,4,5,s,0,0,4,8,17,0,s,6,13,1,4,d,s,3,16,0,3,17,13,1,2,1
I734,s,0,2,0,0,4,5,s,0,0,4,0,17,0,s,0,13,1,4,0,s,3,16,0,3,17,13,1,2,1
I735,s,0,2,0,0,4,5,s,6,0,4,0,17,0,s,19,13,1,4,0,s,3,16,0,3,17,13,1,2,1
1989,s,0,2,0,d,4,5,s,6,d,d,0,d,0,s,19,13,1,4,0,s,3,16,0,3,d,13,d,2,1
1988,s,d,2,d,0,4,5,s,6,0,4,0,17,0,s,19,13,1,4,0,s,3,16,0,3,d,13,1,2,1
I736,s,0,2,0,0,4,5,s,0,1,4,0,17,0,s,0,13,1,4,40,s,3,16,0,3,17,s,1,2,1
2019,s,0,2,0,0,4,5,s,0,1,4,0,17,0,s,0,13,1,4,d,s,3,16,0,3,17,s,d,d,1
2018,s,0,2,0,0,4,5,s,0,1,4,0,17,d,s,0,13,d,4,40,s,3,d,0,d,17,s,1,2,1
I737,0,s,2,0,0,4,0,2,0,0,4,8,0,0,s,0,0,1,4,9,0,3,0,0,0,17,13,1,2,1
I738,0,s,2,0,0,4,0,2,0,2,4,8,0,0,s,0,29,1,4,9,0,3,3,0,0,17,13,1,2,1
1588,4,s,2,2,0,4,7,2,0,2,4,8,0,0,s,0,29,s,4,9,0,3,3,0,0,17,s,1,2,1
I746,0,s,2,0,0,4,0,2,0,2,4,8,s,0,s,0,29,1,4,9,0,3,3,0,0,17,13,1,2,1
I747,0,s,2,0,0,4,0,2,3,2,4,8,s,0,s,0,29,1,4,9,0,3,3,0,0,17,13,1,2,1
1497,d,s,2,0,0,4,0,2,3,d,4,8,s,0,s,0,29,d,4,9,0,3,3,0,0,17,13,1,d,1
1320,d,s,2,0,0,4,0,2,3,2,4,8,s,0,s,0,29,1,4,9,0,3,3,0,0,17,13,1,2,1
1104,0,s,2,0,0,4,0,2,2,2,s,8,s,d,s,d,29,1,d,9,s,3,3,18,0,17,d,1,2,d
I753,0,s,s,0,0,4,0,2,4,1,4,8,0,0,s,2,0,1,4,9,0,3,0,22,0,17,13,1,2,1
I758,0,s,s,0,0,4,0,2,4,1,4,8,12,0,s,2,0,1,4,9,1,3,0,22,0,17,13,s,2,1
1204,0,s,s,0,0,4,0,2,d,1,4,8,12,0,s,d,s,s,4,9,1,3,10,d,17,17,13,s,2,1
I760,0,s,s,2,0,4,0,2,4,1,4,8,12,0,s,2,s,1,4,9,1,3,0,22,0,17,13,s,2,1
1235,0,s,s,2,0,4,0,2,4,1,4,8,12,0,s,2,s,1,4,9,1,3,d,22,0,17,d,s,2,1
1234,0,s,s,d,0,4,d,2,4,1,4,8,12,0,s,2,s,1,4,9,1,3,0,22,0,17,13,s,2,1
I761,0,s,s,0,0,4,0,2,4,1,4,8,0,0,s,2,29,1,4,9,0,3,29,22,0,17,13,1,2,1
I762,0,s,s,0,0,4,s,s,4,1,4,8,0,0,s,2,29,1,4,9,0,3,29,22,0,17,13,1,2,1
I763,0,s,s,0,0,4,s,s,4,1,4,8,0,0,s,2,29,1,4,9,1,3,29,22,0,17,13,1,2,1
1139,0,s,s,0,d,4,s,s,4,d,4,8,d,21,s,2,29,1,4,9,1,3,29,s,0,17,13,1,2,1
1138,0,s,s,0,0,4,s,s,4,1,d,8,0,0,s,2,29,d,4,9,1,3,29,22,0,17,13,1,2,1
1063,5,s,s,0,d,4,s,s,4,1,4,8,0,0,s,2,29,1,4,9,0,d,29,d,0,17,13,1,2,1
I765,0,s,s,0,0,4,0,2,4,1,4,8,0,0,s,2,29,1,4,9,0,3,29,22,0,17,13,1,2,1
1130,0,s,s,0,0,4,5,2,4,1,4,8,0,0,s,2,29,1,4,9,1,3,d,22,31,17,13,1,d,d
1280,d,s,s,0,0,4,0,2,4,s,4,8,0,0,s,2,29,1,4,9,s,3,d,22,0,d,13,1,2,1
I768,0,0,7,0,0,0,0,0,0,0,4,0,0,0,0,6,0,0,4,0,0,0,0,0,0,17,0,0,2,0
I769,0,0,7,0,0,0,0,0,0,0,4,0,0,0,0,6,0,0,4,0,1,0,0,0,0,17,0,0,2,0
I770,0,0,7,s,0,0,0,0,0,0,4,0,3,0,0,6,0,0,4,0,1,0,0,0,0,17,0,0,2,0
I771,0,0,7,s,0,0,0,1,0,0,4,8,3,0,0,6,0,0,4,0,1,0,0,0,0,17,33,0,2,0
I772,0,0,7,s,0,0,0,1,0,0,4,8,3,0,0,6,0,0,4,0,1,16,0,0,0,17,33,0,2,0
I774,32,0,7,s,1,0,25,1,4,1,4,8,3,0,0,6,0,1,4,0,1,16,0,0,0,17,33,0,2,0
I775,32,0,7,s,1,0,25,1,4,1,4,8,3,0,0,6,0,1,4,0,1,16,0,0,0,17,s,0,2,0
1871,32,37,7,s,d,0,25,1,4,1,4,8,3,0,0,6,0,1,4,0,1,16,d,0,0,17,s,0,2,0
1870,32,0,7,s,1,0,25,1,4,1,4,8,3,0,0,6,0,1,4,0,1,16,0,0,0,17,s,0,2,d
1954,32,d,d,s,1,0,25,1,4,1,4,8,3,0,0,6,0,1,d,0,d,16,0,0,d,17,33,0,2,0
I780,0,0,7,s,0,0,0,1,0,0,4,8,3,0,0,6,0,0,4,0,1,16,0,0,0,17,33,0,2,0
1360,0,0,d,s,0,0,0,1,0,0,d,8,3,0,d,6,0,0,4,0,d,16,d,0,0,17,33,d,2,0
1697,0,0,7,s,0,s,0,s,2,0,4,8,d,d,12,6,0,0,4,d,1,16,4,d,0,17,33,0,2,1
I787,0,0,7,s,0,0,0,s,0,0,4,8,3,0,0,6,0,0,4,0,1,0,0,0,0,17,33,0,2,1
I788,0,0,7,s,0,1,0,s,0,0,4,8,3,0,0,6,0,1,4,0,1,0,0,0,0,17,33,0,2,1
I789,0,0,7,s,1,1,0,s,0,0,4,8,3,0,12,6,0,1,4,0,1,0,0,0,s,17,33,0,2,1
I790,0,0,7,s,1,1,0,s,0,0,4,8,3,0,12,6,0,1,4,9,1,0,0,0,s,17,33,0,2,1
1999,33,0,7,s,1,1,0,s,d,0,4,8,3,d,d,6,d,1,4,9,1,0,0,0,s,17,33,0,2,d
1998,0,0,7,s,1,1,0,s,0,0,4,8,3,0,12,6,0,1,4,9,1,0,0,0,s,17,33,0,2,1
998,0,0,d,s,1,1,0,s,0,0,4,8,3,0,12,6,8,1,4,0,1,0,0,21,s,17,33,0,2,1
I791,0,0,7,s,0,1,0,s,0,0,4,8,3,0,0,s,0,1,4,0,1,0,0,0,0,17,33,0,2,1
1721,0,d,7,s,0,1,0,s,d,d,4,8,3,21,0,s,s,1,4,0,1,0,0,0,d,17,33,0,2,1
1916,0,0,7,s,0,1,0,s,0,0,4,8,3,21,0,s,8,1,4,0,1,0,0,d,0,17,33,0,2,1
I798,0,0,7,s,2,0,0,s,0,0,4,8,s,0,0,6,0,1,4,0,1,9,0,24,0,17,33,0,2,1
1939,0,0,d,s,2,0,0,s,0,0,4,8,s,0,d,6,0,1,4,0,1,9,0,24,0,17,d,0,2,1
1938,d,0,7,s,2,0,0,s,0,0,4,8,s,0,0,d,0,1,d,0,1,9,d,24,0,17,33,0,2,1
I799,0,0,7,s,0,0,0,0,0,0,4,0,3,0,0,6,0,0,4,0,1,0,3,0,0,17,0,0,2,0
I800,0,0,7,s,0,0,0,0,0,0,4,0,3,0,0,6,0,0,4,0,1,0,3,0,0,s,0,0,2,0
I801,20,2,7,s,0,0,0,0,0,1,4,0,s,0,0,6,0,1,4,0,1,0,3,0,0,s,0,8,2,s
I802,20,2,7,s,1,0,0,0,2,1,4,0,s,s,0,6,0,1,4,12,1,0,3,0,0,s,0,8,2,s
I803,20,2,7,s,1,0,5,0,2,1,4,0,s,s,0,6,0,1,4,12,1,0,3,0,0,s,0,8,2,s
1845,20,2,7,s,1,0,5,0,2,1,4,0,s,s,0,d,0,1,4,12,1,0,3,0,0,s,0,8,2,s
1844,20,2,7,s,1,0,5,0,2,d,d,0,s,s,0,6,0,d,4,12,1,d,3,0,0,s,d,8,2,s
1775,20,s,7,s,d,0,0,0,2,d,4,0,s,s,s,6,0,1,4,12,1,0,3,d,0,s,0,8,2,s
I805,20,2,7,s,0,0,0,0,0,1,4,0,s,0,0,6,0,1,4,0,1,0,s,0,0,s,0,8,2,s
1963,20,2,7,s,d,0,d,0,0,1,d,0,s,13,0,6,0,d,s,0,1,0,s,0,d,s,0,d,2,s
1501,20,2,d,s,0,0,0,0,0,1,4,0,s,0,0,6,0,1,d,d,1,11,s,0,0,s,0,8,2,s
I808,0,0,7,s,0,0,0,0,0,0,4,0,3,0,0,6,0,0,4,0,1,0,s,0,0,s,0,0,2,0
I809,0,0,7,s,0,0,0,0,0,0,4,0,3,0,0,6,0,0,4,0,1,0,s,0,0,s,0,0,2,0
I810,s,0,7,s,0,0,0,0,0,0,4,0,3,0,0,6,0,0,4,0,1,0,s,0,0,s,0,0,2,0
1813,s,0,7,s,0,0,d,0,0,0,4,0,3,s,0,6,0,0,4,0,d,0,s,0,0,s,0,0,2,0
1812,s,0,7,s,0,0,0,0,0,0,4,d,3,d,0,6,0,0,4,0,1,d,s,0,0,s,0,0,2,0
1822,0,0,7,s,d,d,0,0,0,0,d,d,3,0,0,d,0,0,4,d,1,0,s,0,d,s,0,d,2,0
I812,0,0,7,s,1,0,0,0,2,0,4,0,3,0,0,6,0,0,4,0,1,0,s,0,0,s,0,0,2,0
1925,17,0,7,s,d,0,0,0,2,d,4,0,3,0,0,6,0,d,4,0,1,d,s,0,0,s,0,0,2,0
I814,0,0,7,s,1,0,2,0,2,0,4,0,3,0,0,6,0,0,4,0,1,0,s,0,0,s,0,0,2,0
1993,0,0,7,s,1,0,d,0,2,d,4,0,3,0,0,6,0,0,4,d,1,d,s,d,0,s,0,0,2,d
1992,0,0,7,s,1,0,2,0,2,0,4,0,d,0,d,6,0,0,4,s,1,d,s,d,0,s,0,d,d,0
I815,0,0,7,s,0,0,0,0,0,0,4,0,3,0,0,6,0,0,4,0,1,0,3,0,0,17,3,0,2,0
I816,0,0,7,s,0,25,0,0,0,0,4,0,3,0,0,6,0,0,4,0,1,0,3,0,0,17,3,0,2,0
I817,0,0,7,s,0,25,0,1,0,0,4,0,3,0,0,6,0,1,4,0,1,0,3,0,0,17,3,0,2,0
1918,d,0,7,s,d,25,d,1,0,0,4,0,3,d,0,6,0,1,d,0,1,0,3,0,0,17,3,0,2,d
I819,0,0,7,s,0,25,0,1,0,0,4,0,3,0,0,6,0,1,4,0,1,0,3,0,s,17,3,0,2,0
2027,0,0,7,s,0,d,0,1,d,0,4,0,3,0,d,6,d,d,4,0,d,d,3,0,s,17,3,0,2,0
2026,d,0,d,s,0,25,0,1,0,0,d,0,3,0,0,6,0,1,4,0,1,0,3,0,s,17,3,0,2,0
I820,0,0,7,s,0,25,0,0,0,0,4,0,3,0,0,6,0,0,4,0,1,0,3,0,0,17,3,0,2,0
1967,0,0,7,s,0,25,0,0,0,0,4,d,3,0,0,6,13,1,4,0,1,d,3,0,0,17,3,s,2,d
1851,0,d,7,s,0,25,0,0,0,0,4,0,d,s,0,6,0,0,4,0,1,4,3,0,17,17,3,2,2,0
I823,0,0,7,s,0,0,16,0,0,0,4,0,3,0,0,6,0,1,4,0,1,0,3,0,35,17,3,0,2,0
1534,27,0,7,s,0,d,16,0,1,0,4,d,3,0,0,6,0,1,4,0,1,s,3,0,d,17,3,1,2,0
1547,0,d,7,s,0,0,16,0,d,0,4,8,3,6,0,d,0,1,4,38,1,0,3,0,d,17,3,0,2,0
I830,0,0,7,0,0,0,0,0,0,0,4,0,0,0,0,6,0,0,4,0,1,0,2,0,0,17,0,8,2,1
I831,3,0,7,0,0,0,14,0,0,0,4,0,0,8,0,6,0,0,4,0,1,0,2,0,0,17,s,8,2,1
I832,3,2,7,0,0,0,s,0,0,0,4,0,0,8,0,6,0,0,4,0,1,0,2,0,0,17,s,8,2,1
I833,3,2,7,0,0,0,s,0,0,0,4,0,0,8,0,6,0,0,4,0,1,0,2,0,0,17,s,8,2,1
I834,s,2,7,2,0,0,s,0,0,0,4,0,0,8,0,6,0,0,4,0,1,3,2,0,0,17,s,8,2,1
I835,s,2,7,2,0,0,s,0,0,s,4,0,0,8,0,6,0,0,4,0,1,3,2,0,0,17,s,8,2,1
1515,s,2,d,2,0,0,s,0,d,s,4,0,0,8,0,6,d,0,4,0,1,3,2,18,39,17,s,d,2,1
1514,s,2,7,2,3,0,s,d,d,s,4,0,0,8,0,6,0,d,4,0,1,3,2,0,0,17,s,8,2,1
1686,s,2,7,d,0,0,s,0,0,0,d,0,0,8,0,6,0,0,4,0,1,3,2,12,0,17,s,8,2,1
I837,3,2,7,0,1,0,s,0,2,0,4,0,20,8,0,6,0,1,4,0,1,0,2,0,0,17,s,s,2,1
1730,3,d,7,0,1,0,s,0,2,0,d,0,20,8,0,6,0,1,4,17,1,0,2,0,0,d,s,s,2,1
1678,3,2,7,0,1,0,s,0,d,0,d,0,20,8,0,6,0,1,4,46,1,0,2,0,0,17,s,s,2,1
I840,3,2,s,0,0,0,s,2,4,0,4,0,0,8,0,6,0,0,4,0,1,s,2,0,0,17,s,8,2,1
I841,3,2,s,0,1,0,s,2,4,0,4,0,0,8,0,6,0,0,4,0,1,s,2,0,0,17,s,8,2,1
1676,3,s,s,0,1,25,s,2,4,0,4,0,d,8,0,6,0,0,d,0,1,s,2,0,0,17,s,8,2,1
1752,3,2,s,0,d,d,s,2,4,0,4,0,0,8,0,6,0,0,d,0,1,s,2,0,d,17,s,8,2,1
1615,d,2,s,0,d,0,s,2,4,d,4,0,13,8,d,6,0,0,4,0,1,s,2,s,0,17,s,8,2,1
I847,3,0,7,0,0,0,14,0,0,0,4,0,0,8,0,6,0,0,4,0,1,0,2,0,0,17,s,8,2,1
I848,3,0,7,0,0,0,14,0,0,0,4,0,0,8,0,6,0,0,4,0,1,0,2,0,0,17,s,8,2,1
I849,3,0,7,0,0,0,14,0,0,0,4,0,0,8,0,6,0,0,4,0,1,0,2,0,0,17,s,8,2,1
1635,3,d,7,0,0,s,d,0,d,0,d,8,0,8,0,6,0,0,4,0,1,0,d,0,d,17,s,8,2,1
1776,3,d,7,2,0,0,14,0,0,0,4,0,0,8,13,6,0,0,4,0,1,d,2,0,0,d,s,d,d,1
I852,3,0,7,0,0,0,14,0,3,0,4,0,0,8,0,6,0,0,4,0,1,0,2,0,20,17,s,8,2,1
1345,3,0,7,0,0,0,14,0,3,d,4,0,0,8,d,6,s,0,4,0,1,0,2,0,20,17,s,8,2,1
I854,3,0,7,s,0,s,14,0,3,1,4,0,0,8,0,6,0,0,4,0,1,0,2,0,20,17,s,8,2,1
1569,3,0,7,s,0,s,14,d,3,1,4,d,d,8,0,6,0,0,4,0,d,0,2,0,20,d,s,8,2,1
1568,3,d,7,s,0,s,14,0,3,1,4,d,0,8,0,6,0,0,d,0,1,0,2,0,d,17,s,d,2,d
I855,3,0,7,0,3,1,14,0,0,0,4,0,0,8,0,6,0,0,4,0,1,0,2,0,0,17,s,8,2,1
I856,3,0,7,0,3,1,14,0,0,2,4,0,0,8,0,6,0,0,4,0,1,0,2,0,0,17,s,8,2,1
1573,3,0,7,0,3,1,14,0,0,2,4,0,0,8,0,6,0,0,4,0,1,0,2,0,0,d,s,s,2,1
I858,3,0,7,0,3,1,14,0,0,2,4,0,0,8,26,6,0,0,4,0,1,0,2,0,0,17,s,8,2,1
1767,3,0,7,0,3,1,14,0,0,d,4,0,0,8,26,6,0,0,4,0,1,0,2,0,0,17,s,8,2,1
1766,3,42,7,0,3,1,14,0,0,2,4,0,0,8,26,6,0,0,4,0,1,0,2,d,d,17,s,8,2,1
I859,3,0,7,0,3,1,14,0,0,1,4,0,0,8,0,6,0,0,4,0,1,0,2,0,0,17,s,8,s,1
I860,3,0,7,0,3,1,14,0,0,1,4,0,1,8,0,6,0,0,4,3,1,11,2,0,0,17,s,8,s,1
1757,3,0,d,2,3,1,14,0,0,1,d,d,1,8,0,6,0,0,4,3,1,d,2,0,0,17,s,8,s,d
1756,d,0,7,0,3,1,d,0,d,d,4,d,1,8,0,6,0,0,d,3,1,11,2,0,0,17,s,8,s,1
I861,3,0,7,0,3,1,14,0,0,1,4,0,0,8,0,6,0,0,4,0,1,0,2,0,0,17,s,8,s,1
1571,3,0,7,0,d,1,14,0,0,1,4,0,0,8,0,6,d,0,d,0,1,0,2,0,0,d,s,8,s,1
1570,3,0,7,0,d,1,14,0,3,d,4,0,0,8,0,6,0,0,d,0,1,0,2,0,0,17,s,8,s,1
I862,0,0,7,0,0,0,0,0,0,0,4,0,0,0,0,6,0,0,4,0,1,5,2,0,0,17,12,8,2,1
I863,0,48,7,0,0,0,0,1,0,0,4,0,1,0,0,6,0,0,4,0,1,5,2,0,22,17,12,8,2,1
1265,0,48,7,0,0,0,15,s,0,s,4,8,1,d,0,6,27,1,4,0,1,5,2,0,22,17,12,8,2,d
I871,0,48,7,0,0,0,0,1,0,s,4,10,1,0,0,6,0,0,4,0,1,5,2,0,22,17,12,8,2,1
I872,0,48,7,0,0,0,0,1,0,s,4,10,1,28,0,6,0,0,4,0,1,5,2,0,22,17,12,8,2,1
1423,0,48,7,0,0,0,0,d,0,s,d,10,1,28,0,6,d,0,4,d,s,5,2,0,22,17,12,8,2,d
1553,0,48,7,d,0,0,0,1,0,s,s,10,1,28,0,6,40,0,4,0,1,5,2,0,d,17,12,8,2,d
1758,27,48,7,0,d,0,0,1,d,s,4,10,d,0,0,6,0,1,4,0,1,5,2,0,22,17,12,8,2,1
I878,0,0,7,0,0,0,0,0,0,0,4,0,0,0,0,6,0,0,4,0,1,5,2,0,0,17,12,8,2,1
I879,0,0,7,0,0,0,0,0,0,0,4,0,0,0,s,6,s,0,4,0,1,5,2,0,0,17,12,8,2,1
I880,0,0,7,0,0,0,0,0,0,1,4,0,31,0,s,6,s,0,4,11,1,5,2,0,8,17,s,8,2,1
1761,0,0,7,0,0,0,0,d,0,1,4,0,31,0,s,6,s,d,4,11,1,5,2,0,8,17,s,8,2,1
1738,0,0,7,0,0,0,0,0,d,1,4,0,31,0,s,6,s,1,4,11,1,5,2,0,8,17,s,d,2,1
I883,5,0,7,0,0,0,0,0,0,0,4,0,6,0,s,6,s,0,4,0,1,5,2,0,0,17,12,8,2,1
I884,5,0,7,s,0,0,0,0,s,0,4,s,6,0,s,6,s,0,4,0,1,5,2,0,0,17,12,8,2,1
1847,5,0,7,s,0,0,0,0,s,0,4,s,6,0,s,6,s,0,4,0,1,5,2,0,0,17,12,8,2,1
1846,d,0,7,s,0,0,0,0,s,0,4,s,d,0,s,6,s,0,4,0,1,5,2,d,0,d,12,8,2,1
1922,5,0,7,0,0,0,0,0,0,0,4,0,6,d,s,6,s,0,d,0,1,5,2,0,0,d,12,s,2,1
I886,0,0,7,0,0,0,0,0,0,0,4,8,0,0,0,6,0,0,4,0,1,5,2,0,0,s,12,8,2,1
I887,0,0,7,0,s,0,0,0,2,0,4,8,0,0,0,6,0,0,4,12,1,5,2,0,0,s,12,8,2,1
1596,0,0,7,0,s,d,0,0,2,0,4,8,31,0,0,6,0,0,4,12,1,5,d,0,d,s,12,8,2,d
1433,0,d,d,0,s,0,0,0,2,0,d,d,0,0,d,6,0,d,d,12,1,5,2,0,d,s,d,d,2,1
1826,0,0,7,d,0,0,0,1,0,0,4,8,6,d,0,6,10,0,4,0,1,5,2,0,d,s,12,8,2,1
I893,s,0,7,0,1,0,2,0,0,0,4,0,0,0,2,6,0,0,4,0,1,0,5,0,0,17,0,12,2,0
I894,s,0,7,0,1,0,2,0,0,0,4,0,0,19,2,6,0,0,4,20,1,0,5,0,0,17,0,12,2,1
I895,s,0,7,0,1,1,2,0,0,0,4,0,0,19,2,6,0,0,4,20,1,25,5,0,0,17,0,12,2,1
I896,s,0,7,0,1,1,2,0,0,0,4,0,0,19,2,6,10,0,4,20,1,25,5,0,0,17,0,12,2,1
I897,s,0,7,0,1,1,2,0,0,0,4,0,15,19,2,6,10,0,4,20,1,25,5,0,s,17,0,12,2,1
I898,s,0,7,0,1,1,2,0,0,0,4,8,15,19,2,6,10,0,4,20,1,25,5,0,s,17,0,12,2,1
1439,s,37,7,d,1,1,2,d,0,0,4,8,15,19,2,6,10,d,4,20,1,25,5,0,s,17,0,d,d,d
I900,s,0,7,2,1,1,2,0,0,0,4,8,15,19,2,6,10,0,4,20,1,25,5,0,s,17,0,12,2,1
1227,s,0,7,2,d,1,2,0,0,d,d,d,15,19,2,6,10,0,4,20,1,d,5,d,s,17,0,12,2,1
1226,s,0,7,2,1,d,2,d,0,0,4,8,15,19,2,6,10,0,4,20,1,25,5,0,s,17,0,12,d,1
I901,s,19,7,2,1,1,2,1,0,0,4,0,15,19,2,6,10,0,4,20,1,25,5,0,s,17,0,12,2,1
1243,s,19,7,2,1,1,2,1,0,0,4,0,15,19,2,6,10,0,d,20,1,25,5,0,s,17,0,12,2,1
I903,s,19,7,2,1,1,2,1,0,0,4,0,15,19,2,6,10,0,4,20,1,25,5,0,s,17,s,12,2,1
1329,s,d,7,d,1,d,2,d,0,0,d,0,15,19,d,6,10,0,4,20,1,25,5,0,s,17,s,12,d,1
1328,s,19,7,2,d,d,2,1,0,0,4,0,15,19,2,d,10,0,4,20,1,25,5,d,s,17,s,12,2,1
I908,s,4,7,2,1,1,2,0,0,1,4,0,0,19,2,6,10,0,4,20,1,25,5,0,0,17,0,12,2,1
I909,s,4,7,2,1,1,2,0,5,1,4,0,0,19,2,6,10,0,4,20,1,25,5,43,0,17,0,12,2,1
1781,s,4,7,2,1,1,d,0,5,1,4,d,0,19,2,6,10,0,4,20,1,25,5,43,0,17,0,d,2,1
1780,s,4,7,2,1,1,2,0,5,1,4,0,d,19,2,d,10,0,4,20,1,25,5,43,0,17,0,d,2,1
I910,s,4,7,2,1,1,2,0,0,1,4,0,0,19,2,6,10,0,4,20,1,25,5,0,0,17,0,12,2,1
1737,s,4,7,d,1,1,2,0,0,1,4,0,0,19,2,6,10,0,4,20,1,25,5,0,0,17,0,12,d,1
1736,s,d,7,2,d,1,2,0,0,1,4,0,0,19,2,d,10,0,4,20,1,25,5,0,0,17,0,12,2,1
I911,s,27,7,0,1,1,2,0,0,0,4,0,0,19,2,6,0,0,4,20,1,25,5,0,0,17,0,12,2,1
I912,s,27,7,0,1,1,2,0,0,0,4,0,6,19,2,6,31,0,4,20,1,25,5,0,0,17,0,12,2,1
1494,s,27,7,2,1,s,2,2,0,0,4,d,s,19,2,6,31,0,4,20,1,25,5,11,0,17,s,12,2,1
1657,s,27,7,d,1,s,2,0,0,1,4,s,6,19,2,6,31,0,d,20,1,d,5,d,0,17,0,12,2,1
I920,s,27,7,2,1,1,2,0,0,1,4,0,0,19,2,6,0,0,4,20,1,s,5,0,0,s,0,12,2,1
1277,s,27,7,2,1,d,2,0,0,1,4,0,0,19,2,6,33,0,4,20,1,s,5,7,s,s,6,12,2,1
I922,s,27,7,2,1,1,2,0,0,1,4,0,0,19,2,6,0,0,4,20,1,s,5,0,0,s,0,12,2,1
1683,s,27,7,2,1,1,2,0,0,d,4,0,0,19,d,d,d,d,4,20,1,s,5,12,0,s,0,12,2,1
1682,s,27,7,2,1,1,2,0,0,1,d,0,0,19,2,6,0,0,4,20,d,s,5,0,0,s,0,12,2,d
I926,s,0,7,0,1,6,2,0,0,0,4,0,0,19,2,6,0,0,4,20,1,0,5,0,0,17,0,12,2,1
I927,s,0,7,0,1,6,2,0,0,0,4,0,0,19,2,6,0,0,4,20,1,0,5,0,0,17,0,12,2,1
I928,s,0,7,0,1,6,2,0,0,0,4,0,0,19,2,6,33,0,4,20,1,0,5,0,0,17,0,12,2,1
I929,s,0,7,0,1,6,2,0,0,0,4,0,0,19,2,6,33,0,4,20,1,0,5,0,0,17,0,12,2,1
1842,s,0,7,d,1,6,2,0,0,0,4,0,2,d,2,6,s,d,4,20,1,0,5,0,d,17,0,d,2,d
1927,s,8,7,0,d,6,2,0,0,0,4,0,0,19,2,6,d,0,4,20,1,0,5,d,0,17,0,12,2,1
I932,s,0,7,0,1,6,2,0,0,0,4,0,0,19,2,6,33,0,4,20,1,0,5,0,0,17,0,12,2,1
I933,s,0,7,0,1,6,2,0,0,0,4,0,0,19,2,6,33,0,4,20,1,0,5,0,0,17,0,12,2,1
1849,s,0,7,0,d,6,2,0,0,0,d,0,0,19,2,6,33,0,4,20,1,0,5,0,d,17,0,12,2,1
1848,s,0,7,0,1,6,2,0,0,d,4,0,0,19,2,6,33,0,4,20,1,0,5,0,0,17,0,12,2,1
I934,s,0,7,0,1,6,2,0,0,0,4,0,0,19,2,6,33,0,4,20,1,0,5,0,0,17,0,12,2,1
1877,s,0,d,0,1,6,2,0,0,0,4,0,d,19,2,6,33,0,4,d,1,0,5,0,0,17,0,12,2,1
1876,s,0,d,0,1,6,2,0,0,0,4,0,0,19,2,6,d,0,4,20,1,0,5,0,0,17,0,12,2,1
I935,s,0,7,0,1,s,2,0,0,0,4,0,0,19,2,6,0,0,4,20,1,4,5,0,0,17,0,12,2,1
I936,s,0,7,0,1,s,2,0,0,0,4,0,0,19,2,6,0,0,4,20,1,4,5,0,0,17,0,12,2,1
1960,s,0,7,0,1,s,2,d,0,d,4,0,0,19,2,6,0,0,4,20,s,4,5,0,0,17,0,12,2,d
1991,s,0,7,d,1,s,2,0,0,0,4,0,0,19,2,6,0,0,4,20,d,4,d,0,d,17,0,d,2,1
I939,s,0,7,0,1,s,2,0,4,0,4,0,0,19,2,6,0,0,4,20,1,4,5,0,0,17,7,12,2,1
1956,s,0,7,0,1,s,2,d,d,0,4,d,1,19,2,6,0,d,4,20,1,4,s,0,d,17,7,12,2,d
1934,s,0,d,0,1,s,2,0,4,0,4,0,0,19,2,6,0,0,4,d,1,4,5,0,d,17,7,12,2,d
I942,s,0,7,0,1,6,2,0,0,0,4,0,0,19,2,6,0,0,4,20,1,11,5,0,0,17,0,12,2,1
I943,s,0,7,0,1,6,2,1,0,0,4,0,12,19,2,6,0,0,4,20,1,11,5,0,0,17,0,12,2,1
I944,s,0,7,0,1,6,2,1,0,0,4,0,12,19,2,6,0,0,4,20,1,11,5,0,0,17,0,12,2,1
I945,s,0,7,0,1,6,2,1,0,0,4,0,12,19,2,6,0,0,4,20,1,11,5,0,0,17,0,12,2,1
1717,s,0,7,0,1,6,d,1,0,0,4,0,12,19,d,6,0,0,4,20,1,11,5,0,0,17,0,12,d,d
1716,s,0,7,0,1,6,2,1,0,0,4,0,12,19,2,6,0,0,d,20,1,11,5,0,0,17,0,12,2,1
1913,s,2,7,0,1,6,2,1,0,0,4,0,12,19,2,d,0,1,4,20,1,11,5,s,0,17,0,12,2,1
1617,s,0,7,0,1,6,2,1,d,0,4,1,12,19,2,6,s,0,4,20,1,11,5,0,d,d,0,12,2,1
I953,s,0,7,0,1,6,2,0,2,0,4,8,0,19,2,6,0,0,4,20,1,11,5,0,0,17,0,12,2,1
1929,s,0,7,0,d,d,2,0,2,0,4,8,0,19,2,6,d,0,4,20,1,11,5,0,0,17,0,12,2,1
1928,s,0,7,0,1,6,d,0,2,d,d,8,0,19,2,d,0,0,4,20,1,11,5,d,0,17,0,12,d,1
I957,s,0,7,0,1,0,2,0,0,0,4,0,0,0,2,6,0,0,4,0,1,0,5,0,0,s,0,12,2,0
I958,s,0,7,0,1,0,2,2,s,0,4,0,0,0,2,6,0,0,4,0,1,0,5,2,0,s,0,12,2,s
I959,s,0,7,0,1,0,2,2,s,0,4,8,0,0,2,6,0,0,4,18,1,0,5,2,0,s,26,12,2,s
I960,s,0,7,2,1,0,2,2,s,0,4,8,0,0,2,6,0,0,4,18,1,0,5,2,17,s,26,12,2,s
1213,s,0,d,2,1,0,2,s,s,0,d,8,0,0,2,6,1,1,4,18,1,0,5,2,17,s,d,d,2,s
I964,s,0,7,2,1,0,2,2,s,0,4,8,0,21,2,6,0,0,4,18,1,0,5,2,17,s,26,12,2,s
1075,s,0,7,2,1,0,2,2,s,1,4,8,11,21,2,6,s,0,4,18,d,2,5,2,d,s,d,12,2,s
I966,s,0,7,2,1,0,2,2,s,0,4,8,0,21,2,6,0,0,4,18,s,0,5,2,17,s,26,12,2,s
1061,s,0,7,2,s,0,2,2,s,0,4,8,d,21,2,6,0,0,4,18,s,d,5,2,17,s,26,12,2,s
1060,s,6,7,2,d,d,2,d,s,0,4,8,0,21,2,6,0,0,4,18,s,0,d,2,17,s,26,12,2,s
I967,s,0,7,0,1,0,2,2,s,0,4,8,14,0,2,6,0,0,4,18,1,0,5,2,0,s,26,12,2,s
I968,s,0,7,0,1,0,2,2,s,1,4,8,14,0,2,6,0,0,4,18,1,0,5,2,7,s,26,12,2,s
1473,s,0,7,0,1,0,2,2,s,1,4,8,d,0,2,6,0,0,4,18,d,0,5,2,7,s,26,d,2,s
1581,s,0,7,d,1,33,d,2,s,1,d,d,14,0,2,6,d,0,4,18,1,0,5,2,7,s,26,12,d,s
I971,s,0,7,0,1,0,2,2,s,0,4,8,14,0,2,6,0,0,4,18,1,0,5,2,0,s,26,12,2,s
1314,s,0,7,0,1,28,2,2,s,0,4,8,d,0,2,6,0,s,4,s,1,0,d,d,d,s,26,12,2,s
1447,s,0,7,0,1,d,2,2,s,0,4,8,14,0,2,6,1,s,d,18,d,d,5,2,0,s,26,12,2,s
I974,s,0,7,0,1,0,2,2,s,0,4,0,0,0,2,6,0,0,4,0,1,0,5,2,0,s,0,12,2,s
I975,s,0,7,0,1,0,2,2,s,0,4,0,0,0,2,6,0,0,4,0,1,0,5,2,0,s,0,12,2,s
I978,s,25,7,1,1,0,2,2,s,0,4,0,43,21,2,6,0,0,4,19,1,0,5,2,0,s,0,12,2,s
1613,s,25,7,d,1,0,2,2,s,0,4,d,43,d,2,d,0,0,4,19,1,0,5,d,0,s,22,12,2,s
1612,s,d,d,1,1,0,2,2,s,0,4,0,43,21,2,6,0,0,4,19,1,0,5,2,0,s,d,12,2,s
1702,s,0,7,0,1,0,2,2,s,1,4,0,0,0,d,6,0,d,4,0,d,0,5,2,35,s,d,12,2,s
I982,s,0,7,2,1,0,2,2,s,0,4,0,0,0,2,6,0,0,4,0,1,0,5,2,0,s,0,12,2,s
1632,s,0,7,2,1,d,2,d,s,0,4,0,0,0,d,d,0,0,4,d,1,d,5,2,0,s,0,12,2,s
I986,s,0,7,2,1,0,2,2,s,0,4,0,11,0,2,6,0,0,4,0,1,0,5,2,0,s,0,12,2,s
1259,s,0,7,2,1,0,2,2,s,0,d,0,d,0,2,6,0,0,d,0,1,0,d,2,0,s,d,12,2,s
1590,s,0,7,2,1,1,2,s,s,0,d,0,11,0,2,6,0,0,4,0,1,0,d,d,d,s,0,12,2,s
I989,s,0,7,0,1,0,2,0,0,0,4,0,0,0,2,6,0,0,4,0,1,0,5,0,0,s,0,12,2,0
I990,s,0,7,0,1,0,2,0,0,0,4,0,0,0,2,6,0,0,4,0,1,0,5,1,0,s,0,12,2,s
I991,s,0,7,0,1,4,2,0,0,0,4,0,0,0,2,6,0,0,4,0,1,2,5,1,0,s,0,12,2,s
1312,s,d,d,0,d,4,d,0,s,0,4,0,0,0,d,s,25,0,d,d,s,2,5,1,0,s,0,12,2,s
1509,s,0,7,0,d,4,2,0,0,0,4,12,1,0,2,6,33,1,4,26,1,s,5,1,0,s,0,12,2,s
I998,s,0,7,0,1,2,2,0,0,0,4,0,0,0,2,6,0,0,4,0,1,0,5,1,0,s,0,12,2,s
I999,s,6,7,0,1,2,2,0,2,0,4,0,0,0,2,6,0,1,s,0,1,0,5,1,0,s,0,12,2,s
I1000,s,6,7,0,1,2,2,0,2,0,4,0,0,0,2,6,0,1,s,0,1,0,5,1,0,s,0,12,2,s
I1001,s,6,7,0,1,2,2,0,2,0,4,0,0,0,2,6,0,1,s,0,1,2,5,1,0,s,0,12,2,s
2015,s,6,7,0,1,2,2,0,2,0,4,0,d,0,2,d,d,1,s,0,1,2,5,d,0,s,0,12,2,s
2014,s,d,7,0,1,d,2,0,2,0,4,0,0,0,2,6,0,1,s,0,1,2,5,1,d,s,0,12,2,s
1032,s,6,7,0,1,2,d,d,2,0,4,0,d,0,2,6,0,1,s,d,d,0,5,1,0,s,d,12,2,s
1987,s,d,s,d,d,2,2,0,2,0,4,0,0,d,2,6,0,d,s,0,1,0,5,1,0,s,0,12,2,s
I1007,s,0,7,0,1,2,2,0,0,0,4,0,0,0,2,6,0,0,4,0,1,0,5,1,0,s,0,12,s,s
1978,s,0,d,0,1,2,2,0,d,0,d,0,0,0,2,d,0,0,4,19,1,d,5,1,d,s,0,d,s,s
1038,s,d,7,0,1,2,2,0,0,0,4,d,0,d,d,6,0,0,4,0,d,0,5,1,0,s,0,12,s,s
I1009,s,0,7,0,1,0,2,0,0,0,4,0,0,0,2,6,0,1,4,0,1,0,5,31,0,s,0,12,2,0
I1010,s,0,7,0,1,0,2,0,0,0,4,0,0,0,2,6,0,1,4,0,1,0,5,31,0,s,0,12,2,0
I1013,s,0,7,2,1,0,s,1,2,0,4,s,0,0,2,6,0,1,4,0,1,0,5,31,0,s,0,12,2,0
1115,s,s,7,d,1,d,s,1,2,d,4,s,0,0,2,6,0,1,d,s,1,0,5,31,0,s,0,12,2,0
1114,s,0,7,2,1,0,s,1,2,d,4,s,d,0,2,6,0,1,4,0,1,0,5,31,0,s,0,12,2,0
I1014,s,0,7,0,1,0,2,1,0,0,4,0,0,0,2,6,0,1,4,0,1,0,5,31,17,s,0,12,2,0
1121,s,0,7,0,1,0,d,1,d,0,4,0,d,0,2,6,0,1,4,d,1,0,5,31,17,s,0,12,d,0
1162,s,0,7,d,s,d,d,1,0,0,4,0,0,d,d,6,0,1,4,0,1,d,5,31,17,s,0,12,s,0
I1017,s,0,7,0,1,0,2,0,0,0,4,0,0,0,2,6,0,1,4,20,1,0,5,31,0,s,0,12,2,1
1371,s,0,7,0,d,0,2,0,0,s,4,0,0,s,2,6,d,1,4,20,1,9,5,31,0,s,0,12,2,1
I1022,s,0,7,0,1,0,2,0,0,1,4,0,0,25,2,6,0,1,4,20,1,0,5,31,0,s,0,12,2,1
1097,s,0,7,0,1,0,2,0,0,1,4,0,0,25,2,6,0,1,4,20,1,0,5,31,0,s,0,12,2,1
1096,s,0,7,0,1,0,2,0,0,1,4,0,0,25,2,6,0,1,4,20,1,0,5,31,17,s,0,12,2,1
