cell,r1,r2,r3,r4,r5,r6,r7,r8,r9,r10,r11,r12,r13,r14,r15,r16,r17,r18,r19,r20,r21,r22,r23,r24,r25,r26,r27,r28,r29,r30
I1,0,0,0,0,0,0,0,0,0,0,0,3,0,0,0,0,0,0,0,0,0,0,0,0,0,0,0,0,0,0
I2,0,0,0,0,0,0,0,0,0,0,0,3,0,0,0,0,0,0,0,0,0,0,0,0,0,0,22,0,0,0
I3,0,0,0,0,0,16,0,0,0,0,5,3,0,0,0,4,0,0,0,0,0,0,0,0,10,0,22,0,1,0
I4,0,0,0,0,0,16,0,0,0,0,5,3,0,0,0,4,0,0,0,0,1,0,0,0,10,0,22,0,1,0
I5,0,0,0,0,0,16,0,0,0,0,5,3,0,0,0,4,0,0,0,41,1,0,0,0,10,0,22,0,1,0
I6,0,0,0,1,0,16,0,0,0,0,5,3,0,0,2,4,0,0,0,41,1,0,0,0,10,0,22,0,1,0
I7,0,0,0,1,0,16,0,0,0,0,5,3,0,0,2,4,0,0,0,41,1,0,0,0,10,0,22,2,1,0
I9,2,0,0,1,1,16,3,0,0,0,5,3,0,0,2,4,0,2,0,41,1,0,0,0,s,s,22,2,1,0
1507,2,0,0,1,1,16,3,d,0,0,5,3,0,0,2,4,0,2,0,41,1,1,0,7,s,s,d,d,1,0
1980,2,2,0,1,1,16,d,0,0,5,5,d,0,0,2,4,0,2,0,41,1,d,d,0,s,s,22,2,1,0
I15,s,0,4,1,0,16,5,0,0,0,5,3,2,0,2,4,0,0,0,41,1,0,0,0,10,0,22,2,1,0
I16,s,0,4,1,0,16,5,0,0,0,5,3,2,0,2,4,0,0,0,41,1,0,0,0,10,0,22,2,1,0
1310,s,0,4,1,0,16,5,d,6,0,5,3,2,d,2,4,3,0,6,41,1,0,1,0,10,0,22,2,1,0
1421,s,0,s,1,0,16,5,0,0,0,5,3,d,0,2,4,0,0,0,41,1,0,d,0,10,3,s,d,1,0
I21,s,0,4,1,0,16,5,6,0,0,5,3,2,0,2,4,0,0,0,41,1,1,0,0,10,s,22,2,1,0
1599,s,d,4,1,d,16,5,6,0,0,5,d,2,0,2,4,0,d,0,41,d,d,0,d,10,s,22,2,1,0
1598,s,0,4,1,0,16,5,6,0,0,5,3,2,0,2,4,d,0,0,41,1,d,0,0,10,s,22,2,1,0
I22,0,0,0,1,1,16,0,0,0,0,5,3,0,0,2,4,0,0,0,41,1,0,0,0,10,0,22,0,1,0
I23,0,0,0,1,1,16,0,0,0,0,5,3,0,0,2,4,0,2,0,41,1,0,0,0,10,0,22,0,1,0
I24,0,0,0,1,1,16,0,8,0,0,5,3,0,0,2,4,0,2,0,41,1,0,0,0,10,0,22,0,1,0
1606,0,0,5,s,1,16,s,8,0,0,5,3,0,0,2,4,0,2,0,41,1,0,0,0,10,0,22,0,1,0
I26,0,0,0,1,1,s,0,8,0,0,5,3,0,0,2,4,0,2,0,41,1,0,0,0,10,0,22,0,1,0
1639,0,0,d,1,1,s,0,8,0,0,5,3,0,0,2,4,0,2,0,41,1,0,0,5,10,0,22,d,1,d
1638,0,d,0,1,d,s,d,d,0,d,5,3,0,0,2,4,d,2,0,41,1,0,0,0,10,0,22,0,1,0
I27,0,0,0,1,1,16,0,s,0,0,5,3,0,0,2,4,0,2,0,41,1,0,0,0,10,0,22,0,1,0
1435,0,0,s,1,d,16,0,s,26,0,5,3,0,d,d,4,0,2,d,41,1,0,0,0,10,2,22,0,1,0
1332,0,d,0,1,d,16,41,s,0,0,5,s,0,d,2,4,0,2,0,41,d,0,1,d,10,0,d,0,1,0
I30,s,0,0,1,1,16,0,17,0,0,5,3,0,0,2,4,0,0,0,41,1,0,0,0,10,0,22,2,1,0
I31,s,0,0,1,1,16,0,17,0,0,5,3,0,0,2,4,0,0,0,41,s,0,0,0,10,0,22,2,1,0
I32,s,0,0,1,1,16,0,17,0,0,s,3,0,0,2,4,0,0,0,41,s,0,0,0,10,0,22,2,1,0
1521,s,0,d,d,1,d,0,17,0,d,s,3,d,0,2,4,0,0,0,41,s,0,0,0,10,d,22,d,1,0
1520,s,0,d,1,1,16,0,17,d,0,s,3,0,9,2,4,0,0,0,41,s,0,0,0,10,0,22,2,1,0
1504,s,0,0,1,1,16,0,17,d,d,d,3,0,0,2,4,0,0,0,41,s,d,0,0,10,0,22,d,1,10
I34,s,0,0,1,1,16,0,17,0,5,5,3,0,0,2,4,0,0,0,s,1,0,0,0,10,0,22,2,1,0
I35,s,0,0,1,1,16,0,17,0,5,5,3,0,0,s,4,0,0,0,s,1,0,0,0,10,0,22,2,1,0
1491,s,0,0,1,1,16,0,17,0,5,5,d,0,0,s,4,d,0,0,s,1,0,0,0,10,0,22,2,1,0
1490,s,0,0,1,1,16,0,17,d,5,5,3,0,0,s,4,0,0,0,s,1,0,0,1,10,0,22,2,1,0
1754,s,0,0,1,d,16,0,17,0,5,5,3,d,0,2,4,1,1,0,s,1,0,0,2,d,0,22,2,1,d
I37,0,0,0,0,0,16,2,0,0,0,5,3,0,0,0,4,0,0,0,41,1,0,0,0,10,0,22,0,1,0
I38,0,0,0,0,0,16,2,0,0,0,5,3,0,0,0,4,0,0,0,41,1,0,0,0,10,0,22,0,1,0
I39,0,0,s,0,0,16,2,0,0,0,5,3,0,0,0,4,0,0,1,41,1,0,8,0,10,0,22,0,1,2
I40,0,0,s,0,0,16,2,0,0,0,5,3,0,0,0,4,0,0,1,41,1,0,8,0,10,0,22,0,1,2
I41,0,2,s,0,0,16,2,0,0,0,5,3,0,0,0,4,1,0,1,41,1,0,8,0,10,0,22,0,1,2
1303,0,2,s,0,0,16,2,0,0,0,d,3,0,0,0,4,1,0,1,41,1,d,8,0,10,0,22,0,1,2
1302,0,2,s,0,0,16,2,0,0,0,5,3,0,0,2,4,1,d,1,41,1,0,8,0,10,d,d,0,1,2
I42,0,0,s,s,0,16,2,0,0,0,5,3,0,0,0,4,0,0,1,41,1,0,8,0,10,0,22,0,1,2
1523,0,0,s,s,d,16,2,0,0,d,d,3,0,0,0,4,0,0,1,41,1,0,8,0,10,2,22,0,1,2
1522,0,d,s,s,0,16,2,0,0,0,5,3,0,0,0,4,0,0,1,41,1,0,8,0,10,0,22,0,1,d
I43,0,0,s,0,0,16,2,0,0,0,5,3,0,0,0,4,0,0,1,41,1,0,8,0,10,0,22,0,1,2
1448,2,0,s,0,0,d,2,s,0,0,d,3,0,34,0,4,0,0,1,41,1,d,d,0,10,0,22,0,1,2
I45,0,0,s,0,0,16,2,0,0,0,5,3,0,0,0,4,0,0,1,41,s,0,8,0,s,2,22,0,1,s
1349,0,0,s,0,0,16,2,d,d,0,5,3,0,d,0,4,0,d,1,d,s,0,8,0,s,d,22,0,1,s
1348,0,d,s,0,0,d,2,0,0,0,5,3,d,0,0,4,0,0,1,41,s,0,8,0,s,2,22,0,1,s
I46,0,0,0,0,0,16,2,7,0,0,5,3,0,0,0,4,0,0,0,41,1,0,0,0,10,0,22,0,1,0
1970,d,d,0,0,1,d,2,7,10,0,5,3,0,0,0,s,0,2,d,41,s,0,0,2,10,2,22,2,1,d
1124,s,2,5,0,d,16,d,7,12,0,5,3,0,0,0,d,0,2,16,41,1,0,8,0,10,0,22,6,d,3
I54,0,0,0,0,0,16,2,s,0,0,5,3,0,15,2,4,0,0,0,41,1,0,5,1,10,0,22,2,1,0
I55,2,s,0,0,0,16,2,s,0,0,5,3,0,15,2,4,1,0,0,41,1,0,5,1,10,0,22,2,1,0
I56,2,s,0,0,0,16,2,s,0,0,5,3,0,15,2,4,1,0,0,41,1,0,5,1,10,0,22,2,1,0
I57,2,s,0,0,0,16,2,s,0,0,5,3,0,15,2,4,1,0,0,41,1,1,5,1,10,0,22,2,1,0
1119,2,s,0,0,0,16,2,s,0,0,5,3,0,15,2,s,1,0,0,41,1,1,5,1,10,0,d,2,1,4
1118,d,s,0,0,0,16,2,s,0,d,d,3,d,15,2,4,1,0,d,41,1,d,5,1,10,0,22,2,1,41
1160,d,s,d,0,0,d,2,s,8,0,5,3,d,15,2,4,1,0,0,41,d,1,5,1,10,2,22,2,d,0
I59,2,s,0,0,0,16,2,s,0,5,5,3,0,15,2,4,1,2,0,41,1,0,5,1,10,2,22,2,1,0
1410,2,s,d,2,0,16,2,s,0,d,5,3,0,15,d,4,1,2,9,d,1,0,5,1,10,2,d,2,1,0
1483,2,s,5,d,0,16,2,s,0,5,s,d,0,15,2,4,1,d,0,41,1,d,5,1,d,2,22,2,1,0
I62,2,0,0,0,0,16,2,s,0,0,5,3,0,15,2,4,0,0,0,41,1,0,5,1,10,0,22,2,1,0
I63,2,0,0,0,0,16,2,s,0,0,5,3,0,15,2,4,0,0,0,41,1,0,5,1,10,0,22,2,1,0
1113,2,d,4,d,1,16,2,s,0,0,5,3,d,15,d,d,1,0,0,41,1,0,5,1,10,0,22,2,1,d
1405,2,0,0,0,0,16,2,s,0,1,5,3,0,15,2,d,0,0,0,41,d,0,5,s,10,0,22,2,1,0
I66,2,0,0,0,1,16,2,s,10,0,5,3,0,15,2,4,0,0,16,41,1,0,5,1,10,0,22,2,1,0
1457,2,2,s,0,1,16,2,s,10,0,5,3,0,15,2,4,0,2,d,41,1,0,5,1,10,2,d,d,s,0
1338,2,0,0,d,1,16,2,s,d,0,5,3,3,d,d,4,0,0,16,41,1,d,5,d,d,0,22,2,1,0
I69,0,0,4,0,0,16,0,0,0,0,5,3,0,0,0,s,0,0,21,0,1,0,0,0,10,0,22,0,1,0
I70,0,0,4,0,0,16,0,0,0,0,5,3,0,0,0,s,0,0,21,0,1,0,0,0,10,0,22,0,1,0
I71,0,0,4,0,0,16,0,0,0,0,5,3,0,0,0,s,0,0,21,0,1,0,0,0,10,2,22,0,1,0
I72,0,0,4,0,0,16,0,0,0,0,5,3,0,0,0,s,0,0,21,0,1,0,0,0,10,2,22,0,1,0
1151,0,0,d,0,d,d,0,8,d,0,5,d,d,0,0,s,0,0,21,0,1,d,0,0,10,2,22,0,1,5
I76,0,0,4,0,0,16,0,0,0,0,5,3,3,0,0,s,0,0,21,0,1,0,0,0,10,2,22,0,1,27
1159,s,2,4,0,0,16,0,d,0,0,5,3,3,0,0,s,0,0,21,0,1,0,0,0,10,2,22,0,1,27
1252,d,d,4,0,0,16,0,0,0,d,5,3,3,0,0,s,0,0,21,0,d,0,0,0,10,2,22,d,1,27
I79,0,0,4,0,0,s,0,0,0,0,5,3,0,0,0,s,0,0,21,0,1,0,2,0,10,2,22,0,1,0
I80,0,0,4,0,0,s,0,1,0,0,5,3,0,0,0,s,0,0,21,0,1,0,2,0,10,2,22,0,1,0
1343,0,0,4,0,0,s,0,1,10,0,5,3,d,0,d,s,0,2,d,d,1,0,2,0,10,2,22,d,1,0
1719,d,0,4,0,0,s,d,1,0,5,5,3,0,0,0,s,1,d,d,d,1,0,2,0,10,2,22,d,1,28
I83,0,0,4,0,0,s,0,0,0,0,5,3,0,0,0,s,0,2,21,0,1,0,2,0,10,2,22,0,1,0
I84,0,0,4,1,0,s,0,0,0,0,5,3,8,5,0,s,0,2,21,16,1,0,2,2,10,2,22,0,1,0
1111,0,d,4,1,d,s,0,d,10,0,d,3,d,5,2,s,0,2,21,16,1,0,2,2,10,2,22,0,1,0
1110,d,0,4,d,0,s,0,0,0,0,5,3,8,d,0,s,0,2,21,d,1,1,2,2,10,2,22,0,1,d
I85,0,0,4,0,0,s,0,7,0,5,5,3,3,0,0,s,0,2,21,0,1,0,2,0,10,2,22,0,1,0
1071,0,0,4,d,0,s,0,7,0,5,5,3,3,0,0,s,0,2,21,d,1,2,2,0,d,2,22,0,1,0
I86,0,0,4,0,0,s,0,7,0,5,5,3,3,0,0,s,0,2,21,0,1,0,2,0,10,2,22,0,1,0
2029,0,0,4,0,0,s,0,7,d,5,5,3,3,0,0,s,0,2,21,0,1,d,2,0,d,2,22,d,1,0
2028,0,0,4,d,d,s,d,7,0,5,5,3,d,0,0,s,0,d,21,0,1,0,2,0,10,2,d,0,1,0
I87,2,0,4,0,0,16,0,0,0,0,5,3,0,27,0,s,0,0,21,0,1,1,0,0,10,2,22,0,1,0
I88,2,0,4,0,1,16,0,0,0,0,5,3,0,27,2,s,0,0,21,0,1,1,0,0,10,2,22,0,1,0
I91,2,0,4,0,1,16,0,0,0,0,5,3,0,27,2,s,s,0,21,0,1,1,0,5,10,2,22,0,1,0
1299,2,0,4,0,1,16,0,0,0,0,5,3,0,27,2,s,s,d,21,0,1,d,0,5,10,2,22,0,1,0
1298,2,0,d,0,1,16,0,0,0,0,5,3,0,27,d,s,s,d,21,0,1,1,0,5,10,2,22,0,d,0
I92,2,0,4,0,1,16,0,0,0,0,5,3,0,27,2,s,0,0,21,0,1,1,0,0,10,2,22,0,1,0
1262,2,0,d,0,1,16,6,0,0,0,5,3,2,27,s,s,0,s,21,0,1,1,0,0,d,2,22,0,1,0
1376,2,0,4,0,1,16,0,d,0,0,5,3,0,27,2,s,1,0,21,0,1,1,0,0,10,2,22,0,1,0
I95,2,0,4,1,1,16,0,0,0,0,5,3,0,27,0,s,0,0,21,0,1,1,0,0,10,2,22,0,1,0
I96,2,0,4,1,1,16,0,0,0,0,5,3,0,27,0,s,0,0,21,0,1,1,0,0,10,2,22,0,1,0
1250,2,d,4,1,1,16,0,0,d,0,5,3,0,27,0,s,0,d,21,4,1,1,0,0,10,2,d,0,d,0
1078,2,0,4,1,1,16,0,0,10,0,5,3,0,27,0,s,0,0,21,5,d,1,0,0,10,2,d,0,1,0
I99,2,2,4,1,1,s,0,0,0,0,5,3,0,27,0,s,0,0,21,0,1,1,0,0,10,2,22,0,1,0
I100,2,2,4,1,1,s,0,0,0,5,5,3,0,27,0,s,0,0,21,0,1,1,0,s,10,2,22,2,1,0
1173,2,2,4,1,1,s,0,0,0,d,5,3,0,27,0,s,0,0,21,0,1,1,0,s,10,2,22,2,1,1
1172,2,2,4,1,1,s,0,0,0,5,5,3,0,27,0,s,0,0,21,0,d,d,0,s,10,2,22,2,1,0
1406,2,2,4,1,1,s,0,0,d,0,5,3,0,27,0,s,0,0,21,0,d,1,0,0,10,2,22,0,1,0
I102,0,0,4,0,0,16,27,0,0,0,5,3,0,17,0,s,0,0,21,0,1,0,0,0,10,0,22,0,1,0
I103,0,0,4,0,0,16,27,0,14,0,5,3,0,17,0,s,0,0,21,0,1,0,0,0,10,3,22,0,1,0
I104,0,0,4,0,0,16,27,0,14,0,5,3,0,17,0,s,0,0,21,0,1,0,0,0,10,3,22,0,1,0
I105,0,0,4,0,1,16,27,0,14,0,5,3,0,17,0,s,0,0,21,0,1,0,0,0,10,3,22,2,1,0
I106,0,0,4,0,1,16,27,0,14,0,5,3,7,17,0,s,0,0,21,0,1,1,2,0,10,3,22,2,1,0
1007,0,0,4,d,1,16,27,0,14,0,d,3,7,17,0,s,0,0,21,0,1,1,d,0,10,3,22,2,1,0
1973,d,0,4,0,1,16,27,0,d,0,5,3,7,d,d,s,d,0,21,d,1,1,2,0,10,3,22,2,1,0
I108,0,0,4,1,1,16,27,0,14,0,5,3,0,17,0,s,0,0,21,0,1,0,10,s,10,3,22,2,1,0
1059,0,d,4,d,1,d,27,0,14,0,5,3,0,17,0,s,0,0,21,22,1,0,10,s,10,3,22,2,1,0
1058,0,0,s,d,1,16,27,0,14,5,s,3,0,17,0,s,0,d,21,0,1,0,10,s,d,3,22,2,1,0
I109,0,0,4,0,0,16,27,0,14,0,5,3,3,17,0,s,0,0,21,0,1,0,0,0,10,3,22,0,1,0
I110,0,0,4,0,0,16,27,0,14,0,5,3,3,17,0,s,0,2,21,0,1,0,0,0,10,3,22,0,1,0
I111,0,0,4,0,0,16,27,5,14,0,5,3,3,17,0,s,0,2,21,0,1,0,0,0,10,3,22,2,1,0
1867,0,0,4,0,0,16,27,5,14,0,5,3,3,17,d,s,0,2,21,0,1,0,d,0,10,3,22,2,1,0
1866,0,0,4,0,0,16,d,5,14,0,5,3,3,17,0,s,d,2,21,d,1,0,0,0,10,3,22,2,1,0
1885,0,0,4,0,0,16,27,0,14,0,d,3,3,17,0,s,0,2,d,d,1,0,0,d,10,3,22,2,1,0
2044,0,0,4,0,d,16,27,0,14,0,5,d,3,17,0,s,d,0,d,7,1,0,1,0,10,3,22,0,1,0
I116,0,0,4,3,0,16,27,0,14,0,5,3,0,17,0,s,0,0,21,3,1,1,0,0,10,3,22,0,1,0
1098,0,2,d,3,d,16,27,6,14,0,5,3,0,17,0,s,0,0,21,d,1,1,2,d,10,3,22,0,1,0
I120,0,0,4,3,0,16,27,0,14,0,5,3,3,17,0,s,0,0,21,3,1,1,0,0,10,3,22,0,1,0
I121,0,2,4,3,0,16,27,0,14,0,5,3,3,17,0,s,0,0,21,3,s,1,0,0,10,3,22,0,1,0
1023,0,2,4,3,1,16,27,d,d,0,5,3,d,17,0,s,0,d,21,d,s,1,0,0,10,3,22,0,1,0
1022,2,2,4,3,0,16,27,0,14,0,d,d,d,17,0,s,0,0,21,3,s,1,0,d,10,d,22,0,1,d
1965,0,0,4,3,0,16,27,0,14,0,5,3,3,17,0,s,d,0,21,3,1,1,0,d,10,d,22,0,1,1
I124,0,0,4,0,0,16,27,0,0,0,5,3,0,17,0,s,0,0,21,0,1,0,0,0,10,0,22,0,1,0
I126,s,0,4,0,1,16,27,0,0,5,5,3,0,17,0,s,0,0,21,0,1,s,0,0,10,2,22,2,1,0
I127,s,1,4,0,1,16,27,0,0,5,5,3,0,17,2,s,0,0,21,0,1,s,0,0,10,2,22,2,1,0
1301,s,1,4,d,1,16,27,11,0,5,5,3,3,17,2,s,d,0,21,0,1,s,d,0,d,2,22,2,1,0
1300,s,1,4,0,1,16,27,0,0,5,5,3,0,17,d,s,0,0,d,0,1,s,2,0,d,2,22,2,1,0
I128,s,0,4,1,1,16,s,0,0,5,5,3,0,17,0,s,0,0,21,0,1,s,0,0,10,2,22,2,1,0
1133,s,d,4,1,1,16,s,0,0,5,5,3,0,d,2,s,d,0,21,0,1,s,0,0,10,2,22,2,1,0
1132,s,0,4,1,1,16,s,0,0,5,5,3,0,17,0,s,0,0,21,0,d,s,0,0,d,2,22,2,1,d
I132,0,0,4,0,0,16,27,0,0,0,5,3,0,17,0,s,0,1,21,0,1,0,0,2,10,0,22,0,1,0
1044,0,0,4,0,0,16,27,0,8,5,5,s,0,17,0,s,0,1,21,0,1,0,0,s,10,0,22,0,1,d
I136,0,0,4,0,0,16,27,0,0,0,5,3,0,17,2,s,1,1,21,0,1,0,0,2,10,0,22,0,1,0
1165,0,0,4,0,0,d,d,0,0,d,5,3,3,17,2,s,1,1,21,6,1,1,0,2,10,0,22,0,1,d
1080,0,0,4,0,d,16,27,0,0,0,5,3,0,17,2,s,1,1,21,3,1,d,0,2,10,2,22,0,1,21
I139,0,0,0,0,0,16,0,0,0,0,5,3,3,0,0,4,0,0,0,0,1,0,0,0,10,0,22,2,1,0
I140,0,0,s,0,0,16,5,7,0,0,5,3,3,0,0,4,0,0,0,0,1,0,0,0,10,0,22,2,1,0
I141,2,0,s,0,0,16,5,7,0,0,5,3,3,0,0,4,0,0,0,0,1,0,0,0,10,0,22,2,1,0
I142,2,0,s,0,0,16,5,7,0,0,5,3,3,0,0,4,0,0,0,0,1,0,0,0,10,0,22,s,1,0
I143,2,0,s,0,0,16,5,7,0,5,5,3,3,0,2,4,0,0,0,0,1,0,0,0,10,2,22,s,1,0
I144,2,0,s,0,0,16,5,7,0,5,5,3,3,0,2,4,0,0,10,0,1,0,0,0,10,2,22,s,1,0
1763,2,0,s,0,0,16,5,7,0,5,5,3,3,d,2,4,0,0,d,d,1,0,d,0,s,2,22,s,1,0
1785,2,0,s,0,0,16,5,7,s,5,d,3,3,0,2,4,0,0,10,0,1,d,0,0,10,2,22,s,d,0
I147,2,0,s,0,0,16,5,7,0,5,5,3,3,0,2,4,0,0,12,0,1,0,0,0,10,2,22,s,1,0
1893,2,0,s,0,0,16,5,7,0,5,5,3,3,0,2,4,0,0,12,d,1,0,0,0,d,2,22,s,1,0
I149,2,2,s,3,0,16,5,7,6,5,5,3,3,0,2,4,0,0,12,0,1,0,0,0,10,2,22,s,1,0
1805,2,2,s,3,0,16,5,d,6,5,5,3,d,d,2,4,0,0,12,0,1,d,0,d,10,2,22,s,1,0
1804,2,2,s,3,0,16,5,7,d,5,5,3,3,0,2,4,0,0,12,0,1,0,0,0,10,2,22,s,1,d
I150,2,0,s,0,0,16,5,7,0,0,5,3,3,0,1,4,0,0,0,0,1,0,0,0,10,2,22,s,1,0
I151,2,0,s,0,1,16,5,7,0,0,5,3,3,0,1,4,0,0,0,0,1,0,0,0,10,2,22,s,1,0
I152,2,0,s,0,1,s,5,7,0,0,5,3,3,0,1,4,0,0,0,0,1,0,0,0,10,2,22,s,1,0
1747,d,d,s,0,d,s,5,7,0,0,5,d,3,0,1,4,0,0,0,0,1,0,0,0,10,2,22,s,1,0
1746,2,0,s,d,1,s,5,7,0,0,5,3,d,d,1,d,0,0,0,0,d,0,0,d,10,2,22,s,d,0
988,2,0,s,0,1,16,5,7,0,0,5,3,3,0,1,4,0,2,d,0,1,0,0,0,10,2,22,s,1,0
1092,2,d,s,0,d,16,5,7,0,0,5,d,d,0,1,4,0,0,s,0,1,0,0,0,10,2,d,s,1,s
I154,2,0,s,3,0,16,5,7,0,0,5,3,3,0,0,4,0,0,0,0,1,0,0,0,10,0,22,2,1,0
I155,2,0,s,3,0,16,5,7,0,0,5,3,3,0,0,4,0,0,0,0,1,0,0,0,10,0,22,2,s,0
I156,2,0,s,3,0,16,5,7,0,0,5,3,3,0,0,4,0,0,0,0,1,0,0,0,10,0,22,2,s,0
I157,2,0,s,3,0,16,5,7,0,0,5,3,3,0,0,4,0,0,0,0,1,0,0,0,10,0,22,2,s,0
1743,2,0,s,3,0,d,5,7,0,0,5,3,3,d,0,d,0,0,0,0,1,0,d,0,10,0,22,2,s,0
1742,2,d,s,3,0,16,5,7,0,0,5,d,3,0,0,4,0,2,d,0,1,0,0,0,10,0,22,2,s,0
976,2,0,s,3,0,d,5,7,d,0,5,d,3,0,0,4,0,0,0,0,1,d,0,0,10,0,22,2,s,0
I158,2,0,s,3,0,16,5,7,0,0,5,3,3,0,0,4,0,0,6,20,1,0,s,0,10,0,22,2,s,0
I159,2,0,s,3,0,16,5,7,0,0,5,3,3,0,2,4,0,0,6,20,1,0,s,0,10,0,22,2,s,0
1579,d,d,s,3,0,16,5,d,d,d,5,3,3,0,d,4,0,0,6,20,1,0,s,0,10,0,22,2,s,0
1578,2,0,s,3,0,16,5,7,d,0,5,3,d,0,2,4,0,0,6,20,d,d,s,d,10,0,22,2,s,0
1724,d,d,s,3,0,16,5,7,0,0,5,3,d,0,2,4,0,0,6,s,d,0,s,0,10,d,22,2,s,d
I161,2,0,s,3,0,16,5,7,0,0,5,3,3,0,0,4,0,0,0,0,1,0,0,0,10,0,22,2,1,11
I162,2,0,s,3,0,16,5,7,0,0,5,3,3,0,0,4,0,2,0,0,1,1,0,0,10,0,22,2,1,11
I163,2,0,s,3,0,16,5,7,0,0,5,3,3,s,0,4,0,2,0,0,1,1,0,0,10,0,22,2,1,11
1365,2,0,s,3,0,16,5,7,d,0,5,3,3,s,0,4,0,2,0,d,1,1,d,s,10,0,22,2,1,11
1364,2,0,s,3,d,d,5,7,0,0,5,3,3,s,0,d,0,d,0,d,1,1,d,0,10,0,22,2,1,d
I164,2,0,s,3,0,16,5,7,0,5,5,3,3,0,0,4,0,2,0,0,1,1,0,0,10,0,22,2,1,11
1669,2,0,s,3,0,16,5,7,0,5,d,3,3,0,0,4,0,d,0,0,1,1,0,0,10,0,22,2,1,11
1668,2,0,s,3,0,16,5,7,0,5,5,3,3,0,0,d,0,2,0,d,1,1,0,0,d,0,22,2,1,11
1666,2,0,s,3,0,16,5,7,0,0,5,3,3,d,2,4,0,0,0,0,1,d,0,s,10,d,22,2,1,11
I168,0,0,s,0,0,16,5,7,0,0,5,3,3,0,0,4,0,0,0,0,1,0,0,0,10,0,22,2,1,0
I169,0,0,s,0,0,16,5,7,14,0,5,3,3,0,0,4,0,0,0,0,1,0,0,0,10,0,22,2,1,0
I170,0,0,s,0,1,16,5,7,14,1,5,3,3,0,0,4,0,0,21,0,1,0,0,0,10,0,22,2,1,0
1887,2,0,s,d,d,16,5,7,14,1,5,3,3,0,0,4,1,0,21,0,1,0,12,0,10,0,d,2,1,0
2008,0,0,s,0,1,16,5,7,14,s,d,3,3,0,0,4,d,d,21,0,1,0,15,7,10,0,22,2,1,13
I177,2,2,s,0,0,16,5,7,14,0,5,3,3,0,0,4,0,2,0,0,1,0,10,2,10,s,22,2,1,0
I178,2,2,s,1,0,16,5,7,14,0,5,3,3,0,0,4,0,2,0,0,1,0,s,2,10,s,22,2,1,0
1859,2,2,s,1,0,16,d,7,14,0,5,3,s,4,0,4,0,s,0,0,1,0,s,2,10,s,22,2,1,d
1878,2,2,s,1,0,d,5,7,14,0,5,3,3,0,d,4,0,2,0,0,1,s,s,2,10,s,22,2,1,0
I182,2,2,s,0,1,16,5,7,14,0,5,3,3,0,0,4,3,2,0,0,1,0,10,2,10,s,22,2,1,0
2043,2,2,s,0,1,d,5,7,14,d,5,3,3,0,0,4,3,2,0,0,1,0,10,2,10,s,22,2,1,0
2042,2,2,s,0,1,16,5,7,14,0,5,3,3,0,0,4,3,2,0,0,1,0,10,2,10,s,22,d,1,d
I183,0,0,s,0,0,16,5,7,0,5,5,3,3,0,0,4,0,2,0,0,1,0,0,0,10,1,22,2,1,0
I189,0,0,s,0,0,16,s,7,0,5,5,3,3,15,0,4,1,2,0,0,1,0,0,10,10,1,22,2,1,5
1765,0,0,s,0,0,d,s,7,0,5,5,3,3,15,0,4,d,2,0,0,1,0,0,10,10,d,22,2,1,5
1764,0,0,s,0,0,16,s,7,d,5,5,3,d,15,0,4,1,2,0,0,d,0,0,10,10,d,22,2,1,5
I191,0,0,s,1,0,16,5,7,0,5,5,3,3,0,0,4,0,2,22,0,1,0,0,0,10,1,22,2,1,0
1545,0,2,s,1,0,16,5,7,0,5,5,d,3,0,0,4,d,2,22,0,1,d,0,0,10,1,22,2,1,0
I195,0,0,s,1,0,16,5,7,0,5,5,3,3,0,0,4,0,2,22,0,1,0,0,0,10,1,22,2,1,0
I196,0,2,s,1,0,16,5,7,0,5,5,3,3,0,0,4,0,2,22,0,1,0,0,2,10,1,22,2,1,0
1537,0,2,s,1,0,16,5,7,d,5,d,3,3,0,s,4,0,2,d,d,1,0,11,2,10,1,22,2,1,5
1536,0,s,s,1,0,16,5,d,0,5,5,3,3,0,0,4,0,2,22,0,1,d,d,2,10,1,22,2,1,0
I197,0,0,s,1,1,16,5,7,0,5,5,3,3,0,0,4,1,2,22,0,1,0,0,0,10,1,22,s,1,41
1373,0,2,s,d,d,16,5,7,0,5,5,d,3,0,0,d,1,2,22,0,1,0,0,0,10,1,22,s,d,41
1372,0,0,s,1,1,16,5,7,0,5,5,3,s,0,0,4,1,2,22,0,1,0,d,0,10,1,22,s,1,41
I198,0,0,0,0,0,16,0,0,0,0,5,3,3,0,2,4,0,0,0,0,1,0,0,0,10,0,22,2,1,0
I199,0,0,0,0,0,16,0,8,0,0,5,3,3,0,2,4,0,2,0,0,1,0,0,0,10,0,22,2,1,0
I200,0,0,4,0,1,16,0,8,0,0,5,3,3,0,2,4,0,2,0,0,1,0,0,0,10,0,22,2,1,0
I201,0,0,4,0,1,16,0,8,0,0,5,3,3,0,2,4,0,2,0,0,1,0,0,0,10,0,22,2,1,0
1042,0,2,4,0,1,d,0,8,0,0,5,3,3,15,2,d,0,2,0,d,1,0,d,d,10,6,22,2,1,0
I204,0,0,4,0,1,16,5,8,0,0,5,3,3,0,2,4,0,2,0,0,1,1,0,0,10,6,22,2,1,0
2037,0,d,d,d,1,16,5,8,0,0,5,3,3,0,2,d,0,2,0,0,d,1,0,0,10,6,22,2,1,0
2036,0,d,d,0,1,16,5,8,0,0,5,d,3,d,2,4,0,d,0,0,1,1,0,0,10,6,22,d,1,0
I205,0,0,4,1,1,16,0,8,0,5,5,3,3,0,2,4,0,2,0,0,1,0,s,0,10,0,22,2,1,0
1952,0,2,4,1,1,16,0,8,11,5,5,3,3,0,2,4,d,2,12,0,d,d,s,0,10,0,d,2,d,0
1024,0,0,d,1,1,16,0,8,d,5,d,3,3,0,2,4,0,2,d,s,1,0,s,0,10,d,22,2,1,0
I210,0,0,0,0,0,s,0,8,22,0,5,3,3,10,2,4,0,2,0,0,1,0,12,0,10,0,22,2,1,0
I211,0,0,0,0,0,s,0,8,22,0,5,3,3,10,2,4,0,2,0,0,1,0,12,0,10,0,22,s,1,0
I212,0,0,0,0,0,s,0,8,22,0,5,3,3,10,2,4,0,2,4,0,1,0,12,0,10,0,22,s,1,0
1041,0,d,0,0,0,s,0,8,22,0,5,3,d,d,2,d,0,2,d,6,1,0,d,d,d,0,22,s,1,0
1040,0,0,0,0,0,s,d,8,22,0,5,d,3,10,2,4,d,2,4,0,1,0,d,d,10,0,22,s,1,0
2006,0,0,0,0,0,s,0,8,22,0,5,3,s,10,2,4,0,2,4,0,1,0,d,1,10,0,22,s,1,d
I216,0,0,0,0,1,s,0,8,22,0,5,3,3,10,2,4,0,2,0,0,1,1,12,0,10,0,22,2,1,0
I217,0,0,0,0,1,s,0,8,22,0,5,3,3,10,2,4,0,2,12,0,1,1,12,0,10,0,22,2,1,0
1648,0,0,0,0,1,s,0,8,22,0,5,3,3,10,2,4,d,2,12,0,1,1,12,0,10,0,22,2,1,d
I219,2,0,0,0,1,s,0,8,22,0,5,3,3,10,2,4,1,2,12,5,1,1,12,0,10,0,22,2,1,0
1985,2,d,0,0,1,s,0,8,22,0,5,3,3,10,2,4,1,2,12,5,1,1,12,0,10,0,d,d,d,0
1984,2,0,0,0,1,s,0,8,22,d,5,3,3,10,d,4,1,2,12,5,1,d,12,0,10,0,22,d,1,d
1427,2,2,0,1,1,s,17,8,22,2,5,3,3,10,2,4,d,2,0,0,1,1,12,0,10,0,22,2,1,0
I223,0,0,0,0,0,16,0,0,0,0,5,3,3,0,2,4,0,0,0,10,1,0,0,0,10,2,22,2,1,0
I224,2,0,0,0,0,16,0,0,0,0,5,3,3,0,2,4,0,1,0,10,1,0,0,0,10,2,22,2,1,0
I225,2,0,0,0,0,16,0,12,0,0,5,3,3,0,2,4,0,1,0,10,1,1,0,0,10,2,22,2,1,2
I228,2,0,0,0,1,16,0,12,0,0,5,3,3,5,2,4,0,1,0,10,1,1,1,0,10,2,22,2,1,2
1595,2,0,0,0,1,16,0,12,0,0,5,3,3,5,d,4,0,d,0,d,1,1,1,0,10,2,22,2,d,2
1594,d,d,0,d,1,16,0,12,0,0,5,d,3,5,2,d,0,1,0,10,1,1,1,0,10,2,22,2,1,2
I229,s,0,0,0,0,16,0,12,0,0,5,3,3,0,2,4,0,1,0,10,1,1,0,2,10,2,22,2,1,2
1832,s,0,0,1,0,16,0,12,0,0,5,3,3,0,2,4,0,1,d,10,1,1,0,2,10,2,22,2,1,2
1660,s,0,0,0,1,d,d,12,0,d,5,d,3,0,2,4,1,1,0,10,1,1,0,2,10,d,22,2,1,2
I232,2,0,0,1,0,16,0,0,0,5,5,3,3,0,2,4,0,1,0,10,1,0,0,5,10,2,22,2,1,0
I233,2,0,6,s,1,16,0,0,0,5,5,s,3,0,2,4,0,1,0,10,1,0,0,5,10,2,22,2,1,0
1486,2,2,6,s,1,16,0,0,0,5,d,s,3,d,d,4,0,1,0,10,1,0,d,5,10,2,22,2,1,0
I235,2,0,6,s,1,16,9,0,0,5,5,s,3,0,2,4,0,1,0,10,1,0,0,5,10,2,22,2,1,2
1563,2,0,6,s,1,16,9,0,d,d,5,s,3,0,2,4,0,1,0,10,1,0,d,d,s,2,22,d,1,2
1562,d,0,6,s,1,16,d,0,0,5,5,s,3,d,d,4,0,1,d,10,1,0,0,5,d,2,22,2,1,2
I236,2,0,0,1,0,16,0,0,0,5,5,3,3,0,2,4,0,1,0,10,1,0,0,5,10,2,22,2,1,0
1625,2,0,0,1,0,16,0,0,0,5,5,3,3,d,2,4,0,1,1,10,1,0,15,d,10,2,22,2,1,d
1441,2,2,0,1,d,16,0,0,0,5,5,3,3,0,2,4,0,1,s,10,1,0,d,5,10,2,22,2,1,d
I239,0,0,0,0,0,16,0,0,0,0,5,3,3,0,2,4,0,0,0,10,1,0,8,0,10,2,22,2,1,0
I240,0,0,0,0,0,16,0,12,0,0,5,3,3,0,2,4,0,0,0,10,1,s,8,0,10,2,22,2,1,0
I241,0,0,0,0,0,16,0,12,0,0,5,3,3,0,2,4,0,2,0,10,1,s,8,0,10,2,22,2,1,0
1951,0,0,0,0,0,16,0,d,d,d,5,3,3,0,2,4,d,2,d,10,1,s,d,0,10,2,22,2,1,d
1796,2,0,0,0,s,16,0,12,s,0,5,3,3,d,2,4,d,2,0,10,1,s,8,0,10,2,d,2,1,0
I244,0,0,0,0,0,16,0,12,0,0,5,3,3,0,2,4,0,0,0,10,1,s,8,0,10,2,22,2,1,0
985,0,0,0,0,d,16,d,12,0,0,5,3,d,0,2,4,0,0,0,d,1,s,8,d,10,2,22,2,1,0
2032,d,0,0,0,0,16,0,12,d,0,5,3,3,0,2,4,0,0,0,10,1,s,8,0,10,2,22,2,1,0
I246,0,0,0,0,0,16,0,0,8,0,5,3,3,0,2,4,s,0,0,10,1,0,8,0,10,2,22,2,1,0
I247,0,0,0,0,0,16,0,0,8,0,5,s,3,0,2,4,s,2,0,10,1,1,8,0,10,2,22,2,1,0
2021,0,0,0,0,0,16,0,0,8,0,5,s,3,6,d,4,s,2,0,10,1,1,8,d,10,2,d,2,1,0
1050,d,2,0,3,0,16,0,5,8,0,5,s,3,0,2,4,s,2,0,10,1,1,8,0,10,2,22,2,1,0
I249,0,0,0,3,0,16,0,0,8,0,5,3,3,0,2,4,s,1,0,10,1,0,8,0,10,2,22,2,1,0
I250,0,2,0,3,0,16,0,0,8,0,5,3,3,0,2,4,s,1,0,10,1,0,s,0,10,2,22,2,1,0
1997,0,2,d,3,0,16,0,0,8,d,5,3,3,0,d,4,s,1,0,10,1,0,s,0,10,2,d,2,1,0
1996,0,2,0,3,0,16,0,d,8,0,d,d,3,0,2,4,s,1,0,10,1,0,s,0,10,2,d,2,1,0
1030,0,2,0,3,1,16,0,d,8,0,5,3,3,d,2,4,s,1,19,10,d,0,8,2,10,2,22,2,1,0
I251,0,0,0,0,s,0,0,0,0,0,0,3,0,0,0,0,0,0,0,0,0,0,0,0,0,0,22,0,0,0
I252,s,0,8,0,s,0,0,0,0,0,0,3,0,0,2,5,1,0,0,0,0,0,0,2,0,0,22,0,0,0
I253,s,0,8,0,s,0,0,0,0,0,0,3,0,0,2,5,1,0,0,0,1,0,0,2,0,0,22,0,0,0
I254,s,0,8,0,s,0,0,0,0,0,0,3,0,0,s,5,1,0,0,3,1,s,0,2,0,0,22,0,0,0
I255,s,0,8,0,s,0,0,0,0,0,0,3,0,0,s,5,1,0,0,3,1,s,0,2,0,2,22,0,0,0
I257,s,0,8,0,s,0,0,0,11,s,0,3,0,0,s,5,1,0,0,3,1,s,0,2,0,2,s,2,0,0
I258,s,0,8,0,s,0,40,0,11,s,0,3,0,0,s,5,1,0,0,3,1,s,0,2,0,2,s,2,0,0
1223,s,0,8,0,s,0,40,0,11,s,0,d,0,0,s,5,1,0,0,3,1,s,0,d,d,2,s,2,0,d
1222,s,0,8,0,s,0,d,0,11,s,0,3,0,0,s,5,1,2,0,3,1,s,0,2,0,2,s,d,0,0
1379,s,2,8,0,s,0,d,0,11,s,0,3,0,3,s,5,1,0,d,3,1,s,0,2,11,2,s,2,0,0
I263,s,0,8,0,s,0,0,0,0,0,0,3,2,0,s,5,1,0,0,3,1,s,0,2,0,2,22,0,0,0
1255,s,s,8,0,s,0,d,0,22,0,0,3,2,d,s,5,d,0,0,3,1,s,0,2,0,2,22,0,0,d
I267,s,0,8,0,s,0,0,5,0,5,0,3,2,0,s,5,1,0,0,3,1,s,0,2,0,2,22,0,0,28
1054,s,0,8,0,s,0,0,d,0,5,0,3,2,27,s,5,1,0,0,3,1,s,0,d,d,2,22,0,6,28
1278,s,0,s,0,s,d,5,5,d,5,0,3,2,0,s,5,d,0,0,3,1,s,d,2,0,2,22,0,0,28
I270,s,0,8,0,s,0,0,0,3,0,0,3,0,10,s,5,1,0,0,3,1,s,0,2,8,0,22,0,0,0
I271,s,0,8,0,s,0,0,0,3,0,0,3,0,10,s,5,1,2,0,3,1,s,0,2,8,0,22,0,0,30
I272,s,0,8,0,s,0,0,0,3,0,0,3,0,10,s,5,1,2,0,3,1,s,0,2,8,0,22,0,0,30
1004,s,2,d,0,s,0,0,2,3,5,0,3,d,10,s,5,1,2,0,3,1,s,0,d,8,d,22,d,0,30
I274,s,0,8,0,s,0,0,1,3,0,0,3,0,10,s,5,1,2,0,3,1,s,0,2,8,0,22,0,0,30
I275,s,0,8,0,s,0,0,1,3,0,0,3,s,10,s,5,1,2,0,3,1,s,0,2,8,0,22,0,0,30
1995,s,d,d,0,s,0,0,1,3,0,0,3,s,10,s,5,1,2,0,3,1,s,0,2,8,d,d,0,0,d
1994,s,0,8,0,s,0,0,1,3,0,0,3,s,10,s,5,1,d,0,3,d,s,0,2,8,0,22,0,0,30
1908,s,0,8,0,s,0,0,1,3,0,0,3,0,d,s,5,1,2,0,3,1,s,0,2,8,0,22,0,0,d
I277,s,0,8,0,s,0,0,0,3,0,0,3,0,10,s,5,1,2,0,3,1,s,0,2,8,0,22,0,0,30
1073,s,0,8,d,s,6,0,0,3,d,d,3,d,10,s,d,s,2,0,3,1,s,0,2,8,2,d,2,0,30
I279,s,0,8,0,s,0,0,0,3,5,0,3,0,10,s,5,1,2,0,3,1,s,0,2,8,0,22,0,0,30
1187,s,0,8,0,s,0,d,5,d,5,0,3,0,10,s,5,1,2,0,d,1,s,0,2,d,2,22,0,0,30
1186,s,2,8,d,s,0,0,d,3,5,0,3,d,10,s,5,1,d,0,3,1,s,0,2,8,0,22,0,0,d
I280,s,0,8,0,s,0,0,2,3,0,0,3,0,10,s,5,1,0,0,3,1,s,0,2,8,0,22,0,0,0
I281,s,0,8,0,s,0,0,2,3,0,0,3,0,10,s,5,1,0,0,3,1,s,0,2,8,0,22,0,0,0
1318,s,2,8,1,s,0,0,d,d,0,0,3,3,10,s,5,1,0,0,3,1,s,0,2,8,2,22,s,0,1
1180,s,d,d,0,s,30,1,2,d,1,0,3,6,10,s,5,1,1,12,3,1,s,0,2,d,0,22,0,0,0
I286,s,0,8,0,s,0,0,2,3,0,0,3,0,10,s,5,1,0,0,3,1,s,0,2,8,2,22,s,0,0
1475,s,0,d,0,s,0,0,2,3,0,0,3,0,d,s,5,1,0,0,d,1,s,0,2,d,2,22,s,0,0
1474,s,0,8,d,s,0,0,2,3,d,0,3,d,10,s,5,1,0,0,d,1,s,0,2,8,2,d,s,0,0
I287,s,0,8,0,s,0,0,0,6,0,0,3,0,5,2,5,1,0,s,0,1,0,s,2,0,0,22,0,0,0
I288,s,0,8,0,s,0,0,0,6,1,0,3,0,5,2,5,1,0,s,0,1,0,s,2,0,0,22,0,0,0
I289,s,0,8,0,s,0,0,0,6,1,0,3,0,5,2,5,1,0,s,0,1,0,s,2,5,0,22,2,0,0
I290,s,0,8,0,s,0,0,0,6,1,0,3,0,5,2,5,1,0,s,0,1,0,s,2,5,0,22,2,0,0
I291,s,0,8,0,s,0,0,0,6,1,0,3,0,5,2,5,1,0,s,26,1,0,s,2,5,0,22,2,0,0
1145,s,d,8,0,s,d,0,0,6,1,0,3,0,5,2,5,1,0,s,d,1,0,s,d,5,0,d,2,0,0
1144,s,0,8,0,s,0,0,0,6,1,0,3,0,5,2,5,1,0,s,d,1,0,s,2,5,0,22,2,0,5
1489,s,0,8,0,s,0,0,0,6,d,0,3,0,d,2,5,d,0,s,0,1,0,s,2,5,d,22,2,0,0
1416,s,0,8,1,s,d,0,0,d,1,d,3,d,5,2,5,1,0,s,0,1,1,s,2,d,2,22,2,0,0
I296,s,0,8,0,s,0,5,0,6,1,0,3,0,5,2,5,1,0,s,0,1,0,s,2,1,0,22,0,0,0
1147,s,0,8,0,s,s,5,s,6,1,0,3,d,5,2,5,1,0,s,0,1,0,s,d,1,0,22,0,0,9
I300,s,0,8,0,s,2,5,0,6,1,0,3,0,5,2,5,1,0,s,0,1,0,s,2,1,1,22,0,0,0
1493,s,2,8,0,s,2,5,0,6,1,0,3,0,d,2,s,1,0,s,0,d,0,s,2,1,1,22,0,1,0
1238,s,2,8,0,s,2,5,0,6,1,0,3,6,5,d,5,1,0,s,d,1,0,s,2,1,1,22,0,d,0
I303,s,0,8,0,s,0,0,0,6,0,0,3,0,5,2,5,1,0,s,6,1,0,s,2,0,0,22,0,0,0
I304,s,0,8,0,s,0,2,0,6,0,0,3,0,5,2,5,1,0,s,6,1,0,s,2,0,2,22,0,0,0
1807,s,0,8,1,s,20,2,0,6,d,0,3,0,5,2,5,1,0,s,6,1,0,s,2,1,2,22,0,0,1
1841,s,0,d,0,s,0,2,d,6,d,d,s,0,5,2,5,1,0,s,6,1,1,s,s,d,2,22,0,0,s
I310,s,0,8,0,s,0,0,0,6,0,0,3,0,5,2,5,1,0,s,6,1,0,s,2,0,0,22,0,0,0
1745,s,d,8,0,s,0,d,0,6,0,d,3,6,5,2,5,1,2,s,6,1,0,s,2,0,0,22,d,1,2
I314,s,3,8,0,s,0,0,0,6,0,0,3,0,5,2,5,1,0,s,6,1,0,s,2,0,2,22,2,0,19
I315,s,3,8,0,s,30,0,0,6,0,0,3,0,5,2,5,1,0,s,6,1,0,s,2,0,2,22,2,0,19
1783,s,3,8,0,s,30,d,0,6,0,d,d,0,5,2,5,1,0,s,6,1,d,s,d,0,d,22,d,d,19
1782,s,3,8,0,s,30,0,0,6,0,0,d,0,5,2,5,1,d,s,6,1,0,s,2,d,2,22,2,0,19
1889,s,3,8,d,s,0,0,d,6,d,0,3,0,5,2,5,1,2,s,6,d,0,s,2,0,d,d,2,0,19
I317,s,0,8,s,s,0,1,0,0,0,0,3,0,0,2,5,1,0,0,0,0,0,0,2,0,6,22,0,0,0
I318,s,0,8,s,s,0,1,12,0,0,0,3,0,32,2,5,1,0,0,0,0,1,0,2,0,6,22,0,0,0
I319,s,0,8,s,s,0,s,12,0,0,0,3,0,32,2,5,1,0,0,0,0,1,0,2,0,6,22,0,0,0
I320,s,0,8,s,s,5,s,12,s,0,0,3,0,32,2,5,1,0,0,0,0,1,0,2,0,6,22,0,0,0
I321,s,0,8,s,s,5,s,12,s,0,0,3,0,32,2,5,1,0,0,0,0,1,0,2,0,6,22,0,0,0
1801,s,0,8,s,s,5,s,12,s,d,0,3,0,32,2,5,d,0,d,0,0,1,0,2,0,d,22,0,1,0
1375,s,0,8,s,s,5,s,d,s,0,0,3,0,32,2,5,d,0,0,0,1,1,0,2,d,6,22,0,1,0
I324,s,0,8,s,s,5,s,12,s,0,0,3,0,32,2,5,1,2,0,20,0,1,0,2,0,6,s,0,0,0
1454,s,0,8,s,s,5,s,s,s,0,0,3,d,32,d,5,d,2,s,20,0,1,d,2,s,6,s,0,d,0
1428,s,0,8,s,s,5,s,12,s,5,0,d,0,32,2,5,1,2,0,20,0,1,d,2,0,6,s,0,d,0
I327,s,0,8,s,s,0,s,12,0,0,0,3,0,32,2,5,1,0,s,0,0,1,0,2,0,6,22,0,0,s
1128,s,0,8,s,s,s,s,12,14,0,5,3,0,32,2,5,d,2,s,0,3,1,d,d,1,6,22,0,0,s
1539,s,s,8,s,s,d,s,d,0,0,0,d,0,32,d,5,1,0,s,0,0,1,0,2,0,6,d,0,0,s
I334,s,0,8,s,s,0,1,12,0,5,0,3,0,32,2,5,1,0,0,0,0,1,0,2,0,6,22,0,0,0
I339,s,0,8,s,s,0,1,12,0,5,0,3,2,32,2,5,1,0,0,0,0,1,0,2,0,6,22,s,0,13
I340,s,0,8,s,s,0,1,12,0,5,0,3,2,32,2,5,1,0,0,0,0,1,0,2,0,6,22,s,0,13
1665,s,0,8,s,s,0,1,d,0,5,0,3,2,32,2,d,1,2,0,0,0,d,0,d,0,6,22,s,0,13
1664,s,0,d,s,s,d,1,d,d,5,0,3,2,32,2,5,1,0,0,0,d,1,d,2,0,6,22,s,0,13
I341,s,0,8,s,s,12,1,12,0,5,0,3,2,32,2,5,1,0,0,0,0,1,0,2,0,6,22,s,0,13
1899,s,0,8,s,s,12,1,d,0,5,0,d,2,32,d,5,d,d,d,d,0,1,0,2,d,6,22,s,0,13
1898,s,0,8,s,s,d,1,12,0,5,0,3,2,d,2,5,1,0,d,0,0,1,0,2,0,6,22,s,0,13
I342,s,0,8,s,s,0,1,12,0,5,0,3,0,32,2,5,1,0,0,0,0,1,0,2,0,6,22,0,0,0
I343,s,0,8,s,s,0,s,12,0,5,0,3,0,32,2,5,1,0,0,0,0,1,0,2,s,6,22,0,0,0
I344,s,0,8,s,s,0,s,12,0,5,0,3,3,32,2,5,1,0,0,0,0,1,0,2,s,6,22,0,0,0
1735,s,0,d,s,s,0,s,12,0,5,d,3,3,32,2,5,1,d,d,0,0,1,0,2,s,6,22,0,0,0
1734,s,0,8,s,s,0,s,d,0,5,0,3,3,32,2,5,d,0,0,0,0,1,0,2,s,6,22,0,0,0
1694,s,0,8,s,s,d,s,d,0,d,2,3,d,32,2,5,1,d,0,d,0,1,0,2,s,6,22,2,0,0
I346,s,0,8,s,s,0,1,12,0,5,0,3,0,32,2,5,1,0,0,0,0,1,0,2,0,6,22,0,0,0
1937,s,d,8,s,s,0,1,d,d,5,s,3,0,32,2,5,1,0,0,40,d,1,1,2,0,6,22,2,0,0
I348,s,0,8,s,s,0,1,12,0,5,0,3,0,32,2,5,1,0,0,0,0,1,0,2,0,6,22,0,0,0
1499,s,d,8,s,s,d,1,12,d,5,0,3,0,s,2,5,1,d,0,d,0,1,0,2,d,6,22,d,0,0
1498,s,s,d,s,s,0,d,d,0,5,2,3,0,d,2,5,d,d,0,d,0,d,0,2,0,6,22,d,0,0
I349,s,0,8,s,s,0,1,0,0,0,2,3,0,5,2,5,1,0,0,0,0,0,0,2,0,s,22,0,0,0
I350,s,0,8,s,s,0,1,0,0,0,2,3,0,5,2,5,1,0,0,7,0,0,0,2,0,s,22,0,0,0
I355,s,s,8,s,s,0,1,0,0,5,2,3,0,5,2,5,s,0,0,7,0,0,0,2,0,s,22,2,0,1
1601,s,s,d,s,s,0,1,0,0,5,2,d,0,5,2,5,s,d,d,d,0,s,0,2,0,s,22,d,d,1
I357,s,s,8,s,s,6,1,0,0,5,2,3,0,5,2,5,s,0,0,7,0,0,0,2,0,s,22,2,1,1
1685,s,s,d,s,s,6,1,0,0,5,2,d,0,5,2,5,s,0,0,7,0,0,0,2,0,s,22,2,1,1
1684,s,s,8,s,s,6,1,0,0,5,2,3,0,5,2,5,s,0,0,7,0,0,0,2,d,s,22,d,1,1
I358,s,0,8,s,s,0,1,0,0,0,2,3,0,5,2,5,1,0,0,7,3,0,0,2,0,s,22,0,0,0
I360,s,0,8,s,s,6,1,0,0,0,2,3,0,5,2,5,1,0,0,7,3,0,0,2,0,s,22,0,0,0
1167,s,0,8,s,s,6,1,0,0,0,2,d,0,d,d,d,1,2,0,7,3,1,0,2,0,s,22,2,0,0
1166,s,0,8,s,s,6,1,d,0,0,2,d,0,5,d,5,1,2,0,7,d,d,0,2,0,s,22,0,0,d
I362,s,0,8,s,s,0,1,0,0,0,2,3,0,5,2,5,1,2,0,7,3,0,0,2,0,s,22,0,0,s
I363,s,0,8,s,s,27,1,0,0,0,2,3,0,5,2,5,1,2,0,7,3,0,0,2,0,s,22,0,0,s
1219,s,0,8,s,s,27,1,0,0,0,d,3,0,d,2,5,1,2,0,7,3,0,0,2,0,s,22,0,0,s
1218,s,0,8,s,s,27,1,0,0,0,2,3,0,5,2,5,1,2,0,7,d,2,0,2,0,s,22,2,0,s
I364,s,s,8,s,s,16,1,0,0,0,2,3,0,5,2,5,1,2,8,7,3,0,0,2,0,s,22,0,0,s
1247,s,s,d,s,s,16,1,0,d,0,2,d,0,5,2,5,1,2,8,7,3,0,0,2,0,s,22,0,0,s
1246,s,s,8,s,s,16,1,5,d,0,2,3,0,5,2,5,1,2,8,d,3,0,0,2,0,s,22,0,0,s
I365,s,0,8,s,s,0,1,0,0,0,2,3,0,5,2,5,1,0,0,0,0,0,0,2,0,s,22,0,0,0
I366,s,0,8,s,s,0,1,0,0,0,2,3,0,5,2,s,1,0,0,10,0,0,0,2,0,s,22,0,0,11
1651,s,d,8,s,s,4,1,0,d,0,2,3,d,5,2,s,1,0,0,10,0,0,0,2,0,s,d,0,0,11
I370,s,0,8,s,s,0,1,0,0,0,2,3,0,5,2,s,1,0,0,10,0,0,0,2,0,s,22,0,0,11
1941,s,0,8,s,s,0,1,0,0,5,2,3,0,5,2,s,1,0,0,10,0,0,0,2,s,s,d,d,1,11
1444,s,0,8,s,s,0,1,0,0,5,d,3,0,5,2,s,1,0,0,10,0,d,0,d,0,s,22,0,0,d
I373,s,0,8,s,s,0,1,0,0,0,2,3,0,5,2,5,1,0,0,0,0,0,s,2,0,s,22,0,0,0
I376,s,0,8,s,s,0,1,0,0,0,2,3,0,5,2,5,1,0,0,10,0,0,s,2,0,s,22,0,1,0
1085,s,0,d,s,s,0,1,0,d,0,2,3,0,5,2,5,1,0,0,10,1,0,s,2,0,s,22,0,1,30
1084,s,0,8,s,s,0,1,d,0,0,2,3,0,s,2,5,1,0,0,10,0,1,s,2,0,s,22,0,1,0
1077,s,2,8,s,s,0,d,0,d,0,2,3,0,5,2,5,1,d,8,0,0,2,s,2,d,s,22,0,6,13
I380,0,0,0,0,s,0,0,0,0,0,0,3,0,0,0,0,0,0,0,0,0,0,2,0,0,0,22,0,0,0
I381,2,0,0,0,s,0,0,0,0,0,2,3,2,0,0,32,0,0,0,0,0,0,2,0,0,0,22,0,0,s
I382,2,0,0,0,s,0,0,0,0,s,2,3,2,0,0,32,0,0,0,0,0,0,2,0,0,0,22,0,0,s
I383,2,0,4,0,s,0,0,0,0,s,2,3,2,0,0,32,0,0,0,0,0,0,2,0,0,0,22,0,0,s
I384,2,0,4,0,s,0,2,0,0,s,2,3,2,0,0,32,4,0,0,0,0,0,2,0,0,0,22,0,0,s
1566,2,0,4,0,s,16,2,1,d,s,2,3,2,d,0,32,4,d,0,0,d,s,2,d,0,0,22,0,0,s
I388,2,0,4,0,s,0,2,0,0,s,2,3,2,0,2,32,4,2,0,0,0,s,2,0,0,0,22,0,0,s
1791,d,0,4,d,s,0,2,0,0,s,2,3,2,0,2,32,4,2,0,0,0,s,d,0,0,d,d,0,d,s
1699,d,0,4,0,s,d,2,0,0,s,2,3,2,0,d,32,4,d,0,0,0,s,2,0,0,0,22,0,0,s
I391,2,0,4,0,s,0,0,0,0,s,2,3,2,0,2,32,0,0,0,0,0,0,2,0,0,2,22,0,0,s
I392,2,0,4,0,s,0,0,0,0,s,2,3,2,0,2,32,0,0,0,22,0,0,2,0,0,2,22,0,0,s
1675,2,0,4,0,s,0,0,0,0,s,d,3,2,0,d,32,0,s,0,22,0,0,2,0,0,2,22,0,0,s
I394,2,0,4,0,s,0,0,0,0,s,2,3,2,0,2,32,0,0,0,22,0,0,2,0,0,2,22,s,0,s
1741,d,0,4,0,s,0,s,0,0,s,2,3,2,0,2,32,0,0,0,22,0,0,2,0,0,2,22,s,d,s
1740,2,0,4,0,s,0,0,0,0,s,2,3,2,0,2,32,0,0,d,22,0,0,2,0,0,2,22,s,0,s
1710,d,2,4,0,s,d,0,0,0,s,s,3,2,0,2,32,d,0,d,0,d,1,2,0,1,d,22,0,1,s
I398,2,s,0,0,s,0,0,0,0,s,2,3,2,0,0,32,0,0,0,0,0,0,2,0,0,0,22,0,0,s
I399,2,s,0,0,s,0,0,0,0,s,2,3,2,0,0,32,0,1,0,0,0,0,2,7,0,0,22,0,0,s
I400,2,s,4,0,s,0,0,0,s,s,2,3,2,5,0,32,0,1,s,0,0,1,2,7,1,0,22,0,0,s
I401,2,s,4,0,s,0,0,0,s,s,2,3,2,5,0,32,0,1,s,20,0,1,2,7,1,0,22,0,0,s
1933,2,s,4,0,s,0,d,0,s,s,2,3,d,5,0,32,0,1,s,20,0,1,2,7,1,0,22,0,0,s
1932,2,s,d,0,s,0,0,0,s,s,d,3,2,5,0,32,d,1,s,20,0,1,2,7,1,0,d,0,0,s
1894,2,s,4,0,s,d,d,d,s,s,2,3,2,5,s,32,0,1,s,d,0,1,2,7,1,0,22,0,d,s
I404,2,s,0,0,s,0,0,2,0,s,2,3,2,0,0,32,0,s,0,3,0,0,2,7,0,0,22,0,1,s
1789,2,s,0,2,s,0,0,2,0,s,2,3,2,0,0,32,0,s,0,3,0,0,2,7,0,d,22,0,1,s
1788,s,s,0,0,s,0,d,2,14,s,2,3,2,0,0,32,0,s,0,d,0,0,d,7,0,0,22,d,1,s
I406,2,s,0,0,s,0,0,0,0,s,2,3,2,0,0,32,1,0,0,0,0,0,2,0,1,0,22,0,0,s
1900,s,s,0,d,s,d,9,s,0,s,2,3,2,d,0,32,1,0,d,0,d,d,2,0,1,0,s,2,0,s
I410,2,s,0,0,s,0,0,0,0,s,2,3,2,0,0,32,1,0,0,0,0,0,2,0,1,0,22,0,0,s
1829,2,s,4,0,s,0,0,0,0,s,2,3,2,0,0,32,1,0,0,0,0,0,2,d,1,0,22,2,d,s
1982,2,s,0,1,s,0,d,0,6,s,2,3,2,d,0,32,1,0,0,0,s,0,d,0,1,0,22,0,0,s
I413,2,0,0,0,s,0,0,0,0,0,2,3,2,0,0,32,1,0,0,10,0,0,2,0,0,0,22,0,0,s
I414,2,0,5,0,s,0,0,0,0,0,2,3,2,0,0,32,1,0,0,10,0,1,2,0,0,0,22,0,0,s
I415,2,0,5,0,s,0,0,0,0,0,2,3,2,0,0,32,1,0,0,10,0,1,2,0,0,0,22,0,0,s
I416,2,0,5,0,s,6,0,0,0,0,2,3,2,0,0,32,1,0,0,10,0,1,2,0,0,0,22,0,1,s
I417,2,0,5,0,s,6,3,15,0,0,2,3,2,0,0,32,1,0,0,10,0,1,2,0,1,0,22,0,1,s
1331,2,d,d,0,s,6,3,15,10,0,2,d,2,32,0,32,1,0,0,10,0,1,2,0,1,2,22,0,1,s
1330,2,d,5,0,s,6,3,d,0,d,d,3,2,0,d,32,1,0,3,10,0,1,s,0,1,0,d,0,1,s
1415,2,d,5,0,s,6,0,0,0,0,2,3,s,0,d,32,1,0,0,10,0,d,2,0,11,0,22,0,d,s
I420,2,s,5,0,s,0,9,0,0,0,2,s,2,0,2,32,1,0,0,10,0,1,2,0,0,0,22,0,0,s
1291,2,s,5,0,s,0,d,0,0,0,2,s,d,0,2,32,1,0,d,10,0,1,2,0,0,0,22,0,0,s
1290,2,s,5,0,s,d,9,0,0,0,2,s,d,0,2,d,1,0,0,10,0,1,2,0,d,0,d,2,0,s
I422,2,0,5,0,s,0,0,0,0,0,2,3,2,0,0,32,1,0,0,10,0,1,2,0,0,0,22,2,0,s
I423,2,0,5,0,s,0,0,0,0,0,2,3,2,0,0,32,1,0,0,10,0,1,2,0,0,0,22,2,0,s
1450,s,d,5,0,s,s,0,8,0,d,2,3,2,0,0,32,1,0,d,10,d,s,d,0,0,0,22,2,0,s
1209,2,0,5,s,s,0,0,0,0,d,2,3,2,0,0,32,d,2,10,10,0,1,2,0,0,s,22,2,d,s
I426,2,0,5,0,s,0,0,0,0,0,2,3,2,0,0,32,1,0,0,10,0,1,2,3,0,0,22,2,1,s
I427,2,2,5,3,s,0,0,0,0,0,2,3,2,0,0,32,1,0,0,10,0,1,2,3,0,0,22,2,1,s
1157,2,2,5,3,s,0,0,d,0,0,2,3,d,36,0,32,1,0,0,10,d,1,2,3,0,0,22,2,1,s
1156,2,2,5,3,s,0,3,0,6,0,2,3,2,26,0,32,d,0,0,10,d,1,2,3,0,0,d,2,1,s
1108,s,2,5,0,s,0,0,12,0,5,s,3,2,0,0,d,1,0,3,10,1,1,2,3,0,0,22,d,1,s
I429,2,0,0,0,s,0,0,0,0,0,2,3,2,0,0,32,1,0,0,10,0,0,2,0,0,0,22,0,0,s
I430,2,0,0,2,s,0,0,0,0,0,2,3,s,0,0,32,1,0,0,10,0,0,2,2,0,0,22,0,0,s
1409,2,0,0,2,s,0,16,1,d,5,d,3,s,0,d,32,d,d,0,d,3,1,2,2,0,0,22,0,0,s
I434,2,0,0,2,s,0,0,0,0,0,2,3,s,36,0,32,1,0,0,10,0,0,2,2,0,0,22,0,s,s
I435,2,0,0,2,s,0,0,0,0,0,2,3,s,36,0,32,1,0,0,10,0,0,2,2,0,0,22,2,s,s
1663,2,0,0,2,s,0,5,d,0,0,2,3,s,36,d,32,1,0,d,10,0,0,2,2,0,0,22,2,s,s
1662,2,0,0,2,s,0,0,16,0,0,2,3,s,36,0,d,1,0,0,10,0,0,d,2,0,d,22,2,s,s
1584,2,0,0,2,s,0,0,0,0,0,2,3,s,36,d,s,1,2,0,10,0,0,2,2,0,0,22,d,s,s
I437,2,0,0,0,s,7,0,0,0,0,2,3,2,0,0,32,1,0,0,10,0,0,2,s,0,0,22,0,1,s
I438,2,0,0,0,s,7,0,0,0,5,2,3,2,0,0,32,1,2,0,10,0,1,2,s,0,0,22,0,1,s
1529,2,0,0,0,s,7,d,0,0,5,d,3,2,0,0,d,1,2,9,10,0,1,2,s,s,0,22,0,1,s
I440,2,0,0,0,s,7,0,0,0,5,2,3,2,0,0,32,1,2,0,10,0,1,2,s,0,0,22,0,1,s
1603,d,d,0,0,s,7,0,0,0,5,2,3,2,0,d,32,1,2,0,10,0,1,2,s,0,0,22,0,d,s
1602,2,0,0,0,s,7,0,0,0,5,2,3,2,0,0,32,1,2,0,10,0,1,2,s,0,d,22,2,1,s
I441,2,0,0,0,s,7,0,0,0,0,2,3,2,0,0,32,1,0,0,10,s,0,2,s,0,0,22,0,1,s
1974,2,0,0,0,s,7,0,0,d,0,s,3,2,0,0,32,1,0,d,10,s,0,2,s,d,0,22,d,1,s
I443,2,0,0,0,s,7,0,0,0,5,2,3,2,0,0,32,1,0,0,10,s,1,2,s,0,0,22,0,1,s
1543,2,0,d,0,s,d,0,11,0,5,2,3,2,0,0,32,1,0,0,10,s,1,2,s,0,0,22,d,1,s
1542,2,0,0,d,s,7,d,0,0,5,d,d,d,0,0,32,d,0,d,10,s,1,2,s,0,0,22,0,s,s
I444,0,0,s,0,s,0,6,0,0,0,0,3,0,0,0,0,0,0,0,0,0,0,2,0,0,0,22,0,0,11
I445,0,0,s,0,s,0,6,0,0,5,0,3,0,0,0,0,1,0,0,0,0,0,2,0,0,0,22,0,0,11
I446,0,0,s,0,s,0,6,8,0,5,0,3,0,0,0,8,1,0,0,0,0,0,2,0,0,0,22,0,0,11
1153,s,d,s,0,s,0,d,8,11,d,0,3,3,35,0,8,1,0,16,d,0,0,2,0,d,0,22,2,0,11
I455,0,0,s,0,s,5,6,8,0,5,0,3,0,0,2,8,1,2,s,15,0,0,2,0,0,3,22,2,0,11
1906,0,0,s,0,s,d,6,8,0,5,d,3,0,0,2,8,1,2,s,15,0,0,2,0,0,3,22,2,0,11
I457,0,0,s,0,s,5,6,8,0,5,0,3,0,0,2,8,1,2,s,15,0,0,2,0,0,3,22,2,0,11
1821,0,0,s,0,s,5,6,d,d,5,0,3,0,0,2,8,1,2,s,15,0,0,2,0,d,3,22,d,0,d
1820,0,0,s,d,s,5,6,d,0,5,0,d,0,0,d,d,1,2,s,15,0,0,d,0,0,3,22,2,0,11
I461,0,0,s,0,s,0,6,0,6,5,8,3,0,0,0,0,1,0,0,0,0,0,2,0,0,0,22,0,0,11
I462,0,0,s,1,s,0,6,0,6,5,8,3,0,0,0,0,1,2,0,0,s,1,2,5,0,0,22,0,0,11
I463,2,0,s,1,s,0,6,0,6,5,8,3,0,0,0,0,1,2,0,0,s,1,2,5,0,0,22,0,0,11
1467,s,d,s,d,s,d,6,5,d,5,8,3,d,0,0,0,d,2,0,0,s,d,2,5,d,0,d,0,1,11
1565,2,s,s,1,s,d,6,0,6,d,8,3,0,0,s,d,1,2,0,0,s,1,d,5,0,0,22,0,0,11
I466,0,2,s,1,s,0,6,0,6,5,8,3,0,0,0,0,1,2,0,0,s,1,2,5,5,0,22,0,0,11
I467,0,2,s,1,s,0,6,0,6,5,8,3,0,0,0,0,1,2,0,0,s,1,2,5,5,0,22,0,0,11
1891,0,2,s,1,s,0,6,0,6,5,8,3,0,0,0,0,1,2,0,d,s,1,2,5,5,0,22,0,0,11
1890,0,2,s,1,s,0,6,0,6,5,8,3,0,0,2,0,1,2,0,0,s,1,d,5,d,0,d,0,0,d
1771,0,2,s,1,s,0,6,0,d,5,8,3,0,0,0,0,d,2,0,0,s,1,d,5,5,0,22,0,0,d
I469,0,2,s,0,s,0,6,0,6,5,8,3,0,0,0,0,1,0,0,4,1,1,2,0,0,0,22,0,0,11
1618,2,2,s,0,s,0,6,0,6,d,8,3,2,0,2,0,1,0,0,4,1,1,d,d,0,0,22,0,0,11
1853,0,2,s,0,s,0,6,0,6,5,d,d,d,0,d,s,1,d,0,d,1,1,2,0,0,0,22,s,0,11
I476,0,0,s,0,s,0,6,0,16,5,0,3,0,0,2,0,0,0,0,0,1,0,2,7,0,0,22,0,0,s
I477,0,0,s,0,s,0,6,0,16,5,0,3,0,0,2,0,0,0,0,0,1,0,2,7,0,0,22,0,0,s
I478,0,0,s,0,s,0,6,0,16,5,0,3,0,0,2,0,0,0,0,0,1,0,2,7,0,0,22,0,0,s
I479,0,0,s,0,s,0,6,0,16,5,0,3,0,0,2,0,0,0,22,3,1,0,2,7,0,0,22,0,0,s
1502,0,0,s,0,s,0,6,0,16,d,0,3,0,0,2,0,0,0,22,d,1,0,2,7,0,0,22,0,0,s
1608,0,2,s,0,s,8,d,0,16,5,2,s,0,0,2,d,0,0,22,d,1,0,2,7,3,0,22,0,0,s
1825,0,0,s,0,s,0,6,0,16,d,0,3,d,0,d,0,0,0,16,25,1,d,s,7,0,0,22,0,0,s
I485,0,0,s,0,s,0,6,0,16,5,0,3,3,0,2,0,0,0,0,0,1,0,2,7,0,0,22,0,0,s
I486,2,0,s,0,s,0,6,0,16,5,0,3,3,0,2,0,1,0,0,0,1,0,2,7,0,0,22,0,1,s
I487,2,0,s,0,s,5,6,0,16,5,2,3,3,22,2,0,1,0,0,0,1,0,2,7,0,0,s,0,1,s
1809,2,0,s,0,s,5,6,0,16,5,2,3,d,22,d,0,1,d,0,0,1,0,2,7,0,0,s,d,d,s
1808,2,2,s,d,s,5,d,0,16,5,2,3,3,d,2,0,1,d,d,3,1,0,2,7,0,d,s,0,1,s
I488,2,0,s,0,s,0,6,0,16,5,0,3,3,0,2,0,1,0,0,0,1,0,2,7,1,0,22,0,1,s
1709,2,0,s,0,s,0,6,0,16,5,0,3,d,0,2,0,1,0,0,0,1,0,2,7,d,2,22,0,1,s
1708,d,0,s,0,s,0,d,d,16,5,0,3,3,0,d,0,1,0,8,0,1,0,d,7,d,0,22,0,1,s
I489,0,0,s,0,s,0,6,0,16,5,0,3,3,0,2,0,0,0,0,0,1,0,2,7,0,0,22,0,0,s
1751,0,d,s,1,s,0,6,0,16,5,0,3,3,0,d,0,0,2,0,0,1,0,2,7,0,0,22,d,d,s
I491,0,0,s,0,s,6,6,0,16,5,0,3,3,0,2,0,0,0,0,0,1,0,2,7,0,0,22,0,0,s
1969,0,0,s,0,s,6,6,0,16,5,0,3,3,0,d,0,0,0,d,0,1,0,2,7,0,0,22,0,d,s
1968,0,0,s,0,s,6,6,0,16,5,0,3,3,0,d,0,0,0,0,0,1,d,2,7,0,0,22,0,0,s
I492,0,2,s,0,s,0,6,0,16,5,0,3,0,0,2,0,0,0,0,0,1,1,2,7,0,0,22,0,1,s
I494,0,2,s,0,s,0,6,8,16,5,0,3,0,5,2,0,1,0,0,0,1,1,2,7,0,3,22,0,1,s
1864,d,2,s,d,s,d,6,8,16,d,d,3,0,d,2,0,d,0,d,0,1,1,2,7,0,3,22,0,1,s
1958,0,2,s,0,s,0,6,8,16,5,0,3,0,5,2,0,1,0,0,0,1,1,2,d,0,d,d,0,1,s
I500,0,2,s,s,s,0,6,0,16,5,0,3,0,0,2,0,0,0,0,21,1,1,2,7,0,0,22,0,1,s
I501,2,2,s,s,s,25,6,5,16,5,0,3,0,0,2,0,0,0,0,21,s,1,2,7,0,0,22,0,1,s
2040,2,2,s,s,s,25,d,d,d,5,d,3,d,d,2,s,0,0,0,d,s,1,2,7,0,0,22,0,1,s
I503,2,2,s,s,s,25,6,5,16,5,0,3,0,0,2,0,0,0,0,21,s,1,2,7,0,0,s,0,1,s
2001,2,2,s,s,s,25,6,5,16,5,0,3,0,0,d,0,0,0,0,21,s,d,2,7,0,0,s,0,1,s
2000,d,d,s,s,s,25,6,5,16,5,0,3,d,0,2,0,0,0,0,d,s,d,2,d,d,0,s,0,1,s
I504,0,2,s,s,s,0,6,0,16,5,0,s,0,0,2,0,0,0,0,21,1,1,2,7,0,2,22,0,1,s
1658,0,2,s,s,s,0,6,0,d,5,0,s,0,0,d,0,0,0,0,d,1,1,2,7,0,2,22,0,1,s
1904,d,2,s,s,s,0,6,d,16,5,0,s,0,0,2,0,d,d,16,21,1,1,2,7,0,2,22,0,1,s
I507,0,0,0,0,0,0,0,12,0,0,s,3,0,0,0,0,0,0,0,0,0,0,0,0,0,0,0,0,0,0
I508,0,s,0,0,0,0,0,12,0,0,s,s,0,0,0,0,0,1,0,s,1,0,0,0,0,0,0,0,0,s
I509,0,s,0,0,0,0,0,12,0,0,s,s,0,0,0,0,0,1,0,s,1,1,0,0,0,0,0,0,1,s
I510,0,s,0,0,0,0,0,12,0,0,s,s,0,15,0,0,0,1,0,s,1,1,0,0,0,0,0,2,1,s
I511,0,s,2,0,0,0,0,12,0,0,s,s,0,15,0,19,0,1,19,s,1,1,0,0,0,0,0,2,1,s
I512,0,s,2,0,0,0,0,12,17,0,s,s,0,15,0,19,0,1,19,s,1,1,0,0,0,0,0,2,1,s
I513,0,s,2,0,1,0,0,12,17,0,s,s,0,15,0,19,0,1,19,s,1,s,0,0,1,0,0,2,1,s
1066,2,s,2,0,1,0,s,12,17,0,s,s,0,d,0,19,1,1,19,s,s,s,0,0,d,0,0,2,1,s
I518,0,s,2,0,s,0,0,12,17,0,s,s,0,15,2,19,1,1,19,s,1,s,0,0,1,0,0,2,1,s
1091,0,s,2,0,s,0,0,12,17,d,s,s,0,15,2,19,d,1,19,s,1,s,0,0,1,0,0,2,d,s
1090,0,s,2,d,s,0,0,12,17,0,s,s,0,15,2,19,1,1,19,s,1,s,0,0,1,2,0,2,1,s
I520,0,s,2,0,0,0,0,12,17,0,s,s,0,15,0,19,0,1,19,s,1,1,0,0,0,s,0,2,1,s
I521,0,s,2,0,0,0,0,12,17,0,s,s,0,15,0,s,0,1,19,s,1,1,0,0,0,s,0,2,1,s
1322,0,s,2,0,0,0,0,12,d,0,s,s,d,15,0,s,0,1,19,s,1,d,8,d,d,s,0,2,1,s
1256,0,s,2,0,0,0,d,12,17,0,s,s,0,s,2,s,s,1,19,s,d,1,0,2,0,s,0,2,1,s
I524,0,s,2,0,0,0,0,12,17,0,s,s,0,15,0,19,0,1,19,s,1,1,0,0,0,s,6,2,1,s
1354,0,s,2,0,1,0,0,d,17,0,s,s,0,15,0,19,d,1,19,s,1,d,0,0,0,s,d,2,1,s
1586,2,s,2,0,0,0,0,12,s,5,s,s,d,15,0,19,0,1,19,s,1,1,0,0,0,s,6,2,1,s
I527,0,s,2,1,0,0,0,12,0,5,s,s,0,15,0,19,0,1,19,s,1,1,0,0,0,0,0,2,1,s
I528,0,s,2,1,0,0,0,12,0,5,s,s,0,15,0,19,0,1,19,s,1,1,0,0,0,0,0,2,1,s
1655,0,s,2,1,0,0,d,12,d,5,s,s,0,15,0,19,0,1,19,s,1,1,0,2,11,0,0,2,1,s
I532,2,s,2,1,0,0,0,12,0,5,s,s,0,15,0,19,0,1,19,s,1,1,0,0,0,0,0,2,1,s
1389,2,s,2,1,d,d,3,12,8,5,s,s,0,d,0,19,0,1,19,s,1,1,d,0,0,d,0,2,1,s
1392,2,s,2,1,0,0,0,12,d,5,s,s,0,d,2,19,0,1,19,s,1,1,0,0,0,0,0,2,1,s
I535,0,s,2,1,0,0,0,12,0,5,s,s,0,15,0,19,0,1,19,s,1,1,0,2,0,0,0,2,1,s
I536,0,s,2,1,0,0,0,12,0,5,s,s,0,15,0,19,0,1,19,s,1,1,0,2,0,0,0,2,1,s
1210,0,s,2,1,0,1,0,12,0,5,s,s,0,s,d,19,d,1,d,s,d,1,11,2,0,0,0,2,1,s
1236,d,s,2,1,0,0,1,12,0,5,s,s,0,15,0,d,0,d,19,s,1,1,0,2,0,0,0,2,1,s
I539,0,s,2,1,0,0,0,12,0,5,s,s,0,15,0,19,0,1,19,s,1,1,2,2,0,0,1,2,1,s
1155,0,s,2,1,0,0,0,12,0,5,s,s,0,d,2,19,d,1,19,s,1,1,2,2,d,2,1,2,d,s
I541,0,s,2,1,0,0,0,12,0,5,s,s,0,15,0,19,0,1,19,s,1,1,2,2,0,0,1,2,1,s
1175,0,s,d,1,d,d,0,12,0,5,s,s,0,15,d,19,0,d,d,s,1,d,2,2,0,0,1,2,d,s
1174,d,s,2,d,0,0,0,12,d,5,s,s,0,15,0,19,d,1,d,s,1,1,2,2,8,2,1,2,1,s
I542,0,s,0,0,0,0,0,12,0,0,s,s,0,15,0,0,0,1,0,s,1,1,0,0,0,0,0,2,1,s
I543,0,s,5,0,0,0,0,12,0,0,s,s,0,15,0,0,0,1,0,s,1,1,0,0,0,0,0,2,1,s
I544,0,s,5,0,0,0,0,12,0,0,s,s,0,15,0,0,0,1,0,s,1,1,5,0,0,0,0,s,1,s
I545,0,s,5,1,0,0,0,12,0,0,s,s,0,15,0,0,0,1,0,s,1,1,5,0,0,0,0,s,1,s
I546,2,s,5,1,0,0,0,12,0,0,s,s,0,15,0,0,0,1,0,s,1,s,5,0,0,0,0,s,1,s
1183,d,s,5,1,0,31,0,12,d,0,s,s,s,15,2,25,0,1,0,s,d,s,5,0,0,d,4,s,1,s
1182,2,s,5,1,0,12,d,12,0,d,s,s,0,15,0,0,0,1,0,s,1,s,5,d,0,0,0,s,1,s
1083,0,s,5,1,0,d,0,12,11,d,s,s,0,15,0,0,0,1,0,s,1,1,5,0,0,0,0,s,1,s
I548,0,s,5,1,1,0,0,12,0,0,s,s,0,15,0,0,0,1,0,s,1,1,5,0,0,0,0,s,1,s
1047,0,s,5,s,1,0,s,12,20,0,s,s,0,15,d,0,1,1,0,s,1,1,5,0,0,0,d,s,1,s
1126,0,s,d,d,1,0,0,12,d,d,s,s,0,15,0,0,0,1,0,s,d,1,5,0,0,0,0,s,1,s
I552,0,s,5,0,0,0,0,12,0,0,s,s,0,15,0,0,0,1,0,s,1,1,8,0,0,0,0,2,1,s
I553,0,s,5,0,0,0,40,12,0,0,s,s,0,15,0,0,0,1,0,s,1,1,8,0,0,0,0,2,1,s
1089,0,s,5,0,0,0,40,12,0,0,s,s,0,15,0,27,0,1,0,s,s,1,8,0,d,0,0,2,1,s
I555,0,s,5,0,0,0,40,12,0,0,s,s,0,15,0,0,0,1,0,s,1,1,8,0,10,0,0,2,1,s
1203,0,s,s,s,d,0,40,12,0,0,s,s,0,15,0,0,0,1,0,s,1,1,8,0,10,0,6,2,d,s
1202,0,s,5,d,0,0,s,12,0,0,s,s,0,15,0,d,0,1,0,s,1,1,8,0,10,0,s,2,1,s
I556,0,s,5,0,0,0,0,12,0,0,s,s,3,15,0,0,0,1,0,s,1,1,8,0,0,0,0,2,1,s
1267,d,s,5,0,0,0,0,12,0,0,s,s,3,15,0,0,0,1,0,s,1,1,8,d,0,0,0,2,1,s
I558,0,s,5,0,0,0,0,12,0,0,s,s,3,15,s,0,0,1,0,s,1,1,8,0,0,0,0,2,1,s
2016,0,s,5,0,0,0,0,12,s,0,s,s,3,15,s,0,0,d,0,s,1,1,8,0,0,0,0,d,d,s
I560,0,s,5,0,0,0,0,12,0,0,s,s,3,15,s,0,0,1,0,s,1,1,8,0,1,0,0,2,1,s
2039,0,s,5,0,0,0,0,12,0,d,s,s,3,15,s,d,0,1,0,s,1,1,8,0,1,0,0,2,1,s
2038,0,s,d,0,0,0,0,12,d,0,s,s,d,15,s,0,d,1,0,s,1,1,8,0,d,0,0,2,1,s
I561,0,s,5,0,0,0,6,12,0,0,s,s,0,15,0,25,0,1,0,s,1,1,0,0,0,0,0,2,1,s
I562,0,s,5,0,0,0,6,12,0,0,s,s,0,15,0,25,0,1,0,s,1,1,0,0,0,0,0,2,1,s
I563,0,s,5,s,1,0,6,12,0,0,s,s,0,15,0,s,0,1,0,s,1,1,9,2,0,0,0,2,1,s
1194,0,s,5,s,1,16,6,12,16,0,s,s,3,15,2,s,0,d,d,s,1,d,9,2,0,d,0,d,d,s
1168,0,s,5,s,1,d,6,12,20,0,s,s,2,15,0,s,1,1,0,s,1,1,9,2,d,0,4,2,1,s
1517,0,s,s,3,1,13,6,12,0,5,s,s,3,15,0,25,s,1,0,s,1,1,0,0,0,2,6,d,1,s
I569,0,s,5,0,0,0,6,12,0,0,s,s,0,15,0,25,0,1,22,s,1,1,0,0,0,2,0,2,1,s
I570,0,s,5,0,0,0,6,12,0,0,s,s,0,15,0,25,0,1,22,s,1,1,0,0,0,2,0,2,1,s
1294,2,s,5,0,0,0,d,12,0,0,s,s,0,15,0,25,0,1,22,s,1,s,10,0,0,2,0,2,1,s
1352,0,s,5,0,0,0,6,12,d,0,s,s,0,15,0,25,4,1,22,s,1,d,0,0,8,2,25,2,1,s
I573,0,s,5,0,0,0,6,12,0,0,s,s,0,15,0,25,0,1,22,s,1,1,0,0,0,2,22,2,1,s
1551,0,s,5,0,d,0,6,d,0,0,s,s,0,15,0,25,3,1,22,s,1,1,0,d,1,2,d,d,1,s
1197,2,s,5,0,0,0,6,12,d,0,s,s,3,15,0,25,0,1,22,s,1,1,11,7,0,2,22,2,1,s
I576,0,s,0,0,0,0,0,12,0,0,s,s,0,0,0,0,0,1,0,s,1,1,8,0,5,0,0,0,1,s
I577,0,s,0,0,0,0,3,12,0,0,s,s,0,0,0,0,1,1,0,s,1,1,8,s,5,0,0,0,1,s
I578,0,s,4,0,0,0,3,12,0,0,s,s,0,0,0,0,1,1,0,s,1,1,8,s,5,0,0,0,1,s
I579,0,s,4,0,0,0,3,12,0,0,s,s,0,0,0,18,1,1,0,s,1,1,8,s,s,0,0,0,1,s
I581,0,s,4,0,0,0,3,12,0,0,s,s,0,5,0,18,1,1,0,s,1,1,8,s,s,0,0,2,1,s
1835,0,s,4,0,d,d,3,d,0,0,s,s,0,d,0,18,1,1,0,s,1,1,8,s,s,0,0,2,d,s
1834,d,s,4,d,0,0,3,12,0,0,s,s,0,5,0,18,1,1,0,s,1,1,8,s,s,0,0,2,1,s
I585,2,s,4,0,1,0,3,12,0,s,s,s,0,0,2,18,1,1,0,s,1,1,8,s,s,0,0,0,1,s
1749,2,s,4,d,1,0,3,12,0,s,s,s,0,0,2,d,1,1,d,s,1,1,8,s,s,2,0,0,1,s
1748,2,s,4,0,1,0,3,12,d,s,s,s,0,0,2,18,1,1,0,s,1,d,8,s,s,0,0,0,1,s
I592,0,s,s,1,0,0,3,12,0,0,s,s,0,0,0,0,1,1,0,s,1,1,8,s,5,6,0,0,1,s
1341,d,s,s,1,0,d,3,d,0,d,s,s,0,d,0,0,1,1,0,s,1,1,d,s,5,6,0,0,1,s
1340,0,s,s,1,s,0,3,12,0,1,s,s,0,0,0,0,1,d,0,s,1,1,8,s,5,6,0,0,1,s
I593,0,s,0,0,0,0,3,12,0,0,s,s,0,0,0,0,1,1,0,s,1,1,8,s,5,0,22,0,1,s
I594,2,s,0,0,1,0,3,12,0,0,s,s,0,0,0,0,1,1,3,s,1,1,8,s,5,0,22,0,1,s
I595,2,s,5,0,1,5,3,12,0,0,s,s,0,0,0,0,1,1,3,s,1,1,8,s,5,0,22,0,1,s
I596,2,s,5,0,1,5,3,12,20,0,s,s,0,0,0,0,1,1,3,s,1,1,8,s,5,0,22,0,1,s
1199,2,s,5,d,1,5,3,12,d,0,s,s,0,0,0,0,1,d,3,s,1,1,8,s,5,0,d,0,1,s
1198,2,s,5,0,1,5,3,12,20,0,s,s,0,0,0,0,1,1,3,s,1,1,8,s,5,0,22,0,1,s
I597,2,s,5,0,1,5,3,12,8,5,s,s,3,0,0,0,1,1,3,s,1,1,8,s,5,0,22,0,1,s
2010,2,s,d,0,d,5,3,12,d,5,s,s,3,0,s,0,1,1,3,s,d,1,8,s,d,0,22,0,1,s
2002,2,s,5,0,1,5,3,d,8,5,s,s,3,0,0,d,d,1,d,s,d,1,8,s,5,0,22,0,1,s
1216,2,s,4,1,1,0,3,d,0,5,s,s,0,d,d,0,d,d,d,s,s,1,8,s,5,0,22,s,d,s
I603,0,s,0,0,1,0,3,12,0,0,s,s,0,0,0,0,1,1,0,s,1,1,8,s,5,0,22,0,1,s
1418,d,s,0,0,1,0,3,12,0,d,s,s,0,0,0,27,1,1,0,s,1,1,8,s,d,s,d,0,1,s
I608,0,s,0,0,1,0,3,12,14,0,s,s,0,0,0,0,1,1,0,s,1,1,8,s,5,0,22,0,1,s
1207,0,s,0,d,1,0,3,12,14,0,s,s,0,3,0,0,1,1,0,s,1,d,8,s,5,d,22,0,1,s
1206,0,s,0,0,1,0,3,d,d,d,s,s,d,0,2,0,1,1,0,s,d,1,8,s,5,0,22,2,1,s
I610,0,s,4,0,0,0,0,12,0,0,s,s,0,0,0,0,0,1,0,s,1,1,8,0,5,2,0,2,1,s
I611,0,s,4,0,0,0,0,12,14,0,s,s,0,0,0,0,0,1,0,s,1,1,8,0,5,2,0,2,1,s
I612,0,s,4,0,0,0,0,12,14,0,s,s,3,0,0,0,0,1,0,s,1,1,8,0,5,s,0,2,1,s
I615,2,s,4,0,0,0,0,12,14,0,s,s,3,0,0,0,1,1,0,s,1,1,8,0,5,s,0,2,1,s
1383,2,s,4,0,0,0,0,12,14,0,s,s,3,0,0,0,1,1,d,s,1,1,8,d,d,s,d,2,d,s
1382,2,s,4,0,0,6,0,d,14,0,s,s,3,0,0,0,1,1,0,s,1,1,d,0,5,s,27,2,1,s
I616,0,s,4,0,0,0,0,12,14,0,s,s,3,0,0,0,0,1,0,s,1,1,8,0,5,s,0,2,1,s
I617,0,s,4,0,0,8,0,12,14,0,s,s,s,0,0,0,0,1,29,s,1,1,8,0,5,s,0,2,1,s
1453,0,s,4,0,0,8,0,12,14,0,s,s,s,d,d,0,0,1,29,s,1,d,8,d,5,s,0,2,d,s
1452,0,s,4,0,1,8,0,12,14,d,s,s,s,0,0,0,0,1,29,s,1,1,d,d,5,s,0,2,1,s
I618,0,s,4,0,0,0,0,12,14,0,s,s,3,0,0,0,0,s,0,s,1,1,8,0,5,s,25,2,1,s
1533,0,s,4,0,0,0,0,12,14,0,s,s,3,0,0,0,0,s,d,s,d,1,8,5,5,s,25,2,1,s
1532,0,s,4,0,d,0,0,12,14,d,s,s,d,0,d,0,0,s,0,s,1,1,8,0,5,s,25,2,d,s
I619,0,s,4,0,0,0,0,12,14,0,s,s,3,0,0,0,0,1,0,s,1,1,8,0,5,2,0,2,1,s
I620,0,s,4,0,0,0,0,12,14,0,s,s,3,0,0,0,0,1,0,s,1,1,8,0,5,2,0,2,1,s
I621,0,s,4,1,0,0,0,12,14,0,s,s,3,0,0,0,0,1,0,s,1,1,8,0,5,2,0,2,1,s
1461,d,s,d,1,d,d,0,12,14,0,s,s,d,0,0,0,0,1,0,s,1,d,8,0,5,2,4,2,1,s
1460,0,s,s,1,0,0,0,12,14,6,s,s,3,0,0,0,0,1,0,s,1,1,8,0,d,2,0,2,1,s
1200,0,s,4,d,d,0,0,12,14,0,s,s,3,0,s,0,0,1,d,s,1,1,8,0,5,2,0,2,1,s
I623,0,s,4,0,0,0,17,12,14,0,s,s,3,5,0,0,0,1,0,s,1,1,8,0,5,2,0,2,1,s
1324,0,s,4,d,0,0,17,12,14,0,s,s,3,s,0,0,d,1,0,s,1,s,8,0,5,2,d,2,d,s
1399,d,s,4,3,0,0,d,d,14,0,s,s,3,5,d,0,0,1,0,s,1,d,8,0,d,d,d,2,1,s
I626,0,s,4,0,1,0,0,12,0,0,s,s,0,0,0,0,1,1,0,s,1,1,8,0,5,2,s,2,1,s
I627,0,s,4,0,1,0,1,12,0,0,s,s,0,0,0,s,1,1,0,s,1,1,8,0,5,2,s,2,1,s
I628,0,s,4,0,s,s,1,12,0,0,s,s,0,0,0,s,1,1,0,s,1,1,8,0,5,s,s,2,1,s
1185,d,s,d,0,s,s,1,12,0,5,s,s,d,0,0,s,1,1,0,s,1,1,d,0,5,s,s,2,s,s
I630,2,s,4,0,s,s,1,12,0,0,s,s,0,0,0,s,1,1,0,s,1,1,8,0,5,s,s,2,1,s
1317,2,s,4,0,s,s,1,12,0,0,s,s,d,0,0,s,1,1,0,s,1,1,8,d,5,s,s,d,1,s
1316,2,s,4,d,s,s,1,d,0,0,s,s,3,0,0,s,d,1,0,s,1,1,8,0,5,s,s,2,1,s
I631,0,s,4,1,1,0,1,12,0,0,s,s,0,0,2,s,1,1,0,s,1,1,8,0,s,2,s,2,1,s
1384,s,s,4,1,1,0,1,12,d,0,s,s,0,0,2,s,1,1,0,s,1,1,8,0,s,2,s,2,1,s
1412,0,s,d,1,1,0,1,12,0,5,s,s,3,0,d,s,1,1,0,s,1,1,s,0,s,d,s,2,1,s
I634,0,s,4,0,1,0,0,12,0,0,s,s,0,0,0,0,1,1,0,s,1,1,8,0,5,2,s,2,1,s
1484,0,s,4,0,d,d,0,s,0,d,s,s,0,0,0,8,1,1,1,s,d,1,8,7,5,d,s,2,1,s
I638,0,s,4,0,1,0,0,12,0,0,s,s,0,0,0,0,1,1,0,s,1,1,8,6,5,2,s,2,1,s
1469,2,s,4,0,1,0,3,12,d,0,s,s,0,0,0,0,1,1,0,s,1,1,8,6,5,2,s,2,1,s
I640,0,s,4,0,1,0,0,12,0,0,s,s,0,0,0,0,1,1,0,s,1,1,8,6,5,2,s,2,1,s
1351,0,s,4,0,1,0,0,12,d,0,s,s,0,0,0,0,1,1,d,s,1,1,8,6,5,d,s,2,1,s
1350,0,s,4,0,1,0,0,12,d,d,s,s,d,0,0,0,1,1,0,s,d,1,8,6,5,2,s,d,1,s
I641,0,s,0,0,s,s,0,12,0,0,s,s,3,0,0,7,0,1,5,s,1,0,0,0,0,0,0,0,0,s
I642,0,s,0,0,s,s,0,12,0,0,s,s,3,0,0,7,0,1,5,s,1,0,0,0,3,4,0,0,0,s
I643,2,s,0,3,s,s,0,12,0,0,s,s,3,0,0,7,0,1,5,s,1,0,0,1,3,4,0,0,0,s
I644,2,s,0,3,s,s,17,12,0,0,s,s,3,0,0,7,0,1,5,s,1,0,0,1,3,4,0,2,0,s
I645,2,s,0,3,s,s,17,12,0,0,s,s,3,0,0,7,0,1,5,s,1,0,0,1,3,4,0,2,0,s
1861,2,s,0,3,s,s,17,12,11,0,s,s,d,0,d,7,0,1,5,s,1,d,0,1,3,4,d,d,0,s
I649,2,s,0,3,s,s,17,12,12,0,s,s,3,6,0,7,0,s,5,s,1,0,0,1,3,4,0,2,0,s
1818,2,s,0,3,s,s,d,12,12,0,s,s,3,6,2,7,0,s,d,s,1,0,0,1,3,4,0,2,0,s
I651,2,s,0,3,s,s,17,12,12,0,s,s,3,6,0,7,0,s,5,s,1,0,0,1,3,4,0,2,0,s
1559,2,s,0,3,s,s,17,12,12,0,s,s,3,6,0,7,0,s,5,s,1,0,9,1,3,4,d,2,d,s
1558,2,s,0,d,s,s,17,12,d,0,s,s,3,6,0,7,0,s,5,s,1,1,0,1,3,4,0,2,0,s
I652,2,s,0,3,s,s,17,12,0,s,s,s,3,0,0,7,0,1,5,s,1,0,0,1,3,4,0,2,0,s
I655,s,s,0,3,s,s,17,12,0,s,s,s,3,s,0,7,0,1,5,s,1,0,s,1,3,4,0,2,0,s
1519,s,s,0,3,s,s,d,12,0,s,s,s,3,s,0,d,4,1,d,s,d,0,s,1,d,4,0,2,0,s
1518,s,s,0,3,s,s,17,12,0,s,s,s,3,s,0,7,0,1,5,s,1,0,s,1,3,4,0,2,0,s
I656,2,s,0,3,s,s,17,12,0,s,s,s,3,0,0,7,0,1,5,s,1,0,0,1,3,4,0,2,0,s
1636,2,s,0,3,s,s,17,d,0,s,s,s,d,0,2,7,0,1,5,s,1,d,0,1,3,4,0,2,0,s
1700,2,s,0,3,s,s,17,12,0,s,s,s,3,d,0,d,0,d,5,s,d,d,0,1,d,4,0,2,0,s
I659,2,s,s,3,s,s,0,12,0,0,s,s,3,0,0,7,0,1,5,s,1,0,0,1,3,4,0,0,0,s
I660,2,s,s,3,s,s,0,12,0,0,s,s,3,0,0,7,0,1,5,s,1,0,0,1,3,4,0,0,0,s
1220,2,s,s,3,s,s,0,12,0,5,s,s,3,0,0,7,0,d,5,s,1,1,d,1,3,4,6,0,0,s
I664,2,s,s,3,s,s,1,12,0,0,s,s,3,0,0,7,0,1,5,s,1,0,0,1,3,4,0,0,0,s
1471,2,s,s,3,s,s,1,d,0,d,s,s,3,0,0,7,0,1,5,s,1,0,0,1,3,4,0,2,0,s
1402,2,s,s,3,s,s,1,12,0,0,s,s,3,0,0,7,0,1,5,s,1,d,d,d,3,4,0,d,d,s
I667,2,s,s,s,s,s,39,12,0,0,s,s,3,0,0,7,0,1,5,s,1,1,9,1,3,4,0,0,0,s
I668,2,s,s,s,s,s,39,12,0,0,s,s,3,0,0,7,0,1,5,s,1,1,9,1,3,4,0,s,1,s
I669,2,s,s,s,s,s,39,12,0,0,s,s,3,0,0,7,0,1,5,s,1,1,9,1,3,4,10,s,1,s
1561,2,s,s,s,s,s,39,12,0,0,s,s,d,0,0,7,d,1,5,s,1,1,d,1,3,4,10,s,1,s
1560,2,s,s,s,s,s,39,d,d,0,s,s,3,0,0,7,0,1,5,s,1,1,9,1,3,4,d,s,1,s
1621,2,s,s,s,s,s,d,12,0,0,s,s,3,0,d,7,0,d,5,s,1,1,9,1,3,4,0,s,1,s
I672,2,s,s,s,s,s,s,12,0,0,s,s,3,0,0,7,0,s,s,s,1,1,9,1,3,4,0,2,0,s
1631,2,s,s,s,s,s,s,12,0,0,s,s,3,0,0,7,0,s,s,s,1,1,9,1,3,4,0,2,d,s
1630,2,s,s,s,s,s,s,d,0,0,s,s,3,5,0,7,0,s,s,s,1,1,d,1,3,4,0,d,0,s
I674,0,s,0,0,s,s,0,12,0,0,s,s,3,0,0,7,0,1,5,s,1,0,11,0,3,4,0,0,0,s
I675,2,s,0,0,s,s,0,12,0,0,s,s,3,0,0,7,0,1,5,s,1,0,11,0,3,4,0,0,0,s
I676,2,s,4,0,s,s,0,12,0,0,s,s,3,0,0,7,0,1,5,s,1,0,11,1,3,4,0,2,0,s
I677,2,s,4,0,s,s,5,12,0,0,s,s,3,0,0,7,0,1,5,s,1,0,11,1,3,4,0,2,0,s
I678,2,s,4,0,s,s,5,12,0,0,s,s,3,0,0,7,1,1,5,s,1,0,11,1,3,4,0,2,0,s
1541,2,s,4,0,s,s,5,d,0,0,s,s,3,26,0,7,1,1,5,s,1,0,11,1,3,4,0,d,0,s
1540,2,s,d,0,s,s,5,12,0,0,s,s,3,d,0,d,1,1,5,s,1,0,d,1,3,4,0,2,0,s
1465,2,s,4,1,s,s,d,12,0,0,s,s,3,0,2,7,0,1,d,s,1,d,d,1,3,4,d,2,0,s
1135,2,s,4,d,s,s,0,12,0,0,s,s,3,0,0,d,0,1,5,s,1,0,11,d,d,d,27,2,1,s
I683,2,s,0,0,s,s,0,12,0,0,s,s,3,0,0,7,0,1,5,s,s,0,11,0,3,4,0,0,0,s
I684,2,s,0,0,s,s,0,12,0,0,s,s,3,0,0,7,0,1,5,s,s,0,s,0,3,4,0,0,0,s
1854,2,s,0,d,s,s,0,12,0,d,s,s,3,d,0,7,0,1,5,s,s,0,s,0,3,4,0,0,0,s
1795,2,s,0,0,s,s,0,12,d,d,s,s,3,10,0,7,0,1,5,s,s,d,s,d,3,4,0,d,d,s
I687,2,s,0,0,s,s,0,12,0,0,s,s,3,0,0,7,0,1,5,s,s,0,11,0,3,4,0,0,0,s
I688,2,s,0,0,s,s,0,12,0,0,s,s,3,0,0,7,3,1,5,s,s,0,11,2,3,4,15,s,0,s
1531,2,s,d,0,s,s,d,12,0,0,s,s,3,0,0,7,3,1,d,s,s,0,11,2,d,4,15,s,0,s
1530,2,s,0,0,s,s,0,12,0,0,s,s,3,0,0,d,d,1,5,s,s,0,d,2,d,4,15,s,0,s
I689,2,s,0,0,s,s,0,12,0,0,s,s,3,0,0,7,0,1,5,s,s,0,11,0,3,4,0,0,0,s
1527,2,s,0,0,s,s,0,12,0,0,s,s,3,d,0,7,0,d,5,s,s,0,11,0,3,4,0,2,0,s
1526,2,s,0,0,s,s,0,12,d,0,s,s,3,0,0,d,0,d,5,s,s,0,11,0,3,4,0,0,d,s
I690,0,s,0,1,s,s,0,12,0,0,s,s,3,0,0,7,0,1,5,s,1,0,11,0,3,4,0,5,0,s
I691,0,s,0,1,s,s,17,12,0,5,s,s,3,0,0,7,0,1,5,s,1,0,11,0,3,4,0,5,0,s
I692,0,s,0,1,s,s,17,12,0,5,s,s,3,0,0,7,0,1,5,s,1,0,11,0,3,4,0,5,0,s
I693,2,s,0,1,s,s,17,12,0,5,s,s,3,0,0,7,0,1,5,s,1,0,11,0,3,4,0,5,0,s
1149,2,s,0,1,s,s,d,d,0,d,s,s,3,0,0,7,0,1,5,s,1,0,11,0,3,4,d,5,0,s
1148,2,s,0,1,s,s,17,12,0,5,s,s,3,0,0,7,0,1,5,s,1,0,11,d,3,d,1,5,0,s
1189,0,s,0,1,s,s,17,12,d,5,s,s,3,1,2,7,1,1,5,s,1,0,11,0,3,4,10,5,d,s
I695,2,s,0,1,s,s,17,12,8,5,s,s,3,0,0,s,0,1,5,s,1,0,11,0,3,4,19,5,1,s
1463,2,s,0,d,s,s,17,12,8,5,s,s,3,0,0,s,0,1,d,s,1,0,11,0,3,4,19,5,1,s
1510,2,s,0,1,s,s,d,12,8,5,s,s,3,0,s,s,0,1,5,s,1,0,d,0,3,4,19,5,1,s
I698,0,s,0,1,s,s,0,12,0,0,s,s,3,10,0,7,0,1,5,s,1,1,11,0,3,4,0,5,0,s
I699,0,s,0,1,s,s,0,12,0,0,s,s,3,10,0,7,0,1,5,s,1,1,11,0,3,4,0,5,0,s
1356,d,s,0,1,s,s,0,12,10,0,s,s,3,10,0,7,0,1,5,s,d,1,d,0,3,4,6,5,0,s
1274,d,s,0,d,s,s,d,12,d,0,s,s,3,10,2,7,0,1,5,s,d,1,11,0,d,4,0,d,0,s
1307,0,s,0,1,s,s,d,12,d,0,s,s,3,10,d,7,1,1,5,s,1,1,11,d,3,4,0,5,0,s
I705,0,s,0,0,s,s,0,12,0,0,s,s,3,0,0,7,0,1,5,s,1,0,0,0,0,2,0,0,0,s
I706,0,s,0,0,s,s,0,12,0,0,s,s,3,0,0,7,0,1,5,s,1,0,0,0,0,2,0,0,0,s
I707,0,s,0,0,s,s,0,12,0,0,s,s,3,0,0,7,0,1,5,s,1,0,0,0,0,2,27,0,0,s
I708,0,s,0,0,s,s,0,12,0,0,s,s,3,0,0,7,0,1,5,s,1,0,0,0,0,2,27,0,1,s
I709,0,s,0,0,s,s,0,12,0,5,s,s,3,0,0,7,0,1,5,s,1,0,0,2,0,2,27,0,1,s
1232,0,s,0,0,s,s,0,12,0,5,s,s,3,0,2,d,0,d,5,s,1,1,d,2,0,d,27,0,1,s
I711,0,s,0,0,s,s,0,12,0,5,s,s,3,0,0,7,0,1,5,s,1,0,0,2,0,2,27,0,1,s
1555,0,s,0,0,s,s,0,12,0,5,s,s,3,0,0,7,0,1,d,s,1,0,0,2,0,2,27,0,1,s
1554,0,s,d,0,s,s,0,12,0,d,s,s,3,0,d,7,0,1,5,s,1,0,0,2,d,2,d,2,1,s
1673,0,s,0,1,s,s,0,12,0,0,s,s,3,0,0,7,4,1,5,s,1,1,0,0,1,2,27,0,1,s
I716,s,s,0,0,s,s,9,12,14,0,s,s,3,0,0,7,1,1,5,s,1,0,s,0,0,2,27,0,0,s
1723,s,s,0,0,s,s,d,12,14,d,s,s,3,0,0,7,1,d,5,s,1,d,s,0,0,2,27,d,0,s
1816,s,s,0,0,s,s,9,d,14,0,s,s,3,0,2,7,1,1,5,s,1,0,s,0,0,2,27,0,0,s
I722,0,s,0,0,s,s,0,12,0,0,s,s,3,0,0,7,0,1,5,s,1,0,1,0,0,2,0,0,1,s
I724,0,s,0,0,s,s,0,12,0,0,s,s,3,0,0,7,0,1,5,s,1,0,1,0,0,2,0,0,1,s
1577,0,s,0,0,s,s,0,12,0,0,s,s,3,0,0,d,0,1,5,s,d,0,1,s,d,2,0,0,1,s
1646,2,s,0,0,s,s,0,12,0,5,s,s,d,d,d,7,0,1,s,s,d,0,1,d,d,2,0,0,1,s
I730,0,s,0,0,s,s,0,12,0,0,s,s,3,0,0,7,0,1,5,s,1,0,1,0,0,2,0,2,1,s
I731,0,s,0,0,s,s,0,12,0,0,s,s,3,0,0,7,0,1,5,s,1,0,1,0,0,2,0,2,1,s
I732,0,s,0,0,s,s,0,12,0,0,s,s,3,5,0,7,0,1,5,s,1,0,1,0,0,2,0,2,1,s
1873,0,s,0,0,s,s,0,12,0,0,s,s,3,5,d,d,d,1,d,s,1,0,d,0,0,2,0,2,1,s
1872,0,s,0,d,s,s,0,12,8,0,s,s,3,5,d,7,0,1,d,s,d,0,1,0,0,2,d,d,1,s
I733,0,s,0,0,s,s,5,12,0,0,s,s,3,0,0,7,0,1,5,s,1,0,1,0,0,2,0,2,1,s
2023,0,s,0,0,s,s,5,12,0,0,s,s,3,0,0,d,0,1,5,s,1,0,1,0,0,2,0,2,1,s
2022,0,s,0,0,s,s,5,d,0,0,s,s,3,0,0,d,0,d,5,s,1,0,1,0,d,2,0,2,1,s
I734,0,s,0,0,s,s,0,12,0,0,s,s,3,29,0,7,0,1,5,s,1,0,1,2,0,2,1,2,1,s
I735,0,s,0,0,s,s,1,12,0,0,s,s,3,29,0,7,0,1,5,s,1,0,1,2,0,2,1,2,1,s
1989,0,s,0,0,s,s,d,d,0,0,s,s,3,29,0,7,0,d,5,s,1,d,1,2,0,2,1,2,1,s
1988,0,s,0,0,s,s,1,12,0,0,s,s,3,29,d,7,0,d,5,s,1,0,1,d,0,2,1,2,1,s
I736,0,s,0,0,s,s,0,12,0,0,s,s,3,29,0,s,0,1,5,s,1,0,1,2,0,2,1,2,1,s
2019,0,s,d,0,s,s,0,12,d,0,s,s,3,29,0,s,0,1,5,s,d,0,1,2,0,2,1,2,1,s
2018,0,s,d,0,s,s,0,12,0,0,s,s,3,d,0,s,0,1,5,s,1,0,1,2,0,2,1,2,1,s
I737,0,s,0,0,s,s,0,12,0,0,s,s,3,0,0,7,0,1,5,s,1,0,0,0,0,2,15,0,0,s
I738,0,s,s,0,s,s,0,12,0,0,s,s,3,0,0,7,0,1,5,s,1,0,0,0,0,2,15,0,0,s
I739,0,s,s,0,s,s,0,12,0,0,s,s,3,0,0,7,0,1,5,s,1,0,0,0,0,2,15,2,0,s
I740,0,s,s,3,s,s,37,12,0,0,s,s,3,0,0,7,0,1,5,s,1,0,0,0,0,2,15,2,0,s
1261,0,s,s,3,s,s,d,d,0,0,s,s,3,0,0,7,0,d,5,s,1,0,d,0,0,2,15,d,1,s
1437,s,s,s,3,s,s,37,12,0,0,s,s,d,0,2,7,0,d,d,s,1,0,0,d,d,2,15,2,1,s
1588,0,s,s,d,s,s,1,12,0,5,s,s,3,0,0,7,1,1,5,s,1,0,0,0,d,2,15,s,0,s
I752,0,s,s,s,s,s,0,12,0,0,s,s,3,5,0,7,0,1,5,s,1,0,0,0,0,2,15,0,0,s
1105,0,s,s,s,s,s,0,12,0,0,s,s,3,5,0,7,0,1,5,s,1,0,d,d,0,2,15,0,0,s
1104,0,s,s,s,s,s,0,12,d,0,s,s,3,5,d,7,0,1,d,s,1,0,0,d,d,2,15,d,d,s
I761,0,s,0,0,s,s,0,12,0,5,s,s,3,24,0,7,0,s,5,s,1,1,0,0,0,2,15,0,0,s
I762,0,s,0,0,s,s,0,12,0,5,s,s,3,24,0,7,0,s,5,s,1,1,0,0,0,2,15,0,0,s
1139,0,s,0,0,s,s,s,12,d,5,s,s,3,24,0,7,0,s,5,s,1,d,0,1,0,2,15,2,0,s
1062,2,s,0,0,s,s,0,12,14,5,s,s,3,s,d,7,0,s,5,s,1,1,0,0,0,2,s,0,1,s
I765,0,s,0,0,s,s,0,12,0,5,s,s,3,24,2,7,0,s,5,s,1,1,2,0,1,2,15,0,0,s
1130,0,s,0,0,s,s,0,12,0,5,s,s,3,d,2,s,0,s,5,s,s,1,2,0,d,2,15,0,d,s
I767,0,s,0,0,s,s,0,12,s,5,s,s,3,24,2,7,0,s,5,s,s,1,2,0,1,2,15,0,0,s
1281,0,s,0,0,s,s,0,12,s,5,s,s,3,24,2,7,0,s,5,s,s,1,2,0,1,2,15,d,0,s
1280,0,s,0,0,s,s,0,12,s,5,s,s,3,24,2,7,0,s,5,s,s,1,2,0,1,d,15,0,0,s
I768,0,0,0,0,0,0,0,12,0,0,s,3,0,0,0,0,0,0,0,0,0,0,0,0,0,0,0,0,0,0
I769,0,0,0,0,0,0,0,12,0,0,s,3,0,0,0,0,0,0,0,0,0,0,0,0,0,0,0,0,1,0
I770,s,0,0,0,0,1,0,12,0,0,s,3,3,0,0,8,0,0,0,s,0,0,0,s,0,0,0,0,1,0
I771,s,2,0,0,0,1,0,12,0,0,s,3,3,0,0,8,0,0,0,s,0,0,0,s,0,2,0,0,1,0
I772,s,2,5,0,0,1,0,12,0,0,s,3,3,0,0,8,s,0,0,s,0,0,11,s,0,2,22,0,1,0
I773,s,2,5,0,0,1,0,12,0,0,s,3,3,0,0,8,s,0,0,s,0,0,11,s,0,2,22,0,1,0
I774,s,2,5,0,0,1,0,12,0,0,s,3,3,0,0,8,s,0,0,s,0,0,11,s,0,2,22,0,1,0
1870,s,2,5,0,0,d,0,d,0,d,s,d,3,0,0,8,s,0,d,s,0,0,11,s,0,2,22,0,1,20
1954,s,2,5,0,0,1,0,12,0,0,s,3,3,10,2,8,s,0,0,s,0,0,d,s,0,2,22,0,1,0
1641,s,2,5,d,0,d,0,12,0,0,s,3,3,0,s,8,s,2,0,s,d,1,11,s,11,s,22,d,1,d
I780,s,2,5,0,0,1,3,12,0,0,s,3,3,0,0,8,s,0,0,s,0,1,11,s,0,2,22,0,1,0
I781,s,2,5,0,0,1,3,12,0,0,s,3,3,0,0,8,s,2,0,s,0,1,11,s,0,2,22,3,1,0
1430,s,2,5,0,d,d,3,12,0,5,s,d,3,0,2,8,s,2,0,s,0,1,11,s,0,2,22,3,1,s
1360,s,s,5,0,0,1,3,12,d,0,s,3,3,0,0,8,s,2,0,s,0,1,11,s,0,2,d,3,1,0
I784,s,s,5,2,0,1,3,12,0,0,s,3,3,0,0,8,s,0,0,s,0,1,11,s,0,2,22,0,1,0
1623,s,s,5,2,0,1,3,12,0,0,s,3,3,0,d,8,s,0,0,s,1,1,11,s,d,2,d,0,1,0
1696,s,s,5,2,0,1,3,12,0,0,s,3,3,0,0,8,s,0,0,s,0,1,11,s,0,2,d,0,d,0
I787,s,2,0,0,0,1,0,12,0,0,s,3,3,0,0,8,0,0,0,s,0,0,0,s,0,2,0,0,1,0
I788,s,2,0,0,0,1,0,12,0,0,s,3,s,0,0,8,0,0,0,s,0,0,0,s,0,2,0,0,1,0
I789,s,2,0,1,0,1,5,12,0,5,s,3,s,0,0,8,3,0,0,s,0,0,0,s,1,2,0,0,1,0
1998,s,d,d,1,d,d,5,12,0,5,s,3,s,0,d,8,3,2,0,s,0,2,0,s,1,2,0,0,1,d
998,s,2,5,1,0,1,5,12,0,5,s,3,s,0,2,8,3,0,0,s,d,0,8,s,1,2,d,2,d,0
I791,s,2,0,0,0,1,0,12,0,0,s,3,s,0,0,8,0,0,0,s,0,0,0,s,0,2,0,0,1,0
1720,s,2,0,0,0,d,d,12,0,0,s,3,s,0,d,8,0,0,0,s,0,0,0,s,1,2,0,0,1,0
I793,s,2,0,0,0,1,0,12,0,0,s,3,s,0,0,8,0,0,0,s,0,0,0,s,0,2,0,0,1,0
1917,s,2,0,0,d,1,0,12,d,0,s,3,s,0,0,8,0,0,0,s,s,0,0,s,0,2,0,0,d,d
1916,s,2,0,0,0,1,3,12,0,0,s,3,s,0,0,8,0,0,d,s,0,d,0,s,d,2,0,d,1,0
I794,s,2,0,0,s,1,0,12,0,0,s,3,3,0,0,8,0,0,0,s,0,0,0,s,0,2,0,0,1,0
1020,s,d,0,d,s,1,0,12,0,1,s,3,3,36,0,8,3,0,0,s,1,2,0,s,0,2,0,0,1,0
I796,s,2,0,0,s,1,0,12,0,0,s,3,3,0,0,8,0,0,0,s,0,0,0,s,0,2,0,0,1,0
1837,s,2,0,0,s,1,0,12,0,0,s,3,3,0,0,8,0,0,0,s,3,0,8,s,0,2,0,0,1,4
1938,s,2,d,0,s,1,0,12,14,0,s,d,d,0,0,8,0,0,0,s,d,0,0,s,0,2,d,0,1,0
I799,s,0,0,0,0,1,15,12,0,0,s,3,3,0,s,8,0,0,0,s,0,0,0,s,0,0,0,0,1,0
I800,s,0,0,0,0,1,15,12,0,0,s,3,3,0,s,8,0,0,0,s,0,1,0,s,0,0,0,0,1,0
I801,s,0,4,0,0,1,15,12,0,0,s,3,3,0,s,8,0,2,0,s,0,1,0,s,0,0,0,0,1,0
1774,s,0,4,0,d,1,d,12,s,0,s,d,3,0,s,8,0,2,12,s,1,1,1,s,0,0,0,0,1,d
I807,s,0,4,0,1,s,15,12,0,0,s,3,3,0,s,8,0,2,0,s,1,1,0,s,0,0,25,0,1,0
1501,s,2,4,0,1,s,15,12,10,0,s,3,3,0,s,8,0,2,0,s,1,1,0,s,0,0,d,s,1,0
1500,s,0,4,d,d,s,15,12,0,0,s,3,3,0,s,8,1,d,0,s,1,1,0,s,0,0,25,0,1,0
I808,s,0,0,0,0,1,15,s,0,0,s,3,3,0,s,8,0,0,0,s,0,1,0,s,0,0,0,2,1,0
1812,s,0,0,0,0,1,15,s,0,5,s,3,3,0,s,8,0,d,0,s,1,1,0,s,0,0,0,2,1,0
1992,s,0,0,0,0,1,15,s,d,0,s,3,3,22,s,8,d,0,s,s,d,1,d,s,0,0,0,2,1,0
I815,s,2,0,0,0,1,15,12,0,0,s,3,3,0,s,8,0,0,0,s,0,0,0,s,0,0,0,0,1,0
I816,s,2,0,0,0,1,15,12,0,0,s,3,3,0,s,8,0,2,0,s,0,0,0,s,s,0,0,0,1,0
I817,s,2,0,0,0,1,15,12,0,0,s,3,3,0,s,8,0,2,0,s,0,0,0,s,s,0,0,0,1,0
1918,s,2,0,0,s,1,15,12,0,0,s,3,3,s,s,8,0,2,10,s,0,0,0,s,s,0,0,0,d,0
2026,s,d,0,0,0,1,d,12,0,0,s,3,3,0,s,8,0,2,0,s,0,0,0,s,s,0,0,2,1,0
1851,s,2,0,d,d,1,15,d,d,s,s,3,3,0,s,8,0,2,0,s,0,d,0,s,s,0,0,2,1,d
I827,s,2,0,1,0,s,15,12,0,0,s,3,3,0,s,8,0,2,0,s,0,0,0,s,0,0,0,0,1,20
1547,s,2,4,1,0,s,15,12,0,0,s,3,3,0,s,8,0,s,0,s,0,0,0,s,1,6,0,d,1,20
1707,s,2,0,1,0,s,15,12,0,0,s,d,3,d,s,8,0,2,4,s,0,0,0,s,0,6,0,d,d,20
I830,0,0,0,0,0,0,0,12,0,0,s,3,0,0,0,0,0,0,0,0,0,0,0,0,0,0,0,0,1,0
I831,0,0,0,0,0,0,0,12,0,0,s,3,4,0,0,0,0,0,0,5,0,0,1,2,0,0,0,0,1,0
I832,0,0,0,0,0,0,0,12,0,0,s,3,4,6,0,0,0,0,0,5,0,0,1,2,0,0,0,2,1,0
I833,0,0,0,1,0,0,0,12,0,0,s,3,4,6,0,5,0,0,0,5,0,0,1,2,11,0,0,2,1,0
I834,0,0,0,1,1,0,0,12,0,0,s,3,4,6,2,5,s,0,0,5,1,1,1,2,11,0,0,2,1,0
1514,0,0,0,1,1,0,0,12,0,0,s,3,4,6,2,5,s,1,0,d,1,1,1,2,11,0,0,2,1,d
1686,0,2,0,1,d,0,0,12,0,d,s,d,4,6,s,d,s,1,0,5,1,1,1,2,11,d,0,d,s,0
I837,0,0,0,1,1,0,0,12,0,0,s,3,4,6,0,5,0,2,0,5,0,0,1,2,11,0,0,2,1,0
I838,0,0,0,1,1,0,0,12,0,0,s,3,4,6,0,5,0,2,0,5,0,0,1,2,11,0,0,2,1,0
1731,0,0,0,1,1,0,0,12,0,0,s,3,4,6,0,5,d,2,0,5,0,0,1,d,11,0,0,d,1,0
1730,0,0,0,1,1,0,d,12,d,0,s,3,4,d,0,5,1,2,22,d,0,0,1,2,11,0,0,2,1,0
I839,0,0,0,1,1,0,0,12,0,0,s,3,4,6,0,5,0,2,0,5,1,0,1,2,11,0,0,2,1,0
1679,0,0,0,1,1,0,0,12,0,0,s,3,4,6,0,5,0,2,0,5,1,0,1,2,11,0,0,2,1,0
1678,0,0,d,1,d,0,d,12,d,0,s,3,4,6,0,5,0,2,d,d,1,0,1,2,s,0,0,2,d,0
I840,0,0,0,0,0,0,0,12,6,0,s,3,4,6,0,0,0,0,0,5,0,s,1,2,0,0,0,2,1,0
1752,0,0,0,d,d,d,0,12,6,0,s,d,4,6,2,d,0,0,0,5,0,s,1,2,0,0,0,s,1,5
I846,0,0,0,0,0,0,0,12,6,5,s,3,4,6,0,33,0,0,6,5,0,s,1,2,5,2,25,2,1,0
1681,0,2,0,0,0,0,0,12,d,d,s,3,d,6,0,33,0,0,6,5,0,s,1,d,5,2,25,2,1,d
1680,0,0,0,0,0,d,0,d,6,5,s,3,4,6,0,33,0,0,6,d,0,s,d,2,5,2,25,d,d,d
I847,0,s,0,0,0,0,0,12,0,0,s,3,4,0,0,0,0,0,0,5,0,0,1,2,s,0,0,0,1,0
I852,0,s,0,0,0,31,0,12,10,0,s,3,4,0,0,0,0,2,16,5,0,0,1,2,s,0,0,0,1,0
1345,d,s,d,0,1,31,0,d,10,0,s,3,s,0,0,d,d,2,16,5,d,d,1,2,s,d,0,0,1,0
I854,0,s,0,3,s,31,0,12,10,0,s,3,4,0,0,0,0,2,16,5,0,0,1,2,s,0,0,0,1,0
1569,0,s,0,d,s,31,0,12,10,d,s,3,4,d,0,5,0,2,16,5,0,0,1,d,s,0,0,0,1,d
1568,d,s,0,3,s,31,0,12,10,0,s,d,4,0,0,0,0,2,16,5,0,d,1,2,s,0,0,0,1,d
I856,0,s,0,0,0,0,0,12,8,5,s,3,4,0,0,20,0,0,0,s,s,0,1,2,s,0,15,0,1,0
I857,0,s,0,0,0,0,0,12,8,5,s,3,4,17,0,20,0,0,0,s,s,0,1,2,s,0,15,0,1,0
1573,0,s,0,0,0,0,0,s,d,d,s,3,4,d,0,20,d,0,0,s,s,0,1,2,s,0,15,0,1,0
1572,0,s,0,0,0,0,9,12,8,d,s,3,4,d,0,20,0,0,0,s,s,0,d,2,s,d,15,0,1,0
I858,0,s,0,0,0,0,0,12,8,5,s,3,4,10,0,20,0,0,0,s,s,0,1,2,s,0,15,0,1,0
1767,0,s,0,d,0,0,0,12,8,5,s,3,4,10,0,d,0,d,0,s,s,0,1,2,s,1,15,0,1,0
1766,0,s,d,0,0,0,0,12,8,5,s,d,4,10,0,20,1,0,0,s,s,0,1,2,s,0,15,0,1,0
I862,0,0,0,0,1,6,0,12,0,0,s,3,0,0,2,0,0,0,0,0,0,0,0,0,0,0,0,0,1,0
I863,0,0,0,0,1,6,0,12,0,5,s,3,0,0,2,0,0,0,0,0,0,0,0,0,0,0,0,0,1,0
I864,0,0,0,0,1,6,0,12,0,5,s,3,0,22,2,0,0,0,0,0,0,0,8,0,0,0,0,0,1,4
1264,2,0,5,0,d,6,d,12,0,5,s,3,0,22,2,0,d,0,0,0,0,0,8,0,0,d,0,0,d,4
I870,0,0,0,0,1,6,0,12,0,5,s,3,0,22,2,0,0,1,0,0,0,0,8,0,1,0,0,0,1,4
1123,0,d,d,0,1,6,d,12,0,5,s,3,0,22,2,0,0,1,0,0,0,d,8,0,1,0,0,0,1,d
1122,0,0,0,d,s,6,d,12,s,5,s,3,0,22,2,0,0,d,0,0,0,0,8,0,1,d,d,0,1,4
I871,0,0,0,0,1,6,0,12,0,5,s,3,0,0,2,0,0,0,0,0,0,0,0,0,0,0,0,0,1,0
1552,d,2,7,d,1,6,0,12,0,5,s,3,d,0,2,d,0,0,10,0,0,0,d,0,0,4,0,0,1,0
I875,0,0,0,0,1,6,0,12,0,5,s,3,0,37,2,0,0,0,s,5,0,0,0,6,0,0,6,0,1,0
1810,d,0,0,0,1,d,0,d,0,d,s,3,5,37,2,5,d,0,s,5,0,0,d,6,0,0,6,0,1,0
1759,0,0,0,0,d,6,0,12,0,5,s,3,0,37,2,d,0,0,s,5,s,d,0,6,d,0,6,0,1,0
I878,0,0,0,1,1,6,0,12,s,0,s,3,0,0,2,0,0,1,0,0,0,0,0,0,0,2,0,2,1,0
I883,s,0,0,1,1,6,0,12,s,0,s,3,3,0,2,0,1,1,0,0,0,s,s,0,0,2,0,2,1,0
I884,s,0,0,1,1,6,0,12,s,0,s,3,3,0,2,0,1,1,0,0,0,s,s,0,1,2,0,2,s,0
1847,s,0,0,d,1,6,0,d,s,0,s,3,3,0,d,0,1,1,0,0,0,s,s,0,1,2,6,d,s,0
1846,s,d,0,1,1,6,d,12,s,0,s,d,3,0,d,0,1,1,0,0,0,s,s,0,1,2,0,2,s,0
1922,s,2,d,1,1,6,0,12,s,0,s,3,3,0,2,d,1,1,0,0,0,s,s,0,0,2,27,2,d,d
I886,0,0,0,1,1,6,0,12,s,0,s,3,0,0,2,0,1,1,0,0,1,0,0,0,0,2,0,2,1,0
I887,0,0,0,1,1,6,0,12,s,0,s,3,0,0,2,0,1,1,0,0,1,s,0,2,0,2,0,2,1,0
I888,0,0,0,1,1,6,0,12,s,0,s,3,s,0,2,s,1,1,0,0,1,s,0,2,0,2,0,2,1,0
1597,0,0,0,1,1,6,s,12,s,1,s,3,s,0,2,s,1,1,0,0,1,s,0,2,0,2,14,2,1,0
1596,0,0,0,1,1,d,0,12,s,0,s,3,s,0,d,s,1,1,0,0,1,s,0,d,0,2,0,2,1,17
1433,0,0,5,1,1,6,0,12,s,0,s,3,0,s,2,0,1,1,0,0,d,s,0,2,0,2,14,2,1,0
I891,0,0,0,1,1,6,6,12,s,0,s,3,8,0,2,0,1,1,0,0,1,0,0,5,1,2,15,2,1,0
1869,0,0,0,1,1,6,6,12,s,d,s,3,8,0,2,0,1,1,0,0,d,0,0,5,1,2,15,2,1,0
1868,d,0,0,1,1,6,6,12,s,d,s,3,8,0,2,0,1,d,0,0,1,0,0,5,1,d,15,2,1,d
I893,0,0,0,0,0,0,0,12,0,0,s,3,0,0,2,0,0,0,0,0,0,s,0,0,0,0,0,0,0,0
I894,0,0,0,0,s,0,0,12,0,0,s,3,0,26,2,0,0,0,0,0,0,s,0,0,0,2,0,0,0,0
I895,0,0,0,0,s,0,0,12,0,0,s,3,0,26,2,0,3,0,0,39,0,s,13,0,0,2,0,0,0,0
I896,0,0,0,0,s,0,0,12,0,5,s,3,0,26,2,0,3,0,0,39,0,s,13,0,1,2,0,0,0,0
I897,0,0,0,0,s,0,0,12,0,5,s,3,3,26,2,0,3,0,0,39,0,s,13,0,1,2,0,0,0,44
1439,0,2,0,0,s,0,d,12,0,5,s,3,3,d,2,8,3,0,16,39,0,s,13,0,1,2,6,0,0,44
I902,0,2,0,0,s,23,0,12,16,5,s,3,3,26,2,0,3,0,0,39,0,s,13,0,1,2,0,2,0,44
1243,0,2,0,0,s,23,s,12,16,5,s,3,3,26,2,0,d,d,0,39,d,s,13,0,1,2,d,2,0,d
1242,0,2,0,0,s,23,0,d,16,5,s,3,3,26,d,0,3,0,0,39,0,s,13,0,d,2,0,d,0,d
I904,2,0,0,0,s,0,0,12,0,5,s,3,3,26,2,0,3,0,0,39,0,s,13,0,1,2,0,0,0,0
1248,2,0,0,0,s,0,0,12,0,5,s,d,3,26,2,0,d,d,0,39,1,s,13,0,1,2,4,0,1,28
I908,2,2,0,0,s,0,0,12,0,5,s,s,3,26,2,0,3,0,0,39,1,s,13,0,1,2,0,0,0,0
1780,2,2,0,0,s,0,0,12,6,5,s,s,3,26,2,0,3,0,0,39,1,s,13,d,1,2,0,0,s,d
I910,2,2,0,0,s,0,0,12,0,5,s,s,3,26,2,0,3,0,0,39,1,s,13,0,1,2,0,0,0,0
1737,2,d,d,d,s,0,0,12,0,5,s,s,d,d,2,0,3,0,0,39,1,s,13,0,1,d,0,0,0,0
1736,2,2,0,0,s,d,d,12,0,5,s,s,3,d,2,0,3,d,0,39,d,s,13,0,1,d,0,d,0,0
I911,0,2,0,0,s,0,0,12,0,0,s,3,0,26,2,0,3,0,0,39,0,s,13,0,1,2,0,0,0,0
I912,0,2,0,0,s,0,0,12,0,0,s,3,0,26,2,0,3,0,0,39,0,s,13,0,1,2,0,0,0,0
I913,0,2,0,0,s,0,0,12,0,0,s,3,0,26,2,0,s,0,0,39,0,s,13,5,1,2,0,0,1,0
I914,0,2,1,0,s,0,37,12,0,0,s,3,0,26,2,0,s,0,0,39,0,s,13,5,1,2,0,2,1,0
1495,s,2,1,0,s,0,d,d,0,d,s,3,0,26,2,0,s,0,s,39,d,s,13,5,1,2,0,2,d,0
1494,0,2,1,0,s,0,37,d,0,0,s,3,d,26,2,0,s,0,0,39,0,s,13,d,1,2,0,2,1,0
1693,0,2,0,0,s,d,d,12,0,0,s,d,0,26,d,5,s,d,22,39,0,s,13,5,1,2,0,s,1,0
1556,0,d,3,0,s,0,40,12,0,5,s,3,0,26,d,d,3,0,d,39,0,s,13,2,1,2,10,0,0,d
I920,0,2,4,0,s,0,0,12,0,0,s,3,0,26,2,25,3,0,0,39,0,s,13,0,1,2,0,0,1,0
1276,0,s,4,0,s,0,0,12,d,5,s,3,0,d,d,25,3,0,0,39,d,s,13,0,1,2,0,0,d,0
I922,0,2,4,0,s,0,0,12,0,0,s,3,0,26,2,25,3,0,0,39,0,s,13,0,1,2,0,0,1,0
1683,s,2,4,0,s,0,0,12,0,0,s,3,0,26,2,25,3,0,0,39,0,s,13,0,1,2,d,0,1,0
1682,0,2,4,0,s,0,0,12,0,0,s,3,d,26,2,25,3,d,0,39,0,s,13,0,d,2,0,0,1,d
I926,0,0,0,0,s,31,0,12,0,0,s,3,0,26,2,13,1,0,4,0,1,s,0,0,0,2,6,0,0,0
I927,0,0,0,0,s,31,0,12,0,0,s,3,0,26,s,13,1,0,4,0,1,s,0,0,0,2,6,0,0,0
I928,0,0,0,0,s,31,0,12,0,0,s,3,0,26,s,13,1,0,4,0,1,s,0,0,0,2,6,0,0,0
1926,d,0,0,0,s,d,0,12,14,0,s,3,0,26,s,d,d,0,4,0,1,s,0,0,0,2,d,0,0,0
1877,0,0,4,0,s,31,0,d,d,0,s,3,0,26,s,13,1,2,4,0,1,s,8,0,0,2,6,0,0,0
I935,0,2,s,0,s,31,0,12,0,0,s,3,0,26,s,13,1,2,4,0,1,s,1,0,1,2,6,0,0,0
I937,0,2,s,3,s,31,0,12,0,0,s,3,0,26,s,13,1,2,4,0,1,s,1,0,1,2,6,0,0,0
1961,0,2,s,3,s,31,0,12,d,0,s,3,0,26,s,13,1,2,4,0,1,s,1,d,d,2,6,0,0,0
1960,0,2,s,3,s,31,0,12,d,d,s,3,0,26,s,13,1,2,4,d,1,s,1,0,1,2,6,d,0,0
1935,0,2,s,0,s,d,0,12,d,5,s,3,0,26,s,13,1,2,4,0,1,s,1,0,1,2,6,0,0,10
I942,0,0,4,0,s,31,2,12,0,5,s,3,0,26,2,13,1,0,4,0,1,s,0,0,0,2,6,0,0,0
I943,0,0,4,0,s,31,2,12,0,5,s,3,0,26,2,13,1,0,4,0,1,s,0,0,0,2,6,0,0,0
1717,0,0,4,d,s,31,2,12,0,5,s,d,d,d,2,13,1,0,4,0,d,s,d,d,d,2,6,2,1,2
I947,0,0,4,1,s,31,2,12,0,5,s,3,0,26,2,13,1,0,4,0,1,s,2,0,0,2,6,0,0,0
I948,2,0,4,1,s,31,2,12,14,5,s,3,0,26,2,13,1,0,4,0,1,s,2,1,0,2,6,0,0,0
1645,2,0,4,1,s,31,2,12,14,5,s,3,0,26,2,13,1,0,4,0,1,s,2,1,1,2,6,0,d,0
1644,2,0,4,1,s,31,2,12,14,5,s,3,d,26,2,13,d,0,4,0,1,s,2,1,0,2,6,d,1,0
I949,0,2,4,1,s,31,2,12,0,5,s,3,0,26,2,13,1,0,4,28,1,s,2,0,0,2,6,0,0,0
1617,0,2,4,1,s,31,2,12,0,d,s,d,0,26,2,13,d,2,4,d,1,s,2,0,0,2,6,0,0,0
1616,d,2,4,1,s,31,2,12,0,5,s,3,0,26,2,13,s,0,4,28,d,s,2,0,0,2,6,0,0,0
I950,0,0,4,0,s,31,2,12,0,5,s,3,0,26,2,13,1,0,4,0,1,s,0,0,0,2,6,0,0,0
1629,0,0,4,0,s,31,2,12,0,5,s,3,0,26,2,13,1,2,4,0,1,s,1,0,2,2,6,0,0,0
I954,0,0,4,0,s,31,2,12,0,5,s,3,0,26,2,13,1,0,4,0,1,s,0,0,s,2,6,0,0,0
1945,d,0,4,0,s,31,2,12,0,5,s,3,0,26,2,13,1,0,4,0,1,s,0,d,s,d,6,4,0,0
1863,0,0,4,d,s,31,2,12,0,5,s,3,0,26,2,13,1,0,4,0,1,s,d,0,s,2,6,2,0,0
I957,0,0,4,1,s,0,0,12,26,0,s,3,0,0,2,0,0,0,0,0,0,s,0,5,0,0,0,0,0,0
I958,0,0,4,1,s,0,0,12,26,0,s,3,0,0,2,0,0,0,24,0,0,s,2,5,1,0,25,0,0,0
I959,0,0,4,1,s,0,0,12,26,s,s,3,0,0,2,27,0,2,24,7,0,s,2,5,1,0,25,0,0,0
I960,0,0,4,1,s,0,17,12,26,s,s,3,0,0,2,27,3,2,24,7,0,s,2,5,1,0,25,0,0,6
I961,0,4,4,1,s,15,17,12,26,s,s,3,0,0,2,27,3,2,24,7,0,s,2,5,1,0,25,0,0,6
1213,0,4,4,1,s,15,17,s,26,s,s,3,0,0,2,27,3,2,24,7,0,s,2,d,1,0,25,0,0,6
1241,d,s,4,1,s,15,17,12,26,s,s,d,0,0,2,27,3,d,24,7,0,s,2,5,1,d,25,0,0,6
I964,0,0,4,1,s,0,17,12,26,s,s,3,0,0,2,27,3,2,24,7,0,s,2,5,1,0,25,0,0,6
1075,2,0,4,1,s,0,17,12,26,s,s,3,0,0,2,27,d,d,24,7,0,s,2,5,1,2,25,0,0,6
1061,0,0,4,1,s,0,17,12,26,s,s,3,d,0,2,27,3,2,24,7,0,s,2,5,1,2,s,0,0,d
I967,0,s,4,1,s,31,0,s,26,s,s,3,0,0,2,27,1,2,24,7,0,s,2,5,1,0,25,0,0,0
I968,0,s,4,1,s,31,0,s,26,s,s,3,0,0,2,27,1,2,24,7,0,s,2,5,1,0,25,2,0,0
1472,d,s,4,1,s,31,0,s,26,s,s,3,0,d,2,27,1,2,24,7,d,s,2,5,d,0,25,2,0,0
1581,0,s,4,1,s,31,0,s,d,s,s,3,0,0,2,27,1,2,24,7,0,s,2,5,1,d,d,2,d,d
I973,0,s,4,1,s,31,0,s,26,s,s,3,0,0,2,27,1,2,24,7,2,s,2,5,1,0,25,2,0,0
1447,0,s,d,d,s,31,16,s,26,s,s,3,0,0,2,27,1,d,24,7,2,s,2,5,1,0,d,d,0,0
1446,0,s,4,d,s,31,0,s,26,s,s,3,0,0,2,27,1,2,24,7,2,s,2,5,1,0,25,2,0,0
I974,0,0,4,1,s,0,0,12,26,0,s,3,0,0,s,0,0,0,24,0,0,s,2,5,1,0,25,0,1,0
I975,0,0,4,1,s,0,0,12,26,0,s,3,0,0,s,0,0,2,24,0,0,s,2,5,1,0,25,0,1,0
1309,0,0,4,1,s,0,0,12,26,0,s,3,s,0,s,17,0,2,24,0,0,s,2,5,1,d,d,2,1,0
1512,0,2,s,1,s,0,9,12,26,5,s,3,3,0,s,0,0,2,d,39,s,s,2,s,1,0,25,2,1,0
I983,0,2,4,1,s,0,0,12,26,0,s,3,0,0,s,0,0,0,24,0,0,s,2,5,1,s,25,0,1,0
I984,0,2,4,1,s,6,6,12,26,0,s,3,3,0,s,0,0,0,24,s,0,s,2,5,1,s,25,0,1,0
1729,d,2,4,1,s,6,6,12,26,0,s,3,3,0,s,0,0,d,24,s,0,s,2,d,d,s,25,d,1,0
1728,0,2,4,1,s,6,6,12,26,0,s,d,3,0,s,0,0,0,24,s,0,s,2,5,d,s,25,0,1,0
1632,0,2,s,1,s,15,d,12,26,s,s,3,d,0,s,0,d,0,24,0,0,s,2,5,1,s,25,0,1,0
I989,0,0,4,1,s,0,0,12,26,0,s,3,0,0,2,0,0,0,0,0,1,s,0,5,0,0,4,0,0,0
I990,s,0,4,1,s,0,0,12,26,0,s,3,0,0,2,0,0,0,0,0,1,s,0,5,0,0,4,0,0,0
I995,s,0,4,1,s,0,0,s,26,0,s,3,0,0,2,0,0,0,10,0,1,s,s,5,0,0,4,0,0,0
I996,s,0,4,1,s,0,0,s,26,0,s,3,0,0,2,0,0,0,10,0,1,s,s,5,11,0,4,0,0,0
1509,s,0,4,1,s,0,0,s,d,0,s,3,0,0,d,d,0,0,10,0,1,s,s,5,11,0,4,0,0,0
1508,s,0,4,1,s,0,0,s,26,0,s,3,0,0,2,0,0,0,10,0,d,s,s,5,11,0,4,0,d,0
1394,s,d,4,1,s,0,0,s,26,0,s,3,0,0,2,d,0,d,d,0,1,s,s,5,d,0,4,2,1,0
I998,s,0,4,1,s,5,21,12,26,0,s,3,0,0,2,10,0,0,0,0,1,s,0,5,0,0,4,0,0,0
I999,s,1,4,s,s,5,21,12,26,0,s,3,0,0,2,10,0,0,0,0,1,s,0,5,0,0,4,0,0,0
I1001,s,1,4,s,s,5,21,12,26,0,s,3,0,0,2,10,0,0,0,0,1,s,0,5,0,0,4,0,1,0
2015,s,1,4,s,s,5,21,12,26,d,s,d,0,0,2,10,0,d,d,0,1,s,0,5,0,0,d,0,1,0
2014,s,1,4,s,s,d,21,12,26,0,s,3,d,0,2,10,0,0,0,0,d,s,0,5,0,0,d,0,1,0
1987,s,1,d,s,s,5,21,12,26,0,s,3,0,d,s,10,d,0,0,0,1,s,d,5,0,0,d,0,d,0
I1004,s,0,4,1,s,5,21,12,26,5,s,3,0,0,2,10,0,1,0,0,1,s,0,5,0,0,4,0,0,0
1010,s,s,d,d,s,5,21,12,26,5,s,d,0,d,2,10,0,1,0,0,s,s,0,5,1,2,4,0,0,0
I1007,s,0,4,1,s,5,21,12,26,5,s,3,0,0,2,10,0,1,0,0,1,s,0,5,0,0,4,0,0,0
I1008,s,0,4,1,s,5,21,s,26,5,s,3,0,s,2,10,0,1,0,0,1,s,0,5,0,0,4,0,0,0
1979,s,0,4,1,s,5,21,s,26,5,s,3,0,s,2,10,0,1,d,0,1,s,0,5,d,0,d,d,0,0
1978,s,0,4,1,s,5,d,s,d,5,s,3,0,s,2,10,0,1,0,0,1,s,0,5,0,d,d,0,d,0
1038,s,0,4,d,s,5,21,d,26,5,s,3,0,0,2,d,0,1,0,0,d,s,d,5,0,0,4,0,0,0
I1009,0,0,4,1,s,0,0,12,26,0,s,3,0,26,2,0,0,0,0,0,1,s,5,5,0,0,4,0,0,0
I1010,0,0,4,1,s,0,0,12,26,5,s,3,0,26,2,0,0,0,0,0,1,s,5,5,0,0,4,0,0,0
1114,0,0,4,d,s,0,0,12,26,5,s,3,0,26,2,0,1,d,0,0,1,s,d,d,0,0,4,d,0,0
I1014,2,0,4,1,s,0,0,12,26,5,s,3,0,26,2,0,0,0,0,0,1,s,5,5,0,0,4,0,0,0
1120,d,0,4,1,s,0,0,12,26,5,s,3,0,26,d,d,0,d,6,0,1,s,5,d,0,2,d,0,d,d
I1016,2,0,4,1,s,6,0,12,26,5,s,3,0,26,2,0,0,0,0,s,1,s,5,5,0,0,4,0,0,0
1163,2,0,4,d,s,6,0,d,26,5,s,3,0,26,d,0,0,0,0,s,1,s,5,5,0,d,4,0,1,0
1162,2,0,4,1,s,6,d,12,26,5,s,3,0,d,2,0,0,0,0,s,1,s,d,5,0,d,4,0,0,0
I1017,0,0,4,1,s,0,0,12,26,0,s,3,0,26,2,0,0,0,0,0,1,s,5,5,11,0,4,0,0,0
I1018,0,0,4,1,s,0,0,12,26,0,s,3,0,26,2,0,0,0,0,0,1,s,5,5,11,0,4,0,0,0
1370,0,d,4,1,s,0,0,d,26,5,s,3,d,26,2,0,0,0,0,0,1,s,5,5,d,0,d,s,0,0
1443,d,2,d,1,s,0,3,12,d,3,s,3,0,26,2,0,d,0,0,0,1,s,d,5,s,d,4,0,0,0
1337,2,d,4,1,s,0,4,d,26,0,s,3,0,26,2,0,0,d,d,d,1,s,5,5,d,0,4,d,0,0
