cell,r1,r2,r3,r4,r5,r6,r7,r8,r9,r10,r11,r12,r13,r14,r15,r16,r17,r18,r19,r20,r21,r22,r23,r24,r25,r26,r27,r28,r29,r30
I1,0,0,0,0,0,0,0,0,0,0,0,0,0,0,2,0,0,0,0,0,0,0,0,0,0,0,0,0,0,8
I2,0,0,0,0,0,0,0,10,0,0,0,0,0,0,2,0,0,0,0,0,0,0,0,16,0,21,4,0,0,8
I3,0,0,0,1,0,15,0,10,0,0,0,3,0,0,2,0,0,0,0,0,0,0,0,16,0,21,4,0,0,8
I4,0,0,0,1,0,15,0,10,0,0,0,3,0,0,2,0,0,0,0,38,0,0,0,16,0,21,4,0,s,8
I5,0,0,1,1,0,15,0,10,0,0,0,3,0,0,2,0,0,0,7,38,0,0,0,16,0,21,4,0,s,8
I6,0,0,1,1,0,15,0,10,0,0,0,3,0,0,2,0,0,0,7,38,0,0,0,16,0,21,4,0,s,8
I7,0,0,1,1,0,15,0,10,0,0,0,3,0,0,2,12,0,0,7,38,0,0,0,16,0,21,4,0,s,8
I8,0,0,1,1,0,15,0,10,0,0,0,3,s,0,2,12,0,0,7,38,0,0,2,16,1,21,4,0,s,8
1506,d,0,d,1,0,d,0,10,s,0,0,3,s,0,2,12,0,0,7,38,0,0,2,16,d,s,s,0,s,8
I12,0,0,1,1,0,15,0,10,3,0,0,3,s,0,2,12,0,0,7,38,0,0,2,16,1,21,4,0,s,8
1425,0,0,1,1,0,15,0,10,d,15,0,3,s,0,2,12,0,0,d,38,0,0,2,16,d,21,4,0,s,8
1627,0,0,1,1,0,d,0,s,3,0,2,3,s,0,2,d,1,0,7,38,0,0,2,d,d,21,4,0,s,8
I15,0,1,1,1,0,15,0,10,0,0,1,3,2,0,2,12,0,0,7,38,0,0,0,16,0,21,4,0,s,8
I16,0,1,1,1,0,15,0,10,0,0,1,3,2,0,2,12,0,0,7,38,0,0,0,16,5,21,4,0,s,8
1311,0,1,1,s,d,15,0,10,0,2,1,3,2,13,2,12,0,0,d,38,0,0,0,16,5,21,4,0,s,8
1420,0,1,1,1,57,15,0,10,0,0,d,3,2,0,2,12,0,3,7,38,0,0,0,16,5,21,4,d,s,8
I19,0,1,1,1,0,15,0,10,0,0,1,3,2,0,2,12,0,0,7,38,0,0,0,16,0,21,4,0,s,8
1282,0,1,1,1,0,15,0,d,0,0,1,s,2,0,2,12,0,0,7,38,0,0,d,16,0,21,4,d,s,d
1599,0,1,1,1,0,15,0,10,0,0,1,3,2,0,2,12,0,0,7,38,0,0,0,16,0,21,4,0,s,8
I22,0,0,1,1,0,15,0,10,0,0,0,3,0,0,2,0,0,0,7,38,0,0,0,16,0,21,4,0,s,8
I23,0,0,1,1,0,15,0,10,0,0,0,3,5,0,2,0,0,0,7,38,0,0,0,16,0,21,4,0,s,8
1638,3,0,1,1,0,15,d,d,0,0,0,3,5,0,2,6,0,0,7,38,0,d,d,16,0,21,4,0,s,8
I29,0,0,1,1,0,15,0,10,0,0,0,3,5,25,2,26,13,1,7,38,0,0,0,16,0,21,4,0,s,8
1333,d,0,1,1,0,d,0,10,d,d,0,3,5,25,2,26,13,1,7,38,0,0,0,16,0,21,4,0,s,8
1332,0,d,1,1,d,15,0,10,0,0,0,3,5,25,d,26,13,1,7,38,d,0,0,16,0,21,4,0,s,8
I30,0,0,1,1,0,15,0,10,0,0,0,3,0,0,2,0,0,0,7,38,14,0,0,16,30,21,4,0,s,8
1504,0,0,1,1,0,15,24,10,3,0,0,d,0,0,d,d,0,d,s,d,14,0,0,16,30,21,s,0,s,8
I36,0,0,1,1,0,15,0,10,0,22,0,3,0,0,2,0,0,0,7,38,14,0,0,16,30,21,4,0,s,8
1755,0,s,1,1,0,15,0,10,0,d,0,3,0,0,2,6,0,0,7,d,14,0,0,16,30,21,4,0,s,8
1754,0,0,1,1,0,15,0,10,0,22,d,3,d,d,2,0,0,0,d,38,d,0,0,16,30,21,4,0,s,8
I37,0,1,1,1,0,15,0,10,3,0,0,3,0,0,2,12,0,0,7,38,0,0,0,16,21,21,4,0,s,8
I38,0,1,1,1,0,15,s,10,3,0,0,3,0,0,2,12,0,0,7,38,0,0,2,16,21,21,4,0,s,8
I39,0,1,1,1,0,15,s,10,3,0,0,3,0,0,2,12,0,0,7,38,s,0,2,16,21,21,4,0,s,8
I40,0,1,1,1,0,15,s,10,3,0,0,3,0,1,2,12,0,0,7,38,s,0,2,16,21,21,4,0,s,8
1303,0,1,1,1,0,15,s,10,3,0,2,3,0,1,d,12,0,0,7,38,s,0,2,16,d,21,4,0,s,8
1522,0,1,1,1,0,15,s,10,d,d,0,3,0,1,2,12,16,0,7,d,s,d,2,d,21,21,4,d,s,8
I43,0,1,1,1,0,15,s,10,3,0,0,3,0,0,2,s,0,0,7,38,s,0,2,16,21,21,4,0,s,8
1448,0,1,1,1,d,15,s,10,3,0,0,3,0,0,2,s,17,0,7,38,s,0,2,16,21,21,4,d,s,8
1349,d,d,1,1,0,15,s,10,3,0,0,3,d,0,d,s,0,0,7,d,s,0,d,16,21,21,4,2,s,8
I46,0,1,1,1,0,15,s,10,3,0,0,3,s,0,2,12,0,2,7,38,0,0,2,16,21,21,4,0,s,8
1971,3,1,1,d,0,15,s,10,s,15,1,3,s,0,2,d,0,2,7,38,1,0,2,16,21,21,4,0,s,d
I51,0,1,1,1,0,15,s,10,3,0,0,3,s,2,2,12,0,2,7,38,20,0,2,16,21,21,4,0,s,8
I52,0,1,1,1,0,15,s,10,3,0,0,3,s,2,2,12,0,2,7,38,20,0,2,16,21,21,4,0,s,8
1125,0,1,1,1,0,15,s,10,3,0,0,3,s,2,2,12,0,d,7,38,20,0,2,16,21,21,4,0,s,8
1124,d,1,1,1,0,15,s,10,d,0,0,3,s,2,2,d,d,2,7,38,20,0,2,16,21,21,4,0,s,8
I53,0,1,1,1,0,15,s,10,3,15,0,3,s,2,2,12,0,2,7,38,20,s,2,16,21,21,4,0,s,8
1035,0,1,1,1,0,15,s,10,3,15,0,3,s,2,2,d,0,s,7,s,20,s,2,16,21,21,4,0,s,8
1034,3,1,1,1,0,15,s,d,3,15,0,3,s,2,2,12,0,2,7,38,20,s,2,16,21,21,4,0,s,8
I54,0,1,1,1,0,15,0,10,3,0,1,3,0,0,2,12,0,0,7,38,0,20,0,16,21,21,4,0,s,8
I55,0,1,1,1,0,15,0,10,3,0,1,3,0,0,2,12,0,0,7,38,0,20,0,16,21,21,4,0,s,8
I57,0,1,1,1,0,15,0,10,3,0,1,3,0,0,2,12,2,0,7,38,9,20,0,16,21,21,4,2,s,8
1119,0,1,1,1,0,15,0,10,3,0,d,3,0,0,2,12,2,0,7,38,d,d,0,d,21,21,4,2,s,8
1118,0,1,1,1,0,15,2,10,d,0,1,3,0,0,2,12,2,d,7,38,d,d,d,16,21,21,4,2,s,8
I59,0,1,1,1,0,15,0,10,3,0,1,3,0,0,2,12,0,0,7,38,0,20,0,16,21,21,4,0,s,8
1410,0,1,1,1,62,15,0,10,3,d,1,3,0,0,2,12,0,0,7,d,0,20,0,16,d,21,d,0,s,8
1483,d,1,1,d,0,15,0,10,3,0,1,3,0,0,2,12,0,d,7,38,0,20,0,16,21,21,4,0,s,8
I62,0,1,1,1,0,15,0,10,3,0,1,3,0,0,2,12,0,0,7,38,0,20,0,16,21,21,4,0,s,8
I64,3,1,s,1,0,15,0,10,3,0,s,3,0,0,2,12,0,0,7,38,0,20,0,16,21,21,4,2,s,8
1113,3,1,s,1,0,15,0,d,3,0,s,3,0,0,2,12,0,0,7,38,0,20,0,16,21,d,4,2,s,8
1112,3,1,s,1,d,d,0,10,3,d,s,3,0,0,2,12,0,0,7,38,0,20,0,16,21,21,d,2,s,d
I66,0,1,1,1,0,15,0,10,3,0,1,3,0,0,2,12,0,0,7,38,0,20,0,16,21,21,4,0,s,8
1456,0,1,d,1,18,15,0,d,3,0,1,3,d,0,2,12,0,d,7,38,0,20,0,d,21,21,4,0,s,8
I68,0,1,1,s,0,15,0,10,s,0,1,3,0,0,2,12,0,0,7,38,14,20,0,16,21,21,4,0,s,8
1339,0,1,d,s,0,d,0,d,s,0,d,3,0,0,2,d,13,d,7,38,d,20,0,16,21,s,4,0,s,8
1338,0,1,1,s,17,15,7,10,s,0,1,3,0,0,2,12,0,0,7,38,14,20,0,16,21,21,d,0,s,8
I69,0,0,0,1,0,15,0,10,0,0,0,3,0,0,2,0,0,0,0,38,0,0,0,16,0,21,4,0,s,8
I70,s,0,0,1,0,15,0,10,3,0,1,3,0,0,2,3,0,0,0,38,0,0,s,16,0,21,4,0,s,8
I71,s,0,0,1,0,15,0,10,3,0,1,3,0,0,2,s,0,0,0,38,0,0,s,16,0,21,4,1,s,8
I72,s,0,0,1,0,15,0,10,3,0,1,3,0,0,2,s,2,0,0,38,0,0,s,16,0,21,4,1,s,8
I73,s,0,0,1,0,15,0,10,3,0,1,3,0,0,2,s,2,0,0,38,0,0,s,16,16,21,4,1,s,8
1286,s,0,0,d,0,15,0,10,3,12,1,3,0,0,2,s,2,0,d,38,0,d,s,16,16,21,4,1,s,8
I75,s,0,0,1,0,15,0,10,3,0,1,3,0,0,2,s,2,0,0,38,0,0,s,16,16,21,4,1,s,8
1151,s,0,d,1,0,15,0,d,3,0,1,3,d,0,2,s,2,d,0,38,0,d,s,16,16,21,4,d,s,8
1150,s,0,0,1,0,15,0,d,3,0,1,3,0,0,2,s,2,0,d,38,d,0,s,16,16,21,4,d,s,8
1159,s,d,0,1,40,s,0,d,3,0,1,3,0,0,2,s,2,0,0,38,0,0,s,16,1,d,4,1,s,8
I79,s,0,0,1,0,15,0,10,3,0,1,3,0,0,2,s,0,0,0,38,0,6,s,16,0,21,4,1,s,8
I80,s,0,0,1,11,15,0,10,3,0,1,3,0,0,2,s,0,0,0,38,0,6,s,16,0,21,4,1,s,8
1342,s,0,0,1,11,15,7,10,3,2,d,3,0,0,2,s,13,0,0,38,0,6,s,16,d,21,4,1,s,8
1719,s,0,1,1,11,15,d,10,3,s,s,3,0,0,2,s,20,1,0,d,0,d,s,16,0,21,4,1,s,8
I83,s,0,1,1,0,15,0,10,3,0,1,3,6,0,2,s,0,0,0,38,0,6,s,16,0,21,4,1,s,8
I84,s,0,1,1,0,15,0,10,3,0,1,3,6,0,2,s,2,0,0,38,0,6,s,16,1,21,4,1,s,8
1111,s,0,1,1,0,15,d,10,d,2,1,3,6,0,2,s,2,d,0,38,0,6,s,16,1,21,4,1,s,d
1110,s,0,1,1,0,15,d,10,3,0,1,3,6,0,2,s,2,0,0,38,0,6,s,16,1,21,4,1,s,8
2028,s,0,1,1,0,15,0,10,3,0,d,3,6,5,2,s,0,0,0,d,0,6,s,d,0,21,4,1,s,8
I87,s,0,1,1,0,15,0,10,3,0,1,3,0,0,2,3,10,0,3,38,20,0,s,16,16,21,4,0,s,8
I88,s,0,1,1,0,15,0,10,3,0,1,3,0,0,2,3,10,0,3,38,20,0,s,16,16,21,4,0,s,8
I89,s,1,1,1,0,15,0,10,3,0,1,3,0,0,2,3,10,0,3,38,20,0,s,16,16,21,4,0,s,s
1190,s,1,1,1,0,d,0,d,3,0,1,d,0,0,2,3,10,0,3,d,20,0,s,16,16,21,4,0,s,s
1299,s,1,1,1,0,15,d,10,3,0,1,3,0,0,d,3,d,0,3,38,20,0,s,16,16,21,d,0,s,s
I92,s,0,1,1,0,15,0,10,3,0,1,3,0,0,2,3,10,0,3,38,20,16,s,16,16,21,4,0,s,8
I93,s,0,1,1,0,15,0,10,3,0,1,3,2,0,2,3,10,0,3,38,20,16,s,16,16,21,4,0,s,8
1263,s,0,1,1,0,15,0,10,3,0,1,3,2,0,2,3,d,0,3,38,20,16,s,16,16,21,4,d,s,d
1262,s,0,d,1,d,15,0,10,3,0,1,d,2,0,2,3,10,0,3,38,20,16,s,16,d,21,4,0,s,8
I94,s,4,s,1,0,15,0,10,3,0,1,3,0,0,2,3,10,0,3,38,20,16,s,16,16,21,4,0,s,8
1377,s,4,s,1,0,15,0,10,3,0,1,3,0,0,2,d,10,2,3,38,20,16,s,16,16,21,4,0,s,8
1376,s,4,s,d,0,15,0,10,3,0,1,3,0,0,2,3,10,0,3,38,20,d,s,s,d,21,d,0,s,8
I95,s,1,1,1,0,15,0,10,3,0,1,3,0,0,2,3,10,s,3,38,20,0,s,16,16,21,4,0,s,8
1079,s,1,1,1,0,15,d,10,3,0,1,d,0,13,2,3,10,s,3,d,d,0,s,16,16,21,4,2,s,d
I99,s,1,1,1,0,15,0,10,3,3,1,3,0,0,2,3,10,s,3,38,20,0,s,s,16,21,4,0,s,8
I100,s,1,1,1,0,15,0,10,3,3,1,3,0,0,2,3,10,s,3,38,20,0,s,s,16,21,4,0,s,8
1173,s,1,1,1,0,15,d,10,3,d,d,3,0,25,s,3,d,s,3,38,20,0,s,s,d,d,4,0,s,8
1172,s,1,1,1,0,15,0,10,3,3,1,3,d,0,2,3,10,s,3,38,d,d,s,s,16,21,4,0,s,8
I101,s,1,1,1,0,15,11,10,3,3,1,3,0,0,2,3,10,s,3,38,20,0,s,s,16,21,4,0,s,8
1407,s,1,d,1,0,15,11,10,3,3,1,d,0,0,2,3,10,s,d,d,20,d,s,s,16,21,4,0,s,s
1406,s,1,1,1,0,15,11,10,3,d,1,3,0,0,2,3,10,s,3,38,20,0,s,s,16,21,4,d,s,8
I102,0,0,0,1,0,15,0,10,0,0,0,3,0,0,2,18,0,0,0,38,0,0,0,16,0,21,4,0,s,8
I103,0,0,0,1,0,15,0,10,0,0,0,3,0,0,2,18,0,0,0,38,0,0,0,16,0,21,4,0,s,8
I104,s,1,0,1,0,15,0,10,0,0,0,3,2,0,2,18,0,s,16,38,14,0,0,16,0,21,4,0,s,8
I105,s,1,0,1,0,15,0,10,5,0,0,3,2,0,2,18,0,s,16,38,14,0,0,16,0,21,4,0,s,8
1007,s,d,0,1,0,15,0,10,5,2,0,3,2,0,d,18,0,s,16,s,14,d,0,16,0,21,4,d,s,d
1059,s,1,0,1,0,15,0,10,5,22,1,3,d,0,2,d,0,s,d,38,14,0,0,16,0,21,4,d,s,8
I109,s,1,0,1,0,15,0,10,0,0,0,3,2,0,2,18,0,s,16,38,14,0,s,16,0,21,4,0,s,8
I112,s,1,0,1,0,15,0,10,0,0,0,3,2,0,2,18,0,s,16,38,14,0,s,16,0,21,4,0,s,8
1885,s,1,0,1,0,15,0,10,0,0,0,3,2,0,2,18,0,s,16,d,14,0,s,16,s,d,4,2,s,8
1884,s,1,d,d,0,15,0,10,d,0,0,3,d,0,2,d,0,s,16,38,14,0,s,d,0,21,4,0,s,8
I114,s,1,0,1,0,15,0,10,0,13,1,3,2,0,2,18,0,s,16,38,14,3,s,16,0,21,4,0,s,8
2045,s,d,0,1,0,15,0,10,d,13,1,3,2,0,2,18,d,s,16,38,14,3,s,16,0,21,4,0,s,8
2044,s,1,0,1,0,15,0,10,d,13,1,d,2,0,2,18,0,s,16,d,14,3,s,16,0,21,4,0,s,8
I116,0,0,0,1,0,15,0,10,0,0,1,3,0,0,2,18,0,0,0,38,0,0,0,16,0,21,4,0,s,8
1049,0,0,0,1,0,15,6,d,0,0,1,3,d,0,2,18,0,0,3,38,0,0,d,16,0,21,s,s,s,8
I120,0,0,0,1,0,15,0,s,0,0,1,3,0,0,2,18,0,0,0,38,9,0,0,16,0,21,4,2,s,8
1022,0,0,0,1,d,15,0,s,0,0,1,3,0,0,d,18,20,0,s,38,9,0,d,16,15,d,4,2,s,8
1965,0,d,0,1,0,d,0,s,0,8,1,3,d,d,2,18,0,0,11,38,9,0,4,16,0,d,d,2,s,8
I124,0,0,0,1,3,15,24,10,0,7,0,3,0,0,2,18,0,0,0,38,0,0,0,16,s,21,4,0,s,8
I125,3,1,0,1,3,15,24,10,0,7,0,3,0,0,2,18,s,0,0,38,0,18,0,16,s,21,4,0,s,8
I126,3,1,0,1,3,15,24,10,0,7,0,3,0,0,2,18,s,1,0,38,0,18,0,16,s,21,4,0,s,8
1300,3,1,0,1,3,15,24,10,0,7,0,d,0,0,2,18,s,1,d,38,0,18,0,16,s,21,4,0,s,8
1133,3,s,0,1,3,15,24,10,0,7,0,3,0,d,2,18,s,1,0,38,0,18,0,d,s,21,4,0,s,8
1477,s,1,0,1,3,15,24,10,d,7,d,3,d,s,2,18,s,0,d,d,0,18,0,16,s,d,4,0,s,8
I132,0,0,0,1,3,15,24,10,0,7,0,3,2,0,2,18,0,0,0,38,0,0,0,16,s,21,4,0,s,8
I134,0,0,0,1,3,15,24,10,0,7,0,3,s,0,2,18,0,1,0,38,0,0,0,16,s,21,4,0,s,8
1095,0,0,0,1,3,15,24,d,0,7,0,3,s,0,2,18,1,1,d,38,0,0,0,16,s,d,4,0,s,8
1094,3,0,0,1,d,15,24,10,0,d,0,3,s,0,d,d,d,1,0,38,0,0,0,d,s,21,4,0,s,8
I136,0,0,0,1,3,15,24,10,0,7,0,s,2,13,2,18,0,0,0,38,0,0,0,16,s,21,4,0,s,8
1164,0,0,d,d,3,15,24,10,d,d,d,s,2,13,2,18,d,0,9,38,0,0,0,16,s,21,4,0,s,d
I138,0,0,0,1,3,15,24,10,0,7,0,s,2,13,2,18,0,0,0,38,0,0,0,16,s,21,4,0,s,8
1081,5,0,0,1,3,s,d,10,d,7,0,s,2,13,2,d,0,0,0,38,0,d,0,16,s,s,d,0,s,8
1080,0,0,d,1,3,15,24,10,0,7,0,s,2,13,2,d,0,0,0,38,0,7,d,d,s,21,4,0,s,8
I139,0,0,0,1,0,15,0,10,0,0,0,3,0,14,2,0,0,0,0,4,0,0,0,16,15,21,4,0,0,8
I140,0,0,0,1,0,15,10,10,0,0,1,3,0,14,2,0,0,0,0,4,0,0,0,16,15,21,4,0,0,8
I141,0,0,0,1,0,15,10,10,0,0,1,3,0,14,2,0,1,0,0,4,0,0,0,16,15,21,4,4,0,8
I142,0,0,0,1,0,15,10,10,0,0,1,3,s,14,2,0,1,0,0,4,0,0,0,16,15,21,4,4,0,8
I143,0,1,0,1,0,s,10,10,0,0,1,3,s,14,2,0,1,0,0,4,0,0,0,16,15,21,4,4,36,8
I144,0,1,0,1,0,s,10,10,0,0,1,3,s,14,2,17,1,0,0,4,s,0,0,16,15,21,4,4,36,8
1763,0,d,0,1,0,s,10,10,5,0,d,3,s,14,2,17,1,0,18,4,s,0,0,16,15,d,4,4,36,8
1784,0,1,d,1,0,s,10,10,3,0,d,3,s,14,2,17,d,0,16,4,s,1,0,16,15,21,4,4,d,8
1892,0,1,0,1,d,s,d,10,d,d,1,3,s,14,2,0,1,0,d,4,d,0,0,16,15,21,4,4,36,8
I151,3,0,0,1,0,15,10,10,0,0,1,3,s,14,2,0,1,1,0,4,0,0,0,16,15,21,4,4,32,8
1747,3,1,d,1,0,15,10,10,0,s,1,3,s,14,2,s,1,d,0,4,0,0,0,d,15,21,4,4,32,d
988,3,0,d,1,d,15,d,10,0,0,1,3,s,14,2,0,1,1,d,4,d,0,0,d,s,21,d,4,32,8
I154,0,0,0,1,0,15,10,10,0,0,1,3,0,14,2,0,1,2,10,4,0,0,4,16,15,21,4,4,0,8
I155,0,1,0,1,s,15,10,10,3,0,1,3,0,14,2,0,1,2,10,s,9,0,4,16,15,21,4,4,0,8
1742,0,1,0,1,s,15,10,10,3,d,1,3,0,14,2,0,1,d,10,s,9,0,d,16,15,d,4,4,0,s
I158,0,1,0,1,s,15,10,10,3,0,1,3,2,14,2,10,1,2,10,s,9,5,4,16,15,21,4,4,s,8
1578,0,1,d,1,s,15,10,10,3,d,1,3,2,14,d,10,1,2,10,s,d,5,4,d,15,21,4,4,s,8
I160,0,1,0,1,s,15,10,10,3,0,1,3,2,14,2,10,1,2,10,s,9,5,4,16,15,21,4,4,s,8
1725,0,1,0,d,s,15,10,10,3,0,1,3,2,14,2,10,1,2,10,s,9,5,4,16,15,d,4,4,s,8
1724,d,1,0,1,s,15,d,10,3,0,1,3,2,14,2,10,1,2,d,s,9,5,4,16,15,21,4,4,s,8
I161,3,0,0,1,0,15,10,10,0,0,1,3,0,14,2,0,1,2,10,4,0,0,4,16,15,21,4,4,0,8
I162,3,0,0,1,0,15,10,10,0,0,1,3,0,14,2,0,1,2,10,4,0,0,4,16,15,21,4,4,0,8
1364,3,0,d,1,0,15,10,10,d,0,d,3,0,14,2,d,1,2,10,d,0,0,4,16,15,21,4,4,0,8
1668,3,d,d,d,0,15,10,10,0,0,1,3,0,14,2,0,1,2,10,4,0,0,4,16,15,21,4,4,21,8
I165,3,0,0,1,1,15,10,10,0,0,1,3,0,14,2,0,1,2,10,4,0,0,4,16,15,21,4,4,0,8
I166,3,0,0,1,1,15,10,10,0,0,1,3,0,14,2,0,1,2,10,4,0,0,4,16,15,21,4,4,0,8
1903,3,d,0,d,d,15,10,10,0,0,1,3,0,14,2,0,1,2,10,4,0,0,4,16,d,21,d,4,0,8
1902,3,0,0,d,d,15,10,10,0,0,1,3,d,14,d,d,1,2,10,4,d,0,d,16,15,21,4,4,0,8
1666,3,0,1,1,1,d,d,10,d,6,d,3,2,14,2,0,1,2,10,d,0,d,4,16,15,21,4,d,0,8
I168,0,0,0,1,41,15,10,10,0,0,1,3,0,14,2,0,0,0,0,4,0,s,0,16,15,21,4,2,0,8
I169,3,0,0,1,41,15,10,10,0,0,1,3,0,14,2,0,0,0,0,4,0,s,0,16,15,21,4,2,0,8
I170,3,0,0,1,41,15,10,10,0,0,1,3,0,14,2,0,0,0,0,4,0,s,0,16,s,21,4,2,0,8
I171,3,0,0,1,41,15,10,10,3,15,1,3,0,14,2,0,0,0,0,4,0,s,0,16,s,21,4,2,0,8
1814,3,2,0,1,d,15,10,10,3,d,1,3,0,14,2,0,0,0,7,4,0,s,0,16,s,21,4,2,0,8
1887,3,d,0,1,41,15,10,10,3,15,1,3,0,14,d,0,d,0,0,4,9,s,0,16,s,21,4,2,d,8
2008,d,0,0,1,41,15,10,10,3,2,d,3,d,14,2,0,0,1,d,4,0,s,0,16,s,d,4,2,d,d
I177,3,0,0,1,41,15,10,10,0,0,1,3,0,14,2,3,0,0,0,4,13,s,0,16,15,21,4,2,0,8
I180,3,0,0,1,41,15,10,10,0,0,1,3,0,14,2,3,0,0,0,4,13,s,0,16,15,21,4,2,0,8
1879,3,0,d,1,41,15,10,10,0,0,1,3,0,d,2,d,0,0,0,4,13,s,0,16,15,21,4,2,0,d
1878,3,0,0,1,41,15,10,10,0,0,1,3,0,14,2,3,d,0,0,d,13,s,0,16,15,21,4,d,0,8
I181,3,0,0,1,41,15,10,10,3,0,1,3,0,14,2,3,0,0,0,4,13,s,0,16,15,21,s,2,18,8
1029,3,0,s,1,41,15,10,d,3,d,1,3,d,14,2,3,0,0,d,4,13,s,0,16,15,21,s,2,18,d
I182,3,0,0,1,41,15,10,10,3,0,1,3,0,14,2,3,0,0,11,4,13,s,0,16,15,21,s,2,18,8
2043,3,0,d,1,d,15,10,10,3,0,1,3,0,d,d,3,0,0,11,4,13,s,0,16,15,21,s,2,18,8
2042,3,0,0,1,41,15,10,d,3,0,1,3,0,14,2,3,0,0,11,4,13,s,0,16,15,21,s,2,d,8
I183,0,0,0,1,41,15,10,10,0,0,1,3,0,14,2,0,0,0,0,4,0,s,0,16,15,21,4,2,0,8
I184,0,0,0,1,41,15,10,10,0,0,1,3,0,14,2,0,0,0,0,4,0,s,0,16,15,21,4,2,0,s
1574,0,0,0,d,41,15,10,10,0,0,d,d,s,14,d,0,0,1,10,4,0,s,2,16,15,21,4,d,s,s
I188,0,0,0,1,41,15,10,10,0,0,1,3,0,14,2,0,0,0,0,s,5,s,5,16,15,21,4,2,0,s
1764,0,0,0,d,41,15,10,10,0,8,1,3,0,d,2,d,0,0,d,s,5,s,5,16,15,21,4,s,0,s
1787,0,1,0,1,d,15,10,10,0,0,1,3,0,14,2,0,0,0,0,s,5,s,5,16,15,21,4,2,0,s
I191,0,0,0,1,41,15,10,10,0,0,1,3,0,14,2,0,0,3,0,4,5,s,0,16,15,21,4,2,0,8
1544,0,0,1,1,41,d,10,10,3,d,1,3,0,14,d,0,0,3,0,4,d,s,d,s,15,21,s,2,0,d
I195,0,0,0,1,41,s,10,10,0,0,1,3,0,14,2,0,0,3,0,4,5,s,0,16,15,21,4,2,0,8
1537,0,s,0,1,41,s,10,10,0,0,1,s,0,14,2,d,2,3,0,4,d,s,0,16,15,21,4,2,0,8
1373,1,d,0,d,41,s,10,10,0,0,1,3,0,14,2,0,0,s,d,s,5,s,d,d,15,21,d,2,d,8
I198,0,0,0,1,0,15,0,10,0,0,0,3,0,14,2,0,0,3,0,4,0,0,0,16,15,21,4,0,0,8
I199,0,0,0,1,0,15,0,10,s,0,0,3,0,14,2,0,0,3,0,4,0,0,1,16,15,21,4,0,0,8
I205,0,0,0,1,36,15,0,10,s,0,1,3,0,14,2,0,16,3,0,4,0,0,1,16,15,21,4,2,0,8
I206,3,0,0,1,36,15,0,10,s,0,1,3,0,14,2,0,16,3,0,4,0,0,1,16,15,21,4,2,0,8
1921,3,d,0,s,36,d,0,10,s,0,1,s,0,14,2,0,16,3,0,4,s,0,1,16,15,21,4,2,0,8
I208,s,0,0,1,36,15,2,10,s,0,1,s,2,14,2,0,16,3,0,4,0,0,1,16,15,21,4,2,0,8
1953,s,0,0,1,d,15,2,10,s,0,1,s,2,14,d,0,16,3,0,4,0,0,1,d,15,21,4,d,0,8
1952,s,0,d,1,36,15,2,10,s,0,1,s,d,d,d,0,16,3,0,d,0,0,1,16,d,21,4,2,0,8
1024,3,0,0,1,36,15,0,10,s,0,1,3,d,14,2,0,16,3,0,4,0,6,1,d,d,21,4,2,0,8
I210,0,1,0,1,0,15,0,10,s,0,0,3,0,14,2,0,0,3,0,4,20,0,1,16,15,21,4,0,0,8
I212,0,1,1,1,0,15,0,10,s,0,0,3,0,14,2,0,s,3,0,4,20,0,1,16,15,21,4,0,0,8
1041,0,1,1,1,0,15,0,10,s,0,0,3,0,14,2,0,s,3,d,4,20,0,1,d,15,21,4,0,d,d
1040,0,1,1,1,0,d,0,10,s,d,0,3,d,14,2,d,s,3,0,4,20,0,d,16,d,21,4,d,0,d
I216,0,1,0,1,0,15,24,10,s,0,0,s,0,14,2,0,0,3,3,4,20,4,1,16,15,21,4,0,0,8
I217,0,1,0,1,0,15,24,10,s,0,s,s,0,14,2,0,0,3,3,4,20,4,1,16,15,21,4,0,0,8
I218,0,1,0,1,0,15,24,10,s,0,s,s,0,14,2,0,0,3,3,4,20,4,1,16,15,21,4,0,0,8
1649,0,1,0,1,0,15,24,10,s,0,s,s,0,14,s,0,0,3,d,4,20,d,1,16,15,21,4,0,0,8
1648,d,1,0,1,0,15,24,10,s,0,s,s,0,14,2,d,d,3,3,4,20,4,1,16,15,21,4,0,0,8
1985,0,1,0,1,0,15,24,10,s,0,s,s,0,14,2,0,0,3,s,d,20,4,1,16,15,21,4,0,0,8
I220,0,1,0,1,0,15,24,10,s,0,0,s,0,14,2,0,0,3,3,4,20,4,1,16,15,21,4,0,0,8
1582,d,1,d,1,0,15,24,d,s,0,0,s,0,d,2,0,0,d,d,4,20,4,1,16,15,21,d,d,27,8
1426,0,1,0,1,d,15,24,d,s,d,1,s,0,14,2,0,0,3,3,4,d,4,1,16,s,21,d,0,d,s
I223,0,0,0,1,0,15,0,10,0,0,0,3,0,14,2,0,0,3,0,4,9,0,0,16,15,21,4,0,0,8
I224,0,1,0,1,0,15,0,10,0,0,0,3,0,14,2,0,17,3,0,4,9,0,1,16,15,21,4,0,0,8
I225,0,1,1,1,0,15,0,10,0,0,0,3,0,14,2,0,17,3,0,4,9,0,1,16,15,21,4,2,0,8
I226,0,1,1,1,0,15,0,10,0,0,0,s,0,14,2,0,17,3,0,4,9,0,1,16,15,21,4,2,0,8
I227,0,1,1,1,0,15,0,s,0,0,0,s,0,14,2,0,17,3,0,4,9,0,1,16,15,21,4,2,12,8
1549,0,1,1,1,0,15,0,s,0,0,0,s,0,14,2,6,17,3,0,4,9,d,1,16,15,21,4,d,12,8
1548,0,1,1,1,0,15,0,s,0,d,0,s,0,14,2,0,17,3,0,4,9,0,d,16,15,21,d,2,12,8
1594,0,1,1,d,d,15,0,10,0,21,d,s,0,14,2,0,17,3,0,4,9,0,1,16,15,21,d,2,0,8
1661,0,1,1,1,0,15,0,10,0,0,1,3,2,14,2,0,17,3,2,4,9,d,d,16,15,21,d,2,0,8
I232,0,1,1,1,s,15,0,10,0,0,0,3,0,14,2,0,17,3,0,4,9,0,1,16,15,21,4,0,0,8
I235,3,1,1,s,s,15,0,10,0,7,0,3,3,14,2,3,17,3,7,4,9,0,1,16,15,s,4,0,0,8
1563,d,1,1,s,s,15,0,10,0,7,0,3,3,14,2,3,17,3,7,4,9,0,1,16,15,s,4,0,0,8
1562,3,1,1,s,s,15,0,10,d,d,d,3,3,14,d,3,17,3,7,4,9,d,1,16,15,s,4,0,0,8
1440,0,1,1,1,s,15,0,10,d,13,s,3,d,14,d,0,17,d,0,4,9,33,1,16,15,21,4,0,3,s
I239,0,0,0,1,0,15,0,10,0,0,1,3,0,14,2,2,0,3,0,4,9,0,0,16,15,21,4,0,25,8
I240,0,0,0,1,0,15,0,10,0,0,1,3,0,14,2,2,0,3,0,4,9,0,5,16,15,21,4,0,25,8
I242,3,0,s,1,0,15,0,10,3,0,1,3,0,14,2,2,0,3,0,4,9,0,5,16,15,21,4,0,25,8
1951,3,0,s,1,0,15,0,d,3,0,d,3,0,14,d,2,d,3,d,4,9,0,d,16,15,21,4,0,d,d
1950,3,0,s,1,0,15,0,10,3,0,1,d,0,14,d,2,0,3,0,4,d,0,5,16,15,21,4,0,25,8
I244,0,0,0,1,0,15,0,10,0,0,1,3,0,14,2,2,0,3,0,4,9,0,5,16,15,21,4,0,25,8
985,0,d,0,1,0,15,d,10,0,0,1,3,0,d,d,2,1,3,0,4,d,0,5,d,15,21,4,2,25,8
I245,0,0,0,1,0,15,0,10,0,0,1,3,2,14,s,2,0,3,0,4,9,0,5,16,15,21,4,0,25,8
2033,0,0,0,1,0,15,d,10,d,0,1,d,d,14,s,d,0,3,0,4,9,0,d,16,15,21,4,0,25,8
2032,d,0,0,1,0,15,0,10,0,0,1,3,d,14,s,2,0,3,0,4,9,0,5,16,15,d,4,0,25,8
I246,1,0,0,1,0,15,0,10,3,0,1,3,0,14,2,2,0,3,2,4,9,6,0,16,15,21,4,0,25,8
I247,1,0,0,1,36,15,0,10,3,0,1,3,0,14,2,2,0,3,2,4,9,6,0,16,15,21,4,0,25,8
2021,1,0,0,1,36,d,0,10,3,0,1,3,0,14,2,2,s,3,2,4,9,6,0,16,15,21,4,0,25,8
1050,1,0,0,1,36,15,0,10,3,0,1,3,0,14,2,2,0,3,2,4,9,6,0,s,d,21,4,0,25,d
1996,1,0,1,1,0,15,0,10,3,0,1,3,0,14,2,d,d,3,2,4,d,d,d,16,15,d,4,0,25,8
I251,0,0,0,0,0,0,0,10,0,0,0,0,0,0,2,0,8,0,0,0,0,0,0,16,12,21,4,0,0,8
I252,3,1,0,0,0,0,0,10,0,0,0,0,0,0,2,0,8,0,0,0,0,0,0,16,12,21,4,0,0,8
I253,3,1,0,0,0,0,0,10,0,0,0,0,0,0,2,0,8,0,10,0,0,0,0,16,12,21,4,0,0,8
I254,3,1,0,0,0,0,0,10,0,0,0,0,0,0,2,21,8,0,10,0,0,0,0,16,12,21,4,0,0,8
I255,3,1,0,0,0,0,0,10,0,0,0,0,0,0,2,21,8,0,10,0,0,0,0,16,12,21,4,0,0,8
I260,3,1,0,0,0,0,0,10,0,0,0,0,0,0,2,21,8,3,10,0,0,0,1,16,12,21,4,0,0,8
1068,d,1,0,0,0,d,0,d,3,0,0,d,0,0,2,d,8,s,10,0,0,0,d,16,12,21,4,0,0,8
1358,3,1,0,0,0,1,d,10,0,0,0,0,0,0,2,21,8,3,10,0,20,0,1,d,12,21,4,0,d,d
I263,3,1,0,0,0,0,0,10,0,0,0,0,0,0,2,21,8,0,10,0,0,0,0,16,12,21,4,0,0,8
I265,3,1,1,1,0,0,0,10,0,0,0,0,2,0,2,21,8,0,10,0,0,0,4,16,12,21,4,0,0,8
1101,3,1,1,1,0,0,0,10,0,0,1,0,2,0,2,21,s,0,10,d,0,0,4,s,12,21,4,0,0,8
1100,3,1,1,1,17,d,0,10,3,0,d,0,2,0,2,21,8,d,10,s,0,0,d,16,d,d,4,0,0,8
1279,s,1,0,0,0,0,0,d,0,0,0,d,0,0,2,d,8,0,10,0,0,0,0,16,12,d,4,0,32,8
I270,3,1,1,0,0,0,0,10,0,15,0,0,0,0,2,21,8,0,10,0,0,0,0,16,12,21,4,0,0,8
I271,3,1,1,0,0,0,0,10,0,15,0,0,0,0,2,21,8,3,10,0,0,0,0,16,12,21,4,2,0,8
I272,3,1,1,0,0,0,0,10,0,s,0,0,0,0,2,21,8,3,10,14,0,0,0,16,12,21,4,2,0,8
I273,3,1,1,0,0,0,0,10,0,s,0,s,0,0,2,21,8,3,10,14,0,0,0,16,12,21,4,2,0,8
1005,3,1,1,0,0,0,0,10,0,s,0,s,0,0,2,21,8,3,10,14,0,0,0,16,12,21,4,2,0,d
1004,d,1,1,0,0,s,0,10,0,s,0,s,s,0,2,21,8,d,10,14,0,0,0,16,12,21,4,2,0,8
I274,3,1,1,0,0,0,0,10,0,s,0,0,0,5,2,21,8,3,10,14,0,0,0,16,12,21,4,2,0,8
1995,3,1,1,0,0,0,0,10,0,s,1,d,0,5,2,21,8,d,10,14,0,s,0,16,12,s,4,2,0,8
1909,3,1,1,0,0,0,17,10,0,s,0,0,1,5,2,21,8,3,10,14,10,0,4,16,d,d,4,2,0,8
1072,3,1,1,d,0,0,0,10,0,s,d,0,2,d,2,d,8,3,10,0,0,31,5,16,12,21,4,2,0,8
I281,3,1,1,0,11,0,18,10,0,15,0,3,0,0,2,s,8,0,10,0,0,0,0,16,12,21,4,0,0,8
I282,3,1,1,0,11,6,18,10,0,15,1,3,0,0,2,s,8,0,10,0,1,0,0,16,12,21,4,0,0,8
1319,3,1,1,0,11,6,18,10,5,15,d,3,0,0,2,s,8,0,10,d,d,0,d,16,12,21,4,0,d,8
1318,d,1,1,d,11,6,18,10,0,15,1,3,d,0,2,s,d,d,d,0,1,0,0,16,12,21,4,s,0,8
1180,3,1,1,0,11,0,d,d,0,s,0,3,0,d,2,s,8,2,10,0,s,0,0,16,12,21,4,0,0,8
I287,3,s,0,0,0,0,0,10,0,0,0,0,0,0,2,0,8,0,10,0,0,0,0,16,12,21,4,2,1,8
I288,3,s,0,0,0,0,8,10,0,0,0,0,0,0,2,0,8,0,10,0,0,0,0,16,12,21,4,2,1,8
I289,3,s,0,0,0,0,8,10,0,8,0,0,0,0,2,0,8,0,10,0,0,0,2,16,12,21,4,2,1,8
I290,3,s,0,0,0,0,8,10,0,8,0,0,0,0,2,0,8,0,10,0,0,0,2,16,12,21,4,2,1,8
1144,3,s,0,d,0,0,d,10,0,8,0,0,0,4,2,0,8,0,10,0,0,0,2,16,12,d,4,2,1,8
I292,3,s,0,0,0,1,8,10,0,8,0,0,0,0,2,0,8,0,10,0,0,0,2,16,12,21,4,2,1,8
1489,3,s,0,0,0,1,8,10,0,d,0,0,0,0,2,0,8,0,10,0,0,0,2,16,12,21,4,2,1,8
1488,3,s,0,0,0,1,8,10,d,d,0,0,d,0,2,d,8,0,10,0,0,0,2,16,12,21,4,2,1,8
1417,3,s,0,0,0,0,8,10,0,d,0,0,d,0,2,0,8,3,10,0,0,17,d,16,12,21,4,2,1,8
I296,3,s,0,0,0,0,8,10,0,0,0,0,0,13,2,0,8,3,10,0,0,0,0,16,s,21,4,2,1,8
1147,3,s,0,0,d,0,8,10,0,0,d,0,1,13,2,0,8,3,10,0,7,0,4,16,s,s,s,2,1,8
I301,3,s,0,0,0,0,8,10,0,0,0,0,0,13,2,0,8,3,10,31,0,0,0,16,s,21,4,s,1,8
1493,3,s,0,0,0,0,8,10,0,0,0,0,0,d,2,0,8,3,10,s,0,0,0,16,s,d,4,s,1,8
1492,d,s,0,0,0,0,8,10,0,0,0,s,0,13,2,0,8,3,10,31,0,d,0,d,s,21,4,s,1,8
I303,3,s,0,0,0,0,24,10,0,0,0,0,3,0,2,0,8,0,10,0,0,0,0,16,12,21,4,2,1,8
1806,d,s,d,0,0,0,24,10,0,0,0,0,3,0,2,0,8,1,10,37,1,0,0,16,12,21,d,2,1,8
I310,3,s,0,0,0,0,24,10,0,0,0,0,3,0,s,10,8,0,10,0,0,0,0,16,12,21,4,2,1,8
1369,3,s,0,0,17,0,24,10,0,s,0,d,3,0,s,10,d,0,10,0,d,0,0,16,12,21,4,2,s,8
I314,3,s,0,0,0,0,24,10,0,0,0,0,3,0,s,10,8,0,10,0,0,0,0,16,12,21,4,2,1,8
1783,d,s,0,0,0,0,24,10,0,0,d,0,3,0,s,d,8,d,10,0,0,0,0,d,12,21,4,2,1,8
1888,3,s,d,0,0,0,24,10,d,d,0,6,3,0,s,d,8,0,10,0,0,0,d,16,12,21,4,2,1,8
I317,3,1,0,0,0,0,0,s,0,0,0,0,0,0,2,0,8,0,0,0,0,0,0,16,12,21,4,0,0,8
I318,3,1,0,1,0,0,0,s,0,0,0,0,0,0,2,0,8,1,0,0,0,0,0,16,12,21,4,0,0,8
I319,3,1,0,1,0,s,0,s,0,0,0,0,0,0,2,0,8,1,0,0,0,0,0,16,12,21,4,0,0,8
I320,3,1,0,1,0,s,0,s,0,0,0,0,0,0,2,0,8,1,0,0,0,0,0,16,12,21,4,0,0,8
I321,3,1,0,1,0,s,0,s,0,0,1,0,0,0,2,0,8,1,0,1,0,0,0,16,12,21,4,5,0,8
I322,3,1,0,1,0,s,0,s,0,0,1,0,0,0,2,0,8,s,1,1,0,0,0,16,12,21,4,5,0,8
1801,3,1,0,1,0,s,0,s,0,0,d,0,0,d,2,0,8,s,1,1,d,0,0,16,12,d,4,5,0,8
1800,3,1,0,1,0,s,d,s,0,0,1,d,0,0,2,0,8,s,1,1,d,0,0,16,12,21,4,5,d,8
I323,3,1,0,1,18,s,0,s,s,0,1,0,0,0,2,0,s,1,0,1,0,s,0,16,12,21,4,5,30,8
1375,3,1,0,1,18,s,0,s,s,0,1,0,0,0,2,0,s,1,0,1,d,s,0,16,12,21,4,d,30,8
1374,d,1,0,1,d,s,5,s,s,0,1,0,3,0,2,3,s,1,d,1,d,s,0,16,d,21,4,5,30,8
I326,3,1,0,1,0,s,0,s,0,0,0,0,0,0,2,0,s,1,0,0,0,20,5,16,12,21,4,0,0,8
1429,3,1,0,s,0,s,0,s,0,d,0,0,0,0,d,0,s,1,0,0,0,d,5,16,d,21,4,0,0,8
1428,3,1,1,1,d,s,0,s,d,0,d,0,0,0,2,0,s,1,d,d,0,20,5,16,12,21,4,0,0,8
I327,3,1,0,1,0,s,33,s,0,0,0,0,2,0,2,0,8,1,9,0,0,s,0,16,12,21,4,0,0,8
I329,3,1,0,1,3,s,33,s,3,0,0,0,2,0,2,0,8,1,9,0,0,s,4,16,12,21,4,0,0,8
1129,d,1,0,1,3,s,33,s,3,0,0,0,2,0,2,3,8,1,d,0,0,s,d,16,12,21,d,0,0,8
1128,3,1,0,1,3,s,33,s,3,0,0,0,2,0,2,0,8,1,9,0,0,s,4,16,12,21,4,0,0,8
I331,3,1,0,1,0,s,33,s,0,0,0,0,2,0,2,0,8,1,9,0,0,s,4,16,12,21,4,0,0,8
I332,3,1,0,1,0,s,33,s,0,2,0,0,2,0,2,0,8,1,9,0,0,s,4,16,12,21,4,0,0,8
1141,3,1,d,1,0,s,33,s,d,2,1,d,2,0,2,d,d,1,9,0,d,s,4,16,12,21,4,0,0,8
1140,3,1,s,1,d,s,d,s,0,2,0,0,2,0,2,d,8,1,d,0,0,s,4,16,12,d,4,0,d,8
I333,3,1,0,1,0,s,33,s,0,0,0,0,2,0,2,0,8,1,9,0,5,s,4,16,12,21,4,0,0,8
1539,3,1,0,1,d,s,33,s,0,0,0,0,2,0,d,0,8,d,9,37,5,s,4,16,d,21,4,0,0,8
1538,3,1,0,1,0,s,33,s,0,0,1,0,2,0,2,0,8,d,9,0,5,s,4,16,12,21,4,d,0,8
I334,3,s,0,1,0,0,0,s,0,0,0,0,0,0,2,0,8,1,0,0,0,0,0,16,12,21,4,0,0,8
I335,3,s,0,1,0,0,0,s,0,0,s,0,0,0,2,0,8,1,0,0,0,0,0,16,12,21,4,0,s,8
1897,d,s,d,1,18,0,0,s,d,0,s,0,d,0,2,0,d,1,d,0,d,0,d,16,d,21,4,2,s,8
I339,3,s,0,1,0,0,0,s,0,0,s,0,0,0,2,0,8,1,0,0,0,0,0,16,12,21,4,0,s,8
I340,3,s,0,1,0,0,0,s,0,0,s,0,0,0,2,0,8,1,0,0,0,0,0,16,12,21,4,5,s,8
1665,d,s,0,1,0,0,9,s,0,0,s,0,0,0,2,0,d,d,0,0,0,0,0,16,12,21,4,5,s,8
1664,3,s,0,1,0,0,0,s,d,0,s,0,0,0,2,0,8,1,0,17,0,d,0,16,12,21,4,5,s,8
I341,3,s,0,1,0,0,0,s,0,0,s,0,0,0,2,0,8,1,9,0,0,0,0,16,12,21,4,0,s,8
1899,3,s,0,1,0,0,0,s,0,0,s,0,d,0,2,0,8,1,9,0,0,0,0,16,12,d,4,d,s,8
1898,3,s,0,d,d,d,0,s,0,0,s,0,0,0,d,d,8,1,9,0,0,0,0,16,12,21,4,0,s,8
I342,3,s,0,1,1,0,0,s,0,0,0,0,0,0,2,0,8,1,0,0,0,0,0,16,12,21,4,0,20,8
1735,3,s,d,1,d,0,0,s,0,0,0,0,0,0,2,0,8,1,0,0,14,0,0,16,d,21,4,d,20,8
I346,3,s,1,1,1,0,0,s,0,0,0,0,0,0,2,0,8,1,0,0,2,0,0,16,12,21,4,0,20,8
1937,3,s,1,d,d,0,d,s,d,8,d,0,0,0,2,0,8,1,d,d,2,6,0,16,12,d,4,0,20,8
1498,3,s,1,1,1,0,0,s,7,0,0,0,0,0,2,d,8,1,0,15,2,0,0,16,12,21,4,2,20,8
I349,3,1,0,0,0,0,0,s,0,0,0,0,0,0,2,0,8,0,0,0,0,0,0,16,12,21,4,2,0,8
I350,3,1,0,0,0,0,0,s,0,0,0,0,0,0,2,0,8,0,0,0,0,0,0,16,12,21,4,2,0,8
I352,3,1,1,0,0,0,0,s,0,0,0,0,2,0,2,0,8,0,0,0,0,0,4,16,12,21,4,2,25,8
1713,d,1,1,d,s,d,0,s,0,0,0,0,2,d,2,0,8,1,0,0,d,0,4,16,12,21,4,2,d,8
1768,3,1,1,0,0,d,d,s,d,0,0,0,2,0,2,d,s,0,0,0,0,0,4,16,12,21,4,2,25,8
I359,3,1,0,0,0,0,0,s,3,s,0,0,0,0,2,0,8,0,0,0,0,0,3,16,s,21,4,2,0,8
I360,3,1,0,1,0,0,0,s,3,s,0,0,0,0,2,0,8,0,0,0,0,0,3,16,s,21,4,2,0,8
1167,d,1,0,1,0,d,0,s,3,s,0,0,d,4,2,0,8,d,d,0,0,d,3,16,s,21,4,2,0,8
1166,d,1,0,1,0,d,d,s,d,s,0,0,0,d,2,0,8,0,d,0,9,0,3,16,s,21,4,d,0,8
1136,3,1,0,0,0,0,d,s,3,s,0,0,2,0,2,s,8,1,0,0,0,0,3,16,s,21,4,2,0,8
I365,3,1,1,0,0,0,0,s,0,0,0,0,0,0,2,10,8,0,0,0,0,6,0,16,12,21,4,2,0,8
I366,s,1,1,1,0,0,0,s,0,7,0,0,0,19,s,10,8,0,0,0,0,6,0,16,12,s,4,2,0,8
I369,s,1,1,1,0,0,0,s,0,7,s,0,0,19,s,10,8,0,0,6,0,6,0,16,12,s,4,2,1,8
1525,s,1,1,1,0,0,0,s,0,7,s,0,0,19,s,10,8,0,0,6,0,6,0,d,12,s,d,2,d,8
1524,s,d,d,d,53,0,0,s,0,7,s,0,0,19,s,10,8,0,0,6,0,6,d,16,12,s,4,2,1,d
1444,s,1,1,1,11,3,s,s,5,7,0,0,0,19,s,10,8,1,16,d,0,6,d,s,d,s,4,d,0,8
I373,3,1,1,0,0,0,s,s,0,0,0,0,0,0,2,10,8,0,0,0,0,6,4,16,12,21,4,2,0,8
I376,3,1,1,0,0,0,s,s,0,0,0,0,0,0,2,10,8,0,0,0,0,6,4,16,12,21,4,2,0,8
1085,3,1,1,d,0,0,s,s,0,0,0,0,6,0,2,10,8,0,0,0,0,6,4,16,d,21,4,2,0,8
1084,3,d,1,0,0,0,s,s,0,0,0,d,0,30,2,10,8,0,0,0,0,6,4,16,12,21,4,d,0,8
I377,3,1,1,1,0,0,s,s,0,0,0,0,0,0,2,10,8,0,0,0,0,6,4,16,12,21,4,2,0,8
1390,3,1,d,1,s,2,s,s,0,0,0,3,2,0,d,10,s,d,0,0,5,6,4,16,12,21,4,d,0,8
1076,3,1,1,1,0,0,s,s,0,0,0,d,0,0,2,10,8,0,9,0,d,6,4,16,12,d,4,2,3,8
I380,0,0,0,0,0,0,0,10,0,0,0,0,0,0,2,0,8,0,0,0,0,0,0,16,12,21,4,0,0,8
I381,0,0,0,0,0,0,0,10,0,0,1,0,0,0,2,0,8,0,0,0,0,0,2,16,12,21,4,0,0,s
I382,0,1,0,0,0,0,0,10,0,13,1,0,0,0,2,0,8,0,0,0,0,0,2,16,12,21,s,0,0,s
I383,0,1,0,0,0,0,0,10,0,13,1,0,0,0,2,0,8,0,0,0,0,0,2,16,12,21,s,0,0,s
I384,0,1,0,1,0,0,0,10,0,13,1,0,2,0,2,0,8,0,0,0,0,0,2,16,12,21,s,0,0,s
I385,0,1,0,1,0,0,0,10,0,13,1,0,2,0,2,0,8,0,3,0,0,0,2,16,12,21,s,0,25,s
1839,d,1,0,1,0,0,5,10,3,13,1,0,2,19,2,0,d,0,3,0,d,0,2,16,12,21,s,d,25,s
1567,s,1,0,1,0,0,d,10,s,d,1,0,2,0,2,0,8,3,3,0,0,0,2,16,d,21,s,5,25,s
I388,0,1,0,1,0,0,0,10,0,13,1,0,2,0,2,6,8,0,1,0,0,0,2,16,12,21,s,0,0,s
I389,0,1,0,1,66,0,0,10,0,13,1,0,s,0,2,6,8,0,1,0,5,0,2,16,12,21,s,0,0,s
1791,0,1,d,1,66,d,0,10,0,13,1,0,s,0,2,6,d,0,1,0,5,0,d,d,12,21,s,0,0,s
1790,0,1,0,1,d,0,0,d,0,d,1,0,s,d,2,6,8,d,1,d,5,0,2,16,12,21,s,0,0,s
1698,d,d,0,1,0,0,0,10,0,13,d,0,d,0,2,6,d,0,1,0,0,0,2,d,12,21,s,0,0,s
I391,0,1,0,0,0,0,0,10,0,13,1,0,2,0,2,0,8,0,9,0,0,0,2,16,12,21,s,0,0,s
I392,0,1,0,0,0,0,0,10,0,13,1,s,2,0,2,0,8,0,9,0,0,0,2,16,12,21,s,0,0,s
I393,0,1,1,0,0,0,0,10,0,13,1,s,2,0,2,0,8,0,9,12,0,0,2,16,12,21,s,0,0,s
1675,0,1,1,0,0,0,0,d,0,13,1,s,2,0,2,0,8,0,9,12,0,0,2,16,12,21,s,2,0,s
1674,0,1,d,0,0,0,0,10,0,13,1,s,2,d,d,0,8,0,9,12,0,0,2,16,12,21,s,0,0,s
I394,0,1,0,0,0,0,0,10,0,13,1,s,2,0,2,2,8,0,9,0,0,0,2,16,12,21,s,0,0,s
1741,0,1,0,0,d,0,0,10,0,13,1,s,d,0,2,s,d,0,9,0,0,0,2,16,12,21,s,0,0,s
1740,0,1,0,s,0,6,0,10,0,13,1,s,2,0,2,d,8,0,9,0,0,0,2,16,12,d,s,d,0,s
1593,0,1,0,0,0,0,0,10,0,13,1,0,d,0,d,0,8,0,9,0,0,d,2,d,12,21,s,0,0,s
I398,0,1,0,0,0,0,0,10,0,13,1,0,0,0,2,0,8,0,0,0,0,0,2,16,12,21,s,0,0,s
I399,0,1,0,0,3,0,0,10,0,13,1,0,2,0,2,3,8,1,0,0,0,0,2,16,12,21,s,0,0,s
I401,3,1,0,0,3,0,0,10,0,13,1,0,2,0,2,3,8,s,0,0,0,s,2,16,s,21,s,0,0,s
1933,3,1,0,0,3,0,d,10,0,d,1,0,2,0,2,3,8,s,0,0,0,s,2,16,s,d,s,0,0,s
1932,3,1,0,0,d,d,0,10,0,13,1,0,d,0,2,3,8,s,0,0,0,s,2,16,s,21,s,d,0,s
I403,3,1,0,4,3,0,0,10,0,13,1,0,2,0,2,3,8,1,0,42,0,0,2,16,12,21,s,0,0,s
I404,3,1,0,4,3,13,0,10,0,13,1,0,2,1,2,3,8,s,0,42,0,20,2,16,12,21,s,0,0,s
1789,3,1,0,4,3,13,0,10,0,13,1,0,2,1,2,3,8,s,0,42,d,20,2,16,12,21,s,0,0,s
1788,3,1,0,4,3,13,0,10,0,13,1,0,2,1,2,3,8,s,0,d,0,20,2,16,12,21,s,0,0,s
1880,3,d,0,4,d,0,0,10,0,13,d,5,2,1,2,3,d,1,0,42,0,0,2,16,12,d,s,0,0,s
I406,0,1,0,0,0,0,0,10,0,13,1,0,0,0,2,0,8,0,0,0,0,0,2,16,12,21,s,0,0,s
I407,0,1,0,0,0,0,0,10,0,13,1,0,0,0,2,0,8,0,0,0,0,0,2,16,12,21,s,0,0,s
I408,0,1,0,0,0,0,0,10,0,13,1,0,0,0,2,17,8,0,0,0,0,0,2,16,12,21,s,0,0,s
1689,0,1,0,0,0,0,0,10,0,13,1,0,0,0,2,17,8,d,0,0,0,0,2,d,12,21,s,d,0,s
1688,0,1,0,0,0,0,0,10,d,13,1,0,0,d,2,17,8,0,0,0,0,0,2,16,d,21,s,0,0,s
1900,0,1,0,s,0,0,0,d,3,13,1,d,0,0,2,0,8,0,0,0,2,d,2,16,12,21,s,0,0,s
I410,0,1,0,0,0,0,34,10,0,13,1,0,0,0,2,0,8,0,0,0,0,0,2,16,12,21,s,0,0,s
I411,0,1,0,0,0,0,34,10,0,13,1,0,0,0,2,0,8,0,0,0,0,0,2,16,12,21,s,0,0,s
1829,d,1,0,0,0,0,34,10,0,d,d,d,d,d,d,0,d,0,d,d,0,0,2,d,12,21,s,0,0,s
1828,d,1,0,0,0,0,34,10,0,d,d,0,d,0,2,0,8,d,d,d,s,0,2,16,d,21,s,d,d,s
1982,0,1,0,0,0,s,34,10,0,d,1,0,d,0,2,0,8,0,s,17,0,0,2,16,12,21,s,1,0,s
I413,0,0,0,0,0,0,0,10,0,0,1,0,0,0,2,0,8,0,0,0,0,0,2,16,12,21,4,0,0,s
I422,3,0,0,1,s,7,17,10,0,22,1,0,0,s,2,0,8,0,0,0,0,0,2,16,12,21,4,0,0,s
I423,3,0,1,1,s,7,17,10,0,22,1,0,0,s,2,19,8,1,0,0,0,0,2,16,12,21,4,5,0,s
1450,3,0,1,1,s,7,17,d,0,22,1,0,0,s,2,19,8,1,d,0,0,0,2,16,12,21,4,d,16,s
1208,3,0,1,1,s,7,17,10,3,22,s,d,0,s,s,d,8,1,0,d,0,0,2,16,12,21,4,5,0,s
1108,d,d,0,1,s,7,17,10,3,22,1,d,d,s,d,26,8,0,0,43,20,0,2,16,12,21,4,0,d,s
I429,0,0,0,0,0,0,5,10,0,0,1,3,0,0,2,0,8,0,0,0,0,0,2,16,12,21,4,0,0,s
I436,0,0,s,s,0,0,5,10,0,8,1,3,2,0,2,0,8,0,s,0,s,0,2,16,s,21,4,2,0,s
1585,0,0,s,s,0,0,5,d,5,8,1,3,2,0,d,0,8,0,s,0,s,0,2,16,s,21,4,2,d,s
1584,0,0,s,s,0,10,5,10,0,8,d,3,2,d,2,d,8,0,s,0,s,0,d,16,s,21,4,2,0,s
I437,0,0,0,0,0,0,5,10,0,7,1,3,0,0,2,0,8,0,9,0,0,0,2,16,12,21,4,0,0,s
1602,0,d,0,0,0,0,5,10,0,7,d,3,0,0,2,0,8,0,9,2,0,0,2,16,12,21,4,0,d,s
1974,0,s,0,0,d,0,5,10,0,7,1,3,0,0,2,0,8,0,9,0,17,2,s,d,s,s,4,d,0,s
I444,0,0,0,0,0,0,0,10,0,0,0,0,0,0,2,0,8,0,0,0,0,0,0,16,12,21,4,2,0,8
I445,0,0,0,0,0,0,0,10,0,0,0,0,0,0,2,0,8,0,0,0,0,0,0,16,12,21,4,2,0,8
I446,0,0,0,0,0,0,0,10,0,0,0,0,0,0,2,0,8,1,0,0,0,0,0,16,12,21,4,2,0,8
I447,0,0,0,0,0,0,0,10,0,0,0,0,0,0,2,0,8,1,0,21,0,0,3,16,12,21,4,2,0,8
I448,0,0,0,0,65,0,0,10,0,0,0,0,0,s,2,8,8,1,0,21,0,0,3,16,12,21,4,2,0,8
1480,0,0,0,0,65,d,0,10,d,0,0,0,s,s,2,8,d,1,0,21,0,0,3,16,12,21,4,2,0,d
I450,0,0,0,0,65,0,0,10,0,0,0,0,0,s,2,8,8,1,0,21,0,0,3,16,12,21,4,2,0,8
1273,0,2,0,0,65,0,d,10,d,0,0,d,0,s,2,8,8,1,0,21,0,0,3,s,12,21,4,2,0,d
1272,0,0,0,d,65,0,d,10,0,d,0,0,2,s,2,8,8,1,0,21,0,0,3,16,d,21,4,2,0,8
I452,0,0,1,0,0,0,19,10,0,0,0,0,0,0,2,0,8,1,9,21,0,0,3,16,12,21,4,2,0,8
1143,3,0,1,d,0,6,19,10,0,0,d,0,0,0,2,0,d,1,9,21,0,0,3,d,12,21,4,d,0,8
1142,0,0,1,0,0,0,19,10,0,0,0,0,0,0,d,0,8,d,9,21,0,30,3,16,12,21,d,2,0,d
I454,s,0,0,0,0,0,0,10,0,0,0,0,0,0,2,0,8,1,16,0,0,0,0,16,12,21,4,2,0,8
I455,s,0,0,0,0,0,5,10,0,0,0,0,2,0,2,0,8,1,16,0,0,0,0,16,12,21,4,2,0,8
1907,s,0,0,0,17,0,5,10,0,0,0,0,2,d,d,0,8,1,16,12,0,20,0,16,12,21,4,2,0,8
1820,s,0,0,0,0,0,5,10,0,13,0,d,2,13,2,d,8,d,16,0,0,0,0,16,12,d,d,2,0,8
I458,s,0,0,0,0,0,0,10,0,0,0,0,0,0,2,0,8,1,16,0,s,0,0,16,12,21,4,2,0,8
2025,s,0,0,0,0,d,d,10,d,0,0,d,d,0,2,2,8,1,16,0,s,0,s,16,12,21,4,2,0,8
I460,s,0,0,0,0,0,0,10,0,0,0,0,0,0,2,0,8,1,16,0,s,0,0,16,12,21,4,2,0,8
1875,s,0,0,0,0,0,0,10,0,d,1,0,0,0,2,27,8,d,16,0,s,0,0,16,d,21,4,2,0,8
1874,s,d,0,d,0,0,0,10,d,d,0,0,0,0,d,d,8,d,16,0,s,d,0,16,12,21,4,2,0,8
I461,0,0,0,0,0,6,0,10,0,0,0,0,0,0,2,0,8,0,0,0,0,0,0,16,12,21,4,2,s,8
I462,0,0,0,1,0,6,0,10,0,0,0,0,0,0,2,0,8,1,0,0,0,0,0,s,12,21,4,2,s,8
I463,3,0,0,1,0,6,0,10,0,0,0,0,0,0,2,0,8,1,0,0,9,0,0,s,12,21,4,2,s,8
1467,s,0,0,1,8,6,28,10,0,0,1,0,0,s,2,2,8,1,0,0,9,0,0,s,12,21,4,2,s,8
1564,3,0,0,1,0,6,0,10,0,0,0,0,0,0,d,0,8,1,0,1,9,0,0,s,12,21,d,2,s,8
I466,0,0,0,1,0,6,0,10,3,0,1,0,s,0,2,27,8,1,0,0,0,0,0,s,s,21,4,2,s,8
I467,0,0,0,1,0,6,0,10,3,0,1,0,s,0,2,27,8,1,0,0,0,0,0,s,s,21,4,2,s,8
1891,0,0,0,d,0,6,0,10,3,0,1,0,s,0,2,27,8,1,d,0,d,0,0,s,s,d,d,2,s,8
1890,0,0,0,d,0,6,0,10,3,0,1,0,s,0,2,27,d,1,0,5,0,d,0,s,s,21,4,2,s,8
1771,0,d,0,d,0,6,0,10,d,0,1,0,s,0,2,27,8,d,0,d,0,0,5,s,s,s,4,2,s,8
I469,0,0,0,1,3,6,5,10,0,0,0,0,0,0,2,12,8,0,3,0,0,20,3,16,12,21,4,2,s,8
I470,0,0,0,1,3,6,5,10,0,0,0,0,0,0,2,12,8,0,3,0,0,20,3,16,12,21,4,2,s,8
1652,0,0,1,1,d,d,d,10,0,0,0,0,0,0,2,12,8,d,3,0,0,20,3,16,d,21,4,2,s,8
1618,0,d,0,1,3,6,d,d,0,s,0,0,0,0,2,12,8,0,3,0,d,d,3,16,12,21,4,d,s,8
I473,0,1,0,1,3,6,5,10,0,0,0,0,0,0,2,12,8,3,3,0,0,20,3,16,12,21,4,2,s,8
1853,0,1,0,1,d,6,5,10,s,0,0,0,0,0,2,12,8,3,3,0,d,20,3,16,12,21,4,d,s,8
1915,0,1,d,d,d,6,5,10,0,0,s,0,0,0,2,12,8,3,3,0,2,20,3,16,12,d,4,2,s,8
I476,0,0,1,0,0,0,5,10,0,0,0,0,2,0,2,0,8,0,0,0,0,0,0,16,12,21,4,2,0,8
I477,3,0,1,0,0,0,5,10,0,0,0,0,2,s,2,10,8,0,0,0,0,0,0,16,12,21,4,2,0,8
I478,3,0,1,0,0,0,5,10,0,0,0,0,2,s,2,10,8,2,0,0,0,0,0,16,12,21,4,2,0,s
I479,3,0,1,0,0,0,5,10,0,0,0,0,2,s,2,10,8,2,0,0,0,0,4,16,12,21,4,2,0,s
1502,3,0,1,0,s,0,5,10,0,0,d,s,2,s,d,d,d,2,0,0,0,0,4,16,d,21,d,2,0,s
1608,3,1,1,0,11,0,5,d,d,0,0,d,d,s,2,10,s,2,0,0,1,0,4,16,12,21,4,2,0,s
1825,3,d,1,d,0,0,5,10,0,0,0,d,2,s,2,10,8,d,d,17,d,0,0,16,12,21,4,2,0,s
I485,3,1,1,0,0,0,5,10,0,0,0,0,2,s,2,10,8,0,0,0,0,6,0,16,12,21,4,2,0,8
I486,3,1,1,0,0,1,s,10,0,0,0,0,2,s,2,10,8,0,0,16,7,6,0,16,12,21,4,2,0,8
I487,3,1,1,0,0,1,s,10,3,0,0,0,2,s,2,10,8,0,0,16,7,6,0,16,s,21,4,2,0,8
1809,3,1,1,0,0,1,s,10,3,0,0,0,2,s,2,10,8,0,0,16,7,s,d,d,s,21,4,2,0,d
1808,3,1,1,0,0,1,s,d,3,0,0,0,2,s,2,10,8,0,0,16,7,d,0,16,s,d,4,2,0,8
I488,3,1,1,0,0,1,s,10,0,0,s,0,2,s,2,10,8,0,0,16,7,6,3,16,12,21,4,2,0,8
1709,3,1,d,d,0,1,s,10,0,s,s,d,d,s,2,10,8,0,0,16,7,6,3,16,12,21,4,2,0,8
1708,3,1,1,0,0,d,s,d,0,0,s,0,2,s,2,10,d,d,0,d,7,6,3,16,12,21,4,2,0,8
I489,3,1,1,0,0,0,5,10,0,0,0,0,2,s,2,10,8,0,0,0,0,6,0,16,12,21,4,2,0,8
1751,3,1,1,0,0,0,5,10,0,0,0,0,s,s,2,10,8,d,d,d,0,d,0,16,12,21,4,2,0,8
I491,3,1,1,0,0,0,5,10,0,0,0,5,2,s,2,10,8,1,0,0,0,6,0,16,12,21,4,2,0,8
1969,3,1,1,0,0,0,5,10,0,0,0,5,2,s,2,10,8,1,0,0,0,d,0,16,12,21,4,2,0,8
1968,3,1,d,0,0,0,5,10,0,d,0,5,2,s,2,10,d,1,0,0,0,6,0,16,12,21,4,2,d,d
I492,0,0,1,0,0,0,5,10,0,0,0,0,2,0,2,0,8,0,0,0,0,33,0,16,12,21,4,2,0,8
I493,0,0,1,0,0,0,5,10,0,0,0,0,2,0,2,0,8,1,0,0,s,33,0,16,12,21,4,2,0,8
I494,0,0,1,0,0,0,5,10,0,13,0,0,2,0,2,0,8,1,0,0,s,s,0,16,12,21,4,2,0,8
I495,0,0,1,0,0,0,5,10,0,13,0,0,2,s,2,27,8,1,0,0,s,s,0,16,12,21,4,2,0,8
1865,d,d,1,0,0,0,5,10,0,d,0,0,2,s,2,d,8,1,d,0,s,s,0,d,12,21,4,2,0,8
1864,0,0,1,0,0,0,d,10,0,13,0,0,2,s,2,27,8,1,0,0,s,s,0,16,12,21,4,2,0,8
1958,0,0,1,d,0,0,5,10,0,13,d,0,2,0,2,6,8,1,0,2,s,s,0,d,12,21,4,2,0,8
I497,0,0,1,s,0,0,5,10,0,0,0,2,2,0,2,0,8,1,0,0,s,33,0,16,12,21,4,2,0,8
1611,0,0,1,s,13,d,5,10,0,d,0,2,2,0,2,d,8,1,0,18,s,33,0,16,d,21,d,2,0,8
1479,0,0,1,s,0,0,d,10,0,0,0,2,2,0,2,s,8,1,0,0,s,33,d,16,12,21,4,2,0,8
I500,0,0,1,0,0,5,5,10,0,22,0,0,2,0,s,0,8,0,0,0,0,33,0,16,12,21,4,2,0,8
2001,0,0,1,0,44,5,5,10,0,22,0,0,2,d,s,0,d,0,0,0,0,33,0,d,12,21,4,2,0,8
I504,0,0,1,0,0,5,5,10,0,22,1,0,2,0,s,3,8,0,0,0,0,33,0,16,12,21,4,2,0,8
1659,0,0,1,0,0,5,5,10,d,22,1,0,d,0,s,3,d,0,0,0,0,33,0,16,12,d,4,2,0,d
1904,0,0,1,0,0,5,5,d,0,d,1,0,2,0,s,3,8,d,0,0,0,d,0,16,12,21,4,d,0,d
I507,3,0,0,0,11,0,0,0,0,0,0,0,0,0,2,0,0,1,0,0,0,0,4,0,0,0,0,0,0,8
I508,3,0,0,0,11,0,0,0,0,0,0,0,0,0,2,0,0,1,0,4,0,0,4,0,0,0,8,0,0,8
I509,3,0,0,0,11,0,0,0,0,0,0,0,0,0,2,0,0,1,0,4,0,0,4,0,17,0,8,0,0,8
I510,3,0,0,0,11,2,0,0,0,0,0,0,0,0,2,0,0,1,0,4,0,0,4,0,17,0,8,3,14,8
I511,3,0,0,0,11,2,0,0,0,0,0,0,0,0,2,0,0,1,1,4,0,0,4,0,17,s,8,s,14,8
I512,3,0,0,0,11,2,0,0,0,0,1,0,0,0,s,0,2,1,1,4,0,0,4,0,17,s,8,s,14,8
I513,3,1,0,0,11,2,0,0,0,13,1,0,0,0,s,0,2,1,1,4,0,0,4,0,17,s,8,s,14,8
1064,d,1,0,0,11,2,d,0,d,13,1,0,0,14,s,s,2,1,1,4,0,0,4,6,17,s,8,s,14,s
I517,3,1,0,0,11,2,0,0,3,13,1,5,0,5,s,0,2,1,1,4,0,0,4,0,17,s,8,s,14,8
1090,3,1,0,s,11,2,s,0,s,13,1,5,0,5,s,d,2,1,1,4,0,2,4,0,17,s,8,s,14,8
I519,3,1,0,0,11,2,0,0,3,13,1,5,0,5,s,0,2,1,1,4,0,0,4,0,17,s,8,s,14,8
1107,3,1,d,0,11,2,0,d,3,13,1,5,0,5,s,0,2,1,1,4,0,0,4,0,17,s,8,s,d,8
1106,3,1,0,0,d,2,0,0,3,13,1,5,0,s,s,0,2,1,d,4,0,d,4,0,17,s,8,s,14,8
I520,3,0,0,0,11,2,0,0,0,0,1,0,0,0,s,0,2,1,1,4,0,0,4,0,17,s,8,s,14,8
1256,3,0,0,0,11,2,7,0,0,0,1,0,0,26,s,0,2,1,1,4,d,0,4,21,17,s,8,s,14,8
I526,3,0,0,0,11,2,0,0,0,2,1,0,0,14,s,0,2,1,1,4,0,0,s,0,17,s,8,s,14,s
1587,3,0,0,0,d,2,0,0,3,d,1,0,0,d,s,0,2,1,1,4,0,0,s,0,17,s,8,s,14,s
1586,3,0,0,0,d,2,0,0,0,2,1,0,d,14,s,d,2,1,1,4,0,d,s,d,17,s,8,s,14,s
I527,3,0,0,0,11,2,0,4,0,0,0,5,0,29,2,0,0,1,1,4,0,0,4,0,17,s,8,s,14,8
I528,3,0,0,0,11,s,0,4,0,0,0,5,0,29,2,0,0,1,1,4,0,0,4,0,17,s,8,s,14,8
1381,3,0,0,0,11,s,d,d,0,0,0,5,0,d,2,18,0,1,1,4,15,1,4,d,d,s,8,s,14,8
I532,3,0,0,0,11,s,0,4,0,0,0,5,0,29,2,0,0,1,1,4,0,0,4,0,17,s,8,s,14,8
1389,3,0,0,0,11,s,0,4,0,0,0,5,2,29,2,10,0,1,1,4,0,0,4,0,17,s,8,s,14,d
1392,3,d,0,1,11,s,0,4,0,0,0,5,6,29,2,0,0,s,1,4,0,0,4,0,17,s,8,s,14,8
I535,3,4,0,0,11,2,0,4,0,8,0,5,0,29,2,s,0,1,1,4,0,0,4,0,17,s,8,s,14,8
I536,3,4,1,1,11,2,0,4,0,8,s,5,0,29,2,s,0,1,1,4,0,7,4,0,17,s,8,s,14,8
I537,3,4,1,1,11,2,5,4,0,8,s,5,0,29,2,s,0,1,1,4,0,7,4,s,17,s,8,s,14,8
1211,3,4,1,1,11,2,5,d,0,8,s,5,0,29,2,s,0,1,1,4,d,7,4,s,17,s,8,s,14,8
1210,3,4,1,1,11,d,5,4,0,8,s,5,2,29,s,s,d,d,1,4,0,7,4,s,17,s,8,s,d,8
1236,3,4,1,1,11,2,d,s,0,8,s,5,0,29,2,s,0,1,1,4,0,7,4,0,17,s,8,s,d,8
1174,3,4,0,0,d,2,16,4,0,8,0,5,0,29,2,s,s,1,1,d,0,d,4,18,d,s,8,s,14,8
I542,3,0,0,0,11,2,0,0,0,0,0,0,0,0,2,0,0,1,0,4,0,0,4,0,17,0,8,3,14,8
I543,3,0,0,0,11,2,0,0,0,0,0,0,0,0,2,0,0,1,0,4,0,0,4,0,17,0,8,3,14,8
I544,3,0,0,0,11,2,0,0,0,0,0,0,0,0,2,0,0,1,0,4,2,0,4,0,17,29,8,3,14,8
I545,3,1,0,0,11,2,0,0,0,0,0,0,0,0,2,0,0,1,0,4,2,0,s,16,17,29,8,3,14,8
1182,3,1,0,d,11,2,0,22,0,0,0,0,0,15,2,0,0,1,d,4,2,0,s,16,17,29,8,3,14,8
1082,d,1,0,0,11,2,0,13,3,15,0,d,0,s,2,d,0,1,d,4,2,30,s,16,17,d,d,3,14,8
I548,3,1,0,0,11,2,0,0,0,0,0,0,0,0,2,0,0,1,0,4,2,0,4,0,17,29,8,3,14,8
I549,3,1,0,s,11,2,0,0,0,0,0,0,0,0,2,0,0,1,0,4,2,0,4,0,17,29,8,3,14,8
1047,3,1,0,s,11,d,0,0,0,0,d,0,1,0,2,d,0,1,6,4,2,0,d,0,17,29,8,3,14,8
2047,3,1,0,s,d,2,0,0,0,0,0,d,0,d,2,0,d,1,0,4,2,d,d,0,17,29,8,3,14,8
1126,d,1,d,0,d,2,0,1,0,7,0,0,2,6,2,0,0,1,0,d,d,0,4,0,17,s,d,3,14,8
I552,3,0,0,0,11,2,0,0,0,0,1,3,0,0,2,0,0,1,0,4,2,0,4,0,17,0,8,3,14,8
1088,3,0,1,1,d,2,21,0,3,0,1,3,0,0,d,d,0,1,2,4,2,d,4,0,d,0,8,3,14,8
I559,3,0,0,0,11,2,0,s,0,0,1,3,0,0,2,0,0,1,0,4,2,0,4,0,17,0,8,3,14,8
2017,3,0,0,0,11,2,0,s,0,0,1,3,0,0,2,0,d,1,0,4,2,0,d,0,d,0,8,3,14,8
2016,3,0,0,0,11,d,0,s,0,0,d,3,0,0,2,0,0,1,d,4,d,0,4,0,17,0,8,3,14,8
I561,3,0,0,0,11,2,0,0,0,0,0,0,0,13,2,0,0,1,0,4,0,0,4,0,17,23,8,3,14,8
I562,3,0,0,0,11,2,0,0,0,0,0,0,0,13,2,0,0,1,0,4,5,0,4,0,17,23,8,3,14,8
1168,3,0,0,0,11,2,d,0,0,0,0,3,0,13,s,0,0,1,0,4,5,0,4,0,17,23,8,3,14,8
I566,3,0,1,0,11,2,0,0,0,0,0,0,0,13,2,0,0,1,0,4,5,5,4,0,17,23,8,3,14,8
I567,3,0,1,0,11,2,0,0,0,0,s,0,0,13,2,0,0,1,0,4,5,5,4,0,17,23,8,3,14,8
1401,3,0,d,0,11,d,0,d,d,0,s,0,0,13,2,0,0,d,d,4,5,5,4,d,17,23,8,3,14,8
1400,3,0,1,d,11,2,0,0,0,0,s,d,0,13,2,d,d,s,0,4,5,5,4,16,17,23,8,3,d,8
1516,3,0,1,1,11,d,d,0,0,s,0,d,0,d,2,0,2,1,0,4,d,5,d,d,17,23,8,3,14,s
I569,3,0,0,0,11,2,0,0,0,0,0,3,0,13,2,0,0,1,0,4,0,0,4,0,17,23,8,3,14,8
I570,3,0,0,0,11,2,0,0,0,0,0,3,0,13,2,0,0,1,0,4,0,0,4,0,17,23,8,3,14,8
1295,3,0,0,d,11,d,d,0,0,0,d,d,0,13,d,0,0,1,0,d,0,0,4,0,17,23,8,3,14,8
I572,3,0,1,0,11,s,0,0,3,0,0,3,0,s,2,0,0,1,0,4,0,0,4,3,17,23,8,3,14,8
1353,3,0,1,0,11,s,0,0,3,0,0,3,0,s,2,0,0,1,0,4,0,0,4,3,17,23,8,3,14,8
1352,d,0,1,0,11,s,0,0,3,0,0,3,0,s,d,0,0,d,0,4,0,0,4,3,17,23,8,3,14,8
I573,3,0,0,0,11,2,0,0,0,s,0,3,0,13,2,0,0,1,0,4,9,0,4,0,17,23,8,3,14,8
1551,d,0,0,d,d,2,5,4,0,s,0,3,0,13,2,0,10,1,s,4,9,0,d,0,17,23,8,3,d,8
I575,3,0,0,0,11,2,0,10,0,s,0,3,0,13,2,0,0,1,0,4,9,0,4,0,17,23,8,3,14,8
1197,3,d,d,0,11,2,0,10,0,s,0,3,0,13,2,0,d,1,3,d,9,0,4,0,d,23,d,3,14,8
1196,d,0,0,0,d,2,0,10,0,s,d,3,d,13,d,0,0,1,0,4,9,0,4,0,d,23,8,3,14,8
I576,3,0,0,0,11,0,0,0,0,0,0,0,0,0,2,0,0,1,0,4,0,0,4,0,17,16,8,0,0,8
I577,3,0,0,0,11,0,0,0,0,0,s,0,0,0,2,0,1,1,0,4,0,20,4,0,17,16,8,0,0,s
I578,3,0,0,0,11,0,0,0,0,0,s,0,0,0,2,0,1,s,16,4,9,20,4,0,17,16,8,0,0,s
I579,3,0,0,0,11,0,0,0,0,0,s,0,0,2,2,0,1,s,16,4,9,20,4,0,17,16,8,0,0,s
I580,3,0,0,0,11,0,0,0,0,0,s,0,0,2,2,0,1,s,16,4,9,20,4,0,17,16,8,0,0,s
I581,3,0,0,0,11,5,0,0,s,0,s,0,2,2,2,0,1,s,16,4,9,20,4,0,17,16,8,2,0,s
1835,d,d,d,0,11,5,0,d,s,d,s,d,2,2,2,0,1,s,16,4,9,20,4,0,17,16,d,d,0,s
1834,3,1,0,0,11,d,0,12,s,d,s,0,d,2,2,27,d,s,16,4,9,20,4,0,d,16,8,2,0,s
1670,3,0,d,0,11,0,0,d,0,0,s,0,0,2,2,0,1,s,16,4,d,20,4,0,17,16,d,d,0,s
1949,3,s,0,0,s,0,d,d,0,2,s,3,4,d,2,0,1,s,16,d,9,20,4,0,17,16,8,d,0,s
I587,3,0,0,0,11,0,0,0,0,0,s,0,0,0,2,0,1,s,16,4,9,20,4,0,17,16,8,0,5,s
1268,3,0,0,0,11,0,0,0,s,2,s,d,0,0,d,0,1,s,16,4,9,20,d,0,17,d,8,0,5,s
1177,3,0,0,0,11,0,0,0,0,0,s,5,0,0,2,0,1,s,16,4,9,20,4,0,17,16,8,0,5,s
I593,3,0,0,0,11,0,0,4,5,0,s,0,0,0,2,0,1,1,0,4,0,20,4,21,17,16,8,0,0,s
I594,3,1,s,0,11,0,0,4,5,0,s,0,0,0,2,0,1,1,0,4,0,20,4,21,17,16,8,0,0,s
1198,d,1,s,d,d,0,0,s,5,8,s,0,0,0,2,0,d,1,2,4,0,20,4,21,17,16,8,0,34,s
I600,3,1,s,0,11,0,s,4,5,15,s,0,0,0,2,0,s,1,2,4,0,s,4,21,17,16,8,0,0,s
I601,3,1,s,0,11,0,s,4,5,15,s,0,0,0,2,0,s,1,2,4,0,s,4,21,17,16,8,0,0,s
1217,3,1,s,0,d,d,s,4,5,15,s,d,0,d,2,0,s,d,2,4,0,s,4,21,d,16,8,d,0,s
1216,3,1,s,0,11,0,s,4,5,15,s,d,0,0,2,0,s,d,2,4,0,s,s,d,d,16,8,0,0,s
I602,3,1,s,1,11,0,s,4,5,15,s,0,0,0,2,0,s,1,2,4,0,s,4,s,17,16,8,0,0,s
1327,3,1,s,1,11,d,s,4,5,15,s,d,0,0,2,0,s,1,2,4,0,s,4,s,17,16,d,d,0,s
1326,d,1,s,1,11,7,s,4,5,15,s,0,0,0,2,0,s,1,2,4,0,s,4,s,17,16,8,0,0,s
I603,3,0,0,0,11,0,9,4,5,0,s,3,0,0,2,0,1,1,0,4,0,20,4,21,17,16,8,2,0,s
I606,3,0,0,0,11,0,s,4,5,0,s,3,0,0,2,0,1,1,0,4,0,20,4,21,17,16,8,2,0,s
1087,d,0,0,0,11,0,s,4,5,d,s,3,0,0,2,0,1,d,0,4,0,20,4,21,17,16,d,d,0,s
1086,3,0,0,0,11,0,s,4,5,0,s,3,0,0,2,0,1,1,0,4,0,20,4,21,17,16,8,d,0,s
1178,3,d,0,0,11,0,s,d,5,2,s,3,0,0,2,0,d,1,s,d,0,20,4,21,17,16,d,d,3,s
I610,3,0,0,0,11,0,0,0,0,0,0,0,0,0,2,0,0,1,0,4,0,0,4,0,17,16,8,0,37,8
I611,3,0,0,0,11,0,0,0,0,0,0,0,0,0,2,17,0,1,0,4,0,0,4,0,17,16,8,2,37,8
I612,3,0,0,0,11,0,0,0,0,0,0,0,0,0,2,17,0,1,7,4,0,0,s,0,17,16,8,2,37,8
I613,3,4,0,0,11,0,0,0,0,0,0,0,0,0,2,17,0,1,7,4,0,0,s,0,s,16,8,2,37,8
1642,3,4,0,0,11,0,0,0,3,0,1,0,0,0,2,17,0,1,7,4,0,0,s,0,s,16,d,d,d,8
1383,3,4,0,0,11,0,0,d,1,0,0,d,0,0,2,17,0,1,7,4,9,0,s,0,s,16,d,d,37,8
1452,3,0,0,0,11,s,0,0,0,0,0,3,0,d,d,17,17,d,7,4,0,0,s,0,17,16,8,d,37,8
I619,3,1,0,0,11,0,0,0,0,13,0,0,2,0,2,17,0,1,0,4,0,0,4,0,17,16,8,2,37,8
I620,3,1,0,0,11,0,7,0,0,13,1,0,2,0,2,17,0,1,0,4,0,0,4,0,17,16,8,2,37,8
1461,3,1,0,0,11,0,7,0,0,13,1,0,2,0,2,17,0,1,7,4,0,0,4,0,17,16,8,d,37,8
1200,3,1,d,1,11,12,7,0,0,13,1,0,2,0,2,17,0,1,0,4,0,d,4,0,17,16,8,2,37,8
I623,3,1,0,0,11,2,0,0,0,13,0,0,2,0,2,17,0,1,0,4,0,0,4,0,17,16,8,2,37,8
1325,3,d,1,0,11,2,23,0,0,13,0,0,2,0,2,17,d,1,0,4,0,0,4,0,d,16,8,2,37,d
1398,3,1,d,0,11,2,0,0,d,13,2,3,2,14,2,17,d,1,0,4,0,0,d,d,17,16,8,2,37,8
I626,3,1,0,0,11,0,0,6,0,0,0,0,0,0,2,0,0,1,0,4,0,0,4,0,17,16,8,1,37,8
I627,3,1,1,0,11,0,0,6,0,0,0,0,0,0,2,0,0,1,0,4,0,22,4,0,17,16,8,1,37,8
I628,3,1,1,0,11,0,0,6,0,0,1,0,0,0,2,0,0,1,0,4,20,22,4,0,17,16,8,1,37,8
I629,3,1,1,0,11,2,0,6,0,0,1,0,0,0,2,0,0,1,0,4,20,22,4,0,17,s,8,1,37,8
1185,3,1,1,0,11,2,0,6,d,0,1,d,0,0,2,0,0,1,0,4,20,22,4,0,17,s,8,1,37,8
1184,3,1,1,0,11,2,0,6,0,0,d,0,3,0,2,0,0,1,0,4,20,22,4,d,17,s,d,d,37,8
I630,3,1,1,0,11,0,0,6,0,0,1,0,0,0,2,0,0,1,0,4,20,22,4,0,17,16,8,1,37,8
1317,3,1,1,0,11,0,7,6,0,0,d,0,0,0,2,0,0,d,0,4,20,22,4,d,17,d,d,1,d,d
1316,3,1,1,0,11,d,0,6,0,0,1,0,0,0,2,0,0,1,0,s,20,22,4,0,17,16,8,1,d,8
I631,3,1,1,0,11,0,34,6,0,0,0,0,0,0,2,0,0,1,0,4,0,22,4,0,17,16,8,1,37,8
1384,s,1,1,0,11,d,d,6,3,d,d,0,0,0,2,10,0,1,0,4,0,22,4,21,17,16,8,1,37,8
I633,3,1,1,0,11,0,34,6,0,0,0,0,0,0,2,0,0,1,0,4,0,22,4,0,17,16,8,1,37,8
1413,3,1,1,0,d,0,34,6,d,0,0,5,0,0,2,0,0,1,0,4,0,d,4,0,17,16,s,d,37,8
1412,3,1,1,d,11,0,34,6,0,0,0,0,0,0,d,s,0,d,0,d,0,d,4,0,17,16,8,1,37,8
I634,3,1,0,1,11,0,0,6,0,0,0,0,2,0,2,0,0,1,0,4,0,0,4,0,17,16,8,1,37,8
I636,3,1,0,1,11,0,2,6,3,0,0,0,s,11,2,0,0,1,0,4,0,0,4,0,17,16,8,1,37,8
1335,3,1,0,d,11,d,d,6,3,0,0,0,s,11,2,0,0,1,0,4,0,0,4,0,17,16,8,1,d,8
1334,3,1,0,1,11,0,2,6,3,0,0,0,s,11,2,0,0,1,0,4,0,d,4,0,17,16,8,1,37,8
I638,3,1,0,s,11,0,0,6,0,0,0,0,2,0,2,0,0,s,0,4,0,0,4,0,17,16,8,1,37,8
1469,3,1,0,s,d,d,0,6,0,0,0,s,2,0,2,0,0,s,0,4,0,0,4,0,17,16,8,1,37,d
1350,3,1,0,s,11,0,10,6,3,d,0,s,d,1,2,0,0,s,0,4,d,0,4,0,17,16,8,d,37,d
I641,3,0,0,0,11,0,0,0,0,0,0,0,0,0,2,0,0,1,0,4,0,0,4,s,0,16,8,0,0,8
I642,3,s,0,0,11,0,0,6,0,8,0,3,0,0,2,0,s,1,0,4,9,0,4,s,0,16,8,0,0,8
I643,3,s,0,0,11,0,0,6,0,8,0,3,0,0,2,17,s,1,0,4,9,4,4,s,0,16,8,0,0,8
I644,3,s,0,0,11,0,0,6,0,8,0,3,0,0,2,17,s,1,0,4,9,4,4,s,0,16,8,0,0,8
I645,3,s,0,0,11,0,0,6,0,8,0,3,0,0,2,17,s,1,0,4,9,4,4,s,0,16,8,0,0,8
1861,d,s,0,0,11,s,d,6,0,d,0,d,0,0,s,17,s,1,7,4,9,4,4,s,1,16,8,0,d,8
I649,3,s,0,0,11,7,0,6,0,8,0,3,0,0,2,17,s,1,0,4,9,4,4,s,0,16,8,0,0,8
1819,d,s,1,0,11,s,0,6,d,8,0,3,0,0,2,17,s,1,0,4,9,d,d,s,0,16,8,0,0,8
I651,3,s,0,0,11,7,0,6,0,8,0,3,0,0,2,17,s,1,0,4,9,4,4,s,0,16,8,0,0,8
1559,3,s,0,d,11,d,0,6,0,8,0,d,0,0,2,17,s,d,0,4,9,4,4,s,d,16,8,5,0,8
1558,3,s,d,0,11,7,0,6,0,8,0,3,0,0,2,17,s,d,0,4,9,4,4,s,0,d,8,d,0,8
I652,3,s,0,0,s,6,0,6,3,8,0,3,0,3,2,17,s,1,0,4,9,4,4,s,0,16,8,0,0,8
1519,3,s,0,0,s,d,0,6,3,d,1,3,2,3,2,17,s,1,d,4,9,d,4,s,0,16,8,0,4,8
1700,3,s,0,0,s,6,0,6,3,8,0,3,0,3,2,17,s,d,0,4,9,d,4,s,0,16,8,0,d,8
I659,3,s,0,0,11,0,0,6,0,8,0,3,0,0,2,17,s,1,0,4,9,4,4,s,0,16,8,0,4,8
I660,3,s,0,0,11,6,0,6,0,8,0,3,0,0,2,17,s,1,0,4,9,4,4,s,0,16,8,0,4,8
I663,3,s,0,1,11,6,0,6,0,8,0,3,0,0,2,17,s,1,0,4,9,4,4,s,0,16,8,0,4,8
1221,3,s,0,1,11,d,0,6,0,8,0,3,d,0,2,d,s,1,1,4,9,4,4,s,0,16,8,0,4,8
1220,3,s,0,1,11,6,0,6,0,d,d,3,3,0,2,17,s,1,0,4,9,4,4,s,d,16,8,0,4,d
I664,3,s,0,0,11,6,0,6,3,8,0,3,0,0,2,17,s,1,0,4,s,4,4,s,0,16,8,0,4,8
1471,3,s,0,0,d,d,0,6,d,8,0,3,d,0,2,d,s,1,0,d,s,4,4,s,5,16,8,0,d,8
1402,3,s,0,0,11,6,0,6,3,8,d,d,0,0,s,17,s,1,0,d,s,4,4,s,16,16,8,0,d,8
I667,3,s,0,0,11,0,34,6,0,8,0,3,s,0,2,17,s,1,0,4,9,4,4,s,0,16,8,0,4,8
I668,3,s,0,0,11,0,34,6,0,8,0,3,s,0,2,17,s,1,0,4,9,4,4,s,0,16,8,0,4,8
1560,d,s,0,0,11,d,34,6,0,8,0,d,s,0,2,17,s,1,0,4,9,4,4,s,0,16,8,0,4,8
I670,3,s,0,1,11,0,34,6,0,8,0,3,s,0,2,17,s,1,0,4,9,4,4,s,0,16,8,0,4,8
1621,3,s,0,d,11,0,d,d,0,8,0,d,s,d,2,d,s,1,0,4,9,4,4,s,0,16,d,0,4,8
1620,3,s,0,1,d,0,34,6,d,8,0,d,s,0,2,17,s,1,0,4,9,4,d,s,d,16,8,2,4,8
I673,3,s,0,0,11,0,34,6,0,8,0,3,s,13,2,17,s,1,9,4,9,4,4,s,0,16,8,2,4,8
1779,3,s,0,0,11,0,34,6,7,8,0,3,s,13,2,17,s,1,9,4,9,4,4,s,0,16,8,2,4,8
1778,3,s,0,0,d,0,34,6,0,8,0,3,s,13,2,17,s,1,9,4,d,4,4,s,0,16,8,2,4,8
I674,3,s,0,0,11,12,0,6,0,8,1,3,0,0,2,0,s,1,0,4,9,0,4,s,0,16,8,0,0,8
I675,3,s,0,0,11,12,0,6,0,8,1,3,0,0,2,0,s,1,0,4,9,0,4,s,0,16,8,4,0,8
1135,3,s,1,0,11,12,15,6,0,d,1,3,0,0,2,0,s,1,3,4,9,0,d,s,d,16,8,4,0,8
I683,3,s,0,0,11,12,6,6,0,8,1,3,0,3,2,0,s,1,0,4,9,0,4,s,0,16,8,4,0,8
1794,3,s,0,0,11,12,6,6,0,8,1,3,0,3,d,0,s,1,0,4,9,0,4,s,0,16,8,4,d,8
1526,3,s,d,0,11,12,6,6,0,8,1,3,0,3,d,0,s,1,0,4,9,d,4,s,0,16,8,4,0,s
I690,3,s,0,0,11,12,0,6,0,8,1,3,2,0,2,0,s,1,0,4,9,0,4,s,0,16,8,0,0,8
I691,3,s,0,0,11,12,0,6,0,8,1,3,2,0,2,0,s,1,0,4,9,0,4,s,0,16,8,0,0,8
I692,3,s,0,0,11,12,0,6,0,8,1,3,2,0,2,19,s,1,0,4,9,0,4,s,30,16,8,0,0,8
I693,3,s,0,0,11,12,0,6,0,8,1,3,2,0,2,19,s,1,0,4,9,0,4,s,30,16,8,0,0,8
1149,3,s,0,0,11,12,0,6,0,8,1,3,2,0,2,19,s,1,18,4,9,d,4,s,d,16,8,d,0,8
1148,d,s,0,0,11,12,34,6,0,8,d,3,2,d,d,19,s,1,0,4,9,d,4,s,30,16,8,0,0,8
1188,3,s,d,0,11,12,d,6,0,8,d,3,d,0,2,19,s,1,0,4,9,0,4,s,30,16,s,d,0,d
I696,3,s,0,0,11,12,0,6,3,8,1,3,2,0,2,0,s,1,19,4,9,0,4,s,0,16,8,0,0,8
1463,3,s,0,0,11,12,0,6,3,8,1,3,2,0,2,d,s,1,19,4,9,0,4,s,0,16,8,0,0,8
1462,3,s,0,0,11,12,0,6,3,8,1,d,2,0,2,0,s,1,19,4,9,0,4,s,0,16,8,2,0,8
I698,3,s,0,0,11,12,0,6,0,8,1,3,2,0,2,0,s,1,0,4,9,0,4,s,0,16,8,0,0,8
I700,3,s,0,0,11,12,0,6,0,8,1,3,2,0,2,0,s,1,3,4,9,0,4,s,0,16,8,0,0,8
1357,3,s,0,0,11,12,7,6,0,8,1,3,d,0,2,0,s,1,3,4,9,0,4,s,0,16,d,0,0,8
1356,3,s,0,0,11,12,d,6,d,d,d,3,d,0,2,0,s,1,3,4,9,0,4,s,0,16,d,d,d,8
I702,3,s,0,s,11,12,0,6,7,8,1,3,2,0,2,27,s,1,0,4,9,16,4,s,7,16,8,0,0,8
1307,3,s,d,s,11,12,0,6,7,8,1,3,2,0,d,d,s,1,0,4,9,16,d,s,7,16,s,0,0,s
1270,3,s,0,s,11,12,0,6,7,8,1,3,2,26,d,27,s,1,0,4,9,16,4,s,7,d,8,0,0,8
I705,3,0,0,0,11,0,0,0,0,0,0,0,0,0,2,0,19,1,0,4,0,0,4,s,0,16,8,0,0,8
I706,3,0,1,s,11,0,0,0,0,0,0,0,0,0,2,0,19,1,0,4,0,0,4,s,0,16,8,0,0,8
I707,3,0,1,s,11,2,0,0,0,0,0,0,0,0,2,0,19,1,0,4,0,0,4,s,0,s,8,0,0,8
I708,3,0,1,s,11,2,0,0,0,0,0,0,2,0,2,0,19,1,1,4,0,s,4,s,0,s,8,0,0,8
I709,3,0,1,s,11,2,0,16,s,0,0,0,2,0,2,12,19,1,1,4,0,s,4,s,0,s,8,0,0,8
1233,3,0,d,s,11,d,0,16,s,0,0,0,d,14,2,12,19,1,1,4,0,s,4,s,0,s,8,0,d,d
I711,3,0,1,s,11,2,0,16,s,0,0,0,2,0,2,12,19,1,1,4,7,s,4,s,0,s,8,0,0,8
1555,3,0,1,s,11,2,0,16,s,0,0,0,2,0,2,12,d,1,1,4,7,s,4,s,0,s,8,0,0,8
1554,3,0,1,s,11,d,0,16,s,d,0,0,d,0,2,12,19,1,1,4,7,s,4,s,0,s,8,0,0,8
1386,3,d,1,s,11,2,0,0,0,0,0,0,2,d,2,0,19,1,1,d,0,s,4,s,0,s,d,d,0,8
I715,3,0,1,s,11,2,0,0,0,0,1,0,0,0,2,0,19,1,0,4,0,0,4,s,0,s,8,2,0,8
I716,3,1,1,s,11,2,0,0,0,0,1,3,0,0,2,0,19,1,0,4,5,0,4,s,0,s,8,2,0,8
1722,3,1,1,s,11,2,0,0,0,0,1,3,0,d,2,0,19,1,d,4,5,0,d,s,0,s,8,2,d,8
1817,3,1,1,s,11,2,0,0,0,0,d,3,0,0,2,2,19,1,0,4,s,0,4,s,0,s,8,2,0,8
1831,3,1,1,s,11,2,2,10,0,0,1,0,0,0,2,0,d,d,s,4,0,0,4,s,0,s,8,2,32,8
I722,3,0,1,s,11,0,0,0,0,4,0,0,0,27,2,0,19,1,0,4,0,0,4,s,0,16,8,0,0,8
I723,3,0,1,s,11,0,0,0,0,4,0,0,0,27,2,0,19,1,0,4,0,0,4,s,0,16,8,0,0,s
I724,3,0,1,s,11,0,24,0,0,4,0,0,0,27,2,0,19,1,0,4,0,0,4,s,0,s,8,0,0,s
1576,3,2,1,s,11,6,24,0,0,4,0,0,0,27,d,0,19,1,d,d,0,d,4,s,0,s,8,d,d,s
1646,3,0,1,s,11,d,24,0,0,4,1,0,0,27,2,0,19,1,0,4,0,0,4,s,0,s,8,2,0,s
1947,d,0,1,s,11,0,d,0,0,4,0,d,0,27,2,d,d,1,0,4,0,0,4,s,0,16,d,0,0,s
I733,3,0,1,s,11,0,0,0,0,4,0,0,2,s,2,0,19,1,10,4,0,20,4,s,0,16,8,s,29,8
2023,3,0,1,s,11,d,0,0,0,4,0,d,2,s,2,d,d,1,10,4,0,d,4,s,0,16,8,s,29,8
2022,d,0,1,s,11,d,0,0,0,4,0,0,2,s,2,0,19,1,10,4,0,20,4,s,0,d,8,s,29,8
I737,3,0,0,0,11,0,0,6,0,0,0,0,0,0,2,0,19,1,0,4,9,0,4,s,17,16,8,0,0,8
I738,3,0,0,0,11,0,0,6,0,0,0,0,0,0,2,0,19,1,0,4,9,0,4,s,17,16,8,0,0,8
I739,3,0,0,0,11,0,0,6,0,0,0,0,0,0,2,0,19,1,0,4,9,0,4,s,17,16,8,0,0,8
I740,3,0,0,0,11,0,0,6,0,0,0,0,0,0,2,0,19,1,0,4,9,0,4,s,17,16,8,0,0,8
I741,3,0,0,0,11,0,0,6,0,0,0,0,2,0,2,0,19,1,0,4,9,0,4,s,17,16,8,0,0,8
1261,3,0,0,0,11,0,0,6,0,0,0,d,2,0,2,7,d,1,0,4,9,0,4,s,17,16,8,0,0,8
1260,3,0,0,0,11,0,0,6,0,0,0,d,d,0,2,d,19,1,0,4,9,d,d,s,17,16,8,0,0,8
1436,3,0,0,1,11,0,d,6,d,d,0,0,0,0,2,0,19,1,0,4,9,0,4,s,17,16,8,2,0,8
I743,3,0,0,1,11,0,0,6,0,0,0,0,0,0,2,2,19,1,0,4,9,0,4,s,17,16,8,0,1,8
1588,3,0,0,1,11,1,0,6,3,0,0,0,0,5,2,2,19,1,0,d,9,0,4,s,17,16,d,0,d,8
1367,3,0,0,d,d,0,0,6,0,0,d,0,0,0,2,2,19,1,0,d,9,0,d,s,17,16,8,0,1,8
I746,3,0,0,0,11,0,0,6,0,0,s,0,0,0,2,0,19,1,0,4,9,0,4,s,17,16,8,0,0,8
1321,d,1,0,0,11,0,0,d,0,0,s,3,0,0,2,s,19,1,0,4,9,0,4,s,17,d,8,s,0,8
I750,3,0,0,0,11,0,0,6,0,0,s,0,0,0,2,0,19,1,0,4,9,0,4,s,17,16,8,0,0,8
1363,3,0,1,1,11,0,0,d,d,0,s,d,0,0,2,0,s,1,0,4,9,0,4,s,17,16,8,0,0,d
1104,d,0,1,0,11,s,0,6,d,0,s,2,0,0,2,0,19,1,1,4,d,0,4,s,17,16,8,d,d,8
I753,3,0,0,0,11,0,0,6,0,7,0,0,2,0,2,0,19,1,0,4,9,0,4,s,17,16,8,0,1,8
I754,3,0,0,0,11,7,0,6,0,7,0,0,2,0,2,0,19,1,0,4,9,0,4,s,17,16,8,0,1,8
I755,3,0,0,0,11,7,0,6,0,7,0,0,2,0,2,0,19,1,7,4,9,0,4,s,17,16,8,0,1,8
I756,3,0,0,0,11,7,2,6,0,7,0,0,2,2,2,0,19,1,7,4,9,0,4,s,17,16,8,2,1,8
1215,3,0,0,0,d,7,2,6,0,d,0,0,2,2,2,0,19,1,7,4,9,0,d,s,17,d,8,2,1,8
1214,3,0,0,0,11,7,2,6,0,7,d,0,d,2,d,d,19,d,7,s,9,0,4,s,17,d,8,2,1,8
I757,3,0,1,0,11,7,0,6,0,7,0,0,2,0,2,0,19,1,7,4,9,0,4,s,17,16,8,0,1,8
1171,3,0,1,0,11,d,0,6,0,7,0,0,2,18,2,0,19,1,7,4,9,d,d,s,17,16,8,0,1,8
1170,3,0,1,d,11,7,0,6,0,7,0,0,2,s,2,0,19,1,7,4,d,30,4,s,17,16,d,0,1,8
I760,3,1,1,0,11,7,0,6,0,7,0,0,2,3,2,0,19,1,0,4,9,0,4,s,s,16,8,0,1,8
1235,3,1,1,0,11,7,0,6,d,7,0,0,2,3,2,0,19,1,0,4,9,0,4,s,s,16,8,0,1,8
1234,3,1,1,0,d,7,0,6,d,7,1,0,2,3,2,6,19,1,0,4,9,0,4,s,s,16,8,0,1,d
I761,3,0,0,0,11,0,0,6,0,7,0,0,2,0,2,0,19,1,0,4,9,0,4,s,17,16,8,0,1,8
I763,3,0,0,0,11,6,6,6,0,7,0,0,2,0,2,0,19,1,0,4,9,0,4,s,17,16,8,0,1,8
1139,3,0,0,d,11,6,6,6,d,7,0,0,2,0,2,0,19,1,d,4,9,0,4,s,17,d,8,0,d,8
1138,3,4,0,0,11,6,d,6,0,7,0,0,2,0,2,0,19,1,0,4,9,0,d,s,17,16,d,0,1,8
I765,3,0,0,0,11,0,0,6,0,7,0,0,2,25,2,0,19,1,0,4,9,0,4,s,17,16,8,0,1,8
1131,s,d,0,0,d,0,0,6,d,7,1,0,2,25,2,0,19,1,d,4,9,16,d,s,17,16,8,0,1,d
I767,3,0,0,0,11,0,0,6,0,7,0,0,2,25,2,0,19,1,0,4,9,0,4,s,17,16,8,0,1,8
1281,3,0,0,0,11,0,0,6,0,7,0,0,2,25,2,0,19,1,0,4,9,0,4,s,17,16,8,d,1,8
1280,3,0,0,0,d,10,0,6,0,7,0,0,2,25,2,0,19,1,0,d,9,0,4,s,17,16,8,0,d,8
I768,3,0,0,0,11,0,13,0,0,0,0,0,2,0,2,0,12,1,0,0,0,17,4,0,0,0,0,2,0,8
I769,3,0,0,0,11,0,13,0,0,0,0,3,2,0,2,0,12,1,0,0,0,17,4,0,0,0,0,2,0,8
I770,3,0,0,0,11,0,13,13,s,0,1,3,2,0,2,0,12,1,6,0,0,17,4,0,0,0,0,2,0,8
I771,3,0,0,0,11,0,13,13,s,0,1,3,2,0,2,0,12,1,6,0,0,17,4,0,0,0,0,2,0,8
I772,3,0,0,0,11,0,13,13,s,0,1,3,2,0,2,0,12,1,6,0,5,17,4,0,0,0,0,2,0,8
I773,3,0,1,0,11,s,13,13,s,0,1,3,2,0,2,0,12,1,6,42,5,17,4,0,0,0,0,2,0,8
1954,3,0,1,1,d,s,13,13,s,0,1,3,d,0,2,d,12,1,6,d,5,17,4,0,0,0,s,2,0,d
1641,3,0,1,1,11,s,s,13,s,0,1,3,2,0,2,0,s,d,6,42,5,17,4,9,s,34,5,2,0,8
I780,3,0,1,0,11,0,13,13,s,0,1,3,2,13,2,0,12,1,6,0,5,17,s,0,0,0,0,2,3,8
I781,3,0,1,0,11,0,13,13,s,0,1,3,2,13,2,12,12,1,6,0,5,17,s,0,0,0,0,2,3,8
I782,3,1,1,0,11,0,13,13,s,0,1,3,2,13,2,12,12,1,6,0,5,17,s,0,0,0,0,2,3,8
1431,d,1,1,0,11,0,13,13,s,0,1,3,2,13,2,12,12,d,6,0,d,17,s,0,0,0,0,2,3,8
1430,d,1,1,0,11,0,13,13,s,0,1,3,2,13,2,12,12,1,6,0,5,17,s,0,0,0,0,2,3,8
1361,s,1,1,d,11,0,13,13,s,0,1,3,2,13,2,12,12,1,d,d,5,d,s,0,0,24,0,2,3,8
I784,3,0,1,0,11,0,13,13,s,0,1,3,2,13,2,0,12,1,6,0,5,17,s,0,0,0,0,2,3,8
1623,3,0,1,d,11,0,13,13,s,d,1,3,s,13,2,0,12,1,6,0,5,17,s,0,0,9,d,2,3,8
1696,d,0,1,0,11,0,d,13,s,d,d,3,2,13,2,0,12,1,d,0,5,17,s,0,0,0,d,2,3,8
I787,3,1,0,0,11,0,13,13,s,0,1,3,2,0,2,0,12,1,6,0,0,17,4,0,17,0,0,2,0,8
I788,3,1,0,0,11,10,13,13,s,0,1,3,2,0,2,0,12,1,6,0,0,17,4,0,17,0,0,2,0,8
1998,3,1,0,1,11,10,13,13,s,7,1,3,2,0,2,d,12,1,6,0,0,17,4,0,s,0,0,2,0,8
I791,3,1,0,0,11,10,13,13,s,0,1,3,2,13,2,0,12,1,6,0,0,17,4,0,17,0,15,2,0,8
I792,3,1,0,0,11,10,13,13,s,0,1,3,2,13,2,0,12,1,6,0,7,17,4,0,17,0,15,2,0,8
1721,3,1,0,0,11,d,13,d,s,0,1,3,d,d,2,d,12,1,6,0,7,17,4,0,17,0,15,d,0,d
1720,3,d,0,0,11,10,13,13,s,d,1,3,2,13,2,0,d,1,6,0,7,17,4,d,17,0,15,2,0,8
I793,3,s,0,0,11,10,13,13,s,0,1,3,2,13,2,10,12,1,6,0,0,17,4,0,17,0,15,2,4,8
1917,3,s,0,0,11,10,13,13,s,d,1,3,2,d,2,10,12,1,6,0,0,d,4,0,17,0,15,2,4,8
1916,3,s,0,0,11,10,13,13,s,d,1,3,2,13,2,d,12,1,d,0,0,17,4,d,17,0,15,2,4,8
I794,3,1,1,0,11,0,13,13,s,0,1,3,2,0,2,0,12,1,6,33,0,17,4,5,17,0,0,2,0,8
I795,3,1,1,0,11,0,13,13,s,0,1,3,2,5,2,0,12,1,6,33,0,17,4,5,17,0,0,2,0,8
1021,d,s,1,0,11,0,13,13,s,0,1,d,2,5,2,0,12,1,d,d,0,17,4,5,17,0,0,2,s,8
1020,3,1,1,d,d,d,13,13,s,0,1,3,2,5,2,0,12,1,6,33,13,17,4,5,d,0,0,2,0,8
1836,3,1,d,d,11,0,13,13,s,0,d,3,2,0,2,0,12,d,6,33,0,17,4,5,17,0,0,2,34,8
I799,3,0,1,1,11,0,13,13,s,0,1,3,2,0,2,0,12,1,6,18,0,17,4,0,0,0,0,2,0,8
I800,3,0,1,1,11,10,13,13,s,7,1,3,2,0,2,0,12,1,s,18,0,17,4,0,0,0,0,2,0,8
1963,3,0,d,s,11,10,13,13,s,7,d,s,2,0,2,0,12,1,s,18,0,17,4,0,0,s,15,2,d,8
I808,3,0,1,1,11,10,13,13,s,7,1,3,2,0,2,0,12,1,s,18,0,17,4,0,0,0,0,2,0,8
1823,3,0,1,s,d,10,13,13,s,7,1,d,2,0,2,d,12,1,s,18,s,17,4,19,d,0,d,2,0,d
I812,3,1,1,1,11,10,13,13,s,7,1,3,2,0,2,0,12,1,s,18,0,17,4,0,0,0,0,2,0,8
I813,3,1,1,1,11,10,13,13,s,7,1,3,2,0,2,0,12,1,s,18,0,17,4,0,17,0,0,2,0,8
1925,3,1,1,1,d,10,13,13,s,7,1,3,2,0,2,d,12,1,s,18,d,17,4,0,17,0,d,2,0,8
1924,3,1,1,1,11,10,13,13,s,7,1,3,2,0,2,0,12,1,s,18,s,17,4,d,d,0,0,2,0,8
1992,3,1,1,d,11,10,13,13,s,7,1,3,d,d,2,0,12,d,s,d,d,17,4,0,0,0,d,2,d,8
I815,3,0,1,1,11,0,13,13,s,0,1,3,2,0,2,12,12,1,6,18,0,17,4,0,0,0,0,2,0,8
I816,3,0,1,1,11,15,13,13,s,s,1,3,2,0,2,12,12,1,6,18,0,17,4,0,0,0,0,2,0,8
I817,3,0,1,1,11,15,13,13,s,s,1,3,2,0,2,12,12,1,6,18,7,17,4,0,0,0,0,2,0,8
I818,3,0,1,1,11,15,13,13,s,s,1,3,2,0,2,12,s,1,6,18,7,17,4,s,0,0,0,2,0,8
1919,3,0,1,1,11,15,13,13,s,s,1,3,2,0,2,12,s,1,6,18,d,17,4,s,0,0,0,2,0,8
1918,3,0,1,1,11,15,13,13,s,s,1,3,2,0,2,12,s,1,6,18,7,17,4,s,0,0,d,2,d,8
2026,3,0,1,1,11,15,13,13,s,s,1,d,2,0,2,12,d,1,6,18,7,17,4,d,0,d,0,d,0,8
1967,3,0,d,1,s,15,13,13,s,s,1,3,2,d,2,s,12,1,6,18,0,17,4,0,0,0,0,2,0,d
I823,3,0,1,1,11,0,13,13,s,0,1,s,2,0,2,12,12,1,6,18,0,17,4,0,s,0,0,2,0,8
I824,3,0,1,1,11,0,13,13,s,0,1,s,2,0,2,12,12,1,6,18,s,17,4,0,s,2,0,2,0,8
I825,3,s,1,1,11,0,s,13,s,0,1,s,2,0,2,12,12,1,6,18,s,17,4,0,s,2,0,2,0,8
1459,3,s,1,1,11,0,s,d,s,0,1,s,2,0,2,12,12,1,6,18,s,17,s,0,s,2,0,d,0,8
1458,d,s,d,1,d,d,s,13,s,0,d,s,2,0,2,12,12,1,6,18,s,17,4,0,s,2,0,d,d,8
I826,3,0,1,1,11,0,13,13,s,0,1,s,2,0,2,12,12,1,6,18,s,17,4,0,s,2,0,2,0,8
1535,3,0,1,1,11,0,13,13,s,d,1,s,2,d,d,12,12,1,6,18,s,17,4,0,s,2,0,2,0,8
1534,3,0,1,1,11,0,13,13,s,0,1,s,d,0,2,d,12,d,6,18,s,17,4,0,s,2,0,2,0,8
I827,3,0,1,1,11,6,s,13,s,0,1,s,2,0,2,12,12,1,6,18,0,17,4,0,s,16,0,2,0,8
I828,3,0,1,1,11,6,s,13,s,0,1,s,2,0,2,12,12,1,6,18,2,17,4,0,s,16,s,2,0,8
1547,3,1,1,1,d,6,s,13,s,0,1,s,d,0,d,d,d,1,6,18,2,17,4,0,s,16,s,2,0,8
1546,d,d,1,1,11,6,s,13,s,0,1,s,d,0,2,12,12,1,6,18,2,d,4,0,s,16,s,2,0,8
I829,3,0,1,1,11,6,s,13,s,0,1,s,2,0,2,12,12,1,6,18,0,17,4,0,s,16,0,2,0,8
1707,3,0,d,d,11,6,s,13,s,d,1,s,2,0,2,12,12,s,6,18,0,17,4,d,s,16,d,2,d,8
1706,3,0,1,d,11,6,s,13,s,d,1,s,2,d,2,12,12,1,d,18,0,17,d,0,s,16,0,2,0,8
I830,3,0,0,0,11,0,13,0,0,0,1,3,2,0,2,3,12,1,0,0,0,17,4,27,0,0,2,2,0,8
I831,3,0,0,0,11,0,13,16,0,0,1,3,2,1,2,3,12,1,0,0,0,17,4,27,0,0,2,2,0,8
I832,3,0,0,0,11,0,13,16,0,8,1,3,2,1,2,3,12,1,0,0,0,17,4,27,s,0,2,s,4,8
I833,3,0,0,6,11,0,13,16,0,8,1,3,2,1,2,3,12,1,18,0,0,17,4,27,s,0,2,s,4,8
I836,3,0,0,6,11,0,13,16,0,8,1,3,2,1,2,3,12,1,18,0,0,17,4,27,s,0,2,s,4,8
1687,3,d,0,d,d,0,13,d,0,d,1,3,2,1,d,3,12,d,18,0,0,17,4,27,s,d,2,s,d,8
1686,3,0,0,6,11,0,13,d,0,8,1,3,d,1,2,3,d,1,18,0,0,17,4,d,s,39,2,s,4,8
I837,3,0,0,6,11,0,13,16,0,8,1,3,2,1,2,3,12,1,18,0,0,17,4,27,s,0,2,s,4,8
1731,3,0,0,6,11,0,13,16,3,8,1,3,2,1,s,3,d,1,18,0,0,17,4,27,s,0,2,s,d,8
1679,3,1,0,6,11,0,13,16,0,8,1,d,d,1,2,d,d,1,d,0,0,17,4,27,s,d,2,s,4,8
I840,3,0,0,0,s,0,13,16,0,8,1,s,2,1,2,3,12,1,s,0,0,17,4,27,s,s,2,s,4,8
I841,3,0,1,0,s,0,13,16,0,8,1,s,2,1,2,3,12,1,s,0,0,17,4,27,s,s,2,s,4,8
1677,3,d,1,s,s,0,13,s,d,8,1,s,d,1,2,d,12,1,s,0,0,17,4,27,s,s,2,s,4,8
I843,3,0,1,0,s,0,13,16,0,8,1,s,2,1,2,3,12,1,s,0,0,17,4,27,s,s,2,s,4,8
1753,3,0,1,d,s,d,13,16,0,8,1,s,d,1,2,3,12,1,s,0,0,17,4,27,s,s,2,s,4,8
1752,3,0,1,0,s,0,13,16,0,d,1,s,2,1,2,3,12,1,s,38,0,17,4,27,s,s,2,s,4,8
I844,3,0,0,0,s,0,13,16,3,8,1,s,2,1,2,3,12,1,s,0,7,17,4,27,s,s,2,s,4,8
I845,3,0,0,s,s,0,13,16,3,s,1,s,2,1,2,3,12,1,s,0,7,17,4,27,s,s,2,s,4,8
1615,3,0,d,s,s,0,13,16,d,s,1,s,2,1,2,3,12,1,s,0,7,17,4,27,s,s,2,s,4,d
1614,3,0,d,s,s,0,d,16,3,s,1,s,2,1,2,d,12,1,s,d,7,17,4,27,s,s,2,s,4,8
1680,3,0,d,d,s,d,13,16,s,8,1,s,2,1,2,3,12,d,s,0,7,17,4,27,s,s,2,s,4,8
I847,3,0,0,0,11,0,13,16,0,0,s,3,2,1,2,3,12,1,0,0,0,17,4,27,0,21,2,2,0,8
I848,3,s,0,0,11,0,13,16,0,0,s,3,2,1,2,3,12,1,7,0,0,17,4,27,0,21,2,2,0,8
I849,3,s,0,1,11,0,13,16,0,0,s,3,2,1,2,3,12,1,7,33,0,17,4,27,0,21,2,2,0,8
1634,3,s,0,1,11,5,13,d,0,0,s,d,d,1,2,3,12,1,7,33,0,17,4,27,0,21,2,2,0,8
I851,3,s,0,1,11,0,13,16,3,0,s,3,2,1,2,3,12,1,7,33,0,17,4,27,0,21,2,2,0,8
1777,3,s,0,1,11,d,13,16,3,0,s,3,2,1,2,3,12,1,7,d,0,d,4,27,0,21,2,2,0,d
1776,3,s,0,d,11,0,13,16,3,d,s,3,2,1,2,3,12,d,7,33,0,17,4,27,d,21,2,2,0,d
1568,3,s,d,0,11,d,13,16,0,0,s,d,2,1,d,3,12,d,7,22,0,17,4,27,0,21,d,2,0,8
I855,3,2,0,0,11,0,13,16,0,0,s,3,2,1,2,3,12,1,0,0,0,17,4,27,0,s,2,2,0,8
I857,3,2,0,0,s,0,13,16,0,0,s,3,2,1,2,3,12,1,0,0,0,17,4,27,0,s,2,2,0,s
1573,3,2,d,0,s,d,13,16,0,0,s,3,2,1,2,3,12,1,0,d,0,d,4,27,0,s,2,2,0,s
1572,3,2,0,0,s,0,13,16,3,0,s,3,2,1,2,3,12,1,0,0,d,17,4,27,0,s,2,2,0,s
1757,3,2,0,0,11,0,13,16,5,0,s,3,2,1,2,3,12,1,0,0,0,17,4,27,0,s,2,2,0,8
I862,3,0,0,0,11,6,13,20,0,0,1,3,2,0,2,3,12,1,0,0,0,17,4,27,0,0,2,2,0,8
I863,3,1,0,0,11,6,13,20,0,0,1,3,2,0,2,3,12,1,0,32,6,17,4,27,0,0,2,2,0,8
I864,3,1,0,0,11,6,13,20,0,0,1,s,2,4,2,s,12,1,0,32,6,17,4,27,0,0,2,2,4,8
I865,3,1,1,0,11,6,13,20,0,2,1,s,2,4,2,s,12,1,s,32,6,17,4,27,0,0,2,2,4,8
I866,3,1,1,0,11,6,13,20,3,2,1,s,2,4,2,s,12,1,s,32,6,17,4,27,0,0,2,2,4,8
1245,3,1,1,0,11,6,13,20,d,2,1,s,2,4,d,s,12,1,s,32,6,17,d,27,0,d,2,d,4,8
1244,3,1,1,0,11,6,13,20,3,2,1,s,2,4,d,s,12,1,s,32,6,17,4,27,12,d,2,2,4,8
1265,3,1,1,0,11,6,13,d,0,2,1,s,2,4,2,s,12,1,s,32,6,17,d,27,0,0,2,d,d,8
I868,3,1,0,1,11,6,13,20,0,0,1,s,2,4,2,s,12,1,0,32,6,17,4,27,0,s,2,2,4,8
I869,3,1,0,1,11,6,13,20,0,13,1,s,2,4,2,s,12,1,0,32,6,17,4,27,0,s,2,2,4,8
1117,3,1,0,1,11,6,13,20,d,13,1,s,2,4,2,s,d,d,0,32,d,17,4,27,0,s,d,2,4,8
1116,d,d,0,1,11,6,d,20,0,13,1,s,2,d,2,s,s,1,0,32,6,17,4,d,0,s,2,2,4,8
1122,d,d,s,1,11,6,13,d,d,0,1,s,2,4,2,s,12,1,d,32,6,17,4,d,s,s,2,2,4,8
I871,3,1,0,0,11,6,13,20,0,0,1,3,2,0,2,3,12,1,0,32,6,17,4,27,0,0,2,2,0,8
I872,3,1,0,0,11,6,13,20,0,0,1,3,2,0,2,3,12,1,0,s,6,17,4,27,0,0,2,2,0,8
I873,3,1,0,1,11,6,13,20,0,0,1,3,2,0,2,3,12,1,0,s,6,17,4,s,0,0,2,2,0,8
1423,3,1,0,1,11,6,13,20,d,0,1,3,2,0,2,3,12,1,d,s,6,17,4,s,0,0,2,d,0,8
1422,3,1,0,1,d,6,13,20,0,d,1,3,2,0,2,3,12,1,0,s,6,17,4,s,0,0,2,2,0,8
I874,3,1,0,0,11,6,13,20,0,0,1,3,2,0,2,3,12,1,0,s,6,17,4,27,0,0,2,2,0,8
1553,3,1,d,0,11,6,13,20,0,0,1,3,2,0,2,3,12,1,0,s,d,17,4,27,0,d,d,2,0,8
1552,3,1,1,0,11,6,13,20,0,0,1,3,2,0,2,d,12,1,0,s,d,17,4,27,0,0,2,2,0,d
I875,3,1,0,0,11,6,13,20,0,0,1,3,2,0,2,3,12,1,s,32,6,17,4,27,0,0,2,2,0,8
1811,3,1,0,d,11,6,13,s,0,d,1,3,2,0,2,d,d,1,s,32,6,17,4,27,7,1,2,2,0,8
I877,3,1,0,0,11,6,13,20,7,0,1,3,2,0,2,3,12,1,s,32,6,17,4,27,0,0,2,2,0,8
1759,3,1,0,d,11,d,13,d,7,d,1,3,2,0,2,3,12,1,s,32,d,d,4,27,0,d,2,2,d,d
1758,d,1,0,0,11,6,13,20,7,0,1,3,2,0,d,d,d,1,s,32,6,17,4,27,0,0,2,d,0,8
I878,3,0,0,0,11,6,13,20,0,0,1,3,2,0,2,3,12,1,0,0,0,17,4,27,0,0,2,2,0,8
I879,3,0,0,0,11,6,13,20,0,0,1,3,2,0,2,3,12,1,0,0,0,17,4,27,0,0,2,2,0,s
I881,3,0,0,0,11,6,13,20,0,0,1,3,2,0,2,3,12,1,0,0,0,17,4,27,s,0,2,2,0,s
1761,3,0,d,0,11,6,d,20,0,0,d,3,2,0,s,3,12,d,0,0,0,17,d,27,s,0,2,2,0,s
1760,3,0,0,0,11,6,13,20,0,0,1,3,2,0,2,3,12,1,0,0,0,17,4,27,s,0,2,d,0,s
I885,3,0,1,0,11,6,13,20,0,13,1,s,2,0,2,3,12,1,14,0,0,s,4,27,15,1,2,2,0,s
1923,3,0,1,d,d,6,13,20,0,13,1,s,2,0,2,3,12,1,14,0,0,s,4,27,15,1,2,d,0,s
1922,3,0,1,0,11,d,13,20,0,13,1,s,2,0,2,3,12,d,14,0,0,s,4,27,15,1,d,2,0,s
I886,3,0,1,0,11,6,13,20,0,0,1,3,2,0,2,3,12,1,0,0,0,17,4,27,30,0,2,2,0,8
I887,3,0,1,0,11,6,13,20,0,0,1,3,2,0,2,3,12,1,0,0,0,17,4,27,30,0,2,2,0,8
I888,3,0,1,0,11,6,13,20,0,0,1,s,2,0,2,3,12,1,0,0,0,17,4,27,30,0,2,2,0,8
1597,3,0,1,0,11,6,13,20,0,0,1,s,2,d,d,3,12,1,0,0,0,17,d,27,30,0,2,d,0,8
1596,3,0,1,0,11,6,13,20,0,0,1,s,d,d,2,3,12,d,0,0,d,d,4,27,d,0,2,2,0,8
1433,d,s,d,1,11,d,13,20,0,0,1,3,2,0,2,3,12,1,0,0,0,s,4,27,30,d,2,d,30,8
1826,3,1,d,d,11,s,13,20,0,d,1,3,2,0,2,d,12,1,0,22,0,17,4,27,d,10,2,2,0,8
I893,3,0,0,0,11,0,13,0,0,0,0,s,2,0,2,0,12,1,0,0,0,17,4,0,0,0,0,2,0,8
I894,3,1,0,0,11,0,13,0,0,8,0,s,2,0,2,0,12,1,16,0,0,17,4,0,0,0,0,2,0,8
I895,3,1,0,0,11,0,13,0,0,8,0,s,2,0,2,0,12,1,16,0,0,17,4,0,0,0,0,2,6,8
I896,3,1,0,0,11,0,13,0,0,8,0,s,2,0,2,27,12,1,16,0,18,17,4,0,0,0,0,2,6,8
I897,3,1,0,0,11,0,13,0,0,8,0,s,2,6,2,27,12,1,16,11,18,17,4,0,0,0,0,2,6,8
1439,s,1,d,0,11,d,d,0,0,8,0,s,2,6,2,27,12,1,16,11,18,17,4,0,0,0,3,2,6,8
I901,3,1,0,0,11,0,13,0,0,8,1,s,2,6,2,27,12,1,16,11,18,17,4,0,0,0,0,2,6,8
I902,3,1,0,0,11,0,13,8,0,8,1,s,2,6,2,27,12,1,s,11,18,17,4,0,0,0,0,2,6,8
1243,3,d,0,0,11,0,13,d,0,8,1,s,2,6,2,27,d,1,s,11,d,17,4,0,0,0,1,2,6,8
1242,3,1,0,0,11,0,d,8,0,8,1,s,2,6,2,27,12,1,s,11,18,17,4,0,0,0,d,d,6,d
I903,3,1,0,0,11,0,13,0,0,8,1,s,2,6,2,27,s,1,16,11,18,17,4,0,0,0,0,2,6,8
1329,3,1,0,0,11,0,13,0,0,8,1,s,d,6,2,27,s,d,16,11,d,17,4,0,0,0,0,2,6,8
1328,3,1,0,0,11,0,13,0,d,d,d,s,2,6,2,27,s,1,16,11,d,17,4,0,0,0,0,2,6,8
I904,3,1,0,0,11,0,13,0,0,8,0,s,2,0,2,27,12,1,16,6,18,17,4,0,0,0,0,2,6,8
I905,3,1,0,0,11,0,13,0,0,8,0,s,2,0,2,27,12,1,16,6,18,17,4,0,0,0,0,2,6,8
I906,3,1,0,0,11,6,13,13,0,8,0,s,2,0,2,27,12,1,16,6,18,17,4,0,0,0,0,2,6,8
1397,3,1,d,0,s,6,13,13,0,d,0,s,2,0,2,27,12,1,16,d,18,17,4,d,0,0,0,2,6,8
1396,3,d,1,0,11,6,13,13,0,8,0,s,2,0,2,27,12,1,16,6,18,d,d,0,d,0,0,2,6,d
1249,d,1,1,0,11,0,13,0,0,d,1,s,2,0,2,27,d,1,16,6,18,17,4,0,0,0,s,2,6,d
I908,3,1,0,0,11,0,13,0,0,8,0,s,2,0,2,27,12,1,16,6,18,17,4,0,0,0,0,2,6,8
1780,d,1,0,0,11,d,13,0,0,d,d,s,d,0,2,27,12,1,16,6,18,17,4,0,0,0,0,2,6,8
I910,3,1,0,0,11,7,13,0,0,8,0,s,2,0,2,27,12,1,16,6,18,17,4,0,0,0,0,2,6,8
1737,3,1,0,0,11,7,13,0,0,8,0,s,d,0,2,d,12,d,16,6,18,17,4,0,0,0,0,2,6,8
1736,3,1,d,0,11,7,d,0,0,8,d,s,2,0,2,27,12,1,16,6,18,17,4,0,d,0,0,2,6,8
I911,3,1,1,0,11,0,13,6,0,8,0,s,2,0,2,3,12,1,16,0,0,17,4,0,5,s,0,2,s,8
I912,3,1,1,0,11,1,13,6,0,8,0,s,2,0,2,3,12,1,16,1,0,17,4,0,5,s,0,2,s,8
I913,3,1,1,0,11,1,13,6,3,8,1,s,2,0,2,3,12,1,16,1,9,17,4,0,5,s,0,2,s,8
1495,3,1,d,0,11,1,13,6,3,8,1,s,2,0,2,3,12,d,16,1,9,17,s,13,5,s,d,2,s,8
I915,3,1,1,0,11,1,13,6,3,8,1,s,2,0,2,3,12,1,16,1,9,17,4,0,5,s,0,2,s,8
1693,3,1,1,0,11,1,d,6,3,8,d,s,d,0,2,3,12,1,16,1,9,17,4,0,s,s,0,2,s,8
1692,3,1,1,0,d,1,13,6,d,8,1,s,2,0,2,3,12,1,16,1,9,17,4,d,5,s,0,2,s,d
I916,3,1,1,0,11,1,13,6,0,8,0,s,2,0,2,s,12,1,16,1,0,17,4,0,5,s,0,2,s,8
1656,3,1,1,0,11,1,13,6,0,8,0,s,2,d,2,s,s,1,16,1,2,17,4,0,5,s,0,2,s,d
I918,3,1,1,0,11,1,13,6,0,8,s,s,2,13,2,s,12,1,16,1,0,17,4,0,5,s,0,2,s,8
1557,d,d,1,0,11,1,13,6,0,8,s,s,2,13,d,s,12,d,16,1,0,17,4,0,5,s,d,2,s,8
1556,3,d,d,0,11,1,13,6,0,8,s,s,2,13,d,s,12,1,16,1,0,17,4,0,5,s,0,2,s,8
I919,3,1,1,0,11,0,13,6,0,8,0,s,2,0,2,3,12,1,16,0,5,17,4,0,5,s,5,2,s,8
1276,3,1,1,0,11,0,13,6,0,8,0,s,2,0,2,3,12,1,16,0,5,17,d,29,d,s,5,2,s,8
I924,3,1,1,0,11,0,13,6,0,8,1,s,2,0,2,3,12,1,16,0,5,17,4,3,5,s,5,s,s,8
1931,3,1,1,0,d,0,13,6,0,8,1,s,2,0,2,3,d,1,d,0,5,17,4,3,d,s,5,s,s,8
1930,d,1,1,0,11,0,13,d,0,d,1,s,2,0,2,3,12,d,16,0,5,17,4,3,5,s,5,s,s,8
I926,3,1,0,0,11,0,13,0,0,8,0,s,2,0,2,0,12,1,16,0,0,17,4,0,0,0,0,2,0,8
I927,3,1,0,1,11,2,13,0,0,8,1,s,2,0,2,0,12,1,16,0,0,17,4,0,0,0,11,2,0,8
I928,3,1,0,1,11,2,13,0,0,8,1,s,2,0,2,0,12,1,16,0,0,17,4,21,0,0,11,2,0,8
I929,3,1,0,1,11,2,13,0,0,8,1,s,2,0,2,0,12,1,16,0,0,17,4,21,0,1,11,2,0,8
1843,3,d,0,1,11,2,13,0,0,8,d,s,d,0,2,d,12,1,16,0,8,17,4,21,0,1,11,2,d,8
1927,d,1,0,1,11,2,d,d,3,8,1,s,2,0,d,0,12,1,d,0,0,17,4,21,d,1,11,2,0,8
I934,3,1,0,1,11,2,13,0,s,8,1,s,2,0,2,0,12,1,16,0,0,17,4,21,0,16,11,2,0,8
1877,3,1,0,d,11,2,13,0,s,8,d,s,2,0,2,0,12,1,16,0,0,17,4,21,0,16,11,2,0,8
1876,3,1,0,1,11,2,13,0,s,8,1,s,d,0,2,0,12,1,16,0,0,17,4,21,0,16,d,2,0,8
I935,3,1,0,1,11,2,13,0,3,8,1,s,2,0,2,0,12,1,16,0,0,17,4,0,0,0,11,2,0,8
I938,3,1,0,1,11,2,13,16,3,8,1,s,2,0,2,0,12,1,16,31,0,17,4,29,0,0,11,2,0,8
1991,3,1,0,1,11,2,13,16,3,d,1,s,2,d,2,0,12,1,16,31,0,17,d,29,0,0,11,2,d,8
1990,3,1,0,1,11,2,13,16,3,8,1,s,2,0,d,0,12,d,16,31,0,17,d,29,0,0,11,2,d,8
I939,3,1,0,1,11,2,13,0,3,8,1,s,2,0,2,0,12,1,16,0,0,17,4,0,0,0,11,2,0,8
1956,3,d,1,d,11,d,13,16,3,8,1,s,2,d,2,0,12,d,d,d,0,17,4,0,0,0,11,2,0,8
I941,3,1,0,1,11,2,13,0,3,8,1,s,2,0,2,0,12,1,16,0,0,17,4,0,0,0,11,2,0,8
1935,3,1,0,d,11,2,13,0,d,8,1,s,2,0,2,0,12,1,16,d,0,17,4,0,0,0,11,2,0,8
1934,3,1,0,d,11,2,13,d,3,8,1,s,d,0,2,0,12,1,16,0,0,17,d,0,0,0,11,2,0,d
I942,3,1,1,0,11,0,13,0,3,8,0,s,2,0,2,0,12,1,16,0,0,17,4,0,s,0,0,2,0,8
I943,3,1,1,0,11,0,13,0,3,8,0,s,2,0,2,0,12,1,16,0,5,17,4,0,s,0,0,2,0,8
I944,3,1,1,0,11,0,13,0,3,8,0,s,2,0,2,0,12,1,16,0,5,17,4,0,s,0,0,2,0,8
1717,3,1,1,0,11,0,13,d,3,8,0,s,2,0,2,10,12,d,16,0,5,17,4,0,s,0,0,2,0,8
1912,3,1,1,1,11,0,13,0,3,8,0,s,2,s,d,0,12,1,16,0,5,17,4,0,s,0,0,2,d,d
I947,3,1,1,0,11,0,13,0,3,8,0,s,2,0,2,0,12,1,16,0,5,17,4,0,s,0,0,2,0,8
I948,3,1,1,0,11,0,13,0,3,8,0,s,2,0,2,0,12,1,16,5,5,17,4,3,s,0,3,2,0,8
1645,3,1,1,d,11,0,d,0,3,d,d,s,2,0,2,0,12,1,16,d,5,17,4,3,s,d,d,d,0,8
1644,3,1,1,0,11,0,13,d,3,8,0,s,2,0,2,d,12,s,16,5,5,17,d,3,s,0,3,2,0,8
1617,d,1,1,s,11,d,13,0,d,8,1,s,2,0,2,0,12,d,16,0,5,17,4,d,s,0,0,2,14,8
I950,3,1,1,0,11,0,13,0,3,8,0,s,2,0,2,0,12,1,16,0,0,17,4,0,s,0,0,2,0,8
I951,3,1,1,0,11,0,13,0,3,8,0,s,2,0,2,0,12,1,16,0,0,17,4,0,s,0,0,2,0,8
1628,3,1,1,0,11,d,13,0,3,8,0,s,d,0,2,0,12,1,16,d,0,17,4,0,s,0,0,2,0,8
I953,3,1,1,0,11,0,13,0,3,8,0,s,2,0,2,0,12,1,16,0,0,17,4,0,s,0,0,2,0,8
1929,3,1,1,0,11,0,d,0,3,8,d,s,2,0,2,0,12,1,16,0,0,17,4,0,s,0,d,2,0,8
1928,3,1,1,0,11,2,13,d,3,8,0,s,2,0,2,0,12,1,d,0,d,17,4,0,s,0,0,2,0,8
1863,d,1,1,1,11,0,13,0,3,8,d,s,2,0,2,10,12,1,16,0,0,d,4,d,s,39,3,2,0,8
I957,3,0,0,0,11,0,s,0,0,7,0,s,2,0,2,0,12,1,0,18,0,17,4,0,0,0,0,2,0,8
I958,3,0,0,0,11,0,s,0,0,7,0,s,2,0,2,0,12,1,0,18,0,17,4,0,0,0,0,2,0,8
I959,3,0,0,0,11,0,s,0,0,7,0,s,2,0,2,0,12,1,2,18,20,17,4,0,0,0,0,2,0,8
I960,3,0,0,0,11,0,s,0,0,7,0,s,2,13,2,0,12,1,2,18,20,17,4,0,0,0,0,2,0,8
I961,3,0,0,0,11,0,s,0,0,7,0,s,2,13,2,0,12,1,2,18,20,17,4,0,0,0,0,2,0,8
I962,3,2,1,0,s,0,s,0,0,7,0,s,2,13,2,0,12,1,2,18,20,17,4,0,0,0,0,2,s,8
1213,3,2,1,0,s,0,s,0,0,d,d,s,2,d,2,d,12,1,2,18,20,d,4,d,0,0,d,d,s,8
1212,3,2,1,0,s,0,s,0,0,7,0,s,d,13,2,0,d,1,2,18,20,17,4,0,0,0,d,2,s,8
I963,3,0,0,0,11,0,s,0,0,7,0,s,2,13,2,0,12,1,2,18,20,17,4,0,0,0,0,2,0,8
1241,3,0,0,0,11,0,s,8,0,7,0,s,2,d,2,0,12,1,2,18,20,17,4,0,0,0,0,2,0,8
1240,3,0,0,0,11,0,s,d,0,7,0,s,d,d,2,0,d,d,2,18,20,d,4,0,0,0,0,2,d,8
1060,3,1,1,d,11,0,s,0,0,7,0,s,2,13,d,0,12,1,2,18,20,17,4,0,0,0,0,d,d,8
I967,3,0,0,0,11,0,s,0,1,7,0,s,2,0,2,0,12,1,2,18,20,17,4,0,0,0,4,2,0,8
1473,3,0,1,0,11,10,s,0,1,d,0,s,d,0,d,21,12,1,d,18,20,17,d,d,0,0,4,2,35,8
1314,3,0,d,1,11,s,s,0,d,7,0,s,2,14,2,0,12,1,2,18,20,17,d,0,0,0,4,2,d,8
I974,3,0,0,0,11,10,s,0,0,7,0,s,2,0,2,0,12,1,0,18,0,17,4,0,0,0,0,2,0,8
I975,3,0,1,0,11,10,s,0,0,7,0,s,2,0,2,0,12,1,0,18,0,17,4,0,8,11,0,2,s,8
1308,3,0,1,0,11,10,s,0,3,s,0,s,2,d,2,27,12,1,0,18,9,17,4,0,8,11,d,2,s,8
1513,3,0,1,d,11,d,s,0,0,7,0,s,2,d,2,0,12,1,10,18,7,17,4,0,8,11,0,2,s,8
I982,3,0,0,0,11,10,s,0,0,7,0,s,2,0,2,0,12,1,0,18,0,17,4,16,0,0,0,2,0,8
1728,3,0,0,s,11,10,s,0,d,7,s,s,d,0,2,0,12,1,0,18,0,17,4,16,0,d,0,2,0,8
I986,3,0,0,0,11,10,s,0,0,7,0,s,s,0,2,0,12,1,0,18,0,17,4,16,0,0,0,2,0,8
1259,3,4,0,0,11,10,s,7,0,7,0,s,s,4,2,0,12,1,0,18,0,17,4,16,0,d,0,d,0,8
1591,3,0,0,d,11,10,s,0,0,7,1,s,s,25,2,6,d,1,10,18,0,17,4,16,0,d,0,2,36,8
I989,3,0,0,0,11,0,s,s,0,7,0,s,2,0,2,0,12,1,0,18,0,17,4,0,0,0,0,2,0,8
I990,3,0,0,0,11,0,s,s,0,7,0,s,2,0,2,0,12,1,0,18,15,17,4,0,0,14,0,2,0,8
I991,3,1,0,0,11,0,s,s,0,7,0,s,2,0,2,0,12,1,0,18,15,17,4,0,0,14,0,2,0,8
1312,3,s,s,0,d,d,s,s,0,7,0,s,2,0,2,d,12,1,7,18,15,17,4,0,0,14,0,2,0,8
I995,3,1,0,0,11,0,s,s,0,7,0,s,2,0,2,0,12,1,16,18,15,17,4,0,0,14,0,2,0,8
1508,3,1,d,d,11,0,s,s,0,d,0,s,2,0,2,0,12,1,16,18,15,17,4,0,0,14,d,2,1,8
1394,d,1,0,0,11,0,s,s,0,7,0,s,2,0,2,21,d,1,16,18,d,s,4,0,0,d,0,2,0,8
I998,3,0,0,0,11,0,s,s,0,7,0,s,2,0,2,0,12,1,0,18,15,17,4,0,0,14,0,2,0,8
I999,3,0,0,1,11,0,s,s,s,7,0,s,2,0,2,0,12,1,0,18,15,17,4,5,0,14,0,2,1,8
1032,3,0,0,d,11,0,s,s,s,7,d,s,2,0,2,0,12,d,0,18,15,17,4,5,30,14,0,2,d,8
1987,3,0,0,1,11,0,s,s,s,7,0,s,d,d,2,0,12,1,0,18,15,17,4,5,13,14,0,2,1,8
I1004,3,0,0,0,11,0,s,s,0,7,0,s,s,0,2,0,12,1,0,18,15,17,4,0,0,14,0,2,0,8
I1005,3,0,1,0,11,0,s,s,0,7,0,s,s,0,2,0,12,1,0,18,15,17,4,0,30,14,0,2,34,8
2005,3,0,1,0,d,15,s,s,0,d,0,s,s,0,2,0,12,1,s,18,15,17,4,0,30,d,0,2,34,8
1010,3,0,1,d,11,d,s,s,4,7,0,s,s,s,d,0,12,1,0,d,15,17,4,0,30,14,0,2,d,d
1038,3,0,d,1,d,0,s,s,0,7,0,s,s,d,s,0,12,1,0,s,15,17,d,0,0,14,0,2,0,8
I1009,3,0,0,0,11,8,s,s,0,7,0,s,2,0,2,0,12,1,0,18,5,17,4,0,0,0,15,2,0,8
I1010,3,0,0,0,11,8,s,s,0,7,0,s,2,0,2,0,12,1,0,18,5,17,4,0,0,0,15,2,0,8
I1011,3,0,0,0,11,8,s,s,0,7,1,s,2,0,2,0,12,1,0,18,5,17,4,0,0,0,15,2,0,8
1304,3,4,0,0,11,d,s,s,0,7,1,s,2,0,2,0,12,1,0,d,d,17,4,d,0,0,15,2,1,8
1114,3,0,0,d,11,s,s,s,0,7,1,s,2,0,2,0,12,1,d,18,5,s,4,d,0,0,15,2,0,8
I1014,3,0,s,0,11,8,s,s,0,7,0,s,2,0,2,0,12,1,0,18,5,17,4,0,0,0,15,2,0,8
1121,3,0,s,0,11,8,s,s,d,7,0,s,2,0,2,0,d,1,d,18,5,17,d,0,0,0,15,2,3,8
1162,3,0,s,0,11,8,s,s,s,7,0,s,2,0,2,0,s,1,0,18,5,d,4,0,17,d,15,d,0,8
I1017,3,0,0,0,11,8,s,s,0,7,0,s,2,0,2,26,12,1,0,18,5,17,4,0,0,0,15,2,0,8
1370,3,0,0,0,11,8,s,s,0,s,0,s,2,18,2,d,12,1,19,18,d,17,4,d,d,0,15,2,0,8
I1021,3,0,0,0,11,8,s,s,0,7,0,s,2,14,2,26,12,1,0,18,5,17,4,0,0,0,15,2,0,8
1097,3,0,0,1,11,8,s,s,0,7,0,s,2,14,2,d,12,1,s,18,5,17,4,0,1,0,15,2,7,8
1336,3,d,s,0,11,8,s,s,0,7,0,s,2,14,2,26,12,1,0,18,5,17,4,d,0,0,15,2,0,8
