cell,r1,r2,r3,r4,r5,r6,r7,r8,r9,r10,r11,r12,r13,r14,r15,r16,r17,r18,r19,r20,r21,r22,r23,r24,r25,r26,r27,r28,r29,r30
I1,0,0,0,0,0,0,0,0,0,0,0,0,0,0,0,0,0,0,0,0,0,0,0,0,0,17,0,0,0,0
I2,0,0,0,0,0,0,0,0,0,0,0,0,0,0,0,0,0,0,0,0,0,0,0,0,s,17,0,0,0,0
I3,0,0,7,0,0,0,0,0,4,0,0,0,0,0,0,0,13,0,0,0,1,0,0,17,s,17,6,0,2,0
I4,0,2,7,0,0,0,0,0,4,1,0,0,0,0,0,0,13,0,0,0,1,0,0,17,s,17,6,5,2,0
I5,0,2,7,0,0,0,0,0,4,1,0,0,0,0,0,0,13,0,0,0,1,16,0,17,s,17,6,5,2,0
I6,0,2,7,0,0,0,0,0,4,1,0,0,0,6,11,0,13,0,0,0,1,16,0,17,s,17,6,5,2,0
I7,0,2,7,0,0,0,0,0,4,1,4,0,0,6,11,0,13,0,2,s,1,16,0,17,s,17,6,5,2,0
I12,0,2,7,2,s,0,0,0,4,1,4,0,0,6,11,0,13,0,2,s,1,16,0,17,s,17,6,5,2,1
1424,17,2,7,2,s,0,0,0,4,d,d,0,0,6,11,0,13,d,2,s,1,16,0,17,s,17,d,5,2,1
1626,0,2,7,2,s,d,0,0,4,1,4,0,0,6,11,3,13,1,d,s,1,16,d,17,s,17,6,5,2,1
I15,0,2,7,0,0,0,0,0,4,1,4,0,0,6,11,0,13,0,2,s,1,16,0,17,s,17,6,5,2,0
I16,0,2,7,0,0,15,0,0,4,1,4,0,0,6,11,6,13,0,2,s,1,16,0,17,s,17,6,5,2,0
I17,0,2,7,0,0,15,13,0,4,1,4,0,0,6,11,6,13,0,2,s,1,16,0,17,s,17,6,5,2,3
1311,0,d,7,0,0,d,13,0,4,1,4,0,d,6,11,d,13,0,2,s,d,d,0,17,s,17,d,5,2,3
1310,0,2,7,d,0,d,13,0,4,d,4,0,0,6,d,6,13,0,2,s,1,16,0,17,s,17,6,d,2,3
I18,0,2,7,2,0,15,0,1,4,1,4,0,0,6,11,6,13,1,2,s,1,16,0,17,s,17,6,5,2,0
1421,0,2,7,d,0,d,0,1,4,1,4,d,0,6,11,6,d,d,2,s,1,16,0,17,s,d,6,5,2,0
1420,d,2,7,d,d,15,0,1,4,1,4,0,d,6,d,6,13,1,2,s,d,16,0,17,s,17,6,5,2,0
I19,0,2,7,0,0,0,0,1,4,1,4,0,0,6,11,0,13,0,2,s,1,16,0,17,s,17,6,5,2,0
I20,0,2,7,0,0,0,0,1,4,1,4,0,0,6,11,0,13,0,2,s,1,16,0,17,s,17,6,5,2,0
1283,0,2,7,0,0,0,d,1,4,1,4,0,0,6,11,0,13,0,2,s,1,16,0,17,s,17,6,5,d,0
1282,0,2,7,2,0,0,0,1,d,1,4,0,0,d,11,0,d,0,2,s,1,16,0,d,s,17,6,5,2,d
1598,0,2,7,0,0,0,0,d,4,1,4,0,s,6,11,0,13,0,2,s,d,16,0,17,s,17,6,5,2,0
I22,0,2,7,0,0,15,0,0,4,1,0,0,0,6,11,0,13,0,0,0,1,16,0,17,s,17,6,5,2,0
I23,0,2,7,0,0,15,0,0,4,1,0,0,38,6,11,0,13,0,0,0,1,16,0,17,s,17,6,5,2,0
1639,26,d,7,2,0,15,0,0,4,1,0,0,38,6,d,0,13,d,d,0,1,16,14,17,s,17,6,5,d,0
I27,0,2,7,0,0,15,5,0,4,1,0,8,38,6,11,0,13,0,s,1,1,16,0,17,s,17,6,5,2,0
1435,s,2,7,s,0,15,5,0,d,1,0,8,38,6,11,d,d,d,s,1,1,16,16,17,s,17,d,5,2,1
I29,0,2,7,0,0,15,5,0,4,1,5,8,38,6,11,4,13,0,s,1,1,16,0,17,s,17,6,5,2,0
1333,0,2,7,0,0,15,5,0,4,1,5,d,38,6,11,4,13,0,s,1,1,16,0,17,s,17,d,5,2,0
1332,2,2,7,0,0,15,5,0,4,1,d,8,38,d,11,d,13,0,s,1,1,16,0,17,s,17,6,5,2,0
1755,26,2,d,d,1,15,0,0,4,1,s,0,0,6,11,0,13,0,d,3,1,16,d,17,s,17,6,5,2,d
I37,0,2,7,0,0,0,0,0,4,1,0,0,0,0,0,0,13,0,0,2,1,16,0,17,s,17,6,5,2,0
I38,s,2,7,0,0,33,0,0,4,1,0,0,0,0,0,0,13,1,0,2,1,16,0,17,s,17,6,5,2,0
I39,s,2,7,2,0,33,0,2,4,1,0,0,s,0,16,0,13,1,0,2,1,16,s,17,s,17,6,5,2,0
I40,s,2,7,2,0,33,0,2,4,1,0,0,s,0,16,0,13,1,0,2,1,16,s,s,s,17,6,5,2,0
1302,s,2,d,2,0,33,9,2,4,1,0,0,s,0,16,21,13,d,0,2,1,d,s,s,s,17,6,5,2,0
1523,s,2,7,2,0,33,0,2,4,d,0,0,s,0,16,0,13,1,4,2,1,d,s,s,s,17,6,5,2,1
I43,s,2,7,2,0,33,0,2,4,1,0,0,s,0,16,0,13,1,0,2,1,16,s,17,s,17,6,5,2,0
1448,s,2,d,s,0,33,0,2,4,1,4,0,s,0,16,0,13,1,0,2,1,s,s,17,s,17,s,5,2,1
1348,s,2,7,2,0,33,0,2,4,1,0,0,s,0,d,0,13,1,0,2,d,16,s,17,s,d,6,5,2,0
I46,s,2,7,0,0,33,0,0,4,1,0,0,0,0,0,4,13,1,0,2,1,16,0,17,s,17,6,5,2,0
I47,s,2,7,0,0,33,15,0,4,1,0,0,1,0,0,4,13,1,0,2,1,s,0,17,s,17,6,5,2,0
I48,s,2,7,0,0,33,15,0,4,1,0,0,s,s,0,4,13,1,0,2,1,s,0,17,s,17,6,5,2,0
1971,s,2,7,d,d,33,15,0,4,d,0,0,s,s,0,4,13,1,0,2,1,s,0,17,s,17,6,5,2,d
1052,s,2,7,0,0,33,15,0,4,1,0,0,s,s,6,4,13,1,4,2,1,s,0,17,s,d,6,5,2,1
1193,s,2,7,0,d,33,15,0,4,1,0,0,d,0,0,s,13,1,0,2,1,s,0,17,s,17,6,d,2,d
I51,s,2,7,0,0,33,0,0,4,1,0,0,0,0,0,4,13,1,0,2,1,16,0,17,s,17,6,5,s,0
1125,s,s,7,0,0,33,0,0,4,1,0,0,0,0,0,4,13,1,0,d,1,16,0,17,s,17,d,5,s,0
I53,s,2,7,0,0,33,0,0,4,1,0,0,0,0,0,4,13,1,0,2,1,16,0,17,s,17,6,5,s,0
1035,s,2,7,d,0,d,0,d,4,1,0,0,0,6,0,s,13,1,0,2,1,16,3,17,s,17,6,5,s,d
1034,s,2,7,0,0,33,5,2,4,1,0,0,0,0,d,4,13,1,0,2,1,16,0,17,s,17,6,5,s,0
I54,0,2,7,0,0,0,13,0,4,1,0,s,0,0,0,0,13,0,0,2,1,16,0,17,s,17,6,5,2,0
I55,0,2,7,0,0,0,13,0,4,1,0,s,0,0,0,0,13,0,4,2,1,16,0,17,s,17,6,5,2,1
I56,2,2,7,0,0,0,13,0,4,1,4,s,0,0,0,0,13,0,4,2,1,16,0,17,s,17,6,5,2,1
1119,2,2,7,0,0,0,13,1,4,1,4,s,0,0,0,0,13,0,4,2,1,16,0,17,s,17,6,5,d,d
1161,d,2,7,0,0,s,13,0,4,1,4,s,0,d,0,0,13,1,4,2,1,d,0,17,s,17,6,5,2,1
I59,0,2,7,0,0,0,13,0,4,1,0,s,0,0,2,0,13,0,4,2,1,16,0,17,s,17,6,5,2,1
1410,0,2,d,0,0,d,13,0,4,1,d,s,0,0,2,0,13,0,4,2,1,16,d,17,s,17,6,5,d,1
1482,d,2,d,0,0,0,13,d,4,1,0,s,0,0,2,9,13,0,4,2,1,16,0,17,s,17,6,d,2,d
I62,0,2,7,0,0,6,13,0,4,1,0,s,0,0,0,0,13,0,0,2,1,16,10,17,s,17,6,5,2,0
1405,0,2,7,0,1,6,13,d,d,1,d,s,0,0,0,0,13,0,0,2,1,16,10,17,s,17,6,5,2,0
I66,0,2,7,0,0,6,13,0,4,1,0,s,0,0,0,0,13,0,0,2,1,16,10,17,s,17,6,5,2,0
I67,0,2,7,0,1,6,13,0,4,1,0,s,0,0,0,0,13,0,0,2,1,16,10,17,s,17,6,5,2,0
1457,0,2,7,0,d,6,13,0,d,1,0,s,0,0,0,0,13,d,0,2,1,d,10,17,s,17,6,5,2,0
1456,0,2,7,d,1,6,13,0,4,1,0,s,0,0,0,d,d,d,0,2,1,16,d,d,s,17,6,5,2,0
1338,0,2,7,s,0,6,13,0,4,1,0,s,0,0,d,0,d,0,4,s,1,16,d,17,s,17,6,d,2,0
I69,0,2,7,0,0,0,0,0,4,1,0,0,0,0,0,0,13,0,0,0,1,0,0,17,s,17,6,5,2,0
I70,0,2,7,0,0,0,0,0,4,1,0,0,0,0,0,0,13,0,0,0,1,0,12,17,s,17,6,5,2,0
I71,0,2,7,2,0,0,0,0,4,1,4,0,0,0,0,0,13,0,0,0,1,0,12,17,s,17,6,5,2,0
I72,0,2,7,2,0,0,0,0,4,s,4,0,0,0,0,0,13,0,0,0,1,0,12,17,s,17,6,5,2,0
I73,0,2,7,2,0,0,0,0,4,s,4,0,0,0,0,0,13,0,0,0,1,2,12,17,s,17,6,5,2,0
I74,0,2,7,2,0,0,0,1,4,s,4,0,0,0,0,0,13,1,0,0,1,2,12,17,s,17,6,5,2,0
1287,0,2,7,2,0,0,d,1,4,s,d,0,0,0,0,0,13,1,d,0,1,2,12,17,s,d,6,5,d,0
1286,0,d,7,2,4,0,0,1,d,s,4,0,0,0,0,0,13,1,0,0,d,2,12,17,s,17,6,5,2,0
I75,0,2,7,2,0,0,10,0,4,s,4,0,0,0,0,0,13,0,2,0,1,2,12,17,s,17,6,5,2,0
1151,d,2,7,2,0,d,d,1,4,s,4,0,0,0,s,0,d,0,2,0,1,2,12,17,s,d,6,5,2,0
1150,0,2,7,2,0,d,10,d,4,s,4,d,0,0,0,d,13,0,2,19,1,d,12,17,s,17,6,5,2,0
I76,0,2,7,2,0,0,0,0,4,s,4,0,0,0,0,9,13,0,0,0,1,0,12,17,s,17,6,5,2,0
1158,d,d,7,2,0,0,0,d,4,s,s,0,0,0,s,9,13,s,4,0,1,0,12,17,s,17,6,d,2,1
1253,0,2,7,2,0,0,0,0,4,s,d,8,0,0,0,9,13,0,0,0,1,d,12,d,s,17,d,5,2,0
I79,2,2,7,2,0,0,13,0,4,1,4,0,0,0,0,0,13,0,0,s,1,0,12,17,s,17,6,5,2,0
1342,2,2,7,2,0,0,13,2,4,1,4,0,0,s,0,0,13,1,4,s,1,0,12,17,s,17,6,5,d,1
I83,2,2,7,2,0,s,13,0,4,1,4,0,0,0,0,0,13,s,0,s,1,0,12,17,s,17,6,5,2,0
1111,2,2,7,2,1,s,13,0,4,1,4,d,d,0,0,21,13,s,0,s,1,0,12,d,s,17,6,5,2,0
I85,2,2,7,2,0,s,13,0,4,1,4,0,0,0,0,0,13,s,1,s,1,0,12,17,s,s,s,5,2,0
1071,2,2,7,2,0,s,13,0,4,1,4,0,0,0,14,0,13,s,1,s,d,0,12,17,s,s,s,5,2,0
2029,2,d,7,2,s,s,d,0,4,1,4,0,0,0,0,0,d,s,1,s,1,0,12,17,s,s,s,5,2,0
I87,0,2,7,2,1,0,18,0,4,1,0,0,0,0,0,0,13,0,0,0,1,0,12,17,s,17,6,5,2,0
I88,0,2,7,2,1,0,18,0,4,1,0,0,0,0,0,0,13,0,0,0,1,0,12,17,s,17,6,5,2,0
1190,0,2,7,d,1,0,18,0,4,1,d,s,0,6,0,0,13,0,0,0,1,0,12,17,s,17,6,5,2,0
I92,0,2,7,2,1,0,18,0,4,1,0,0,0,0,0,0,13,0,0,0,1,0,12,17,s,17,6,5,2,0
1262,0,2,d,s,s,0,18,0,4,s,0,0,12,0,0,0,13,0,4,0,1,d,12,17,s,17,d,5,2,0
1377,0,2,7,2,1,30,18,0,4,1,d,8,0,0,0,0,13,d,0,0,1,0,12,17,s,17,6,5,2,0
I95,0,2,7,2,1,0,18,0,4,1,0,0,0,0,0,0,13,0,0,0,1,0,12,17,s,17,6,5,2,0
I96,0,2,7,2,1,0,18,0,4,1,0,0,0,0,0,0,13,0,0,0,1,0,12,17,s,17,s,5,2,0
1251,0,2,7,d,1,0,18,0,4,1,0,0,0,d,0,0,13,1,0,0,d,s,d,17,s,17,s,5,2,0
I98,0,2,7,2,1,0,18,0,4,1,0,0,0,0,0,0,13,0,0,0,1,0,12,17,s,17,s,5,2,0
1079,0,2,7,2,1,25,18,0,4,1,d,0,0,0,0,0,d,0,0,d,1,0,12,17,s,17,s,5,2,0
1078,0,d,7,2,1,d,18,0,4,d,0,0,0,0,0,0,13,0,0,0,1,0,12,17,s,17,s,5,2,0
I99,0,2,7,2,1,0,18,0,4,1,0,0,0,0,16,0,13,0,0,0,1,0,12,17,s,17,6,5,2,0
1173,0,d,7,2,1,0,18,0,4,1,0,0,0,0,16,0,13,0,0,d,1,0,12,17,s,17,6,d,2,d
1407,d,2,7,2,1,0,18,0,s,1,4,0,0,0,16,0,13,1,0,0,1,0,12,17,s,17,6,5,2,1
I102,0,2,7,0,0,0,0,0,4,1,0,0,0,0,6,14,13,0,0,0,1,0,0,17,s,17,6,5,2,0
I103,0,2,7,0,0,0,0,0,4,1,0,0,0,0,6,14,13,0,0,0,1,0,0,17,s,17,6,5,2,0
I104,0,2,7,0,0,0,0,0,4,1,0,0,0,0,6,14,13,0,0,3,1,0,0,17,s,17,6,5,2,0
I106,0,2,7,0,0,0,0,0,4,s,4,8,1,0,6,14,s,0,0,3,1,0,0,17,s,17,6,5,2,0
1007,0,2,d,2,0,0,0,d,4,s,4,s,1,0,6,14,s,0,4,3,1,0,0,17,s,17,6,5,2,0
I107,17,2,7,0,0,s,0,0,4,s,4,8,1,0,6,14,s,0,0,3,1,0,0,17,s,17,6,5,2,0
1973,17,d,7,0,0,s,0,0,4,s,4,8,1,0,6,14,s,0,0,3,1,0,0,17,s,d,6,d,d,d
1972,17,2,7,0,0,s,0,0,4,s,d,8,1,0,6,14,s,0,0,d,1,0,0,17,s,17,6,5,2,0
I109,s,2,7,2,0,0,0,0,4,1,4,0,0,0,6,14,13,0,0,3,1,0,0,17,s,17,6,5,2,0
I110,s,2,7,s,0,0,2,0,4,1,4,0,0,0,6,14,13,0,0,3,1,0,0,17,s,17,6,5,2,0
1866,s,2,7,s,0,0,d,0,4,1,4,0,0,0,s,14,13,0,0,3,1,0,d,17,s,d,6,5,2,1
1885,s,2,7,s,0,0,2,d,4,1,4,0,0,0,d,14,13,0,0,3,1,3,d,17,s,17,6,5,2,0
2030,s,2,7,2,4,0,0,2,4,1,4,8,0,11,6,14,d,1,0,3,1,0,10,17,s,17,6,5,2,0
I116,0,2,7,0,0,11,0,0,4,1,4,0,3,s,6,14,13,0,0,0,1,0,0,17,s,17,6,5,2,0
1099,d,2,7,d,0,11,13,2,4,1,4,0,3,s,6,14,13,1,4,25,1,0,0,17,s,17,6,5,2,0
I120,0,2,7,0,0,11,0,0,4,1,4,0,3,s,6,14,13,0,1,0,1,0,0,17,s,17,6,5,2,0
I121,5,2,7,s,0,11,0,1,4,1,4,0,3,s,6,14,13,0,1,0,1,0,0,17,s,17,6,5,2,0
1023,d,2,7,s,0,11,0,1,4,1,4,0,3,s,6,14,13,0,1,d,1,0,0,17,s,17,6,5,2,0
1022,d,2,7,s,0,11,0,1,4,1,4,0,3,s,6,14,13,0,1,d,s,0,d,17,s,17,6,5,2,0
1965,0,2,7,0,0,11,0,0,4,d,4,0,3,s,6,14,13,0,1,0,1,0,d,17,s,17,6,5,2,1
I124,0,2,7,0,0,0,0,0,4,1,0,0,0,0,6,14,13,0,0,0,1,0,0,17,s,17,6,5,2,1
I125,0,2,7,0,0,0,0,0,4,1,0,0,0,0,6,14,13,1,0,0,1,0,0,17,s,17,6,5,2,1
I126,0,2,7,0,0,0,13,1,s,1,4,0,0,0,6,14,13,1,0,0,1,0,33,17,s,17,6,5,2,1
I127,0,2,7,0,0,0,13,1,s,1,4,8,38,0,6,14,13,1,s,0,1,5,33,17,s,17,s,5,2,1
1301,d,2,7,0,1,d,13,1,s,1,4,d,38,0,6,14,13,1,s,25,1,5,33,17,s,d,s,d,d,1
1300,0,2,7,0,0,0,13,1,s,1,4,8,38,0,6,14,13,1,s,0,1,5,33,17,s,d,s,5,2,1
I128,0,2,7,0,0,0,13,1,s,1,4,0,0,0,6,14,13,1,0,0,1,0,33,17,s,s,6,5,2,1
1133,0,2,7,0,0,0,13,d,s,1,4,0,0,0,6,14,13,1,d,0,1,0,33,d,s,s,6,5,2,1
1132,d,d,7,0,0,0,13,d,s,1,4,5,0,0,6,14,d,d,0,0,d,d,33,17,s,s,6,s,d,1
I129,s,2,7,0,0,0,0,1,4,1,0,0,0,0,6,14,13,1,0,0,1,0,0,17,s,17,6,5,2,1
1476,s,2,d,0,2,0,13,1,4,1,0,0,0,0,6,d,13,1,4,0,1,0,0,17,s,17,6,5,2,1
I131,s,2,7,0,0,0,0,1,4,1,4,0,0,0,6,14,13,1,0,0,1,0,0,17,s,17,6,5,2,1
1727,s,d,7,0,0,0,0,1,4,1,4,0,0,0,6,14,13,d,d,0,d,0,d,17,s,17,6,5,2,1
1726,s,2,7,2,0,0,0,1,4,1,4,0,0,0,d,14,13,1,0,0,1,0,0,17,s,17,6,5,2,d
I132,0,2,7,0,0,0,0,0,4,1,0,0,0,0,6,14,13,0,0,0,1,0,16,17,s,17,6,5,2,1
1045,0,2,7,0,0,0,7,0,4,1,0,0,0,0,6,14,13,d,s,0,1,16,d,17,s,17,6,5,2,1
I136,0,2,7,2,0,0,0,0,4,1,0,0,0,0,6,s,13,0,0,0,1,0,16,17,s,17,6,5,2,1
1165,0,2,7,2,0,0,0,1,4,1,0,0,0,0,6,s,d,0,4,0,1,0,s,17,s,d,d,5,2,1
1080,0,2,7,2,1,0,0,d,4,1,0,0,3,d,d,s,13,0,0,0,1,0,16,17,s,17,d,5,d,1
I139,0,0,7,0,0,0,0,0,4,0,0,0,0,0,0,s,13,1,0,0,1,0,0,17,s,s,6,0,2,0
I140,0,0,7,0,0,0,26,2,4,0,0,0,0,0,0,s,13,1,0,0,1,15,0,17,s,s,6,0,2,0
I141,0,0,7,0,0,0,26,2,4,0,0,0,0,0,0,s,13,1,0,31,1,15,0,17,s,s,6,0,2,0
I142,0,12,7,0,0,0,26,2,4,0,0,0,1,0,0,s,13,1,0,31,1,15,0,17,s,s,6,0,2,0
I143,0,12,7,0,1,0,26,2,4,0,0,0,1,s,0,s,13,1,0,31,1,15,0,17,s,s,6,0,2,0
I144,0,12,7,0,1,0,26,2,4,0,0,0,1,s,0,s,13,1,0,31,1,15,0,17,s,s,6,0,2,0
1763,0,d,7,0,1,0,s,2,4,0,0,0,1,s,d,s,13,d,0,31,1,15,0,17,s,s,6,0,2,0
1784,0,12,7,0,1,d,26,s,4,0,0,0,1,s,0,s,13,1,d,31,1,15,0,17,s,s,6,0,2,0
I147,0,12,7,2,1,0,26,2,4,0,0,0,1,s,s,s,13,1,0,31,1,15,0,17,s,s,6,0,2,0
1893,29,12,7,d,1,0,26,2,4,0,0,0,d,s,s,s,13,1,0,31,1,15,0,17,s,s,6,0,2,0
1804,0,12,7,2,d,30,26,2,d,d,0,0,d,s,s,s,13,1,0,31,1,15,0,17,s,s,6,d,2,0
I150,0,12,7,0,1,0,26,2,4,0,0,0,1,0,0,s,13,1,0,31,1,15,0,17,s,s,6,0,2,0
1747,0,12,7,0,1,d,26,2,4,d,0,0,1,5,0,s,13,1,0,31,1,15,0,17,s,s,6,0,d,0
1092,0,12,7,0,1,0,26,2,4,d,0,0,1,0,0,s,13,1,0,31,d,15,0,d,s,s,6,0,2,d
I154,0,0,7,0,0,0,26,2,4,0,0,0,0,0,0,s,13,1,0,31,s,15,0,17,s,s,6,13,2,0
I155,0,0,7,0,0,0,26,2,4,0,0,0,0,11,0,s,13,1,0,31,s,15,0,17,s,s,6,13,2,0
I156,0,0,7,2,0,0,s,2,4,2,0,0,0,11,11,s,13,1,0,31,s,15,0,17,s,s,6,13,2,0
1743,0,d,d,2,0,0,s,2,4,2,4,d,0,11,11,s,13,1,4,31,s,15,10,17,s,s,d,13,2,0
976,d,0,7,2,0,d,s,2,4,2,d,0,0,11,11,s,13,1,0,d,s,d,0,17,s,s,d,13,2,0
1725,0,0,7,0,0,30,26,2,4,0,d,0,30,11,0,s,13,1,0,31,s,15,0,17,s,s,6,d,d,0
I161,0,0,7,0,0,1,26,2,4,0,0,0,0,0,0,s,13,1,0,31,s,15,0,17,s,s,6,13,2,0
1365,0,0,7,d,d,1,26,2,4,0,0,0,0,0,0,s,13,1,0,31,s,15,d,17,s,s,d,13,2,0
I165,0,0,7,0,0,1,26,2,4,s,0,0,0,0,0,s,13,1,0,31,s,15,0,17,s,s,6,13,2,0
I166,0,0,7,0,0,1,26,2,4,s,0,0,0,0,0,s,13,1,0,31,s,15,0,17,s,s,6,13,2,0
1903,0,0,7,0,0,1,d,2,4,s,0,0,0,d,0,s,13,1,d,31,s,15,0,17,s,s,6,13,d,d
1902,0,0,d,2,0,1,26,2,4,s,0,0,d,0,0,s,13,1,d,31,s,15,0,17,s,s,6,d,2,0
1667,0,0,7,0,0,1,26,2,d,s,0,0,0,25,0,s,13,1,0,d,s,15,0,17,s,s,6,d,2,0
I168,0,0,7,0,0,0,26,2,4,0,0,8,0,0,0,s,13,1,0,0,1,15,0,17,s,s,6,0,2,0
I169,0,0,7,0,0,0,26,2,4,0,0,8,0,0,0,s,13,1,0,0,s,15,0,17,s,s,6,0,2,1
I170,0,4,7,0,0,0,26,2,4,0,0,8,0,0,0,s,13,1,0,0,s,15,0,17,s,s,6,0,2,1
I171,0,4,7,0,0,0,26,2,4,0,0,8,0,0,0,s,13,1,0,0,s,15,5,17,s,s,6,0,2,1
1815,3,d,7,d,d,0,d,d,d,0,0,8,0,0,0,s,13,1,0,0,s,15,5,17,s,s,6,0,2,1
1887,0,4,7,0,0,0,d,2,d,d,0,8,d,0,d,s,d,1,0,0,s,15,5,d,s,s,6,0,2,1
I174,0,4,7,0,0,s,26,2,4,1,0,8,5,0,17,s,13,1,0,0,s,15,0,17,s,s,6,0,2,1
1943,0,d,7,0,d,s,26,d,d,1,0,8,5,0,17,s,13,1,0,0,s,15,d,17,s,s,6,0,2,1
I176,0,4,7,0,0,s,26,2,4,1,0,8,5,0,17,s,13,1,0,0,s,15,4,17,s,s,6,0,2,1
2009,d,4,7,0,0,s,d,d,4,1,0,8,5,0,17,s,13,1,0,0,s,15,4,17,s,s,6,0,2,1
2008,0,4,7,0,0,s,26,2,4,1,0,8,5,0,17,s,13,1,0,0,s,15,4,17,s,s,6,0,2,1
I177,0,0,7,0,0,0,26,2,4,0,4,8,0,0,0,s,13,1,0,0,s,15,0,17,s,s,6,0,2,1
I178,0,0,7,0,0,0,26,2,4,1,4,8,0,0,0,s,13,1,0,0,s,15,0,17,s,s,6,0,2,1
I179,0,0,7,0,0,0,26,2,4,1,4,8,11,0,0,s,13,1,0,0,s,15,0,17,s,s,6,0,2,1
1859,0,0,7,0,0,0,26,2,4,1,4,8,11,0,0,s,13,1,0,0,s,15,0,17,s,s,6,0,2,1
1858,0,0,7,0,0,0,26,2,4,1,4,8,d,d,d,s,13,1,0,0,s,15,0,17,s,s,d,0,2,1
1879,0,0,d,0,0,0,26,d,4,1,4,8,d,s,0,s,d,d,0,0,s,15,d,17,s,s,6,0,d,1
I181,0,0,7,0,0,0,26,2,4,0,4,8,2,0,0,s,13,1,0,0,s,15,10,17,s,s,6,0,2,1
1029,0,0,7,0,0,d,26,2,d,0,4,8,2,0,0,s,13,1,0,0,s,15,10,17,s,s,6,0,2,1
I182,0,0,7,0,0,0,26,2,4,0,4,8,2,0,0,s,13,1,0,0,s,15,10,17,s,s,6,0,2,1
2043,d,0,7,d,0,0,26,d,4,0,4,8,d,d,0,s,13,1,0,d,s,d,10,17,s,s,6,d,2,1
2042,0,0,7,0,0,0,d,2,d,0,4,8,2,0,0,s,d,1,d,0,s,15,10,17,s,s,6,0,2,1
I183,0,0,7,0,0,s,26,2,4,0,0,8,0,10,0,s,13,1,0,0,1,15,s,17,s,s,6,0,2,0
I184,0,41,7,0,0,s,26,2,s,0,0,8,0,10,0,s,13,1,0,0,1,15,s,17,s,s,6,0,2,0
1574,0,s,7,2,3,s,26,d,s,0,0,8,0,d,0,s,13,1,0,0,d,15,s,17,s,s,6,8,2,0
1786,0,d,7,2,0,s,26,2,s,0,0,8,0,d,0,s,13,d,0,0,1,15,s,17,s,s,6,d,2,0
I191,0,0,7,0,0,s,26,2,4,0,0,8,0,10,0,s,13,1,0,0,1,15,s,17,s,s,6,0,2,0
I193,5,0,7,0,0,s,26,2,4,0,4,8,0,10,0,s,13,1,0,0,1,15,s,17,s,s,6,0,2,0
1793,5,0,7,0,0,s,d,2,4,d,4,8,2,10,0,s,13,1,0,0,d,d,s,17,s,s,6,0,2,0
1792,5,0,d,0,0,s,26,2,4,d,4,8,0,d,d,s,13,1,0,d,1,15,s,17,s,s,6,0,d,0
I195,0,5,7,0,0,s,26,2,4,0,0,8,0,10,0,s,13,1,0,0,1,15,s,17,s,s,6,0,2,0
1536,0,d,7,0,0,s,26,2,4,2,3,d,7,10,0,s,13,1,0,0,d,15,s,17,s,s,6,d,2,0
1373,d,d,7,0,d,s,26,2,4,0,0,8,0,d,4,s,13,1,0,20,d,15,s,d,s,s,6,12,2,0
I198,0,0,7,1,0,0,0,0,4,0,0,0,0,0,0,s,13,1,0,s,1,0,0,17,s,s,6,0,2,0
I199,0,0,7,1,0,0,0,0,4,0,4,0,0,0,0,s,13,1,0,s,1,0,0,17,s,s,6,0,2,0
I200,0,11,7,1,0,0,0,0,4,0,4,0,0,0,0,s,s,1,0,s,1,0,0,17,s,s,6,12,2,0
2037,0,11,7,1,0,31,s,0,4,0,4,0,0,d,0,s,s,1,0,s,d,0,0,17,s,s,6,12,2,1
I205,0,11,7,1,0,0,0,0,4,0,4,0,0,0,0,s,s,1,0,s,1,0,3,17,s,s,6,12,2,0
1921,0,d,7,1,0,0,s,d,4,0,d,0,0,d,0,s,s,1,d,s,1,d,3,17,s,s,6,12,2,0
1025,0,d,7,1,0,15,0,0,d,0,4,0,0,0,0,s,s,1,0,s,1,0,3,17,s,s,d,12,2,0
I210,0,0,7,1,0,0,13,0,4,0,4,0,0,0,0,s,13,1,0,s,1,0,0,17,s,s,6,0,2,0
I213,0,0,7,1,0,0,13,0,4,0,4,0,0,6,0,s,13,1,0,s,1,3,0,17,s,s,6,s,2,0
2007,0,0,7,1,0,0,13,0,4,0,4,5,0,6,d,s,13,1,0,s,1,3,0,17,s,s,6,s,2,0
2013,0,0,7,1,d,0,13,d,4,0,4,d,d,d,d,s,13,1,0,s,1,3,0,17,s,s,6,s,2,d
I216,0,0,7,1,0,0,13,0,4,0,4,0,0,0,0,s,13,1,0,s,1,0,0,17,s,s,6,0,2,0
I217,0,52,7,1,0,0,13,1,4,0,4,0,0,0,0,s,13,1,0,s,1,2,0,17,s,s,6,0,2,0
1648,d,52,7,1,d,0,13,1,4,0,4,0,0,0,0,s,13,1,0,s,1,2,0,17,s,s,6,d,2,0
1985,d,52,d,1,0,d,13,1,4,0,4,0,1,0,0,s,13,1,0,s,1,2,0,17,s,s,6,0,d,0
I220,0,0,7,1,0,0,13,0,4,0,4,0,0,0,0,s,13,1,0,s,1,0,0,17,s,s,6,3,2,1
1582,0,0,7,d,4,0,13,0,4,0,4,0,0,0,0,s,13,d,0,s,1,0,0,17,s,s,6,3,2,1
1426,0,48,7,1,0,0,d,1,4,0,4,0,0,0,0,s,13,d,0,s,1,0,0,17,s,s,6,3,d,1
I223,0,0,7,1,0,0,0,0,4,0,0,0,0,0,0,s,13,1,0,s,1,0,0,17,s,s,6,0,s,0
I224,0,0,7,1,0,0,0,0,4,0,0,0,0,0,0,s,13,1,0,s,1,0,0,17,s,s,6,0,s,0
I225,0,0,7,1,0,6,0,0,4,0,0,0,0,0,0,s,13,1,0,s,1,0,9,17,s,s,6,0,s,0
I226,0,0,7,1,0,6,0,0,4,0,0,0,0,0,s,s,13,1,0,s,1,0,9,17,s,s,6,0,s,0
1549,0,d,7,s,0,6,11,0,4,1,d,d,0,d,s,s,13,1,0,s,1,0,9,d,s,s,6,6,s,0
I228,0,0,7,1,0,6,0,0,4,0,0,0,0,0,s,s,13,1,0,s,1,0,9,17,s,s,6,0,s,0
1595,d,d,7,1,0,6,d,0,d,d,d,0,0,0,s,s,d,1,0,s,d,0,9,17,s,s,6,d,s,0
1594,0,0,d,1,0,6,d,0,d,0,0,d,0,0,s,s,13,1,0,s,1,0,9,17,s,s,6,0,s,d
I229,0,0,7,1,0,6,0,0,4,0,0,0,0,0,0,s,13,1,0,s,1,0,9,17,s,s,6,0,s,0
I230,20,47,7,1,0,6,0,0,4,0,0,0,0,0,10,s,13,1,4,s,1,0,9,17,s,s,6,0,s,0
1833,20,d,7,d,0,d,0,0,4,0,0,0,d,0,10,s,13,1,d,s,1,0,9,17,s,s,6,0,s,0
1832,20,47,7,d,4,6,1,0,4,0,0,0,0,0,10,s,13,1,4,s,1,0,9,17,s,s,6,0,s,0
1661,5,0,7,1,0,6,0,0,4,0,0,0,0,0,0,s,13,1,0,s,1,0,9,17,s,s,6,0,s,0
I233,0,0,7,1,0,0,0,0,4,0,0,0,0,0,0,s,13,1,0,s,1,11,0,17,s,s,6,0,s,0
I234,0,0,s,1,1,0,0,0,4,0,0,0,0,0,0,s,13,1,0,s,1,11,0,17,s,s,6,0,s,0
1487,d,0,s,1,1,0,d,0,4,0,0,d,0,19,0,s,13,1,0,s,d,11,d,d,s,s,6,0,s,0
1486,0,0,s,1,1,0,0,0,d,0,d,0,0,0,2,s,13,1,0,s,d,d,0,17,s,s,6,0,s,0
I235,0,0,7,1,0,0,0,0,4,0,0,0,0,0,0,s,13,1,0,s,1,11,0,17,s,s,6,0,s,0
1563,0,0,7,1,0,0,0,0,4,d,0,d,0,0,0,s,d,1,0,s,1,11,0,17,s,s,6,0,s,0
1562,0,0,7,1,0,0,0,0,4,0,0,0,0,0,0,s,d,1,0,s,d,11,0,17,s,s,d,0,s,0
I239,s,0,7,1,0,0,0,0,4,0,0,0,1,0,0,s,13,1,4,s,1,0,0,17,s,s,6,0,s,0
I240,s,0,7,1,0,0,0,0,4,0,0,0,1,0,0,s,13,1,4,s,1,0,0,17,s,s,6,0,s,7
I241,s,0,7,1,0,0,0,0,4,0,0,0,1,0,0,s,13,1,4,s,1,0,0,17,s,s,6,0,s,7
I242,s,0,7,1,0,0,0,0,4,0,0,0,1,0,0,s,13,1,4,s,1,0,0,17,s,s,6,0,s,7
1951,s,0,7,1,0,0,0,0,d,0,d,d,1,0,0,s,13,1,4,s,1,d,0,d,s,s,6,0,s,7
1950,s,0,d,1,0,0,0,0,4,0,0,d,1,0,0,s,13,1,4,s,1,d,0,17,s,s,6,0,s,d
1797,s,d,d,d,0,0,0,0,4,0,0,0,1,0,0,s,d,1,4,s,1,0,0,17,s,s,6,0,s,7
I245,s,0,7,1,0,17,0,0,4,0,0,8,1,0,0,s,13,1,4,s,1,0,0,17,s,s,6,12,s,7
2033,s,0,7,1,0,d,0,0,4,0,0,8,1,0,0,s,13,1,4,s,1,0,0,17,s,s,6,d,s,7
2032,s,0,d,1,0,17,0,d,4,0,0,8,1,0,0,s,13,1,4,s,1,0,0,17,s,s,6,12,s,7
I246,s,0,7,1,0,0,13,0,4,0,0,0,1,0,0,s,13,1,4,s,1,0,0,17,s,s,6,4,s,0
1050,s,0,d,d,1,27,13,0,4,0,0,8,d,0,0,s,13,d,d,s,1,0,4,17,s,s,6,4,s,0
I249,s,0,7,1,1,0,13,0,4,0,4,8,1,0,0,s,13,1,4,s,1,0,4,17,s,s,6,4,s,0
1996,s,d,7,1,1,0,13,0,4,0,4,d,1,0,0,s,d,1,4,s,1,0,4,17,s,s,6,4,s,0
1030,s,0,7,1,1,0,13,d,4,2,4,d,1,d,0,s,13,d,4,s,1,0,4,17,s,s,d,4,s,0
I251,0,0,s,0,0,0,0,0,0,0,0,0,0,0,0,0,0,0,0,0,0,0,0,0,s,17,0,0,0,0
I252,0,0,s,0,0,0,0,0,0,0,0,0,0,0,0,0,0,0,0,0,0,0,0,0,s,17,0,0,0,0
I253,0,2,s,2,0,0,0,0,0,0,0,0,0,0,0,9,0,0,0,0,1,0,0,0,s,17,3,0,0,0
I254,0,2,s,2,0,4,0,0,0,0,0,0,0,6,0,9,0,0,0,0,1,0,0,0,s,17,3,11,0,0
I255,0,2,s,2,0,4,0,0,0,0,0,0,0,6,0,9,0,0,0,0,1,0,0,0,s,17,3,11,0,0
I256,0,2,s,2,0,4,0,0,0,0,0,0,0,6,0,9,0,0,0,0,1,0,0,0,s,17,3,11,0,0
I257,0,2,s,2,0,4,0,0,0,0,0,0,0,6,0,9,0,0,0,0,1,0,0,0,s,17,3,11,0,0
1223,3,2,s,d,0,d,0,0,0,0,0,0,0,6,0,9,0,0,0,0,1,d,d,0,s,17,3,11,0,0
1379,2,2,s,2,d,s,0,0,3,0,0,d,0,6,0,9,d,0,0,0,d,0,0,d,s,17,3,11,d,0
I260,0,2,s,2,0,4,0,0,0,0,4,0,0,6,0,9,0,0,0,0,1,0,0,0,s,17,3,11,0,0
1068,0,2,s,2,0,4,0,0,0,0,4,8,0,s,0,9,0,0,0,22,1,0,d,0,s,s,d,11,0,0
1358,29,2,s,2,0,4,0,s,d,1,4,d,d,6,0,9,0,0,0,0,d,0,0,0,s,d,3,11,0,1
I263,0,2,s,2,0,4,0,0,0,0,0,0,0,6,0,9,33,1,0,0,1,0,0,0,s,17,3,11,0,0
I266,0,2,s,2,0,4,0,s,0,1,0,0,0,6,0,9,33,1,3,0,1,0,0,0,s,s,3,11,0,0
1255,0,2,s,2,d,4,0,s,d,1,4,d,37,6,d,9,33,1,3,0,1,0,0,0,s,s,3,11,0,0
1254,30,2,s,2,0,4,0,s,0,1,0,0,0,6,0,9,33,1,3,0,1,0,0,0,s,s,3,11,0,d
1055,0,s,s,2,d,4,0,d,0,d,0,0,0,6,0,d,33,1,0,3,1,0,0,d,s,17,3,11,0,0
I270,0,2,s,2,4,4,0,0,4,0,0,0,0,6,0,9,0,0,0,0,1,0,0,0,s,17,3,11,0,0
I271,0,2,s,2,4,4,0,0,4,0,0,0,0,6,0,9,0,0,0,2,1,0,0,0,s,17,3,11,0,0
I272,0,2,s,2,4,4,0,0,4,0,0,0,0,6,0,9,0,0,0,2,1,0,0,0,s,17,3,11,0,0
1005,0,2,s,2,4,4,0,1,4,0,0,0,0,6,1,d,0,0,0,2,1,0,0,42,s,17,3,11,0,0
1908,0,2,s,2,4,4,0,0,d,0,0,0,0,6,d,9,0,0,0,s,1,0,0,0,s,d,3,11,2,s
I277,30,2,s,2,4,4,0,0,4,0,0,0,0,6,0,9,0,0,0,2,1,0,0,0,s,17,3,11,0,0
1072,d,2,s,d,4,4,0,d,4,0,0,0,0,6,0,d,d,0,d,2,1,0,0,0,s,d,3,11,0,0
1187,30,2,s,d,4,4,0,0,4,0,0,d,0,6,0,9,0,0,0,2,d,0,33,0,s,d,3,11,0,0
I280,0,2,s,2,4,4,0,0,4,0,0,0,0,6,0,9,0,s,0,0,1,0,0,0,s,17,3,11,0,0
I281,0,2,s,2,4,4,0,0,4,2,0,0,0,6,0,9,0,s,0,0,1,0,0,0,s,17,3,11,s,0
1318,0,2,s,d,4,4,0,0,d,2,d,d,0,6,d,9,0,s,3,0,1,0,0,30,s,d,3,d,s,0
1180,0,2,s,s,4,4,0,0,d,2,0,0,0,6,0,9,0,s,d,0,1,0,0,0,s,d,3,11,s,d
I284,0,2,s,2,4,4,0,s,4,0,0,0,0,6,0,s,0,s,0,20,1,0,0,0,s,17,3,11,0,0
1773,0,2,s,2,4,d,0,s,4,0,4,0,d,6,2,s,0,s,0,d,1,0,0,0,s,17,3,11,2,0
I286,0,2,s,2,4,4,0,s,4,0,0,0,0,6,0,s,0,s,0,20,1,0,0,0,s,17,3,11,0,0
1475,0,2,s,2,4,4,0,s,4,d,0,0,0,6,0,s,d,s,2,d,1,0,0,0,s,17,d,d,0,d
1474,17,2,s,2,4,4,0,s,4,0,s,0,0,6,0,s,0,s,0,20,1,d,d,0,s,17,3,11,0,0
I287,0,2,s,2,0,0,0,0,0,0,0,0,0,0,0,9,0,0,0,0,1,0,0,4,s,17,3,2,0,0
I288,0,2,s,2,0,0,0,1,0,1,0,0,0,0,11,9,0,0,0,0,1,0,0,4,s,17,3,2,0,0
I289,0,2,s,2,0,0,15,1,0,1,4,0,0,0,11,9,0,0,0,0,1,16,0,4,s,17,3,2,0,0
I290,0,2,s,2,1,0,15,1,0,1,4,0,0,0,11,9,0,0,0,0,1,16,0,4,s,17,3,2,0,0
I291,0,2,s,2,1,35,15,1,0,1,4,0,0,0,11,9,0,0,0,0,s,16,0,4,s,17,3,2,0,0
1145,0,2,s,2,1,d,15,1,0,1,4,0,0,6,11,d,0,0,0,0,s,16,4,4,s,17,3,2,0,0
1144,0,d,s,2,1,35,15,1,0,1,d,0,0,d,11,9,0,0,0,0,s,16,0,4,s,17,d,2,4,0
I292,0,2,s,2,1,0,15,1,0,1,4,8,0,0,11,9,0,0,4,0,1,16,0,4,s,17,3,2,2,0
1489,d,2,s,2,1,0,d,1,0,1,d,8,0,0,d,d,0,d,4,0,d,d,0,4,s,17,3,2,2,d
1488,d,2,s,2,1,0,15,1,0,d,4,8,0,0,11,9,0,0,4,0,1,16,d,4,s,17,3,2,2,0
1416,0,2,s,2,0,0,15,d,0,1,4,0,d,0,11,9,0,0,0,0,1,16,0,4,s,17,3,2,0,0
I296,0,2,s,2,0,0,0,1,0,1,0,0,0,0,11,9,0,0,0,0,1,0,5,4,s,17,3,2,0,1
I299,0,2,s,2,0,33,0,1,0,1,0,0,0,25,11,9,0,0,2,0,1,0,5,4,s,17,3,2,0,1
1147,0,d,s,d,1,33,0,d,0,d,0,0,0,25,11,9,d,d,2,d,1,0,5,4,s,17,3,d,d,1
1146,0,2,s,2,0,33,0,1,0,1,0,d,0,s,11,9,0,0,d,0,1,0,5,4,s,d,d,2,0,1
I300,0,2,s,2,0,0,0,1,0,1,0,0,0,8,11,9,0,0,0,0,1,5,5,4,s,17,3,2,0,1
1492,3,2,s,d,0,0,0,1,0,1,0,s,0,8,11,9,0,0,0,0,1,d,d,d,s,17,3,2,0,d
I302,2,2,s,2,0,0,0,1,0,1,0,8,0,8,11,9,0,0,0,0,1,5,5,4,s,17,3,2,0,1
1239,2,2,s,2,0,0,0,1,0,1,0,8,12,8,11,d,0,0,0,0,1,5,5,4,s,17,3,2,8,1
1238,2,2,s,d,1,d,d,1,d,1,0,8,0,d,11,9,d,0,4,0,1,5,5,4,s,17,3,2,d,1
I303,0,2,s,2,0,0,0,0,0,0,0,0,0,0,0,9,0,0,0,0,1,0,0,4,s,17,3,2,0,0
I304,0,2,s,2,0,33,0,0,2,0,0,8,0,0,0,9,0,1,0,0,1,0,0,4,s,17,3,2,0,0
1807,0,d,s,2,0,33,5,0,2,0,0,s,0,0,d,9,0,1,0,d,1,9,0,4,s,17,3,2,4,0
1841,33,d,s,d,4,33,26,0,2,0,0,8,0,0,0,9,0,1,0,20,1,d,0,4,s,17,d,2,s,0
I310,0,2,s,2,0,0,0,0,0,0,0,0,0,0,0,9,7,0,0,0,1,0,0,4,s,17,3,2,0,0
I311,0,2,s,2,0,0,0,0,0,0,4,0,0,0,0,9,7,0,0,0,1,0,0,4,s,17,3,2,0,0
1745,d,2,s,2,0,0,0,0,0,0,4,d,0,0,0,9,7,0,0,0,1,0,0,4,s,17,3,2,0,0
1369,0,2,s,2,0,0,d,0,0,0,4,0,0,0,0,9,d,0,0,0,1,0,d,4,s,d,3,2,d,0
I315,0,2,s,2,0,7,0,s,0,0,4,0,0,0,0,9,7,0,0,s,1,11,0,4,s,17,3,2,0,0
1783,0,2,s,2,d,d,d,s,0,0,4,0,0,0,0,9,7,0,0,s,1,11,0,4,s,d,3,d,0,0
1782,0,2,s,2,d,7,0,s,s,0,d,0,0,0,0,9,7,d,0,s,1,11,0,4,s,17,3,2,0,0
I317,26,0,s,0,1,0,0,1,0,1,0,0,0,0,0,0,0,0,0,0,0,0,0,0,s,17,0,0,0,s
I318,26,0,s,0,1,0,0,1,0,1,0,0,0,0,0,0,0,0,0,0,0,0,0,0,s,17,0,0,0,s
I319,26,0,s,0,1,0,0,1,0,1,0,0,0,0,0,0,0,0,0,0,0,0,0,0,s,17,0,0,0,s
I320,26,0,s,0,1,25,0,1,0,1,0,0,0,0,0,0,0,0,0,0,0,0,0,0,s,17,0,0,0,s
I323,s,0,s,0,1,25,0,1,0,1,0,0,0,0,14,0,0,0,0,0,0,11,0,0,s,17,0,0,0,s
1375,s,d,s,0,1,25,0,1,4,1,0,0,24,0,14,0,0,0,0,0,d,11,0,0,s,17,0,0,0,s
1374,s,0,s,0,1,25,0,1,0,1,0,0,0,0,14,0,0,0,0,0,0,d,d,0,s,17,0,d,0,s
I324,26,52,s,0,s,25,0,1,0,1,0,0,0,0,0,5,0,0,0,0,0,0,0,0,s,17,26,0,0,s
1455,26,d,s,0,s,25,0,1,0,1,0,0,0,0,0,5,0,0,0,2,0,0,0,0,s,17,26,0,0,s
I326,26,52,s,0,s,25,0,1,0,1,0,0,0,0,0,5,0,0,0,0,0,0,0,0,s,17,26,0,0,s
1429,26,52,s,0,s,25,0,d,0,1,0,0,d,0,0,5,0,d,0,d,0,0,0,0,s,d,26,0,d,s
1428,26,52,s,0,s,25,0,1,0,1,5,0,0,0,0,5,0,0,0,d,0,0,0,0,s,17,26,0,0,s
I327,26,0,s,0,1,0,0,1,0,1,0,0,0,0,0,14,0,0,0,0,0,0,0,0,s,17,0,0,0,s
I328,26,0,s,0,1,0,0,1,0,1,0,8,0,0,0,14,0,0,0,0,0,0,0,0,s,17,0,0,0,s
I329,26,0,s,0,1,0,0,1,0,1,0,8,12,27,0,14,33,0,0,0,0,7,0,0,s,17,0,0,0,s
1129,26,d,s,0,1,7,7,1,4,1,0,8,12,27,0,14,d,1,d,d,0,7,0,0,s,17,0,0,d,s
1128,26,0,s,0,1,d,0,1,0,1,0,s,12,d,0,14,33,0,2,0,0,7,0,0,s,17,0,0,0,s
1292,d,30,s,0,1,d,0,1,0,d,0,8,0,1,0,14,0,0,0,0,0,0,0,d,s,17,d,0,d,s
I331,26,0,s,0,1,0,0,1,0,1,0,0,0,0,0,14,18,0,0,0,0,0,0,0,s,17,0,0,0,s
1141,26,d,s,0,1,0,0,d,d,1,0,d,0,0,0,14,18,0,0,d,0,0,0,d,s,17,0,0,2,s
1538,26,2,s,0,1,0,0,1,0,1,0,0,0,0,11,d,18,0,4,0,0,0,d,0,s,17,0,s,0,s
I334,26,0,s,0,1,0,0,1,0,1,0,8,0,2,0,0,0,0,0,0,0,0,0,0,s,17,0,0,0,s
I335,26,0,s,0,1,0,0,1,0,1,0,8,0,2,0,0,0,0,0,0,0,0,0,0,s,17,0,0,0,s
1897,26,0,s,0,1,d,0,1,0,d,d,8,0,2,22,0,0,d,0,0,0,0,0,0,s,17,6,0,0,s
I339,26,0,s,0,1,0,0,1,0,1,0,8,0,2,0,0,0,0,0,0,0,16,0,0,s,17,0,0,0,s
I340,26,0,s,0,1,0,0,1,0,1,0,8,0,2,0,0,0,0,0,0,0,16,0,31,s,17,0,0,0,s
1665,26,0,s,0,1,0,0,1,0,1,0,8,0,d,0,d,d,0,0,0,0,16,0,31,s,17,d,0,0,s
1664,26,d,s,0,1,0,0,1,d,d,0,8,0,2,0,0,0,0,0,0,d,16,d,31,s,17,d,0,0,s
1899,26,d,s,0,1,d,d,1,0,d,0,8,0,2,d,0,0,d,0,2,0,16,29,0,s,17,0,20,0,s
I343,26,0,s,0,1,0,0,1,0,1,0,8,17,2,0,0,0,0,3,20,0,5,0,0,s,17,0,0,4,s
1735,26,0,s,0,1,0,d,d,0,1,4,8,17,2,0,d,0,d,3,20,1,5,0,0,s,17,0,0,4,s
1695,26,0,s,0,1,0,29,1,0,1,0,8,17,d,0,13,s,0,3,20,d,5,0,0,s,17,0,0,4,s
I349,26,0,s,0,1,15,0,1,0,1,0,0,0,0,0,0,10,0,0,0,0,3,0,0,s,17,0,0,0,s
I350,26,8,s,0,1,15,0,1,0,1,0,0,0,0,0,0,10,1,0,0,0,3,0,0,s,17,0,0,0,s
1685,d,d,s,0,1,d,0,1,0,1,4,8,0,8,0,0,10,1,0,0,s,3,0,s,s,17,0,0,2,s
I358,26,8,s,0,1,15,0,1,0,1,0,0,0,0,0,0,10,1,0,0,0,3,0,0,s,17,29,0,0,s
I359,26,8,s,0,1,15,0,1,2,1,4,0,0,0,12,0,10,1,0,0,1,3,0,0,s,17,29,0,0,s
I360,26,8,s,0,s,15,0,1,2,1,4,0,0,0,12,0,10,1,0,0,1,s,0,0,s,17,29,0,0,s
1167,26,8,s,d,s,15,0,d,2,d,d,0,0,0,12,0,10,1,d,0,1,s,0,0,s,17,29,0,0,s
1166,26,8,s,0,s,15,0,1,2,1,4,0,0,d,d,0,10,1,0,0,1,s,d,0,s,d,29,0,0,s
I361,26,8,s,0,1,15,0,1,2,1,4,0,0,0,12,0,10,1,0,0,1,3,0,0,s,17,29,0,0,s
1137,26,8,s,0,1,15,0,1,2,1,4,0,0,0,12,0,10,1,0,0,1,3,0,0,s,17,29,0,0,s
1136,26,d,s,0,1,15,0,1,2,1,4,0,0,0,12,0,10,1,0,0,1,3,d,0,s,17,29,0,d,s
I362,26,8,s,0,1,15,0,1,s,1,0,0,6,0,0,0,10,1,0,9,0,3,0,0,s,17,29,0,0,s
1219,26,8,s,0,1,15,0,1,s,1,0,0,d,0,0,0,10,1,0,9,0,3,0,d,s,17,29,0,0,s
1246,26,8,s,0,d,d,0,1,s,s,0,0,6,0,d,0,10,1,0,9,0,3,0,0,s,17,29,0,d,s
I365,26,0,s,0,1,15,0,1,0,1,0,10,0,0,0,0,10,0,0,s,0,3,0,0,s,17,0,0,0,s
I366,26,0,s,2,1,15,0,1,0,1,0,10,0,0,0,0,10,0,0,s,0,3,0,0,s,17,0,0,2,s
I367,26,0,s,2,1,15,0,1,0,1,3,10,0,0,0,0,10,0,0,s,1,3,0,0,s,17,0,0,2,s
I368,26,0,s,2,1,s,0,1,0,1,3,10,0,0,0,0,10,0,0,s,s,3,0,0,s,17,0,0,2,s
1651,26,0,s,2,1,s,0,1,d,1,3,10,0,0,0,0,10,0,0,s,s,3,0,0,s,17,0,0,2,s
1650,26,0,s,2,d,s,0,1,0,1,3,d,0,0,0,0,d,0,0,s,s,3,0,d,s,17,0,0,2,s
1525,26,0,s,2,1,15,0,1,0,1,3,10,0,0,0,0,d,0,0,s,1,3,0,18,s,17,0,0,2,s
1444,26,0,s,2,s,15,7,1,0,1,0,10,0,0,0,0,10,0,0,s,0,3,0,0,s,17,0,0,2,s
I373,26,0,s,0,1,15,0,1,0,1,0,10,0,0,0,0,10,0,0,s,0,3,33,0,s,17,0,0,0,s
1347,26,0,s,d,1,15,0,1,0,s,d,10,0,d,0,0,10,0,0,s,0,3,33,0,s,17,0,0,2,s
I377,26,0,s,0,1,15,11,1,0,1,0,10,0,0,0,0,10,0,0,s,0,3,33,0,s,17,0,0,0,s
1391,26,0,s,0,d,15,11,1,0,1,d,10,0,0,0,0,10,0,2,s,0,3,33,0,s,s,23,d,0,s
1077,26,0,s,2,1,15,11,1,0,1,0,10,0,0,12,d,10,0,0,s,0,3,d,0,s,17,0,0,d,s
I380,0,48,s,0,0,0,0,0,0,0,0,0,42,0,14,10,0,0,0,0,0,11,0,0,s,17,0,15,2,0
I381,0,48,s,0,0,25,0,0,0,0,0,s,42,0,14,10,12,0,0,0,0,11,0,0,s,17,0,15,2,1
I382,0,48,s,0,0,25,0,0,0,0,0,s,42,0,14,10,12,0,0,0,0,11,0,0,s,17,0,15,2,1
I383,0,48,s,0,0,25,0,0,0,0,0,s,42,0,14,10,12,0,0,0,0,11,0,0,s,17,0,15,2,1
I384,0,48,s,0,0,25,0,0,0,0,0,s,42,0,14,10,12,0,0,0,0,11,0,20,s,17,33,15,2,1
I387,0,48,s,0,0,25,0,0,0,0,0,s,s,0,14,10,12,0,0,9,0,11,0,20,s,17,33,15,2,1
1567,0,d,s,0,0,25,0,0,0,0,d,s,s,0,d,10,12,0,0,9,0,11,0,20,s,17,d,d,d,1
1566,0,48,s,d,d,25,0,1,d,0,0,s,s,d,14,10,d,0,0,d,0,11,d,20,s,d,33,15,2,1
I388,0,48,s,0,0,25,0,0,0,0,4,s,42,0,14,10,12,1,0,0,0,11,0,20,s,17,33,15,2,1
1791,0,48,s,0,0,25,d,0,0,0,4,s,42,0,14,d,12,1,0,0,0,11,0,20,s,17,33,15,2,1
1698,d,48,s,0,0,25,0,0,0,0,4,s,42,0,14,10,12,1,d,0,0,11,0,20,s,17,33,15,2,1
I391,0,48,s,0,0,25,0,0,0,0,0,s,42,0,14,10,12,0,0,0,0,11,0,0,s,17,0,15,2,1
I394,0,48,s,0,0,25,0,0,0,0,0,s,42,0,14,10,12,0,0,0,0,11,s,0,s,17,0,15,2,1
1741,0,48,s,0,0,25,d,0,d,1,0,s,42,0,d,10,12,0,0,0,d,d,s,0,s,17,0,15,2,d
1740,0,48,s,0,0,d,0,0,0,d,0,s,42,0,14,10,12,0,0,0,0,11,s,0,s,17,d,15,d,1
I395,0,48,s,2,1,25,0,0,3,0,0,s,42,0,14,10,12,0,0,0,0,11,3,0,s,17,33,15,2,1
1593,d,d,s,2,1,s,d,d,3,0,0,s,42,0,14,10,12,d,0,0,0,11,3,0,s,17,33,15,2,1
1710,0,d,s,2,1,d,0,0,3,1,0,s,42,0,14,10,12,1,0,0,0,11,3,0,s,17,33,15,2,d
I398,0,48,s,0,s,25,0,0,0,0,0,s,42,14,14,10,12,0,0,0,0,11,s,0,s,17,0,15,2,1
I399,0,48,s,0,s,25,1,1,0,0,4,s,42,14,14,10,12,0,0,0,0,11,s,0,s,17,13,15,2,1
I400,0,48,s,0,s,25,s,1,0,0,4,s,42,14,14,10,12,0,0,13,1,11,s,0,s,17,13,15,2,1
I401,0,48,s,0,s,25,s,1,0,0,4,s,42,14,14,10,12,0,0,13,1,11,s,0,s,17,13,15,2,1
1933,0,48,s,0,s,25,s,1,0,0,4,s,d,14,14,10,d,0,0,13,1,11,s,d,s,17,13,15,2,1
1932,0,48,s,0,s,25,s,1,0,0,4,s,42,14,14,10,d,0,0,13,1,11,s,0,s,17,13,15,2,1
1894,0,48,s,0,s,25,s,1,0,1,4,s,42,14,14,10,d,0,d,13,d,11,s,d,s,17,13,d,2,1
I403,0,48,s,0,s,25,1,1,1,0,4,s,42,14,14,10,12,0,0,0,0,11,s,0,s,17,13,15,2,1
1789,0,48,s,0,s,25,1,1,d,0,d,s,42,14,14,10,12,0,4,0,0,d,s,0,s,17,13,s,d,1
I405,0,48,s,2,s,25,1,1,1,0,4,s,42,14,14,10,12,0,0,40,0,11,s,0,s,17,13,15,2,1
1881,0,d,s,2,s,d,1,d,1,0,4,s,42,14,14,10,12,0,0,40,0,11,s,0,s,17,13,15,2,1
1880,0,48,s,2,s,25,1,1,1,0,d,s,42,14,14,10,12,0,0,40,d,11,s,0,s,17,d,15,2,1
I407,0,48,s,0,s,25,0,0,2,0,4,s,42,14,14,10,12,0,1,0,0,11,s,0,s,17,0,15,2,1
1688,0,48,s,s,s,25,25,0,2,0,4,s,42,14,14,10,12,0,1,0,0,11,s,0,s,17,d,d,2,1
I409,0,48,s,2,s,25,2,0,2,1,4,s,42,14,14,10,12,0,1,0,0,11,s,0,s,17,0,15,2,1
1901,d,48,s,2,s,d,2,0,2,1,4,s,42,14,14,10,12,d,d,0,0,11,s,0,s,17,d,15,2,1
1900,0,48,s,2,s,25,2,d,2,1,4,s,42,14,14,10,12,0,1,d,0,11,s,0,s,17,0,15,2,1
I413,0,48,s,0,0,25,0,0,0,0,0,s,42,0,14,10,12,0,0,0,1,11,0,0,s,17,0,15,2,1
I414,0,48,s,2,0,25,0,0,0,0,0,s,42,0,14,10,12,0,0,0,1,11,0,0,s,17,0,15,2,1
I415,0,48,s,2,0,25,0,2,0,0,0,s,42,0,14,10,12,1,0,0,1,11,0,0,s,17,0,15,2,1
I416,0,48,s,2,0,25,0,2,0,0,0,s,42,0,14,10,12,1,0,0,1,11,0,0,s,17,25,15,2,1
1331,0,48,s,2,0,25,0,2,0,0,4,s,d,0,14,d,12,1,0,0,1,11,4,s,s,d,25,15,2,1
I418,0,48,s,2,0,25,0,2,0,0,0,s,42,0,14,10,12,1,0,0,1,s,0,0,s,17,25,15,2,1
1415,3,48,s,2,0,d,2,2,0,0,0,s,42,0,14,10,12,1,0,0,1,s,0,0,s,d,25,15,2,1
1414,0,48,s,2,0,d,0,2,0,d,4,s,42,0,d,10,d,1,0,0,1,s,0,0,s,17,d,15,2,1
I420,20,48,s,2,0,25,0,2,2,0,0,s,42,27,14,10,12,1,0,0,1,11,0,0,s,17,0,15,2,1
1291,20,d,s,2,d,25,0,2,2,0,0,s,42,27,14,10,12,d,0,0,1,11,d,d,s,d,0,15,2,d
1290,20,48,s,2,0,25,0,2,2,d,0,s,42,27,14,10,12,1,0,0,1,d,0,0,s,17,0,15,d,1
I422,3,48,s,2,0,25,0,0,0,0,0,s,42,0,14,10,12,0,0,0,1,11,0,0,s,17,0,15,2,1
I423,3,48,s,2,0,25,29,0,0,0,0,s,42,0,14,10,12,0,0,0,1,11,0,0,s,17,0,15,2,1
I424,3,48,s,2,0,25,29,0,0,0,0,s,42,0,14,10,12,1,0,0,1,11,0,0,s,17,0,15,2,1
1451,3,48,s,2,d,25,d,0,0,0,0,s,42,0,14,10,12,1,0,d,1,11,0,d,s,17,0,15,2,1
1450,3,48,s,2,0,25,29,0,0,0,0,s,42,d,14,10,d,1,0,0,1,11,0,0,s,17,0,15,2,1
1208,d,48,s,2,0,25,29,1,0,d,4,s,42,0,14,10,12,d,4,0,d,11,15,0,s,17,0,15,2,1
1157,3,48,s,2,0,25,0,0,0,0,4,s,42,d,14,d,12,0,2,37,1,11,24,0,s,17,0,15,2,1
I429,0,48,s,2,0,25,0,0,0,0,0,s,42,0,14,10,12,0,0,0,1,11,0,7,s,17,0,15,2,1
I430,0,48,s,2,0,25,0,0,0,0,0,s,42,0,14,10,12,0,0,0,1,11,0,7,s,17,0,15,2,1
I431,0,48,s,2,0,25,0,0,0,0,0,s,42,0,14,10,12,0,0,0,1,11,17,7,s,17,8,15,2,1
1408,d,48,s,2,0,25,0,0,s,0,0,s,42,0,14,10,12,0,0,d,1,11,17,7,s,17,8,15,2,1
1690,0,48,s,d,0,25,0,2,0,0,0,s,42,0,14,10,12,0,0,0,1,11,d,7,s,17,8,15,2,1
I434,0,48,s,2,0,25,0,1,0,0,0,s,42,0,14,10,12,0,0,0,1,11,0,7,s,17,0,15,2,1
I435,0,48,s,2,0,25,0,1,0,0,0,s,42,0,14,10,12,0,0,0,1,11,0,7,s,17,0,15,2,1
1663,0,48,s,2,0,25,0,1,0,0,0,s,42,0,14,10,12,0,0,0,1,11,0,7,s,d,0,15,2,d
1662,d,48,s,d,0,25,0,1,4,0,0,s,42,0,14,10,d,d,0,0,1,11,0,7,s,17,0,d,d,1
I436,0,48,s,2,0,25,0,1,0,0,0,s,42,0,14,10,12,0,0,0,1,11,0,7,s,17,0,15,2,1
1585,0,48,s,2,0,25,0,1,d,0,0,s,42,0,14,10,12,0,d,0,1,11,0,7,s,17,0,d,d,1
1584,0,48,s,2,0,25,d,1,0,d,0,s,42,d,14,10,12,0,0,0,1,d,0,7,s,17,0,15,2,1
I437,0,48,s,2,0,25,1,s,0,0,0,s,42,0,14,10,12,0,0,0,1,11,0,7,s,17,0,15,2,1
1602,0,s,s,2,0,25,1,s,d,1,0,s,42,0,14,10,12,0,0,3,1,11,d,7,s,17,0,15,d,s
I442,0,48,s,2,1,25,1,s,0,0,4,s,42,0,14,s,12,0,4,0,s,11,0,7,s,17,0,15,2,1
1975,0,48,s,d,1,25,1,s,0,0,d,s,42,0,14,s,12,0,4,0,s,d,0,d,s,17,d,15,2,1
1974,d,48,s,2,1,25,1,s,0,0,4,s,42,0,14,s,12,0,4,0,s,11,0,7,s,17,d,15,2,1
I444,0,48,s,0,0,0,0,0,0,0,0,0,42,0,14,10,0,0,0,0,0,11,0,0,s,17,s,15,2,1
I445,0,48,s,0,0,0,0,0,0,0,0,0,42,0,14,10,0,0,0,0,0,11,0,37,s,17,s,15,2,1
I446,0,48,s,0,0,0,0,0,0,0,0,0,42,0,14,10,0,1,4,0,0,11,0,37,s,17,s,15,2,1
I447,0,48,s,0,0,0,0,0,0,0,0,0,42,0,14,10,0,1,4,0,0,11,0,37,s,17,s,15,2,1
I448,0,48,s,0,0,0,0,0,0,s,0,0,42,0,14,10,0,1,4,0,0,11,0,37,s,17,s,15,2,1
I449,0,48,s,0,1,0,0,0,s,s,0,0,42,7,14,10,0,1,4,0,0,11,0,37,s,17,s,15,2,1
1481,d,48,s,0,1,0,0,0,s,s,0,0,42,d,14,10,27,1,4,0,0,11,0,37,s,17,s,15,2,1
1480,0,48,s,0,1,d,d,d,s,s,0,0,42,7,14,10,0,1,4,0,0,11,0,37,s,17,s,15,2,1
1272,0,48,s,0,2,0,0,d,s,s,0,0,42,0,d,10,0,1,4,0,0,11,0,37,s,17,s,15,2,1
I451,0,48,s,0,0,0,0,0,0,0,0,0,42,0,14,10,0,1,4,1,0,11,0,37,s,17,s,15,2,1
1142,0,48,s,0,1,25,0,0,d,d,0,0,42,d,d,10,0,1,4,d,0,11,0,37,s,17,s,d,2,1
1152,0,48,s,0,0,d,0,0,0,0,4,0,42,0,14,d,d,1,4,d,0,11,0,37,s,17,s,15,2,1
I454,0,48,s,2,0,0,0,1,0,0,0,0,42,0,14,10,19,1,4,0,0,11,0,37,s,17,s,15,2,1
I455,0,48,s,2,0,0,0,1,0,1,4,0,42,0,14,10,19,1,s,0,0,11,0,37,s,17,s,15,2,1
1907,0,48,s,2,0,d,d,1,0,1,4,0,42,0,14,10,19,1,s,d,0,11,4,37,s,d,s,d,d,1
1821,d,48,s,2,0,0,0,1,2,1,4,0,42,0,s,10,19,1,s,0,d,11,0,37,s,17,s,d,s,1
I460,0,48,s,2,0,0,0,1,0,0,0,0,42,0,14,10,19,1,4,0,0,11,40,37,s,17,s,15,2,1
1875,0,48,s,2,0,0,0,1,0,d,0,d,42,11,14,10,19,1,4,0,0,11,40,37,s,17,s,15,2,1
1874,d,48,s,2,0,0,0,1,0,0,d,d,d,0,14,10,19,1,4,0,0,11,40,37,s,d,s,d,2,1
I461,0,48,s,s,0,17,0,0,0,0,0,0,42,0,14,10,0,0,4,0,0,11,0,37,s,17,s,15,2,1
I462,0,48,s,s,0,17,0,0,0,0,0,0,42,0,14,10,0,0,4,12,0,s,0,37,s,17,s,15,2,1
I463,26,48,s,s,0,17,0,0,0,0,0,0,42,21,14,10,0,0,4,12,0,s,0,37,s,17,s,15,2,1
I464,26,48,s,s,0,17,0,0,0,0,0,0,42,21,14,10,0,0,4,12,0,s,0,37,s,17,s,15,2,1
1467,26,48,s,s,0,d,0,0,0,0,0,0,42,21,14,10,0,0,4,d,0,s,0,37,s,17,s,d,2,d
1466,26,48,s,s,0,17,0,0,3,d,0,8,42,d,14,10,0,0,4,d,d,s,3,37,s,d,s,15,2,1
I465,26,48,s,s,0,17,0,0,4,0,0,0,42,21,14,10,0,0,4,12,0,s,0,37,s,17,s,15,2,1
1565,26,48,s,s,0,17,0,0,4,0,0,0,42,21,14,10,d,0,4,12,0,s,0,37,s,17,s,15,2,1
1564,26,48,s,s,0,17,0,0,4,0,0,0,42,21,14,10,0,0,4,12,0,s,d,37,s,17,s,d,2,1
I466,2,48,s,s,0,17,0,0,4,0,0,0,42,0,14,10,0,0,4,12,0,s,0,37,s,17,s,15,2,1
1890,2,48,s,s,0,17,d,d,4,d,0,0,42,0,14,d,0,0,4,12,d,s,16,d,s,17,s,15,2,1
1770,2,48,s,s,0,17,0,0,d,d,0,0,42,d,14,10,0,0,4,12,1,s,0,37,s,d,s,15,2,1
I469,0,48,s,s,1,17,0,0,0,2,0,0,42,0,14,10,0,0,4,25,0,11,0,37,s,17,s,15,2,1
I470,0,48,s,s,1,17,0,0,0,2,0,0,42,0,14,10,0,1,4,25,0,11,0,37,s,17,s,15,2,1
1653,0,48,s,s,1,17,0,0,2,2,0,d,42,0,d,10,0,1,4,25,0,11,0,37,s,d,s,15,2,1
1618,0,48,s,s,1,17,s,d,0,2,0,0,42,0,14,10,0,1,4,d,s,11,0,37,s,17,s,15,2,1
I473,0,48,s,s,1,17,0,0,0,2,0,0,42,0,14,10,0,0,4,25,0,11,0,37,s,17,s,15,2,1
1853,0,48,s,s,1,17,0,d,0,2,0,0,42,0,14,10,0,0,d,25,0,11,0,37,s,17,s,15,2,1
1914,0,48,s,s,1,17,0,0,0,2,0,0,42,0,14,10,d,d,4,25,0,11,d,37,s,d,s,15,2,1
I476,0,48,s,0,0,0,0,0,4,0,4,8,42,0,14,10,0,0,0,0,0,11,0,0,s,17,s,15,2,1
I477,0,48,s,0,0,0,0,0,4,0,4,8,42,0,14,10,0,0,0,0,0,11,s,0,s,17,s,15,2,1
I478,2,48,s,0,0,0,0,0,4,0,4,8,42,0,14,10,0,0,0,0,0,11,s,0,s,17,s,15,2,1
I479,2,48,s,0,0,0,0,0,4,0,4,8,42,0,14,10,0,0,0,0,0,11,s,0,s,17,s,s,2,1
1503,2,48,s,0,0,0,0,0,4,1,d,8,42,d,14,10,0,1,d,d,d,11,s,0,s,17,s,s,2,d
1609,2,48,s,0,1,0,0,1,d,0,4,8,42,0,14,d,0,d,0,0,0,11,s,0,s,17,s,s,2,1
1705,2,48,s,0,1,0,0,0,d,0,4,d,42,0,d,10,0,0,4,0,0,11,s,0,s,17,s,15,d,1
I485,0,48,s,0,0,0,0,0,4,0,4,8,42,0,14,10,0,0,0,0,0,11,s,0,s,17,s,15,2,1
I486,0,48,s,0,0,0,0,0,4,1,4,8,42,0,14,10,0,0,0,0,0,11,s,0,s,17,s,15,2,1
1809,0,48,s,d,0,0,0,0,4,1,4,8,42,0,14,10,33,0,0,0,0,d,s,0,s,17,s,15,2,1
1709,d,d,s,0,0,0,d,0,4,1,4,8,42,d,14,d,0,0,4,0,1,11,s,0,s,17,s,15,d,1
I489,0,48,s,0,0,0,0,0,4,2,4,8,42,0,14,10,0,0,0,0,0,11,s,0,s,17,s,15,2,1
1751,0,48,s,0,0,0,s,0,4,2,d,8,42,17,14,10,d,0,0,0,0,11,s,0,s,17,s,s,2,1
1969,0,48,s,0,0,0,0,1,4,2,4,d,42,0,14,10,0,d,0,d,0,11,s,0,s,17,s,15,2,d
I492,0,s,s,0,0,0,0,0,4,1,4,8,42,6,14,10,0,0,0,0,0,11,0,0,s,17,s,15,2,1
I493,0,s,s,2,0,0,6,0,4,1,4,8,42,6,14,10,0,0,0,0,0,11,0,0,s,17,s,15,2,1
1864,0,s,s,d,0,0,6,2,4,1,4,8,d,6,14,10,0,0,0,18,0,11,0,d,s,17,s,15,2,1
I497,0,s,s,2,0,0,6,0,4,1,4,8,42,6,14,10,0,0,0,0,0,11,0,0,s,17,s,15,2,1
1611,0,s,s,2,0,0,d,0,4,1,d,8,42,6,14,10,0,0,d,0,0,11,0,0,s,17,s,15,2,1
1478,0,s,s,2,0,0,6,0,4,1,4,8,42,6,s,10,0,0,0,18,0,11,0,0,s,17,s,15,2,1
I500,0,s,s,2,0,0,0,0,4,1,4,8,42,6,14,10,0,0,0,0,0,11,0,0,s,17,s,15,2,1
I503,17,s,s,2,0,0,0,0,4,1,4,8,42,6,14,10,0,0,0,0,0,11,0,0,s,17,s,15,2,1
2001,17,s,s,2,0,d,0,0,4,1,4,8,42,6,14,10,0,0,0,0,0,11,d,0,s,17,s,15,d,1
2000,17,s,s,2,0,0,0,0,4,1,4,d,42,6,d,10,0,0,0,0,0,d,0,d,s,17,s,15,2,1
I504,0,s,s,2,0,0,0,0,4,1,4,8,42,6,14,10,0,1,0,0,0,11,0,0,s,17,s,15,2,1
1658,0,s,s,2,1,0,0,0,4,d,d,8,42,6,14,d,0,1,0,0,d,d,0,0,s,17,s,d,2,1
I506,0,s,s,2,0,0,0,0,4,1,4,8,42,6,14,10,0,1,0,0,0,11,0,0,s,17,s,15,2,1
1905,0,s,s,d,0,0,d,0,4,d,d,8,42,6,14,10,0,1,0,0,d,11,0,0,s,17,s,15,d,d
1904,0,s,s,2,0,0,0,0,4,d,d,8,42,6,14,10,0,1,0,0,0,11,0,0,s,17,s,15,2,d
I507,0,0,0,0,0,0,0,0,0,0,0,0,0,0,0,0,0,0,4,0,0,0,0,0,0,17,0,0,2,0
I508,0,0,0,0,0,4,0,2,0,0,4,0,0,0,s,0,0,0,4,0,0,0,0,0,0,17,0,1,2,1
I509,0,0,0,0,0,4,0,2,0,1,4,0,0,6,s,0,0,1,4,0,0,0,29,0,0,17,s,1,2,1
I510,0,0,0,0,0,4,0,2,0,1,4,0,0,6,s,0,0,1,4,0,0,0,29,0,0,17,s,1,2,1
I511,0,0,0,0,0,4,0,2,3,1,4,0,0,6,s,0,22,s,4,0,0,9,29,0,0,17,s,1,2,1
I512,14,0,0,0,0,4,0,2,3,s,4,0,0,s,s,0,22,s,4,0,0,9,29,0,0,17,s,1,2,1
I513,14,0,0,0,0,4,0,2,3,s,4,0,0,s,s,0,22,s,4,0,0,9,29,0,0,17,s,1,2,1
1067,14,22,0,0,d,4,0,2,3,s,s,0,12,s,s,0,22,s,4,0,0,9,29,s,37,17,s,d,2,1
I517,14,0,0,0,0,4,0,2,3,s,4,8,0,s,s,0,22,s,4,0,0,9,29,0,0,17,s,1,2,1
I518,14,0,0,0,0,4,0,2,3,s,4,8,18,s,s,0,22,s,4,0,0,9,29,4,0,17,s,1,2,1
1091,14,0,0,0,0,4,0,2,3,s,4,8,d,s,s,0,d,s,4,0,0,9,29,4,0,d,s,1,2,1
1090,14,0,17,0,0,4,0,2,d,s,4,8,18,s,s,0,22,s,4,0,d,d,29,4,d,17,s,1,2,1
1107,14,0,s,0,0,4,0,2,3,s,4,8,14,s,s,0,d,s,d,0,0,9,29,0,0,17,s,1,2,1
I520,14,0,0,0,0,4,0,2,3,s,4,0,18,s,s,0,22,s,4,0,s,9,29,0,0,17,s,1,2,1
I521,14,0,0,0,0,4,0,2,3,s,4,0,18,s,s,0,22,s,4,35,s,9,29,0,0,17,s,1,2,1
1323,14,0,0,0,d,4,0,2,3,s,d,0,18,s,s,d,22,s,4,s,s,9,29,0,0,17,s,1,2,1
I523,14,0,0,0,0,4,0,2,3,s,4,0,18,s,s,0,22,s,4,35,s,9,29,0,0,17,s,1,2,1
1257,14,d,0,2,0,4,0,2,3,s,4,5,18,s,s,0,22,s,4,35,s,9,29,0,0,17,s,1,2,1
1256,14,d,0,0,0,4,0,2,3,s,4,d,18,s,s,0,22,s,4,d,s,d,29,0,0,17,s,1,d,d
1587,14,0,1,0,0,4,0,2,3,s,d,0,18,s,s,0,22,s,4,0,s,9,29,0,15,d,s,1,2,1
I527,0,0,s,0,0,4,0,2,3,1,4,0,0,6,s,0,22,s,4,0,0,9,29,0,3,17,s,1,2,1
I528,0,0,s,0,1,4,0,2,3,1,s,0,0,6,s,0,22,s,4,0,0,9,29,0,3,17,s,1,2,1
1654,6,19,s,0,1,d,0,2,3,1,s,d,0,6,s,d,22,s,4,0,0,d,29,0,3,17,s,1,d,1
I532,0,0,s,0,1,4,0,2,3,1,s,0,0,6,s,9,22,s,4,0,1,9,29,0,3,17,s,1,2,1
1389,0,0,s,d,1,4,6,2,3,1,s,0,d,6,s,9,22,s,4,0,1,9,d,0,3,d,s,d,d,1
1392,d,0,s,0,d,4,d,2,3,d,s,5,0,6,s,9,22,s,4,0,1,9,29,d,3,17,s,1,2,1
I537,0,0,s,0,0,4,0,2,3,1,4,9,0,6,s,4,22,s,4,46,0,9,29,36,s,17,s,1,2,1
1211,0,0,s,0,0,4,0,2,3,1,4,9,0,6,s,4,22,s,4,d,0,9,29,36,s,17,s,1,d,1
1210,29,0,s,2,0,4,0,2,3,1,4,9,0,6,s,4,22,s,4,46,0,9,29,36,s,17,s,1,2,1
I542,0,0,0,0,0,4,0,2,0,1,4,0,0,6,s,0,0,1,4,0,0,0,29,0,0,17,s,1,2,1
I543,0,27,0,0,0,4,0,2,0,1,4,0,0,6,s,0,34,1,4,0,0,0,29,0,0,17,s,1,2,1
I544,s,27,0,0,0,4,0,2,0,1,4,0,0,6,s,0,34,1,4,0,0,0,29,0,0,17,s,1,2,1
1083,s,27,0,1,0,4,0,2,4,1,4,d,0,d,s,8,34,1,4,d,0,0,29,0,s,17,s,1,2,d
I548,s,27,0,2,0,4,0,2,0,1,4,0,0,6,s,0,34,1,4,0,0,4,29,33,0,17,s,1,2,1
I549,s,27,19,2,0,4,7,2,0,1,4,0,0,6,s,0,34,1,4,0,0,4,29,33,0,17,s,1,2,1
1047,s,27,19,2,d,4,7,2,0,1,4,0,0,6,s,0,d,1,d,0,0,d,29,33,0,17,s,1,2,1
2047,s,27,d,2,0,d,7,d,d,1,4,0,0,6,s,0,34,1,4,0,d,s,29,33,d,17,s,1,2,1
1127,s,27,0,2,0,4,0,2,4,1,4,d,0,6,s,0,34,1,4,0,0,d,29,33,0,17,s,1,2,1
I552,0,27,0,0,0,4,22,2,0,1,4,0,0,6,s,0,34,1,4,0,0,0,s,0,29,17,s,1,2,1
I553,0,27,0,0,0,4,22,2,0,1,4,0,0,6,s,0,34,1,4,0,0,s,s,0,29,17,s,1,2,1
1088,0,27,d,0,0,d,22,d,0,1,4,0,0,s,s,d,34,1,4,0,0,s,s,0,29,17,s,1,2,1
1203,0,d,d,2,d,4,22,d,d,1,4,0,d,6,s,0,34,1,4,0,d,s,s,0,29,17,s,1,2,1
I556,0,27,0,0,0,4,s,2,0,1,4,12,0,6,s,0,s,1,4,0,0,0,s,0,29,17,s,1,2,1
I557,0,27,0,0,0,4,s,2,0,1,4,12,0,6,s,0,s,1,4,0,0,0,s,0,29,17,s,1,2,1
1267,0,27,23,0,d,d,s,2,0,1,4,12,0,6,s,d,s,1,4,d,0,0,s,20,29,17,s,1,2,1
1266,0,27,0,0,0,4,s,2,0,d,4,d,0,6,s,d,s,1,4,0,0,0,s,0,29,17,s,1,2,1
I558,0,27,0,0,0,4,s,2,0,1,4,12,0,6,s,0,s,1,4,0,0,0,s,0,29,17,s,1,2,1
2017,0,27,0,d,d,4,s,2,0,1,4,12,0,6,s,0,s,1,4,0,1,0,s,0,29,17,s,1,d,1
2039,0,27,0,0,0,4,s,2,0,1,4,12,0,6,s,0,s,1,4,23,0,0,s,0,29,17,s,1,2,1
I561,0,0,0,0,s,4,0,2,0,1,4,0,0,6,s,0,0,1,4,0,0,0,29,0,16,17,s,1,2,1
I562,0,0,0,0,s,4,0,2,0,1,4,0,0,6,s,0,0,1,4,0,0,0,29,0,16,17,s,1,2,1
I565,0,0,0,0,s,4,0,2,0,1,4,0,0,6,s,6,0,1,4,25,0,0,29,0,16,17,s,1,2,1
1169,0,0,0,0,s,4,0,2,s,1,4,0,0,6,s,6,0,1,4,25,s,0,29,0,16,17,s,1,2,1
1168,0,0,d,0,s,4,0,2,2,1,4,0,0,6,s,6,0,1,4,25,d,0,29,0,16,17,s,1,2,1
I566,0,0,0,0,s,4,0,2,0,1,4,0,0,6,s,0,13,1,4,0,0,0,29,0,16,17,s,1,2,1
1400,0,0,0,d,s,d,0,d,0,1,4,0,0,d,s,0,13,d,4,0,1,0,d,0,16,17,s,1,2,d
I568,0,22,0,0,s,4,0,2,0,1,4,0,0,6,s,0,13,1,4,0,0,0,29,0,16,17,s,1,2,1
1517,0,22,0,0,s,4,0,2,2,1,4,d,0,6,s,1,13,1,4,0,0,d,29,d,d,17,s,1,2,1
1516,0,22,0,0,s,4,0,2,0,1,4,0,0,6,s,0,13,1,4,0,d,0,29,d,16,17,s,1,d,1
I569,0,0,0,0,s,4,0,2,0,1,4,0,0,s,s,0,0,1,4,0,0,0,29,0,16,s,s,1,2,1
I570,3,0,0,0,s,4,0,2,0,1,4,0,0,s,s,0,0,1,4,0,0,0,29,0,16,s,s,1,2,1
1294,3,s,d,0,s,4,0,2,0,1,4,0,d,s,s,0,0,1,4,0,d,0,29,0,d,s,s,1,2,d
I572,3,0,0,0,s,4,0,2,0,1,4,1,7,s,s,0,0,1,4,0,0,0,29,0,16,s,s,1,2,1
1353,3,0,7,0,s,4,d,2,0,1,4,1,7,s,s,0,0,1,4,0,0,0,d,0,16,s,s,s,d,1
1352,3,0,0,d,s,4,0,2,0,1,4,1,7,s,s,0,26,d,4,d,0,0,d,20,16,s,s,1,2,1
I573,0,0,0,0,s,4,0,2,0,1,4,0,0,s,s,0,0,1,4,22,1,0,29,s,16,s,s,1,2,1
I574,0,39,0,0,s,4,0,2,0,1,4,0,0,s,s,0,s,1,4,22,1,0,29,s,16,s,s,1,2,1
1551,0,39,0,0,s,4,0,2,0,1,4,d,0,s,s,0,s,1,4,22,d,0,29,s,16,s,s,1,2,d
1550,0,d,0,0,s,4,0,d,d,1,4,0,d,s,s,0,s,1,4,d,1,9,29,s,16,s,s,1,2,1
1196,0,0,s,d,s,4,0,2,0,1,4,0,0,s,s,0,d,1,d,22,1,0,29,s,16,s,s,1,2,1
I576,0,0,0,0,0,4,0,2,0,1,4,0,0,6,s,0,0,1,s,0,0,0,29,0,3,17,s,1,2,1
I577,20,0,0,0,0,4,0,2,0,1,4,0,0,6,s,0,0,1,s,0,0,0,29,0,3,17,s,1,2,1
I578,20,0,0,0,0,4,0,2,0,1,4,0,0,6,s,0,19,1,s,1,0,0,29,0,3,17,s,1,2,1
I579,20,0,0,3,0,4,0,2,0,1,4,0,0,6,s,0,19,1,s,1,0,16,29,0,3,17,s,1,2,1
I580,20,0,0,3,4,4,0,2,0,1,4,0,0,6,s,9,19,1,s,1,0,16,29,0,3,17,s,1,2,1
1835,20,0,0,3,s,4,0,2,0,1,4,0,12,6,s,d,19,1,s,1,0,16,29,d,3,17,s,1,2,d
1670,20,0,0,3,d,4,0,2,0,1,4,0,0,6,s,9,19,1,s,1,1,16,29,0,3,17,s,1,2,1
I583,20,0,0,3,0,4,0,2,1,1,4,0,0,6,s,0,19,1,s,1,0,16,29,0,3,17,s,1,2,1
1948,20,0,d,3,0,4,0,2,1,d,4,0,0,d,s,0,19,1,s,1,0,d,29,0,3,17,s,1,2,1
1748,20,0,0,3,0,4,0,2,1,1,d,0,0,6,s,0,19,1,s,1,1,16,d,0,d,17,s,1,2,1
I586,20,0,0,0,4,4,0,2,0,1,4,0,0,6,s,0,19,1,s,1,1,5,29,0,3,17,s,1,2,1
1268,d,0,0,0,4,4,5,2,0,1,4,0,0,6,s,0,19,1,s,1,1,d,29,0,3,17,s,1,2,1
1341,20,0,0,d,4,4,d,2,1,1,4,0,11,6,s,0,19,1,s,d,d,5,29,17,d,17,s,1,2,1
I593,20,0,4,0,0,4,0,2,0,1,4,0,0,6,s,0,0,1,s,0,0,0,29,0,3,17,s,1,2,1
I595,20,0,4,0,0,4,25,2,4,1,4,0,0,6,s,0,8,1,s,0,0,s,29,0,s,17,s,1,2,1
I596,20,2,4,0,0,4,25,2,4,1,4,0,s,6,s,0,8,1,s,0,0,s,29,0,s,17,s,1,2,1
1199,20,2,4,s,0,4,25,2,4,1,4,0,s,6,s,0,8,1,s,0,0,s,29,0,s,17,s,1,2,1
1198,20,2,d,0,1,4,25,2,4,1,4,8,s,d,s,8,8,1,s,0,0,s,29,0,s,17,s,d,2,1
I597,20,0,4,0,0,4,25,2,4,1,4,0,0,6,s,0,8,1,s,0,0,s,29,0,s,17,s,1,2,1
I598,20,0,4,0,0,4,25,2,4,1,4,0,0,6,s,5,8,1,s,0,0,s,29,0,s,17,s,1,2,1
2011,20,0,4,0,0,4,d,2,4,1,4,d,0,6,s,5,8,1,s,0,0,s,29,0,s,17,s,1,d,1
2010,20,0,d,0,0,d,25,2,4,1,4,0,0,d,s,5,8,1,s,0,0,s,29,0,s,17,s,1,d,1
2002,20,27,4,d,0,4,25,d,4,d,4,0,0,d,s,0,d,1,s,d,d,s,29,0,s,17,s,1,2,1
I603,20,0,4,0,0,4,0,2,0,1,4,0,0,6,s,0,0,1,s,0,0,5,29,0,3,17,s,1,2,1
I604,20,0,4,0,0,4,0,2,0,1,4,0,0,6,s,0,0,1,s,0,0,5,29,11,3,17,s,1,2,1
1419,20,0,4,0,d,4,7,2,0,1,s,0,d,6,s,0,0,1,s,s,0,d,29,11,3,17,s,1,2,1
1087,20,d,4,0,0,4,0,2,0,1,4,0,0,6,s,0,0,1,s,0,1,5,29,11,3,s,s,s,2,1
1206,20,0,s,0,1,4,0,2,0,1,4,d,0,6,s,0,0,1,s,42,0,5,29,0,3,d,s,1,2,1
I610,0,0,12,0,0,4,0,2,0,1,4,0,0,6,s,0,15,1,s,0,0,0,29,0,3,s,s,1,2,1
I611,0,0,12,0,0,4,0,2,0,1,4,0,0,6,s,3,15,1,s,0,0,0,29,0,3,s,s,1,2,1
I612,0,0,12,0,0,4,0,2,0,1,4,0,0,6,s,3,15,1,s,0,0,0,29,0,3,s,s,s,2,1
1642,0,0,12,0,0,4,9,2,4,1,4,d,s,6,s,3,d,1,s,0,0,d,29,0,d,s,s,s,2,1
I616,15,1,12,0,0,4,0,2,0,1,4,0,0,6,s,3,15,1,s,0,0,0,29,0,3,s,s,s,2,1
1452,15,1,12,0,0,4,0,d,0,1,4,0,0,6,s,3,15,1,s,d,0,d,29,0,3,s,s,s,2,1
1532,15,1,12,0,d,4,0,d,0,1,4,8,0,6,s,3,15,1,s,0,1,0,29,0,d,s,s,s,2,1
I619,0,0,12,0,0,4,0,2,0,1,4,0,0,6,s,3,15,1,s,0,0,0,29,30,3,s,s,1,2,1
I620,0,0,12,0,0,4,0,2,0,1,4,0,0,6,s,3,15,1,s,0,0,0,29,30,3,s,s,1,2,1
I621,0,0,12,0,0,4,0,2,0,1,4,0,0,6,s,3,15,1,s,0,0,0,29,30,3,s,s,1,2,1
1461,0,0,12,0,0,4,0,2,0,d,4,0,0,6,s,3,15,1,s,0,0,0,d,30,3,s,s,1,2,1
1460,14,0,12,0,s,4,0,2,0,1,4,0,0,6,s,3,15,1,s,0,0,0,29,30,d,s,s,1,2,1
1200,0,0,12,0,0,4,0,2,3,1,4,0,0,6,s,s,15,1,s,0,0,d,29,30,3,s,s,1,2,1
1398,0,0,12,0,d,4,0,2,d,1,4,0,0,6,s,3,15,1,s,1,0,0,s,30,3,s,s,1,2,1
I626,0,0,12,0,0,4,0,2,3,1,4,0,0,6,s,0,15,1,s,0,0,0,29,0,3,s,s,1,2,1
I627,0,0,12,2,0,4,28,2,3,1,4,0,0,6,s,0,15,1,s,0,0,0,29,0,3,s,s,1,2,1
1317,0,0,d,2,0,4,28,d,3,1,d,0,0,6,s,0,15,s,s,d,d,0,29,31,3,s,s,1,2,1
I631,0,0,12,2,1,4,28,2,3,1,4,0,0,6,s,0,15,1,s,0,0,0,29,s,3,s,s,1,2,1
I632,0,0,12,2,1,4,28,2,3,1,4,0,0,6,s,0,15,1,s,0,0,0,29,s,3,s,s,1,2,1
1385,0,7,12,2,1,4,28,2,3,1,4,0,0,6,s,0,15,1,s,0,0,0,29,s,3,s,s,1,2,1
1384,0,0,12,2,1,4,28,2,3,1,d,0,0,6,s,0,15,1,s,0,d,0,d,s,3,s,s,d,2,1
1413,d,0,12,d,1,4,28,2,3,1,4,0,0,6,s,0,d,1,s,d,s,d,29,s,3,s,s,1,d,1
I634,0,0,12,2,0,4,0,2,3,1,4,0,0,6,s,0,15,1,s,38,0,0,29,12,3,s,s,1,2,1
I636,0,0,12,2,0,4,0,2,3,1,4,0,0,6,s,0,15,1,s,38,0,0,29,12,3,s,s,1,2,1
1335,0,0,12,2,d,4,0,2,d,1,d,0,d,6,s,0,15,1,s,38,d,d,29,d,3,s,s,1,2,1
1334,0,0,12,d,0,4,0,2,3,1,4,0,0,6,s,0,15,1,s,38,0,d,29,12,3,s,s,1,2,d
I639,0,2,12,2,1,4,0,2,3,1,4,0,0,6,s,0,15,1,s,38,0,0,29,12,3,s,s,1,2,1
1469,0,d,12,2,1,4,0,2,3,1,4,d,11,6,s,0,15,1,s,38,0,d,29,12,3,s,s,1,2,1
1468,0,2,12,d,d,4,d,d,3,1,4,0,0,6,s,0,15,1,s,38,0,d,29,12,3,s,s,d,2,1
I641,0,0,2,0,0,4,0,2,0,0,4,0,0,0,s,0,0,1,4,0,0,3,0,0,0,17,0,1,2,1
I642,0,0,2,0,0,4,2,2,0,0,4,8,0,0,s,1,13,1,4,0,0,3,0,0,0,17,0,1,2,1
I643,0,0,2,0,0,4,2,2,0,0,4,8,0,0,s,1,13,1,4,0,0,3,0,0,0,17,0,1,2,1
I644,0,0,2,0,0,4,2,2,0,0,4,8,0,0,s,1,13,1,4,0,0,3,0,0,0,17,28,1,2,1
I645,0,0,2,0,0,4,2,2,0,0,4,8,0,0,s,1,13,1,4,0,0,3,0,0,0,17,28,1,2,1
I646,0,0,2,0,0,4,2,2,0,0,4,8,0,0,s,1,13,1,4,0,0,3,0,0,0,17,28,1,2,1
1883,0,1,2,0,0,d,2,2,0,0,d,8,0,d,s,1,13,1,4,0,1,d,0,0,0,17,28,1,2,1
I648,0,6,2,0,0,4,2,2,0,0,4,8,0,0,s,1,13,1,4,0,0,3,0,0,0,17,28,1,2,1
1861,0,6,d,0,0,4,2,d,0,0,4,8,0,0,s,1,13,1,4,0,0,3,0,0,0,17,28,d,2,d
1860,0,6,2,0,0,4,2,2,0,0,4,8,d,0,s,d,13,1,4,0,0,3,0,0,0,17,d,1,d,1
I650,0,0,2,2,0,4,2,2,0,1,4,8,0,0,s,1,13,1,4,0,s,3,3,0,37,17,28,1,2,1
1819,0,0,2,2,0,4,2,2,0,1,4,d,0,0,s,d,d,1,4,0,s,3,3,0,d,17,28,1,2,1
1818,0,d,d,2,d,4,2,d,0,1,4,d,0,d,s,1,s,1,4,0,s,3,3,0,37,17,28,1,2,1
I652,0,0,2,0,0,4,2,2,0,0,4,8,0,0,s,1,13,1,4,0,0,3,0,4,0,17,28,1,2,1
1519,33,0,2,0,0,4,2,2,0,1,d,d,0,6,s,1,13,1,4,0,0,3,0,4,10,d,28,1,2,1
1701,d,0,2,d,0,d,d,2,3,0,4,8,d,0,s,1,13,1,4,0,1,3,26,4,0,17,28,1,2,1
I659,0,0,2,0,0,4,2,2,0,0,4,8,0,0,s,1,13,1,4,3,0,3,0,0,0,17,0,1,2,1
I660,0,0,2,0,1,4,2,2,0,0,4,8,0,0,s,1,13,1,4,3,0,3,0,0,0,17,0,1,2,1
1228,0,0,2,0,1,4,2,2,0,0,4,8,29,11,s,1,d,1,4,3,0,3,0,0,0,17,0,1,2,1
I664,0,0,2,0,1,4,2,2,0,0,s,8,0,0,s,1,13,1,4,3,0,3,0,0,0,17,0,1,2,1
1470,0,d,2,0,1,4,2,2,5,0,s,d,0,0,s,1,d,1,4,3,0,3,0,0,0,17,0,1,2,1
I666,0,6,2,0,1,4,2,2,0,0,s,8,0,0,s,1,13,1,4,3,0,3,0,0,0,17,0,1,2,1
1403,0,6,2,d,1,4,d,2,0,d,s,8,0,0,s,1,d,1,d,3,d,3,0,0,d,17,0,1,2,1
1402,0,6,2,0,1,4,2,d,0,d,s,8,0,0,s,1,13,1,4,d,0,3,d,0,d,17,0,1,2,1
I667,0,0,2,0,0,4,2,2,4,0,4,8,0,0,s,1,13,1,4,3,1,3,0,0,0,17,0,1,2,1
I669,0,0,2,0,0,4,2,2,4,0,4,8,16,0,s,1,13,1,4,s,1,3,0,12,0,17,0,1,2,1
1561,20,0,2,0,d,4,2,2,4,0,4,8,16,0,s,1,d,d,4,s,1,d,d,12,0,17,d,1,2,d
1560,0,0,2,0,0,4,2,2,4,0,4,d,16,0,s,1,d,d,4,s,d,d,0,12,0,17,0,1,2,1
1631,d,0,2,0,0,4,2,2,4,0,4,d,d,0,s,1,13,1,4,3,1,3,0,0,10,17,0,1,2,1
I674,0,0,2,0,0,4,2,2,0,0,4,8,0,0,s,1,13,1,4,0,0,3,0,0,0,17,0,1,2,1
I675,0,0,2,0,0,4,2,2,0,0,4,8,28,0,s,1,13,1,4,0,1,3,0,0,0,17,0,1,2,1
I676,0,0,2,0,1,4,2,2,0,0,4,8,28,0,s,1,13,1,4,0,1,3,0,0,0,17,0,1,2,1
I679,0,0,2,2,1,4,2,s,0,0,4,8,28,0,s,1,13,1,4,0,1,3,12,0,8,17,0,1,2,1
1465,d,0,2,2,1,4,2,s,0,d,4,8,28,0,s,d,d,d,4,0,1,3,d,0,8,17,0,1,2,1
1464,0,0,2,2,1,d,d,s,0,0,4,d,28,0,s,1,13,1,4,d,d,3,d,0,8,17,0,1,d,1
1135,0,48,d,0,1,4,2,2,0,1,4,8,28,8,s,s,13,1,4,0,1,3,0,0,d,17,d,1,2,1
I683,0,0,2,0,0,4,2,2,0,0,4,8,28,0,s,1,13,s,4,0,1,3,0,0,22,17,0,1,2,1
I684,0,0,2,0,0,4,2,2,0,1,4,8,28,3,s,1,13,s,4,0,1,3,0,0,22,17,0,1,2,1
I685,0,0,2,0,0,4,2,2,2,1,4,8,28,3,s,1,13,s,4,0,1,3,0,0,22,17,0,1,2,1
1855,0,0,2,0,0,4,d,2,2,1,4,8,28,3,s,1,13,s,4,0,1,3,0,d,22,d,0,1,2,1
1854,0,0,2,0,0,4,2,2,2,1,4,8,28,3,s,1,13,s,4,0,1,3,0,0,22,17,0,1,2,1
1794,0,0,2,0,0,4,2,2,0,1,4,8,28,3,s,1,13,s,4,0,d,3,0,0,22,17,0,1,2,1
1526,0,0,2,0,0,4,2,2,0,0,4,d,28,0,s,1,13,s,4,0,1,3,5,0,22,17,0,d,s,1
I690,0,0,2,s,0,4,2,2,0,0,4,8,0,14,s,1,13,1,4,0,0,3,0,0,8,17,0,1,2,1
I691,0,0,2,s,0,4,2,2,0,0,4,8,0,14,s,1,13,1,4,0,0,3,0,0,8,17,0,1,2,1
I693,0,0,2,s,0,4,2,2,1,0,4,8,13,14,s,s,13,1,4,0,1,3,0,13,8,s,24,1,2,1
1149,0,0,2,s,0,4,2,2,1,d,4,d,13,14,s,s,13,1,4,0,1,3,0,d,8,s,24,1,2,1
1148,0,52,2,s,0,4,d,2,1,0,4,8,13,14,s,s,13,1,4,1,1,d,0,13,8,s,24,1,2,1
I696,0,19,2,s,0,4,2,2,0,1,4,8,30,14,s,1,13,1,4,0,0,3,0,0,s,17,0,1,2,1
1463,d,19,2,s,0,4,2,2,d,1,4,8,30,14,s,d,13,1,4,0,0,3,d,0,s,17,0,1,d,1
1462,d,19,s,s,0,d,2,2,4,1,4,8,30,14,s,1,13,1,4,d,d,3,0,0,s,17,0,1,2,1
I698,0,0,2,s,0,4,2,2,0,0,4,8,0,14,s,1,13,1,4,0,0,3,0,0,8,17,0,1,2,s
I699,0,27,2,s,0,4,2,2,0,0,4,8,s,14,s,1,13,s,4,20,0,3,0,0,8,17,0,1,2,s
I700,0,27,2,s,0,4,2,2,0,0,4,8,s,14,s,1,13,s,4,20,s,3,10,12,8,17,0,1,2,s
1357,0,27,2,s,0,4,d,2,0,0,4,8,s,14,s,1,13,s,4,20,s,3,10,12,8,17,d,1,2,s
1356,d,27,2,s,0,4,2,2,0,0,d,8,s,14,s,1,13,s,4,20,s,3,d,d,8,d,0,1,2,s
1275,0,27,2,s,0,4,2,d,0,0,4,8,s,14,s,1,13,s,4,20,0,3,d,s,8,17,0,1,2,s
I702,0,0,2,s,0,4,2,2,0,0,4,8,0,14,s,1,13,1,4,22,0,3,0,0,8,17,0,1,2,s
I703,0,4,2,s,0,4,2,2,4,0,4,8,0,14,s,1,13,1,4,22,0,3,0,0,8,17,0,1,2,s
1307,0,4,2,s,0,4,2,2,4,0,4,8,0,14,s,1,d,1,d,22,0,3,0,0,8,17,0,1,2,s
1306,0,4,d,s,0,d,2,d,4,0,4,8,0,14,s,1,13,1,d,22,0,3,d,0,8,d,0,1,2,s
1270,26,0,2,s,d,4,2,2,0,0,4,8,d,14,s,1,13,1,4,22,0,3,0,d,8,17,0,1,2,s
I705,0,0,2,0,0,4,0,2,0,0,4,0,0,0,s,0,0,1,4,0,0,3,0,0,0,17,13,1,2,1
I706,0,0,2,0,0,4,0,s,0,0,4,0,0,0,s,0,0,1,4,0,0,3,0,0,0,17,13,1,2,1
I707,0,0,2,0,0,4,0,s,0,0,4,0,0,0,s,0,0,1,4,0,0,3,0,0,0,17,13,1,2,1
I708,0,0,2,0,0,4,0,s,0,0,4,0,0,0,s,0,0,1,4,0,0,3,16,0,0,17,13,1,2,1
1554,d,d,2,d,1,d,s,s,0,0,4,0,0,0,s,d,10,1,4,1,0,3,16,0,15,17,13,d,d,1
I712,0,s,2,0,0,4,0,s,0,2,4,s,0,0,s,8,0,1,4,0,0,3,16,0,0,s,13,1,2,1
1386,0,s,2,0,0,4,s,s,0,d,4,s,d,0,s,8,d,1,4,0,1,3,d,0,0,s,13,1,2,1
1672,0,s,2,0,0,4,0,s,0,2,d,s,0,0,s,8,d,1,4,0,0,3,16,12,0,s,13,1,2,1
I715,0,0,2,0,0,4,0,s,0,0,4,0,12,0,s,0,0,1,4,0,0,3,0,0,0,17,13,1,2,1
1816,0,d,2,0,0,s,1,s,d,0,4,d,d,7,s,0,d,1,4,0,0,3,d,s,0,17,d,1,2,1
1831,0,0,2,0,0,d,0,s,4,0,4,8,12,11,s,0,0,1,4,0,0,3,0,0,0,17,13,1,2,1
I722,0,0,2,0,0,4,0,s,0,0,4,0,0,0,s,0,13,1,4,0,s,3,0,0,3,17,13,1,2,1
1647,0,0,2,0,0,4,0,s,0,0,4,0,38,0,s,0,13,1,4,46,s,3,16,0,3,17,13,1,2,1
I730,s,0,2,0,0,4,5,s,0,0,4,0,17,0,s,0,13,1,4,0,s,3,16,0,3,17,13,1,2,1
I731,s,0,2,0,0,4,5,s,0,0,4,0,17,0,s,6,13,1,4,0,s,3,16,0,3,17,13,1,2,1
1873,s,0,2,0,s,d,5,s,0,0,4,0,d,0,s,6,13,1,4,0,s,d,16,0,3,d,13,d,2,1
2022,s,0,2,0,0,4,5,s,0,0,4,8,17,0,s,6,13,1,4,0,s,3,16,0,3,17,13,1,2,1
I734,s,0,2,0,0,4,5,s,0,0,4,0,17,0,s,0,13,1,4,0,s,3,16,0,3,17,13,1,2,1
I735,s,0,2,0,0,4,5,s,6,0,4,0,17,0,s,19,13,1,4,0,s,3,16,0,3,17,13,1,2,1
1989,s,0,2,0,d,4,5,s,6,d,d,0,d,0,s,19,13,1,4,0,s,3,16,0,3,d,13,d,2,1
1988,s,d,2,d,0,4,5,s,6,0,4,0,17,0,s,19,13,1,4,0,s,3,16,0,3,d,13,1,2,1
I736,s,0,2,0,0,4,5,s,0,1,4,0,17,0,s,0,13,1,4,40,s,3,16,0,3,17,s,1,2,1
2019,s,0,2,0,0,4,5,s,0,1,4,0,17,0,s,0,13,1,4,d,s,3,16,0,3,17,s,d,d,1
2018,s,0,2,0,0,4,5,s,0,1,4,0,17,d,s,0,13,d,4,40,s,3,d,0,d,17,s,1,2,1
I737,0,s,2,0,0,4,0,2,0,0,4,8,0,0,s,0,0,1,4,9,0,3,0,0,0,17,13,1,2,1
I738,0,s,2,0,0,4,0,2,0,2,4,8,0,0,s,0,29,1,4,9,0,3,3,0,0,17,13,1,2,1
I739,0,s,2,2,0,4,7,2,0,2,4,8,0,0,s,0,29,s,4,9,0,3,3,0,0,17,13,1,2,1
I740,0,s,2,2,0,4,7,2,0,2,4,8,0,0,s,s,29,s,4,9,0,3,3,0,0,17,13,1,2,1
1261,2,s,2,2,0,4,d,d,0,2,4,8,0,0,s,s,29,s,4,9,0,3,3,d,d,17,13,1,2,1
1436,0,s,2,2,0,d,7,2,d,d,4,8,d,0,s,s,29,s,d,9,0,3,d,2,0,17,13,d,2,1
I744,4,s,2,2,0,4,7,2,0,2,4,8,0,0,s,0,29,s,4,9,0,3,3,0,0,17,s,1,2,1
1589,4,s,2,2,d,4,7,2,0,d,d,8,0,7,s,0,29,s,4,9,d,d,3,0,0,17,s,1,2,1
1588,4,s,2,2,0,4,7,2,0,2,4,8,0,0,s,0,29,s,4,9,0,3,3,0,0,17,s,1,2,1
I746,0,s,2,0,0,4,0,2,0,2,4,8,s,0,s,0,29,1,4,9,0,3,3,0,0,17,13,1,2,1
I747,0,s,2,0,0,4,0,2,3,2,4,8,s,0,s,0,29,1,4,9,0,3,3,0,0,17,13,1,2,1
I748,14,s,2,0,0,4,0,2,3,2,4,8,s,0,s,0,29,1,4,9,0,3,3,0,0,17,13,1,2,1
1497,d,s,2,0,0,4,0,2,3,d,4,8,s,0,s,0,29,d,4,9,0,3,3,0,0,17,13,1,d,1
1496,14,s,d,0,d,4,5,2,3,2,4,8,s,0,s,d,d,1,d,9,0,3,3,0,0,17,13,1,2,1
1320,d,s,2,0,0,4,0,2,3,2,4,8,s,0,s,0,29,1,4,9,0,3,3,0,0,17,13,1,2,1
I750,0,s,2,0,0,4,0,2,2,2,4,8,s,0,s,0,29,1,4,9,s,3,3,18,0,17,13,1,2,1
I751,0,s,2,0,0,4,0,2,2,2,4,8,s,0,s,0,29,1,4,9,s,3,3,18,0,17,13,1,2,1
1363,d,s,2,0,s,4,0,2,2,2,4,8,s,0,s,0,29,1,4,9,s,3,3,18,0,17,d,1,2,1
1362,0,s,2,0,0,4,0,2,d,2,4,d,s,0,s,0,29,1,4,9,s,3,3,18,0,17,13,1,d,1
1104,0,s,2,0,0,4,0,2,2,2,s,8,s,d,s,d,29,1,d,9,s,3,3,18,0,17,d,1,2,d
I753,0,s,s,0,0,4,0,2,4,1,4,8,0,0,s,2,0,1,4,9,0,3,0,22,0,17,13,1,2,1
I754,0,s,s,0,0,4,0,2,4,1,4,8,12,0,s,2,0,1,4,9,0,3,0,22,0,17,13,s,2,1
1214,0,s,s,0,1,4,0,2,4,1,4,8,12,0,s,d,0,1,4,d,1,d,0,22,14,17,13,s,2,1
1205,0,s,s,d,0,4,0,2,4,1,4,8,12,0,s,2,0,s,4,9,1,3,0,22,17,17,13,s,2,1
I762,0,s,s,0,0,4,s,s,4,1,4,8,0,0,s,2,29,1,4,9,0,3,29,22,0,17,13,1,2,1
I763,0,s,s,0,0,4,s,s,4,1,4,8,0,0,s,2,29,1,4,9,1,3,29,22,0,17,13,1,2,1
1139,0,s,s,0,d,4,s,s,4,d,4,8,d,21,s,2,29,1,4,9,1,3,29,s,0,17,13,1,2,1
1138,0,s,s,0,0,4,s,s,4,1,d,8,0,0,s,2,29,d,4,9,1,3,29,22,0,17,13,1,2,1
1063,5,s,s,0,d,4,s,s,4,1,4,8,0,0,s,2,29,1,4,9,0,d,29,d,0,17,13,1,2,1
I768,0,0,7,0,0,0,0,0,0,0,4,0,0,0,0,6,0,0,4,0,0,0,0,0,0,17,0,0,2,0
I769,0,0,7,0,0,0,0,0,0,0,4,0,0,0,0,6,0,0,4,0,1,0,0,0,0,17,0,0,2,0
I770,0,0,7,s,0,0,0,0,0,0,4,0,3,0,0,6,0,0,4,0,1,0,0,0,0,17,0,0,2,0
I771,0,0,7,s,0,0,0,1,0,0,4,8,3,0,0,6,0,0,4,0,1,0,0,0,0,17,33,0,2,0
I772,0,0,7,s,0,0,0,1,0,0,4,8,3,0,0,6,0,0,4,0,1,16,0,0,0,17,33,0,2,0
I773,32,0,7,s,0,0,25,1,4,0,4,8,3,0,0,6,0,1,4,0,1,16,0,0,0,17,33,0,2,0
I774,32,0,7,s,1,0,25,1,4,1,4,8,3,0,0,6,0,1,4,0,1,16,0,0,0,17,33,0,2,0
I775,32,0,7,s,1,0,25,1,4,1,4,8,3,0,0,6,0,1,4,0,1,16,0,0,0,17,s,0,2,0
1871,32,37,7,s,d,0,25,1,4,1,4,8,3,0,0,6,0,1,4,0,1,16,d,0,0,17,s,0,2,0
1870,32,0,7,s,1,0,25,1,4,1,4,8,3,0,0,6,0,1,4,0,1,16,0,0,0,17,s,0,2,d
1954,32,d,d,s,1,0,25,1,4,1,4,8,3,0,0,6,0,1,d,0,d,16,0,0,d,17,33,0,2,0
1224,32,25,7,s,0,d,25,1,4,0,d,s,3,0,0,6,0,1,4,d,1,16,d,0,0,17,33,0,d,0
I780,0,0,7,s,0,0,0,1,0,0,4,8,3,0,0,6,0,0,4,0,1,16,0,0,0,17,33,0,2,0
I781,0,0,7,s,0,0,0,1,0,0,4,8,3,0,7,6,0,0,4,0,1,16,0,0,0,17,33,0,2,0
1430,0,0,7,s,0,0,0,1,0,d,4,8,3,0,7,6,0,0,d,0,1,16,0,0,0,d,d,0,2,0
I783,0,0,7,s,0,0,0,1,0,0,4,8,3,0,7,6,0,0,4,0,1,16,0,0,0,17,33,0,2,0
1361,0,0,7,s,0,0,0,1,0,0,4,8,d,0,7,6,0,0,4,0,d,16,0,0,8,17,33,0,2,0
1360,0,0,d,s,0,0,0,1,0,0,d,8,3,0,d,6,0,0,4,0,d,16,d,0,0,17,33,d,2,0
I784,0,0,7,s,0,0,0,s,0,0,4,8,3,0,12,6,0,0,4,0,1,16,4,11,0,17,33,0,2,1
I785,0,0,7,s,0,0,0,s,0,0,4,8,3,0,12,6,0,0,4,0,1,16,4,11,0,17,33,0,2,1
1623,d,0,7,s,0,0,0,s,0,0,4,8,3,0,12,6,0,0,4,0,1,16,4,11,0,17,d,0,2,d
1622,0,0,7,s,0,d,0,s,d,0,4,8,3,0,12,6,0,0,4,0,1,16,d,11,0,17,33,6,2,1
1696,s,0,7,s,0,s,0,s,d,0,4,8,3,0,12,6,0,0,4,0,1,16,4,d,0,d,33,0,2,1
I787,0,0,7,s,0,0,0,s,0,0,4,8,3,0,0,6,0,0,4,0,1,0,0,0,0,17,33,0,2,1
I788,0,0,7,s,0,1,0,s,0,0,4,8,3,0,0,6,0,1,4,0,1,0,0,0,0,17,33,0,2,1
998,0,0,d,s,1,1,0,s,0,0,4,8,3,0,12,6,8,1,4,0,1,0,0,21,s,17,33,0,2,1
1917,0,0,7,s,0,d,0,s,0,0,4,8,3,21,0,s,8,1,4,d,1,0,0,0,0,17,33,0,d,1
I794,0,0,7,s,0,0,0,s,0,0,4,8,s,0,0,6,0,1,4,0,1,0,0,0,0,17,33,0,2,1
1020,0,d,7,s,0,0,d,s,4,0,4,8,s,21,6,6,0,1,d,0,1,s,0,0,d,d,33,0,2,1
I796,0,0,7,s,2,0,0,s,0,0,4,8,s,0,0,6,0,1,4,0,1,0,0,24,0,17,33,0,2,1
1837,0,0,7,s,2,0,0,s,0,0,4,8,s,0,0,d,d,1,d,0,1,0,0,24,0,17,33,0,2,1
1938,d,0,7,s,2,0,0,s,0,0,4,8,s,0,0,d,0,1,d,0,1,9,d,24,0,17,33,0,2,1
I799,0,0,7,s,0,0,0,0,0,0,4,0,3,0,0,6,0,0,4,0,1,0,3,0,0,17,0,0,2,0
I800,0,0,7,s,0,0,0,0,0,0,4,0,3,0,0,6,0,0,4,0,1,0,3,0,0,s,0,0,2,0
I801,20,2,7,s,0,0,0,0,0,1,4,0,s,0,0,6,0,1,4,0,1,0,3,0,0,s,0,8,2,s
I802,20,2,7,s,1,0,0,0,2,1,4,0,s,s,0,6,0,1,4,12,1,0,3,0,0,s,0,8,2,s
1845,20,2,7,s,1,0,5,0,2,1,4,0,s,s,0,d,0,1,4,12,1,0,3,0,0,s,0,8,2,s
I804,20,2,7,s,1,0,0,0,2,1,4,0,s,s,s,6,0,1,4,12,1,0,3,0,0,s,0,8,2,s
1775,20,s,7,s,d,0,0,0,2,d,4,0,s,s,s,6,0,1,4,12,1,0,3,d,0,s,0,8,2,s
1774,20,2,7,s,1,0,0,0,2,1,4,0,s,s,s,6,0,1,4,12,1,0,d,0,0,s,0,8,2,s
1500,d,2,7,s,0,d,0,0,0,1,4,0,s,0,0,6,0,1,d,d,1,11,s,0,0,s,0,8,2,s
I809,0,0,7,s,0,0,0,0,0,0,4,0,3,0,0,6,0,0,4,0,1,0,s,0,0,s,0,0,2,0
I810,s,0,7,s,0,0,0,0,0,0,4,0,3,0,0,6,0,0,4,0,1,0,s,0,0,s,0,0,2,0
1813,s,0,7,s,0,0,d,0,0,0,4,0,3,s,0,6,0,0,4,0,d,0,s,0,0,s,0,0,2,0
1812,s,0,7,s,0,0,0,0,0,0,4,d,3,d,0,6,0,0,4,0,1,d,s,0,0,s,0,0,2,0
1823,0,0,7,s,0,0,0,0,0,0,4,0,3,d,0,6,0,d,4,0,1,0,s,0,0,s,d,d,2,0
I815,0,0,7,s,0,0,0,0,0,0,4,0,3,0,0,6,0,0,4,0,1,0,3,0,0,17,3,0,2,0
I816,0,0,7,s,0,25,0,0,0,0,4,0,3,0,0,6,0,0,4,0,1,0,3,0,0,17,3,0,2,0
I817,0,0,7,s,0,25,0,1,0,0,4,0,3,0,0,6,0,1,4,0,1,0,3,0,0,17,3,0,2,0
1918,d,0,7,s,d,25,d,1,0,0,4,0,3,d,0,6,0,1,d,0,1,0,3,0,0,17,3,0,2,d
2026,d,0,d,s,0,25,0,1,0,0,d,0,3,0,0,6,0,1,4,0,1,0,3,0,s,17,3,0,2,0
I821,0,0,7,s,0,25,0,0,0,0,4,0,3,0,0,6,13,1,4,0,1,0,3,0,0,17,3,s,2,0
1967,0,0,7,s,0,25,0,0,0,0,4,d,3,0,0,6,13,1,4,0,1,d,3,0,0,17,3,s,2,d
1966,0,0,7,s,0,25,0,0,0,0,4,0,3,0,0,6,13,1,4,0,1,0,3,d,15,17,3,s,d,0
I823,0,0,7,s,0,0,16,0,0,0,4,0,3,0,0,6,0,1,4,0,1,0,3,0,35,17,3,0,2,0
I824,27,0,7,s,0,0,16,0,1,0,4,0,3,0,0,6,0,1,4,0,1,s,3,0,35,17,3,0,2,0
1459,27,0,7,s,0,0,16,0,1,0,s,s,d,0,1,6,0,1,4,0,1,s,d,0,35,17,3,0,2,0
I826,27,0,7,s,0,0,16,0,1,0,4,0,3,0,0,6,0,1,4,0,1,s,3,0,35,17,3,1,2,0
1535,27,0,7,s,0,s,16,0,1,0,4,0,3,0,0,6,d,1,4,0,1,s,d,0,35,17,3,1,2,0
1534,27,0,7,s,0,d,16,0,1,0,4,d,3,0,0,6,0,1,4,0,1,s,3,0,d,17,3,1,2,0
I827,0,0,7,s,0,0,16,0,0,0,4,8,3,6,0,6,0,1,4,38,1,0,3,0,35,17,3,0,2,0
1546,d,0,7,s,0,0,16,0,0,0,d,d,3,6,0,6,0,1,4,38,1,0,3,0,35,17,3,0,2,0
1707,d,0,7,s,4,0,16,0,2,0,d,8,3,6,d,6,d,1,d,38,1,0,3,0,35,17,3,s,2,0
I830,0,0,7,0,0,0,0,0,0,0,4,0,0,0,0,6,0,0,4,0,1,0,2,0,0,17,0,8,2,1
I831,3,0,7,0,0,0,14,0,0,0,4,0,0,8,0,6,0,0,4,0,1,0,2,0,0,17,s,8,2,1
I832,3,2,7,0,0,0,s,0,0,0,4,0,0,8,0,6,0,0,4,0,1,0,2,0,0,17,s,8,2,1
I833,3,2,7,0,0,0,s,0,0,0,4,0,0,8,0,6,0,0,4,0,1,0,2,0,0,17,s,8,2,1
1686,s,2,7,d,0,0,s,0,0,0,d,0,0,8,0,6,0,0,4,0,1,3,2,12,0,17,s,8,2,1
1678,3,2,7,0,1,0,s,0,d,0,d,0,20,8,0,6,0,1,4,46,1,0,2,0,0,17,s,s,2,1
I840,3,2,s,0,0,0,s,2,4,0,4,0,0,8,0,6,0,0,4,0,1,s,2,0,0,17,s,8,2,1
I841,3,2,s,0,1,0,s,2,4,0,4,0,0,8,0,6,0,0,4,0,1,s,2,0,0,17,s,8,2,1
1676,3,s,s,0,1,25,s,2,4,0,4,0,d,8,0,6,0,0,d,0,1,s,2,0,0,17,s,8,2,1
1753,3,2,s,d,1,0,s,2,4,0,4,0,0,8,0,6,22,0,4,0,1,s,2,0,0,d,s,8,2,1
I845,3,2,s,0,0,0,s,2,4,0,4,0,13,8,0,6,0,0,4,0,1,s,2,s,0,17,s,8,2,1
1615,d,2,s,0,d,0,s,2,4,d,4,0,13,8,d,6,0,0,4,0,1,s,2,s,0,17,s,8,2,1
1614,d,2,s,0,0,0,s,2,4,d,4,0,d,8,0,6,0,0,4,0,1,s,2,s,0,17,s,8,2,1
I847,3,0,7,0,0,0,14,0,0,0,4,0,0,8,0,6,0,0,4,0,1,0,2,0,0,17,s,8,2,1
I848,3,0,7,0,0,0,14,0,0,0,4,0,0,8,0,6,0,0,4,0,1,0,2,0,0,17,s,8,2,1
1635,3,d,7,0,0,s,d,0,d,0,d,8,0,8,0,6,0,0,4,0,1,0,d,0,d,17,s,8,2,1
1569,3,0,7,s,0,s,14,d,3,1,4,d,d,8,0,6,0,0,4,0,d,0,2,0,20,d,s,8,2,1
I855,3,0,7,0,3,1,14,0,0,0,4,0,0,8,0,6,0,0,4,0,1,0,2,0,0,17,s,8,2,1
I857,3,0,7,0,3,1,14,0,0,2,4,0,0,8,0,6,0,0,4,0,1,0,2,0,0,17,s,s,2,1
1573,3,0,7,0,3,1,14,0,0,2,4,0,0,8,0,6,0,0,4,0,1,0,2,0,0,d,s,s,2,1
1572,3,d,d,d,3,1,14,0,0,2,4,0,0,8,0,6,0,0,4,0,1,0,2,0,d,17,s,s,2,1
I859,3,0,7,0,3,1,14,0,0,1,4,0,0,8,0,6,0,0,4,0,1,0,2,0,0,17,s,8,s,1
1756,d,0,7,0,3,1,d,0,d,d,4,d,1,8,0,6,0,0,d,3,1,11,2,0,0,17,s,8,s,1
1571,3,0,7,0,d,1,14,0,0,1,4,0,0,8,0,6,d,0,d,0,1,0,2,0,0,d,s,8,s,1
I862,0,0,7,0,0,0,0,0,0,0,4,0,0,0,0,6,0,0,4,0,1,5,2,0,0,17,12,8,2,1
I863,0,48,7,0,0,0,0,1,0,0,4,0,1,0,0,6,0,0,4,0,1,5,2,0,22,17,12,8,2,1
I864,0,48,7,0,0,0,15,s,0,s,4,0,1,0,0,6,27,0,4,0,1,5,2,0,22,17,12,8,2,1
I866,0,48,7,0,0,0,15,s,0,s,4,8,1,3,0,6,27,0,4,0,1,5,s,0,22,17,12,8,s,1
1245,0,d,7,0,0,d,15,s,d,s,4,8,1,d,6,6,27,0,4,0,1,5,s,0,22,17,12,8,s,1
1244,0,48,7,0,0,0,15,s,0,s,d,8,1,3,0,6,27,0,4,0,1,5,s,0,d,17,12,8,s,1
1117,0,d,d,0,0,0,15,s,2,s,4,0,1,5,0,6,27,1,4,s,1,5,2,0,22,17,12,8,d,1
I871,0,48,7,0,0,0,0,1,0,s,4,10,1,0,0,6,0,0,4,0,1,5,2,0,22,17,12,8,2,1
I872,0,48,7,0,0,0,0,1,0,s,4,10,1,28,0,6,0,0,4,0,1,5,2,0,22,17,12,8,2,1
1422,0,48,d,0,0,0,0,d,0,s,4,d,1,28,0,s,0,0,4,0,s,5,d,0,22,17,12,d,2,1
1553,0,48,7,d,0,0,0,1,0,s,s,10,1,28,0,6,40,0,4,0,1,5,2,0,d,17,12,8,2,d
1759,d,48,d,0,0,0,d,1,0,s,4,10,1,0,0,6,0,1,4,0,1,5,2,0,22,s,12,8,2,1
I886,0,0,7,0,0,0,0,0,0,0,4,8,0,0,0,6,0,0,4,0,1,5,2,0,0,s,12,8,2,1
I887,0,0,7,0,s,0,0,0,2,0,4,8,0,0,0,6,0,0,4,12,1,5,2,0,0,s,12,8,2,1
1596,0,0,7,0,s,d,0,0,2,0,4,8,31,0,0,6,0,0,4,12,1,5,d,0,d,s,12,8,2,d
1433,0,d,d,0,s,0,0,0,2,0,d,d,0,0,d,6,0,d,d,12,1,5,2,0,d,s,d,d,2,1
I890,0,0,7,0,0,0,0,0,0,0,4,8,6,0,0,6,10,0,4,0,1,5,2,0,3,s,12,8,2,1
I891,0,0,7,0,0,0,0,0,0,0,4,8,6,0,2,6,10,0,4,0,1,5,2,0,3,s,12,8,2,1
1869,0,0,d,0,0,0,d,0,0,0,4,8,6,d,2,d,10,0,4,0,1,5,2,0,3,s,12,d,d,1
1868,0,0,d,0,0,0,0,0,0,0,s,d,6,0,2,6,10,0,4,d,1,5,2,0,3,s,12,8,d,1
1826,0,0,7,d,0,0,0,1,0,0,4,8,6,d,0,6,10,0,4,0,1,5,2,0,d,s,12,8,2,1
I893,s,0,7,0,1,0,2,0,0,0,4,0,0,0,2,6,0,0,4,0,1,0,5,0,0,17,0,12,2,0
I894,s,0,7,0,1,0,2,0,0,0,4,0,0,19,2,6,0,0,4,20,1,0,5,0,0,17,0,12,2,1
I895,s,0,7,0,1,1,2,0,0,0,4,0,0,19,2,6,0,0,4,20,1,25,5,0,0,17,0,12,2,1
I896,s,0,7,0,1,1,2,0,0,0,4,0,0,19,2,6,10,0,4,20,1,25,5,0,0,17,0,12,2,1
I897,s,0,7,0,1,1,2,0,0,0,4,0,15,19,2,6,10,0,4,20,1,25,5,0,s,17,0,12,2,1
I898,s,0,7,0,1,1,2,0,0,0,4,8,15,19,2,6,10,0,4,20,1,25,5,0,s,17,0,12,2,1
1438,s,0,d,2,1,1,2,0,0,0,4,8,d,19,2,6,d,0,4,20,1,25,5,s,s,17,0,12,2,1
1227,s,0,7,2,d,1,2,0,0,d,d,d,15,19,2,6,10,0,4,20,1,d,5,d,s,17,0,12,2,1
I901,s,19,7,2,1,1,2,1,0,0,4,0,15,19,2,6,10,0,4,20,1,25,5,0,s,17,0,12,2,1
1242,s,19,7,2,1,1,2,1,0,0,4,0,15,d,2,6,d,0,4,20,1,25,5,0,s,17,0,12,2,1
1328,s,19,7,2,d,d,2,1,0,0,4,0,15,19,2,d,10,0,4,20,1,25,5,d,s,17,s,12,2,1
I904,s,0,7,2,1,1,2,0,0,1,4,0,0,19,2,6,10,0,4,20,1,25,5,0,0,17,0,12,2,1
I905,s,0,7,2,1,1,2,0,0,1,4,0,0,19,2,6,10,0,4,20,1,25,5,0,0,17,0,s,2,1
I906,s,0,7,2,1,1,2,0,0,1,4,0,0,19,2,6,10,0,4,20,1,25,5,0,37,17,0,s,2,1
1397,s,d,7,2,d,d,d,1,0,1,4,d,d,19,2,6,10,0,4,d,1,25,5,2,37,17,d,s,d,1
1396,s,0,7,2,1,d,2,0,0,1,4,0,0,d,2,6,10,0,4,20,1,25,5,0,37,17,0,s,2,1
1248,s,0,7,2,1,1,2,d,2,1,d,8,0,19,2,6,d,1,4,20,1,25,5,s,0,17,0,s,2,1
I910,s,4,7,2,1,1,2,0,0,1,4,0,0,19,2,6,10,0,4,20,1,25,5,0,0,17,0,12,2,1
1737,s,4,7,d,1,1,2,0,0,1,4,0,0,19,2,6,10,0,4,20,1,25,5,0,0,17,0,12,d,1
1736,s,d,7,2,d,1,2,0,0,1,4,0,0,19,2,d,10,0,4,20,1,25,5,0,0,17,0,12,2,1
I911,s,27,7,0,1,1,2,0,0,0,4,0,0,19,2,6,0,0,4,20,1,25,5,0,0,17,0,12,2,1
I912,s,27,7,0,1,1,2,0,0,0,4,0,6,19,2,6,31,0,4,20,1,25,5,0,0,17,0,12,2,1
I914,s,27,7,2,1,1,2,2,0,0,4,0,6,19,2,6,31,0,4,20,1,25,5,11,0,17,s,12,2,1
1495,s,27,d,2,d,1,2,2,0,0,4,0,6,19,2,6,31,0,4,20,1,25,d,11,d,17,s,12,2,1
1494,s,27,7,2,1,s,2,2,0,0,4,d,s,19,2,6,31,0,4,20,1,25,5,11,0,17,s,12,2,1
1657,s,27,7,d,1,s,2,0,0,1,4,s,6,19,2,6,31,0,d,20,1,d,5,d,0,17,0,12,2,1
I919,s,27,7,0,1,1,2,0,0,1,4,0,0,19,2,6,0,0,4,20,1,s,5,0,0,17,0,12,2,1
I920,s,27,7,2,1,1,2,0,0,1,4,0,0,19,2,6,0,0,4,20,1,s,5,0,0,s,0,12,2,1
1276,s,d,7,2,d,d,2,0,0,1,4,0,0,19,2,6,d,0,4,d,1,s,5,7,s,s,d,12,d,1
1683,s,27,7,2,1,1,2,0,0,d,4,0,0,19,d,d,d,d,4,20,1,s,5,12,0,s,0,12,2,1
I923,s,27,7,0,1,1,2,0,0,1,4,0,0,19,2,6,0,0,4,20,1,s,5,0,0,17,0,12,2,1
I924,s,27,7,0,1,1,2,0,0,1,4,0,0,19,2,6,0,0,4,20,1,s,s,0,0,17,0,12,2,1
1931,s,27,7,d,1,1,d,0,0,1,4,0,0,19,2,6,0,0,4,20,1,s,s,0,0,17,0,12,d,1
1930,s,27,7,0,1,1,2,0,d,d,4,0,0,19,2,6,0,0,4,20,1,s,s,d,0,17,0,12,2,1
1803,s,27,7,0,1,1,2,0,0,1,4,0,0,19,2,6,0,0,4,20,d,s,5,0,0,17,0,d,2,d
I926,s,0,7,0,1,6,2,0,0,0,4,0,0,19,2,6,0,0,4,20,1,0,5,0,0,17,0,12,2,1
I927,s,0,7,0,1,6,2,0,0,0,4,0,0,19,2,6,0,0,4,20,1,0,5,0,0,17,0,12,2,1
I928,s,0,7,0,1,6,2,0,0,0,4,0,0,19,2,6,33,0,4,20,1,0,5,0,0,17,0,12,2,1
I929,s,0,7,0,1,6,2,0,0,0,4,0,0,19,2,6,33,0,4,20,1,0,5,0,0,17,0,12,2,1
I930,s,0,7,0,1,6,2,0,0,0,4,0,0,19,2,6,s,0,4,20,1,0,5,0,0,17,0,12,2,1
1843,s,d,7,0,1,d,2,0,0,d,d,0,0,19,d,6,s,0,d,20,1,0,5,0,0,17,0,12,2,1
1842,s,0,7,d,1,6,2,0,0,0,4,0,2,d,2,6,s,d,4,20,1,0,5,0,d,17,0,d,2,d
1926,s,8,7,0,1,d,2,d,d,0,4,d,0,19,2,6,33,0,4,20,1,0,5,0,0,17,0,12,2,1
I932,s,0,7,0,1,6,2,0,0,0,4,0,0,19,2,6,33,0,4,20,1,0,5,0,0,17,0,12,2,1
1848,s,0,7,0,1,6,2,0,0,d,4,0,0,19,2,6,33,0,4,20,1,0,5,0,0,17,0,12,2,1
1877,s,0,d,0,1,6,2,0,0,0,4,0,d,19,2,6,33,0,4,d,1,0,5,0,0,17,0,12,2,1
I935,s,0,7,0,1,s,2,0,0,0,4,0,0,19,2,6,0,0,4,20,1,4,5,0,0,17,0,12,2,1
I936,s,0,7,0,1,s,2,0,0,0,4,0,0,19,2,6,0,0,4,20,1,4,5,0,0,17,0,12,2,1
1960,s,0,7,0,1,s,2,d,0,d,4,0,0,19,2,6,0,0,4,20,s,4,5,0,0,17,0,12,2,d
1990,s,d,7,0,1,s,2,0,0,0,4,0,0,19,d,d,0,d,4,20,1,4,5,0,0,d,0,12,2,d
1934,s,0,d,0,1,s,2,0,4,0,4,0,0,19,2,6,0,0,4,d,1,4,5,0,d,17,7,12,2,d
I942,s,0,7,0,1,6,2,0,0,0,4,0,0,19,2,6,0,0,4,20,1,11,5,0,0,17,0,12,2,1
I943,s,0,7,0,1,6,2,1,0,0,4,0,12,19,2,6,0,0,4,20,1,11,5,0,0,17,0,12,2,1
I944,s,0,7,0,1,6,2,1,0,0,4,0,12,19,2,6,0,0,4,20,1,11,5,0,0,17,0,12,2,1
1716,s,0,7,0,1,6,2,1,0,0,4,0,12,19,2,6,0,0,d,20,1,11,5,0,0,17,0,12,2,1
1912,s,2,7,d,1,6,2,1,0,0,4,0,12,19,2,6,0,1,4,20,1,11,5,s,0,d,d,12,2,1
1616,s,0,7,0,1,6,2,1,d,0,4,d,12,19,2,d,s,d,4,20,1,d,5,0,0,17,0,12,2,1
I950,s,0,7,0,1,6,2,0,2,0,4,0,0,19,2,6,0,0,4,20,1,11,5,0,0,17,0,12,2,1
I951,s,0,7,0,1,6,2,0,2,0,4,8,0,19,2,6,0,0,4,20,1,11,5,0,0,17,0,12,2,1
1628,s,0,d,0,1,6,d,0,2,0,4,8,0,d,2,6,0,0,4,20,1,11,5,0,d,17,d,12,2,1
1928,s,0,7,0,1,6,d,0,2,d,d,8,0,19,2,d,0,0,4,20,1,11,5,d,0,17,0,12,d,1
I954,s,4,7,0,s,6,2,0,2,0,4,0,0,19,2,6,0,0,4,20,1,11,5,0,0,17,0,12,2,1
I955,s,4,7,0,s,6,2,2,2,0,4,0,0,19,2,6,39,0,4,20,1,11,5,4,0,17,0,12,2,1
1945,s,4,7,0,s,6,2,2,2,0,4,0,0,19,d,6,39,0,4,20,d,11,5,4,0,17,d,d,2,1
1944,s,4,7,0,s,d,2,2,2,0,4,0,0,19,d,d,d,0,4,d,d,11,d,4,d,17,0,12,d,1
1862,s,4,7,0,s,6,2,0,2,0,4,0,d,19,2,6,0,0,d,20,1,11,d,11,0,17,0,12,2,1
I957,s,0,7,0,1,0,2,0,0,0,4,0,0,0,2,6,0,0,4,0,1,0,5,0,0,s,0,12,2,0
I958,s,0,7,0,1,0,2,2,s,0,4,0,0,0,2,6,0,0,4,0,1,0,5,2,0,s,0,12,2,s
I959,s,0,7,0,1,0,2,2,s,0,4,8,0,0,2,6,0,0,4,18,1,0,5,2,0,s,26,12,2,s
I960,s,0,7,2,1,0,2,2,s,0,4,8,0,0,2,6,0,0,4,18,1,0,5,2,17,s,26,12,2,s
I962,s,0,7,2,1,0,2,s,s,0,4,8,0,0,2,6,1,0,4,18,1,0,5,2,17,s,26,12,2,s
1213,s,0,d,2,1,0,2,s,s,0,d,8,0,0,2,6,1,1,4,18,1,0,5,2,17,s,d,d,2,s
1212,s,0,7,d,1,0,2,s,s,0,4,8,0,0,2,6,1,s,4,18,1,0,5,2,17,s,26,d,d,s
I964,s,0,7,2,1,0,2,2,s,0,4,8,0,21,2,6,0,0,4,18,1,0,5,2,17,s,26,12,2,s
1075,s,0,7,2,1,0,2,2,s,1,4,8,11,21,2,6,s,0,4,18,d,2,5,2,d,s,d,12,2,s
1061,s,0,7,2,s,0,2,2,s,0,4,8,d,21,2,6,0,0,4,18,s,d,5,2,17,s,26,12,2,s
I967,s,0,7,0,1,0,2,2,s,0,4,8,14,0,2,6,0,0,4,18,1,0,5,2,0,s,26,12,2,s
1580,s,0,7,0,1,33,d,2,s,d,4,8,14,27,2,d,0,0,d,18,1,0,5,2,7,s,26,12,2,s
I971,s,0,7,0,1,0,2,2,s,0,4,8,14,0,2,6,0,0,4,18,1,0,5,2,0,s,26,12,2,s
I972,s,0,7,0,1,0,2,2,s,0,4,8,14,0,2,6,0,0,4,s,1,0,5,2,0,s,26,12,2,s
1315,s,0,7,2,1,0,d,2,s,0,4,d,14,0,2,6,0,0,4,s,1,0,5,2,0,s,26,12,2,s
1314,s,0,7,0,1,28,2,2,s,0,4,8,d,0,2,6,0,s,4,s,1,0,d,d,d,s,26,12,2,s
I973,s,0,7,0,1,0,2,2,s,0,4,8,14,0,2,6,0,s,4,18,1,0,5,2,0,s,26,12,2,s
1447,s,0,7,0,1,d,2,2,s,0,4,8,14,0,2,6,1,s,d,18,d,d,5,2,0,s,26,12,2,s
1446,s,0,7,0,d,0,d,d,s,0,4,8,14,0,2,d,d,s,4,d,s,0,5,2,0,s,d,12,2,s
I974,s,0,7,0,1,0,2,2,s,0,4,0,0,0,2,6,0,0,4,0,1,0,5,2,0,s,0,12,2,s
I975,s,0,7,0,1,0,2,2,s,0,4,0,0,0,2,6,0,0,4,0,1,0,5,2,0,s,0,12,2,s
1308,s,25,7,1,1,d,2,2,s,s,4,0,0,d,2,6,0,0,d,0,1,0,5,2,0,s,13,12,2,s
I979,s,0,7,0,1,0,2,2,s,0,4,0,0,0,2,6,0,0,4,0,1,0,5,2,0,s,12,12,2,s
1513,s,0,7,0,1,0,2,2,s,0,4,0,0,d,2,6,0,0,4,d,1,0,5,2,0,s,12,12,2,s
I981,s,0,7,0,1,0,2,2,s,1,4,0,0,0,2,6,0,0,4,0,1,0,5,2,0,s,12,12,2,s
1703,s,0,7,0,1,0,2,2,s,1,4,0,0,d,2,6,0,0,4,0,d,d,5,2,0,s,12,12,2,s
1702,s,0,7,0,1,0,2,2,s,1,4,0,0,0,d,6,0,d,4,0,d,0,5,2,35,s,d,12,2,s
I982,s,0,7,2,1,0,2,2,s,0,4,0,0,0,2,6,0,0,4,0,1,0,5,2,0,s,0,12,2,s
I983,s,0,7,2,1,0,2,2,s,0,4,0,0,0,2,6,0,0,4,12,1,0,5,2,0,s,0,12,2,s
1729,s,0,7,2,1,0,2,2,s,d,4,0,0,11,d,6,0,0,4,12,1,0,5,2,0,s,0,12,2,s
1632,s,0,7,2,1,d,2,d,s,0,4,0,0,0,d,d,0,0,4,d,1,d,5,2,0,s,0,12,2,s
1590,s,0,7,2,1,1,2,s,s,0,d,0,11,0,2,6,0,0,4,0,1,0,d,d,d,s,0,12,2,s
I989,s,0,7,0,1,0,2,0,0,0,4,0,0,0,2,6,0,0,4,0,1,0,5,0,0,s,0,12,2,0
I990,s,0,7,0,1,0,2,0,0,0,4,0,0,0,2,6,0,0,4,0,1,0,5,1,0,s,0,12,2,s
I991,s,0,7,0,1,4,2,0,0,0,4,0,0,0,2,6,0,0,4,0,1,2,5,1,0,s,0,12,2,s
I992,s,0,7,0,1,4,2,0,0,0,4,0,0,0,2,6,0,0,4,0,1,2,5,1,0,s,0,12,2,s
I993,s,47,7,0,1,4,2,0,s,0,4,0,0,0,2,s,25,0,4,0,1,2,5,1,0,s,0,12,2,s
1313,s,47,7,0,d,4,2,d,s,0,4,0,0,27,2,s,25,0,4,0,1,2,5,1,0,s,0,12,2,s
1312,s,d,d,0,d,4,d,0,s,0,4,0,0,0,d,s,25,0,d,d,s,2,5,1,0,s,0,12,2,s
1230,s,0,d,0,1,4,2,0,0,0,4,0,0,0,d,6,0,0,4,0,d,2,5,d,7,s,0,12,2,s
I995,s,0,7,0,1,4,2,0,0,0,4,0,1,0,2,6,0,0,4,0,1,s,5,1,0,s,0,12,2,s
1509,s,0,7,0,d,4,2,0,0,0,4,12,1,0,2,6,33,1,4,26,1,s,5,1,0,s,0,12,2,s
1395,s,0,s,2,1,4,2,0,0,0,4,d,1,0,2,6,0,d,4,20,1,s,5,1,0,s,d,12,2,s
I998,s,0,7,0,1,2,2,0,0,0,4,0,0,0,2,6,0,0,4,0,1,0,5,1,0,s,0,12,2,s
I999,s,6,7,0,1,2,2,0,2,0,4,0,0,0,2,6,0,1,s,0,1,0,5,1,0,s,0,12,2,s
2014,s,d,7,0,1,d,2,0,2,0,4,0,0,0,2,6,0,1,s,0,1,2,5,1,d,s,0,12,2,s
I1002,s,6,7,0,1,2,2,0,2,0,4,0,0,0,2,6,0,1,s,0,1,0,5,1,0,s,0,12,2,s
1987,s,d,s,d,d,2,2,0,2,0,4,0,0,d,2,6,0,d,s,0,1,0,5,1,0,s,0,12,2,s
1026,s,6,d,d,1,2,2,0,d,0,4,d,d,0,2,6,0,1,s,0,1,0,5,d,0,s,0,12,2,s
I1004,s,0,7,0,1,2,2,0,0,0,4,0,0,0,2,6,0,0,4,0,1,0,5,1,0,s,0,12,s,s
I1005,s,0,7,0,1,2,2,0,0,0,4,0,0,0,2,6,8,0,4,0,1,15,5,1,0,s,0,12,s,s
2004,s,0,7,0,d,2,2,0,0,0,4,5,0,7,2,6,8,0,4,0,1,15,5,1,0,s,0,12,s,s
1010,s,2,7,0,1,2,2,0,0,1,4,0,0,0,s,6,8,0,4,0,1,s,5,1,0,s,0,12,s,s
I1007,s,0,7,0,1,2,2,0,0,0,4,0,0,0,2,6,0,0,4,0,1,0,5,1,0,s,0,12,s,s
1978,s,0,d,0,1,2,2,0,d,0,d,0,0,0,2,d,0,0,4,19,1,d,5,1,d,s,0,d,s,s
1038,s,d,7,0,1,2,2,0,0,0,4,d,0,d,d,6,0,0,4,0,d,0,5,1,0,s,0,12,s,s
I1009,s,0,7,0,1,0,2,0,0,0,4,0,0,0,2,6,0,1,4,0,1,0,5,31,0,s,0,12,2,0
I1010,s,0,7,0,1,0,2,0,0,0,4,0,0,0,2,6,0,1,4,0,1,0,5,31,0,s,0,12,2,0
I1011,s,0,7,0,1,0,2,1,0,0,4,8,0,0,2,6,0,1,4,0,1,0,5,31,0,s,0,12,2,0
1304,s,22,d,d,s,0,2,d,0,1,4,8,0,3,2,6,0,1,4,0,1,d,5,d,d,s,0,12,2,1
1115,s,s,7,d,1,d,s,1,2,d,4,s,0,0,2,6,0,1,d,s,1,0,5,31,0,s,0,12,2,0
1163,s,0,7,0,s,0,2,d,d,1,4,d,0,0,2,6,0,1,4,0,1,0,5,31,d,s,0,12,s,0
I1017,s,0,7,0,1,0,2,0,0,0,4,0,0,0,2,6,0,1,4,20,1,0,5,31,0,s,0,12,2,1
1370,s,0,s,0,1,0,2,d,2,s,4,0,d,0,2,d,d,1,4,20,1,9,5,d,0,s,0,12,2,1
I1021,s,0,7,0,1,0,2,0,0,1,4,0,0,0,2,6,0,1,4,20,1,0,5,31,0,s,0,12,2,1
1096,s,0,7,0,1,0,2,0,0,1,4,0,0,25,2,6,0,1,4,20,1,0,5,31,17,s,0,12,2,1
1336,s,48,7,0,1,0,2,d,d,1,4,0,0,0,2,d,d,1,4,20,1,0,d,31,0,s,s,12,2,1
