cell,r1,r2,r3,r4,r5,r6,r7,r8,r9,r10,r11,r12,r13,r14,r15,r16,r17,r18,r19,r20,r21,r22,r23,r24,r25,r26,r27,r28,r29,r30
I1,0,0,0,0,0,0,0,0,0,0,0,3,0,0,0,0,0,0,0,0,0,0,0,0,0,0,0,0,0,0
I2,0,0,0,0,0,0,0,0,0,0,0,3,0,0,0,0,0,0,0,0,0,0,0,0,0,0,22,0,0,0
I3,0,0,0,0,0,16,0,0,0,0,5,3,0,0,0,4,0,0,0,0,0,0,0,0,10,0,22,0,1,0
I4,0,0,0,0,0,16,0,0,0,0,5,3,0,0,0,4,0,0,0,0,1,0,0,0,10,0,22,0,1,0
I5,0,0,0,0,0,16,0,0,0,0,5,3,0,0,0,4,0,0,0,41,1,0,0,0,10,0,22,0,1,0
I6,0,0,0,1,0,16,0,0,0,0,5,3,0,0,2,4,0,0,0,41,1,0,0,0,10,0,22,0,1,0
I7,0,0,0,1,0,16,0,0,0,0,5,3,0,0,2,4,0,0,0,41,1,0,0,0,10,0,22,2,1,0
I8,2,0,0,1,0,16,0,0,0,0,5,3,0,0,2,4,0,2,0,41,1,0,0,0,s,s,22,2,1,0
1980,2,2,0,1,1,16,d,0,0,5,5,d,0,0,2,4,0,2,0,41,1,d,d,0,s,s,22,2,1,0
I12,2,0,0,1,0,16,0,0,0,0,5,3,0,0,2,4,0,2,0,41,1,0,0,0,s,s,22,2,1,0
I13,2,0,0,1,0,16,31,0,0,0,5,3,0,0,2,4,0,2,0,41,1,0,0,0,s,s,22,2,1,0
1425,2,0,d,d,0,16,31,0,d,0,5,3,d,d,2,d,0,2,0,41,1,0,0,0,s,s,22,2,1,d
1424,2,d,0,d,0,16,d,0,d,0,5,3,0,d,2,4,0,d,0,d,d,0,0,0,s,s,d,2,1,d
1627,2,0,0,1,0,16,d,0,0,0,5,3,d,0,2,4,0,2,0,41,1,0,0,s,s,s,22,2,1,0
I15,s,0,4,1,0,16,5,0,0,0,5,3,2,0,2,4,0,0,0,41,1,0,0,0,10,0,22,2,1,0
1420,s,2,4,1,0,16,5,d,0,5,5,3,2,0,2,4,0,0,0,41,1,0,d,0,10,3,s,2,1,0
I19,s,0,4,1,0,16,5,6,0,0,5,3,2,0,2,4,0,0,0,41,1,0,0,0,10,s,22,2,1,0
I20,s,2,4,1,0,16,5,6,0,0,5,3,2,0,2,4,3,0,0,41,1,0,0,0,10,s,22,2,1,0
1283,s,2,4,d,d,d,5,d,0,0,5,3,d,0,2,d,3,0,0,41,1,0,0,d,10,s,22,2,s,0
1282,s,2,d,1,0,16,d,6,0,0,5,3,2,d,2,d,3,0,0,d,1,0,d,0,10,s,22,2,1,0
I21,s,0,4,1,0,16,5,6,0,0,5,3,2,0,2,4,0,0,0,41,1,1,0,0,10,s,22,2,1,0
1599,s,d,4,1,d,16,5,6,0,0,5,d,2,0,2,4,0,d,0,41,d,d,0,d,10,s,22,2,1,0
1598,s,0,4,1,0,16,5,6,0,0,5,3,2,0,2,4,d,0,0,41,1,d,0,0,10,s,22,2,1,0
I30,s,0,0,1,1,16,0,17,0,0,5,3,0,0,2,4,0,0,0,41,1,0,0,0,10,0,22,2,1,0
I31,s,0,0,1,1,16,0,17,0,0,5,3,0,0,2,4,0,0,0,41,s,0,0,0,10,0,22,2,1,0
I32,s,0,0,1,1,16,0,17,0,0,s,3,0,0,2,4,0,0,0,41,s,0,0,0,10,0,22,2,1,0
1521,s,0,d,d,1,d,0,17,0,d,s,3,d,0,2,4,0,0,0,41,s,0,0,0,10,d,22,d,1,0
1520,s,0,d,1,1,16,0,17,d,0,s,3,0,9,2,4,0,0,0,41,s,0,0,0,10,0,22,2,1,0
I33,s,0,0,1,1,16,0,17,0,0,5,3,0,0,2,4,0,0,0,41,s,0,0,0,10,0,22,2,1,10
1505,s,0,0,1,1,16,0,17,0,0,5,3,0,0,2,d,0,0,0,41,s,1,0,0,10,0,22,d,d,10
1504,s,0,0,1,1,16,0,17,d,d,d,3,0,0,2,4,0,0,0,41,s,d,0,0,10,0,22,d,1,10
I34,s,0,0,1,1,16,0,17,0,5,5,3,0,0,2,4,0,0,0,s,1,0,0,0,10,0,22,2,1,0
1491,s,0,0,1,1,16,0,17,0,5,5,d,0,0,s,4,d,0,0,s,1,0,0,0,10,0,22,2,1,0
1755,s,0,d,1,1,16,0,17,0,5,5,3,0,d,d,4,d,1,0,s,1,0,0,2,d,0,22,2,1,27
I37,0,0,0,0,0,16,2,0,0,0,5,3,0,0,0,4,0,0,0,41,1,0,0,0,10,0,22,0,1,0
I38,0,0,0,0,0,16,2,0,0,0,5,3,0,0,0,4,0,0,0,41,1,0,0,0,10,0,22,0,1,0
I39,0,0,s,0,0,16,2,0,0,0,5,3,0,0,0,4,0,0,1,41,1,0,8,0,10,0,22,0,1,2
I41,0,2,s,0,0,16,2,0,0,0,5,3,0,0,0,4,1,0,1,41,1,0,8,0,10,0,22,0,1,2
1303,0,2,s,0,0,16,2,0,0,0,d,3,0,0,0,4,1,0,1,41,1,d,8,0,10,0,22,0,1,2
1302,0,2,s,0,0,16,2,0,0,0,5,3,0,0,2,4,1,d,1,41,1,0,8,0,10,d,d,0,1,2
I43,0,0,s,0,0,16,2,0,0,0,5,3,0,0,0,4,0,0,1,41,1,0,8,0,10,0,22,0,1,2
1449,s,0,s,0,0,16,2,s,d,0,d,3,0,0,0,d,0,0,d,41,1,0,8,0,10,0,d,2,1,2
I45,0,0,s,0,0,16,2,0,0,0,5,3,0,0,0,4,0,0,1,41,s,0,8,0,s,2,22,0,1,s
1349,0,0,s,0,0,16,2,d,d,0,5,3,0,d,0,4,0,d,1,d,s,0,8,0,s,d,22,0,1,s
1348,0,d,s,0,0,d,2,0,0,0,5,3,d,0,0,4,0,0,1,41,s,0,8,0,s,2,22,0,1,s
I46,0,0,0,0,0,16,2,7,0,0,5,3,0,0,0,4,0,0,0,41,1,0,0,0,10,0,22,0,1,0
I47,2,0,0,0,0,16,2,7,0,0,5,3,0,0,0,s,0,0,0,41,1,0,0,0,10,2,22,0,1,0
1970,d,d,0,0,1,d,2,7,10,0,5,3,0,0,0,s,0,2,d,41,s,0,0,2,10,2,22,2,1,d
1193,2,0,0,0,s,16,2,7,0,0,5,d,0,0,d,s,0,d,0,41,1,0,1,1,10,2,22,0,1,0
I52,s,2,5,0,0,16,2,7,0,0,5,3,0,0,0,4,0,2,16,41,1,0,8,0,10,0,22,6,1,3
1125,s,2,d,0,0,16,2,7,s,0,5,3,3,0,0,d,d,2,16,d,1,0,8,d,10,d,d,6,1,3
1124,s,2,5,0,d,16,d,7,12,0,5,3,0,0,0,d,0,2,16,41,1,0,8,0,10,0,22,6,d,3
I54,0,0,0,0,0,16,2,s,0,0,5,3,0,15,2,4,0,0,0,41,1,0,5,1,10,0,22,2,1,0
1118,d,s,0,0,0,16,2,s,0,d,d,3,d,15,2,4,1,0,d,41,1,d,5,1,10,0,22,2,1,41
1339,2,0,0,0,1,16,2,s,d,d,5,3,3,15,2,d,0,0,16,41,1,0,5,d,10,0,22,2,d,10
I69,0,0,4,0,0,16,0,0,0,0,5,3,0,0,0,s,0,0,21,0,1,0,0,0,10,0,22,0,1,0
I70,0,0,4,0,0,16,0,0,0,0,5,3,0,0,0,s,0,0,21,0,1,0,0,0,10,0,22,0,1,0
I71,0,0,4,0,0,16,0,0,0,0,5,3,0,0,0,s,0,0,21,0,1,0,0,0,10,2,22,0,1,0
I72,0,0,4,0,0,16,0,0,0,0,5,3,0,0,0,s,0,0,21,0,1,0,0,0,10,2,22,0,1,0
I73,0,0,4,0,0,16,0,8,0,0,5,3,3,0,0,s,0,0,21,0,1,0,0,0,10,2,22,0,1,0
I74,0,0,4,0,0,16,0,8,0,0,5,3,3,0,0,s,0,0,21,0,1,0,0,2,10,2,22,0,1,0
1287,0,0,4,d,0,16,0,8,0,0,5,3,3,0,d,s,0,0,21,0,d,d,0,2,10,2,22,0,d,0
1286,0,0,4,d,1,16,0,8,0,0,d,3,3,0,d,s,0,0,21,0,1,0,0,2,10,d,22,0,1,0
1150,0,0,4,0,1,d,0,8,6,d,5,3,d,0,0,s,0,0,21,0,1,0,0,0,10,2,22,0,1,5
I76,0,0,4,0,0,16,0,0,0,0,5,3,3,0,0,s,0,0,21,0,1,0,0,0,10,2,22,0,1,27
I77,0,2,4,0,0,16,0,0,0,0,5,3,3,0,0,s,0,0,21,0,1,0,0,0,10,2,22,0,1,27
1159,s,2,4,0,0,16,0,d,0,0,5,3,3,0,0,s,0,0,21,0,1,0,0,0,10,2,22,0,1,27
1158,0,2,d,0,1,16,0,0,0,0,5,3,d,0,0,s,0,0,21,0,1,0,0,0,10,2,22,0,d,27
1253,0,2,d,0,0,d,0,0,0,0,5,3,3,d,0,s,0,0,21,0,1,0,0,0,10,s,d,d,1,27
I79,0,0,4,0,0,s,0,0,0,0,5,3,0,0,0,s,0,0,21,0,1,0,2,0,10,2,22,0,1,0
I80,0,0,4,0,0,s,0,1,0,0,5,3,0,0,0,s,0,0,21,0,1,0,2,0,10,2,22,0,1,0
1343,0,0,4,0,0,s,0,1,10,0,5,3,d,0,d,s,0,2,d,d,1,0,2,0,10,2,22,d,1,0
I82,0,0,4,0,0,s,0,1,0,5,5,3,0,0,0,s,1,0,21,0,1,0,2,0,10,2,22,0,1,28
1719,d,0,4,0,0,s,d,1,0,5,5,3,0,0,0,s,1,d,d,d,1,0,2,0,10,2,22,d,1,28
1718,0,0,4,0,0,s,0,1,0,5,5,3,d,0,0,s,1,0,21,0,1,0,2,0,10,2,22,d,1,28
I83,0,0,4,0,0,s,0,0,0,0,5,3,0,0,0,s,0,2,21,0,1,0,2,0,10,2,22,0,1,0
I84,0,0,4,1,0,s,0,0,0,0,5,3,8,5,0,s,0,2,21,16,1,0,2,2,10,2,22,0,1,0
1111,0,d,4,1,d,s,0,d,10,0,d,3,d,5,2,s,0,2,21,16,1,0,2,2,10,2,22,0,1,0
1110,d,0,4,d,0,s,0,0,0,0,5,3,8,d,0,s,0,2,21,d,1,1,2,2,10,2,22,0,1,d
I85,0,0,4,0,0,s,0,7,0,5,5,3,3,0,0,s,0,2,21,0,1,0,2,0,10,2,22,0,1,0
1071,0,0,4,d,0,s,0,7,0,5,5,3,3,0,0,s,0,2,21,d,1,2,2,0,d,2,22,0,1,0
2029,0,0,4,0,0,s,0,7,d,5,5,3,3,0,0,s,0,2,21,0,1,d,2,0,d,2,22,d,1,0
I87,2,0,4,0,0,16,0,0,0,0,5,3,0,27,0,s,0,0,21,0,1,1,0,0,10,2,22,0,1,0
I88,2,0,4,0,1,16,0,0,0,0,5,3,0,27,2,s,0,0,21,0,1,1,0,0,10,2,22,0,1,0
I89,2,0,4,0,1,16,0,0,0,0,5,3,0,27,2,s,0,0,21,0,1,1,0,5,10,2,22,0,1,0
I90,2,0,4,0,1,16,0,0,0,0,5,3,0,27,2,s,0,0,21,0,1,1,0,s,10,2,22,0,1,0
1191,2,d,4,0,1,16,0,7,0,d,5,3,d,27,2,s,0,0,21,0,1,d,0,s,10,2,22,0,1,0
1190,2,d,4,d,d,d,0,0,0,0,5,d,0,27,2,s,d,0,21,0,1,1,1,s,d,2,22,0,1,0
1298,2,0,d,0,1,16,0,0,0,0,5,3,0,27,d,s,s,d,21,0,1,1,0,5,10,2,22,0,d,0
I92,2,0,4,0,1,16,0,0,0,0,5,3,0,27,2,s,0,0,21,0,1,1,0,0,10,2,22,0,1,0
I93,2,0,4,0,1,16,0,0,0,0,5,3,2,27,s,s,0,2,21,0,1,1,0,0,10,2,22,0,1,0
1263,2,0,4,0,1,16,0,0,0,0,5,d,2,27,s,s,d,2,21,0,d,1,8,d,d,2,d,0,1,0
1262,2,0,d,0,1,16,6,0,0,0,5,3,2,27,s,s,0,s,21,0,1,1,0,0,d,2,22,0,1,0
1376,2,0,4,0,1,16,0,d,0,0,5,3,0,27,2,s,1,0,21,0,1,1,0,0,10,2,22,0,1,0
I95,2,0,4,1,1,16,0,0,0,0,5,3,0,27,0,s,0,0,21,0,1,1,0,0,10,2,22,0,1,0
1250,2,d,4,1,1,16,0,0,d,0,5,3,0,27,0,s,0,d,21,4,1,1,0,0,10,2,d,0,d,0
I101,2,2,4,1,1,s,0,0,26,0,5,3,0,27,0,s,0,0,21,0,1,1,0,0,10,2,22,0,1,0
1407,2,2,4,1,1,s,d,0,d,0,5,d,0,27,0,s,d,0,21,0,1,1,1,0,10,2,22,d,d,0
1406,2,2,4,1,1,s,0,0,d,0,5,3,0,27,0,s,0,0,21,0,d,1,0,0,10,2,22,0,1,0
I102,0,0,4,0,0,16,27,0,0,0,5,3,0,17,0,s,0,0,21,0,1,0,0,0,10,0,22,0,1,0
I103,0,0,4,0,0,16,27,0,14,0,5,3,0,17,0,s,0,0,21,0,1,0,0,0,10,3,22,0,1,0
I104,0,0,4,0,0,16,27,0,14,0,5,3,0,17,0,s,0,0,21,0,1,0,0,0,10,3,22,0,1,0
I105,0,0,4,0,1,16,27,0,14,0,5,3,0,17,0,s,0,0,21,0,1,0,0,0,10,3,22,2,1,0
I106,0,0,4,0,1,16,27,0,14,0,5,3,7,17,0,s,0,0,21,0,1,1,2,0,10,3,22,2,1,0
1007,0,0,4,d,1,16,27,0,14,0,d,3,7,17,0,s,0,0,21,0,1,1,d,0,10,3,22,2,1,0
I107,0,0,4,0,1,16,27,0,14,0,5,3,7,17,0,s,0,0,21,7,1,1,2,0,10,3,22,2,1,0
1973,d,0,4,0,1,16,27,0,d,0,5,3,7,d,d,s,d,0,21,d,1,1,2,0,10,3,22,2,1,0
1972,d,0,d,0,1,16,d,0,d,d,5,d,7,d,0,s,d,0,21,d,1,1,d,0,10,3,22,2,1,0
1059,0,d,4,d,1,d,27,0,14,0,5,3,0,17,0,s,0,0,21,22,1,0,10,s,10,3,22,2,1,0
I109,0,0,4,0,0,16,27,0,14,0,5,3,3,17,0,s,0,0,21,0,1,0,0,0,10,3,22,0,1,0
I110,0,0,4,0,0,16,27,0,14,0,5,3,3,17,0,s,0,2,21,0,1,0,0,0,10,3,22,0,1,0
1866,0,0,4,0,0,16,d,5,14,0,5,3,3,17,0,s,d,2,21,d,1,0,0,0,10,3,22,2,1,0
I112,0,0,4,0,0,16,27,0,14,0,5,3,3,17,0,s,0,2,21,0,1,0,0,0,10,3,22,0,1,0
1885,0,0,4,0,0,16,27,0,14,0,d,3,3,17,0,s,0,2,d,d,1,0,0,d,10,3,22,2,1,0
1884,0,0,4,0,0,16,27,0,14,0,d,3,d,17,0,s,0,2,21,0,1,d,0,0,10,3,d,0,d,0
I113,0,0,4,0,1,16,27,0,14,0,5,3,3,17,0,s,0,0,21,7,1,0,1,0,10,3,22,0,1,0
2045,d,0,4,0,1,16,27,0,14,0,5,3,d,17,0,s,0,0,21,7,1,0,1,d,10,d,22,0,1,0
2030,0,0,4,0,1,d,27,0,d,0,5,3,3,17,0,s,0,d,21,7,1,0,d,0,10,3,22,0,1,0
I116,0,0,4,3,0,16,27,0,14,0,5,3,0,17,0,s,0,0,21,3,1,1,0,0,10,3,22,0,1,0
I117,0,0,4,3,0,16,27,6,14,0,5,3,0,17,0,s,0,0,21,3,1,1,0,0,10,3,22,0,1,0
1099,0,2,4,3,1,16,27,6,14,0,5,3,0,17,0,s,0,0,21,3,1,1,d,0,10,3,22,0,1,0
I119,s,0,4,3,0,16,27,6,14,0,5,3,0,17,0,s,0,0,21,3,1,1,0,0,10,3,22,0,1,0
1049,s,0,4,3,0,16,27,6,d,0,5,3,0,d,0,s,0,0,21,d,1,1,0,0,10,d,s,0,1,d
1048,s,0,4,3,0,d,27,6,14,d,5,3,0,17,0,s,0,0,21,d,1,1,9,0,d,d,22,d,1,0
I120,0,0,4,3,0,16,27,0,14,0,5,3,3,17,0,s,0,0,21,3,1,1,0,0,10,3,22,0,1,0
1023,0,2,4,3,1,16,27,d,d,0,5,3,d,17,0,s,0,d,21,d,s,1,0,0,10,3,22,0,1,0
I122,0,0,4,3,0,16,27,0,14,0,5,3,3,17,0,s,0,0,21,3,1,1,0,0,10,3,22,0,1,1
983,0,0,4,3,0,16,27,0,14,0,d,3,d,17,d,s,d,0,21,3,1,d,0,2,10,3,22,0,1,1
I123,0,0,4,3,0,16,27,0,14,0,5,3,3,17,0,s,1,0,21,3,1,1,0,0,10,3,22,0,1,1
1965,0,0,4,3,0,16,27,0,14,0,5,3,3,17,0,s,d,0,21,3,1,1,0,d,10,d,22,0,1,1
1964,0,0,4,d,0,d,27,0,14,0,5,3,3,17,0,s,1,0,21,3,1,1,0,0,10,3,22,d,1,1
I124,0,0,4,0,0,16,27,0,0,0,5,3,0,17,0,s,0,0,21,0,1,0,0,0,10,0,22,0,1,0
I125,s,0,4,0,1,16,27,0,0,5,5,3,0,17,0,s,0,0,21,0,1,0,0,0,10,0,22,2,1,0
I126,s,0,4,0,1,16,27,0,0,5,5,3,0,17,0,s,0,0,21,0,1,s,0,0,10,2,22,2,1,0
I127,s,1,4,0,1,16,27,0,0,5,5,3,0,17,2,s,0,0,21,0,1,s,0,0,10,2,22,2,1,0
1301,s,1,4,d,1,16,27,11,0,5,5,3,3,17,2,s,d,0,21,0,1,s,d,0,d,2,22,2,1,0
1300,s,1,4,0,1,16,27,0,0,5,5,3,0,17,d,s,0,0,d,0,1,s,2,0,d,2,22,2,1,0
I128,s,0,4,1,1,16,s,0,0,5,5,3,0,17,0,s,0,0,21,0,1,s,0,0,10,2,22,2,1,0
1133,s,d,4,1,1,16,s,0,0,5,5,3,0,d,2,s,d,0,21,0,1,s,0,0,10,2,22,2,1,0
1132,s,0,4,1,1,16,s,0,0,5,5,3,0,17,0,s,0,0,21,0,d,s,0,0,d,2,22,2,1,d
1726,s,d,4,d,1,16,27,0,d,5,5,3,3,d,s,s,1,0,21,22,d,0,0,d,10,0,22,2,1,0
I132,0,0,4,0,0,16,27,0,0,0,5,3,0,17,0,s,0,1,21,0,1,0,0,2,10,0,22,0,1,0
I133,0,0,4,0,0,16,27,0,0,0,5,s,0,17,0,s,0,1,21,0,1,0,0,2,10,0,22,0,1,0
1095,0,0,4,d,0,16,27,0,0,0,5,s,3,17,0,s,0,s,21,0,s,0,0,2,10,0,d,0,d,1
I135,0,0,4,0,0,16,27,0,8,5,5,s,0,17,0,s,0,1,21,0,1,0,0,s,10,0,22,0,1,0
1045,0,0,4,d,1,16,d,0,8,5,5,s,0,17,0,s,0,d,21,0,1,0,0,s,10,0,22,0,1,0
1044,0,0,4,0,0,16,27,0,8,5,5,s,0,17,0,s,0,1,21,0,1,0,0,s,10,0,22,0,1,d
I136,0,0,4,0,0,16,27,0,0,0,5,3,0,17,2,s,1,1,21,0,1,0,0,2,10,0,22,0,1,0
I137,0,0,4,0,0,16,27,0,0,0,5,3,3,17,2,s,1,1,21,6,1,1,0,2,10,0,22,0,1,0
1165,0,0,4,0,0,d,d,0,0,d,5,3,3,17,2,s,1,1,21,6,1,1,0,2,10,0,22,0,1,d
1164,0,0,4,0,0,16,27,0,0,0,5,3,3,17,d,s,1,1,21,6,1,1,0,2,10,d,d,0,1,17
1081,0,0,4,1,0,16,27,0,0,d,5,3,0,d,2,s,1,1,d,3,1,0,0,2,10,2,22,0,1,21
I139,0,0,0,0,0,16,0,0,0,0,5,3,3,0,0,4,0,0,0,0,1,0,0,0,10,0,22,2,1,0
I140,0,0,s,0,0,16,5,7,0,0,5,3,3,0,0,4,0,0,0,0,1,0,0,0,10,0,22,2,1,0
I141,2,0,s,0,0,16,5,7,0,0,5,3,3,0,0,4,0,0,0,0,1,0,0,0,10,0,22,2,1,0
I142,2,0,s,0,0,16,5,7,0,0,5,3,3,0,0,4,0,0,0,0,1,0,0,0,10,0,22,s,1,0
I143,2,0,s,0,0,16,5,7,0,5,5,3,3,0,2,4,0,0,0,0,1,0,0,0,10,2,22,s,1,0
I144,2,0,s,0,0,16,5,7,0,5,5,3,3,0,2,4,0,0,10,0,1,0,0,0,10,2,22,s,1,0
I145,2,0,s,0,0,16,5,7,0,5,5,3,3,0,2,4,0,0,10,0,1,0,0,0,s,2,22,s,1,0
1763,2,0,s,0,0,16,5,7,0,5,5,3,3,d,2,4,0,0,d,d,1,0,d,0,s,2,22,s,1,0
1762,2,0,s,s,1,16,5,7,0,5,5,3,3,0,2,4,0,0,10,0,1,0,0,0,s,2,22,s,1,0
1785,2,0,s,0,0,16,5,7,s,5,d,3,3,0,2,4,0,0,10,0,1,d,0,0,10,2,22,s,d,0
I147,2,0,s,0,0,16,5,7,0,5,5,3,3,0,2,4,0,0,12,0,1,0,0,0,10,2,22,s,1,0
1893,2,0,s,0,0,16,5,7,0,5,5,3,3,0,2,4,0,0,12,d,1,0,0,0,d,2,22,s,1,0
1804,2,2,s,3,0,16,5,7,d,5,5,3,3,0,2,4,0,0,12,0,1,0,0,0,10,2,22,s,1,d
1746,2,0,s,d,1,s,5,7,0,0,5,3,d,d,1,d,0,0,0,0,d,0,0,d,10,2,22,s,d,0
I154,2,0,s,3,0,16,5,7,0,0,5,3,3,0,0,4,0,0,0,0,1,0,0,0,10,0,22,2,1,0
I155,2,0,s,3,0,16,5,7,0,0,5,3,3,0,0,4,0,0,0,0,1,0,0,0,10,0,22,2,s,0
1742,2,d,s,3,0,16,5,7,0,0,5,d,3,0,0,4,0,2,d,0,1,0,0,0,10,0,22,2,s,0
1579,d,d,s,3,0,16,5,d,d,d,5,3,3,0,d,4,0,0,6,20,1,0,s,0,10,0,22,2,s,0
I161,2,0,s,3,0,16,5,7,0,0,5,3,3,0,0,4,0,0,0,0,1,0,0,0,10,0,22,2,1,11
I162,2,0,s,3,0,16,5,7,0,0,5,3,3,0,0,4,0,2,0,0,1,1,0,0,10,0,22,2,1,11
1364,2,0,s,3,d,d,5,7,0,0,5,3,3,s,0,d,0,d,0,d,1,1,d,0,10,0,22,2,1,d
1669,2,0,s,3,0,16,5,7,0,5,d,3,3,0,0,4,0,d,0,0,1,1,0,0,10,0,22,2,1,11
I167,2,0,s,3,0,16,5,7,0,0,5,3,3,0,2,4,0,0,0,0,1,0,0,s,10,2,22,2,1,11
1667,2,0,s,3,0,16,5,d,0,d,5,3,3,d,2,4,0,0,0,0,1,0,0,s,d,2,22,2,1,d
1666,2,0,s,3,0,16,5,7,0,0,5,3,3,d,2,4,0,0,0,0,1,d,0,s,10,d,22,2,1,11
I168,0,0,s,0,0,16,5,7,0,0,5,3,3,0,0,4,0,0,0,0,1,0,0,0,10,0,22,2,1,0
I169,0,0,s,0,0,16,5,7,14,0,5,3,3,0,0,4,0,0,0,0,1,0,0,0,10,0,22,2,1,0
I170,0,0,s,0,1,16,5,7,14,1,5,3,3,0,0,4,0,0,21,0,1,0,0,0,10,0,22,2,1,0
I171,0,0,s,0,1,16,5,7,14,1,5,3,3,0,0,4,1,0,21,0,1,0,12,0,10,0,22,2,1,0
1814,0,0,s,0,d,d,5,7,14,s,d,d,3,24,d,d,d,0,21,0,1,0,12,0,10,0,22,2,1,0
1886,2,0,s,0,1,16,5,7,d,1,5,3,3,0,0,4,1,0,d,0,1,0,12,0,10,0,22,2,1,0
1943,0,0,s,0,1,d,5,7,14,s,5,3,3,0,0,4,0,0,21,0,1,d,0,0,10,2,d,2,1,13
I177,2,2,s,0,0,16,5,7,14,0,5,3,3,0,0,4,0,2,0,0,1,0,10,2,10,s,22,2,1,0
I178,2,2,s,1,0,16,5,7,14,0,5,3,3,0,0,4,0,2,0,0,1,0,s,2,10,s,22,2,1,0
1858,2,2,s,1,0,16,5,7,14,0,5,3,s,0,0,4,0,s,d,0,1,d,s,2,10,s,22,d,1,0
I180,2,2,s,1,0,16,5,7,14,0,5,3,3,0,0,4,0,2,0,0,1,s,s,2,10,s,22,2,1,0
1879,2,2,s,1,0,16,5,7,14,0,5,3,3,0,d,4,0,2,0,0,1,s,s,d,10,s,22,2,1,6
1878,2,2,s,1,0,d,5,7,14,0,5,3,3,0,d,4,0,2,0,0,1,s,s,2,10,s,22,2,1,0
1029,2,2,s,3,0,16,5,7,14,0,5,3,3,0,d,d,d,2,0,d,d,0,10,2,10,s,22,2,d,0
I183,0,0,s,0,0,16,5,7,0,5,5,3,3,0,0,4,0,2,0,0,1,0,0,0,10,1,22,2,1,0
I184,0,0,s,0,0,16,5,7,0,5,5,3,3,0,0,4,0,2,0,0,1,0,0,0,10,1,22,2,1,5
1714,0,0,s,0,0,16,5,7,d,5,5,3,3,d,2,4,d,2,0,0,1,1,0,0,10,1,d,2,1,5
I190,0,0,s,0,0,16,5,7,0,5,5,3,3,0,0,4,1,2,0,0,1,0,8,10,10,1,22,2,1,5
1787,0,0,s,0,0,16,5,7,d,5,5,3,3,0,0,d,1,2,0,0,1,0,d,10,10,1,22,2,1,5
1786,0,d,s,d,0,s,5,7,0,5,5,3,d,0,0,d,d,d,0,0,1,0,8,10,10,1,22,2,1,5
I191,0,0,s,1,0,16,5,7,0,5,5,3,3,0,0,4,0,2,22,0,1,0,0,0,10,1,22,2,1,0
1545,0,2,s,1,0,16,5,7,0,5,5,d,3,0,0,4,d,2,22,0,1,d,0,0,10,1,22,2,1,0
1372,0,0,s,1,1,16,5,7,0,5,5,3,s,0,0,4,1,2,22,0,1,0,d,0,10,1,22,s,1,41
I198,0,0,0,0,0,16,0,0,0,0,5,3,3,0,2,4,0,0,0,0,1,0,0,0,10,0,22,2,1,0
I199,0,0,0,0,0,16,0,8,0,0,5,3,3,0,2,4,0,2,0,0,1,0,0,0,10,0,22,2,1,0
I200,0,0,4,0,1,16,0,8,0,0,5,3,3,0,2,4,0,2,0,0,1,0,0,0,10,0,22,2,1,0
I201,0,0,4,0,1,16,0,8,0,0,5,3,3,0,2,4,0,2,0,0,1,0,0,0,10,0,22,2,1,0
1042,0,2,4,0,1,d,0,8,0,0,5,3,3,15,2,d,0,2,0,d,1,0,d,d,10,6,22,2,1,0
I204,0,0,4,0,1,16,5,8,0,0,5,3,3,0,2,4,0,2,0,0,1,1,0,0,10,6,22,2,1,0
2037,0,d,d,d,1,16,5,8,0,0,5,3,3,0,2,d,0,2,0,0,d,1,0,0,10,6,22,2,1,0
2036,0,d,d,0,1,16,5,8,0,0,5,d,3,d,2,4,0,d,0,0,1,1,0,0,10,6,22,d,1,0
I205,0,0,4,1,1,16,0,8,0,5,5,3,3,0,2,4,0,2,0,0,1,0,s,0,10,0,22,2,1,0
1952,0,2,4,1,1,16,0,8,11,5,5,3,3,0,2,4,d,2,12,0,d,d,s,0,10,0,d,2,d,0
I209,0,0,4,1,1,16,0,8,0,5,5,3,3,0,2,4,0,2,0,0,1,0,s,0,10,0,22,2,1,0
1025,0,0,4,1,d,16,0,8,0,5,5,3,3,0,2,d,0,2,d,d,1,0,s,0,10,0,22,2,1,0
1024,0,0,d,1,1,16,0,8,d,5,d,3,3,0,2,4,0,2,d,s,1,0,s,0,10,d,22,2,1,0
I216,0,0,0,0,1,s,0,8,22,0,5,3,3,10,2,4,0,2,0,0,1,1,12,0,10,0,22,2,1,0
I217,0,0,0,0,1,s,0,8,22,0,5,3,3,10,2,4,0,2,12,0,1,1,12,0,10,0,22,2,1,0
1648,0,0,0,0,1,s,0,8,22,0,5,3,3,10,2,4,d,2,12,0,1,1,12,0,10,0,22,2,1,d
1984,2,0,0,0,1,s,0,8,22,d,5,3,3,10,d,4,1,2,12,5,1,d,12,0,10,0,22,d,1,d
I220,0,2,0,0,1,s,0,8,22,2,5,3,3,10,2,4,0,2,0,0,1,1,12,0,10,0,22,2,1,0
1582,d,2,0,0,1,s,0,8,22,2,5,3,3,10,2,4,0,2,d,0,1,1,12,d,10,0,22,2,1,0
1426,2,d,0,s,1,s,17,8,22,2,5,3,3,10,d,4,0,2,0,0,1,1,12,0,10,0,22,2,1,0
I223,0,0,0,0,0,16,0,0,0,0,5,3,3,0,2,4,0,0,0,10,1,0,0,0,10,2,22,2,1,0
I224,2,0,0,0,0,16,0,0,0,0,5,3,3,0,2,4,0,1,0,10,1,0,0,0,10,2,22,2,1,0
I225,2,0,0,0,0,16,0,12,0,0,5,3,3,0,2,4,0,1,0,10,1,1,0,0,10,2,22,2,1,2
I226,2,0,0,0,1,16,0,12,0,0,5,3,3,0,2,4,0,1,0,10,1,1,0,0,10,2,22,2,1,2
1549,2,0,0,0,1,16,0,12,0,0,5,3,d,0,2,4,0,d,24,10,1,1,0,0,10,2,22,2,1,2
1594,d,d,0,d,1,16,0,12,0,0,5,d,3,5,2,d,0,1,0,10,1,1,1,0,10,2,22,2,1,2
I229,s,0,0,0,0,16,0,12,0,0,5,3,3,0,2,4,0,1,0,10,1,1,0,2,10,2,22,2,1,2
1833,s,0,0,1,0,16,0,12,0,0,d,3,3,0,d,4,0,d,d,10,1,d,0,d,10,2,22,2,1,d
1660,s,0,0,0,1,d,d,12,0,d,5,d,3,0,2,4,1,1,0,10,1,1,0,2,10,d,22,2,1,2
I232,2,0,0,1,0,16,0,0,0,5,5,3,3,0,2,4,0,1,0,10,1,0,0,5,10,2,22,2,1,0
I234,2,2,6,s,1,16,0,0,0,5,5,s,3,0,2,4,0,1,0,10,1,0,0,5,10,2,22,2,1,0
1487,2,2,6,s,1,d,0,0,0,5,d,s,3,d,2,4,0,1,0,10,1,0,0,5,10,2,22,2,1,0
1486,2,2,6,s,1,16,0,0,0,5,d,s,3,d,d,4,0,1,0,10,1,0,d,5,10,2,22,2,1,0
I238,2,2,0,1,0,16,0,0,0,5,5,3,3,0,2,4,0,1,s,10,1,0,0,5,10,2,22,2,1,0
1441,2,2,0,1,d,16,0,0,0,5,5,3,3,0,2,4,0,1,s,10,1,0,d,5,10,2,22,2,1,d
1440,2,d,0,1,0,d,0,5,0,d,5,3,d,0,2,4,d,1,s,10,1,0,0,5,d,2,22,2,1,0
I239,0,0,0,0,0,16,0,0,0,0,5,3,3,0,2,4,0,0,0,10,1,0,8,0,10,2,22,2,1,0
I241,0,0,0,0,0,16,0,12,0,0,5,3,3,0,2,4,0,2,0,10,1,s,8,0,10,2,22,2,1,0
I242,0,0,0,0,0,16,0,12,0,0,5,3,3,0,2,4,0,2,0,10,1,s,8,0,10,2,22,2,1,0
1951,0,0,0,0,0,16,0,d,d,d,5,3,3,0,2,4,d,2,d,10,1,s,d,0,10,2,22,2,1,d
1950,d,0,0,0,0,16,0,d,0,0,5,3,3,0,2,4,0,d,0,10,1,s,8,d,10,2,22,2,d,0
I243,2,0,0,0,s,16,0,12,0,0,5,3,3,0,2,4,0,2,0,10,1,s,8,0,10,2,22,2,1,0
1797,2,0,0,0,s,16,0,12,d,0,5,3,3,0,2,4,0,d,0,10,1,s,8,0,d,d,22,d,1,0
1796,2,0,0,0,s,16,0,12,s,0,5,3,3,d,2,4,d,2,0,10,1,s,8,0,10,2,d,2,1,0
1997,0,2,d,3,0,16,0,0,8,d,5,3,3,0,d,4,s,1,0,10,1,0,s,0,10,2,d,2,1,0
I251,0,0,0,0,s,0,0,0,0,0,0,3,0,0,0,0,0,0,0,0,0,0,0,0,0,0,22,0,0,0
I252,s,0,8,0,s,0,0,0,0,0,0,3,0,0,2,5,1,0,0,0,0,0,0,2,0,0,22,0,0,0
I253,s,0,8,0,s,0,0,0,0,0,0,3,0,0,2,5,1,0,0,0,1,0,0,2,0,0,22,0,0,0
I254,s,0,8,0,s,0,0,0,0,0,0,3,0,0,s,5,1,0,0,3,1,s,0,2,0,0,22,0,0,0
I255,s,0,8,0,s,0,0,0,0,0,0,3,0,0,s,5,1,0,0,3,1,s,0,2,0,2,22,0,0,0
I256,s,0,8,0,s,0,0,0,11,s,0,3,0,0,s,5,1,0,0,3,1,s,0,2,0,2,s,2,0,0
I258,s,0,8,0,s,0,40,0,11,s,0,3,0,0,s,5,1,0,0,3,1,s,0,2,0,2,s,2,0,0
1223,s,0,8,0,s,0,40,0,11,s,0,d,0,0,s,5,1,0,0,3,1,s,0,d,d,2,s,2,0,d
1222,s,0,8,0,s,0,d,0,11,s,0,3,0,0,s,5,1,2,0,3,1,s,0,2,0,2,s,d,0,0
I260,s,s,8,0,s,0,0,0,11,s,0,3,0,0,s,5,1,s,0,3,1,s,0,2,0,2,s,2,0,0
I261,s,s,8,0,s,0,0,0,11,s,0,3,0,0,s,5,1,s,0,3,1,s,0,2,0,2,s,2,s,0
1069,s,s,d,0,s,0,0,0,11,s,s,3,0,0,s,d,1,s,0,3,1,s,0,d,d,2,s,2,s,d
1068,s,s,8,0,s,d,d,0,11,s,0,3,0,0,s,5,1,s,0,3,1,s,0,2,0,2,s,2,s,s
1358,s,s,8,d,s,0,0,0,11,s,0,3,0,0,s,5,1,s,0,3,1,s,8,2,0,d,s,d,0,10
I267,s,0,8,0,s,0,0,5,0,5,0,3,2,0,s,5,1,0,0,3,1,s,0,2,0,2,22,0,0,28
1055,s,0,8,0,s,d,0,5,0,5,0,3,2,0,s,5,1,0,0,3,1,s,0,2,0,2,d,0,6,28
I269,s,0,8,0,s,0,5,5,17,5,0,3,2,0,s,5,1,0,0,3,1,s,0,2,0,2,22,0,0,28
1279,s,0,d,0,s,0,5,d,17,5,0,3,s,0,s,5,1,d,9,3,1,s,0,2,0,2,22,0,0,d
1278,s,0,s,0,s,d,5,5,d,5,0,3,2,0,s,5,d,0,0,3,1,s,d,2,0,2,22,0,0,28
I270,s,0,8,0,s,0,0,0,3,0,0,3,0,10,s,5,1,0,0,3,1,s,0,2,8,0,22,0,0,0
I271,s,0,8,0,s,0,0,0,3,0,0,3,0,10,s,5,1,2,0,3,1,s,0,2,8,0,22,0,0,30
I272,s,0,8,0,s,0,0,0,3,0,0,3,0,10,s,5,1,2,0,3,1,s,0,2,8,0,22,0,0,30
1004,s,2,d,0,s,0,0,2,3,5,0,3,d,10,s,5,1,2,0,3,1,s,0,d,8,d,22,d,0,30
I275,s,0,8,0,s,0,0,1,3,0,0,3,s,10,s,5,1,2,0,3,1,s,0,2,8,0,22,0,0,30
1995,s,d,d,0,s,0,0,1,3,0,0,3,s,10,s,5,1,2,0,3,1,s,0,2,8,d,d,0,0,d
1994,s,0,8,0,s,0,0,1,3,0,0,3,s,10,s,5,1,d,0,3,d,s,0,2,8,0,22,0,0,30
I278,s,0,8,0,s,0,0,0,3,0,0,3,0,10,s,5,1,2,0,3,1,s,0,2,8,0,22,0,0,30
1073,s,0,8,d,s,6,0,0,3,d,d,3,d,10,s,d,s,2,0,3,1,s,0,2,8,2,d,2,0,30
1072,s,0,d,d,s,0,0,0,3,0,0,3,0,10,s,5,1,2,0,3,1,s,0,2,8,0,22,0,0,30
I280,s,0,8,0,s,0,0,2,3,0,0,3,0,10,s,5,1,0,0,3,1,s,0,2,8,0,22,0,0,0
I281,s,0,8,0,s,0,0,2,3,0,0,3,0,10,s,5,1,0,0,3,1,s,0,2,8,0,22,0,0,0
I282,s,0,8,1,s,0,0,2,3,0,0,3,3,10,s,5,1,0,0,3,1,s,0,2,8,2,22,0,0,0
1319,s,0,8,1,s,0,0,2,3,d,0,3,d,d,s,5,1,0,0,3,1,s,0,2,8,d,22,0,0,d
1318,s,2,8,1,s,0,0,d,d,0,0,3,3,10,s,5,1,0,0,3,1,s,0,2,8,2,22,s,0,1
1181,s,0,s,s,s,d,1,2,d,0,d,3,6,10,s,5,1,1,d,3,1,s,0,2,8,0,22,d,0,0
I284,s,0,8,0,s,0,0,2,3,0,0,3,0,10,s,5,1,0,0,3,1,s,0,2,8,2,22,0,0,0
1773,s,0,8,0,s,0,0,2,3,d,0,d,3,10,s,5,d,0,d,3,1,s,0,2,8,2,22,0,1,0
1474,s,0,8,d,s,0,0,2,3,d,0,3,d,10,s,5,1,0,0,d,1,s,0,2,8,2,d,s,0,0
I287,s,0,8,0,s,0,0,0,6,0,0,3,0,5,2,5,1,0,s,0,1,0,s,2,0,0,22,0,0,0
I288,s,0,8,0,s,0,0,0,6,1,0,3,0,5,2,5,1,0,s,0,1,0,s,2,0,0,22,0,0,0
I289,s,0,8,0,s,0,0,0,6,1,0,3,0,5,2,5,1,0,s,0,1,0,s,2,5,0,22,2,0,0
I292,s,0,8,0,s,0,0,0,6,1,0,3,0,5,2,5,1,0,s,0,1,0,s,2,5,0,22,2,0,0
1489,s,0,8,0,s,0,0,0,6,d,0,3,0,d,2,5,d,0,s,0,1,0,s,2,5,d,22,2,0,0
1488,s,0,8,0,s,0,0,s,6,1,0,3,0,s,2,5,d,0,s,d,1,0,s,2,5,2,22,2,1,s
I293,s,0,8,0,s,0,0,0,6,1,0,3,0,5,2,5,1,0,s,0,1,1,s,2,5,2,22,2,0,0
1605,s,2,8,d,s,0,s,0,6,1,0,d,0,5,2,5,d,d,s,0,1,1,s,2,5,2,22,2,0,0
1416,s,0,8,1,s,d,0,0,d,1,d,3,d,5,2,5,1,0,s,0,1,1,s,2,d,2,22,2,0,0
I297,s,0,8,0,s,0,5,s,6,1,0,3,6,5,2,5,1,0,s,0,1,0,s,2,1,0,22,0,0,0
1733,s,0,8,0,s,6,5,s,6,1,0,3,d,5,2,5,d,0,s,d,1,0,s,2,d,0,22,0,0,0
I299,s,0,8,0,s,s,5,s,6,1,0,3,6,5,2,5,1,0,s,0,1,0,s,2,1,0,22,0,0,9
1147,s,0,8,0,s,s,5,s,6,1,0,3,d,5,2,5,1,0,s,0,1,0,s,d,1,0,22,0,0,9
1146,s,0,d,0,s,s,5,s,6,1,0,3,6,d,2,d,1,0,s,0,1,1,s,d,1,0,22,0,d,9
I303,s,0,8,0,s,0,0,0,6,0,0,3,0,5,2,5,1,0,s,6,1,0,s,2,0,0,22,0,0,0
I304,s,0,8,0,s,0,2,0,6,0,0,3,0,5,2,5,1,0,s,6,1,0,s,2,0,2,22,0,0,0
I305,s,0,8,1,s,0,2,0,6,0,0,3,0,5,2,5,1,0,s,6,1,0,s,2,0,2,22,0,0,0
I306,s,0,8,1,s,0,2,7,6,0,0,3,0,5,2,5,1,0,s,6,1,0,s,2,0,2,22,2,0,0
1799,s,0,8,1,s,0,d,7,6,0,0,3,0,5,2,d,d,0,s,6,1,0,s,2,1,2,22,d,0,0
1798,s,0,8,1,s,0,2,d,d,0,2,3,0,5,2,5,1,0,s,6,1,d,s,2,0,2,22,2,0,0
1806,s,0,8,1,s,20,2,0,6,0,0,3,0,5,d,5,1,0,s,d,1,0,s,2,1,2,22,0,d,d
I308,s,0,8,0,s,0,2,17,6,0,0,s,0,5,2,5,1,0,s,6,1,1,s,s,1,2,22,0,0,0
947,s,d,8,0,s,0,d,17,6,0,5,s,0,5,d,5,1,0,s,6,1,1,s,s,s,2,22,0,0,10
I309,s,0,8,0,s,0,2,17,6,0,0,s,0,5,2,5,1,0,s,6,1,1,s,s,1,2,22,0,0,s
1841,s,0,d,0,s,0,2,d,6,d,d,s,0,5,2,5,1,0,s,6,1,1,s,s,d,2,22,0,0,s
1840,s,0,8,0,s,0,d,17,6,0,0,s,0,5,2,5,1,d,s,d,1,1,s,s,1,2,22,0,0,s
I310,s,0,8,0,s,0,0,0,6,0,0,3,0,5,2,5,1,0,s,6,1,0,s,2,0,0,22,0,0,0
I311,s,2,8,0,s,0,0,0,6,0,0,3,6,5,2,5,1,2,s,6,1,0,s,2,0,0,22,0,1,2
1744,s,2,8,d,s,0,0,0,6,0,0,3,6,d,2,d,1,2,s,6,1,0,s,2,0,0,22,0,1,2
1369,s,2,8,0,s,12,0,0,d,0,0,d,6,5,2,5,1,2,s,6,1,0,s,2,d,0,22,0,1,2
I314,s,3,8,0,s,0,0,0,6,0,0,3,0,5,2,5,1,0,s,6,1,0,s,2,0,2,22,2,0,19
1783,s,3,8,0,s,30,d,0,6,0,d,d,0,5,2,5,1,0,s,6,1,d,s,d,0,d,22,d,d,19
1889,s,3,8,d,s,0,0,d,6,d,0,3,0,5,2,5,1,2,s,6,d,0,s,2,0,d,d,2,0,19
I317,s,0,8,s,s,0,1,0,0,0,0,3,0,0,2,5,1,0,0,0,0,0,0,2,0,6,22,0,0,0
I318,s,0,8,s,s,0,1,12,0,0,0,3,0,32,2,5,1,0,0,0,0,1,0,2,0,6,22,0,0,0
I319,s,0,8,s,s,0,s,12,0,0,0,3,0,32,2,5,1,0,0,0,0,1,0,2,0,6,22,0,0,0
I320,s,0,8,s,s,5,s,12,s,0,0,3,0,32,2,5,1,0,0,0,0,1,0,2,0,6,22,0,0,0
I321,s,0,8,s,s,5,s,12,s,0,0,3,0,32,2,5,1,0,0,0,0,1,0,2,0,6,22,0,0,0
I322,s,0,8,s,s,5,s,12,s,0,0,3,0,32,2,5,1,0,0,0,0,1,0,2,0,6,22,0,1,0
1801,s,0,8,s,s,5,s,12,s,d,0,3,0,32,2,5,d,0,d,0,0,1,0,2,0,d,22,0,1,0
1800,s,0,8,s,s,5,s,12,s,0,d,3,0,32,2,5,d,0,0,0,0,1,0,2,0,6,22,0,1,11
1375,s,0,8,s,s,5,s,d,s,0,0,3,0,32,2,5,d,0,0,0,1,1,0,2,d,6,22,0,1,0
I324,s,0,8,s,s,5,s,12,s,0,0,3,0,32,2,5,1,2,0,20,0,1,0,2,0,6,s,0,0,0
1455,s,0,d,s,s,d,s,12,s,0,0,3,0,32,2,5,1,2,s,20,0,1,d,2,s,6,s,d,0,0
I326,s,0,8,s,s,5,s,12,s,5,0,3,0,32,2,5,1,2,0,20,0,1,0,2,0,6,s,0,0,0
1429,s,2,8,s,s,d,s,12,s,5,0,3,0,d,s,5,1,2,0,20,0,1,0,d,d,6,s,0,d,0
1428,s,0,8,s,s,5,s,12,s,5,0,d,0,32,2,5,1,2,0,20,0,1,d,2,0,6,s,0,d,0
I327,s,0,8,s,s,0,s,12,0,0,0,3,0,32,2,5,1,0,s,0,0,1,0,2,0,6,22,0,0,s
I328,s,0,8,s,s,s,s,12,14,0,5,3,0,32,2,5,1,0,s,0,0,1,8,2,0,6,22,0,0,s
1128,s,0,8,s,s,s,s,12,14,0,5,3,0,32,2,5,d,2,s,0,3,1,d,d,1,6,22,0,0,s
I330,s,0,8,s,s,s,s,12,14,0,5,3,6,32,2,5,1,0,s,0,0,1,8,2,0,6,22,2,0,s
1293,s,0,d,s,s,s,s,d,14,0,5,3,6,32,2,5,1,0,s,41,0,1,8,d,0,6,22,2,d,s
1292,s,0,8,s,s,s,s,12,14,0,5,3,6,32,2,5,1,0,s,0,0,1,8,2,0,6,22,2,0,s
1539,s,s,8,s,s,d,s,d,0,0,0,d,0,32,d,5,1,0,s,0,0,1,0,2,0,6,d,0,0,s
I334,s,0,8,s,s,0,1,12,0,5,0,3,0,32,2,5,1,0,0,0,0,1,0,2,0,6,22,0,0,0
I335,s,0,8,s,s,0,1,12,0,5,0,3,0,32,2,5,1,0,0,0,0,1,0,2,0,6,22,0,0,13
I336,s,0,8,s,s,1,1,12,0,5,2,3,0,32,2,5,1,0,0,0,0,1,0,2,1,6,22,0,0,13
I337,s,0,8,s,s,1,1,12,0,5,2,3,0,32,2,5,1,0,0,0,0,1,0,2,1,6,22,0,0,13
1977,s,0,8,s,s,d,1,12,0,5,2,3,0,32,2,5,d,0,0,d,d,1,d,d,1,6,22,d,0,13
1976,s,0,d,s,s,1,1,12,0,5,2,3,0,32,2,5,1,d,0,0,0,1,0,2,d,6,22,0,0,13
I338,s,0,8,s,s,1,1,12,0,5,2,3,0,32,2,5,1,0,0,0,0,1,0,2,1,6,22,0,0,13
1897,s,d,d,s,s,1,d,12,0,5,2,3,d,32,2,5,1,0,d,0,4,d,0,2,1,6,d,0,0,d
1896,s,0,d,s,s,1,1,12,10,5,2,3,0,32,d,5,d,0,d,d,0,1,d,d,1,d,22,0,0,d
I339,s,0,8,s,s,0,1,12,0,5,0,3,2,32,2,5,1,0,0,0,0,1,0,2,0,6,22,s,0,13
1664,s,0,d,s,s,d,1,d,d,5,0,3,2,32,2,5,1,0,0,0,d,1,d,2,0,6,22,s,0,13
I341,s,0,8,s,s,12,1,12,0,5,0,3,2,32,2,5,1,0,0,0,0,1,0,2,0,6,22,s,0,13
1899,s,0,8,s,s,12,1,d,0,5,0,d,2,32,d,5,d,d,d,d,0,1,0,2,d,6,22,s,0,13
1898,s,0,8,s,s,d,1,12,0,5,0,3,2,d,2,5,1,0,d,0,0,1,0,2,0,6,22,s,0,13
I342,s,0,8,s,s,0,1,12,0,5,0,3,0,32,2,5,1,0,0,0,0,1,0,2,0,6,22,0,0,0
1734,s,0,8,s,s,0,s,d,0,5,0,3,3,32,2,5,d,0,0,0,0,1,0,2,s,6,22,0,0,0
I346,s,0,8,s,s,0,1,12,0,5,0,3,0,32,2,5,1,0,0,0,0,1,0,2,0,6,22,0,0,0
1936,s,2,8,s,s,0,1,d,0,5,0,3,0,32,d,d,d,0,0,0,0,d,1,d,0,6,22,d,0,0
I348,s,0,8,s,s,0,1,12,0,5,0,3,0,32,2,5,1,0,0,0,0,1,0,2,0,6,22,0,0,0
1499,s,d,8,s,s,d,1,12,d,5,0,3,0,s,2,5,1,d,0,d,0,1,0,2,d,6,22,d,0,0
1498,s,s,d,s,s,0,d,d,0,5,2,3,0,d,2,5,d,d,0,d,0,d,0,2,0,6,22,d,0,0
I349,s,0,8,s,s,0,1,0,0,0,2,3,0,5,2,5,1,0,0,0,0,0,0,2,0,s,22,0,0,0
I350,s,0,8,s,s,0,1,0,0,0,2,3,0,5,2,5,1,0,0,7,0,0,0,2,0,s,22,0,0,0
1712,s,s,8,s,s,d,d,0,0,d,2,3,0,d,2,5,s,d,0,7,0,d,0,2,1,s,d,d,d,19
1136,s,0,d,s,s,6,1,0,d,0,2,3,0,5,2,5,1,0,0,7,s,0,0,2,0,s,22,0,0,0
I365,s,0,8,s,s,0,1,0,0,0,2,3,0,5,2,5,1,0,0,0,0,0,0,2,0,s,22,0,0,0
I366,s,0,8,s,s,0,1,0,0,0,2,3,0,5,2,s,1,0,0,10,0,0,0,2,0,s,22,0,0,11
I367,s,2,8,s,s,0,1,0,0,0,2,3,0,5,2,s,1,0,0,10,0,0,0,2,0,s,22,0,0,11
1650,s,2,8,s,s,d,d,0,0,d,2,3,0,5,2,s,1,d,0,d,0,0,d,2,0,s,22,0,0,11
1525,s,2,8,s,s,0,1,0,0,0,2,3,0,5,2,s,1,0,d,10,0,0,0,2,0,s,22,2,d,11
I370,s,0,8,s,s,0,1,0,0,0,2,3,0,5,2,s,1,0,0,10,0,0,0,2,0,s,22,0,0,11
1940,s,0,8,s,s,0,1,0,0,5,d,3,0,5,2,s,1,0,d,d,0,0,0,2,s,s,22,0,1,11
I372,s,0,8,s,s,0,1,0,0,5,2,3,0,5,2,s,1,0,0,10,0,0,0,2,0,s,22,0,0,11
1445,s,0,8,s,s,0,1,0,0,5,2,3,0,5,2,s,1,2,0,10,0,d,0,2,0,s,22,0,0,11
1444,s,0,8,s,s,0,1,0,0,5,d,3,0,5,2,s,1,0,0,10,0,d,0,d,0,s,22,0,0,d
I373,s,0,8,s,s,0,1,0,0,0,2,3,0,5,2,5,1,0,0,0,0,0,s,2,0,s,22,0,0,0
1347,s,0,8,s,s,0,d,15,0,0,d,3,0,5,2,5,1,0,2,d,0,0,s,2,1,s,22,0,0,0
1076,s,2,8,s,s,0,1,0,0,0,2,3,3,5,d,d,d,0,8,0,0,2,s,2,0,s,d,0,6,13
I380,0,0,0,0,s,0,0,0,0,0,0,3,0,0,0,0,0,0,0,0,0,0,2,0,0,0,22,0,0,0
I381,2,0,0,0,s,0,0,0,0,0,2,3,2,0,0,32,0,0,0,0,0,0,2,0,0,0,22,0,0,s
I382,2,0,0,0,s,0,0,0,0,s,2,3,2,0,0,32,0,0,0,0,0,0,2,0,0,0,22,0,0,s
I383,2,0,4,0,s,0,0,0,0,s,2,3,2,0,0,32,0,0,0,0,0,0,2,0,0,0,22,0,0,s
I384,2,0,4,0,s,0,2,0,0,s,2,3,2,0,0,32,4,0,0,0,0,0,2,0,0,0,22,0,0,s
I387,2,0,4,0,s,16,2,1,0,s,2,3,2,0,0,32,4,0,0,0,0,s,2,0,0,0,22,0,0,s
1567,2,0,4,0,s,16,2,1,8,s,2,3,d,0,0,32,4,0,0,0,0,s,2,0,8,0,22,0,0,s
1566,2,0,4,0,s,16,2,1,d,s,2,3,2,d,0,32,4,d,0,0,d,s,2,d,0,0,22,0,0,s
I388,2,0,4,0,s,0,2,0,0,s,2,3,2,0,2,32,4,2,0,0,0,s,2,0,0,0,22,0,0,s
I389,2,0,4,0,s,0,2,0,0,s,2,3,2,0,2,32,4,2,0,0,0,s,2,0,0,0,22,0,0,s
1791,d,0,4,d,s,0,2,0,0,s,2,3,2,0,2,32,4,2,0,0,0,s,d,0,0,d,d,0,d,s
1790,2,0,4,0,s,0,2,d,0,s,2,3,d,0,2,32,4,2,d,0,0,s,2,0,1,d,22,0,0,s
I390,2,0,4,0,s,0,2,0,0,s,2,3,2,0,2,32,4,2,0,0,0,s,2,0,0,0,22,0,0,s
1699,d,0,4,0,s,d,2,0,0,s,2,3,2,0,d,32,4,d,0,0,0,s,2,0,0,0,22,0,0,s
1698,2,0,4,d,s,d,d,0,d,s,d,d,2,0,2,32,4,2,0,0,0,s,2,d,0,0,22,0,d,s
I391,2,0,4,0,s,0,0,0,0,s,2,3,2,0,2,32,0,0,0,0,0,0,2,0,0,2,22,0,0,s
I393,2,0,4,0,s,0,0,0,0,s,2,3,2,0,2,32,0,0,0,22,0,0,2,0,0,2,22,0,0,s
1675,2,0,4,0,s,0,0,0,0,s,d,3,2,0,d,32,0,s,0,22,0,0,2,0,0,2,22,0,0,s
1674,2,0,4,0,s,0,0,d,0,s,2,3,2,0,2,d,3,0,d,22,0,0,2,0,0,2,22,0,0,s
I395,2,2,4,0,s,16,0,0,0,s,2,3,2,0,2,32,0,0,0,0,3,0,2,0,1,2,22,0,0,s
I396,s,2,4,0,s,16,0,0,0,s,2,3,s,0,2,32,s,0,0,0,3,0,2,0,1,2,22,0,0,s
1593,s,2,4,0,s,16,d,0,0,s,2,3,s,0,2,32,s,0,0,0,3,0,2,0,1,d,22,0,0,s
1592,s,2,4,0,s,16,0,0,0,s,2,3,s,0,d,32,s,0,d,0,3,d,2,0,1,2,22,0,0,s
1710,d,2,4,0,s,d,0,0,0,s,s,3,2,0,2,32,d,0,d,0,d,1,2,0,1,d,22,0,1,s
I398,2,s,0,0,s,0,0,0,0,s,2,3,2,0,0,32,0,0,0,0,0,0,2,0,0,0,22,0,0,s
I399,2,s,0,0,s,0,0,0,0,s,2,3,2,0,0,32,0,1,0,0,0,0,2,7,0,0,22,0,0,s
1894,2,s,4,0,s,d,d,d,s,s,2,3,2,5,s,32,0,1,s,d,0,1,2,7,1,0,22,0,d,s
I403,2,s,0,0,s,0,0,2,0,s,2,3,2,0,0,32,0,s,0,3,0,0,2,7,0,0,22,0,1,s
I404,2,s,0,0,s,0,0,2,0,s,2,3,2,0,0,32,0,s,0,3,0,0,2,7,0,0,22,0,1,s
1789,2,s,0,2,s,0,0,2,0,s,2,3,2,0,0,32,0,s,0,3,0,0,2,7,0,d,22,0,1,s
1788,s,s,0,0,s,0,d,2,14,s,2,3,2,0,0,32,0,s,0,d,0,0,d,7,0,0,22,d,1,s
1881,2,s,0,0,s,0,0,2,0,s,2,d,2,5,0,d,0,s,12,3,0,0,2,7,0,0,22,0,1,s
I406,2,s,0,0,s,0,0,0,0,s,2,3,2,0,0,32,1,0,0,0,0,0,2,0,1,0,22,0,0,s
I407,2,s,0,0,s,0,9,0,0,s,2,3,2,0,0,32,1,0,0,0,1,0,2,0,1,0,22,0,0,s
1688,2,s,0,0,s,0,9,0,12,s,2,d,2,d,0,32,1,0,d,0,d,1,2,0,1,0,22,0,0,s
1901,s,s,0,0,s,0,9,0,0,s,2,d,2,10,0,32,1,d,0,0,1,0,2,0,1,0,s,2,0,s
I410,2,s,0,0,s,0,0,0,0,s,2,3,2,0,0,32,1,0,0,0,0,0,2,0,1,0,22,0,0,s
I411,2,s,4,0,s,0,0,0,0,s,2,3,2,0,0,32,1,0,0,0,0,0,2,0,1,0,22,2,1,s
1829,2,s,4,0,s,0,0,0,0,s,2,3,2,0,0,32,1,0,0,0,0,0,2,d,1,0,22,2,d,s
1828,2,s,4,0,s,0,0,0,0,s,2,3,2,0,0,32,d,d,0,0,0,0,2,0,1,0,22,2,d,s
1982,2,s,0,1,s,0,d,0,6,s,2,3,2,d,0,32,1,0,0,0,s,0,d,0,1,0,22,0,0,s
I413,2,0,0,0,s,0,0,0,0,0,2,3,2,0,0,32,1,0,0,10,0,0,2,0,0,0,22,0,0,s
I414,2,0,5,0,s,0,0,0,0,0,2,3,2,0,0,32,1,0,0,10,0,1,2,0,0,0,22,0,0,s
I415,2,0,5,0,s,0,0,0,0,0,2,3,2,0,0,32,1,0,0,10,0,1,2,0,0,0,22,0,0,s
I416,2,0,5,0,s,6,0,0,0,0,2,3,2,0,0,32,1,0,0,10,0,1,2,0,0,0,22,0,1,s
1330,2,d,5,0,s,6,3,d,0,d,d,3,2,0,d,32,1,0,3,10,0,1,s,0,1,0,d,0,1,s
I418,2,0,5,0,s,6,0,0,0,0,2,3,s,0,0,32,1,0,0,10,0,1,2,0,11,0,22,0,1,s
1415,2,d,5,0,s,6,0,0,0,0,2,3,s,0,d,32,1,0,0,10,0,d,2,0,11,0,22,0,d,s
1414,2,0,5,0,s,6,0,d,0,0,2,3,s,0,0,32,d,0,d,10,0,1,2,0,d,d,22,0,d,s
I419,2,s,5,0,s,0,9,0,0,0,2,s,2,0,0,32,1,0,0,10,0,1,2,0,0,0,22,0,0,s
I420,2,s,5,0,s,0,9,0,0,0,2,s,2,0,2,32,1,0,0,10,0,1,2,0,0,0,22,0,0,s
1291,2,s,5,0,s,0,d,0,0,0,2,s,d,0,2,32,1,0,d,10,0,1,2,0,0,0,22,0,0,s
1290,2,s,5,0,s,d,9,0,0,0,2,s,d,0,2,d,1,0,0,10,0,1,2,0,d,0,d,2,0,s
I421,2,s,5,0,s,0,9,12,0,0,2,s,2,0,0,32,1,0,0,10,0,1,2,0,0,0,22,0,0,s
1285,2,s,5,0,s,0,9,d,0,0,2,s,2,0,0,32,1,0,0,10,0,1,2,d,0,0,22,0,d,s
1284,2,s,5,0,s,0,9,12,0,0,2,s,2,0,0,d,1,d,d,10,0,1,2,0,0,0,22,d,0,s
I422,2,0,5,0,s,0,0,0,0,0,2,3,2,0,0,32,1,0,0,10,0,1,2,0,0,0,22,2,0,s
I424,s,0,5,0,s,s,0,0,0,0,2,3,2,0,0,32,1,0,4,10,0,s,2,0,0,0,22,2,0,s
1451,s,0,5,0,s,s,0,0,0,0,2,3,2,d,0,32,1,0,4,10,0,s,2,0,1,0,22,d,0,s
1450,s,d,5,0,s,s,0,8,0,d,2,3,2,0,0,32,1,0,d,10,d,s,d,0,0,0,22,2,0,s
1109,2,d,5,0,s,0,d,12,6,5,2,d,2,0,0,32,1,0,3,10,1,1,d,3,5,0,22,2,1,s
I429,2,0,0,0,s,0,0,0,0,0,2,3,2,0,0,32,1,0,0,10,0,0,2,0,0,0,22,0,0,s
I430,2,0,0,2,s,0,0,0,0,0,2,3,s,0,0,32,1,0,0,10,0,0,2,2,0,0,22,0,0,s
I431,2,0,0,2,s,0,0,1,0,5,2,3,s,0,0,32,1,0,0,10,0,1,2,2,0,0,22,0,0,s
I432,2,0,0,2,s,0,0,1,0,5,2,3,s,0,0,32,1,0,0,10,0,1,2,2,0,0,22,0,0,s
1409,2,0,0,2,s,0,16,1,d,5,d,3,s,0,d,32,d,d,0,d,3,1,2,2,0,0,22,0,0,s
1408,2,0,0,2,s,0,d,1,0,5,2,3,s,d,0,32,1,0,0,10,0,1,2,d,0,0,22,0,d,s
I433,2,0,0,2,s,0,0,1,0,5,2,3,s,0,0,32,1,0,0,10,0,1,2,2,0,0,22,0,1,s
1691,2,0,0,2,s,0,0,1,0,5,2,3,s,0,0,32,1,0,d,10,d,1,2,2,0,0,22,0,1,s
1690,2,d,0,d,s,0,0,1,d,5,d,3,s,0,d,32,1,0,0,10,0,1,2,2,0,0,22,0,1,s
I434,2,0,0,2,s,0,0,0,0,0,2,3,s,36,0,32,1,0,0,10,0,0,2,2,0,0,22,0,s,s
I435,2,0,0,2,s,0,0,0,0,0,2,3,s,36,0,32,1,0,0,10,0,0,2,2,0,0,22,2,s,s
1663,2,0,0,2,s,0,5,d,0,0,2,3,s,36,d,32,1,0,d,10,0,0,2,2,0,0,22,2,s,s
1662,2,0,0,2,s,0,0,16,0,0,2,3,s,36,0,d,1,0,0,10,0,0,d,2,0,d,22,2,s,s
1584,2,0,0,2,s,0,0,0,0,0,2,3,s,36,d,s,1,2,0,10,0,0,2,2,0,0,22,d,s,s
I438,2,0,0,0,s,7,0,0,0,5,2,3,2,0,0,32,1,2,0,10,0,1,2,s,0,0,22,0,1,s
1528,2,d,0,0,s,7,0,0,0,5,2,3,2,0,0,32,1,2,9,10,0,1,2,s,s,0,22,0,1,s
1603,d,d,0,0,s,7,0,0,0,5,2,3,2,0,d,32,1,2,0,10,0,1,2,s,0,0,22,0,d,s
I444,0,0,s,0,s,0,6,0,0,0,0,3,0,0,0,0,0,0,0,0,0,0,2,0,0,0,22,0,0,11
I445,0,0,s,0,s,0,6,0,0,5,0,3,0,0,0,0,1,0,0,0,0,0,2,0,0,0,22,0,0,11
I446,0,0,s,0,s,0,6,8,0,5,0,3,0,0,0,8,1,0,0,0,0,0,2,0,0,0,22,0,0,11
I447,0,0,s,0,s,0,6,8,0,5,0,3,0,0,0,8,1,0,0,0,0,0,2,0,0,0,22,0,0,11
I448,0,0,s,0,s,0,6,8,0,5,0,3,s,0,0,8,1,0,0,0,0,0,2,0,0,2,s,0,0,11
1480,2,1,s,0,s,0,6,8,0,d,0,3,s,0,d,8,1,0,d,0,0,0,2,0,0,2,s,s,1,11
I450,2,0,s,0,s,0,6,8,0,5,0,3,s,0,0,8,1,0,0,0,0,0,2,0,0,2,s,0,0,11
1273,2,0,s,0,s,0,6,8,0,5,0,3,s,0,0,d,1,0,0,0,0,d,2,0,0,2,s,d,0,11
1272,2,0,s,0,s,0,6,d,d,5,0,3,s,0,0,8,1,d,0,0,0,1,2,d,0,2,s,0,0,11
I451,0,0,s,0,s,0,6,8,0,5,0,3,0,0,0,8,1,0,16,0,0,0,2,0,0,0,22,0,0,11
1143,0,d,s,0,s,0,6,8,10,5,0,3,3,0,0,s,1,2,16,0,0,0,d,0,0,d,d,d,d,11
I453,s,0,s,0,s,0,6,8,11,5,0,3,3,35,0,8,1,0,16,0,0,0,2,0,0,0,22,2,0,11
1153,s,d,s,0,s,0,d,8,11,d,0,3,3,35,0,8,1,0,16,d,0,0,2,0,d,0,22,2,0,11
1152,s,0,s,0,s,0,s,8,11,5,0,3,3,d,0,8,1,d,16,0,0,0,2,0,d,0,22,2,0,11
I454,0,0,s,0,s,0,6,8,0,5,0,3,0,0,0,8,1,2,s,0,0,0,2,0,0,3,22,0,0,11
I455,0,0,s,0,s,5,6,8,0,5,0,3,0,0,2,8,1,2,s,15,0,0,2,0,0,3,22,2,0,11
1906,0,0,s,0,s,d,6,8,0,5,d,3,0,0,2,8,1,2,s,15,0,0,2,0,0,3,22,2,0,11
1820,0,0,s,d,s,5,6,d,0,5,0,d,0,0,d,d,1,2,s,15,0,0,d,0,0,3,22,2,0,11
1875,s,0,s,0,s,0,6,8,0,5,0,3,0,s,0,8,1,2,s,d,1,0,2,1,0,3,22,0,0,11
I461,0,0,s,0,s,0,6,0,6,5,8,3,0,0,0,0,1,0,0,0,0,0,2,0,0,0,22,0,0,11
I462,0,0,s,1,s,0,6,0,6,5,8,3,0,0,0,0,1,2,0,0,s,1,2,5,0,0,22,0,0,11
1467,s,d,s,d,s,d,6,5,d,5,8,3,d,0,0,0,d,2,0,0,s,d,2,5,d,0,d,0,1,11
1771,0,2,s,1,s,0,6,0,d,5,8,3,0,0,0,0,d,2,0,0,s,1,d,5,5,0,22,0,0,d
I469,0,2,s,0,s,0,6,0,6,5,8,3,0,0,0,0,1,0,0,4,1,1,2,0,0,0,22,0,0,11
I472,2,2,s,0,s,0,6,0,6,5,8,3,2,0,2,0,1,0,0,4,1,1,2,0,0,0,22,0,0,11
1619,2,2,s,0,s,0,d,0,6,d,8,3,2,0,2,0,1,0,0,4,1,1,2,0,0,0,22,d,0,d
1618,2,2,s,0,s,0,6,0,6,d,8,3,2,0,2,0,1,0,0,4,1,1,d,d,0,0,22,0,0,11
I473,0,2,s,0,s,0,6,0,6,5,8,3,7,0,0,s,1,0,0,4,1,1,2,0,0,0,22,s,0,11
1852,0,2,s,0,s,d,d,0,6,d,8,3,7,d,d,s,1,0,0,4,1,d,d,0,0,0,22,s,0,11
I475,0,2,s,0,s,0,6,1,6,5,8,3,7,0,s,s,1,0,0,4,1,1,2,0,0,0,22,s,1,11
1915,d,2,s,0,s,0,6,1,6,5,8,d,7,0,s,s,1,0,0,4,1,1,2,0,0,0,22,s,1,11
1914,0,2,s,0,s,0,6,1,6,5,8,3,7,0,s,s,1,0,0,4,d,1,d,0,0,0,22,s,1,11
I476,0,0,s,0,s,0,6,0,16,5,0,3,0,0,2,0,0,0,0,0,1,0,2,7,0,0,22,0,0,s
I477,0,0,s,0,s,0,6,0,16,5,0,3,0,0,2,0,0,0,0,0,1,0,2,7,0,0,22,0,0,s
I478,0,0,s,0,s,0,6,0,16,5,0,3,0,0,2,0,0,0,0,0,1,0,2,7,0,0,22,0,0,s
1609,0,0,s,0,s,8,6,0,d,5,d,3,0,0,d,0,d,0,22,3,1,0,2,7,3,2,22,d,0,s
I484,0,s,s,0,s,0,6,0,16,5,0,3,0,0,2,0,0,0,16,25,1,0,s,7,0,0,22,0,0,s
1705,d,s,s,0,s,0,6,0,16,5,0,3,0,0,2,0,0,0,16,25,1,0,s,7,0,0,22,0,0,s
1704,2,s,s,0,s,0,6,0,16,5,0,3,0,0,2,d,d,0,d,d,1,0,s,d,0,d,22,0,0,s
I485,0,0,s,0,s,0,6,0,16,5,0,3,3,0,2,0,0,0,0,0,1,0,2,7,0,0,22,0,0,s
I486,2,0,s,0,s,0,6,0,16,5,0,3,3,0,2,0,1,0,0,0,1,0,2,7,0,0,22,0,1,s
1809,2,0,s,0,s,5,6,0,16,5,2,3,d,22,d,0,1,d,0,0,1,0,2,7,0,0,s,d,d,s
I488,2,0,s,0,s,0,6,0,16,5,0,3,3,0,2,0,1,0,0,0,1,0,2,7,1,0,22,0,1,s
1709,2,0,s,0,s,0,6,0,16,5,0,3,d,0,2,0,1,0,0,0,1,0,2,7,d,2,22,0,1,s
1708,d,0,s,0,s,0,d,d,16,5,0,3,3,0,d,0,1,0,8,0,1,0,d,7,d,0,22,0,1,s
I489,0,0,s,0,s,0,6,0,16,5,0,3,3,0,2,0,0,0,0,0,1,0,2,7,0,0,22,0,0,s
I490,0,0,s,1,s,0,6,0,16,5,0,3,3,0,2,0,0,2,0,0,1,0,2,7,0,0,22,0,0,s
1751,0,d,s,1,s,0,6,0,16,5,0,3,3,0,d,0,0,2,0,0,1,0,2,7,0,0,22,d,d,s
1750,0,0,s,1,s,0,6,0,16,5,d,d,3,0,2,0,0,2,0,0,1,0,2,7,0,0,22,d,0,s
I491,0,0,s,0,s,6,6,0,16,5,0,3,3,0,2,0,0,0,0,0,1,0,2,7,0,0,22,0,0,s
1969,0,0,s,0,s,6,6,0,16,5,0,3,3,0,d,0,0,0,d,0,1,0,2,7,0,0,22,0,d,s
1968,0,0,s,0,s,6,6,0,16,5,0,3,3,0,d,0,0,0,0,0,1,d,2,7,0,0,22,0,0,s
I492,0,2,s,0,s,0,6,0,16,5,0,3,0,0,2,0,0,0,0,0,1,1,2,7,0,0,22,0,1,s
I493,0,2,s,0,s,0,6,0,16,5,0,3,0,5,2,0,0,0,0,0,1,1,2,7,0,3,22,0,1,s
I494,0,2,s,0,s,0,6,8,16,5,0,3,0,5,2,0,1,0,0,0,1,1,2,7,0,3,22,0,1,s
1865,0,2,s,0,s,0,d,8,16,5,0,3,0,5,d,0,1,d,0,0,1,1,2,7,0,3,22,0,1,s
1959,0,2,s,d,s,0,6,8,d,5,0,3,0,5,2,0,1,0,0,0,1,1,2,7,0,3,22,0,1,s
I497,0,2,s,0,s,0,6,0,16,5,0,3,0,s,2,0,0,0,0,0,1,1,2,7,0,3,22,0,1,s
1610,0,2,s,0,s,0,6,0,16,d,0,3,0,s,2,d,0,0,0,0,1,1,2,7,0,d,d,0,1,s
1478,0,2,s,0,s,0,d,0,16,5,0,3,0,s,2,0,0,0,0,0,1,1,2,7,d,3,22,0,1,s
I500,0,2,s,s,s,0,6,0,16,5,0,3,0,0,2,0,0,0,0,21,1,1,2,7,0,0,22,0,1,s
I502,2,2,s,s,s,25,6,5,16,5,0,3,0,0,2,s,0,0,0,21,s,1,2,7,0,0,22,0,1,s
2041,2,2,s,s,s,25,6,d,16,d,0,3,0,0,2,s,0,0,0,d,s,1,d,7,0,0,22,0,1,s
2040,2,2,s,s,s,25,d,d,d,5,d,3,d,d,2,s,0,0,0,d,s,1,2,7,0,0,22,0,1,s
I504,0,2,s,s,s,0,6,0,16,5,0,s,0,0,2,0,0,0,0,21,1,1,2,7,0,2,22,0,1,s
1658,0,2,s,s,s,0,6,0,d,5,0,s,0,0,d,0,0,0,0,d,1,1,2,7,0,2,22,0,1,s
I506,2,2,s,s,s,0,6,0,16,5,0,s,0,0,2,0,0,0,16,21,1,1,2,7,0,2,22,0,1,s
1905,2,2,s,s,s,0,6,0,16,5,0,s,d,d,2,0,0,0,16,21,1,1,2,7,0,d,22,0,1,s
1904,d,2,s,s,s,0,6,d,16,5,0,s,0,0,2,0,d,d,16,21,1,1,2,7,0,2,22,0,1,s
I507,0,0,0,0,0,0,0,12,0,0,s,3,0,0,0,0,0,0,0,0,0,0,0,0,0,0,0,0,0,0
I508,0,s,0,0,0,0,0,12,0,0,s,s,0,0,0,0,0,1,0,s,1,0,0,0,0,0,0,0,0,s
I509,0,s,0,0,0,0,0,12,0,0,s,s,0,0,0,0,0,1,0,s,1,1,0,0,0,0,0,0,1,s
I510,0,s,0,0,0,0,0,12,0,0,s,s,0,15,0,0,0,1,0,s,1,1,0,0,0,0,0,2,1,s
I511,0,s,2,0,0,0,0,12,0,0,s,s,0,15,0,19,0,1,19,s,1,1,0,0,0,0,0,2,1,s
I512,0,s,2,0,0,0,0,12,17,0,s,s,0,15,0,19,0,1,19,s,1,1,0,0,0,0,0,2,1,s
I513,0,s,2,0,1,0,0,12,17,0,s,s,0,15,0,19,0,1,19,s,1,s,0,0,1,0,0,2,1,s
1064,0,s,2,0,1,0,12,12,17,0,s,s,0,15,2,19,0,1,19,s,1,s,0,0,1,0,15,2,1,s
I517,0,s,2,0,s,0,0,12,17,0,s,s,0,15,0,19,0,1,19,s,1,s,0,0,1,0,0,2,1,s
1090,0,s,2,d,s,0,0,12,17,0,s,s,0,15,2,19,1,1,19,s,1,s,0,0,1,2,0,2,1,s
1106,2,s,2,0,s,0,0,12,17,0,s,s,0,15,0,19,0,1,19,s,1,s,0,d,1,0,10,2,1,s
I520,0,s,2,0,0,0,0,12,17,0,s,s,0,15,0,19,0,1,19,s,1,1,0,0,0,s,0,2,1,s
I521,0,s,2,0,0,0,0,12,17,0,s,s,0,15,0,s,0,1,19,s,1,1,0,0,0,s,0,2,1,s
1322,0,s,2,0,0,0,0,12,d,0,s,s,d,15,0,s,0,1,19,s,1,d,8,d,d,s,0,2,1,s
I523,0,s,2,0,0,0,0,12,17,0,s,s,0,s,0,s,s,1,19,s,1,1,0,2,0,s,0,2,1,s
1257,0,s,2,0,d,0,0,12,17,d,s,s,d,s,0,s,s,1,19,s,1,1,0,d,0,s,d,d,1,s
1256,0,s,2,0,0,0,d,12,17,0,s,s,0,s,2,s,s,1,19,s,d,1,0,2,0,s,0,2,1,s
I526,0,s,2,0,0,0,0,12,17,5,s,s,0,15,0,19,0,1,19,s,1,1,0,0,0,s,6,2,1,s
1587,d,s,2,0,0,0,0,d,17,d,s,s,0,15,0,19,0,1,19,s,1,1,0,0,0,s,6,2,1,s
1586,2,s,2,0,0,0,0,12,s,5,s,s,d,15,0,19,0,1,19,s,1,1,0,0,0,s,6,2,1,s
I527,0,s,2,1,0,0,0,12,0,5,s,s,0,15,0,19,0,1,19,s,1,1,0,0,0,0,0,2,1,s
I528,0,s,2,1,0,0,0,12,0,5,s,s,0,15,0,19,0,1,19,s,1,1,0,0,0,0,0,2,1,s
I531,0,s,2,1,0,0,1,12,6,5,s,s,0,15,0,19,0,1,19,s,1,1,0,2,11,0,0,2,1,s
1655,0,s,2,1,0,0,d,12,d,5,s,s,0,15,0,19,0,1,19,s,1,1,0,2,11,0,0,2,1,s
1654,0,s,2,d,0,0,1,12,d,5,s,s,0,15,2,19,0,1,19,s,1,1,d,2,11,0,d,d,1,s
I532,2,s,2,1,0,0,0,12,0,5,s,s,0,15,0,19,0,1,19,s,1,1,0,0,0,0,0,2,1,s
1388,2,s,d,1,0,0,3,12,8,5,s,s,0,d,2,19,d,1,19,s,1,1,0,0,0,2,0,2,d,s
I534,2,s,2,1,0,0,0,12,0,5,s,s,0,15,2,19,0,1,19,s,1,1,0,0,0,0,0,2,1,s
1393,2,s,d,1,d,0,0,12,0,5,s,s,0,15,2,19,0,1,19,s,1,1,0,0,0,0,0,2,1,s
1392,2,s,2,1,0,0,0,12,d,5,s,s,0,d,2,19,0,1,19,s,1,1,0,0,0,0,0,2,1,s
I535,0,s,2,1,0,0,0,12,0,5,s,s,0,15,0,19,0,1,19,s,1,1,0,2,0,0,0,2,1,s
1210,0,s,2,1,0,1,0,12,0,5,s,s,0,s,d,19,d,1,d,s,d,1,11,2,0,0,0,2,1,s
1155,0,s,2,1,0,0,0,12,0,5,s,s,0,d,2,19,d,1,19,s,1,1,2,2,d,2,1,2,d,s
I542,0,s,0,0,0,0,0,12,0,0,s,s,0,15,0,0,0,1,0,s,1,1,0,0,0,0,0,2,1,s
I543,0,s,5,0,0,0,0,12,0,0,s,s,0,15,0,0,0,1,0,s,1,1,0,0,0,0,0,2,1,s
I544,0,s,5,0,0,0,0,12,0,0,s,s,0,15,0,0,0,1,0,s,1,1,5,0,0,0,0,s,1,s
I545,0,s,5,1,0,0,0,12,0,0,s,s,0,15,0,0,0,1,0,s,1,1,5,0,0,0,0,s,1,s
I546,2,s,5,1,0,0,0,12,0,0,s,s,0,15,0,0,0,1,0,s,1,s,5,0,0,0,0,s,1,s
1183,d,s,5,1,0,31,0,12,d,0,s,s,s,15,2,25,0,1,0,s,d,s,5,0,0,d,4,s,1,s
1182,2,s,5,1,0,12,d,12,0,d,s,s,0,15,0,0,0,1,0,s,1,s,5,d,0,0,0,s,1,s
I547,0,s,5,1,0,0,0,12,0,3,s,s,0,15,0,0,0,1,0,s,1,1,5,0,0,0,0,s,1,s
1083,0,s,5,1,0,d,0,12,11,d,s,s,0,15,0,0,0,1,0,s,1,1,5,0,0,0,0,s,1,s
1082,0,s,5,1,0,d,0,12,0,3,s,s,0,d,0,0,d,1,0,s,1,1,d,0,d,0,d,s,1,s
I548,0,s,5,1,1,0,0,12,0,0,s,s,0,15,0,0,0,1,0,s,1,1,5,0,0,0,0,s,1,s
I549,0,s,5,1,1,0,0,12,20,0,s,s,0,15,0,0,0,1,0,s,1,1,5,0,0,0,6,s,1,s
1047,0,s,5,s,1,0,s,12,20,0,s,s,0,15,d,0,1,1,0,s,1,1,5,0,0,0,d,s,1,s
2046,d,s,d,1,1,0,d,12,20,0,s,s,0,15,0,0,0,1,0,s,1,1,5,0,0,0,6,s,1,s
1126,0,s,d,d,1,0,0,12,d,d,s,s,0,15,0,0,0,1,0,s,d,1,5,0,0,0,0,s,1,s
I552,0,s,5,0,0,0,0,12,0,0,s,s,0,15,0,0,0,1,0,s,1,1,8,0,0,0,0,2,1,s
1089,0,s,5,0,0,0,40,12,0,0,s,s,0,15,0,27,0,1,0,s,s,1,8,0,d,0,0,2,1,s
I556,0,s,5,0,0,0,0,12,0,0,s,s,3,15,0,0,0,1,0,s,1,1,8,0,0,0,0,2,1,s
1267,d,s,5,0,0,0,0,12,0,0,s,s,3,15,0,0,0,1,0,s,1,1,8,d,0,0,0,2,1,s
I558,0,s,5,0,0,0,0,12,0,0,s,s,3,15,s,0,0,1,0,s,1,1,8,0,0,0,0,2,1,s
2016,0,s,5,0,0,0,0,12,s,0,s,s,3,15,s,0,0,d,0,s,1,1,8,0,0,0,0,d,d,s
2039,0,s,5,0,0,0,0,12,0,d,s,s,3,15,s,d,0,1,0,s,1,1,8,0,1,0,0,2,1,s
I561,0,s,5,0,0,0,6,12,0,0,s,s,0,15,0,25,0,1,0,s,1,1,0,0,0,0,0,2,1,s
I565,0,s,5,s,1,15,6,12,20,0,s,s,0,15,0,s,0,1,0,s,1,1,9,2,0,0,4,2,1,s
1169,0,s,5,s,1,d,6,12,20,0,s,s,3,15,0,s,0,1,d,s,1,1,9,2,0,0,4,2,d,s
1168,0,s,5,s,1,d,6,12,20,0,s,s,2,15,0,s,1,1,0,s,1,1,9,2,d,0,4,2,1,s
1196,0,s,5,0,1,0,6,12,0,0,s,s,3,15,0,25,0,1,22,s,1,1,11,0,0,2,22,2,1,s
I576,0,s,0,0,0,0,0,12,0,0,s,s,0,0,0,0,0,1,0,s,1,1,8,0,5,0,0,0,1,s
I577,0,s,0,0,0,0,3,12,0,0,s,s,0,0,0,0,1,1,0,s,1,1,8,s,5,0,0,0,1,s
I578,0,s,4,0,0,0,3,12,0,0,s,s,0,0,0,0,1,1,0,s,1,1,8,s,5,0,0,0,1,s
I579,0,s,4,0,0,0,3,12,0,0,s,s,0,0,0,18,1,1,0,s,1,1,8,s,s,0,0,0,1,s
I582,0,s,4,0,0,16,3,12,0,0,s,s,0,5,2,18,1,1,0,s,1,1,8,s,s,0,0,2,1,s
1671,0,s,4,d,0,16,3,12,0,0,s,s,0,5,2,18,1,1,0,s,1,1,8,s,s,0,0,2,1,s
1670,0,s,4,d,1,16,3,12,0,0,s,s,d,5,2,18,d,d,0,s,1,1,8,s,s,0,0,2,1,s
I583,0,s,4,0,1,0,3,12,0,s,s,s,0,0,2,18,1,1,0,s,1,1,8,s,s,0,0,0,1,s
1949,0,s,4,0,1,7,3,12,6,s,s,s,0,0,d,18,1,1,0,s,1,1,8,s,s,0,0,d,1,s
1749,2,s,4,d,1,0,3,12,0,s,s,s,0,0,2,d,1,1,d,s,1,1,8,s,s,2,0,0,1,s
1177,0,s,4,1,1,6,3,d,d,0,s,s,0,0,0,0,1,1,8,s,d,1,8,s,d,6,0,0,1,s
I593,0,s,0,0,0,0,3,12,0,0,s,s,0,0,0,0,1,1,0,s,1,1,8,s,5,0,22,0,1,s
I594,2,s,0,0,1,0,3,12,0,0,s,s,0,0,0,0,1,1,3,s,1,1,8,s,5,0,22,0,1,s
I595,2,s,5,0,1,5,3,12,0,0,s,s,0,0,0,0,1,1,3,s,1,1,8,s,5,0,22,0,1,s
I596,2,s,5,0,1,5,3,12,20,0,s,s,0,0,0,0,1,1,3,s,1,1,8,s,5,0,22,0,1,s
1199,2,s,5,d,1,5,3,12,d,0,s,s,0,0,0,0,1,d,3,s,1,1,8,s,5,0,d,0,1,s
1198,2,s,5,0,1,5,3,12,20,0,s,s,0,0,0,0,1,1,3,s,1,1,8,s,5,0,22,0,1,s
2003,2,s,5,0,1,5,3,12,d,5,s,s,3,0,0,0,1,1,d,s,1,1,d,s,5,0,22,0,1,s
I600,2,s,0,0,1,0,3,12,0,5,s,s,0,0,0,0,1,1,3,s,s,1,8,s,5,0,22,0,1,s
1217,2,s,4,1,1,d,3,12,0,5,s,s,0,d,d,0,1,1,3,s,s,1,8,s,5,0,22,s,1,s
1327,2,s,0,0,d,d,3,12,d,5,s,s,0,0,0,0,d,1,3,s,s,1,8,s,5,0,22,0,1,s
I603,0,s,0,0,1,0,3,12,0,0,s,s,0,0,0,0,1,1,0,s,1,1,8,s,5,0,22,0,1,s
I604,0,s,0,0,1,0,3,12,0,0,s,s,0,0,0,0,1,1,0,s,1,1,8,s,5,0,22,0,1,s
1419,0,s,0,0,1,0,3,12,0,0,s,s,0,5,0,0,1,1,0,s,1,1,8,s,d,s,22,0,1,s
I606,0,s,0,0,1,0,3,12,0,0,s,s,0,0,2,0,1,1,5,s,1,1,8,s,5,0,22,0,1,s
1087,0,s,0,0,1,0,3,12,8,5,s,s,d,0,2,0,1,d,d,s,1,d,8,s,5,0,22,0,1,s
1086,0,s,0,0,1,0,d,12,0,0,s,s,0,0,2,0,1,1,5,s,1,1,8,s,d,0,22,0,1,s
1179,0,s,0,1,1,0,3,12,0,d,s,s,3,0,0,0,1,1,d,s,1,1,8,s,5,d,22,0,1,s
I610,0,s,4,0,0,0,0,12,0,0,s,s,0,0,0,0,0,1,0,s,1,1,8,0,5,2,0,2,1,s
I611,0,s,4,0,0,0,0,12,14,0,s,s,0,0,0,0,0,1,0,s,1,1,8,0,5,2,0,2,1,s
I612,0,s,4,0,0,0,0,12,14,0,s,s,3,0,0,0,0,1,0,s,1,1,8,0,5,s,0,2,1,s
I613,0,s,4,0,0,0,0,12,14,0,s,s,3,0,0,0,0,1,0,s,1,1,8,0,5,s,0,2,1,s
I614,2,s,4,0,0,0,0,12,14,0,s,s,3,0,0,0,0,1,0,s,1,1,8,0,5,s,0,2,1,s
1643,2,s,4,0,0,0,0,12,14,d,s,s,3,0,d,0,0,1,d,s,1,1,8,0,5,s,0,2,1,s
1642,2,s,d,0,d,0,0,12,14,s,s,s,3,0,0,0,0,1,0,s,1,1,d,0,5,s,0,2,1,s
I615,2,s,4,0,0,0,0,12,14,0,s,s,3,0,0,0,1,1,0,s,1,1,8,0,5,s,0,2,1,s
1383,2,s,4,0,0,0,0,12,14,0,s,s,3,0,0,0,1,1,d,s,1,1,8,d,d,s,d,2,d,s
1382,2,s,4,0,0,6,0,d,14,0,s,s,3,0,0,0,1,1,0,s,1,1,d,0,5,s,27,2,1,s
1453,0,s,4,0,0,8,0,12,14,0,s,s,s,d,d,0,0,1,29,s,1,d,8,d,5,s,0,2,d,s
I619,0,s,4,0,0,0,0,12,14,0,s,s,3,0,0,0,0,1,0,s,1,1,8,0,5,2,0,2,1,s
1200,0,s,4,d,d,0,0,12,14,0,s,s,3,0,s,0,0,1,d,s,1,1,8,0,5,2,0,2,1,s
1399,d,s,4,3,0,0,d,d,14,0,s,s,3,5,d,0,0,1,0,s,1,d,8,0,d,d,d,2,1,s
I626,0,s,4,0,1,0,0,12,0,0,s,s,0,0,0,0,1,1,0,s,1,1,8,0,5,2,s,2,1,s
I627,0,s,4,0,1,0,1,12,0,0,s,s,0,0,0,s,1,1,0,s,1,1,8,0,5,2,s,2,1,s
1317,2,s,4,0,s,s,1,12,0,0,s,s,d,0,0,s,1,1,0,s,1,1,8,d,5,s,s,d,1,s
I631,0,s,4,1,1,0,1,12,0,0,s,s,0,0,2,s,1,1,0,s,1,1,8,0,s,2,s,2,1,s
1384,s,s,4,1,1,0,1,12,d,0,s,s,0,0,2,s,1,1,0,s,1,1,8,0,s,2,s,2,1,s
1412,0,s,d,1,1,0,1,12,0,5,s,s,3,0,d,s,1,1,0,s,1,1,s,0,s,d,s,2,1,s
I634,0,s,4,0,1,0,0,12,0,0,s,s,0,0,0,0,1,1,0,s,1,1,8,0,5,2,s,2,1,s
I635,0,s,4,0,1,0,0,s,0,0,s,s,0,0,0,8,1,1,0,s,1,1,8,7,5,2,s,2,1,s
I636,0,s,4,0,1,31,0,s,0,0,s,s,0,0,0,8,1,1,0,s,1,1,8,7,5,s,s,2,1,s
1335,d,s,4,0,1,31,d,s,0,d,s,s,0,0,0,8,1,d,0,s,d,1,8,7,5,s,s,2,1,s
1334,0,s,4,0,d,31,0,s,0,0,s,s,0,d,0,8,1,1,d,s,1,1,8,7,d,s,s,2,1,s
I637,0,s,4,0,1,0,0,s,0,0,s,s,0,0,0,8,1,1,1,s,1,1,8,7,5,2,s,2,1,s
1485,0,s,4,0,1,0,0,s,0,0,s,s,d,0,2,8,1,1,1,s,d,1,8,7,5,d,s,d,1,s
1484,0,s,4,0,d,d,0,s,0,d,s,s,0,0,0,8,1,1,1,s,d,1,8,7,5,d,s,2,1,s
I639,0,s,4,0,1,0,3,12,0,0,s,s,0,0,0,0,1,1,0,s,1,1,8,6,5,2,s,2,1,s
1469,2,s,4,0,1,0,3,12,d,0,s,s,0,0,0,0,1,1,0,s,1,1,8,6,5,2,s,2,1,s
1468,0,s,4,0,1,0,3,12,0,0,s,s,0,0,0,0,1,1,0,s,1,1,8,6,5,2,s,2,1,s
I641,0,s,0,0,s,s,0,12,0,0,s,s,3,0,0,7,0,1,5,s,1,0,0,0,0,0,0,0,0,s
I642,0,s,0,0,s,s,0,12,0,0,s,s,3,0,0,7,0,1,5,s,1,0,0,0,3,4,0,0,0,s
I643,2,s,0,3,s,s,0,12,0,0,s,s,3,0,0,7,0,1,5,s,1,0,0,1,3,4,0,0,0,s
I644,2,s,0,3,s,s,17,12,0,0,s,s,3,0,0,7,0,1,5,s,1,0,0,1,3,4,0,2,0,s
I645,2,s,0,3,s,s,17,12,0,0,s,s,3,0,0,7,0,1,5,s,1,0,0,1,3,4,0,2,0,s
1883,2,s,0,d,s,s,17,12,11,0,s,s,3,d,2,7,1,d,5,s,1,2,s,1,3,4,0,d,0,s
I649,2,s,0,3,s,s,17,12,12,0,s,s,3,6,0,7,0,s,5,s,1,0,0,1,3,4,0,2,0,s
1818,2,s,0,3,s,s,d,12,12,0,s,s,3,6,2,7,0,s,d,s,1,0,0,1,3,4,0,2,0,s
1558,2,s,0,d,s,s,17,12,d,0,s,s,3,6,0,7,0,s,5,s,1,1,0,1,3,4,0,2,0,s
I652,2,s,0,3,s,s,17,12,0,s,s,s,3,0,0,7,0,1,5,s,1,0,0,1,3,4,0,2,0,s
I655,s,s,0,3,s,s,17,12,0,s,s,s,3,s,0,7,0,1,5,s,1,0,s,1,3,4,0,2,0,s
1519,s,s,0,3,s,s,d,12,0,s,s,s,3,s,0,d,4,1,d,s,d,0,s,1,d,4,0,2,0,s
1518,s,s,0,3,s,s,17,12,0,s,s,s,3,s,0,7,0,1,5,s,1,0,s,1,3,4,0,2,0,s
I657,2,s,0,3,s,s,17,12,0,s,s,s,3,0,2,7,0,1,5,s,1,0,0,1,3,4,0,2,0,s
1637,2,s,d,3,s,s,17,12,0,s,s,s,3,0,2,7,0,d,d,s,1,0,0,d,d,4,0,2,0,s
1636,2,s,0,3,s,s,17,d,0,s,s,s,d,0,2,7,0,1,5,s,1,d,0,1,3,4,0,2,0,s
I659,2,s,s,3,s,s,0,12,0,0,s,s,3,0,0,7,0,1,5,s,1,0,0,1,3,4,0,0,0,s
I660,2,s,s,3,s,s,0,12,0,0,s,s,3,0,0,7,0,1,5,s,1,0,0,1,3,4,0,0,0,s
I661,2,s,s,3,s,s,0,12,0,0,s,s,3,0,0,7,0,1,5,s,1,0,0,1,3,4,0,0,0,s
1228,2,s,s,3,s,s,0,12,0,0,s,s,3,0,0,7,0,1,5,s,1,0,0,1,3,4,4,0,0,s
I663,2,s,s,3,s,s,0,12,0,0,s,s,3,0,0,7,0,1,5,s,1,1,0,1,3,4,0,0,0,s
1221,2,s,s,3,s,s,0,12,0,d,s,s,3,0,0,7,0,1,5,s,1,1,0,1,3,d,0,0,0,s
1220,2,s,s,3,s,s,0,12,0,5,s,s,3,0,0,7,0,d,5,s,1,1,d,1,3,4,6,0,0,s
I664,2,s,s,3,s,s,1,12,0,0,s,s,3,0,0,7,0,1,5,s,1,0,0,1,3,4,0,0,0,s
1471,2,s,s,3,s,s,1,d,0,d,s,s,3,0,0,7,0,1,5,s,1,0,0,1,3,4,0,2,0,s
1402,2,s,s,3,s,s,1,12,0,0,s,s,3,0,0,7,0,1,5,s,1,d,d,d,3,4,0,d,d,s
I667,2,s,s,s,s,s,39,12,0,0,s,s,3,0,0,7,0,1,5,s,1,1,9,1,3,4,0,0,0,s
I668,2,s,s,s,s,s,39,12,0,0,s,s,3,0,0,7,0,1,5,s,1,1,9,1,3,4,0,s,1,s
1560,2,s,s,s,s,s,39,d,d,0,s,s,3,0,0,7,0,1,5,s,1,1,9,1,3,4,d,s,1,s
I670,2,s,s,s,s,s,39,12,0,0,s,s,3,0,0,7,0,1,5,s,1,1,9,1,3,4,0,s,1,s
1621,2,s,s,s,s,s,d,12,0,0,s,s,3,0,d,7,0,d,5,s,1,1,9,1,3,4,0,s,1,s
1620,2,s,s,s,s,s,39,12,0,d,s,s,3,d,0,7,d,d,5,s,1,1,9,1,3,4,0,s,1,s
I671,2,s,s,s,s,s,s,12,0,0,s,s,3,0,0,7,0,1,s,s,1,1,9,1,3,4,0,0,0,s
1630,2,s,s,s,s,s,s,d,0,0,s,s,3,5,0,7,0,s,s,s,1,1,d,1,3,4,0,d,0,s
1778,2,s,s,s,s,s,s,12,14,0,s,s,3,0,2,7,d,1,s,s,1,d,9,1,d,4,0,0,1,s
I674,0,s,0,0,s,s,0,12,0,0,s,s,3,0,0,7,0,1,5,s,1,0,11,0,3,4,0,0,0,s
I675,2,s,0,0,s,s,0,12,0,0,s,s,3,0,0,7,0,1,5,s,1,0,11,0,3,4,0,0,0,s
I676,2,s,4,0,s,s,0,12,0,0,s,s,3,0,0,7,0,1,5,s,1,0,11,1,3,4,0,2,0,s
I677,2,s,4,0,s,s,5,12,0,0,s,s,3,0,0,7,0,1,5,s,1,0,11,1,3,4,0,2,0,s
I678,2,s,4,0,s,s,5,12,0,0,s,s,3,0,0,7,1,1,5,s,1,0,11,1,3,4,0,2,0,s
1541,2,s,4,0,s,s,5,d,0,0,s,s,3,26,0,7,1,1,5,s,1,0,11,1,3,4,0,d,0,s
1540,2,s,d,0,s,s,5,12,0,0,s,s,3,d,0,d,1,1,5,s,1,0,d,1,3,4,0,2,0,s
1465,2,s,4,1,s,s,d,12,0,0,s,s,3,0,2,7,0,1,d,s,1,d,d,1,3,4,d,2,0,s
1297,2,s,4,0,s,s,0,12,0,0,s,s,s,0,0,7,1,1,5,s,1,0,s,s,3,4,27,2,0,s
I683,2,s,0,0,s,s,0,12,0,0,s,s,3,0,0,7,0,1,5,s,s,0,11,0,3,4,0,0,0,s
I684,2,s,0,0,s,s,0,12,0,0,s,s,3,0,0,7,0,1,5,s,s,0,s,0,3,4,0,0,0,s
1855,d,s,d,0,s,s,0,12,d,0,s,s,3,0,0,7,0,1,5,s,s,0,s,0,3,4,0,0,0,s
1795,2,s,0,0,s,s,0,12,d,d,s,s,3,10,0,7,0,1,5,s,s,d,s,d,3,4,0,d,d,s
I687,2,s,0,0,s,s,0,12,0,0,s,s,3,0,0,7,0,1,5,s,s,0,11,0,3,4,0,0,0,s
1531,2,s,d,0,s,s,d,12,0,0,s,s,3,0,0,7,3,1,d,s,s,0,11,2,d,4,15,s,0,s
I689,2,s,0,0,s,s,0,12,0,0,s,s,3,0,0,7,0,1,5,s,s,0,11,0,3,4,0,0,0,s
1527,2,s,0,0,s,s,0,12,0,0,s,s,3,d,0,7,0,d,5,s,s,0,11,0,3,4,0,2,0,s
1526,2,s,0,0,s,s,0,12,d,0,s,s,3,0,0,d,0,d,5,s,s,0,11,0,3,4,0,0,d,s
I690,0,s,0,1,s,s,0,12,0,0,s,s,3,0,0,7,0,1,5,s,1,0,11,0,3,4,0,5,0,s
I695,2,s,0,1,s,s,17,12,8,5,s,s,3,0,0,s,0,1,5,s,1,0,11,0,3,4,19,5,1,s
1463,2,s,0,d,s,s,17,12,8,5,s,s,3,0,0,s,0,1,d,s,1,0,11,0,3,4,19,5,1,s
1510,2,s,0,1,s,s,d,12,8,5,s,s,3,0,s,s,0,1,5,s,1,0,d,0,3,4,19,5,1,s
I698,0,s,0,1,s,s,0,12,0,0,s,s,3,10,0,7,0,1,5,s,1,1,11,0,3,4,0,5,0,s
I699,0,s,0,1,s,s,0,12,0,0,s,s,3,10,0,7,0,1,5,s,1,1,11,0,3,4,0,5,0,s
1357,d,s,0,1,s,s,0,12,0,0,s,s,3,10,0,d,1,1,5,s,1,1,d,0,3,4,0,d,0,s
1275,0,s,0,1,s,s,0,12,11,0,s,s,3,10,2,7,0,d,5,s,1,1,11,d,3,4,0,5,0,s
I702,0,s,0,1,s,s,0,12,0,0,s,s,3,10,0,7,0,1,5,s,1,1,11,0,3,4,0,5,0,s
I703,0,s,0,1,s,s,0,12,0,0,s,s,3,10,0,7,0,1,5,s,1,1,11,0,3,4,0,5,0,s
1307,0,s,0,1,s,s,d,12,d,0,s,s,3,10,d,7,1,1,5,s,1,1,11,d,3,4,0,5,0,s
1306,0,s,0,1,s,s,0,12,0,d,s,s,3,10,0,7,0,1,5,s,1,1,11,0,3,d,0,5,0,s
1270,0,s,0,1,s,s,5,12,0,0,s,s,3,10,0,7,0,1,5,s,1,1,11,0,3,4,d,5,0,s
I705,0,s,0,0,s,s,0,12,0,0,s,s,3,0,0,7,0,1,5,s,1,0,0,0,0,2,0,0,0,s
I706,0,s,0,0,s,s,0,12,0,0,s,s,3,0,0,7,0,1,5,s,1,0,0,0,0,2,0,0,0,s
I707,0,s,0,0,s,s,0,12,0,0,s,s,3,0,0,7,0,1,5,s,1,0,0,0,0,2,27,0,0,s
I708,0,s,0,0,s,s,0,12,0,0,s,s,3,0,0,7,0,1,5,s,1,0,0,0,0,2,27,0,1,s
I709,0,s,0,0,s,s,0,12,0,5,s,s,3,0,0,7,0,1,5,s,1,0,0,2,0,2,27,0,1,s
I710,0,s,0,0,s,s,0,12,0,5,s,s,3,0,2,7,0,1,5,s,1,1,2,2,0,2,27,0,1,s
1233,0,s,0,0,s,s,40,12,0,5,s,s,d,d,2,7,0,1,d,s,1,1,2,2,0,2,27,0,1,s
1232,0,s,0,0,s,s,0,12,0,5,s,s,3,0,2,d,0,d,5,s,1,1,d,2,0,d,27,0,1,s
I711,0,s,0,0,s,s,0,12,0,5,s,s,3,0,0,7,0,1,5,s,1,0,0,2,0,2,27,0,1,s
1555,0,s,0,0,s,s,0,12,0,5,s,s,3,0,0,7,0,1,d,s,1,0,0,2,0,2,27,0,1,s
1554,0,s,d,0,s,s,0,12,0,d,s,s,3,0,d,7,0,1,5,s,1,0,0,2,d,2,d,2,1,s
I712,0,s,0,0,s,s,0,12,0,0,s,s,3,0,0,7,4,1,5,s,1,1,0,0,0,2,27,0,1,s
1386,0,s,d,s,s,s,d,12,0,0,s,s,3,10,0,7,4,d,5,s,1,1,0,0,0,2,27,0,1,s
I714,0,s,0,1,s,s,0,12,0,0,s,s,3,0,0,7,4,1,5,s,1,1,0,0,1,2,27,0,1,s
1673,0,s,0,1,s,s,0,12,0,0,s,s,3,0,0,7,4,1,5,s,1,1,0,0,1,2,27,0,1,s
1672,0,s,d,1,s,s,0,12,d,0,s,s,3,0,2,7,4,1,5,s,1,s,0,0,1,2,27,0,1,s
I715,0,s,0,0,s,s,0,12,0,0,s,s,3,0,0,7,0,1,5,s,1,0,s,0,0,2,27,0,0,s
1723,s,s,0,0,s,s,d,12,14,d,s,s,3,0,0,7,1,d,5,s,1,d,s,0,0,2,27,d,0,s
I719,2,s,0,0,s,s,3,12,0,0,s,s,3,0,0,7,0,1,5,s,1,0,s,0,0,2,27,0,0,s
1856,2,s,0,0,s,s,3,12,24,0,s,s,3,0,0,7,s,1,5,s,d,1,s,0,0,d,27,2,0,s
1830,2,s,0,0,s,s,3,12,d,d,s,s,d,0,0,7,1,d,d,s,1,0,s,0,0,2,d,0,0,s
I722,0,s,0,0,s,s,0,12,0,0,s,s,3,0,0,7,0,1,5,s,1,0,1,0,0,2,0,0,1,s
I723,0,s,0,0,s,s,0,12,0,0,s,s,3,0,0,7,0,1,5,s,1,0,1,0,0,2,0,0,1,s
I725,0,s,0,0,s,s,0,12,0,0,s,s,3,0,0,7,0,1,5,s,1,0,1,0,0,2,0,0,1,s
1577,0,s,0,0,s,s,0,12,0,0,s,s,3,0,0,d,0,1,5,s,d,0,1,s,d,2,0,0,1,s
1576,d,s,d,1,s,s,0,d,d,0,s,s,3,0,d,7,0,1,d,s,1,0,1,0,0,2,0,0,1,s
2034,0,s,0,3,s,s,0,d,0,d,s,s,3,0,0,7,0,1,d,s,1,0,1,0,1,2,0,0,d,s
I730,0,s,0,0,s,s,0,12,0,0,s,s,3,0,0,7,0,1,5,s,1,0,1,0,0,2,0,2,1,s
2023,0,s,0,0,s,s,5,12,0,0,s,s,3,0,0,d,0,1,5,s,1,0,1,0,0,2,0,2,1,s
I736,0,s,0,0,s,s,0,12,0,0,s,s,3,29,0,s,0,1,5,s,1,0,1,2,0,2,1,2,1,s
2019,0,s,d,0,s,s,0,12,d,0,s,s,3,29,0,s,0,1,5,s,d,0,1,2,0,2,1,2,1,s
2018,0,s,d,0,s,s,0,12,0,0,s,s,3,d,0,s,0,1,5,s,1,0,1,2,0,2,1,2,1,s
I737,0,s,0,0,s,s,0,12,0,0,s,s,3,0,0,7,0,1,5,s,1,0,0,0,0,2,15,0,0,s
I738,0,s,s,0,s,s,0,12,0,0,s,s,3,0,0,7,0,1,5,s,1,0,0,0,0,2,15,0,0,s
I743,0,s,s,0,s,s,1,12,0,5,s,s,3,0,0,7,0,1,5,s,1,0,0,0,0,2,15,s,0,s
I744,0,s,s,0,s,s,1,12,0,5,s,s,3,0,0,7,1,1,5,s,1,0,0,0,0,2,15,s,0,s
1589,d,s,s,0,s,s,d,12,0,d,s,s,3,0,0,d,1,1,5,s,1,0,0,0,d,2,15,s,d,s
1588,0,s,s,d,s,s,1,12,0,5,s,s,3,0,0,7,1,1,5,s,1,0,0,0,d,2,15,s,0,s
I745,0,s,s,0,s,s,1,12,0,5,s,s,3,0,0,7,0,1,5,s,1,0,0,0,0,2,15,s,0,s
1367,0,s,s,0,s,s,1,12,0,5,s,s,d,0,2,7,d,d,d,s,d,0,d,0,0,2,15,s,1,s
1366,d,s,s,0,s,s,1,12,0,5,s,s,3,0,0,7,0,1,5,s,d,0,0,0,0,2,15,s,0,s
I746,0,s,s,0,s,s,0,12,0,0,s,s,3,5,0,7,0,1,5,s,1,0,0,0,0,2,15,0,0,s
I747,0,s,s,0,s,s,5,12,0,0,s,s,3,5,0,7,0,1,5,s,1,0,0,0,0,2,15,0,0,s
1496,0,s,s,0,s,s,5,d,0,d,s,s,3,5,0,7,0,1,d,s,1,0,0,0,0,2,15,0,0,s
1321,0,s,s,0,s,s,s,d,0,0,s,s,3,5,0,7,0,d,5,s,1,0,0,0,d,2,15,0,0,s
I750,0,s,s,0,s,s,0,12,0,0,s,s,3,5,0,7,0,1,5,s,1,0,0,0,0,2,15,0,0,s
1363,0,s,s,0,s,s,0,12,0,5,s,s,3,5,0,7,0,1,5,s,1,0,0,0,d,2,15,0,0,s
I752,0,s,s,s,s,s,0,12,0,0,s,s,3,5,0,7,0,1,5,s,1,0,0,0,0,2,15,0,0,s
1105,0,s,s,s,s,s,0,12,0,0,s,s,3,5,0,7,0,1,5,s,1,0,d,d,0,2,15,0,0,s
1104,0,s,s,s,s,s,0,12,d,0,s,s,3,5,d,7,0,1,d,s,1,0,0,d,d,2,15,d,d,s
I753,0,s,0,0,s,s,0,12,0,0,s,s,3,24,0,7,0,s,5,s,1,1,0,0,0,2,15,0,0,s
I754,0,s,0,0,s,s,0,12,0,5,s,s,3,24,0,7,1,s,5,s,1,1,0,0,8,2,15,0,0,s
I755,0,s,0,0,s,s,0,12,0,5,s,s,3,24,0,7,1,s,5,s,1,1,0,0,8,2,15,s,0,s
I756,0,s,0,0,s,s,0,12,0,5,s,s,3,24,0,s,1,s,5,s,1,1,0,0,8,2,15,s,0,s
1215,0,s,0,0,s,s,0,12,0,5,s,s,d,d,0,s,1,s,5,s,1,d,0,0,d,2,15,s,d,s
1214,0,s,0,3,s,s,d,12,0,5,s,s,3,24,0,s,1,s,5,s,1,1,0,0,8,2,15,s,0,s
1170,0,s,d,1,s,s,0,12,0,d,s,s,3,24,0,7,1,s,5,s,1,1,15,0,8,2,d,s,0,s
I758,0,s,0,0,s,s,0,12,0,5,s,s,3,24,0,7,1,s,5,s,1,1,1,0,8,2,15,0,1,s
I759,1,s,0,3,s,s,0,12,0,5,s,s,3,24,0,7,1,s,5,s,1,1,1,0,8,2,15,0,1,s
1205,d,s,0,3,s,s,0,12,0,5,s,s,3,24,0,d,1,s,5,s,1,d,1,0,8,2,15,0,d,s
1204,1,s,0,3,s,s,0,12,0,5,s,s,3,d,0,7,d,s,5,s,1,1,1,d,d,2,15,0,1,s
1234,0,s,4,3,s,s,0,s,s,5,s,s,d,24,0,7,d,s,5,s,1,1,1,0,d,2,15,0,s,s
I761,0,s,0,0,s,s,0,12,0,5,s,s,3,24,0,7,0,s,5,s,1,1,0,0,0,2,15,0,0,s
I762,0,s,0,0,s,s,0,12,0,5,s,s,3,24,0,7,0,s,5,s,1,1,0,0,0,2,15,0,0,s
I763,0,s,0,0,s,s,0,12,0,5,s,s,3,24,0,7,0,s,5,s,1,1,0,1,0,2,15,0,0,s
1139,0,s,0,0,s,s,s,12,d,5,s,s,3,24,0,7,0,s,5,s,1,d,0,1,0,2,15,2,0,s
1138,0,s,0,0,s,s,0,12,d,5,s,s,d,s,0,7,0,s,5,s,1,1,6,1,0,2,15,0,0,s
1062,2,s,0,0,s,s,0,12,14,5,s,s,3,s,d,7,0,s,5,s,1,1,0,0,0,2,s,0,1,s
I765,0,s,0,0,s,s,0,12,0,5,s,s,3,24,2,7,0,s,5,s,1,1,2,0,1,2,15,0,0,s
1131,d,s,0,0,s,s,0,12,d,d,s,s,3,24,2,s,0,s,5,s,s,1,d,0,1,2,s,0,0,s
1280,0,s,0,0,s,s,0,12,s,5,s,s,3,24,2,7,0,s,5,s,s,1,2,0,1,d,15,0,0,s
I768,0,0,0,0,0,0,0,12,0,0,s,3,0,0,0,0,0,0,0,0,0,0,0,0,0,0,0,0,0,0
I769,0,0,0,0,0,0,0,12,0,0,s,3,0,0,0,0,0,0,0,0,0,0,0,0,0,0,0,0,1,0
I770,s,0,0,0,0,1,0,12,0,0,s,3,3,0,0,8,0,0,0,s,0,0,0,s,0,0,0,0,1,0
I771,s,2,0,0,0,1,0,12,0,0,s,3,3,0,0,8,0,0,0,s,0,0,0,s,0,2,0,0,1,0
I772,s,2,5,0,0,1,0,12,0,0,s,3,3,0,0,8,s,0,0,s,0,0,11,s,0,2,22,0,1,0
I773,s,2,5,0,0,1,0,12,0,0,s,3,3,0,0,8,s,0,0,s,0,0,11,s,0,2,22,0,1,0
I774,s,2,5,0,0,1,0,12,0,0,s,3,3,0,0,8,s,0,0,s,0,0,11,s,0,2,22,0,1,0
1870,s,2,5,0,0,d,0,d,0,d,s,d,3,0,0,8,s,0,d,s,0,0,11,s,0,2,22,0,1,20
1954,s,2,5,0,0,1,0,12,0,0,s,3,3,10,2,8,s,0,0,s,0,0,d,s,0,2,22,0,1,0
I777,s,2,5,0,0,1,0,12,0,0,s,3,3,0,0,8,s,0,0,s,0,1,11,s,0,2,22,0,1,17
1225,s,2,d,0,0,1,0,12,d,0,s,3,3,0,d,8,s,0,0,s,0,1,11,s,0,2,d,0,1,17
I779,s,2,5,0,0,1,0,12,0,0,s,3,3,0,s,8,s,0,0,s,0,1,11,s,0,s,22,0,1,17
1641,s,2,5,d,0,d,0,12,0,0,s,3,3,0,s,8,s,2,0,s,d,1,11,s,11,s,22,d,1,d
1640,s,2,5,0,s,1,0,12,0,0,s,3,3,0,s,8,s,0,d,s,0,d,11,s,0,s,22,0,1,17
I780,s,2,5,0,0,1,3,12,0,0,s,3,3,0,0,8,s,0,0,s,0,1,11,s,0,2,22,0,1,0
I781,s,2,5,0,0,1,3,12,0,0,s,3,3,0,0,8,s,2,0,s,0,1,11,s,0,2,22,3,1,0
1431,s,d,5,d,d,1,3,12,d,5,s,3,3,0,2,8,s,2,0,s,0,1,11,s,0,d,22,3,1,20
1360,s,s,5,0,0,1,3,12,d,0,s,3,3,0,0,8,s,2,0,s,0,1,11,s,0,2,d,3,1,0
I784,s,s,5,2,0,1,3,12,0,0,s,3,3,0,0,8,s,0,0,s,0,1,11,s,0,2,22,0,1,0
1623,s,s,5,2,0,1,3,12,0,0,s,3,3,0,d,8,s,0,0,s,1,1,11,s,d,2,d,0,1,0
1697,s,s,5,2,0,1,3,12,0,0,s,3,3,0,0,8,s,0,0,s,0,1,d,s,d,2,22,d,1,0
I787,s,2,0,0,0,1,0,12,0,0,s,3,3,0,0,8,0,0,0,s,0,0,0,s,0,2,0,0,1,0
I788,s,2,0,0,0,1,0,12,0,0,s,3,s,0,0,8,0,0,0,s,0,0,0,s,0,2,0,0,1,0
I789,s,2,0,1,0,1,5,12,0,5,s,3,s,0,0,8,3,0,0,s,0,0,0,s,1,2,0,0,1,0
1999,s,d,0,d,0,1,5,12,0,5,s,3,s,0,0,8,d,2,0,s,0,2,0,s,1,2,0,0,1,0
998,s,2,5,1,0,1,5,12,0,5,s,3,s,0,2,8,3,0,0,s,d,0,8,s,1,2,d,2,d,0
I793,s,2,0,0,0,1,0,12,0,0,s,3,s,0,0,8,0,0,0,s,0,0,0,s,0,2,0,0,1,0
1917,s,2,0,0,d,1,0,12,d,0,s,3,s,0,0,8,0,0,0,s,s,0,0,s,0,2,0,0,d,d
1916,s,2,0,0,0,1,3,12,0,0,s,3,s,0,0,8,0,0,d,s,0,d,0,s,d,2,0,d,1,0
I794,s,2,0,0,s,1,0,12,0,0,s,3,3,0,0,8,0,0,0,s,0,0,0,s,0,2,0,0,1,0
1021,s,2,d,1,s,1,0,12,0,1,s,3,d,d,0,8,0,0,0,s,0,0,0,s,0,2,0,0,d,0
I796,s,2,0,0,s,1,0,12,0,0,s,3,3,0,0,8,0,0,0,s,0,0,0,s,0,2,0,0,1,0
I797,s,2,0,0,s,1,0,12,0,0,s,3,3,0,0,8,0,0,0,s,0,0,8,s,0,2,0,0,1,0
1837,s,2,0,0,s,1,0,12,0,0,s,3,3,0,0,8,0,0,0,s,3,0,8,s,0,2,0,0,1,4
1836,s,2,0,0,s,1,0,12,0,0,s,3,3,0,0,8,0,0,0,s,0,0,8,s,0,2,0,0,1,0
1939,s,2,0,d,s,1,d,12,14,0,s,3,3,d,0,d,0,0,0,s,0,0,d,s,0,2,0,0,1,0
I799,s,0,0,0,0,1,15,12,0,0,s,3,3,0,s,8,0,0,0,s,0,0,0,s,0,0,0,0,1,0
I800,s,0,0,0,0,1,15,12,0,0,s,3,3,0,s,8,0,0,0,s,0,1,0,s,0,0,0,0,1,0
I801,s,0,4,0,0,1,15,12,0,0,s,3,3,0,s,8,0,2,0,s,0,1,0,s,0,0,0,0,1,0
1775,s,0,4,0,d,1,15,12,s,d,s,d,d,0,s,d,d,2,0,s,d,1,0,s,0,0,0,d,d,0
I805,s,0,4,0,1,1,15,12,0,0,s,3,3,0,s,8,0,2,0,s,0,1,0,s,0,0,0,0,1,0
1962,s,d,d,0,1,1,15,12,0,0,s,3,d,0,s,8,0,d,0,s,0,1,0,s,1,0,0,0,1,41
I807,s,0,4,0,1,s,15,12,0,0,s,3,3,0,s,8,0,2,0,s,1,1,0,s,0,0,25,0,1,0
1501,s,2,4,0,1,s,15,12,10,0,s,3,3,0,s,8,0,2,0,s,1,1,0,s,0,0,d,s,1,0
1500,s,0,4,d,d,s,15,12,0,0,s,3,3,0,s,8,1,d,0,s,1,1,0,s,0,0,25,0,1,0
1924,s,0,0,d,0,1,15,s,20,0,s,d,3,22,s,8,d,d,1,s,0,d,0,s,0,0,0,2,1,0
I815,s,2,0,0,0,1,15,12,0,0,s,3,3,0,s,8,0,0,0,s,0,0,0,s,0,0,0,0,1,0
I816,s,2,0,0,0,1,15,12,0,0,s,3,3,0,s,8,0,2,0,s,0,0,0,s,s,0,0,0,1,0
I819,s,2,0,0,0,1,15,12,0,0,s,3,3,0,s,8,0,2,0,s,0,0,0,s,s,0,0,2,1,0
2027,s,2,0,0,0,1,15,12,0,0,s,d,3,0,s,d,0,2,0,s,0,0,d,s,s,0,0,2,1,0
2026,s,d,0,0,0,1,d,12,0,0,s,3,3,0,s,8,0,2,0,s,0,0,0,s,s,0,0,2,1,0
1967,s,2,4,0,0,1,s,12,10,s,s,d,3,15,s,8,0,2,0,s,0,2,0,s,s,0,0,2,1,0
I823,s,2,0,0,0,s,15,12,0,0,s,3,3,0,s,8,0,2,0,s,0,0,0,s,0,0,0,0,1,20
1535,s,2,0,0,d,s,15,12,d,0,s,3,3,0,s,8,0,d,0,s,0,s,8,s,0,0,0,2,d,20
I827,s,2,0,1,0,s,15,12,0,0,s,3,3,0,s,8,0,2,0,s,0,0,0,s,0,0,0,0,1,20
1547,s,2,4,1,0,s,15,12,0,0,s,3,3,0,s,8,0,s,0,s,0,0,0,s,1,6,0,d,1,20
1706,s,2,0,d,0,s,d,12,0,0,s,3,3,0,s,8,0,d,0,s,0,0,0,s,1,0,0,0,1,20
I830,0,0,0,0,0,0,0,12,0,0,s,3,0,0,0,0,0,0,0,0,0,0,0,0,0,0,0,0,1,0
I831,0,0,0,0,0,0,0,12,0,0,s,3,4,0,0,0,0,0,0,5,0,0,1,2,0,0,0,0,1,0
I832,0,0,0,0,0,0,0,12,0,0,s,3,4,6,0,0,0,0,0,5,0,0,1,2,0,0,0,2,1,0
I833,0,0,0,1,0,0,0,12,0,0,s,3,4,6,0,5,0,0,0,5,0,0,1,2,11,0,0,2,1,0
I836,0,2,0,1,1,0,0,12,0,0,s,3,4,6,s,5,s,1,0,5,1,1,1,2,11,0,0,2,s,0
1687,0,2,0,1,1,0,0,12,0,0,s,3,4,d,s,d,s,1,0,5,1,1,1,2,11,0,0,2,s,0
1686,0,2,0,1,d,0,0,12,0,d,s,d,4,6,s,d,s,1,0,5,1,1,1,2,11,d,0,d,s,0
1730,0,0,0,1,1,0,d,12,d,0,s,3,4,d,0,5,1,2,22,d,0,0,1,2,11,0,0,2,1,0
I844,0,0,0,0,0,0,0,12,6,5,s,3,4,6,0,33,0,0,6,5,0,s,1,2,5,0,25,2,1,0
1614,0,0,0,0,0,0,0,12,6,5,s,3,4,6,0,33,0,d,6,5,1,s,1,s,5,0,25,2,1,1
1680,0,0,0,0,0,d,0,d,6,5,s,3,4,6,0,33,0,0,6,d,0,s,d,2,5,2,25,d,d,d
I847,0,s,0,0,0,0,0,12,0,0,s,3,4,0,0,0,0,0,0,5,0,0,1,2,s,0,0,0,1,0
I848,0,s,0,0,0,31,0,12,0,0,s,3,4,0,0,0,0,2,0,5,0,0,1,2,s,0,0,0,1,0
I849,0,s,0,0,0,31,6,12,0,0,s,3,4,0,2,s,0,2,0,5,0,0,1,2,s,0,0,0,1,0
1634,0,s,0,0,d,31,6,12,0,0,s,3,4,d,2,s,1,2,0,5,1,0,1,2,s,0,0,d,1,2
I851,0,s,5,0,0,31,6,s,0,0,s,3,4,0,2,s,0,2,0,5,0,0,1,2,s,0,0,0,1,0
1777,0,s,5,0,0,31,6,s,0,0,s,3,4,0,2,s,0,d,d,5,0,0,1,2,s,0,0,0,d,0
1776,d,s,5,d,0,31,6,s,d,0,s,3,4,0,2,s,0,2,d,d,0,0,1,2,s,d,0,0,1,0
1344,2,s,8,0,1,31,0,12,10,0,s,3,s,0,0,0,0,2,16,5,0,0,1,d,s,d,0,0,1,0
I855,0,s,0,0,0,0,0,12,8,0,s,3,4,0,0,20,0,0,0,s,1,0,1,2,s,0,15,0,1,0
I856,0,s,0,0,0,0,0,12,8,5,s,3,4,0,0,20,0,0,0,s,s,0,1,2,s,0,15,0,1,0
1572,0,s,0,0,0,0,9,12,8,d,s,3,4,d,0,20,0,0,0,s,s,0,d,2,s,d,15,0,1,0
1766,0,s,d,0,0,0,0,12,8,5,s,d,4,10,0,20,1,0,0,s,s,0,1,2,s,0,15,0,1,0
1571,0,s,s,d,0,0,6,d,8,0,s,3,4,0,0,20,0,0,6,s,1,0,1,2,s,0,15,0,1,0
I862,0,0,0,0,1,6,0,12,0,0,s,3,0,0,2,0,0,0,0,0,0,0,0,0,0,0,0,0,1,0
I863,0,0,0,0,1,6,0,12,0,5,s,3,0,0,2,0,0,0,0,0,0,0,0,0,0,0,0,0,1,0
I864,0,0,0,0,1,6,0,12,0,5,s,3,0,22,2,0,0,0,0,0,0,0,8,0,0,0,0,0,1,4
I865,0,0,0,0,1,6,0,12,0,5,s,3,0,22,2,0,0,0,0,0,0,0,8,0,0,0,0,0,1,4
1244,d,2,0,0,1,d,0,d,0,d,s,d,d,22,2,d,0,0,0,20,0,0,8,5,s,d,d,0,1,4
1265,2,0,5,0,d,6,1,12,0,5,s,3,0,d,d,0,1,0,d,0,0,0,8,0,0,d,d,0,1,4
I868,0,0,0,0,1,6,0,12,0,5,s,3,0,22,2,0,0,0,0,0,0,0,8,0,1,0,0,0,1,4
1117,0,2,0,0,1,6,0,12,0,5,s,3,0,22,2,d,0,0,5,0,d,1,8,0,1,0,25,0,1,4
1122,0,0,0,d,s,6,d,12,s,5,s,3,0,22,2,0,0,d,0,0,0,0,8,0,1,d,d,0,1,4
I871,0,0,0,0,1,6,0,12,0,5,s,3,0,0,2,0,0,0,0,0,0,0,0,0,0,0,0,0,1,0
I872,0,2,0,0,1,6,0,12,0,5,s,3,0,0,2,0,0,0,0,0,0,0,0,0,0,4,0,0,1,0
1422,s,2,0,d,d,6,0,12,d,5,s,3,0,0,2,0,1,0,0,0,1,d,13,0,0,4,0,2,1,0
1553,2,2,7,1,1,d,0,12,14,5,s,3,0,0,2,d,0,0,10,0,0,d,d,d,d,4,0,0,1,0
I875,0,0,0,0,1,6,0,12,0,5,s,3,0,37,2,0,0,0,s,5,0,0,0,6,0,0,6,0,1,0
1811,0,0,0,0,1,6,0,12,0,5,s,3,5,37,2,0,d,0,s,5,2,0,0,d,0,0,6,0,1,0
1759,0,0,0,0,d,6,0,12,0,5,s,3,0,37,2,d,0,0,s,5,s,d,0,6,d,0,6,0,1,0
I878,0,0,0,1,1,6,0,12,s,0,s,3,0,0,2,0,0,1,0,0,0,0,0,0,0,2,0,2,1,0
I879,s,0,0,1,1,6,0,12,s,0,s,3,3,0,2,0,1,1,0,0,0,s,0,0,0,2,0,2,1,0
1738,s,d,s,1,1,s,0,12,s,5,s,3,d,0,2,d,1,1,0,0,0,s,0,0,0,2,0,2,d,0
1846,s,d,0,1,1,6,d,12,s,0,s,d,3,0,d,0,1,1,0,0,0,s,s,0,1,2,0,2,s,0
I887,0,0,0,1,1,6,0,12,s,0,s,3,0,0,2,0,1,1,0,0,1,s,0,2,0,2,0,2,1,0
I888,0,0,0,1,1,6,0,12,s,0,s,3,s,0,2,s,1,1,0,0,1,s,0,2,0,2,0,2,1,0
1597,0,0,0,1,1,6,s,12,s,1,s,3,s,0,2,s,1,1,0,0,1,s,0,2,0,2,14,2,1,0
1596,0,0,0,1,1,d,0,12,s,0,s,3,s,0,d,s,1,1,0,0,1,s,0,d,0,2,0,2,1,17
1433,0,0,5,1,1,6,0,12,s,0,s,3,0,s,2,0,1,1,0,0,d,s,0,2,0,2,14,2,1,0
I893,0,0,0,0,0,0,0,12,0,0,s,3,0,0,2,0,0,0,0,0,0,s,0,0,0,0,0,0,0,0
I894,0,0,0,0,s,0,0,12,0,0,s,3,0,26,2,0,0,0,0,0,0,s,0,0,0,2,0,0,0,0
I895,0,0,0,0,s,0,0,12,0,0,s,3,0,26,2,0,3,0,0,39,0,s,13,0,0,2,0,0,0,0
I896,0,0,0,0,s,0,0,12,0,5,s,3,0,26,2,0,3,0,0,39,0,s,13,0,1,2,0,0,0,0
I897,0,0,0,0,s,0,0,12,0,5,s,3,3,26,2,0,3,0,0,39,0,s,13,0,1,2,0,0,0,44
I898,0,2,0,0,s,0,0,12,0,5,s,3,3,26,2,0,3,0,0,39,0,s,13,0,1,2,0,0,0,44
1438,0,2,0,0,s,d,0,12,0,5,s,3,d,26,2,8,3,d,16,39,0,s,13,0,1,2,d,0,0,d
1227,0,2,0,d,s,0,0,12,0,5,s,3,d,26,2,0,3,0,0,39,0,s,13,s,d,2,0,0,d,s
1329,0,2,0,0,s,0,0,12,0,5,s,3,3,26,2,0,d,0,0,39,0,s,13,0,1,2,d,0,0,44
I904,2,0,0,0,s,0,0,12,0,5,s,3,3,26,2,0,3,0,0,39,0,s,13,0,1,2,0,0,0,0
I905,2,0,0,0,s,0,0,12,0,5,s,3,3,26,2,0,3,0,0,39,0,s,13,0,1,2,4,0,0,0
1397,2,0,0,0,s,0,0,12,d,5,s,3,3,26,2,0,3,0,0,39,d,s,13,d,1,2,4,0,0,0
I907,2,0,0,0,s,0,0,12,0,5,s,3,3,26,2,0,3,0,0,39,0,s,13,0,1,2,4,0,0,28
1249,2,0,0,0,s,0,d,12,0,5,s,3,3,26,2,0,3,d,0,39,d,s,13,7,1,2,4,2,d,d
1248,2,0,0,0,s,0,0,12,0,5,s,d,3,26,2,0,d,d,0,39,1,s,13,0,1,2,4,0,1,28
1736,2,2,0,0,s,d,d,12,0,5,s,s,3,d,2,0,3,d,0,39,d,s,13,0,1,d,0,d,0,0
I911,0,2,0,0,s,0,0,12,0,0,s,3,0,26,2,0,3,0,0,39,0,s,13,0,1,2,0,0,0,0
I912,0,2,0,0,s,0,0,12,0,0,s,3,0,26,2,0,3,0,0,39,0,s,13,0,1,2,0,0,0,0
1693,0,2,0,0,s,d,d,12,0,0,s,d,0,26,d,5,s,d,22,39,0,s,13,5,1,2,0,s,1,0
I916,0,2,0,0,s,0,0,12,0,5,s,3,0,26,2,0,3,0,0,39,0,s,13,0,1,2,0,0,0,0
I917,0,2,0,0,s,0,0,12,0,5,s,3,0,26,2,0,3,0,0,39,0,s,13,0,1,2,0,6,0,0
1657,0,2,0,0,s,0,0,12,0,5,s,3,0,26,2,0,3,2,0,39,0,s,13,0,1,d,0,6,d,0
1656,0,2,0,0,s,0,d,12,0,5,s,3,0,d,2,d,d,0,0,39,0,s,13,0,1,2,0,d,0,0
1557,d,2,3,0,s,31,40,12,d,5,s,3,d,26,2,27,3,0,0,39,0,s,13,2,1,2,10,0,0,0
I919,0,2,0,0,s,0,0,12,0,0,s,3,0,26,2,25,3,0,0,39,0,s,13,0,1,2,0,0,1,0
I920,0,2,4,0,s,0,0,12,0,0,s,3,0,26,2,25,3,0,0,39,0,s,13,0,1,2,0,0,1,0
1277,d,2,d,0,s,0,0,d,0,5,s,3,0,26,d,d,3,0,0,39,0,s,13,0,d,2,0,d,d,0
I922,0,2,4,0,s,0,0,12,0,0,s,3,0,26,2,25,3,0,0,39,0,s,13,0,1,2,0,0,1,0
1683,s,2,4,0,s,0,0,12,0,0,s,3,0,26,2,25,3,0,0,39,0,s,13,0,1,2,d,0,1,0
1682,0,2,4,0,s,0,0,12,0,0,s,3,d,26,2,25,3,d,0,39,0,s,13,0,d,2,0,0,1,d
I923,0,2,0,0,s,0,0,12,0,5,s,3,3,26,2,25,3,0,0,39,0,s,13,0,1,2,15,0,1,0
1931,0,d,0,0,s,0,s,12,0,5,s,3,3,26,2,25,3,0,0,39,0,s,13,d,1,2,15,0,d,s
1803,0,2,0,0,s,0,0,12,0,d,s,3,3,26,2,25,d,2,0,39,0,s,13,0,d,2,15,0,1,0
I926,0,0,0,0,s,31,0,12,0,0,s,3,0,26,2,13,1,0,4,0,1,s,0,0,0,2,6,0,0,0
I927,0,0,0,0,s,31,0,12,0,0,s,3,0,26,s,13,1,0,4,0,1,s,0,0,0,2,6,0,0,0
I928,0,0,0,0,s,31,0,12,0,0,s,3,0,26,s,13,1,0,4,0,1,s,0,0,0,2,6,0,0,0
I930,0,0,0,0,s,31,0,12,6,0,s,3,0,26,s,13,1,0,4,0,1,s,0,0,0,2,6,2,0,0
1843,0,0,0,d,s,31,d,12,6,d,s,3,0,26,s,13,1,0,4,d,1,s,11,0,0,2,6,2,0,0
1842,0,0,0,0,s,31,0,12,6,0,s,3,d,26,s,13,1,0,4,0,1,s,0,0,0,d,6,2,0,0
I932,0,0,4,0,s,31,0,12,0,0,s,3,0,26,s,13,1,2,4,0,1,s,0,0,0,2,6,0,0,0
I933,2,0,4,0,s,31,0,12,0,5,s,3,0,26,s,13,1,2,4,0,1,s,0,5,0,2,6,0,1,6
1849,2,0,4,s,s,31,0,12,0,5,s,3,0,26,s,d,1,2,4,d,1,s,0,5,0,2,6,d,1,6
1848,d,0,d,0,s,d,6,d,0,5,s,3,0,26,s,13,1,2,d,0,1,s,d,5,0,d,6,0,1,6
1876,0,0,4,d,s,31,0,12,d,d,s,3,0,26,s,13,1,2,4,0,1,s,d,0,0,d,6,0,0,0
I935,0,2,s,0,s,31,0,12,0,0,s,3,0,26,s,13,1,2,4,0,1,s,1,0,1,2,6,0,0,0
1990,0,2,s,0,s,31,d,d,0,d,s,3,0,d,s,13,1,2,4,0,1,s,1,0,1,2,6,0,0,0
I939,0,2,s,0,s,31,0,12,16,0,s,3,0,26,s,13,1,2,4,0,1,s,1,0,1,2,6,0,0,0
1957,0,2,s,0,s,31,0,12,16,0,s,3,0,26,s,13,1,2,4,s,d,s,1,0,1,d,6,0,0,0
1935,0,2,s,0,s,d,0,12,d,5,s,3,0,26,s,13,1,2,4,0,1,s,1,0,1,2,6,0,0,10
I942,0,0,4,0,s,31,2,12,0,5,s,3,0,26,2,13,1,0,4,0,1,s,0,0,0,2,6,0,0,0
I943,0,0,4,0,s,31,2,12,0,5,s,3,0,26,2,13,1,0,4,0,1,s,0,0,0,2,6,0,0,0
I944,0,0,4,0,s,31,2,12,0,5,s,3,0,26,2,13,1,0,4,0,1,s,0,0,0,2,6,0,1,0
1716,0,0,4,1,s,d,d,12,0,5,s,3,0,26,2,d,1,0,4,d,1,s,0,0,0,2,6,2,d,2
1913,d,d,4,0,s,s,2,d,0,5,s,3,d,26,2,13,1,0,4,0,1,s,0,0,0,2,6,0,1,0
1617,0,2,4,1,s,31,2,12,0,d,s,d,0,26,2,13,d,2,4,d,1,s,2,0,0,2,6,0,0,0
I950,0,0,4,0,s,31,2,12,0,5,s,3,0,26,2,13,1,0,4,0,1,s,0,0,0,2,6,0,0,0
I951,0,0,4,0,s,31,2,12,0,5,s,3,0,26,2,13,1,2,4,0,1,s,0,0,0,2,6,0,0,0
1629,0,0,4,0,s,31,2,12,0,5,s,3,0,26,2,13,1,2,4,0,1,s,1,0,2,2,6,0,0,0
1928,0,0,4,1,s,31,2,s,0,5,s,3,0,26,2,d,1,2,4,0,1,s,0,0,d,2,6,0,1,0
I954,0,0,4,0,s,31,2,12,0,5,s,3,0,26,2,13,1,0,4,0,1,s,0,0,s,2,6,0,0,0
I955,0,0,4,0,s,31,2,12,0,5,s,3,0,26,2,13,1,0,4,0,1,s,0,0,s,2,6,4,0,0
1945,d,0,4,0,s,31,2,12,0,5,s,3,0,26,2,13,1,0,4,0,1,s,0,d,s,d,6,4,0,0
1944,0,0,4,0,s,31,2,12,0,5,s,3,d,26,2,13,1,0,4,d,d,s,0,0,s,d,6,4,0,0
1863,0,0,4,d,s,31,2,12,0,5,s,3,0,26,2,13,1,0,4,0,1,s,d,0,s,2,6,2,0,0
I957,0,0,4,1,s,0,0,12,26,0,s,3,0,0,2,0,0,0,0,0,0,s,0,5,0,0,0,0,0,0
I958,0,0,4,1,s,0,0,12,26,0,s,3,0,0,2,0,0,0,24,0,0,s,2,5,1,0,25,0,0,0
I959,0,0,4,1,s,0,0,12,26,s,s,3,0,0,2,27,0,2,24,7,0,s,2,5,1,0,25,0,0,0
I961,0,4,4,1,s,15,17,12,26,s,s,3,0,0,2,27,3,2,24,7,0,s,2,5,1,0,25,0,0,6
1212,0,4,4,1,s,15,17,s,26,s,s,3,0,0,2,27,d,2,24,7,0,s,2,5,1,0,d,0,0,6
1241,d,s,4,1,s,15,17,12,26,s,s,d,0,0,2,27,3,d,24,7,0,s,2,5,1,d,25,0,0,6
I967,0,s,4,1,s,31,0,s,26,s,s,3,0,0,2,27,1,2,24,7,0,s,2,5,1,0,25,0,0,0
1580,d,s,d,1,s,d,d,s,26,s,s,d,0,0,2,27,1,2,24,7,0,s,2,5,d,0,25,d,1,0
1315,0,s,4,1,s,31,d,s,d,s,s,3,2,0,2,27,1,2,24,7,2,s,2,s,1,d,25,0,0,0
I974,0,0,4,1,s,0,0,12,26,0,s,3,0,0,s,0,0,0,24,0,0,s,2,5,1,0,25,0,1,0
I975,0,0,4,1,s,0,0,12,26,0,s,3,0,0,s,0,0,2,24,0,0,s,2,5,1,0,25,0,1,0
I976,0,0,4,1,s,0,0,12,26,0,s,3,s,0,s,0,0,2,24,0,0,s,2,5,1,0,25,0,1,0
I977,0,0,4,1,s,0,0,12,26,0,s,3,s,0,s,17,0,2,24,0,0,s,2,5,1,0,25,2,1,0
1309,0,0,4,1,s,0,0,12,26,0,s,3,s,0,s,17,0,2,24,0,0,s,2,5,1,d,d,2,1,0
1308,0,0,4,1,s,d,0,12,26,d,s,3,s,0,s,17,0,2,d,0,0,s,2,5,1,0,25,2,1,0
1612,0,d,4,d,s,0,0,12,26,0,s,3,s,d,s,0,0,d,24,0,0,s,2,5,1,2,25,0,1,0
1703,0,0,4,1,s,0,9,12,26,0,s,3,3,0,s,0,0,2,24,39,0,s,2,s,s,0,25,0,1,0
I982,0,0,4,1,s,0,0,12,26,0,s,3,0,0,s,0,0,0,24,0,0,s,2,5,1,s,25,0,1,0
I983,0,2,4,1,s,0,0,12,26,0,s,3,0,0,s,0,0,0,24,0,0,s,2,5,1,s,25,0,1,0
1728,0,2,4,1,s,6,6,12,26,0,s,d,3,0,s,0,0,0,24,s,0,s,2,5,d,s,25,0,1,0
I985,0,2,s,1,s,0,0,12,26,s,s,3,0,0,s,0,1,0,24,0,0,s,2,5,1,s,25,0,1,0
1633,d,2,s,1,s,0,0,12,26,s,s,3,0,0,s,1,1,0,24,0,0,s,2,5,1,s,25,0,1,0
1632,0,2,s,1,s,15,d,12,26,s,s,3,d,0,s,0,d,0,24,0,0,s,2,5,1,s,25,0,1,0
1259,0,0,4,1,s,0,d,12,26,0,s,3,3,0,s,0,0,0,24,0,0,s,2,d,1,s,d,0,1,0
I989,0,0,4,1,s,0,0,12,26,0,s,3,0,0,2,0,0,0,0,0,1,s,0,5,0,0,4,0,0,0
I990,s,0,4,1,s,0,0,12,26,0,s,3,0,0,2,0,0,0,0,0,1,s,0,5,0,0,4,0,0,0
I991,s,0,4,1,s,0,0,12,26,0,s,3,0,0,2,0,0,0,0,0,1,s,s,5,0,0,4,0,0,0
1313,s,d,4,1,s,d,0,12,26,1,s,3,0,0,d,0,0,0,d,0,1,s,s,5,1,d,4,0,0,2
1394,s,d,4,1,s,0,0,s,26,0,s,3,0,0,2,d,0,d,d,0,1,s,s,5,d,0,4,2,1,0
I998,s,0,4,1,s,5,21,12,26,0,s,3,0,0,2,10,0,0,0,0,1,s,0,5,0,0,4,0,0,0
I999,s,1,4,s,s,5,21,12,26,0,s,3,0,0,2,10,0,0,0,0,1,s,0,5,0,0,4,0,0,0
1032,s,1,4,s,s,5,21,12,26,0,s,3,d,0,2,10,0,d,0,0,1,s,0,5,0,0,4,0,1,0
I1003,s,1,4,s,s,5,21,12,26,0,s,3,0,0,s,10,0,0,0,0,1,s,0,5,0,0,4,0,0,0
1987,s,1,d,s,s,5,21,12,26,0,s,3,0,d,s,10,d,0,0,0,1,s,d,5,0,0,d,0,d,0
1986,s,1,4,s,s,5,21,12,26,0,s,3,0,0,s,10,0,0,0,0,1,s,0,5,0,d,4,d,0,0
1979,s,0,4,1,s,5,21,s,26,5,s,3,0,s,2,10,0,1,d,0,1,s,0,5,d,0,d,d,0,0
I1009,0,0,4,1,s,0,0,12,26,0,s,3,0,26,2,0,0,0,0,0,1,s,5,5,0,0,4,0,0,0
I1010,0,0,4,1,s,0,0,12,26,5,s,3,0,26,2,0,0,0,0,0,1,s,5,5,0,0,4,0,0,0
I1011,0,0,4,1,s,0,0,12,26,5,s,3,0,26,2,0,0,0,0,0,1,s,5,5,0,0,4,0,0,0
1304,0,0,4,1,s,0,0,12,d,5,s,d,d,26,2,5,0,d,0,0,1,s,5,5,0,0,4,0,0,0
1114,0,0,4,d,s,0,0,12,26,5,s,3,0,26,2,0,1,d,0,0,1,s,d,d,0,0,4,d,0,0
I1016,2,0,4,1,s,6,0,12,26,5,s,3,0,26,2,0,0,0,0,s,1,s,5,5,0,0,4,0,0,0
1163,2,0,4,d,s,6,0,d,26,5,s,3,0,26,d,0,0,0,0,s,1,s,5,5,0,d,4,0,1,0
1162,2,0,4,1,s,6,d,12,26,5,s,3,0,d,2,0,0,0,0,s,1,s,d,5,0,d,4,0,0,0
I1017,0,0,4,1,s,0,0,12,26,0,s,3,0,26,2,0,0,0,0,0,1,s,5,5,11,0,4,0,0,0
I1018,0,0,4,1,s,0,0,12,26,0,s,3,0,26,2,0,0,0,0,0,1,s,5,5,11,0,4,0,0,0
1370,0,d,4,1,s,0,0,d,26,5,s,3,d,26,2,0,0,0,0,0,1,s,5,5,d,0,d,s,0,0
1443,d,2,d,1,s,0,3,12,d,3,s,3,0,26,2,0,d,0,0,0,1,s,d,5,s,d,4,0,0,0
I1023,2,2,4,1,s,0,0,12,26,0,s,3,0,26,2,0,0,1,0,0,1,s,5,5,11,0,4,2,0,0
1337,2,d,4,1,s,0,4,d,26,0,s,3,0,26,2,0,0,d,d,d,1,s,5,5,d,0,4,d,0,0
1336,d,2,d,d,s,d,0,d,26,0,s,3,0,26,2,d,d,1,d,0,1,s,5,5,11,0,d,2,d,0
