cell,r1,r2,r3,r4,r5,r6,r7,r8,r9,r10,r11,r12,r13,r14,r15,r16,r17,r18,r19,r20,r21,r22,r23,r24,r25,r26,r27,r28,r29,r30
I1,0,0,0,0,0,0,0,0,0,0,0,3,0,0,0,0,0,0,0,0,0,0,0,0,0,0,0,0,0,0
I2,0,0,0,0,0,0,0,0,0,0,0,3,0,0,0,0,0,0,0,0,0,0,0,0,0,0,22,0,0,0
I3,0,0,0,0,0,16,0,0,0,0,5,3,0,0,0,4,0,0,0,0,0,0,0,0,10,0,22,0,1,0
I4,0,0,0,0,0,16,0,0,0,0,5,3,0,0,0,4,0,0,0,0,1,0,0,0,10,0,22,0,1,0
I5,0,0,0,0,0,16,0,0,0,0,5,3,0,0,0,4,0,0,0,41,1,0,0,0,10,0,22,0,1,0
I6,0,0,0,1,0,16,0,0,0,0,5,3,0,0,2,4,0,0,0,41,1,0,0,0,10,0,22,0,1,0
I7,0,0,0,1,0,16,0,0,0,0,5,3,0,0,2,4,0,0,0,41,1,0,0,0,10,0,22,2,1,0
I8,2,0,0,1,0,16,0,0,0,0,5,3,0,0,2,4,0,2,0,41,1,0,0,0,s,s,22,2,1,0
1507,2,0,0,1,1,16,3,d,0,0,5,3,0,0,2,4,0,2,0,41,1,1,0,7,s,s,d,d,1,0
I12,2,0,0,1,0,16,0,0,0,0,5,3,0,0,2,4,0,2,0,41,1,0,0,0,s,s,22,2,1,0
1424,2,d,0,d,0,16,d,0,d,0,5,3,0,d,2,4,0,d,0,d,d,0,0,0,s,s,d,2,1,d
I14,2,0,0,1,0,16,0,0,0,0,5,3,0,0,2,4,0,2,0,41,1,0,0,0,s,s,22,2,1,0
1627,2,0,0,1,0,16,d,0,0,0,5,3,d,0,2,4,0,2,0,41,1,0,0,s,s,s,22,2,1,0
1626,2,0,0,d,0,d,0,0,0,0,5,3,0,0,2,4,0,d,0,41,1,0,d,0,s,s,d,2,1,0
I15,s,0,4,1,0,16,5,0,0,0,5,3,2,0,2,4,0,0,0,41,1,0,0,0,10,0,22,2,1,0
I16,s,0,4,1,0,16,5,0,0,0,5,3,2,0,2,4,0,0,0,41,1,0,0,0,10,0,22,2,1,0
I17,s,0,4,1,0,16,5,0,6,0,5,3,2,0,2,4,3,0,6,41,1,0,1,0,10,0,22,2,1,0
1311,s,0,4,1,0,16,5,0,6,0,5,3,2,0,2,4,3,0,6,41,1,0,1,d,10,0,22,2,1,0
1310,s,0,4,1,0,16,5,d,6,0,5,3,2,d,2,4,3,0,6,41,1,0,1,0,10,0,22,2,1,0
I18,s,0,4,1,0,16,5,0,0,0,5,3,2,0,2,4,0,0,0,41,1,0,9,0,10,3,s,2,1,0
1421,s,0,s,1,0,16,5,0,0,0,5,3,d,0,2,4,0,0,0,41,1,0,d,0,10,3,s,d,1,0
1420,s,2,4,1,0,16,5,d,0,5,5,3,2,0,2,4,0,0,0,41,1,0,d,0,10,3,s,2,1,0
I19,s,0,4,1,0,16,5,6,0,0,5,3,2,0,2,4,0,0,0,41,1,0,0,0,10,s,22,2,1,0
1282,s,2,d,1,0,16,d,6,0,0,5,3,2,d,2,d,3,0,0,d,1,0,d,0,10,s,22,2,1,0
1598,s,0,4,1,0,16,5,6,0,0,5,3,2,0,2,4,d,0,0,41,1,d,0,0,10,s,22,2,1,0
I22,0,0,0,1,1,16,0,0,0,0,5,3,0,0,2,4,0,0,0,41,1,0,0,0,10,0,22,0,1,0
1435,0,0,s,1,d,16,0,s,26,0,5,3,0,d,d,4,0,2,d,41,1,0,0,0,10,2,22,0,1,0
I30,s,0,0,1,1,16,0,17,0,0,5,3,0,0,2,4,0,0,0,41,1,0,0,0,10,0,22,2,1,0
1520,s,0,d,1,1,16,0,17,d,0,s,3,0,9,2,4,0,0,0,41,s,0,0,0,10,0,22,2,1,0
I36,s,0,0,1,1,16,0,17,0,5,5,3,0,0,2,4,1,1,0,s,1,0,0,2,10,0,22,2,1,27
1755,s,0,d,1,1,16,0,17,0,5,5,3,0,d,d,4,d,1,0,s,1,0,0,2,d,0,22,2,1,27
1754,s,0,0,1,d,16,0,17,0,5,5,3,d,0,2,4,1,1,0,s,1,0,0,2,d,0,22,2,1,d
I37,0,0,0,0,0,16,2,0,0,0,5,3,0,0,0,4,0,0,0,41,1,0,0,0,10,0,22,0,1,0
I38,0,0,0,0,0,16,2,0,0,0,5,3,0,0,0,4,0,0,0,41,1,0,0,0,10,0,22,0,1,0
I39,0,0,s,0,0,16,2,0,0,0,5,3,0,0,0,4,0,0,1,41,1,0,8,0,10,0,22,0,1,2
1303,0,2,s,0,0,16,2,0,0,0,d,3,0,0,0,4,1,0,1,41,1,d,8,0,10,0,22,0,1,2
I43,0,0,s,0,0,16,2,0,0,0,5,3,0,0,0,4,0,0,1,41,1,0,8,0,10,0,22,0,1,2
1448,2,0,s,0,0,d,2,s,0,0,d,3,0,34,0,4,0,0,1,41,1,d,d,0,10,0,22,0,1,2
1349,0,0,s,0,0,16,2,d,d,0,5,3,0,d,0,4,0,d,1,d,s,0,8,0,s,d,22,0,1,s
I46,0,0,0,0,0,16,2,7,0,0,5,3,0,0,0,4,0,0,0,41,1,0,0,0,10,0,22,0,1,0
I47,2,0,0,0,0,16,2,7,0,0,5,3,0,0,0,s,0,0,0,41,1,0,0,0,10,2,22,0,1,0
1970,d,d,0,0,1,d,2,7,10,0,5,3,0,0,0,s,0,2,d,41,s,0,0,2,10,2,22,2,1,d
1192,2,0,0,0,s,16,2,7,0,0,5,3,0,0,0,s,d,2,0,41,1,0,0,1,10,s,22,2,1,d
I51,0,2,0,0,0,16,2,7,0,0,5,3,0,0,0,4,0,0,0,41,1,0,8,0,10,0,22,6,1,3
1124,s,2,5,0,d,16,d,7,12,0,5,3,0,0,0,d,0,2,16,41,1,0,8,0,10,0,22,6,d,3
I53,2,2,0,0,1,16,2,7,0,0,5,3,0,0,0,4,0,0,0,41,1,0,8,0,10,0,22,6,1,3
1035,2,2,d,0,1,16,d,7,0,d,d,3,0,0,0,4,0,0,0,41,1,d,8,0,d,0,22,6,1,3
1034,2,2,0,0,d,16,2,d,d,0,5,3,0,0,0,4,0,0,0,41,1,0,d,0,10,0,d,d,1,d
I54,0,0,0,0,0,16,2,s,0,0,5,3,0,15,2,4,0,0,0,41,1,0,5,1,10,0,22,2,1,0
I59,2,s,0,0,0,16,2,s,0,5,5,3,0,15,2,4,1,2,0,41,1,0,5,1,10,2,22,2,1,0
1410,2,s,d,2,0,16,2,s,0,d,5,3,0,15,d,4,1,2,9,d,1,0,5,1,10,2,d,2,1,0
1482,2,s,0,0,0,d,2,s,0,d,s,d,0,15,2,4,1,d,0,41,d,0,5,1,10,2,22,2,1,0
I62,2,0,0,0,0,16,2,s,0,0,5,3,0,15,2,4,0,0,0,41,1,0,5,1,10,0,22,2,1,0
I63,2,0,0,0,0,16,2,s,0,0,5,3,0,15,2,4,0,0,0,41,1,0,5,1,10,0,22,2,1,0
1113,2,d,4,d,1,16,2,s,0,0,5,3,d,15,d,d,1,0,0,41,1,0,5,1,10,0,22,2,1,d
I65,2,0,0,0,0,16,2,s,0,1,5,3,0,15,2,4,0,0,0,41,1,0,5,s,10,0,22,2,1,0
1405,2,0,0,0,0,16,2,s,0,1,5,3,0,15,2,d,0,0,0,41,d,0,5,s,10,0,22,2,1,0
1404,2,0,0,0,0,16,2,s,0,1,5,3,0,15,2,4,0,0,0,41,1,d,5,s,10,2,22,d,1,0
I66,2,0,0,0,1,16,2,s,10,0,5,3,0,15,2,4,0,0,16,41,1,0,5,1,10,0,22,2,1,0
1457,2,2,s,0,1,16,2,s,10,0,5,3,0,15,2,4,0,2,d,41,1,0,5,1,10,2,d,d,s,0
I68,2,0,0,0,1,16,2,s,10,0,5,3,3,15,2,4,0,0,16,41,1,0,5,1,10,0,22,2,1,0
1339,2,0,0,0,1,16,2,s,d,d,5,3,3,15,2,d,0,0,16,41,1,0,5,d,10,0,22,2,d,10
1338,2,0,0,d,1,16,2,s,d,0,5,3,3,d,d,4,0,0,16,41,1,d,5,d,d,0,22,2,1,0
I69,0,0,4,0,0,16,0,0,0,0,5,3,0,0,0,s,0,0,21,0,1,0,0,0,10,0,22,0,1,0
I70,0,0,4,0,0,16,0,0,0,0,5,3,0,0,0,s,0,0,21,0,1,0,0,0,10,0,22,0,1,0
I71,0,0,4,0,0,16,0,0,0,0,5,3,0,0,0,s,0,0,21,0,1,0,0,0,10,2,22,0,1,0
I72,0,0,4,0,0,16,0,0,0,0,5,3,0,0,0,s,0,0,21,0,1,0,0,0,10,2,22,0,1,0
1150,0,0,4,0,1,d,0,8,6,d,5,3,d,0,0,s,0,0,21,0,1,0,0,0,10,2,22,0,1,5
1253,0,2,d,0,0,d,0,0,0,0,5,3,3,d,0,s,0,0,21,0,1,0,0,0,10,s,d,d,1,27
I79,0,0,4,0,0,s,0,0,0,0,5,3,0,0,0,s,0,0,21,0,1,0,2,0,10,2,22,0,1,0
I80,0,0,4,0,0,s,0,1,0,0,5,3,0,0,0,s,0,0,21,0,1,0,2,0,10,2,22,0,1,0
I81,0,0,4,0,0,s,0,1,10,0,5,3,0,0,0,s,0,0,21,0,1,0,2,0,10,2,22,0,1,0
1343,0,0,4,0,0,s,0,1,10,0,5,3,d,0,d,s,0,2,d,d,1,0,2,0,10,2,22,d,1,0
1342,d,d,4,0,0,s,0,1,10,0,5,3,0,0,2,s,1,0,d,0,1,0,2,0,10,d,22,0,1,0
I82,0,0,4,0,0,s,0,1,0,5,5,3,0,0,0,s,1,0,21,0,1,0,2,0,10,2,22,0,1,28
1719,d,0,4,0,0,s,d,1,0,5,5,3,0,0,0,s,1,d,d,d,1,0,2,0,10,2,22,d,1,28
1718,0,0,4,0,0,s,0,1,0,5,5,3,d,0,0,s,1,0,21,0,1,0,2,0,10,2,22,d,1,28
I83,0,0,4,0,0,s,0,0,0,0,5,3,0,0,0,s,0,2,21,0,1,0,2,0,10,2,22,0,1,0
1111,0,d,4,1,d,s,0,d,10,0,d,3,d,5,2,s,0,2,21,16,1,0,2,2,10,2,22,0,1,0
2028,0,0,4,d,d,s,d,7,0,5,5,3,d,0,0,s,0,d,21,0,1,0,2,0,10,2,d,0,1,0
I87,2,0,4,0,0,16,0,0,0,0,5,3,0,27,0,s,0,0,21,0,1,1,0,0,10,2,22,0,1,0
I88,2,0,4,0,1,16,0,0,0,0,5,3,0,27,2,s,0,0,21,0,1,1,0,0,10,2,22,0,1,0
1191,2,d,4,0,1,16,0,7,0,d,5,3,d,27,2,s,0,0,21,0,1,d,0,s,10,2,22,0,1,0
I92,2,0,4,0,1,16,0,0,0,0,5,3,0,27,2,s,0,0,21,0,1,1,0,0,10,2,22,0,1,0
1263,2,0,4,0,1,16,0,0,0,0,5,d,2,27,s,s,d,2,21,0,d,1,8,d,d,2,d,0,1,0
1376,2,0,4,0,1,16,0,d,0,0,5,3,0,27,2,s,1,0,21,0,1,1,0,0,10,2,22,0,1,0
I95,2,0,4,1,1,16,0,0,0,0,5,3,0,27,0,s,0,0,21,0,1,1,0,0,10,2,22,0,1,0
I96,2,0,4,1,1,16,0,0,0,0,5,3,0,27,0,s,0,0,21,0,1,1,0,0,10,2,22,0,1,0
1250,2,d,4,1,1,16,0,0,d,0,5,3,0,27,0,s,0,d,21,4,1,1,0,0,10,2,d,0,d,0
1078,2,0,4,1,1,16,0,0,10,0,5,3,0,27,0,s,0,0,21,5,d,1,0,0,10,2,d,0,1,0
I99,2,2,4,1,1,s,0,0,0,0,5,3,0,27,0,s,0,0,21,0,1,1,0,0,10,2,22,0,1,0
1173,2,2,4,1,1,s,0,0,0,d,5,3,0,27,0,s,0,0,21,0,1,1,0,s,10,2,22,2,1,1
1406,2,2,4,1,1,s,0,0,d,0,5,3,0,27,0,s,0,0,21,0,d,1,0,0,10,2,22,0,1,0
I102,0,0,4,0,0,16,27,0,0,0,5,3,0,17,0,s,0,0,21,0,1,0,0,0,10,0,22,0,1,0
I103,0,0,4,0,0,16,27,0,14,0,5,3,0,17,0,s,0,0,21,0,1,0,0,0,10,3,22,0,1,0
I104,0,0,4,0,0,16,27,0,14,0,5,3,0,17,0,s,0,0,21,0,1,0,0,0,10,3,22,0,1,0
I105,0,0,4,0,1,16,27,0,14,0,5,3,0,17,0,s,0,0,21,0,1,0,0,0,10,3,22,2,1,0
I106,0,0,4,0,1,16,27,0,14,0,5,3,7,17,0,s,0,0,21,0,1,1,2,0,10,3,22,2,1,0
1007,0,0,4,d,1,16,27,0,14,0,d,3,7,17,0,s,0,0,21,0,1,1,d,0,10,3,22,2,1,0
I107,0,0,4,0,1,16,27,0,14,0,5,3,7,17,0,s,0,0,21,7,1,1,2,0,10,3,22,2,1,0
1973,d,0,4,0,1,16,27,0,d,0,5,3,7,d,d,s,d,0,21,d,1,1,2,0,10,3,22,2,1,0
1972,d,0,d,0,1,16,d,0,d,d,5,d,7,d,0,s,d,0,21,d,1,1,d,0,10,3,22,2,1,0
1059,0,d,4,d,1,d,27,0,14,0,5,3,0,17,0,s,0,0,21,22,1,0,10,s,10,3,22,2,1,0
I109,0,0,4,0,0,16,27,0,14,0,5,3,3,17,0,s,0,0,21,0,1,0,0,0,10,3,22,0,1,0
I110,0,0,4,0,0,16,27,0,14,0,5,3,3,17,0,s,0,2,21,0,1,0,0,0,10,3,22,0,1,0
I111,0,0,4,0,0,16,27,5,14,0,5,3,3,17,0,s,0,2,21,0,1,0,0,0,10,3,22,2,1,0
1867,0,0,4,0,0,16,27,5,14,0,5,3,3,17,d,s,0,2,21,0,1,0,d,0,10,3,22,2,1,0
1866,0,0,4,0,0,16,d,5,14,0,5,3,3,17,0,s,d,2,21,d,1,0,0,0,10,3,22,2,1,0
1885,0,0,4,0,0,16,27,0,14,0,d,3,3,17,0,s,0,2,d,d,1,0,0,d,10,3,22,2,1,0
I114,0,0,4,0,1,16,27,0,14,0,5,3,3,17,0,s,0,0,21,7,1,0,1,0,10,3,22,0,1,0
2045,d,0,4,0,1,16,27,0,14,0,5,3,d,17,0,s,0,0,21,7,1,0,1,d,10,d,22,0,1,0
2044,0,0,4,0,d,16,27,0,14,0,5,d,3,17,0,s,d,0,d,7,1,0,1,0,10,3,22,0,1,0
I116,0,0,4,3,0,16,27,0,14,0,5,3,0,17,0,s,0,0,21,3,1,1,0,0,10,3,22,0,1,0
I117,0,0,4,3,0,16,27,6,14,0,5,3,0,17,0,s,0,0,21,3,1,1,0,0,10,3,22,0,1,0
1099,0,2,4,3,1,16,27,6,14,0,5,3,0,17,0,s,0,0,21,3,1,1,d,0,10,3,22,0,1,0
I119,s,0,4,3,0,16,27,6,14,0,5,3,0,17,0,s,0,0,21,3,1,1,0,0,10,3,22,0,1,0
1049,s,0,4,3,0,16,27,6,d,0,5,3,0,d,0,s,0,0,21,d,1,1,0,0,10,d,s,0,1,d
1048,s,0,4,3,0,d,27,6,14,d,5,3,0,17,0,s,0,0,21,d,1,1,9,0,d,d,22,d,1,0
I121,0,2,4,3,0,16,27,0,14,0,5,3,3,17,0,s,0,0,21,3,s,1,0,0,10,3,22,0,1,0
1023,0,2,4,3,1,16,27,d,d,0,5,3,d,17,0,s,0,d,21,d,s,1,0,0,10,3,22,0,1,0
1022,2,2,4,3,0,16,27,0,14,0,d,d,d,17,0,s,0,0,21,3,s,1,0,d,10,d,22,0,1,d
I124,0,0,4,0,0,16,27,0,0,0,5,3,0,17,0,s,0,0,21,0,1,0,0,0,10,0,22,0,1,0
I125,s,0,4,0,1,16,27,0,0,5,5,3,0,17,0,s,0,0,21,0,1,0,0,0,10,0,22,2,1,0
I126,s,0,4,0,1,16,27,0,0,5,5,3,0,17,0,s,0,0,21,0,1,s,0,0,10,2,22,2,1,0
1301,s,1,4,d,1,16,27,11,0,5,5,3,3,17,2,s,d,0,21,0,1,s,d,0,d,2,22,2,1,0
1132,s,0,4,1,1,16,s,0,0,5,5,3,0,17,0,s,0,0,21,0,d,s,0,0,d,2,22,2,1,d
1476,s,2,4,0,1,16,27,0,11,5,5,d,d,17,s,s,1,s,21,0,1,0,0,5,10,0,22,2,1,d
I132,0,0,4,0,0,16,27,0,0,0,5,3,0,17,0,s,0,1,21,0,1,0,0,2,10,0,22,0,1,0
I135,0,0,4,0,0,16,27,0,8,5,5,s,0,17,0,s,0,1,21,0,1,0,0,s,10,0,22,0,1,0
1045,0,0,4,d,1,16,d,0,8,5,5,s,0,17,0,s,0,d,21,0,1,0,0,s,10,0,22,0,1,0
1044,0,0,4,0,0,16,27,0,8,5,5,s,0,17,0,s,0,1,21,0,1,0,0,s,10,0,22,0,1,d
1164,0,0,4,0,0,16,27,0,0,0,5,3,3,17,d,s,1,1,21,6,1,1,0,2,10,d,d,0,1,17
I139,0,0,0,0,0,16,0,0,0,0,5,3,3,0,0,4,0,0,0,0,1,0,0,0,10,0,22,2,1,0
I140,0,0,s,0,0,16,5,7,0,0,5,3,3,0,0,4,0,0,0,0,1,0,0,0,10,0,22,2,1,0
I141,2,0,s,0,0,16,5,7,0,0,5,3,3,0,0,4,0,0,0,0,1,0,0,0,10,0,22,2,1,0
I142,2,0,s,0,0,16,5,7,0,0,5,3,3,0,0,4,0,0,0,0,1,0,0,0,10,0,22,s,1,0
I143,2,0,s,0,0,16,5,7,0,5,5,3,3,0,2,4,0,0,0,0,1,0,0,0,10,2,22,s,1,0
I144,2,0,s,0,0,16,5,7,0,5,5,3,3,0,2,4,0,0,10,0,1,0,0,0,10,2,22,s,1,0
1763,2,0,s,0,0,16,5,7,0,5,5,3,3,d,2,4,0,0,d,d,1,0,d,0,s,2,22,s,1,0
1784,2,0,s,d,0,16,5,7,s,5,5,3,d,0,d,4,0,0,10,0,1,d,0,0,10,2,22,s,1,0
I148,2,0,s,0,0,16,5,7,0,5,5,3,3,0,2,4,0,0,12,0,1,0,0,0,10,2,22,s,1,0
1893,2,0,s,0,0,16,5,7,0,5,5,3,3,0,2,4,0,0,12,d,1,0,0,0,d,2,22,s,1,0
1892,2,d,s,0,0,16,5,7,0,5,5,3,3,0,d,4,0,0,12,0,1,0,0,d,10,2,22,s,1,0
I150,2,0,s,0,0,16,5,7,0,0,5,3,3,0,1,4,0,0,0,0,1,0,0,0,10,2,22,s,1,0
I152,2,0,s,0,1,s,5,7,0,0,5,3,3,0,1,4,0,0,0,0,1,0,0,0,10,2,22,s,1,0
1747,d,d,s,0,d,s,5,7,0,0,5,d,3,0,1,4,0,0,0,0,1,0,0,0,10,2,22,s,1,0
1746,2,0,s,d,1,s,5,7,0,0,5,3,d,d,1,d,0,0,0,0,d,0,0,d,10,2,22,s,d,0
1093,2,0,s,0,0,16,5,7,d,0,5,3,s,0,d,4,0,s,s,0,d,0,0,d,10,2,22,s,1,33
I154,2,0,s,3,0,16,5,7,0,0,5,3,3,0,0,4,0,0,0,0,1,0,0,0,10,0,22,2,1,0
I155,2,0,s,3,0,16,5,7,0,0,5,3,3,0,0,4,0,0,0,0,1,0,0,0,10,0,22,2,s,0
I157,2,0,s,3,0,16,5,7,0,0,5,3,3,0,0,4,0,0,0,0,1,0,0,0,10,0,22,2,s,0
1743,2,0,s,3,0,d,5,7,0,0,5,3,3,d,0,d,0,0,0,0,1,0,d,0,10,0,22,2,s,0
1742,2,d,s,3,0,16,5,7,0,0,5,d,3,0,0,4,0,2,d,0,1,0,0,0,10,0,22,2,s,0
I158,2,0,s,3,0,16,5,7,0,0,5,3,3,0,0,4,0,0,6,20,1,0,s,0,10,0,22,2,s,0
1578,2,0,s,3,0,16,5,7,d,0,5,3,d,0,2,4,0,0,6,20,d,d,s,d,10,0,22,2,s,0
1725,2,0,s,3,0,16,5,7,0,0,5,3,3,d,2,4,0,0,6,s,1,0,s,0,10,0,22,2,s,0
I161,2,0,s,3,0,16,5,7,0,0,5,3,3,0,0,4,0,0,0,0,1,0,0,0,10,0,22,2,1,11
I162,2,0,s,3,0,16,5,7,0,0,5,3,3,0,0,4,0,2,0,0,1,1,0,0,10,0,22,2,1,11
I163,2,0,s,3,0,16,5,7,0,0,5,3,3,s,0,4,0,2,0,0,1,1,0,0,10,0,22,2,1,11
1365,2,0,s,3,0,16,5,7,d,0,5,3,3,s,0,4,0,2,0,d,1,1,d,s,10,0,22,2,1,11
1364,2,0,s,3,d,d,5,7,0,0,5,3,3,s,0,d,0,d,0,d,1,1,d,0,10,0,22,2,1,d
1669,2,0,s,3,0,16,5,7,0,5,d,3,3,0,0,4,0,d,0,0,1,1,0,0,10,0,22,2,1,11
1667,2,0,s,3,0,16,5,d,0,d,5,3,3,d,2,4,0,0,0,0,1,0,0,s,d,2,22,2,1,d
I168,0,0,s,0,0,16,5,7,0,0,5,3,3,0,0,4,0,0,0,0,1,0,0,0,10,0,22,2,1,0
I169,0,0,s,0,0,16,5,7,14,0,5,3,3,0,0,4,0,0,0,0,1,0,0,0,10,0,22,2,1,0
I170,0,0,s,0,1,16,5,7,14,1,5,3,3,0,0,4,0,0,21,0,1,0,0,0,10,0,22,2,1,0
1815,0,0,s,d,d,16,5,7,14,s,d,d,3,24,0,4,d,0,21,0,1,0,12,d,d,d,22,d,1,0
I174,0,0,s,0,1,16,5,7,14,s,5,3,3,0,0,4,0,0,21,0,1,0,0,0,10,0,22,2,1,13
1942,0,0,s,0,1,16,5,d,14,s,5,3,3,d,0,4,0,0,d,0,d,0,0,0,10,2,22,s,1,13
2008,0,0,s,0,1,16,5,7,14,s,d,3,3,0,0,4,d,d,21,0,1,0,15,7,10,0,22,2,1,13
I177,2,2,s,0,0,16,5,7,14,0,5,3,3,0,0,4,0,2,0,0,1,0,10,2,10,s,22,2,1,0
I180,2,2,s,1,0,16,5,7,14,0,5,3,3,0,0,4,0,2,0,0,1,s,s,2,10,s,22,2,1,0
1879,2,2,s,1,0,16,5,7,14,0,5,3,3,0,d,4,0,2,0,0,1,s,s,d,10,s,22,2,1,6
1878,2,2,s,1,0,d,5,7,14,0,5,3,3,0,d,4,0,2,0,0,1,s,s,2,10,s,22,2,1,0
2043,2,2,s,0,1,d,5,7,14,d,5,3,3,0,0,4,3,2,0,0,1,0,10,2,10,s,22,2,1,0
I183,0,0,s,0,0,16,5,7,0,5,5,3,3,0,0,4,0,2,0,0,1,0,0,0,10,1,22,2,1,0
I184,0,0,s,0,0,16,5,7,0,5,5,3,3,0,0,4,0,2,0,0,1,0,0,0,10,1,22,2,1,5
I185,0,0,s,0,0,16,5,7,0,5,5,3,3,0,0,4,0,2,0,0,1,1,0,0,10,1,22,2,1,5
1575,2,0,s,0,0,s,5,7,0,5,5,3,3,0,d,4,3,2,0,0,1,1,0,0,10,1,22,2,1,5
1714,0,0,s,0,0,16,5,7,d,5,5,3,3,d,2,4,d,2,0,0,1,1,0,0,10,1,d,2,1,5
I189,0,0,s,0,0,16,s,7,0,5,5,3,3,15,0,4,1,2,0,0,1,0,0,10,10,1,22,2,1,5
1765,0,0,s,0,0,d,s,7,0,5,5,3,3,15,0,4,d,2,0,0,1,0,0,10,10,d,22,2,1,5
1764,0,0,s,0,0,16,s,7,d,5,5,3,d,15,0,4,1,2,0,0,d,0,0,10,10,d,22,2,1,5
I191,0,0,s,1,0,16,5,7,0,5,5,3,3,0,0,4,0,2,22,0,1,0,0,0,10,1,22,2,1,0
1545,0,2,s,1,0,16,5,7,0,5,5,d,3,0,0,4,d,2,22,0,1,d,0,0,10,1,22,2,1,0
I195,0,0,s,1,0,16,5,7,0,5,5,3,3,0,0,4,0,2,22,0,1,0,0,0,10,1,22,2,1,0
1537,0,2,s,1,0,16,5,7,d,5,d,3,3,0,s,4,0,2,d,d,1,0,11,2,10,1,22,2,1,5
I197,0,0,s,1,1,16,5,7,0,5,5,3,3,0,0,4,1,2,22,0,1,0,0,0,10,1,22,s,1,41
1373,0,2,s,d,d,16,5,7,0,5,5,d,3,0,0,d,1,2,22,0,1,0,0,0,10,1,22,s,d,41
1372,0,0,s,1,1,16,5,7,0,5,5,3,s,0,0,4,1,2,22,0,1,0,d,0,10,1,22,s,1,41
I198,0,0,0,0,0,16,0,0,0,0,5,3,3,0,2,4,0,0,0,0,1,0,0,0,10,0,22,2,1,0
I199,0,0,0,0,0,16,0,8,0,0,5,3,3,0,2,4,0,2,0,0,1,0,0,0,10,0,22,2,1,0
I200,0,0,4,0,1,16,0,8,0,0,5,3,3,0,2,4,0,2,0,0,1,0,0,0,10,0,22,2,1,0
I201,0,0,4,0,1,16,0,8,0,0,5,3,3,0,2,4,0,2,0,0,1,0,0,0,10,0,22,2,1,0
1043,0,d,4,d,1,16,0,d,d,0,5,3,3,0,2,4,0,2,d,0,1,1,2,0,10,d,22,2,1,d
2036,0,d,d,0,1,16,5,8,0,0,5,d,3,d,2,4,0,d,0,0,1,1,0,0,10,6,22,d,1,0
I205,0,0,4,1,1,16,0,8,0,5,5,3,3,0,2,4,0,2,0,0,1,0,s,0,10,0,22,2,1,0
1952,0,2,4,1,1,16,0,8,11,5,5,3,3,0,2,4,d,2,12,0,d,d,s,0,10,0,d,2,d,0
1025,0,0,4,1,d,16,0,8,0,5,5,3,3,0,2,d,0,2,d,d,1,0,s,0,10,0,22,2,1,0
I210,0,0,0,0,0,s,0,8,22,0,5,3,3,10,2,4,0,2,0,0,1,0,12,0,10,0,22,2,1,0
I211,0,0,0,0,0,s,0,8,22,0,5,3,3,10,2,4,0,2,0,0,1,0,12,0,10,0,22,s,1,0
1041,0,d,0,0,0,s,0,8,22,0,5,3,d,d,2,d,0,2,d,6,1,0,d,d,d,0,22,s,1,0
I213,0,0,0,0,0,s,0,8,22,0,5,3,3,10,2,4,0,2,4,0,1,0,12,0,10,0,22,s,1,0
2006,0,0,0,0,0,s,0,8,22,0,5,3,s,10,2,4,0,2,4,0,1,0,d,1,10,0,22,s,1,d
2012,0,d,0,d,0,s,d,8,22,0,5,3,3,10,2,4,d,2,4,0,1,0,12,0,d,0,22,s,1,0
I216,0,0,0,0,1,s,0,8,22,0,5,3,3,10,2,4,0,2,0,0,1,1,12,0,10,0,22,2,1,0
I218,0,0,0,0,1,s,0,8,22,0,5,3,3,10,2,4,0,2,12,0,1,1,12,0,10,0,22,2,1,0
1649,d,0,0,0,1,s,0,8,22,0,5,3,d,10,2,4,d,2,12,d,1,1,12,0,10,0,d,2,1,0
1648,0,0,0,0,1,s,0,8,22,0,5,3,3,10,2,4,d,2,12,0,1,1,12,0,10,0,22,2,1,d
1583,d,2,0,0,1,s,0,8,22,2,5,d,3,10,2,4,0,s,0,0,d,1,12,5,10,0,22,2,1,0
I223,0,0,0,0,0,16,0,0,0,0,5,3,3,0,2,4,0,0,0,10,1,0,0,0,10,2,22,2,1,0
I224,2,0,0,0,0,16,0,0,0,0,5,3,3,0,2,4,0,1,0,10,1,0,0,0,10,2,22,2,1,0
I225,2,0,0,0,0,16,0,12,0,0,5,3,3,0,2,4,0,1,0,10,1,1,0,0,10,2,22,2,1,2
I226,2,0,0,0,1,16,0,12,0,0,5,3,3,0,2,4,0,1,0,10,1,1,0,0,10,2,22,2,1,2
1548,2,0,0,d,d,16,d,12,0,0,5,3,3,d,2,4,0,1,24,10,1,1,0,3,d,2,d,2,d,2
1594,d,d,0,d,1,16,0,12,0,0,5,d,3,5,2,d,0,1,0,10,1,1,1,0,10,2,22,2,1,2
1833,s,0,0,1,0,16,0,12,0,0,d,3,3,0,d,4,0,d,d,10,1,d,0,d,10,2,22,2,1,d
I236,2,0,0,1,0,16,0,0,0,5,5,3,3,0,2,4,0,1,0,10,1,0,0,5,10,2,22,2,1,0
1625,2,0,0,1,0,16,0,0,0,5,5,3,3,d,2,4,0,1,1,10,1,0,15,d,10,2,22,2,1,d
1441,2,2,0,1,d,16,0,0,0,5,5,3,3,0,2,4,0,1,s,10,1,0,d,5,10,2,22,2,1,d
I239,0,0,0,0,0,16,0,0,0,0,5,3,3,0,2,4,0,0,0,10,1,0,8,0,10,2,22,2,1,0
I240,0,0,0,0,0,16,0,12,0,0,5,3,3,0,2,4,0,0,0,10,1,s,8,0,10,2,22,2,1,0
I241,0,0,0,0,0,16,0,12,0,0,5,3,3,0,2,4,0,2,0,10,1,s,8,0,10,2,22,2,1,0
1951,0,0,0,0,0,16,0,d,d,d,5,3,3,0,2,4,d,2,d,10,1,s,d,0,10,2,22,2,1,d
1796,2,0,0,0,s,16,0,12,s,0,5,3,3,d,2,4,d,2,0,10,1,s,8,0,10,2,d,2,1,0
I245,0,0,0,0,0,16,0,12,0,0,5,3,3,0,2,4,0,0,0,10,1,s,8,0,10,2,22,2,1,0
2033,0,0,0,0,0,16,0,d,0,0,d,3,3,0,2,4,0,0,0,10,1,s,8,0,d,2,22,2,1,0
2032,d,0,0,0,0,16,0,12,d,0,5,3,3,0,2,4,0,0,0,10,1,s,8,0,10,2,22,2,1,0
I246,0,0,0,0,0,16,0,0,8,0,5,3,3,0,2,4,s,0,0,10,1,0,8,0,10,2,22,2,1,0
I247,0,0,0,0,0,16,0,0,8,0,5,s,3,0,2,4,s,2,0,10,1,1,8,0,10,2,22,2,1,0
I248,0,0,0,0,0,16,0,0,8,0,5,s,3,6,2,4,s,2,0,10,1,1,8,0,10,2,22,2,1,0
2021,0,0,0,0,0,16,0,0,8,0,5,s,3,6,d,4,s,2,0,10,1,1,8,d,10,2,d,2,1,0
2020,0,0,d,0,0,16,0,0,d,0,d,s,3,6,2,4,s,2,0,10,1,1,8,0,10,2,d,2,d,d
1050,d,2,0,3,0,16,0,5,8,0,5,s,3,0,2,4,s,2,0,10,1,1,8,0,10,2,22,2,1,0
1996,0,2,0,3,0,16,0,d,8,0,d,d,3,0,2,4,s,1,0,10,1,0,s,0,10,2,d,2,1,0
I251,0,0,0,0,s,0,0,0,0,0,0,3,0,0,0,0,0,0,0,0,0,0,0,0,0,0,22,0,0,0
I252,s,0,8,0,s,0,0,0,0,0,0,3,0,0,2,5,1,0,0,0,0,0,0,2,0,0,22,0,0,0
I253,s,0,8,0,s,0,0,0,0,0,0,3,0,0,2,5,1,0,0,0,1,0,0,2,0,0,22,0,0,0
I254,s,0,8,0,s,0,0,0,0,0,0,3,0,0,s,5,1,0,0,3,1,s,0,2,0,0,22,0,0,0
I255,s,0,8,0,s,0,0,0,0,0,0,3,0,0,s,5,1,0,0,3,1,s,0,2,0,2,22,0,0,0
I256,s,0,8,0,s,0,0,0,11,s,0,3,0,0,s,5,1,0,0,3,1,s,0,2,0,2,s,2,0,0
1378,s,2,8,0,s,0,0,0,11,s,d,3,0,0,s,5,d,0,0,d,1,s,0,2,d,2,s,2,0,0
I260,s,s,8,0,s,0,0,0,11,s,0,3,0,0,s,5,1,s,0,3,1,s,0,2,0,2,s,2,0,0
1069,s,s,d,0,s,0,0,0,11,s,s,3,0,0,s,d,1,s,0,3,1,s,0,d,d,2,s,2,s,d
I262,s,s,8,0,s,0,0,0,11,s,0,3,0,0,s,5,1,s,0,3,1,s,0,2,0,2,s,2,0,10
1359,s,s,8,0,s,d,0,0,11,s,0,d,0,0,s,5,1,s,0,3,1,s,0,2,5,2,s,2,0,10
1358,s,s,8,d,s,0,0,0,11,s,0,3,0,0,s,5,1,s,0,3,1,s,8,2,0,d,s,d,0,10
I263,s,0,8,0,s,0,0,0,0,0,0,3,2,0,s,5,1,0,0,3,1,s,0,2,0,2,22,0,0,0
I264,s,0,8,0,s,0,0,0,0,0,0,3,2,10,s,5,1,0,0,3,1,s,0,2,0,2,22,0,0,0
I265,s,0,8,0,s,0,0,0,0,0,0,3,2,10,s,5,1,0,0,3,1,s,0,2,0,2,22,0,0,0
1101,s,0,8,0,s,d,0,0,s,0,0,3,2,10,s,5,1,0,0,d,1,s,8,2,0,2,22,d,0,0
1100,s,0,8,0,s,0,d,0,0,0,0,3,d,10,s,5,1,0,0,3,1,s,0,2,12,2,d,0,0,0
1254,s,0,8,0,s,0,d,0,14,0,0,3,2,10,s,5,1,0,0,3,1,s,0,2,0,2,22,0,0,0
I268,s,0,8,0,s,0,0,5,0,5,0,3,2,0,s,5,1,0,0,3,1,s,0,2,0,2,22,0,6,28
1055,s,0,8,0,s,d,0,5,0,5,0,3,2,0,s,5,1,0,0,3,1,s,0,2,0,2,d,0,6,28
1054,s,0,8,0,s,0,0,d,0,5,0,3,2,27,s,5,1,0,0,3,1,s,0,d,d,2,22,0,6,28
I270,s,0,8,0,s,0,0,0,3,0,0,3,0,10,s,5,1,0,0,3,1,s,0,2,8,0,22,0,0,0
I271,s,0,8,0,s,0,0,0,3,0,0,3,0,10,s,5,1,2,0,3,1,s,0,2,8,0,22,0,0,30
1909,s,2,8,0,s,0,0,1,3,0,0,3,3,10,s,5,1,d,0,3,1,s,d,d,8,0,22,0,0,30
I277,s,0,8,0,s,0,0,0,3,0,0,3,0,10,s,5,1,2,0,3,1,s,0,2,8,0,22,0,0,30
1072,s,0,d,d,s,0,0,0,3,0,0,3,0,10,s,5,1,2,0,3,1,s,0,2,8,0,22,0,0,30
I279,s,0,8,0,s,0,0,0,3,5,0,3,0,10,s,5,1,2,0,3,1,s,0,2,8,0,22,0,0,30
1187,s,0,8,0,s,0,d,5,d,5,0,3,0,10,s,5,1,2,0,d,1,s,0,2,d,2,22,0,0,30
1186,s,2,8,d,s,0,0,d,3,5,0,3,d,10,s,5,1,d,0,3,1,s,0,2,8,0,22,0,0,d
I280,s,0,8,0,s,0,0,2,3,0,0,3,0,10,s,5,1,0,0,3,1,s,0,2,8,0,22,0,0,0
1318,s,2,8,1,s,0,0,d,d,0,0,3,3,10,s,5,1,0,0,3,1,s,0,2,8,2,22,s,0,1
1474,s,0,8,d,s,0,0,2,3,d,0,3,d,10,s,5,1,0,0,d,1,s,0,2,8,2,d,s,0,0
I287,s,0,8,0,s,0,0,0,6,0,0,3,0,5,2,5,1,0,s,0,1,0,s,2,0,0,22,0,0,0
I288,s,0,8,0,s,0,0,0,6,1,0,3,0,5,2,5,1,0,s,0,1,0,s,2,0,0,22,0,0,0
I289,s,0,8,0,s,0,0,0,6,1,0,3,0,5,2,5,1,0,s,0,1,0,s,2,5,0,22,2,0,0
I290,s,0,8,0,s,0,0,0,6,1,0,3,0,5,2,5,1,0,s,0,1,0,s,2,5,0,22,2,0,0
1145,s,d,8,0,s,d,0,0,6,1,0,3,0,5,2,5,1,0,s,d,1,0,s,d,5,0,d,2,0,0
1489,s,0,8,0,s,0,0,0,6,d,0,3,0,d,2,5,d,0,s,0,1,0,s,2,5,d,22,2,0,0
I293,s,0,8,0,s,0,0,0,6,1,0,3,0,5,2,5,1,0,s,0,1,1,s,2,5,2,22,2,0,0
1605,s,2,8,d,s,0,s,0,6,1,0,d,0,5,2,5,d,d,s,0,1,1,s,2,5,2,22,2,0,0
1416,s,0,8,1,s,d,0,0,d,1,d,3,d,5,2,5,1,0,s,0,1,1,s,2,d,2,22,2,0,0
I296,s,0,8,0,s,0,5,0,6,1,0,3,0,5,2,5,1,0,s,0,1,0,s,2,1,0,22,0,0,0
I297,s,0,8,0,s,0,5,s,6,1,0,3,6,5,2,5,1,0,s,0,1,0,s,2,1,0,22,0,0,0
1732,s,0,8,0,s,6,5,s,d,1,0,3,6,5,2,5,1,0,s,d,1,0,s,2,1,d,22,0,0,d
1147,s,0,8,0,s,s,5,s,6,1,0,3,d,5,2,5,1,0,s,0,1,0,s,d,1,0,22,0,0,9
I300,s,0,8,0,s,2,5,0,6,1,0,3,0,5,2,5,1,0,s,0,1,0,s,2,1,1,22,0,0,0
1492,s,2,8,0,s,2,5,0,6,1,0,3,d,5,2,5,1,0,s,0,1,d,s,2,1,1,22,0,0,4
1239,s,2,8,0,s,2,5,d,6,1,0,d,0,5,2,5,d,0,s,0,1,0,s,2,1,1,d,0,0,0
I303,s,0,8,0,s,0,0,0,6,0,0,3,0,5,2,5,1,0,s,6,1,0,s,2,0,0,22,0,0,0
I304,s,0,8,0,s,0,2,0,6,0,0,3,0,5,2,5,1,0,s,6,1,0,s,2,0,2,22,0,0,0
1807,s,0,8,1,s,20,2,0,6,d,0,3,0,5,2,5,1,0,s,6,1,0,s,2,1,2,22,0,0,1
947,s,d,8,0,s,0,d,17,6,0,5,s,0,5,d,5,1,0,s,6,1,1,s,s,s,2,22,0,0,10
I310,s,0,8,0,s,0,0,0,6,0,0,3,0,5,2,5,1,0,s,6,1,0,s,2,0,0,22,0,0,0
I311,s,2,8,0,s,0,0,0,6,0,0,3,6,5,2,5,1,2,s,6,1,0,s,2,0,0,22,0,1,2
1744,s,2,8,d,s,0,0,0,6,0,0,3,6,d,2,d,1,2,s,6,1,0,s,2,0,0,22,0,1,2
1368,s,2,8,0,s,d,0,0,6,0,0,d,6,5,2,5,1,2,s,6,1,0,s,2,0,0,22,d,1,2
1889,s,3,8,d,s,0,0,d,6,d,0,3,0,5,2,5,1,2,s,6,d,0,s,2,0,d,d,2,0,19
I317,s,0,8,s,s,0,1,0,0,0,0,3,0,0,2,5,1,0,0,0,0,0,0,2,0,6,22,0,0,0
I318,s,0,8,s,s,0,1,12,0,0,0,3,0,32,2,5,1,0,0,0,0,1,0,2,0,6,22,0,0,0
I319,s,0,8,s,s,0,s,12,0,0,0,3,0,32,2,5,1,0,0,0,0,1,0,2,0,6,22,0,0,0
I320,s,0,8,s,s,5,s,12,s,0,0,3,0,32,2,5,1,0,0,0,0,1,0,2,0,6,22,0,0,0
I321,s,0,8,s,s,5,s,12,s,0,0,3,0,32,2,5,1,0,0,0,0,1,0,2,0,6,22,0,0,0
1800,s,0,8,s,s,5,s,12,s,0,d,3,0,32,2,5,d,0,0,0,0,1,0,2,0,6,22,0,1,11
I323,s,0,8,s,s,5,s,12,s,0,0,3,0,32,2,5,1,0,0,0,1,1,0,2,0,6,22,0,0,0
1375,s,0,8,s,s,5,s,d,s,0,0,3,0,32,2,5,d,0,0,0,1,1,0,2,d,6,22,0,1,0
1374,s,0,8,s,s,5,s,12,s,d,d,3,0,32,2,5,1,s,0,0,1,1,0,2,0,6,22,0,0,0
I324,s,0,8,s,s,5,s,12,s,0,0,3,0,32,2,5,1,2,0,20,0,1,0,2,0,6,s,0,0,0
I325,s,0,8,s,s,5,s,12,s,0,0,3,0,32,2,5,1,2,s,20,0,1,0,2,s,6,s,0,0,0
1455,s,0,d,s,s,d,s,12,s,0,0,3,0,32,2,5,1,2,s,20,0,1,d,2,s,6,s,d,0,0
1454,s,0,8,s,s,5,s,s,s,0,0,3,d,32,d,5,d,2,s,20,0,1,d,2,s,6,s,0,d,0
1428,s,0,8,s,s,5,s,12,s,5,0,d,0,32,2,5,1,2,0,20,0,1,d,2,0,6,s,0,d,0
I327,s,0,8,s,s,0,s,12,0,0,0,3,0,32,2,5,1,0,s,0,0,1,0,2,0,6,22,0,0,s
I330,s,0,8,s,s,s,s,12,14,0,5,3,6,32,2,5,1,0,s,0,0,1,8,2,0,6,22,2,0,s
1293,s,0,d,s,s,s,s,d,14,0,5,3,6,32,2,5,1,0,s,41,0,1,8,d,0,6,22,2,d,s
1292,s,0,8,s,s,s,s,12,14,0,5,3,6,32,2,5,1,0,s,0,0,1,8,2,0,6,22,2,0,s
I331,s,0,8,s,s,0,s,12,0,0,0,3,0,32,2,5,1,0,s,0,0,1,0,2,0,6,22,0,0,s
I332,s,0,8,s,s,0,s,12,0,0,0,3,0,32,2,5,1,0,s,0,0,1,0,2,0,6,22,0,0,s
1141,s,0,8,s,s,0,s,12,0,0,0,3,0,32,2,5,1,0,s,0,d,1,0,2,0,d,22,0,d,s
1140,s,0,8,s,s,0,s,12,0,1,0,3,d,32,2,5,1,0,s,0,0,1,0,2,0,6,22,s,0,s
1539,s,s,8,s,s,d,s,d,0,0,0,d,0,32,d,5,1,0,s,0,0,1,0,2,0,6,d,0,0,s
I334,s,0,8,s,s,0,1,12,0,5,0,3,0,32,2,5,1,0,0,0,0,1,0,2,0,6,22,0,0,0
I335,s,0,8,s,s,0,1,12,0,5,0,3,0,32,2,5,1,0,0,0,0,1,0,2,0,6,22,0,0,13
I337,s,0,8,s,s,1,1,12,0,5,2,3,0,32,2,5,1,0,0,0,0,1,0,2,1,6,22,0,0,13
1977,s,0,8,s,s,d,1,12,0,5,2,3,0,32,2,5,d,0,0,d,d,1,d,d,1,6,22,d,0,13
1976,s,0,d,s,s,1,1,12,0,5,2,3,0,32,2,5,1,d,0,0,0,1,0,2,d,6,22,0,0,13
I339,s,0,8,s,s,0,1,12,0,5,0,3,2,32,2,5,1,0,0,0,0,1,0,2,0,6,22,s,0,13
I340,s,0,8,s,s,0,1,12,0,5,0,3,2,32,2,5,1,0,0,0,0,1,0,2,0,6,22,s,0,13
1665,s,0,8,s,s,0,1,d,0,5,0,3,2,32,2,d,1,2,0,0,0,d,0,d,0,6,22,s,0,13
1664,s,0,d,s,s,d,1,d,d,5,0,3,2,32,2,5,1,0,0,0,d,1,d,2,0,6,22,s,0,13
I341,s,0,8,s,s,12,1,12,0,5,0,3,2,32,2,5,1,0,0,0,0,1,0,2,0,6,22,s,0,13
1899,s,0,8,s,s,12,1,d,0,5,0,d,2,32,d,5,d,d,d,d,0,1,0,2,d,6,22,s,0,13
1898,s,0,8,s,s,d,1,12,0,5,0,3,2,d,2,5,1,0,d,0,0,1,0,2,0,6,22,s,0,13
I342,s,0,8,s,s,0,1,12,0,5,0,3,0,32,2,5,1,0,0,0,0,1,0,2,0,6,22,0,0,0
I343,s,0,8,s,s,0,s,12,0,5,0,3,0,32,2,5,1,0,0,0,0,1,0,2,s,6,22,0,0,0
I344,s,0,8,s,s,0,s,12,0,5,0,3,3,32,2,5,1,0,0,0,0,1,0,2,s,6,22,0,0,0
1735,s,0,d,s,s,0,s,12,0,5,d,3,3,32,2,5,1,d,d,0,0,1,0,2,s,6,22,0,0,0
1734,s,0,8,s,s,0,s,d,0,5,0,3,3,32,2,5,d,0,0,0,0,1,0,2,s,6,22,0,0,0
1694,s,0,8,s,s,d,s,d,0,d,2,3,d,32,2,5,1,d,0,d,0,1,0,2,s,6,22,2,0,0
I346,s,0,8,s,s,0,1,12,0,5,0,3,0,32,2,5,1,0,0,0,0,1,0,2,0,6,22,0,0,0
1936,s,2,8,s,s,0,1,d,0,5,0,3,0,32,d,d,d,0,0,0,0,d,1,d,0,6,22,d,0,0
1499,s,d,8,s,s,d,1,12,d,5,0,3,0,s,2,5,1,d,0,d,0,1,0,2,d,6,22,d,0,0
I349,s,0,8,s,s,0,1,0,0,0,2,3,0,5,2,5,1,0,0,0,0,0,0,2,0,s,22,0,0,0
I350,s,0,8,s,s,0,1,0,0,0,2,3,0,5,2,5,1,0,0,7,0,0,0,2,0,s,22,0,0,0
I352,s,s,8,s,s,0,1,0,0,5,2,3,0,5,2,5,s,0,0,7,0,0,0,2,1,s,22,2,0,19
1712,s,s,8,s,s,d,d,0,0,d,2,3,0,d,2,5,s,d,0,7,0,d,0,2,1,s,d,d,d,19
1768,s,s,8,s,s,d,d,d,0,5,d,3,0,5,2,5,s,0,0,7,0,0,d,2,1,s,22,d,0,d
I358,s,0,8,s,s,0,1,0,0,0,2,3,0,5,2,5,1,0,0,7,3,0,0,2,0,s,22,0,0,0
I359,s,0,8,s,s,6,1,0,0,0,2,3,0,5,2,5,1,0,0,7,3,0,0,2,0,s,22,0,0,0
1167,s,0,8,s,s,6,1,0,0,0,2,d,0,d,d,d,1,2,0,7,3,1,0,2,0,s,22,2,0,0
1136,s,0,d,s,s,6,1,0,d,0,2,3,0,5,2,5,1,0,0,7,s,0,0,2,0,s,22,0,0,0
1219,s,0,8,s,s,27,1,0,0,0,d,3,0,d,2,5,1,2,0,7,3,0,0,2,0,s,22,0,0,s
I365,s,0,8,s,s,0,1,0,0,0,2,3,0,5,2,5,1,0,0,0,0,0,0,2,0,s,22,0,0,0
I366,s,0,8,s,s,0,1,0,0,0,2,3,0,5,2,s,1,0,0,10,0,0,0,2,0,s,22,0,0,11
I367,s,2,8,s,s,0,1,0,0,0,2,3,0,5,2,s,1,0,0,10,0,0,0,2,0,s,22,0,0,11
1651,s,d,8,s,s,4,1,0,d,0,2,3,d,5,2,s,1,0,0,10,0,0,0,2,0,s,d,0,0,11
1525,s,2,8,s,s,0,1,0,0,0,2,3,0,5,2,s,1,0,d,10,0,0,0,2,0,s,22,2,d,11
I370,s,0,8,s,s,0,1,0,0,0,2,3,0,5,2,s,1,0,0,10,0,0,0,2,0,s,22,0,0,11
1941,s,0,8,s,s,0,1,0,0,5,2,3,0,5,2,s,1,0,0,10,0,0,0,2,s,s,d,d,1,11
1445,s,0,8,s,s,0,1,0,0,5,2,3,0,5,2,s,1,2,0,10,0,d,0,2,0,s,22,0,0,11
I373,s,0,8,s,s,0,1,0,0,0,2,3,0,5,2,5,1,0,0,0,0,0,s,2,0,s,22,0,0,0
I374,s,0,8,s,s,0,1,0,0,0,2,3,0,5,2,5,1,0,0,0,0,0,s,2,0,s,22,0,0,0
1347,s,0,8,s,s,0,d,15,0,0,d,3,0,5,2,5,1,0,2,d,0,0,s,2,1,s,22,0,0,0
1084,s,0,8,s,s,0,1,d,0,0,2,3,0,s,2,5,1,0,0,10,0,1,s,2,0,s,22,0,1,0
I377,s,2,8,s,s,0,1,0,0,0,2,3,0,5,2,5,1,0,0,0,0,0,s,2,0,s,22,0,0,13
I378,s,2,8,s,s,0,1,0,0,0,2,3,0,5,2,5,1,0,0,0,0,0,s,2,0,s,22,0,0,13
1391,s,2,8,s,s,0,1,0,0,0,2,d,0,5,2,d,1,0,0,0,0,0,s,2,0,s,22,0,0,13
1390,s,2,8,s,s,d,1,d,0,0,2,3,0,5,d,5,1,0,0,0,1,0,s,d,0,s,22,0,0,13
I379,s,2,8,s,s,0,1,0,0,0,2,3,0,5,2,5,1,0,8,0,0,2,s,2,0,s,22,0,6,13
1077,s,2,8,s,s,0,d,0,d,0,2,3,0,5,2,5,1,d,8,0,0,2,s,2,d,s,22,0,6,13
1076,s,2,8,s,s,0,1,0,0,0,2,3,3,5,d,d,d,0,8,0,0,2,s,2,0,s,d,0,6,13
I380,0,0,0,0,s,0,0,0,0,0,0,3,0,0,0,0,0,0,0,0,0,0,2,0,0,0,22,0,0,0
I381,2,0,0,0,s,0,0,0,0,0,2,3,2,0,0,32,0,0,0,0,0,0,2,0,0,0,22,0,0,s
I382,2,0,0,0,s,0,0,0,0,s,2,3,2,0,0,32,0,0,0,0,0,0,2,0,0,0,22,0,0,s
I383,2,0,4,0,s,0,0,0,0,s,2,3,2,0,0,32,0,0,0,0,0,0,2,0,0,0,22,0,0,s
1566,2,0,4,0,s,16,2,1,d,s,2,3,2,d,0,32,4,d,0,0,d,s,2,d,0,0,22,0,0,s
1710,d,2,4,0,s,d,0,0,0,s,s,3,2,0,2,32,d,0,d,0,d,1,2,0,1,d,22,0,1,s
I398,2,s,0,0,s,0,0,0,0,s,2,3,2,0,0,32,0,0,0,0,0,0,2,0,0,0,22,0,0,s
I399,2,s,0,0,s,0,0,0,0,s,2,3,2,0,0,32,0,1,0,0,0,0,2,7,0,0,22,0,0,s
I400,2,s,4,0,s,0,0,0,s,s,2,3,2,5,0,32,0,1,s,0,0,1,2,7,1,0,22,0,0,s
1932,2,s,d,0,s,0,0,0,s,s,d,3,2,5,0,32,d,1,s,20,0,1,2,7,1,0,d,0,0,s
1895,2,s,d,0,s,d,0,0,s,s,2,3,2,5,s,d,0,1,s,d,0,1,2,d,1,0,s,0,d,s
I403,2,s,0,0,s,0,0,2,0,s,2,3,2,0,0,32,0,s,0,3,0,0,2,7,0,0,22,0,1,s
1789,2,s,0,2,s,0,0,2,0,s,2,3,2,0,0,32,0,s,0,3,0,0,2,7,0,d,22,0,1,s
1881,2,s,0,0,s,0,0,2,0,s,2,d,2,5,0,d,0,s,12,3,0,0,2,7,0,0,22,0,1,s
I406,2,s,0,0,s,0,0,0,0,s,2,3,2,0,0,32,1,0,0,0,0,0,2,0,1,0,22,0,0,s
I407,2,s,0,0,s,0,9,0,0,s,2,3,2,0,0,32,1,0,0,0,1,0,2,0,1,0,22,0,0,s
1689,d,s,0,0,s,0,9,0,12,s,2,3,2,d,0,32,1,0,1,0,d,0,2,d,1,0,22,0,0,s
I409,s,s,0,0,s,0,9,0,0,s,2,3,2,10,0,32,1,0,0,0,1,0,2,0,1,0,s,2,0,s
1901,s,s,0,0,s,0,9,0,0,s,2,d,2,10,0,32,1,d,0,0,1,0,2,0,1,0,s,2,0,s
1900,s,s,0,d,s,d,9,s,0,s,2,3,2,d,0,32,1,0,d,0,d,d,2,0,1,0,s,2,0,s
I412,2,s,0,1,s,0,0,0,6,s,2,3,2,0,0,32,1,0,0,0,s,0,2,0,1,0,22,0,0,s
1983,2,s,0,1,s,0,0,0,d,s,2,3,d,0,d,32,d,0,0,0,s,1,2,0,1,0,22,0,0,s
1982,2,s,0,1,s,0,d,0,6,s,2,3,2,d,0,32,1,0,0,0,s,0,d,0,1,0,22,0,0,s
I413,2,0,0,0,s,0,0,0,0,0,2,3,2,0,0,32,1,0,0,10,0,0,2,0,0,0,22,0,0,s
I414,2,0,5,0,s,0,0,0,0,0,2,3,2,0,0,32,1,0,0,10,0,1,2,0,0,0,22,0,0,s
I415,2,0,5,0,s,0,0,0,0,0,2,3,2,0,0,32,1,0,0,10,0,1,2,0,0,0,22,0,0,s
I416,2,0,5,0,s,6,0,0,0,0,2,3,2,0,0,32,1,0,0,10,0,1,2,0,0,0,22,0,1,s
I417,2,0,5,0,s,6,3,15,0,0,2,3,2,0,0,32,1,0,0,10,0,1,2,0,1,0,22,0,1,s
1331,2,d,d,0,s,6,3,15,10,0,2,d,2,32,0,32,1,0,0,10,0,1,2,0,1,2,22,0,1,s
1330,2,d,5,0,s,6,3,d,0,d,d,3,2,0,d,32,1,0,3,10,0,1,s,0,1,0,d,0,1,s
1415,2,d,5,0,s,6,0,0,0,0,2,3,s,0,d,32,1,0,0,10,0,d,2,0,11,0,22,0,d,s
1291,2,s,5,0,s,0,d,0,0,0,2,s,d,0,2,32,1,0,d,10,0,1,2,0,0,0,22,0,0,s
I422,2,0,5,0,s,0,0,0,0,0,2,3,2,0,0,32,1,0,0,10,0,1,2,0,0,0,22,2,0,s
I423,2,0,5,0,s,0,0,0,0,0,2,3,2,0,0,32,1,0,0,10,0,1,2,0,0,0,22,2,0,s
I424,s,0,5,0,s,s,0,0,0,0,2,3,2,0,0,32,1,0,4,10,0,s,2,0,0,0,22,2,0,s
1451,s,0,5,0,s,s,0,0,0,0,2,3,2,d,0,32,1,0,4,10,0,s,2,0,1,0,22,d,0,s
1450,s,d,5,0,s,s,0,8,0,d,2,3,2,0,0,32,1,0,d,10,d,s,d,0,0,0,22,2,0,s
I425,2,0,5,s,s,0,0,0,0,1,2,3,2,0,0,32,1,0,10,10,0,1,2,0,0,s,22,2,0,s
1209,2,0,5,s,s,0,0,0,0,d,2,3,2,0,0,32,d,2,10,10,0,1,2,0,0,s,22,2,d,s
1208,2,0,5,s,s,0,0,0,0,1,2,3,d,0,0,32,1,0,10,10,0,1,d,0,1,s,d,2,d,s
I426,2,0,5,0,s,0,0,0,0,0,2,3,2,0,0,32,1,0,0,10,0,1,2,3,0,0,22,2,1,s
I427,2,2,5,3,s,0,0,0,0,0,2,3,2,0,0,32,1,0,0,10,0,1,2,3,0,0,22,2,1,s
1157,2,2,5,3,s,0,0,d,0,0,2,3,d,36,0,32,1,0,0,10,d,1,2,3,0,0,22,2,1,s
1156,2,2,5,3,s,0,3,0,6,0,2,3,2,26,0,32,d,0,0,10,d,1,2,3,0,0,d,2,1,s
1109,2,d,5,0,s,0,d,12,6,5,2,d,2,0,0,32,1,0,3,10,1,1,d,3,5,0,22,2,1,s
I429,2,0,0,0,s,0,0,0,0,0,2,3,2,0,0,32,1,0,0,10,0,0,2,0,0,0,22,0,0,s
I430,2,0,0,2,s,0,0,0,0,0,2,3,s,0,0,32,1,0,0,10,0,0,2,2,0,0,22,0,0,s
I431,2,0,0,2,s,0,0,1,0,5,2,3,s,0,0,32,1,0,0,10,0,1,2,2,0,0,22,0,0,s
1409,2,0,0,2,s,0,16,1,d,5,d,3,s,0,d,32,d,d,0,d,3,1,2,2,0,0,22,0,0,s
1691,2,0,0,2,s,0,0,1,0,5,2,3,s,0,0,32,1,0,d,10,d,1,2,2,0,0,22,0,1,s
1585,2,0,d,2,s,0,d,0,0,0,2,3,s,36,0,s,1,2,0,10,0,0,2,2,0,0,22,d,s,s
I437,2,0,0,0,s,7,0,0,0,0,2,3,2,0,0,32,1,0,0,10,0,0,2,s,0,0,22,0,1,s
1602,2,0,0,0,s,7,0,0,0,5,2,3,2,0,0,32,1,2,0,10,0,1,2,s,0,d,22,2,1,s
I441,2,0,0,0,s,7,0,0,0,0,2,3,2,0,0,32,1,0,0,10,s,0,2,s,0,0,22,0,1,s
1975,2,0,d,0,s,7,0,0,0,0,s,3,2,0,d,32,1,d,0,10,s,0,d,s,0,0,22,d,1,s
1543,2,0,d,0,s,d,0,11,0,5,2,3,2,0,0,32,1,0,0,10,s,1,2,s,0,0,22,d,1,s
I444,0,0,s,0,s,0,6,0,0,0,0,3,0,0,0,0,0,0,0,0,0,0,2,0,0,0,22,0,0,11
I445,0,0,s,0,s,0,6,0,0,5,0,3,0,0,0,0,1,0,0,0,0,0,2,0,0,0,22,0,0,11
I446,0,0,s,0,s,0,6,8,0,5,0,3,0,0,0,8,1,0,0,0,0,0,2,0,0,0,22,0,0,11
I447,0,0,s,0,s,0,6,8,0,5,0,3,0,0,0,8,1,0,0,0,0,0,2,0,0,0,22,0,0,11
I448,0,0,s,0,s,0,6,8,0,5,0,3,s,0,0,8,1,0,0,0,0,0,2,0,0,2,s,0,0,11
I449,2,1,s,0,s,0,6,8,0,5,0,3,s,0,0,8,1,0,0,0,0,0,2,0,0,2,s,s,0,11
1481,2,d,s,0,s,0,6,8,0,5,0,3,s,0,0,8,1,0,0,0,0,0,2,d,d,2,s,s,0,11
1480,2,1,s,0,s,0,6,8,0,d,0,3,s,0,d,8,1,0,d,0,0,0,2,0,0,2,s,s,1,11
1273,2,0,s,0,s,0,6,8,0,5,0,3,s,0,0,d,1,0,0,0,0,d,2,0,0,2,s,d,0,11
I451,0,0,s,0,s,0,6,8,0,5,0,3,0,0,0,8,1,0,16,0,0,0,2,0,0,0,22,0,0,11
1142,0,0,s,0,s,d,6,8,d,5,0,3,d,0,0,s,1,d,16,0,0,0,2,1,d,d,22,0,1,11
1152,s,0,s,0,s,0,s,8,11,5,0,3,3,d,0,8,1,d,16,0,0,0,2,0,d,0,22,2,0,11
I454,0,0,s,0,s,0,6,8,0,5,0,3,0,0,0,8,1,2,s,0,0,0,2,0,0,3,22,0,0,11
I457,0,0,s,0,s,5,6,8,0,5,0,3,0,0,2,8,1,2,s,15,0,0,2,0,0,3,22,2,0,11
1821,0,0,s,0,s,5,6,d,d,5,0,3,0,0,2,8,1,2,s,15,0,0,2,0,d,3,22,d,0,d
1820,0,0,s,d,s,5,6,d,0,5,0,d,0,0,d,d,1,2,s,15,0,0,d,0,0,3,22,2,0,11
I458,s,0,s,0,s,0,6,8,0,5,0,3,0,0,0,8,1,2,s,0,0,0,2,1,0,3,22,0,0,11
I459,s,0,s,0,s,0,6,8,0,5,1,3,0,0,0,8,1,2,s,0,0,0,2,1,0,3,22,0,0,11
2025,s,d,s,0,s,0,d,8,0,5,d,d,0,0,0,d,1,2,s,d,0,0,2,d,d,3,22,0,0,d
2024,s,0,s,d,s,0,6,8,0,5,1,3,0,0,d,8,1,2,s,0,0,0,d,1,0,3,22,0,0,11
1875,s,0,s,0,s,0,6,8,0,5,0,3,0,s,0,8,1,2,s,d,1,0,2,1,0,3,22,0,0,11
I461,0,0,s,0,s,0,6,0,6,5,8,3,0,0,0,0,1,0,0,0,0,0,2,0,0,0,22,0,0,11
I466,0,2,s,1,s,0,6,0,6,5,8,3,0,0,0,0,1,2,0,0,s,1,2,5,5,0,22,0,0,11
1891,0,2,s,1,s,0,6,0,6,5,8,3,0,0,0,0,1,2,0,d,s,1,2,5,5,0,22,0,0,11
1770,0,2,s,1,s,0,6,d,6,5,d,3,d,0,0,0,1,2,0,0,s,1,d,5,5,2,22,0,1,11
1915,d,2,s,0,s,0,6,1,6,5,8,d,7,0,s,s,1,0,0,4,1,1,2,0,0,0,22,s,1,11
I476,0,0,s,0,s,0,6,0,16,5,0,3,0,0,2,0,0,0,0,0,1,0,2,7,0,0,22,0,0,s
I477,0,0,s,0,s,0,6,0,16,5,0,3,0,0,2,0,0,0,0,0,1,0,2,7,0,0,22,0,0,s
I478,0,0,s,0,s,0,6,0,16,5,0,3,0,0,2,0,0,0,0,0,1,0,2,7,0,0,22,0,0,s
I479,0,0,s,0,s,0,6,0,16,5,0,3,0,0,2,0,0,0,22,3,1,0,2,7,0,0,22,0,0,s
1502,0,0,s,0,s,0,6,0,16,d,0,3,0,0,2,0,0,0,22,d,1,0,2,7,0,0,22,0,0,s
I481,0,0,s,0,s,8,6,0,16,5,0,3,0,0,2,0,0,0,22,3,1,0,2,7,3,0,22,0,0,s
1609,0,0,s,0,s,8,6,0,d,5,d,3,0,0,d,0,d,0,22,3,1,0,2,7,3,2,22,d,0,s
1608,0,2,s,0,s,8,d,0,16,5,2,s,0,0,2,d,0,0,22,d,1,0,2,7,3,0,22,0,0,s
I483,0,0,s,0,s,0,6,0,16,5,0,3,3,0,2,0,0,0,16,25,1,0,s,7,0,0,22,0,0,s
1825,0,0,s,0,s,0,6,0,16,d,0,3,d,0,d,0,0,0,16,25,1,d,s,7,0,0,22,0,0,s
1824,0,0,s,d,s,0,6,0,16,d,0,d,3,0,2,0,0,0,16,25,1,0,s,7,0,0,22,0,0,s
I485,0,0,s,0,s,0,6,0,16,5,0,3,3,0,2,0,0,0,0,0,1,0,2,7,0,0,22,0,0,s
I487,2,0,s,0,s,5,6,0,16,5,2,3,3,22,2,0,1,0,0,0,1,0,2,7,0,0,s,0,1,s
1809,2,0,s,0,s,5,6,0,16,5,2,3,d,22,d,0,1,d,0,0,1,0,2,7,0,0,s,d,d,s
1808,2,2,s,d,s,5,d,0,16,5,2,3,3,d,2,0,1,d,d,3,1,0,2,7,0,d,s,0,1,s
I489,0,0,s,0,s,0,6,0,16,5,0,3,3,0,2,0,0,0,0,0,1,0,2,7,0,0,22,0,0,s
1750,0,0,s,1,s,0,6,0,16,5,d,d,3,0,2,0,0,2,0,0,1,0,2,7,0,0,22,d,0,s
1968,0,0,s,0,s,6,6,0,16,5,0,3,3,0,d,0,0,0,0,0,1,d,2,7,0,0,22,0,0,s
I492,0,2,s,0,s,0,6,0,16,5,0,3,0,0,2,0,0,0,0,0,1,1,2,7,0,0,22,0,1,s
I493,0,2,s,0,s,0,6,0,16,5,0,3,0,5,2,0,0,0,0,0,1,1,2,7,0,3,22,0,1,s
I495,0,2,s,0,s,0,6,8,16,5,0,3,0,5,2,0,1,0,0,0,1,1,2,7,0,3,22,0,1,s
1865,0,2,s,0,s,0,d,8,16,5,0,3,0,5,d,0,1,d,0,0,1,1,2,7,0,3,22,0,1,s
1864,d,2,s,d,s,d,6,8,16,d,d,3,0,d,2,0,d,0,d,0,1,1,2,7,0,3,22,0,1,s
1611,0,2,s,0,s,0,6,0,16,5,0,3,0,s,2,0,0,d,0,0,d,1,2,7,d,3,d,0,1,s
I500,0,2,s,s,s,0,6,0,16,5,0,3,0,0,2,0,0,0,0,21,1,1,2,7,0,0,22,0,1,s
I501,2,2,s,s,s,25,6,5,16,5,0,3,0,0,2,0,0,0,0,21,s,1,2,7,0,0,22,0,1,s
2041,2,2,s,s,s,25,6,d,16,d,0,3,0,0,2,s,0,0,0,d,s,1,d,7,0,0,22,0,1,s
I503,2,2,s,s,s,25,6,5,16,5,0,3,0,0,2,0,0,0,0,21,s,1,2,7,0,0,s,0,1,s
2001,2,2,s,s,s,25,6,5,16,5,0,3,0,0,d,0,0,0,0,21,s,d,2,7,0,0,s,0,1,s
2000,d,d,s,s,s,25,6,5,16,5,0,3,d,0,2,0,0,0,0,d,s,d,2,d,d,0,s,0,1,s
I505,0,2,s,s,s,0,6,0,16,5,0,s,0,0,2,0,0,0,0,21,1,1,2,7,0,2,22,0,1,s
1659,0,2,s,s,s,0,6,d,16,5,0,s,0,0,2,0,d,0,0,21,1,1,2,7,0,2,22,0,1,s
1658,0,2,s,s,s,0,6,0,d,5,0,s,0,0,d,0,0,0,0,d,1,1,2,7,0,2,22,0,1,s
I507,0,0,0,0,0,0,0,12,0,0,s,3,0,0,0,0,0,0,0,0,0,0,0,0,0,0,0,0,0,0
I508,0,s,0,0,0,0,0,12,0,0,s,s,0,0,0,0,0,1,0,s,1,0,0,0,0,0,0,0,0,s
I509,0,s,0,0,0,0,0,12,0,0,s,s,0,0,0,0,0,1,0,s,1,1,0,0,0,0,0,0,1,s
I510,0,s,0,0,0,0,0,12,0,0,s,s,0,15,0,0,0,1,0,s,1,1,0,0,0,0,0,2,1,s
I511,0,s,2,0,0,0,0,12,0,0,s,s,0,15,0,19,0,1,19,s,1,1,0,0,0,0,0,2,1,s
I512,0,s,2,0,0,0,0,12,17,0,s,s,0,15,0,19,0,1,19,s,1,1,0,0,0,0,0,2,1,s
1107,2,s,2,0,s,d,d,12,17,0,s,s,0,15,0,19,0,1,19,s,d,s,0,0,1,0,10,2,d,s
I520,0,s,2,0,0,0,0,12,17,0,s,s,0,15,0,19,0,1,19,s,1,1,0,0,0,s,0,2,1,s
1322,0,s,2,0,0,0,0,12,d,0,s,s,d,15,0,s,0,1,19,s,1,d,8,d,d,s,0,2,1,s
I524,0,s,2,0,0,0,0,12,17,0,s,s,0,15,0,19,0,1,19,s,1,1,0,0,0,s,6,2,1,s
1354,0,s,2,0,1,0,0,d,17,0,s,s,0,15,0,19,d,1,19,s,1,d,0,0,0,s,d,2,1,s
1587,d,s,2,0,0,0,0,d,17,d,s,s,0,15,0,19,0,1,19,s,1,1,0,0,0,s,6,2,1,s
I527,0,s,2,1,0,0,0,12,0,5,s,s,0,15,0,19,0,1,19,s,1,1,0,0,0,0,0,2,1,s
I528,0,s,2,1,0,0,0,12,0,5,s,s,0,15,0,19,0,1,19,s,1,1,0,0,0,0,0,2,1,s
I531,0,s,2,1,0,0,1,12,6,5,s,s,0,15,0,19,0,1,19,s,1,1,0,2,11,0,0,2,1,s
1655,0,s,2,1,0,0,d,12,d,5,s,s,0,15,0,19,0,1,19,s,1,1,0,2,11,0,0,2,1,s
1654,0,s,2,d,0,0,1,12,d,5,s,s,0,15,2,19,0,1,19,s,1,1,d,2,11,0,d,d,1,s
1389,2,s,2,1,d,d,3,12,8,5,s,s,0,d,0,19,0,1,19,s,1,1,d,0,0,d,0,2,1,s
I535,0,s,2,1,0,0,0,12,0,5,s,s,0,15,0,19,0,1,19,s,1,1,0,2,0,0,0,2,1,s
I536,0,s,2,1,0,0,0,12,0,5,s,s,0,15,0,19,0,1,19,s,1,1,0,2,0,0,0,2,1,s
1211,0,s,2,1,0,d,0,12,0,5,s,s,0,15,0,19,0,1,19,s,1,1,11,2,0,0,0,2,1,s
I538,0,s,2,1,0,0,1,12,0,5,s,s,0,15,0,19,0,1,19,s,1,1,0,2,0,0,0,2,1,s
1237,0,s,2,1,0,0,1,12,d,d,s,s,0,d,2,d,d,1,d,s,1,d,0,d,0,0,0,2,1,s
1236,d,s,2,1,0,0,1,12,0,5,s,s,0,15,0,d,0,d,19,s,1,1,0,2,0,0,0,2,1,s
I541,0,s,2,1,0,0,0,12,0,5,s,s,0,15,0,19,0,1,19,s,1,1,2,2,0,0,1,2,1,s
1175,0,s,d,1,d,d,0,12,0,5,s,s,0,15,d,19,0,d,d,s,1,d,2,2,0,0,1,2,d,s
1174,d,s,2,d,0,0,0,12,d,5,s,s,0,15,0,19,d,1,d,s,1,1,2,2,8,2,1,2,1,s
I542,0,s,0,0,0,0,0,12,0,0,s,s,0,15,0,0,0,1,0,s,1,1,0,0,0,0,0,2,1,s
I543,0,s,5,0,0,0,0,12,0,0,s,s,0,15,0,0,0,1,0,s,1,1,0,0,0,0,0,2,1,s
I544,0,s,5,0,0,0,0,12,0,0,s,s,0,15,0,0,0,1,0,s,1,1,5,0,0,0,0,s,1,s
I545,0,s,5,1,0,0,0,12,0,0,s,s,0,15,0,0,0,1,0,s,1,1,5,0,0,0,0,s,1,s
1183,d,s,5,1,0,31,0,12,d,0,s,s,s,15,2,25,0,1,0,s,d,s,5,0,0,d,4,s,1,s
I547,0,s,5,1,0,0,0,12,0,3,s,s,0,15,0,0,0,1,0,s,1,1,5,0,0,0,0,s,1,s
1083,0,s,5,1,0,d,0,12,11,d,s,s,0,15,0,0,0,1,0,s,1,1,5,0,0,0,0,s,1,s
1082,0,s,5,1,0,d,0,12,0,3,s,s,0,d,0,0,d,1,0,s,1,1,d,0,d,0,d,s,1,s
I548,0,s,5,1,1,0,0,12,0,0,s,s,0,15,0,0,0,1,0,s,1,1,5,0,0,0,0,s,1,s
2047,0,s,5,1,1,0,0,12,d,0,s,s,0,15,0,0,0,1,0,s,1,1,5,0,0,0,6,s,1,s
1126,0,s,d,d,1,0,0,12,d,d,s,s,0,15,0,0,0,1,0,s,d,1,5,0,0,0,0,s,1,s
I552,0,s,5,0,0,0,0,12,0,0,s,s,0,15,0,0,0,1,0,s,1,1,8,0,0,0,0,2,1,s
1202,0,s,5,d,0,0,s,12,0,0,s,s,0,15,0,d,0,1,0,s,1,1,8,0,10,0,s,2,1,s
I556,0,s,5,0,0,0,0,12,0,0,s,s,3,15,0,0,0,1,0,s,1,1,8,0,0,0,0,2,1,s
I557,0,s,5,0,0,0,0,12,0,0,s,s,3,15,0,0,0,1,0,s,1,1,8,0,0,0,0,2,1,s
1267,d,s,5,0,0,0,0,12,0,0,s,s,3,15,0,0,0,1,0,s,1,1,8,d,0,0,0,2,1,s
1266,0,s,5,0,0,0,0,12,0,d,s,s,d,15,0,0,0,1,0,s,1,d,8,0,0,0,0,2,d,s
I558,0,s,5,0,0,0,0,12,0,0,s,s,3,15,s,0,0,1,0,s,1,1,8,0,0,0,0,2,1,s
I559,0,s,5,0,0,0,0,12,s,0,s,s,3,15,s,0,0,1,0,s,1,1,8,0,0,0,0,2,1,s
2017,0,s,5,0,0,0,0,12,s,0,s,s,3,15,s,0,0,1,0,s,1,1,8,0,0,0,d,2,1,s
2016,0,s,5,0,0,0,0,12,s,0,s,s,3,15,s,0,0,d,0,s,1,1,8,0,0,0,0,d,d,s
2038,0,s,d,0,0,0,0,12,d,0,s,s,d,15,s,0,d,1,0,s,1,1,8,0,d,0,0,2,1,s
I561,0,s,5,0,0,0,6,12,0,0,s,s,0,15,0,25,0,1,0,s,1,1,0,0,0,0,0,2,1,s
I562,0,s,5,0,0,0,6,12,0,0,s,s,0,15,0,25,0,1,0,s,1,1,0,0,0,0,0,2,1,s
1169,0,s,5,s,1,d,6,12,20,0,s,s,3,15,0,s,0,1,d,s,1,1,9,2,0,0,4,2,d,s
I566,0,s,5,3,1,13,6,12,0,0,s,s,3,15,0,25,s,1,0,s,1,1,0,0,0,0,0,2,1,s
1401,2,s,5,d,1,13,6,12,0,0,s,s,3,15,0,25,s,1,0,s,d,d,0,0,0,0,0,d,1,s
1516,0,s,s,3,d,13,d,12,0,5,s,s,3,15,0,25,s,1,0,s,d,1,0,0,0,2,6,2,1,s
I569,0,s,5,0,0,0,6,12,0,0,s,s,0,15,0,25,0,1,22,s,1,1,0,0,0,2,0,2,1,s
I570,0,s,5,0,0,0,6,12,0,0,s,s,0,15,0,25,0,1,22,s,1,1,0,0,0,2,0,2,1,s
1294,2,s,5,0,0,0,d,12,0,0,s,s,0,15,0,25,0,1,22,s,1,s,10,0,0,2,0,2,1,s
1352,0,s,5,0,0,0,6,12,d,0,s,s,0,15,0,25,4,1,22,s,1,d,0,0,8,2,25,2,1,s
I573,0,s,5,0,0,0,6,12,0,0,s,s,0,15,0,25,0,1,22,s,1,1,0,0,0,2,22,2,1,s
1550,0,s,d,0,d,0,6,12,0,0,s,s,4,s,d,25,3,1,22,s,1,1,0,0,1,2,22,2,1,s
1196,0,s,5,0,1,0,6,12,0,0,s,s,3,15,0,25,0,1,22,s,1,1,11,0,0,2,22,2,1,s
I576,0,s,0,0,0,0,0,12,0,0,s,s,0,0,0,0,0,1,0,s,1,1,8,0,5,0,0,0,1,s
I577,0,s,0,0,0,0,3,12,0,0,s,s,0,0,0,0,1,1,0,s,1,1,8,s,5,0,0,0,1,s
I578,0,s,4,0,0,0,3,12,0,0,s,s,0,0,0,0,1,1,0,s,1,1,8,s,5,0,0,0,1,s
I579,0,s,4,0,0,0,3,12,0,0,s,s,0,0,0,18,1,1,0,s,1,1,8,s,s,0,0,0,1,s
1670,0,s,4,d,1,16,3,12,0,0,s,s,d,5,2,18,d,d,0,s,1,1,8,s,s,0,0,2,1,s
1749,2,s,4,d,1,0,3,12,0,s,s,s,0,0,2,d,1,1,d,s,1,1,8,s,s,2,0,0,1,s
I586,0,s,4,1,0,0,3,12,0,0,s,s,0,0,0,0,1,1,0,s,1,1,8,s,5,6,0,0,1,s
I587,0,s,4,1,1,0,3,12,0,0,s,s,0,0,0,0,1,1,0,s,1,1,8,s,5,6,0,0,1,s
1269,1,s,4,1,1,31,3,d,0,d,s,s,7,0,0,0,1,1,0,s,1,1,8,s,5,6,0,0,1,s
I589,0,s,4,1,1,0,3,12,0,0,s,s,0,0,0,0,1,1,8,s,1,1,8,s,5,6,0,0,1,s
1177,0,s,4,1,1,6,3,d,d,0,s,s,0,0,0,0,1,1,8,s,d,1,8,s,d,6,0,0,1,s
1176,d,s,4,1,1,0,3,12,0,0,s,s,0,0,1,0,1,1,8,s,1,1,d,s,5,6,0,0,1,s
I591,0,s,s,1,1,25,3,12,0,0,s,s,0,0,0,0,1,1,0,s,s,s,8,s,5,6,10,0,1,s
1911,d,s,s,1,1,25,3,d,0,0,s,s,0,0,2,0,d,d,0,s,s,s,8,s,5,d,10,0,d,s
1910,d,s,s,1,1,25,3,12,0,0,s,s,0,0,0,0,1,1,d,s,s,s,d,s,d,6,10,0,1,s
I593,0,s,0,0,0,0,3,12,0,0,s,s,0,0,0,0,1,1,0,s,1,1,8,s,5,0,22,0,1,s
I594,2,s,0,0,1,0,3,12,0,0,s,s,0,0,0,0,1,1,3,s,1,1,8,s,5,0,22,0,1,s
I595,2,s,5,0,1,5,3,12,0,0,s,s,0,0,0,0,1,1,3,s,1,1,8,s,5,0,22,0,1,s
I596,2,s,5,0,1,5,3,12,20,0,s,s,0,0,0,0,1,1,3,s,1,1,8,s,5,0,22,0,1,s
1199,2,s,5,d,1,5,3,12,d,0,s,s,0,0,0,0,1,d,3,s,1,1,8,s,5,0,d,0,1,s
1198,2,s,5,0,1,5,3,12,20,0,s,s,0,0,0,0,1,1,3,s,1,1,8,s,5,0,22,0,1,s
I599,2,s,5,0,1,5,3,12,8,5,s,s,3,0,0,0,1,1,3,s,1,1,8,s,5,0,22,0,1,s
2003,2,s,5,0,1,5,3,12,d,5,s,s,3,0,0,0,1,1,d,s,1,1,d,s,5,0,22,0,1,s
2002,2,s,5,0,1,5,3,d,8,5,s,s,3,0,0,d,d,1,d,s,d,1,8,s,5,0,22,0,1,s
I600,2,s,0,0,1,0,3,12,0,5,s,s,0,0,0,0,1,1,3,s,s,1,8,s,5,0,22,0,1,s
1216,2,s,4,1,1,0,3,d,0,5,s,s,0,d,d,0,d,d,d,s,s,1,8,s,5,0,22,s,d,s
1326,d,s,0,0,1,0,3,12,d,5,s,s,0,0,2,d,1,1,3,s,s,1,d,s,d,0,22,0,d,s
I603,0,s,0,0,1,0,3,12,0,0,s,s,0,0,0,0,1,1,0,s,1,1,8,s,5,0,22,0,1,s
I604,0,s,0,0,1,0,3,12,0,0,s,s,0,0,0,0,1,1,0,s,1,1,8,s,5,0,22,0,1,s
I605,0,s,0,0,1,0,3,12,0,0,s,s,0,0,0,0,1,1,0,s,1,1,8,s,5,s,22,0,1,s
1419,0,s,0,0,1,0,3,12,0,0,s,s,0,5,0,0,1,1,0,s,1,1,8,s,d,s,22,0,1,s
1418,d,s,0,0,1,0,3,12,0,d,s,s,0,0,0,27,1,1,0,s,1,1,8,s,d,s,d,0,1,s
1087,0,s,0,0,1,0,3,12,8,5,s,s,d,0,2,0,1,d,d,s,1,d,8,s,5,0,22,0,1,s
1179,0,s,0,1,1,0,3,12,0,d,s,s,3,0,0,0,1,1,d,s,1,1,8,s,5,d,22,0,1,s
I610,0,s,4,0,0,0,0,12,0,0,s,s,0,0,0,0,0,1,0,s,1,1,8,0,5,2,0,2,1,s
I611,0,s,4,0,0,0,0,12,14,0,s,s,0,0,0,0,0,1,0,s,1,1,8,0,5,2,0,2,1,s
I612,0,s,4,0,0,0,0,12,14,0,s,s,3,0,0,0,0,1,0,s,1,1,8,0,5,s,0,2,1,s
1643,2,s,4,0,0,0,0,12,14,d,s,s,3,0,d,0,0,1,d,s,1,1,8,0,5,s,0,2,1,s
I616,0,s,4,0,0,0,0,12,14,0,s,s,3,0,0,0,0,1,0,s,1,1,8,0,5,s,0,2,1,s
1452,0,s,4,0,1,8,0,12,14,d,s,s,s,0,0,0,0,1,29,s,1,1,d,d,5,s,0,2,1,s
1533,0,s,4,0,0,0,0,12,14,0,s,s,3,0,0,0,0,s,d,s,d,1,8,5,5,s,25,2,1,s
I619,0,s,4,0,0,0,0,12,14,0,s,s,3,0,0,0,0,1,0,s,1,1,8,0,5,2,0,2,1,s
I620,0,s,4,0,0,0,0,12,14,0,s,s,3,0,0,0,0,1,0,s,1,1,8,0,5,2,0,2,1,s
1461,d,s,d,1,d,d,0,12,14,0,s,s,d,0,0,0,0,1,0,s,1,d,8,0,5,2,4,2,1,s
I622,0,s,4,0,0,0,0,12,14,0,s,s,3,0,s,0,0,1,0,s,1,1,8,0,5,2,0,2,1,s
1201,d,s,4,d,d,0,d,12,14,5,s,s,3,0,s,0,0,1,0,s,1,1,8,d,5,2,0,2,1,s
1200,0,s,4,d,d,0,0,12,14,0,s,s,3,0,s,0,0,1,d,s,1,1,8,0,5,2,0,2,1,s
I623,0,s,4,0,0,0,17,12,14,0,s,s,3,5,0,0,0,1,0,s,1,1,8,0,5,2,0,2,1,s
1324,0,s,4,d,0,0,17,12,14,0,s,s,3,s,0,0,d,1,0,s,1,s,8,0,5,2,d,2,d,s
1399,d,s,4,3,0,0,d,d,14,0,s,s,3,5,d,0,0,1,0,s,1,d,8,0,d,d,d,2,1,s
I626,0,s,4,0,1,0,0,12,0,0,s,s,0,0,0,0,1,1,0,s,1,1,8,0,5,2,s,2,1,s
I627,0,s,4,0,1,0,1,12,0,0,s,s,0,0,0,s,1,1,0,s,1,1,8,0,5,2,s,2,1,s
I628,0,s,4,0,s,s,1,12,0,0,s,s,0,0,0,s,1,1,0,s,1,1,8,0,5,s,s,2,1,s
I629,0,s,4,0,s,s,1,12,0,5,s,s,0,0,0,s,1,1,0,s,1,1,8,0,5,s,s,2,1,s
1185,d,s,d,0,s,s,1,12,0,5,s,s,d,0,0,s,1,1,0,s,1,1,d,0,5,s,s,2,s,s
1184,d,s,4,0,s,s,1,12,0,5,s,s,0,0,0,s,1,1,0,s,1,1,8,d,5,s,s,d,1,s
1316,2,s,4,d,s,s,1,d,0,0,s,s,3,0,0,s,d,1,0,s,1,1,8,0,5,s,s,2,1,s
I633,0,s,4,1,1,0,1,12,0,0,s,s,3,0,2,s,1,1,0,s,1,1,8,0,s,2,s,2,1,s
1413,0,s,4,1,1,0,1,12,d,0,s,s,3,0,2,s,1,1,d,s,1,d,8,0,s,2,s,2,1,s
1412,0,s,d,1,1,0,1,12,0,5,s,s,3,0,d,s,1,1,0,s,1,1,s,0,s,d,s,2,1,s
I635,0,s,4,0,1,0,0,s,0,0,s,s,0,0,0,8,1,1,0,s,1,1,8,7,5,2,s,2,1,s
1335,d,s,4,0,1,31,d,s,0,d,s,s,0,0,0,8,1,d,0,s,d,1,8,7,5,s,s,2,1,s
1485,0,s,4,0,1,0,0,s,0,0,s,s,d,0,2,8,1,1,1,s,d,1,8,7,5,d,s,d,1,s
I641,0,s,0,0,s,s,0,12,0,0,s,s,3,0,0,7,0,1,5,s,1,0,0,0,0,0,0,0,0,s
I642,0,s,0,0,s,s,0,12,0,0,s,s,3,0,0,7,0,1,5,s,1,0,0,0,3,4,0,0,0,s
I643,2,s,0,3,s,s,0,12,0,0,s,s,3,0,0,7,0,1,5,s,1,0,0,1,3,4,0,0,0,s
I644,2,s,0,3,s,s,17,12,0,0,s,s,3,0,0,7,0,1,5,s,1,0,0,1,3,4,0,2,0,s
I645,2,s,0,3,s,s,17,12,0,0,s,s,3,0,0,7,0,1,5,s,1,0,0,1,3,4,0,2,0,s
1883,2,s,0,d,s,s,17,12,11,0,s,s,3,d,2,7,1,d,5,s,1,2,s,1,3,4,0,d,0,s
I649,2,s,0,3,s,s,17,12,12,0,s,s,3,6,0,7,0,s,5,s,1,0,0,1,3,4,0,2,0,s
1818,2,s,0,3,s,s,d,12,12,0,s,s,3,6,2,7,0,s,d,s,1,0,0,1,3,4,0,2,0,s
1559,2,s,0,3,s,s,17,12,12,0,s,s,3,6,0,7,0,s,5,s,1,0,9,1,3,4,d,2,d,s
I653,s,s,0,3,s,s,17,12,0,s,s,s,3,0,0,7,0,1,5,s,1,0,s,1,3,4,0,2,0,s
1288,s,s,0,3,s,s,d,12,d,s,s,s,d,0,0,7,0,1,s,s,1,1,s,1,3,4,d,2,0,s
1519,s,s,0,3,s,s,d,12,0,s,s,s,3,s,0,d,4,1,d,s,d,0,s,1,d,4,0,2,0,s
I659,2,s,s,3,s,s,0,12,0,0,s,s,3,0,0,7,0,1,5,s,1,0,0,1,3,4,0,0,0,s
I660,2,s,s,3,s,s,0,12,0,0,s,s,3,0,0,7,0,1,5,s,1,0,0,1,3,4,0,0,0,s
I661,2,s,s,3,s,s,0,12,0,0,s,s,3,0,0,7,0,1,5,s,1,0,0,1,3,4,0,0,0,s
I662,2,s,s,3,s,s,0,12,0,0,s,s,3,0,0,7,0,1,5,s,1,0,0,1,3,4,4,0,0,s
1229,2,s,s,3,s,s,0,12,d,0,s,s,s,0,0,7,0,1,5,s,1,0,0,1,3,d,4,0,1,s
1228,2,s,s,3,s,s,0,12,0,0,s,s,3,0,0,7,0,1,5,s,1,0,0,1,3,4,4,0,0,s
1220,2,s,s,3,s,s,0,12,0,5,s,s,3,0,0,7,0,d,5,s,1,1,d,1,3,4,6,0,0,s
I666,2,s,s,3,s,s,1,12,0,0,s,s,3,0,0,7,0,1,5,s,1,0,0,1,3,4,0,0,0,s
1403,d,s,s,3,s,s,1,12,0,1,s,s,3,0,d,7,0,1,5,s,1,d,0,1,d,4,0,0,0,s
1402,2,s,s,3,s,s,1,12,0,0,s,s,3,0,0,7,0,1,5,s,1,d,d,d,3,4,0,d,d,s
I667,2,s,s,s,s,s,39,12,0,0,s,s,3,0,0,7,0,1,5,s,1,1,9,1,3,4,0,0,0,s
I670,2,s,s,s,s,s,39,12,0,0,s,s,3,0,0,7,0,1,5,s,1,1,9,1,3,4,0,s,1,s
1621,2,s,s,s,s,s,d,12,0,0,s,s,3,0,d,7,0,d,5,s,1,1,9,1,3,4,0,s,1,s
1620,2,s,s,s,s,s,39,12,0,d,s,s,3,d,0,7,d,d,5,s,1,1,9,1,3,4,0,s,1,s
I671,2,s,s,s,s,s,s,12,0,0,s,s,3,0,0,7,0,1,s,s,1,1,9,1,3,4,0,0,0,s
1630,2,s,s,s,s,s,s,d,0,0,s,s,3,5,0,7,0,s,s,s,1,1,d,1,3,4,0,d,0,s
1778,2,s,s,s,s,s,s,12,14,0,s,s,3,0,2,7,d,1,s,s,1,d,9,1,d,4,0,0,1,s
I674,0,s,0,0,s,s,0,12,0,0,s,s,3,0,0,7,0,1,5,s,1,0,11,0,3,4,0,0,0,s
I675,2,s,0,0,s,s,0,12,0,0,s,s,3,0,0,7,0,1,5,s,1,0,11,0,3,4,0,0,0,s
I676,2,s,4,0,s,s,0,12,0,0,s,s,3,0,0,7,0,1,5,s,1,0,11,1,3,4,0,2,0,s
I677,2,s,4,0,s,s,5,12,0,0,s,s,3,0,0,7,0,1,5,s,1,0,11,1,3,4,0,2,0,s
1540,2,s,d,0,s,s,5,12,0,0,s,s,3,d,0,d,1,1,5,s,1,0,d,1,3,4,0,2,0,s
1464,2,s,4,0,s,s,d,d,0,d,s,s,3,0,2,7,0,1,5,s,1,0,11,1,3,4,0,2,d,s
I680,2,s,4,0,s,s,0,12,0,0,s,s,3,0,0,7,0,1,5,s,1,0,11,1,3,4,27,2,0,s
I681,2,s,4,0,s,s,0,12,0,0,s,s,3,0,0,7,0,1,5,s,1,0,11,1,3,4,27,2,0,s
1297,2,s,4,0,s,s,0,12,0,0,s,s,s,0,0,7,1,1,5,s,1,0,s,s,3,4,27,2,0,s
1296,2,s,4,0,s,s,0,12,0,0,s,s,3,32,0,7,0,1,5,s,1,0,d,1,3,4,27,2,0,s
1134,2,s,4,d,s,s,0,12,0,d,s,s,3,0,0,7,0,1,5,s,d,d,d,1,3,4,27,2,d,s
I683,2,s,0,0,s,s,0,12,0,0,s,s,3,0,0,7,0,1,5,s,s,0,11,0,3,4,0,0,0,s
I686,2,s,0,0,s,s,0,12,0,0,s,s,3,10,0,7,0,1,5,s,s,0,s,0,3,4,0,0,5,s
1795,2,s,0,0,s,s,0,12,d,d,s,s,3,10,0,7,0,1,5,s,s,d,s,d,3,4,0,d,d,s
1794,2,s,0,1,s,s,0,12,0,d,s,s,3,10,0,7,0,1,5,s,s,0,s,d,3,4,0,0,5,s
I687,2,s,0,0,s,s,0,12,0,0,s,s,3,0,0,7,0,1,5,s,s,0,11,0,3,4,0,0,0,s
1530,2,s,0,0,s,s,0,12,0,0,s,s,3,0,0,d,d,1,5,s,s,0,d,2,d,4,15,s,0,s
1526,2,s,0,0,s,s,0,12,d,0,s,s,3,0,0,d,0,d,5,s,s,0,11,0,3,4,0,0,d,s
I690,0,s,0,1,s,s,0,12,0,0,s,s,3,0,0,7,0,1,5,s,1,0,11,0,3,4,0,5,0,s
I691,0,s,0,1,s,s,17,12,0,5,s,s,3,0,0,7,0,1,5,s,1,0,11,0,3,4,0,5,0,s
I692,0,s,0,1,s,s,17,12,0,5,s,s,3,0,0,7,0,1,5,s,1,0,11,0,3,4,0,5,0,s
1149,2,s,0,1,s,s,d,d,0,d,s,s,3,0,0,7,0,1,5,s,1,0,11,0,3,4,d,5,0,s
1189,0,s,0,1,s,s,17,12,d,5,s,s,3,1,2,7,1,1,5,s,1,0,11,0,3,4,10,5,d,s
I695,2,s,0,1,s,s,17,12,8,5,s,s,3,0,0,s,0,1,5,s,1,0,11,0,3,4,19,5,1,s
I696,2,s,0,1,s,s,17,12,8,5,s,s,3,0,0,s,0,1,5,s,1,0,11,0,3,4,19,5,1,s
1463,2,s,0,d,s,s,17,12,8,5,s,s,3,0,0,s,0,1,d,s,1,0,11,0,3,4,19,5,1,s
1462,2,s,0,1,s,s,17,12,8,5,s,s,3,0,2,s,0,1,5,s,1,0,11,0,d,4,19,5,d,s
1511,2,s,0,d,s,s,17,12,8,5,s,s,d,0,2,s,0,1,5,s,1,0,d,0,3,4,d,5,1,s
I698,0,s,0,1,s,s,0,12,0,0,s,s,3,10,0,7,0,1,5,s,1,1,11,0,3,4,0,5,0,s
I700,0,s,0,1,s,s,0,12,0,0,s,s,3,10,0,7,0,1,5,s,1,1,11,0,3,4,0,5,0,s
1357,d,s,0,1,s,s,0,12,0,0,s,s,3,10,0,d,1,1,5,s,1,1,d,0,3,4,0,d,0,s
1356,d,s,0,1,s,s,0,12,10,0,s,s,3,10,0,7,0,1,5,s,d,1,d,0,3,4,6,5,0,s
I703,0,s,0,1,s,s,0,12,0,0,s,s,3,10,0,7,0,1,5,s,1,1,11,0,3,4,0,5,0,s
1307,0,s,0,1,s,s,d,12,d,0,s,s,3,10,d,7,1,1,5,s,1,1,11,d,3,4,0,5,0,s
1306,0,s,0,1,s,s,0,12,0,d,s,s,3,10,0,7,0,1,5,s,1,1,11,0,3,d,0,5,0,s
I705,0,s,0,0,s,s,0,12,0,0,s,s,3,0,0,7,0,1,5,s,1,0,0,0,0,2,0,0,0,s
I706,0,s,0,0,s,s,0,12,0,0,s,s,3,0,0,7,0,1,5,s,1,0,0,0,0,2,0,0,0,s
I707,0,s,0,0,s,s,0,12,0,0,s,s,3,0,0,7,0,1,5,s,1,0,0,0,0,2,27,0,0,s
I708,0,s,0,0,s,s,0,12,0,0,s,s,3,0,0,7,0,1,5,s,1,0,0,0,0,2,27,0,1,s
I709,0,s,0,0,s,s,0,12,0,5,s,s,3,0,0,7,0,1,5,s,1,0,0,2,0,2,27,0,1,s
1232,0,s,0,0,s,s,0,12,0,5,s,s,3,0,2,d,0,d,5,s,1,1,d,2,0,d,27,0,1,s
I711,0,s,0,0,s,s,0,12,0,5,s,s,3,0,0,7,0,1,5,s,1,0,0,2,0,2,27,0,1,s
1555,0,s,0,0,s,s,0,12,0,5,s,s,3,0,0,7,0,1,d,s,1,0,0,2,0,2,27,0,1,s
1554,0,s,d,0,s,s,0,12,0,d,s,s,3,0,d,7,0,1,5,s,1,0,0,2,d,2,d,2,1,s
1387,0,s,0,s,s,s,0,d,0,0,s,s,3,0,0,7,4,d,5,s,1,d,d,0,0,d,27,0,1,s
I719,2,s,0,0,s,s,3,12,0,0,s,s,3,0,0,7,0,1,5,s,1,0,s,0,0,2,27,0,0,s
1857,2,s,0,0,s,s,3,12,24,0,s,s,d,0,0,d,s,1,5,s,1,1,s,d,d,2,27,0,0,s
1831,2,s,0,0,s,s,3,12,8,0,s,s,3,0,d,7,1,1,d,s,1,d,s,0,d,2,d,0,0,s
I722,0,s,0,0,s,s,0,12,0,0,s,s,3,0,0,7,0,1,5,s,1,0,1,0,0,2,0,0,1,s
I723,0,s,0,0,s,s,0,12,0,0,s,s,3,0,0,7,0,1,5,s,1,0,1,0,0,2,0,0,1,s
I724,0,s,0,0,s,s,0,12,0,0,s,s,3,0,0,7,0,1,5,s,1,0,1,0,0,2,0,0,1,s
I725,0,s,0,0,s,s,0,12,0,0,s,s,3,0,0,7,0,1,5,s,1,0,1,0,0,2,0,0,1,s
1577,0,s,0,0,s,s,0,12,0,0,s,s,3,0,0,d,0,1,5,s,d,0,1,s,d,2,0,0,1,s
1576,d,s,d,1,s,s,0,d,d,0,s,s,3,0,d,7,0,1,d,s,1,0,1,0,0,2,0,0,1,s
1646,2,s,0,0,s,s,0,12,0,5,s,s,d,d,d,7,0,1,s,s,d,0,1,d,d,2,0,0,1,s
2034,0,s,0,3,s,s,0,d,0,d,s,s,3,0,0,7,0,1,d,s,1,0,1,0,1,2,0,0,d,s
I730,0,s,0,0,s,s,0,12,0,0,s,s,3,0,0,7,0,1,5,s,1,0,1,0,0,2,0,2,1,s
I731,0,s,0,0,s,s,0,12,0,0,s,s,3,0,0,7,0,1,5,s,1,0,1,0,0,2,0,2,1,s
1873,0,s,0,0,s,s,0,12,0,0,s,s,3,5,d,d,d,1,d,s,1,0,d,0,0,2,0,2,1,s
I733,0,s,0,0,s,s,5,12,0,0,s,s,3,0,0,7,0,1,5,s,1,0,1,0,0,2,0,2,1,s
2023,0,s,0,0,s,s,5,12,0,0,s,s,3,0,0,d,0,1,5,s,1,0,1,0,0,2,0,2,1,s
2022,0,s,0,0,s,s,5,d,0,0,s,s,3,0,0,d,0,d,5,s,1,0,1,0,d,2,0,2,1,s
I734,0,s,0,0,s,s,0,12,0,0,s,s,3,29,0,7,0,1,5,s,1,0,1,2,0,2,1,2,1,s
1988,0,s,0,0,s,s,1,12,0,0,s,s,3,29,d,7,0,d,5,s,1,0,1,d,0,2,1,2,1,s
I736,0,s,0,0,s,s,0,12,0,0,s,s,3,29,0,s,0,1,5,s,1,0,1,2,0,2,1,2,1,s
2019,0,s,d,0,s,s,0,12,d,0,s,s,3,29,0,s,0,1,5,s,d,0,1,2,0,2,1,2,1,s
2018,0,s,d,0,s,s,0,12,0,0,s,s,3,d,0,s,0,1,5,s,1,0,1,2,0,2,1,2,1,s
I737,0,s,0,0,s,s,0,12,0,0,s,s,3,0,0,7,0,1,5,s,1,0,0,0,0,2,15,0,0,s
I738,0,s,s,0,s,s,0,12,0,0,s,s,3,0,0,7,0,1,5,s,1,0,0,0,0,2,15,0,0,s
I739,0,s,s,0,s,s,0,12,0,0,s,s,3,0,0,7,0,1,5,s,1,0,0,0,0,2,15,2,0,s
I740,0,s,s,3,s,s,37,12,0,0,s,s,3,0,0,7,0,1,5,s,1,0,0,0,0,2,15,2,0,s
I741,0,s,s,3,s,s,37,12,0,0,s,s,3,0,0,7,0,1,5,s,1,0,0,0,0,2,15,2,1,s
1261,0,s,s,3,s,s,d,d,0,0,s,s,3,0,0,7,0,d,5,s,1,0,d,0,0,2,15,d,1,s
1260,s,s,s,d,s,s,37,12,0,0,s,s,3,0,0,7,0,1,5,s,1,0,0,0,d,2,15,2,1,s
I742,s,s,s,3,s,s,37,12,0,0,s,s,3,0,2,7,0,1,5,s,1,0,0,0,0,2,15,2,0,s
1437,s,s,s,3,s,s,37,12,0,0,s,s,d,0,2,7,0,d,d,s,1,0,0,d,d,2,15,2,1,s
1436,s,s,s,d,s,s,37,12,0,0,s,s,3,0,2,7,d,1,5,s,1,0,0,0,0,d,15,d,d,s
1367,0,s,s,0,s,s,1,12,0,5,s,s,d,0,2,7,d,d,d,s,d,0,d,0,0,2,15,s,1,s
I746,0,s,s,0,s,s,0,12,0,0,s,s,3,5,0,7,0,1,5,s,1,0,0,0,0,2,15,0,0,s
I747,0,s,s,0,s,s,5,12,0,0,s,s,3,5,0,7,0,1,5,s,1,0,0,0,0,2,15,0,0,s
I748,0,s,s,0,s,s,5,12,0,0,s,s,3,5,0,7,0,1,5,s,1,0,0,0,0,2,15,0,0,s
1497,0,s,s,0,s,s,5,d,0,0,s,s,d,5,0,7,0,1,5,s,1,0,0,0,0,2,15,d,0,s
1496,0,s,s,0,s,s,5,d,0,d,s,s,3,5,0,7,0,1,d,s,1,0,0,0,0,2,15,0,0,s
1320,d,s,s,0,s,s,s,12,0,0,s,s,3,5,0,7,0,1,5,s,d,1,0,0,0,2,d,0,0,s
1104,0,s,s,s,s,s,0,12,d,0,s,s,3,5,d,7,0,1,d,s,1,0,0,d,d,2,15,d,d,s
I753,0,s,0,0,s,s,0,12,0,0,s,s,3,24,0,7,0,s,5,s,1,1,0,0,0,2,15,0,0,s
I758,0,s,0,0,s,s,0,12,0,5,s,s,3,24,0,7,1,s,5,s,1,1,1,0,8,2,15,0,1,s
1205,d,s,0,3,s,s,0,12,0,5,s,s,3,24,0,d,1,s,5,s,1,d,1,0,8,2,15,0,d,s
1235,d,s,0,3,s,s,0,d,0,5,s,s,3,d,d,7,1,s,5,s,1,1,1,0,8,2,d,0,s,s
1138,0,s,0,0,s,s,0,12,d,5,s,s,d,s,0,7,0,s,5,s,1,1,6,1,0,2,15,0,0,s
I768,0,0,0,0,0,0,0,12,0,0,s,3,0,0,0,0,0,0,0,0,0,0,0,0,0,0,0,0,0,0
I769,0,0,0,0,0,0,0,12,0,0,s,3,0,0,0,0,0,0,0,0,0,0,0,0,0,0,0,0,1,0
I770,s,0,0,0,0,1,0,12,0,0,s,3,3,0,0,8,0,0,0,s,0,0,0,s,0,0,0,0,1,0
I771,s,2,0,0,0,1,0,12,0,0,s,3,3,0,0,8,0,0,0,s,0,0,0,s,0,2,0,0,1,0
I772,s,2,5,0,0,1,0,12,0,0,s,3,3,0,0,8,s,0,0,s,0,0,11,s,0,2,22,0,1,0
I773,s,2,5,0,0,1,0,12,0,0,s,3,3,0,0,8,s,0,0,s,0,0,11,s,0,2,22,0,1,0
1955,s,2,5,0,0,1,0,12,0,0,s,3,3,10,2,8,s,0,0,s,0,0,11,s,0,2,22,0,1,0
1641,s,2,5,d,0,d,0,12,0,0,s,3,3,0,s,8,s,2,0,s,d,1,11,s,11,s,22,d,1,d
I780,s,2,5,0,0,1,3,12,0,0,s,3,3,0,0,8,s,0,0,s,0,1,11,s,0,2,22,0,1,0
I781,s,2,5,0,0,1,3,12,0,0,s,3,3,0,0,8,s,2,0,s,0,1,11,s,0,2,22,3,1,0
I782,s,2,5,0,0,1,3,12,0,5,s,3,3,0,2,8,s,2,0,s,0,1,11,s,0,2,22,3,1,20
1431,s,d,5,d,d,1,3,12,d,5,s,3,3,0,2,8,s,2,0,s,0,1,11,s,0,d,22,3,1,20
1430,s,2,5,0,d,d,3,12,0,5,s,d,3,0,2,8,s,2,0,s,0,1,11,s,0,2,22,3,1,s
I783,s,2,5,0,0,1,3,12,0,0,s,3,3,0,0,8,s,2,0,s,0,1,11,s,0,2,22,3,1,0
1361,s,2,d,0,0,1,3,12,0,0,s,3,d,0,0,8,s,2,0,s,0,d,11,s,0,2,22,3,d,0
1360,s,s,5,0,0,1,3,12,d,0,s,3,3,0,0,8,s,2,0,s,0,1,11,s,0,2,d,3,1,0
1697,s,s,5,2,0,1,3,12,0,0,s,3,3,0,0,8,s,0,0,s,0,1,d,s,d,2,22,d,1,0
I787,s,2,0,0,0,1,0,12,0,0,s,3,3,0,0,8,0,0,0,s,0,0,0,s,0,2,0,0,1,0
I788,s,2,0,0,0,1,0,12,0,0,s,3,s,0,0,8,0,0,0,s,0,0,0,s,0,2,0,0,1,0
I789,s,2,0,1,0,1,5,12,0,5,s,3,s,0,0,8,3,0,0,s,0,0,0,s,1,2,0,0,1,0
1999,s,d,0,d,0,1,5,12,0,5,s,3,s,0,0,8,d,2,0,s,0,2,0,s,1,2,0,0,1,0
998,s,2,5,1,0,1,5,12,0,5,s,3,s,0,2,8,3,0,0,s,d,0,8,s,1,2,d,2,d,0
I792,s,2,0,0,0,1,0,12,0,0,s,3,s,0,0,8,0,0,0,s,0,0,0,s,1,2,0,0,1,0
1721,s,d,0,0,0,1,0,12,0,0,s,3,s,0,0,8,0,0,0,s,0,0,0,s,1,2,0,0,1,0
1720,s,2,0,0,0,d,d,12,0,0,s,3,s,0,d,8,0,0,0,s,0,0,0,s,1,2,0,0,1,0
I794,s,2,0,0,s,1,0,12,0,0,s,3,3,0,0,8,0,0,0,s,0,0,0,s,0,2,0,0,1,0
1020,s,d,0,d,s,1,0,12,0,1,s,3,3,36,0,8,3,0,0,s,1,2,0,s,0,2,0,0,1,0
I796,s,2,0,0,s,1,0,12,0,0,s,3,3,0,0,8,0,0,0,s,0,0,0,s,0,2,0,0,1,0
I797,s,2,0,0,s,1,0,12,0,0,s,3,3,0,0,8,0,0,0,s,0,0,8,s,0,2,0,0,1,0
1837,s,2,0,0,s,1,0,12,0,0,s,3,3,0,0,8,0,0,0,s,3,0,8,s,0,2,0,0,1,4
1836,s,2,0,0,s,1,0,12,0,0,s,3,3,0,0,8,0,0,0,s,0,0,8,s,0,2,0,0,1,0
I798,s,2,0,0,s,1,0,12,14,0,s,3,3,0,0,8,0,0,0,s,0,0,0,s,0,2,0,0,1,0
1939,s,2,0,d,s,1,d,12,14,0,s,3,3,d,0,d,0,0,0,s,0,0,d,s,0,2,0,0,1,0
1938,s,2,d,0,s,1,0,12,14,0,s,d,d,0,0,8,0,0,0,s,d,0,0,s,0,2,d,0,1,0
I799,s,0,0,0,0,1,15,12,0,0,s,3,3,0,s,8,0,0,0,s,0,0,0,s,0,0,0,0,1,0
I800,s,0,0,0,0,1,15,12,0,0,s,3,3,0,s,8,0,0,0,s,0,1,0,s,0,0,0,0,1,0
I801,s,0,4,0,0,1,15,12,0,0,s,3,3,0,s,8,0,2,0,s,0,1,0,s,0,0,0,0,1,0
I802,s,0,4,0,0,1,15,12,s,0,s,3,3,0,s,8,0,2,0,s,0,1,0,s,0,0,0,0,1,0
I803,s,0,4,0,0,1,15,12,s,0,s,3,3,6,s,8,0,2,28,s,0,1,0,s,5,0,0,0,1,0
1845,s,0,4,d,0,1,15,12,s,0,s,3,3,d,s,8,0,2,28,s,0,1,0,s,5,0,0,0,1,d
1844,s,0,4,3,0,d,15,d,s,0,s,3,3,6,s,8,0,2,28,s,0,1,d,s,5,0,0,0,1,0
I804,s,0,4,0,0,1,15,12,s,0,s,3,3,0,s,8,0,2,0,s,1,1,0,s,0,0,0,0,1,0
1775,s,0,4,0,d,1,15,12,s,d,s,d,d,0,s,d,d,2,0,s,d,1,0,s,0,0,0,d,d,0
1774,s,0,4,0,d,1,d,12,s,0,s,d,3,0,s,8,0,2,12,s,1,1,1,s,0,0,0,0,1,d
I805,s,0,4,0,1,1,15,12,0,0,s,3,3,0,s,8,0,2,0,s,0,1,0,s,0,0,0,0,1,0
I806,s,0,4,0,1,1,15,12,0,0,s,3,3,0,s,8,0,2,0,s,0,1,0,s,0,0,0,0,1,41
1963,s,0,d,0,1,1,15,12,0,0,s,3,3,0,s,d,d,2,0,s,0,1,0,s,0,0,0,0,1,41
1962,s,d,d,0,1,1,15,12,0,0,s,3,d,0,s,8,0,d,0,s,0,1,0,s,1,0,0,0,1,41
I807,s,0,4,0,1,s,15,12,0,0,s,3,3,0,s,8,0,2,0,s,1,1,0,s,0,0,25,0,1,0
1501,s,2,4,0,1,s,15,12,10,0,s,3,3,0,s,8,0,2,0,s,1,1,0,s,0,0,d,s,1,0
1500,s,0,4,d,d,s,15,12,0,0,s,3,3,0,s,8,1,d,0,s,1,1,0,s,0,0,25,0,1,0
I808,s,0,0,0,0,1,15,s,0,0,s,3,3,0,s,8,0,0,0,s,0,1,0,s,0,0,0,2,1,0
I809,s,0,0,0,0,1,15,s,0,0,s,3,3,0,s,8,0,0,0,s,1,1,0,s,0,0,0,2,1,0
I810,s,0,0,0,0,1,15,s,0,5,s,3,3,0,s,8,0,2,0,s,1,1,0,s,0,0,0,2,1,0
1813,s,0,d,0,0,1,15,s,0,5,s,3,3,0,s,8,0,2,0,s,1,d,d,s,0,0,0,2,1,0
1812,s,0,0,0,0,1,15,s,0,5,s,3,3,0,s,8,0,d,0,s,1,1,0,s,0,0,0,2,1,0
1822,s,0,0,0,0,1,15,s,0,0,s,3,d,0,s,8,0,0,0,s,1,1,0,s,0,0,s,2,1,d
I812,s,0,0,0,0,1,15,s,0,0,s,3,3,22,s,8,0,0,0,s,0,1,0,s,0,0,0,2,1,0
1925,s,0,0,d,0,1,15,s,20,0,s,3,3,22,s,8,0,0,1,s,0,1,0,s,0,d,d,2,1,0
1993,s,0,0,0,0,1,15,s,14,0,s,3,3,22,s,8,0,0,s,s,0,1,0,s,d,0,0,2,1,0
I815,s,2,0,0,0,1,15,12,0,0,s,3,3,0,s,8,0,0,0,s,0,0,0,s,0,0,0,0,1,0
I816,s,2,0,0,0,1,15,12,0,0,s,3,3,0,s,8,0,2,0,s,0,0,0,s,s,0,0,0,1,0
I819,s,2,0,0,0,1,15,12,0,0,s,3,3,0,s,8,0,2,0,s,0,0,0,s,s,0,0,2,1,0
2027,s,2,0,0,0,1,15,12,0,0,s,d,3,0,s,d,0,2,0,s,0,0,d,s,s,0,0,2,1,0
2026,s,d,0,0,0,1,d,12,0,0,s,3,3,0,s,8,0,2,0,s,0,0,0,s,s,0,0,2,1,0
1850,s,2,d,0,0,1,d,12,0,s,s,3,3,0,s,8,0,2,0,s,0,d,0,s,s,0,0,2,1,0
I823,s,2,0,0,0,s,15,12,0,0,s,3,3,0,s,8,0,2,0,s,0,0,0,s,0,0,0,0,1,20
1535,s,2,0,0,d,s,15,12,d,0,s,3,3,0,s,8,0,d,0,s,0,s,8,s,0,0,0,2,d,20
I827,s,2,0,1,0,s,15,12,0,0,s,3,3,0,s,8,0,2,0,s,0,0,0,s,0,0,0,0,1,20
1547,s,2,4,1,0,s,15,12,0,0,s,3,3,0,s,8,0,s,0,s,0,0,0,s,1,6,0,d,1,20
I829,s,2,0,1,0,s,15,12,0,0,s,3,3,0,s,8,0,2,0,s,0,0,0,s,0,0,0,0,1,20
1707,s,2,0,1,0,s,15,12,0,0,s,d,3,d,s,8,0,2,4,s,0,0,0,s,0,6,0,d,d,20
1706,s,2,0,d,0,s,d,12,0,0,s,3,3,0,s,8,0,d,0,s,0,0,0,s,1,0,0,0,1,20
I830,0,0,0,0,0,0,0,12,0,0,s,3,0,0,0,0,0,0,0,0,0,0,0,0,0,0,0,0,1,0
I831,0,0,0,0,0,0,0,12,0,0,s,3,4,0,0,0,0,0,0,5,0,0,1,2,0,0,0,0,1,0
I832,0,0,0,0,0,0,0,12,0,0,s,3,4,6,0,0,0,0,0,5,0,0,1,2,0,0,0,2,1,0
I837,0,0,0,1,1,0,0,12,0,0,s,3,4,6,0,5,0,2,0,5,0,0,1,2,11,0,0,2,1,0
I838,0,0,0,1,1,0,0,12,0,0,s,3,4,6,0,5,0,2,0,5,0,0,1,2,11,0,0,2,1,0
1731,0,0,0,1,1,0,0,12,0,0,s,3,4,6,0,5,d,2,0,5,0,0,1,d,11,0,0,d,1,0
1730,0,0,0,1,1,0,d,12,d,0,s,3,4,d,0,5,1,2,22,d,0,0,1,2,11,0,0,2,1,0
1679,0,0,0,1,1,0,0,12,0,0,s,3,4,6,0,5,0,2,0,5,1,0,1,2,11,0,0,2,1,0
I840,0,0,0,0,0,0,0,12,6,0,s,3,4,6,0,0,0,0,0,5,0,s,1,2,0,0,0,2,1,0
I841,0,0,0,0,0,0,0,12,6,0,s,3,4,6,2,0,0,0,0,5,0,s,1,2,0,0,0,2,1,0
I842,0,0,0,0,0,0,0,12,6,5,s,3,4,6,2,0,0,0,0,5,0,s,1,2,0,0,s,2,1,0
1677,0,0,0,0,0,0,0,12,6,5,s,3,4,d,2,d,d,0,0,5,0,s,1,2,0,0,s,2,1,0
1676,0,0,0,d,0,d,0,12,6,5,s,3,4,6,2,0,d,d,0,5,0,s,1,2,0,0,s,2,1,d
1753,d,0,0,0,0,0,0,d,6,d,s,d,4,6,2,0,0,0,0,5,1,s,1,d,0,0,0,s,d,5
I845,0,0,0,0,0,0,0,12,6,5,s,3,4,6,0,33,0,0,6,5,1,s,1,2,5,0,25,2,1,1
1615,0,0,0,0,0,0,0,d,6,d,s,3,4,6,0,d,0,0,6,5,1,s,1,2,5,d,25,2,1,d
1614,0,0,0,0,0,0,0,12,6,5,s,3,4,6,0,33,0,d,6,5,1,s,1,s,5,0,25,2,1,1
I847,0,s,0,0,0,0,0,12,0,0,s,3,4,0,0,0,0,0,0,5,0,0,1,2,s,0,0,0,1,0
I848,0,s,0,0,0,31,0,12,0,0,s,3,4,0,0,0,0,2,0,5,0,0,1,2,s,0,0,0,1,0
I849,0,s,0,0,0,31,6,12,0,0,s,3,4,0,2,s,0,2,0,5,0,0,1,2,s,0,0,0,1,0
1635,0,s,0,0,0,31,6,12,0,0,s,3,4,0,2,s,1,2,0,5,1,0,1,2,s,d,0,0,d,0
1777,0,s,5,0,0,31,6,s,0,0,s,3,4,0,2,s,0,d,d,5,0,0,1,2,s,0,0,0,d,0
I853,0,s,8,0,1,31,0,12,10,0,s,3,s,0,0,0,0,2,16,5,0,0,1,2,s,0,0,0,1,0
1345,d,s,d,0,1,31,0,d,10,0,s,3,s,0,0,d,d,2,16,5,d,d,1,2,s,d,0,0,1,0
1344,2,s,8,0,1,31,0,12,10,0,s,3,s,0,0,0,0,2,16,5,0,0,1,d,s,d,0,0,1,0
I855,0,s,0,0,0,0,0,12,8,0,s,3,4,0,0,20,0,0,0,s,1,0,1,2,s,0,15,0,1,0
1767,0,s,0,d,0,0,0,12,8,5,s,3,4,10,0,d,0,d,0,s,s,0,1,2,s,1,15,0,1,0
I859,0,s,s,0,0,0,0,12,8,0,s,3,4,0,0,20,0,0,0,s,1,0,1,2,s,0,15,0,1,0
1756,0,s,s,d,s,0,0,12,8,0,s,3,4,s,2,d,0,2,0,s,1,1,1,d,s,d,15,0,d,0
1570,0,s,s,0,0,0,d,12,8,0,s,3,4,0,0,d,d,0,6,s,1,0,1,2,s,0,15,0,1,0
I862,0,0,0,0,1,6,0,12,0,0,s,3,0,0,2,0,0,0,0,0,0,0,0,0,0,0,0,0,1,0
I871,0,0,0,0,1,6,0,12,0,5,s,3,0,0,2,0,0,0,0,0,0,0,0,0,0,0,0,0,1,0
I872,0,2,0,0,1,6,0,12,0,5,s,3,0,0,2,0,0,0,0,0,0,0,0,0,0,4,0,0,1,0
1422,s,2,0,d,d,6,0,12,d,5,s,3,0,0,2,0,1,0,0,0,1,d,13,0,0,4,0,2,1,0
1552,d,2,7,d,1,6,0,12,0,5,s,3,d,0,2,d,0,0,10,0,0,0,d,0,0,4,0,0,1,0
I875,0,0,0,0,1,6,0,12,0,5,s,3,0,37,2,0,0,0,s,5,0,0,0,6,0,0,6,0,1,0
I876,0,0,0,0,1,6,0,12,0,5,s,3,5,37,2,0,0,0,s,5,0,0,0,6,0,0,6,0,1,0
1811,0,0,0,0,1,6,0,12,0,5,s,3,5,37,2,0,d,0,s,5,2,0,0,d,0,0,6,0,1,0
1810,d,0,0,0,1,d,0,d,0,d,s,3,5,37,2,5,d,0,s,5,0,0,d,6,0,0,6,0,1,0
1759,0,0,0,0,d,6,0,12,0,5,s,3,0,37,2,d,0,0,s,5,s,d,0,6,d,0,6,0,1,0
I878,0,0,0,1,1,6,0,12,s,0,s,3,0,0,2,0,0,1,0,0,0,0,0,0,0,2,0,2,1,0
I879,s,0,0,1,1,6,0,12,s,0,s,3,3,0,2,0,1,1,0,0,0,s,0,0,0,2,0,2,1,0
I880,s,0,0,1,1,s,0,12,s,5,s,3,3,0,2,0,1,1,0,0,0,s,0,0,0,2,0,2,1,0
1761,s,2,5,1,1,s,0,12,s,5,s,3,d,0,2,8,d,d,0,0,1,s,0,0,0,2,0,d,s,0
1738,s,d,s,1,1,s,0,12,s,5,s,3,d,0,2,d,1,1,0,0,0,s,0,0,0,2,0,2,d,0
1847,s,0,0,d,1,6,0,d,s,0,s,3,3,0,d,0,1,1,0,0,0,s,s,0,1,2,6,d,s,0
I886,0,0,0,1,1,6,0,12,s,0,s,3,0,0,2,0,1,1,0,0,1,0,0,0,0,2,0,2,1,0
I887,0,0,0,1,1,6,0,12,s,0,s,3,0,0,2,0,1,1,0,0,1,s,0,2,0,2,0,2,1,0
1597,0,0,0,1,1,6,s,12,s,1,s,3,s,0,2,s,1,1,0,0,1,s,0,2,0,2,14,2,1,0
1432,d,0,5,1,1,6,d,12,s,5,s,3,0,s,2,0,1,1,0,0,1,s,0,d,0,2,14,2,1,0
1868,d,0,0,1,1,6,6,12,s,d,s,3,8,0,2,0,1,d,0,0,1,0,0,5,1,d,15,2,1,d
I893,0,0,0,0,0,0,0,12,0,0,s,3,0,0,2,0,0,0,0,0,0,s,0,0,0,0,0,0,0,0
I894,0,0,0,0,s,0,0,12,0,0,s,3,0,26,2,0,0,0,0,0,0,s,0,0,0,2,0,0,0,0
I895,0,0,0,0,s,0,0,12,0,0,s,3,0,26,2,0,3,0,0,39,0,s,13,0,0,2,0,0,0,0
I896,0,0,0,0,s,0,0,12,0,5,s,3,0,26,2,0,3,0,0,39,0,s,13,0,1,2,0,0,0,0
I897,0,0,0,0,s,0,0,12,0,5,s,3,3,26,2,0,3,0,0,39,0,s,13,0,1,2,0,0,0,44
1438,0,2,0,0,s,d,0,12,0,5,s,3,d,26,2,8,3,d,16,39,0,s,13,0,1,2,d,0,0,d
I901,0,2,0,0,s,0,0,12,0,5,s,3,3,26,2,0,3,0,0,39,0,s,13,0,1,2,0,0,0,44
1242,0,2,0,0,s,23,0,d,16,5,s,3,3,26,d,0,3,0,0,39,0,s,13,0,d,2,0,d,0,d
I903,0,2,0,0,s,0,0,12,0,5,s,3,3,26,2,0,3,0,0,39,0,s,13,0,1,2,0,0,0,44
1329,0,2,0,0,s,0,0,12,0,5,s,3,3,26,2,0,d,0,0,39,0,s,13,0,1,2,d,0,0,44
1328,0,d,0,0,s,0,0,12,0,5,s,3,3,26,2,0,3,0,0,39,1,s,d,d,1,d,d,0,0,44
I904,2,0,0,0,s,0,0,12,0,5,s,3,3,26,2,0,3,0,0,39,0,s,13,0,1,2,0,0,0,0
I907,2,0,0,0,s,0,0,12,0,5,s,3,3,26,2,0,3,0,0,39,0,s,13,0,1,2,4,0,0,28
1249,2,0,0,0,s,0,d,12,0,5,s,3,3,26,2,0,3,d,0,39,d,s,13,7,1,2,4,2,d,d
1248,2,0,0,0,s,0,0,12,0,5,s,d,3,26,2,0,d,d,0,39,1,s,13,0,1,2,4,0,1,28
I908,2,2,0,0,s,0,0,12,0,5,s,s,3,26,2,0,3,0,0,39,1,s,13,0,1,2,0,0,0,0
1780,2,2,0,0,s,0,0,12,6,5,s,s,3,26,2,0,3,0,0,39,1,s,13,d,1,2,0,0,s,d
1737,2,d,d,d,s,0,0,12,0,5,s,s,d,d,2,0,3,0,0,39,1,s,13,0,1,d,0,0,0,0
I911,0,2,0,0,s,0,0,12,0,0,s,3,0,26,2,0,3,0,0,39,0,s,13,0,1,2,0,0,0,0
I912,0,2,0,0,s,0,0,12,0,0,s,3,0,26,2,0,3,0,0,39,0,s,13,0,1,2,0,0,0,0
1693,0,2,0,0,s,d,d,12,0,0,s,d,0,26,d,5,s,d,22,39,0,s,13,5,1,2,0,s,1,0
I916,0,2,0,0,s,0,0,12,0,5,s,3,0,26,2,0,3,0,0,39,0,s,13,0,1,2,0,0,0,0
1657,0,2,0,0,s,0,0,12,0,5,s,3,0,26,2,0,3,2,0,39,0,s,13,0,1,d,0,6,d,0
I918,0,2,3,0,s,0,40,12,0,5,s,3,0,26,2,0,3,0,0,39,0,s,13,2,1,2,10,0,0,0
1557,d,2,3,0,s,31,40,12,d,5,s,3,d,26,2,27,3,0,0,39,0,s,13,2,1,2,10,0,0,0
1556,0,d,3,0,s,0,40,12,0,5,s,3,0,26,d,d,3,0,d,39,0,s,13,2,1,2,10,0,0,d
I919,0,2,0,0,s,0,0,12,0,0,s,3,0,26,2,25,3,0,0,39,0,s,13,0,1,2,0,0,1,0
I920,0,2,4,0,s,0,0,12,0,0,s,3,0,26,2,25,3,0,0,39,0,s,13,0,1,2,0,0,1,0
1276,0,s,4,0,s,0,0,12,d,5,s,3,0,d,d,25,3,0,0,39,d,s,13,0,1,2,0,0,d,0
1682,0,2,4,0,s,0,0,12,0,0,s,3,d,26,2,25,3,d,0,39,0,s,13,0,d,2,0,0,1,d
I923,0,2,0,0,s,0,0,12,0,5,s,3,3,26,2,25,3,0,0,39,0,s,13,0,1,2,15,0,1,0
I924,0,2,0,0,s,0,0,12,0,5,s,3,3,26,2,25,3,0,0,39,0,s,13,0,1,2,15,0,1,s
1931,0,d,0,0,s,0,s,12,0,5,s,3,3,26,2,25,3,0,0,39,0,s,13,d,1,2,15,0,d,s
1930,0,2,0,0,s,0,d,12,0,5,s,3,3,d,2,25,3,0,d,39,0,s,13,0,1,2,15,0,d,s
I925,0,2,0,0,s,0,0,12,0,5,s,3,3,26,2,25,3,2,0,39,0,s,13,0,1,2,15,0,1,0
1803,0,2,0,0,s,0,0,12,0,d,s,3,3,26,2,25,d,2,0,39,0,s,13,0,d,2,15,0,1,0
1802,0,2,0,d,s,0,0,12,0,d,s,3,3,26,2,25,3,2,0,39,0,s,d,0,1,2,15,0,1,0
I926,0,0,0,0,s,31,0,12,0,0,s,3,0,26,2,13,1,0,4,0,1,s,0,0,0,2,6,0,0,0
I927,0,0,0,0,s,31,0,12,0,0,s,3,0,26,s,13,1,0,4,0,1,s,0,0,0,2,6,0,0,0
I928,0,0,0,0,s,31,0,12,0,0,s,3,0,26,s,13,1,0,4,0,1,s,0,0,0,2,6,0,0,0
I929,0,0,0,0,s,31,0,12,0,0,s,3,0,26,s,13,1,0,4,0,1,s,0,0,0,2,6,0,0,0
1842,0,0,0,0,s,31,0,12,6,0,s,3,d,26,s,13,1,0,4,0,1,s,0,0,0,d,6,2,0,0
I931,0,0,0,0,s,31,0,12,14,0,s,3,0,26,s,13,1,0,4,0,1,s,0,0,0,2,6,0,0,0
1927,0,0,0,0,s,d,d,12,14,0,s,d,0,d,s,13,1,0,4,d,1,s,0,d,0,2,d,0,0,0
1926,d,0,0,0,s,d,0,12,14,0,s,3,0,26,s,d,d,0,4,0,1,s,0,0,0,2,d,0,0,0
1876,0,0,4,d,s,31,0,12,d,d,s,3,0,26,s,13,1,2,4,0,1,s,d,0,0,d,6,0,0,0
I935,0,2,s,0,s,31,0,12,0,0,s,3,0,26,s,13,1,2,4,0,1,s,1,0,1,2,6,0,0,0
1990,0,2,s,0,s,31,d,d,0,d,s,3,0,d,s,13,1,2,4,0,1,s,1,0,1,2,6,0,0,0
I939,0,2,s,0,s,31,0,12,16,0,s,3,0,26,s,13,1,2,4,0,1,s,1,0,1,2,6,0,0,0
1957,0,2,s,0,s,31,0,12,16,0,s,3,0,26,s,13,1,2,4,s,d,s,1,0,1,d,6,0,0,0
1934,0,2,s,0,s,31,0,12,d,5,s,3,0,26,s,13,d,2,4,0,1,s,1,0,1,2,6,d,0,d
I942,0,0,4,0,s,31,2,12,0,5,s,3,0,26,2,13,1,0,4,0,1,s,0,0,0,2,6,0,0,0
I943,0,0,4,0,s,31,2,12,0,5,s,3,0,26,2,13,1,0,4,0,1,s,0,0,0,2,6,0,0,0
I944,0,0,4,0,s,31,2,12,0,5,s,3,0,26,2,13,1,0,4,0,1,s,0,0,0,2,6,0,1,0
I945,0,0,4,1,s,31,2,12,0,5,s,3,0,26,2,13,1,0,4,0,1,s,0,0,0,2,6,2,1,2
1717,0,0,4,d,s,31,2,12,0,5,s,d,d,d,2,13,1,0,4,0,d,s,d,d,d,2,6,2,1,2
1716,0,0,4,1,s,d,d,12,0,5,s,3,0,26,2,d,1,0,4,d,1,s,0,0,0,2,6,2,d,2
1912,0,0,d,0,s,31,d,12,0,5,s,3,d,26,2,13,1,0,4,0,1,s,0,0,0,2,6,0,1,20
I947,0,0,4,1,s,31,2,12,0,5,s,3,0,26,2,13,1,0,4,0,1,s,2,0,0,2,6,0,0,0
I948,2,0,4,1,s,31,2,12,14,5,s,3,0,26,2,13,1,0,4,0,1,s,2,1,0,2,6,0,0,0
1645,2,0,4,1,s,31,2,12,14,5,s,3,0,26,2,13,1,0,4,0,1,s,2,1,1,2,6,0,d,0
1644,2,0,4,1,s,31,2,12,14,5,s,3,d,26,2,13,d,0,4,0,1,s,2,1,0,2,6,d,1,0
1616,d,2,4,1,s,31,2,12,0,5,s,3,0,26,2,13,s,0,4,28,d,s,2,0,0,2,6,0,0,0
I950,0,0,4,0,s,31,2,12,0,5,s,3,0,26,2,13,1,0,4,0,1,s,0,0,0,2,6,0,0,0
1629,0,0,4,0,s,31,2,12,0,5,s,3,0,26,2,13,1,2,4,0,1,s,1,0,2,2,6,0,0,0
I956,0,0,4,0,s,31,2,12,0,5,s,3,0,26,2,13,1,0,4,0,1,s,9,0,s,2,6,0,0,0
1863,0,0,4,d,s,31,2,12,0,5,s,3,0,26,2,13,1,0,4,0,1,s,d,0,s,2,6,2,0,0
1862,0,0,4,0,s,31,2,12,0,5,s,3,0,26,2,13,d,0,4,0,1,s,d,0,s,2,6,0,0,d
I957,0,0,4,1,s,0,0,12,26,0,s,3,0,0,2,0,0,0,0,0,0,s,0,5,0,0,0,0,0,0
I958,0,0,4,1,s,0,0,12,26,0,s,3,0,0,2,0,0,0,24,0,0,s,2,5,1,0,25,0,0,0
I959,0,0,4,1,s,0,0,12,26,s,s,3,0,0,2,27,0,2,24,7,0,s,2,5,1,0,25,0,0,0
I960,0,0,4,1,s,0,17,12,26,s,s,3,0,0,2,27,3,2,24,7,0,s,2,5,1,0,25,0,0,6
I961,0,4,4,1,s,15,17,12,26,s,s,3,0,0,2,27,3,2,24,7,0,s,2,5,1,0,25,0,0,6
1213,0,4,4,1,s,15,17,s,26,s,s,3,0,0,2,27,3,2,24,7,0,s,2,d,1,0,25,0,0,6
1241,d,s,4,1,s,15,17,12,26,s,s,d,0,0,2,27,3,d,24,7,0,s,2,5,1,d,25,0,0,6
1074,0,0,4,1,s,0,17,12,26,s,s,3,0,0,2,27,3,d,24,7,0,s,2,5,1,0,25,0,0,6
I967,0,s,4,1,s,31,0,s,26,s,s,3,0,0,2,27,1,2,24,7,0,s,2,5,1,0,25,0,0,0
I968,0,s,4,1,s,31,0,s,26,s,s,3,0,0,2,27,1,2,24,7,0,s,2,5,1,0,25,2,0,0
I969,0,s,4,1,s,31,0,s,26,s,s,3,0,0,2,27,1,2,24,7,0,s,2,5,1,0,25,2,0,0
1473,0,s,4,1,s,31,0,s,26,s,s,3,d,0,2,27,1,2,24,7,0,s,2,5,1,0,25,2,0,0
1472,d,s,4,1,s,31,0,s,26,s,s,3,0,d,2,27,1,2,24,7,d,s,2,5,d,0,25,2,0,0
I970,0,s,4,1,s,31,0,s,26,s,s,3,0,0,2,27,1,2,24,7,0,s,2,5,1,0,25,2,1,0
1581,0,s,4,1,s,31,0,s,d,s,s,3,0,0,2,27,1,2,24,7,0,s,2,5,1,d,d,2,d,d
1580,d,s,d,1,s,d,d,s,26,s,s,d,0,0,2,27,1,2,24,7,0,s,2,5,d,0,25,d,1,0
1446,0,s,4,d,s,31,0,s,26,s,s,3,0,0,2,27,1,2,24,7,2,s,2,5,1,0,25,2,0,0
I974,0,0,4,1,s,0,0,12,26,0,s,3,0,0,s,0,0,0,24,0,0,s,2,5,1,0,25,0,1,0
I975,0,0,4,1,s,0,0,12,26,0,s,3,0,0,s,0,0,2,24,0,0,s,2,5,1,0,25,0,1,0
I976,0,0,4,1,s,0,0,12,26,0,s,3,s,0,s,0,0,2,24,0,0,s,2,5,1,0,25,0,1,0
I977,0,0,4,1,s,0,0,12,26,0,s,3,s,0,s,17,0,2,24,0,0,s,2,5,1,0,25,2,1,0
1309,0,0,4,1,s,0,0,12,26,0,s,3,s,0,s,17,0,2,24,0,0,s,2,5,1,d,d,2,1,0
1308,0,0,4,1,s,d,0,12,26,d,s,3,s,0,s,17,0,2,d,0,0,s,2,5,1,0,25,2,1,0
1612,0,d,4,d,s,0,0,12,26,0,s,3,s,d,s,0,0,d,24,0,0,s,2,5,1,2,25,0,1,0
I979,0,0,4,1,s,0,9,12,26,0,s,3,3,0,s,0,0,2,24,39,0,s,2,s,1,0,25,0,1,0
1513,0,0,4,1,s,0,9,12,26,d,s,3,d,0,s,0,0,2,24,d,s,s,2,s,1,d,25,2,1,0
1702,d,0,4,1,s,0,9,12,26,d,s,3,3,0,s,0,0,2,24,d,0,s,2,s,1,0,25,0,d,0
I982,0,0,4,1,s,0,0,12,26,0,s,3,0,0,s,0,0,0,24,0,0,s,2,5,1,s,25,0,1,0
1729,d,2,4,1,s,6,6,12,26,0,s,3,3,0,s,0,0,d,24,s,0,s,2,d,d,s,25,d,1,0
I986,0,0,4,1,s,0,0,12,26,0,s,3,3,0,s,0,0,0,24,0,0,s,2,5,1,s,25,0,1,0
I987,0,0,4,1,s,0,0,12,26,0,s,3,3,0,s,0,0,0,24,0,0,s,2,5,1,s,25,0,1,0
1259,0,0,4,1,s,0,d,12,26,0,s,3,3,0,s,0,0,0,24,0,0,s,2,d,1,s,d,0,1,0
1258,0,0,4,1,s,8,0,d,26,0,s,d,3,0,s,0,0,0,24,0,0,s,2,5,d,s,25,0,1,0
I988,0,2,4,s,s,0,0,12,26,0,s,3,3,0,s,33,0,0,24,26,6,s,2,5,1,s,25,0,1,41
1591,0,2,d,s,s,0,0,12,26,0,s,3,3,d,s,33,0,0,24,26,d,s,2,5,1,s,25,0,d,41
1590,0,2,4,s,s,0,0,d,26,d,s,3,3,0,s,33,d,0,24,d,6,s,2,d,1,s,25,0,1,41
I989,0,0,4,1,s,0,0,12,26,0,s,3,0,0,2,0,0,0,0,0,1,s,0,5,0,0,4,0,0,0
I990,s,0,4,1,s,0,0,12,26,0,s,3,0,0,2,0,0,0,0,0,1,s,0,5,0,0,4,0,0,0
I991,s,0,4,1,s,0,0,12,26,0,s,3,0,0,2,0,0,0,0,0,1,s,s,5,0,0,4,0,0,0
I992,s,0,4,1,s,0,0,12,26,0,s,3,0,0,2,0,0,0,0,0,1,s,s,5,1,0,4,0,0,2
1313,s,d,4,1,s,d,0,12,26,1,s,3,0,0,d,0,0,0,d,0,1,s,s,5,1,d,4,0,0,2
I994,s,0,4,1,s,0,0,12,26,0,s,3,2,0,2,0,0,0,0,0,1,s,s,5,1,6,4,0,0,2
1231,s,0,4,1,s,0,0,12,26,d,s,d,2,0,2,0,4,0,0,0,1,s,s,5,1,6,d,2,0,2
1230,s,2,4,1,s,d,0,12,26,0,s,3,2,0,2,0,0,d,0,0,d,s,s,d,1,6,4,0,1,2
I995,s,0,4,1,s,0,0,s,26,0,s,3,0,0,2,0,0,0,10,0,1,s,s,5,0,0,4,0,0,0
I996,s,0,4,1,s,0,0,s,26,0,s,3,0,0,2,0,0,0,10,0,1,s,s,5,11,0,4,0,0,0
1509,s,0,4,1,s,0,0,s,d,0,s,3,0,0,d,d,0,0,10,0,1,s,s,5,11,0,4,0,0,0
1508,s,0,4,1,s,0,0,s,26,0,s,3,0,0,2,0,0,0,10,0,d,s,s,5,11,0,4,0,d,0
1395,s,d,4,1,s,0,0,s,26,0,s,3,s,0,2,0,0,d,10,0,1,s,s,d,0,d,4,2,1,0
I998,s,0,4,1,s,5,21,12,26,0,s,3,0,0,2,10,0,0,0,0,1,s,0,5,0,0,4,0,0,0
I999,s,1,4,s,s,5,21,12,26,0,s,3,0,0,2,10,0,0,0,0,1,s,0,5,0,0,4,0,0,0
2014,s,1,4,s,s,d,21,12,26,0,s,3,d,0,2,10,0,0,0,0,d,s,0,5,0,0,d,0,1,0
I1003,s,1,4,s,s,5,21,12,26,0,s,3,0,0,s,10,0,0,0,0,1,s,0,5,0,0,4,0,0,0
1987,s,1,d,s,s,5,21,12,26,0,s,3,0,d,s,10,d,0,0,0,1,s,d,5,0,0,d,0,d,0
1986,s,1,4,s,s,5,21,12,26,0,s,3,0,0,s,10,0,0,0,0,1,s,0,5,0,d,4,d,0,0
I1004,s,0,4,1,s,5,21,12,26,5,s,3,0,0,2,10,0,1,0,0,1,s,0,5,0,0,4,0,0,0
I1005,s,2,4,1,s,5,21,12,26,5,s,3,0,0,2,10,0,1,0,0,1,s,0,5,1,2,4,0,0,0
2004,s,2,4,1,s,d,21,12,26,5,s,3,0,0,2,10,1,1,d,0,1,s,d,5,d,2,4,0,0,s
1010,s,s,d,d,s,5,21,12,26,5,s,d,0,d,2,10,0,1,0,0,s,s,0,5,1,2,4,0,0,0
I1007,s,0,4,1,s,5,21,12,26,5,s,3,0,0,2,10,0,1,0,0,1,s,0,5,0,0,4,0,0,0
I1008,s,0,4,1,s,5,21,s,26,5,s,3,0,s,2,10,0,1,0,0,1,s,0,5,0,0,4,0,0,0
1979,s,0,4,1,s,5,21,s,26,5,s,3,0,s,2,10,0,1,d,0,1,s,0,5,d,0,d,d,0,0
1978,s,0,4,1,s,5,d,s,d,5,s,3,0,s,2,10,0,1,0,0,1,s,0,5,0,d,d,0,d,0
1038,s,0,4,d,s,5,21,d,26,5,s,3,0,0,2,d,0,1,0,0,d,s,d,5,0,0,4,0,0,0
I1009,0,0,4,1,s,0,0,12,26,0,s,3,0,26,2,0,0,0,0,0,1,s,5,5,0,0,4,0,0,0
I1010,0,0,4,1,s,0,0,12,26,5,s,3,0,26,2,0,0,0,0,0,1,s,5,5,0,0,4,0,0,0
1304,0,0,4,1,s,0,0,12,d,5,s,d,d,26,2,5,0,d,0,0,1,s,5,5,0,0,4,0,0,0
I1014,2,0,4,1,s,0,0,12,26,5,s,3,0,26,2,0,0,0,0,0,1,s,5,5,0,0,4,0,0,0
1120,d,0,4,1,s,0,0,12,26,5,s,3,0,26,d,d,0,d,6,0,1,s,5,d,0,2,d,0,d,d
I1016,2,0,4,1,s,6,0,12,26,5,s,3,0,26,2,0,0,0,0,s,1,s,5,5,0,0,4,0,0,0
1163,2,0,4,d,s,6,0,d,26,5,s,3,0,26,d,0,0,0,0,s,1,s,5,5,0,d,4,0,1,0
1162,2,0,4,1,s,6,d,12,26,5,s,3,0,d,2,0,0,0,0,s,1,s,d,5,0,d,4,0,0,0
I1017,0,0,4,1,s,0,0,12,26,0,s,3,0,26,2,0,0,0,0,0,1,s,5,5,11,0,4,0,0,0
I1019,0,0,4,1,s,0,0,12,26,5,s,3,0,26,2,0,0,0,0,0,1,s,5,5,11,0,4,0,0,0
1371,0,0,4,1,s,0,0,12,26,5,s,3,0,26,2,0,0,0,0,0,1,s,5,5,d,0,4,0,0,0
1370,0,d,4,1,s,0,0,d,26,5,s,3,d,26,2,0,0,0,0,0,1,s,5,5,d,0,d,s,0,0
I1021,0,2,4,1,s,0,0,12,26,0,s,3,0,26,2,0,0,1,0,0,1,s,5,5,11,0,4,0,0,0
I1022,0,2,4,1,s,0,0,12,26,0,s,3,0,26,2,0,0,s,0,0,1,s,5,5,11,0,4,0,0,0
1097,0,2,d,1,s,0,0,12,26,5,s,3,0,d,2,0,0,s,d,0,1,s,5,5,11,0,d,0,0,0
1096,0,2,4,1,s,0,0,12,d,0,s,3,0,26,2,0,0,s,24,0,1,s,5,5,11,0,4,2,0,0
I1023,2,2,4,1,s,0,0,12,26,0,s,3,0,26,2,0,0,1,0,0,1,s,5,5,11,0,4,2,0,0
1337,2,d,4,1,s,0,4,d,26,0,s,3,0,26,2,0,0,d,d,d,1,s,5,5,d,0,4,d,0,0
1336,d,2,d,d,s,d,0,d,26,0,s,3,0,26,2,d,d,1,d,0,1,s,5,5,11,0,d,2,d,0
