cell,r1,r2,r3,r4,r5,r6,r7,r8,r9,r10,r11,r12,r13,r14,r15,r16,r17,r18,r19,r20,r21,r22,r23,r24,r25,r26,r27,r28,r29,r30
I1,0,0,0,0,0,0,0,0,0,0,0,4,0,0,0,0,0,3,0,0,0,0,0,0,0,0,0,0,0,0
I2,s,0,0,18,3,0,0,0,0,0,0,4,0,2,0,0,2,3,0,0,8,0,0,0,0,0,0,0,s,0
I3,s,0,0,18,3,0,0,s,0,0,0,4,3,2,0,0,2,3,0,0,8,0,0,0,0,0,0,0,s,0
I4,s,0,0,18,3,0,0,s,0,0,0,4,3,2,0,0,2,3,0,0,8,0,0,0,0,0,0,0,s,0
I5,s,0,0,18,3,0,0,s,0,0,0,4,3,2,0,0,2,3,0,0,8,0,0,0,0,0,0,0,s,0
I6,s,0,0,18,3,0,0,s,0,0,0,4,3,2,0,0,2,3,0,0,8,0,0,0,0,0,0,0,s,0
I7,s,0,0,18,3,0,0,s,0,0,0,4,3,2,0,0,2,3,11,0,8,0,0,0,0,0,0,0,s,0
I8,s,0,0,18,3,0,0,s,0,0,0,4,3,2,0,0,2,3,11,20,8,0,0,0,0,s,0,0,s,0
1506,s,0,4,18,3,0,d,s,0,0,0,4,3,2,0,2,2,3,11,20,8,d,d,0,d,s,0,0,s,0
I13,s,0,0,18,3,0,s,s,0,0,0,4,3,2,0,0,2,3,11,20,8,0,0,0,0,s,0,0,s,0
1425,s,0,d,18,d,0,s,s,0,0,0,4,3,d,0,0,2,3,11,20,8,0,0,0,d,s,0,0,s,0
1424,s,d,0,18,3,0,s,s,0,0,0,4,3,2,d,0,2,d,11,20,8,0,0,0,0,s,0,d,s,d
I15,s,0,0,18,3,0,s,s,0,0,0,4,3,2,0,0,2,3,11,0,8,0,16,0,1,0,0,9,s,0
I18,s,0,0,18,3,0,s,s,3,0,0,4,3,2,28,0,2,3,s,0,8,0,16,0,1,0,0,9,s,0
1421,s,d,0,18,3,0,s,s,3,0,0,4,3,2,28,0,2,d,s,d,8,0,16,0,1,0,1,9,s,0
1420,s,d,0,18,3,0,s,s,3,d,0,4,3,d,28,0,2,3,s,0,8,0,16,0,1,0,0,d,s,0
I19,s,0,4,18,3,0,s,s,0,0,0,4,3,2,0,0,2,3,11,0,8,0,16,0,1,0,0,9,s,0
I20,s,1,4,18,3,0,s,s,0,1,0,4,3,2,0,0,2,3,11,0,8,0,16,18,1,0,0,9,s,0
1283,s,d,d,18,3,0,s,s,0,1,0,4,3,2,0,0,2,3,11,0,8,0,d,18,1,0,0,9,s,0
1282,s,d,4,18,3,0,s,s,0,1,d,4,3,d,0,0,2,d,11,0,8,0,16,18,1,29,0,9,s,0
1599,s,18,4,18,3,0,s,s,0,0,0,4,3,2,d,0,2,3,11,0,8,0,16,0,1,0,0,9,s,0
I22,s,0,0,18,3,0,0,s,0,0,0,4,3,2,0,0,2,3,0,2,8,0,0,0,0,0,0,0,s,0
I23,s,0,0,18,3,0,0,s,0,0,0,4,3,2,0,0,2,3,11,2,8,0,0,0,0,0,0,0,s,0
1639,s,10,d,18,3,4,0,s,0,d,d,4,3,2,0,0,2,3,11,2,8,0,d,0,8,0,0,0,s,0
1332,s,d,0,18,3,0,d,s,d,0,0,4,3,s,0,0,2,3,11,2,d,0,0,0,0,0,1,0,s,4
I30,s,0,0,18,3,0,0,s,0,0,0,4,3,2,0,0,2,3,9,2,8,0,0,0,0,5,0,0,s,0
1505,s,1,4,18,s,4,0,s,s,4,0,4,3,2,0,d,2,3,9,2,8,d,3,0,0,d,d,0,s,0
1755,s,s,2,18,3,3,d,s,0,0,0,4,3,2,4,2,2,3,d,2,8,0,d,0,7,5,0,6,s,0
I37,s,0,0,18,3,4,0,s,0,0,0,4,3,2,0,0,2,3,0,s,8,0,0,0,0,0,0,0,s,0
I38,s,0,4,18,3,4,0,s,0,0,0,4,3,2,0,0,2,3,0,s,8,30,0,4,0,0,0,0,s,0
I39,s,0,4,18,3,4,0,s,0,0,0,4,3,2,0,2,2,3,0,s,8,30,0,4,0,0,0,0,s,0
1302,s,d,4,18,3,4,0,s,0,d,6,4,3,2,d,2,2,3,4,s,8,d,21,4,15,0,s,0,s,0
I43,s,0,4,18,3,4,0,s,0,0,0,4,3,2,0,2,2,3,0,s,8,30,5,4,0,0,0,0,s,0
1449,s,0,4,18,3,4,0,s,0,0,0,4,3,2,0,2,2,3,15,s,8,30,5,4,d,26,0,d,s,0
1349,s,0,4,18,3,4,0,s,0,4,d,4,3,d,0,2,2,s,0,s,8,30,5,4,0,0,1,25,s,0
I46,s,0,4,18,3,4,0,s,0,0,0,4,3,2,0,0,2,3,0,s,8,30,21,4,0,0,0,0,s,0
I47,s,0,4,18,3,4,0,s,0,0,0,4,3,2,0,0,2,3,0,s,8,30,21,4,0,0,0,0,s,0
I49,s,0,4,18,3,4,0,s,0,0,0,4,3,2,0,0,2,3,0,s,8,30,21,4,0,0,0,0,s,0
1971,s,0,4,18,3,4,0,s,0,0,0,d,3,2,0,0,2,3,0,s,8,30,d,4,d,0,0,0,s,0
1970,s,0,4,18,3,4,0,s,0,0,d,d,3,2,0,d,2,3,0,s,d,30,21,4,0,d,d,0,s,0
1192,s,0,d,18,3,4,0,s,0,0,0,4,3,2,0,0,2,3,0,s,8,d,d,4,0,0,3,0,s,0
I51,s,0,4,18,3,4,0,s,0,0,0,4,3,2,0,s,2,3,15,s,8,30,21,4,0,0,0,0,s,0
1125,s,0,4,18,3,4,0,s,0,0,0,4,d,2,0,s,2,3,15,s,8,30,21,4,0,0,0,0,s,0
1035,s,0,4,18,3,4,0,s,0,0,0,4,3,2,0,s,d,s,d,s,d,30,21,4,0,0,0,0,s,d
I54,s,0,0,18,3,4,6,s,0,0,0,4,3,2,0,0,2,3,0,s,8,0,0,0,0,9,0,0,s,0
I55,s,3,0,18,3,4,6,s,0,0,0,4,3,2,0,2,2,3,15,s,8,0,0,0,79,9,1,0,s,0
I56,s,3,0,18,3,4,6,s,0,0,0,4,3,2,0,2,2,3,15,s,8,0,0,0,79,9,1,0,s,0
1118,s,3,0,18,3,d,6,s,0,0,0,4,3,2,0,2,2,3,s,s,8,0,0,0,79,9,1,0,s,0
1161,s,3,0,d,3,4,6,s,0,s,0,d,3,2,0,2,2,3,d,s,8,0,0,d,79,d,1,0,s,0
I59,s,3,0,18,3,4,6,s,0,0,0,4,3,2,0,2,2,3,15,s,8,0,0,0,79,s,1,0,s,0
I60,s,3,4,18,3,4,6,s,0,0,12,4,3,2,0,2,2,3,15,s,8,0,0,3,79,s,1,0,s,0
1411,s,3,4,18,3,d,d,s,3,0,12,4,3,2,0,2,2,3,15,s,8,d,d,3,79,s,1,0,s,0
1410,s,3,4,18,3,4,6,s,0,0,d,d,3,2,0,2,2,3,15,s,d,0,0,3,d,s,1,0,s,0
I61,s,3,0,18,3,4,6,s,0,0,1,4,3,2,0,2,2,3,15,s,8,0,1,0,79,s,1,0,s,0
1483,s,d,s,18,d,4,6,s,0,0,1,d,3,2,0,2,2,3,15,s,8,0,1,0,79,s,1,d,s,d
1482,s,3,0,18,3,d,6,s,d,0,1,4,3,2,0,2,2,d,15,s,8,0,1,0,79,s,1,0,s,d
I62,s,0,0,18,3,4,6,s,2,0,0,4,3,2,0,1,2,3,0,s,8,0,0,0,0,9,0,0,s,0
1404,s,0,0,18,d,d,6,s,2,0,1,4,3,2,0,1,2,3,0,s,8,2,0,d,d,9,0,0,s,d
I66,s,0,0,18,3,4,6,s,2,0,0,4,3,2,0,1,2,3,0,s,8,0,0,0,0,9,0,0,s,0
1456,s,0,0,d,3,d,6,s,2,0,d,4,3,2,d,1,2,3,9,s,8,0,0,0,0,s,d,0,s,6
1339,s,s,0,d,d,4,d,s,2,4,0,4,3,2,0,1,2,3,d,s,8,0,0,0,0,9,0,0,s,0
I69,s,0,0,18,3,0,0,s,0,0,0,4,s,2,0,0,2,3,0,0,8,0,0,0,0,s,0,0,s,0
I70,s,0,0,18,3,0,3,s,0,0,13,4,s,2,0,0,2,3,0,0,8,0,0,0,0,s,0,0,s,0
I71,s,7,0,18,3,0,3,s,0,0,13,4,s,2,0,0,2,3,0,0,8,2,0,0,0,s,0,0,s,0
1150,s,7,0,18,3,0,3,s,0,0,13,d,s,2,0,0,s,3,s,1,8,2,16,0,d,s,1,0,s,0
I79,s,7,0,18,3,0,3,s,0,0,13,4,s,2,0,0,2,3,0,0,8,2,10,0,0,s,0,0,s,0
I80,s,7,0,18,3,0,3,s,1,0,13,4,s,2,0,0,2,3,23,0,8,2,10,0,0,s,0,0,s,0
1343,s,d,d,d,d,d,3,s,1,0,13,4,s,2,0,2,2,3,23,0,8,d,10,0,0,s,0,9,s,d
I82,s,s,0,18,3,4,3,s,1,0,13,4,s,2,0,0,2,3,23,0,8,2,10,0,0,s,0,4,s,0
1719,s,s,0,d,3,4,3,s,1,0,13,4,s,d,0,0,2,3,23,0,8,d,d,0,0,s,0,4,s,0
1718,s,s,0,18,3,4,3,s,1,0,13,4,s,2,0,d,2,3,23,d,8,2,d,0,0,s,d,d,s,d
I83,s,7,0,18,3,0,3,s,0,0,13,4,s,2,0,0,2,3,0,0,8,2,10,0,0,s,0,0,s,0
1110,s,7,0,18,3,0,3,s,0,4,13,4,s,2,0,0,2,3,0,0,8,2,10,13,0,s,0,0,s,0
I85,s,7,0,18,3,0,3,s,0,0,13,4,s,2,0,0,2,3,0,21,8,2,10,0,7,s,0,0,s,0
1071,s,7,d,d,3,4,3,s,d,0,13,4,s,2,0,0,2,3,0,21,8,2,d,0,7,s,2,43,s,0
I86,s,7,0,18,3,0,3,s,0,0,13,4,s,2,0,0,2,3,0,21,8,2,10,0,7,s,0,0,s,0
2029,s,7,0,18,3,0,3,s,0,0,13,4,s,2,0,0,2,3,0,21,8,2,10,0,7,s,0,0,s,0
2028,s,7,0,18,3,0,3,s,0,d,13,4,s,2,0,0,2,3,0,21,d,2,10,0,7,s,0,0,s,0
I87,s,0,0,18,3,0,3,s,0,0,13,4,s,2,0,0,2,3,4,0,8,0,0,0,0,s,0,4,s,0
1263,s,18,d,d,3,0,3,s,0,d,13,4,s,2,7,d,2,d,4,0,8,0,0,0,0,s,0,d,s,0
I95,s,0,0,18,3,4,3,s,0,0,13,4,s,2,0,0,2,3,4,8,8,0,0,0,0,s,0,4,s,0
1251,s,8,0,18,3,d,3,s,0,0,13,4,s,d,0,0,d,3,4,8,8,0,0,0,0,s,0,4,s,0
I99,s,0,0,18,3,4,3,s,0,0,13,4,s,2,0,0,2,3,4,8,8,0,0,0,0,s,1,4,s,0
I100,s,0,0,18,3,4,3,s,0,0,13,4,s,2,0,0,2,3,4,8,8,0,0,0,0,s,1,4,s,0
1173,s,0,0,d,3,4,d,s,0,2,13,4,s,2,d,d,d,3,4,8,8,0,0,d,0,s,1,4,s,0
1172,s,0,0,18,3,4,3,s,0,d,13,4,s,2,d,d,2,3,4,8,8,0,d,0,0,s,1,s,s,0
1406,s,d,0,18,3,4,3,s,0,2,13,d,s,2,0,0,2,3,d,8,d,s,d,0,s,s,d,4,s,14
I102,s,0,0,18,3,0,0,s,s,0,0,4,s,2,0,0,2,3,0,1,8,0,0,0,0,s,0,0,s,0
I103,s,0,0,18,3,0,0,s,s,0,9,4,s,2,0,0,2,3,0,1,8,0,0,0,0,s,0,0,s,0
I104,s,0,0,18,3,0,0,s,s,0,9,4,s,2,0,0,2,3,0,1,8,0,0,0,0,s,0,0,s,0
I105,s,0,0,18,3,0,0,s,s,0,9,4,s,2,0,0,2,3,0,1,8,s,0,0,0,s,0,0,s,0
I106,s,0,0,18,3,0,3,s,s,0,9,4,s,2,0,0,2,3,0,1,8,s,0,23,0,s,0,0,s,0
1007,s,0,0,d,3,4,3,s,s,0,9,d,s,d,0,0,2,3,0,1,8,s,0,23,0,s,d,0,s,0
1972,s,0,0,d,3,0,3,s,s,0,9,4,s,2,0,2,2,3,0,1,8,s,0,23,0,s,0,0,s,0
1058,s,0,2,18,3,0,5,s,s,0,9,4,s,2,24,0,2,3,d,1,8,s,0,0,0,s,1,0,s,0
I109,s,20,0,18,3,0,0,s,s,0,9,4,s,2,0,0,s,3,0,1,8,12,0,0,8,s,s,0,s,0
1866,s,20,0,18,3,0,0,s,s,0,d,4,s,2,0,0,s,3,0,1,8,12,0,0,8,s,s,d,s,0
2030,s,20,0,18,3,0,0,s,s,0,9,d,s,2,d,0,s,d,0,s,8,12,0,0,8,s,s,0,s,0
I116,s,0,0,18,3,0,0,s,s,0,9,4,s,2,0,0,2,3,0,1,8,0,0,0,0,s,0,0,s,5
I118,s,0,2,18,3,0,12,s,s,0,9,4,s,s,0,0,2,3,0,1,8,0,0,0,15,s,0,0,s,5
1099,s,0,2,d,3,d,12,s,s,0,9,4,s,s,d,0,2,3,0,d,8,0,0,0,15,s,0,0,s,s
1098,s,0,2,18,3,0,12,s,s,0,9,4,s,s,0,0,2,3,0,d,8,0,0,0,15,s,0,0,s,5
I120,s,0,0,18,3,0,0,s,s,4,9,4,s,2,0,0,2,3,0,1,8,0,0,0,0,s,0,0,s,5
1023,s,0,0,d,3,0,0,s,s,s,9,4,s,2,s,0,2,3,d,1,8,20,0,0,0,s,d,0,s,d
I123,s,0,0,18,3,0,0,s,s,4,9,4,s,2,0,0,2,3,12,1,s,0,0,0,63,s,1,0,s,5
1965,s,0,0,18,3,0,0,s,s,4,9,d,s,d,0,0,2,3,12,d,s,0,0,0,63,s,d,0,s,5
1964,s,0,0,18,d,0,d,s,s,4,9,4,s,2,0,d,d,3,d,1,s,0,d,0,63,s,1,0,s,5
I124,s,0,0,18,3,0,0,s,s,4,0,4,s,2,1,0,2,3,6,1,8,0,0,0,0,s,0,0,s,0
1133,s,17,d,18,d,0,d,s,s,d,0,d,s,s,s,0,2,3,6,1,s,21,0,0,0,s,d,0,s,d
I136,s,0,4,18,3,0,0,s,s,4,0,4,s,2,1,0,2,3,6,1,8,0,0,0,0,s,2,0,s,14
I137,s,0,4,18,3,0,s,s,s,4,0,4,s,2,1,0,2,3,6,1,8,0,0,0,76,s,2,0,s,14
1165,s,d,4,18,d,0,s,s,s,4,0,4,s,d,1,0,2,3,6,1,8,0,0,0,d,s,d,0,s,14
1164,s,0,4,s,3,0,s,s,s,4,d,4,s,2,1,0,2,3,6,1,8,0,0,0,76,s,2,0,s,14
1081,s,0,4,18,3,0,0,s,s,4,9,4,s,2,1,0,2,3,d,1,8,0,0,d,69,s,2,0,s,d
I139,s,0,0,18,3,0,0,s,0,0,0,4,3,2,0,0,2,3,0,0,8,0,0,0,0,0,3,0,s,0
I140,s,0,4,18,3,0,0,s,0,0,0,4,3,2,0,2,2,3,0,0,8,0,0,0,0,26,3,0,s,0
I141,s,0,4,18,3,0,6,s,0,0,0,4,3,2,0,2,2,3,0,0,8,0,0,0,0,26,3,0,s,2
I142,s,0,4,18,3,0,6,s,s,4,0,4,3,2,0,2,2,3,0,0,8,2,0,0,0,26,3,0,s,2
I147,s,0,4,18,3,0,s,s,s,4,0,4,3,2,3,2,2,s,0,0,8,2,0,0,10,26,3,6,s,2
I148,s,0,4,18,3,0,s,s,s,4,12,4,3,2,3,2,2,s,0,0,8,2,10,0,10,26,3,6,s,2
1893,s,0,4,18,3,0,s,s,s,4,12,4,3,2,d,2,d,s,0,0,8,2,10,0,d,26,3,d,s,2
1892,s,0,4,18,3,0,s,s,s,4,12,4,d,d,3,2,2,s,0,0,8,2,d,0,10,26,3,6,s,2
1805,s,0,4,18,3,0,s,s,s,d,0,4,d,2,3,2,2,s,15,0,8,2,0,0,10,26,3,s,s,2
I150,s,0,4,18,s,0,6,s,s,4,15,4,3,2,0,2,2,3,0,0,8,2,0,0,0,s,3,38,s,2
1747,s,d,4,18,s,0,6,s,s,4,15,s,3,d,3,2,d,3,d,8,8,2,0,0,d,s,s,38,s,2
1093,s,0,4,18,s,0,6,s,s,d,15,4,3,2,0,2,2,d,0,0,d,2,1,d,3,s,3,38,s,2
I154,s,0,4,18,3,0,6,s,0,0,0,4,3,2,0,2,2,3,0,0,8,0,0,0,0,26,3,0,s,2
I155,s,0,4,18,3,0,6,s,0,0,0,4,3,2,0,2,2,3,12,0,8,22,0,13,0,26,3,0,s,2
1743,s,d,4,18,3,d,6,s,0,d,0,4,d,2,0,2,2,3,12,0,8,22,0,13,0,26,3,0,s,2
I158,s,0,4,18,3,0,6,s,0,4,15,4,3,2,0,2,2,3,12,0,8,22,0,13,0,26,3,0,s,2
1578,s,0,4,18,d,0,6,s,0,4,15,4,3,2,d,2,2,d,12,0,8,22,0,13,d,26,3,0,s,2
I160,s,0,4,18,3,0,6,s,0,4,15,4,3,2,0,2,2,3,12,0,8,22,0,13,0,26,3,0,s,2
1725,s,0,d,18,3,0,6,s,0,4,15,4,3,2,0,2,2,3,d,0,8,22,0,13,0,26,d,0,s,2
1724,s,0,4,18,3,0,6,s,d,d,15,4,3,2,0,2,2,3,12,0,d,22,0,13,35,26,3,0,s,2
I161,s,0,4,18,3,0,6,s,0,4,0,4,3,2,0,2,2,3,0,0,8,0,0,0,0,26,3,0,s,2
I162,s,0,4,18,3,0,6,s,0,4,0,4,3,2,0,2,2,3,0,0,8,0,0,0,0,26,3,0,s,2
1364,s,0,4,d,3,0,6,s,0,4,0,4,s,2,0,2,2,3,15,0,d,0,0,15,0,26,3,0,s,2
1669,s,0,4,18,3,0,6,s,0,4,d,4,3,2,0,2,2,3,0,0,8,0,0,3,d,d,3,0,s,2
I165,s,0,4,18,3,s,6,s,0,4,0,4,3,2,0,2,2,3,0,0,8,0,0,18,0,26,3,0,s,2
I166,s,0,4,18,3,s,6,s,0,4,0,4,3,2,0,2,2,3,0,0,8,0,0,18,0,26,3,0,s,2
1903,s,0,4,d,3,s,6,s,0,4,d,4,3,2,0,2,2,3,0,0,8,0,0,18,0,26,3,0,s,2
1902,s,0,4,18,3,s,6,s,0,4,0,4,3,2,0,2,2,3,0,0,d,0,0,18,d,26,3,d,s,d
I167,s,0,4,18,3,s,6,s,0,4,0,4,3,2,0,2,2,3,0,0,8,0,0,18,0,26,3,0,s,2
1667,s,0,4,18,3,s,6,s,0,4,0,4,3,2,0,2,d,3,0,0,8,0,d,18,0,d,3,3,s,2
1666,s,0,4,18,3,s,6,s,0,d,0,4,3,2,0,2,2,3,0,d,d,0,d,d,0,26,3,0,s,d
I168,s,0,4,18,3,0,6,s,0,0,0,4,3,2,4,2,2,3,0,0,8,0,3,0,0,26,3,1,s,0
I169,s,0,4,18,3,0,6,s,0,0,9,4,3,2,4,2,2,3,0,0,8,0,3,0,0,26,3,1,s,0
I170,s,0,4,18,3,0,6,s,0,0,9,4,3,2,4,2,2,3,0,0,8,0,3,0,0,26,3,1,s,0
I172,s,0,4,18,3,0,6,s,0,0,9,4,3,2,4,2,2,3,0,0,8,0,3,0,0,26,3,1,s,0
1815,s,0,4,18,d,0,6,s,0,d,d,4,3,2,d,2,2,3,0,0,8,0,d,0,0,26,3,1,s,0
1814,s,0,4,18,3,0,6,s,0,0,9,4,3,d,4,2,2,3,d,0,8,0,3,0,25,26,3,1,s,0
I174,s,0,4,18,3,0,6,s,0,0,9,4,3,2,4,2,2,3,0,0,8,18,3,0,0,26,3,1,s,0
I175,s,0,4,18,3,4,6,s,0,0,9,4,3,2,4,2,2,3,0,25,8,18,3,0,0,26,3,1,s,25
1943,s,0,4,18,3,4,6,s,0,0,9,4,3,2,4,2,2,3,0,25,d,d,3,0,0,26,3,1,s,25
1942,s,0,d,18,3,4,6,s,0,d,9,4,3,2,d,2,2,3,0,25,8,18,3,0,0,26,3,1,s,d
2008,s,0,4,18,3,0,d,s,0,d,9,4,3,2,4,2,2,3,0,0,d,18,3,0,0,26,3,1,s,0
I177,s,0,4,18,3,0,6,s,0,0,9,4,3,2,4,2,2,3,0,0,8,0,3,0,0,26,3,1,s,0
I178,s,0,4,18,3,0,6,s,0,0,9,4,3,2,4,2,2,3,0,6,8,0,3,0,60,26,3,1,s,0
1858,s,0,4,18,3,0,6,s,0,0,9,d,3,2,4,2,2,s,0,6,8,0,3,0,60,d,d,1,s,0
1879,s,0,d,18,d,d,6,s,3,4,9,4,3,2,d,2,2,3,0,6,8,2,3,0,60,s,3,1,s,0
2042,s,0,4,18,3,0,6,s,1,0,d,4,3,2,4,2,2,d,0,0,8,0,3,15,0,26,d,1,s,0
I183,s,0,4,18,3,s,6,s,0,0,0,4,3,2,4,2,2,3,0,11,8,0,s,13,0,26,3,1,s,0
I184,s,0,4,18,3,s,6,s,0,0,0,4,3,2,4,2,2,3,0,11,8,39,s,13,0,26,3,1,s,0
I185,s,0,4,18,3,s,6,s,0,0,0,4,3,2,4,2,2,3,0,11,8,39,s,13,0,26,3,1,s,31
1574,s,1,d,18,3,s,6,s,0,0,s,4,3,d,4,2,2,3,0,11,8,39,s,13,0,26,3,1,s,31
I187,s,0,4,18,3,s,6,s,3,0,0,4,3,2,4,2,2,3,0,11,8,39,s,13,0,26,3,1,s,31
1715,s,0,d,18,3,s,6,s,3,0,0,4,d,d,4,2,2,3,0,11,8,39,s,13,0,26,3,1,s,31
1714,s,0,4,18,3,s,6,s,3,0,0,4,3,2,4,2,2,d,0,11,8,39,s,13,0,26,3,1,s,31
I188,s,0,4,18,3,s,6,s,0,0,0,4,3,2,4,2,2,3,5,11,8,39,s,13,0,26,3,1,s,0
1765,s,s,4,d,3,s,6,s,0,0,0,4,d,d,4,d,2,3,d,11,8,39,s,13,0,26,d,1,s,0
I190,s,0,4,18,3,s,6,s,0,0,9,4,3,2,4,2,2,3,5,11,8,39,s,13,0,26,3,1,s,0
1787,s,0,4,18,3,s,6,s,0,0,d,4,3,2,4,2,2,3,d,11,8,39,s,13,0,26,3,d,s,d
1786,s,0,4,18,3,s,6,s,0,0,9,4,3,2,d,2,2,3,5,11,8,39,s,13,d,26,3,1,s,0
I191,s,0,4,18,3,s,6,s,0,0,0,4,3,2,4,2,2,3,15,11,8,0,s,13,0,26,3,1,s,0
I192,s,0,4,18,3,s,6,s,0,s,0,4,3,2,4,2,2,3,15,11,8,0,s,13,0,26,3,s,s,0
1793,s,0,d,18,3,s,6,s,0,s,d,4,3,2,4,2,2,3,15,11,8,0,s,13,0,26,3,s,s,0
1544,s,0,4,18,3,s,6,s,0,s,0,4,3,2,4,2,d,s,15,11,d,0,s,13,0,26,3,s,s,d
I195,s,0,4,18,3,s,6,s,0,0,0,4,3,2,4,2,2,3,15,11,8,0,s,13,0,26,3,1,s,6
I196,s,0,4,18,3,s,6,s,0,0,0,4,3,2,4,2,2,3,15,11,8,0,s,s,0,26,3,1,s,6
1537,s,0,4,18,3,s,d,s,0,d,0,4,d,2,d,d,2,3,15,11,8,0,s,s,0,26,3,1,s,6
1536,s,0,4,18,3,s,d,s,0,0,0,4,3,d,4,2,2,3,15,d,d,0,s,s,0,26,3,1,s,6
I197,s,0,4,18,3,s,6,s,0,0,12,4,3,2,4,2,2,3,15,11,8,0,s,13,0,26,3,1,s,6
1373,s,0,d,18,3,s,6,s,4,0,d,d,3,d,d,2,d,3,15,11,8,0,s,13,0,26,d,1,s,d
1372,s,0,d,d,3,s,6,s,2,0,12,4,3,2,4,2,2,3,15,d,8,0,s,13,0,26,3,d,s,d
I198,s,0,0,18,3,0,0,s,0,0,0,4,3,2,0,2,2,3,0,0,8,0,0,0,0,s,3,0,s,0
I199,s,18,0,18,3,0,0,s,0,0,0,4,3,2,0,2,2,3,0,0,8,0,0,0,0,s,3,0,s,0
I205,s,18,4,18,3,0,1,s,0,0,0,4,3,2,0,2,2,3,0,0,8,0,7,22,0,s,3,0,s,0
I206,s,18,4,18,3,0,1,s,0,0,0,4,3,2,22,2,2,3,0,0,8,34,7,22,0,s,3,0,s,0
1920,s,18,d,18,3,0,1,s,0,0,0,4,3,2,d,2,2,3,s,d,8,34,7,22,0,s,d,0,s,d
1953,s,18,s,d,3,0,1,s,d,d,0,4,3,2,22,2,2,3,0,d,8,34,d,22,0,s,3,0,s,0
1025,s,18,4,18,3,s,1,s,0,3,0,4,3,2,0,2,2,3,4,0,8,0,7,22,d,s,3,0,s,0
I210,s,18,0,18,s,0,0,s,3,0,0,4,3,2,0,2,2,3,0,0,8,0,0,23,0,s,3,0,s,0
I211,s,18,0,18,s,4,11,s,3,0,0,4,3,2,0,2,2,3,0,0,8,0,0,23,69,s,3,0,s,0
1041,s,18,0,18,s,4,11,s,d,0,0,4,3,2,0,2,2,3,s,0,8,0,0,23,69,s,d,7,s,50
2013,s,18,4,18,s,4,11,s,3,0,0,4,3,2,0,2,2,3,0,1,8,0,0,23,69,s,3,0,s,d
I216,s,18,4,18,s,0,0,s,3,0,0,4,3,2,0,2,2,3,0,0,8,0,0,23,0,s,3,0,s,0
1649,s,18,d,18,s,0,0,s,3,0,9,4,d,2,d,2,2,3,15,0,8,0,0,23,0,s,3,6,s,0
I220,s,18,4,18,s,4,0,s,3,0,0,4,3,2,0,2,2,3,4,0,8,36,17,23,0,s,3,0,s,0
I221,s,18,4,18,s,4,0,s,3,0,0,4,3,2,3,2,2,3,4,0,8,36,17,23,0,s,3,0,s,6
1583,s,d,4,18,s,4,0,s,3,0,0,4,3,2,d,2,d,3,4,0,8,36,17,23,0,s,3,0,s,6
1582,s,18,4,18,s,4,0,s,3,0,0,4,3,2,3,2,d,3,4,s,8,36,17,23,0,s,3,0,s,6
1426,s,18,4,18,s,4,0,s,3,4,0,4,s,2,0,2,2,3,4,0,8,36,17,23,0,s,3,0,s,0
I223,s,0,2,18,3,0,0,s,0,0,0,4,3,2,0,2,2,3,0,0,8,0,0,0,0,s,3,0,s,0
I224,s,18,2,18,3,0,0,s,0,0,10,4,3,2,0,2,2,3,0,21,8,0,0,0,0,s,3,0,s,0
I225,s,s,2,18,3,0,0,s,0,0,10,4,3,2,0,2,2,3,0,21,8,4,13,0,0,s,3,1,s,0
I227,s,s,2,18,3,0,1,s,0,0,10,4,3,2,4,2,2,3,0,21,8,4,13,0,0,s,3,1,s,39
1549,s,s,2,18,3,0,1,s,d,0,10,4,3,2,4,2,2,3,0,21,8,4,13,0,0,s,3,1,s,39
1548,s,s,2,18,3,d,1,s,0,0,d,4,3,d,4,2,2,3,0,21,8,4,13,0,0,s,3,1,s,39
1833,s,s,2,18,3,0,12,s,0,0,10,4,3,2,28,d,2,3,0,21,8,4,d,0,d,s,s,1,s,0
I232,s,18,2,18,3,0,0,s,0,0,10,4,3,2,0,2,2,3,0,21,8,0,0,0,0,s,3,0,s,0
I233,s,18,2,18,3,0,0,s,0,0,10,4,s,2,0,2,2,3,4,21,8,0,0,0,0,s,3,0,s,33
I234,s,18,2,18,3,0,0,s,0,0,10,4,s,2,0,2,2,3,4,21,8,32,0,0,0,s,3,0,s,33
1487,s,18,2,18,3,0,6,s,d,0,10,4,s,2,0,d,2,3,4,21,d,32,0,0,0,s,3,0,s,33
1486,s,18,2,18,3,0,0,s,0,0,10,4,s,2,0,2,2,3,d,21,d,32,0,0,0,s,d,0,s,33
1562,s,s,2,18,3,d,11,s,0,0,10,4,s,2,0,2,2,d,4,21,8,0,d,s,0,s,3,0,s,33
1440,s,18,2,18,3,0,d,s,0,d,10,d,3,2,0,s,2,3,0,21,8,0,1,0,60,s,3,s,s,d
I239,s,0,2,18,3,0,0,s,3,2,0,4,3,2,0,2,2,3,0,0,8,0,0,0,7,s,3,0,s,0
I240,s,0,2,18,3,0,0,s,3,2,0,4,3,2,27,2,2,3,0,0,8,0,0,0,7,s,3,0,s,0
I242,s,0,2,18,3,0,0,s,3,2,0,4,3,2,27,2,2,3,0,0,8,0,0,0,7,s,3,0,s,0
1951,s,0,2,18,3,0,0,s,d,2,0,4,3,d,d,2,2,3,0,0,8,0,0,0,7,s,3,0,s,0
1950,s,0,d,18,3,0,0,s,3,2,0,4,3,2,27,d,2,3,0,0,8,0,0,0,7,s,3,0,s,0
I244,s,0,2,18,3,0,0,s,3,2,9,4,3,2,27,2,2,3,0,0,8,0,0,9,7,s,3,0,s,0
985,s,d,2,18,3,0,0,s,3,d,9,4,3,2,27,2,2,s,0,0,8,0,0,9,d,s,3,0,s,48
I245,s,0,2,18,3,0,0,s,3,2,9,4,3,2,27,2,2,3,0,0,8,0,6,9,7,s,3,0,s,0
2033,s,0,2,18,3,0,0,s,3,2,9,4,3,2,27,d,2,3,0,0,8,0,6,9,7,s,3,0,s,0
2032,s,d,2,18,3,0,0,s,3,2,9,4,3,2,27,2,2,3,0,0,8,0,d,9,7,s,3,0,s,0
I246,s,0,2,18,3,0,0,s,3,2,0,4,3,2,0,2,s,3,0,0,8,0,0,0,7,s,3,0,s,0
2021,s,d,2,18,3,4,d,s,3,2,1,4,3,2,0,d,s,3,d,0,8,0,d,0,7,s,3,0,s,0
1030,s,d,2,18,3,0,0,s,3,d,13,4,3,2,4,2,s,3,d,d,8,39,0,0,7,s,3,0,s,0
I251,s,0,0,18,3,0,0,0,0,0,0,4,0,2,0,0,2,3,0,0,8,0,0,0,0,0,0,19,s,27
I252,s,0,0,18,3,0,0,0,0,0,12,4,0,2,3,0,2,3,0,0,8,0,0,0,0,s,0,19,s,27
I253,s,0,0,18,s,0,0,0,0,0,12,4,0,2,3,0,2,3,0,0,8,0,0,0,68,s,0,19,s,27
I254,s,0,0,18,s,0,0,0,0,0,12,4,0,2,3,0,2,3,0,2,8,0,0,0,68,s,0,19,s,27
I255,s,7,0,18,s,4,0,0,0,s,12,4,0,2,3,2,2,3,0,2,8,0,0,0,68,s,0,19,s,27
I256,s,7,0,18,s,4,12,0,0,s,12,s,0,2,3,2,2,3,13,2,8,0,0,0,68,s,0,19,s,27
I257,s,7,0,18,s,4,12,0,0,s,12,s,0,2,3,2,2,3,13,2,8,0,0,0,68,s,0,19,s,27
I258,s,7,0,18,s,4,12,0,3,s,12,s,0,2,3,2,2,3,13,2,8,0,0,0,68,s,0,19,s,27
1223,s,7,0,18,s,4,12,0,3,s,12,s,0,2,3,2,2,3,d,d,8,0,0,s,68,s,0,19,s,27
1222,s,d,d,18,s,4,12,0,3,s,12,s,0,2,3,2,2,3,13,2,8,0,0,0,68,s,d,19,s,d
1378,s,d,4,18,s,4,12,0,1,s,12,s,0,2,3,2,d,3,13,2,8,0,d,13,d,s,0,19,s,s
I261,s,7,0,18,s,4,12,0,0,s,12,s,0,2,3,2,2,3,13,2,8,0,0,0,68,s,0,19,s,27
1069,s,7,0,18,s,4,12,0,0,s,12,s,d,2,3,2,s,d,13,2,8,d,0,0,68,s,0,19,s,27
1068,s,7,d,18,s,4,12,0,0,s,d,s,d,2,3,2,2,3,d,2,8,0,0,0,68,s,d,19,s,27
I263,s,7,0,18,s,4,0,0,0,s,12,4,0,2,3,2,2,3,0,2,8,0,0,0,68,s,0,19,s,27
1254,s,7,0,18,s,d,0,d,0,s,12,4,d,2,3,2,2,3,0,2,8,0,0,23,68,s,d,19,s,27
1054,s,d,2,18,s,4,0,0,0,s,d,4,0,d,3,2,2,3,0,2,8,0,0,d,68,s,0,19,s,d
I270,s,0,0,18,s,4,0,0,0,0,12,4,0,2,3,0,2,3,0,2,8,0,15,0,68,s,0,19,s,27
I271,s,0,0,18,s,4,0,0,0,0,12,4,0,2,3,2,2,3,0,2,8,0,15,0,68,s,0,19,s,27
I272,s,0,0,18,s,4,0,0,0,0,12,4,s,2,3,2,2,3,0,2,8,4,15,15,68,s,0,19,s,27
1005,s,4,d,18,s,4,0,0,3,s,12,4,s,2,3,d,2,3,d,2,8,d,15,15,68,s,0,19,s,d
1994,s,0,4,18,s,4,d,d,0,d,12,4,s,2,3,2,2,3,4,2,8,d,15,15,68,s,3,19,s,27
I277,s,0,0,18,s,4,0,0,0,s,12,4,0,2,3,2,2,3,3,2,8,0,15,0,68,s,0,19,s,27
1072,s,0,0,18,s,4,d,d,0,s,12,d,3,d,3,2,2,3,3,d,8,0,d,0,68,s,1,d,s,27
1186,s,s,0,18,s,4,0,0,0,s,d,s,0,2,3,2,2,3,3,2,8,d,15,0,68,s,0,19,s,27
I280,s,20,0,18,s,4,0,0,0,0,12,4,0,2,3,0,2,3,0,2,8,0,15,0,68,s,0,19,s,27
I281,s,20,0,18,s,4,0,0,0,0,12,4,0,2,3,0,2,3,0,2,8,4,15,0,68,s,0,19,s,27
1318,s,d,0,18,s,4,0,2,d,d,12,4,d,2,3,0,2,3,9,2,8,d,15,d,68,s,1,19,s,27
1180,s,20,4,18,s,4,0,0,0,2,12,4,0,2,3,0,2,d,0,d,8,4,15,0,68,s,0,19,s,27
I286,s,20,0,18,s,4,0,0,3,4,12,4,0,2,3,2,2,3,0,2,8,21,15,0,68,s,0,19,s,27
1475,s,20,d,18,s,4,0,0,3,4,12,4,0,2,3,2,2,3,d,2,8,21,d,0,68,s,d,19,s,27
1474,s,20,0,18,s,4,0,3,3,4,12,4,d,2,3,2,2,3,d,2,8,21,15,0,68,s,0,19,s,d
I287,s,0,0,18,s,4,0,0,0,0,12,4,0,2,3,0,2,3,0,3,8,14,0,0,68,s,0,19,s,27
I288,s,0,0,18,s,4,0,0,2,0,12,4,0,2,3,0,2,3,0,3,8,14,0,0,68,s,0,19,s,27
I289,s,0,0,18,s,4,1,s,2,0,12,4,0,2,3,0,2,3,0,3,8,14,0,0,68,s,0,19,s,27
I290,s,0,2,18,s,4,1,s,2,0,12,4,0,2,3,0,2,3,0,3,8,14,0,0,68,s,0,19,s,27
I291,s,0,2,18,s,4,1,s,2,4,12,4,0,2,3,0,2,3,0,3,8,14,0,0,68,s,0,19,s,27
1145,s,0,2,18,s,4,1,s,2,4,12,4,0,d,d,0,2,d,0,3,d,14,0,0,68,s,0,19,s,27
1144,s,0,2,18,s,4,1,s,2,d,12,d,0,2,3,0,2,3,0,3,8,14,d,0,68,s,3,19,s,d
I292,s,0,2,18,s,4,1,s,2,0,12,4,3,2,3,0,2,3,0,3,8,14,5,0,68,s,2,19,s,s
1489,s,3,d,18,s,4,1,s,2,0,12,4,3,2,3,0,2,3,12,3,d,14,5,0,68,s,2,d,s,s
1488,s,0,2,18,s,4,d,s,2,0,12,d,3,d,d,0,2,3,0,d,8,14,5,0,68,s,2,d,s,s
I293,s,2,0,18,s,4,1,s,2,0,12,4,0,2,3,0,2,3,0,3,8,14,0,0,68,s,1,19,s,27
1604,s,2,0,d,s,s,1,s,2,2,12,4,0,2,3,0,2,3,0,d,8,14,17,0,68,s,d,19,s,27
1416,s,2,0,18,s,4,d,s,2,0,12,4,0,2,s,0,2,d,0,3,d,14,0,13,68,s,1,19,s,27
I296,s,0,0,18,s,4,0,0,2,0,12,4,0,2,3,0,2,3,0,3,8,14,0,0,68,s,0,19,s,27
I297,s,0,0,18,s,4,0,0,2,3,12,4,0,2,3,0,2,3,0,3,8,14,0,0,68,s,0,19,s,27
1732,s,0,0,18,s,4,0,0,2,3,12,d,3,2,3,0,2,3,0,s,8,14,0,0,68,s,s,19,s,27
I299,s,0,0,18,s,4,0,0,2,3,12,4,0,2,3,0,2,3,12,3,8,14,0,0,68,s,0,19,s,27
1147,s,0,0,18,s,d,0,0,2,3,12,4,0,2,3,0,2,d,12,3,8,d,d,d,68,s,0,d,s,27
1146,s,0,0,18,s,d,11,d,2,3,12,4,0,2,3,d,2,3,12,3,8,14,0,d,68,s,0,19,s,27
I301,s,0,0,18,s,4,0,5,2,s,12,4,0,2,3,0,2,3,0,3,8,14,0,9,68,s,0,19,s,27
1493,s,0,0,18,s,4,0,5,2,s,12,4,d,2,3,0,2,3,0,3,8,14,d,9,68,s,0,19,s,27
1492,s,0,0,d,s,4,5,d,2,s,12,4,d,2,d,0,2,d,0,d,d,14,d,9,68,s,0,19,s,27
I303,s,0,0,18,s,4,5,0,0,0,12,4,0,2,3,0,2,3,0,3,8,14,0,0,68,s,1,19,s,27
I304,s,0,0,s,s,4,5,s,0,0,12,4,0,2,3,0,2,3,0,3,8,14,0,4,68,s,1,19,s,27
I305,s,0,0,s,s,4,5,s,0,2,12,4,0,2,3,0,2,3,0,3,8,14,0,4,68,s,1,19,s,27
I306,s,0,0,s,s,4,5,s,0,2,12,4,0,2,3,0,2,3,0,3,8,14,0,4,68,s,1,19,s,27
1799,s,0,0,s,s,4,5,s,0,d,d,d,0,2,3,d,d,3,d,3,8,d,d,d,68,s,d,19,s,27
1798,s,0,0,s,s,4,5,s,0,2,d,d,0,2,3,d,2,3,d,d,d,d,0,d,68,s,1,19,s,27
1807,s,0,0,s,s,4,5,s,0,2,d,4,0,2,3,0,2,3,0,3,d,14,0,d,68,s,1,19,s,27
1841,s,0,0,s,s,4,5,s,0,d,12,d,0,2,3,2,2,s,d,3,8,14,0,4,68,s,d,d,s,27
I310,s,0,0,18,s,4,5,0,0,0,12,4,0,2,s,0,2,3,0,3,8,14,0,0,s,s,1,19,s,27
1368,s,d,0,18,s,4,5,s,0,0,12,4,0,2,s,d,2,3,0,3,8,d,7,d,s,s,1,19,s,27
1888,s,0,0,18,s,4,5,0,3,0,d,4,0,2,s,0,2,3,0,d,8,14,0,0,s,s,1,19,s,d
I317,s,0,0,18,3,3,3,0,0,0,12,4,0,2,3,0,2,s,0,0,8,0,0,0,0,s,0,19,s,27
I318,s,0,0,18,3,3,3,0,0,0,12,4,0,2,3,0,2,s,0,21,8,0,0,3,0,s,0,19,s,27
I319,s,0,0,18,3,3,3,0,0,0,12,4,0,2,3,0,2,s,0,21,8,0,0,3,0,s,0,19,s,27
I320,s,0,0,18,3,3,3,0,2,0,12,4,0,2,3,0,2,s,0,21,8,0,0,3,0,s,0,19,s,27
I321,s,0,0,18,3,3,3,0,2,0,12,4,0,2,3,0,2,s,0,21,8,0,s,3,0,s,0,19,s,27
I322,s,0,0,s,3,3,3,0,2,0,12,s,0,2,3,0,2,s,0,21,8,0,s,3,0,s,0,19,s,27
1801,s,0,0,s,3,3,d,0,2,0,12,s,0,d,3,d,d,s,0,21,d,0,s,3,0,s,0,19,s,27
1800,s,0,0,s,s,3,3,0,2,0,12,s,0,2,3,0,2,s,0,21,d,0,s,3,0,s,2,19,s,27
I323,s,0,0,18,3,3,3,12,2,s,12,4,3,2,3,0,2,s,0,21,8,0,s,3,0,s,0,19,s,27
1375,s,0,d,18,3,3,3,12,2,s,12,d,3,2,3,0,s,s,d,21,8,d,s,3,0,s,1,d,s,27
1374,s,0,0,18,d,3,3,12,2,s,12,4,3,2,3,2,2,s,0,21,8,0,s,3,0,s,d,19,s,27
1455,s,0,0,18,3,3,3,3,2,d,12,d,0,2,d,0,2,s,0,21,8,0,0,3,d,s,0,19,s,27
I327,s,0,2,18,3,3,3,0,0,0,12,4,0,2,3,0,2,s,0,21,8,0,0,3,0,s,0,19,s,27
I328,s,0,2,18,3,3,3,0,0,0,12,4,0,2,3,0,2,s,0,21,8,0,0,3,15,s,0,19,s,27
1128,s,0,2,18,d,d,3,0,d,2,12,4,0,2,3,0,2,s,d,21,d,d,0,3,15,s,0,19,s,27
I330,s,0,2,18,3,3,3,0,0,0,12,4,0,2,3,0,2,s,0,21,8,0,0,3,15,s,0,19,s,27
1293,s,0,2,18,3,d,3,0,0,0,12,4,0,2,d,0,2,s,d,21,8,1,0,3,15,s,0,19,s,27
1292,s,0,2,18,3,3,3,0,0,d,12,4,0,2,3,0,2,s,0,d,8,36,0,3,15,s,0,d,s,27
1538,s,0,2,18,3,s,3,0,0,0,12,4,0,2,3,0,2,s,0,21,8,0,0,3,0,s,d,19,s,27
I342,s,0,s,18,3,s,3,0,0,0,12,4,0,2,3,0,2,s,0,21,8,0,0,3,0,s,0,19,s,27
I343,s,0,s,18,3,s,3,0,0,0,12,4,0,2,3,0,2,s,0,21,8,0,0,3,0,s,0,19,s,27
1734,s,0,s,18,3,s,3,0,0,0,12,d,0,2,3,0,2,s,15,21,8,0,0,3,0,s,d,19,s,27
1695,s,d,s,18,3,s,3,0,0,d,12,4,0,2,3,d,2,s,0,21,d,0,0,3,s,s,0,19,s,27
I347,s,0,s,18,3,s,3,0,0,0,12,s,0,2,3,0,2,s,9,21,8,0,0,3,0,s,0,19,s,27
1937,s,0,s,18,3,s,3,0,0,0,d,s,0,2,d,0,d,s,9,21,8,0,0,d,0,s,0,19,s,27
1936,s,0,s,18,3,s,3,0,0,0,12,s,0,2,3,0,2,s,9,21,8,0,d,3,0,s,0,19,s,27
I349,s,0,0,18,3,3,3,0,3,0,12,4,0,2,3,0,2,s,5,0,s,0,0,4,0,s,0,19,s,27
I350,s,s,0,18,3,3,3,0,3,4,12,4,0,2,3,0,2,s,5,0,s,0,19,4,0,s,0,19,s,27
I351,s,s,0,18,3,3,3,0,3,4,12,4,0,2,3,0,2,s,5,0,s,0,19,4,69,s,0,19,s,27
I353,s,s,0,18,3,3,3,0,3,4,12,4,0,2,3,0,2,s,5,0,s,0,19,4,69,s,1,19,s,s
1713,s,s,0,18,3,3,3,d,3,4,12,d,0,d,d,0,2,s,5,0,s,0,19,4,69,s,1,19,s,s
1712,s,s,0,18,3,d,d,0,3,4,12,4,0,2,3,0,2,s,d,1,s,d,19,4,69,s,1,19,s,s
I355,s,s,0,18,3,3,3,0,3,4,12,4,0,2,3,0,2,s,5,0,s,0,19,4,69,s,0,19,s,27
1601,s,s,d,18,3,3,3,0,3,4,12,4,0,d,3,0,2,s,5,0,s,0,19,4,69,s,1,19,s,27
1684,s,s,4,18,d,3,3,0,d,4,12,d,3,2,d,0,2,s,5,0,s,39,19,4,69,s,0,d,s,27
1137,s,s,0,18,3,3,3,0,3,4,12,4,0,2,s,0,2,s,5,20,s,d,d,4,23,s,2,d,s,27
I365,s,0,0,18,3,3,s,0,3,0,12,4,0,2,3,2,2,s,5,2,s,0,0,4,0,s,0,19,s,27
I366,s,0,4,18,3,3,s,0,3,0,12,4,0,2,3,2,2,s,5,2,s,0,11,4,0,s,0,19,s,27
I367,s,0,4,18,3,3,s,0,3,0,12,4,0,2,3,2,2,s,5,2,s,0,11,4,0,s,0,19,s,27
1651,s,0,d,18,3,3,s,0,3,0,12,4,0,2,3,2,2,s,s,2,s,0,11,4,50,s,0,19,s,27
1524,s,0,4,18,3,d,s,18,s,0,12,4,0,2,3,2,2,s,5,2,s,0,11,4,s,s,0,19,s,27
I370,s,0,4,18,3,3,s,0,3,0,12,4,0,2,3,2,2,s,5,2,s,0,11,4,0,s,0,19,s,27
I371,s,0,4,18,3,3,s,0,3,0,12,4,0,2,3,2,2,s,5,2,s,0,11,4,8,s,0,19,s,27
1941,s,0,d,d,3,3,s,0,3,0,d,4,0,2,3,2,2,s,5,2,s,0,11,4,8,s,0,19,s,d
1940,s,0,4,18,3,3,s,0,3,0,12,4,0,2,3,2,2,s,5,d,s,0,11,4,8,s,0,19,s,d
1444,s,2,s,18,d,3,s,d,3,0,12,4,0,2,3,s,2,s,5,2,s,0,11,4,0,s,0,19,s,d
I374,s,0,0,18,3,3,s,8,3,0,12,4,3,2,3,2,2,s,5,2,s,0,0,4,0,s,0,19,s,27
1347,s,0,0,d,3,d,s,8,3,0,12,4,3,d,d,2,2,s,5,2,s,0,0,4,0,s,0,19,s,27
1085,s,0,d,18,3,3,s,8,3,0,12,4,3,2,3,2,2,s,5,2,s,d,0,4,0,s,0,19,s,27
I380,s,0,0,18,3,0,0,8,0,0,0,4,s,2,0,0,2,3,0,0,8,0,0,0,0,0,0,19,s,27
I381,s,2,0,18,3,0,0,8,1,0,0,4,s,2,0,3,2,3,5,s,8,4,0,0,0,0,0,19,s,27
I382,s,2,4,18,3,0,0,8,1,0,0,4,s,2,0,3,2,3,5,s,8,4,0,0,0,0,0,19,s,27
I383,s,2,4,18,3,0,0,8,1,0,0,4,s,2,0,3,2,3,5,s,8,4,0,0,0,0,0,19,s,27
I384,s,2,4,18,3,0,0,8,1,0,7,4,s,2,0,3,2,3,5,s,8,4,0,0,0,26,2,19,s,27
I385,s,2,s,18,3,0,0,8,1,0,7,4,s,2,0,3,2,3,5,s,8,s,0,0,0,26,2,19,s,27
1839,s,2,s,18,3,d,0,8,d,0,7,4,s,2,d,3,2,d,5,s,8,s,0,0,d,26,d,19,s,27
I387,s,2,s,18,3,4,0,8,1,0,7,4,s,2,0,3,2,3,5,s,8,s,0,0,0,26,2,19,s,27
1567,s,d,s,18,3,4,0,8,1,0,7,d,s,2,d,3,2,3,5,s,d,s,d,0,0,26,d,d,s,d
1566,s,2,s,d,3,4,0,d,1,0,7,4,s,2,0,3,2,3,5,s,8,s,5,0,0,d,2,19,s,27
I388,s,2,4,18,3,0,0,8,1,0,7,4,s,2,27,3,2,3,5,s,8,4,0,0,0,26,2,19,s,27
I389,s,2,4,18,3,0,0,8,1,4,7,4,s,2,27,3,2,3,5,s,8,4,0,0,0,26,2,19,s,27
1791,s,d,d,d,3,0,d,8,1,4,7,d,s,2,27,3,2,3,5,s,8,4,0,0,0,26,d,19,s,27
1790,s,2,4,18,3,0,0,8,d,4,7,4,s,2,d,3,2,d,5,s,8,4,0,0,0,26,2,d,s,27
I390,s,2,4,18,3,0,0,8,1,3,7,4,s,2,27,3,2,3,5,s,8,4,0,0,0,26,2,19,s,27
1699,s,2,4,18,3,0,0,8,d,3,7,4,s,2,27,3,2,3,5,s,8,4,0,13,0,26,2,19,s,27
1698,s,2,4,18,3,d,0,8,1,3,7,d,s,2,27,d,2,d,5,s,8,4,0,0,0,26,2,19,s,27
I391,s,2,4,18,3,0,0,8,1,0,0,4,s,2,0,3,2,3,5,s,8,4,0,0,0,0,1,19,s,27
I392,s,2,4,18,3,0,0,8,1,0,0,4,s,2,0,3,2,3,5,s,8,4,0,0,0,0,1,19,s,27
1674,s,2,d,18,3,0,0,8,1,0,0,4,s,2,0,3,2,3,5,s,8,4,d,d,0,d,1,19,s,s
1741,s,2,d,18,3,0,0,8,1,0,0,4,s,2,0,3,2,3,5,s,8,d,19,0,d,0,1,19,s,27
1593,s,d,d,18,3,0,5,8,d,4,0,4,s,s,0,3,2,3,5,s,d,4,0,d,0,0,1,19,s,27
I398,s,2,4,18,3,0,0,8,1,0,0,4,s,2,0,3,2,3,5,s,8,4,0,0,0,0,0,19,s,27
I399,s,2,4,18,3,0,0,8,1,4,0,4,s,2,0,3,2,3,5,s,8,4,0,9,0,0,0,19,s,27
I400,s,2,4,18,3,0,2,8,1,4,0,4,s,2,s,3,2,3,5,s,8,4,0,9,0,0,0,19,s,27
1933,s,2,4,d,3,0,2,s,1,d,0,4,s,2,s,3,2,3,5,s,8,4,0,9,0,d,0,d,s,27
1895,s,s,4,d,3,0,2,8,d,4,0,4,s,2,s,3,d,3,5,s,8,4,d,9,d,0,0,d,s,d
I403,s,2,4,18,3,0,0,8,1,4,0,4,s,2,0,3,2,3,5,s,8,4,15,9,0,0,0,19,s,27
1788,s,2,4,18,3,0,0,8,1,d,0,4,s,2,0,3,2,3,5,s,8,4,15,d,d,0,0,19,s,27
1881,s,d,4,18,3,0,0,8,1,4,0,4,s,2,16,3,2,d,5,s,d,4,d,9,0,0,d,19,s,d
I406,s,2,4,18,3,0,0,8,1,0,0,4,s,2,0,3,2,3,5,s,8,4,0,0,0,0,0,19,s,27
I407,s,2,4,18,3,0,0,8,1,0,0,4,s,2,4,3,2,3,5,s,8,4,0,0,0,0,0,19,s,27
1688,s,2,4,d,3,0,0,d,1,4,0,4,s,s,d,d,2,3,5,s,8,4,0,d,23,0,0,19,s,27
I409,s,2,4,18,3,0,0,s,1,0,0,4,s,2,4,3,2,3,5,s,8,4,0,0,0,0,0,19,s,27
1901,s,2,4,18,3,0,0,s,1,d,0,4,s,2,4,d,d,3,5,s,8,4,d,0,0,0,0,19,s,27
1900,s,2,4,18,3,0,0,s,d,0,d,4,s,d,4,3,d,3,5,s,d,4,0,0,0,0,0,19,s,27
1983,s,2,4,18,3,0,d,8,1,0,12,d,s,2,d,3,2,3,s,s,8,4,0,0,d,3,d,19,s,27
I413,s,2,4,18,3,0,0,8,1,0,0,4,s,2,0,3,2,3,5,s,8,4,0,0,0,0,0,19,s,27
I414,s,2,4,18,3,0,0,8,1,0,0,4,s,2,0,3,2,3,5,s,8,4,0,0,0,0,0,19,s,27
I415,s,2,4,18,3,0,3,8,1,0,0,4,s,2,0,3,s,3,5,s,8,4,0,0,72,0,0,19,s,27
1331,s,2,4,d,3,s,3,8,d,0,d,4,s,d,0,3,s,3,5,s,8,4,19,0,72,0,d,19,s,27
I421,s,2,4,18,3,0,3,8,s,0,0,4,s,2,0,3,s,3,5,s,8,4,s,13,72,0,0,19,s,27
1285,s,2,4,18,3,5,3,8,s,0,0,4,s,2,0,3,s,3,5,s,8,d,s,13,72,0,0,19,s,27
1284,s,2,4,18,d,0,3,8,s,0,d,4,s,2,0,d,s,3,5,s,8,d,s,13,72,0,0,d,s,s
I422,s,2,4,18,3,4,8,8,1,0,0,4,s,2,17,3,2,3,5,s,8,4,0,22,0,0,0,19,s,27
I423,s,2,4,18,3,4,8,8,1,s,12,4,s,2,17,s,2,3,5,s,8,4,0,22,0,0,3,19,s,27
1450,s,d,4,18,3,4,8,8,1,s,12,4,s,2,17,s,2,d,5,s,8,4,d,22,d,14,d,19,s,27
I425,s,s,4,18,3,4,8,8,1,s,12,4,s,2,17,s,2,3,5,s,8,4,0,22,0,0,3,19,s,27
1209,s,s,4,18,3,4,8,8,1,s,12,d,s,2,17,s,d,3,d,s,8,4,0,22,0,0,3,19,s,27
1208,s,s,4,18,3,4,8,8,1,s,12,4,s,2,17,s,d,3,5,s,8,4,16,22,d,0,3,19,s,27
I426,s,2,4,18,3,4,8,8,1,0,0,4,s,2,17,3,2,3,5,s,8,4,0,22,0,0,0,19,s,27
1157,s,2,4,d,3,4,8,8,1,0,d,4,s,2,d,3,2,3,5,s,8,d,0,22,0,0,0,s,s,27
1108,s,d,4,18,3,4,8,8,1,d,0,4,s,2,17,3,2,3,5,s,d,d,d,22,0,0,d,19,s,27
I429,s,2,4,18,3,0,0,8,1,0,0,4,s,2,0,3,2,3,5,s,8,4,0,s,0,0,0,19,s,27
I430,s,2,4,18,3,0,0,8,1,0,0,4,s,2,0,3,2,s,5,s,8,4,0,s,0,0,0,19,s,27
1690,s,2,4,18,3,0,3,8,1,0,0,4,s,2,s,3,2,s,5,s,8,4,s,s,0,0,0,19,s,27
1663,s,2,4,18,3,0,0,8,1,0,0,4,s,2,31,3,2,s,d,s,8,4,0,s,0,d,0,19,s,27
I437,s,2,4,18,3,0,0,8,1,0,0,4,s,2,0,3,2,3,5,s,8,4,0,s,0,s,0,19,s,27
1603,s,2,4,18,3,d,d,8,1,0,0,d,s,d,0,3,d,s,5,s,d,4,0,s,0,s,1,19,s,27
1974,s,2,4,18,3,d,0,8,1,0,4,4,s,2,0,3,2,3,d,s,8,4,0,s,0,s,0,19,s,27
I444,s,0,0,18,3,0,0,8,0,0,0,s,s,2,7,0,2,3,0,0,8,0,0,0,37,0,0,19,s,27
I445,s,0,0,18,3,0,0,8,0,0,0,s,s,2,7,0,2,3,0,0,8,0,0,0,37,0,0,19,s,27
I446,s,0,4,18,3,0,0,8,0,4,0,s,s,2,7,0,2,3,0,0,8,0,0,0,37,0,0,19,s,27
I447,s,0,4,18,3,0,5,8,0,4,0,s,s,2,7,0,2,3,0,0,8,0,19,0,37,0,0,19,s,27
I450,s,0,4,18,3,4,5,8,0,4,0,s,s,2,7,0,2,3,0,0,8,32,19,18,37,0,0,19,s,27
1273,s,0,4,18,3,4,5,d,0,4,d,s,s,2,7,0,2,d,0,0,8,32,19,18,37,0,0,19,s,27
1272,s,d,d,18,3,d,5,8,0,d,0,s,s,2,7,0,2,d,0,9,8,s,19,18,37,0,0,19,s,27
I451,s,0,4,18,3,0,5,8,0,4,0,s,s,2,7,2,2,3,0,0,8,33,19,0,37,0,0,19,s,27
I452,s,0,4,18,3,0,5,8,0,4,0,s,s,2,7,2,2,3,0,0,8,33,19,0,37,0,1,19,s,27
1143,s,0,4,18,3,0,d,8,0,4,0,s,s,2,7,2,2,3,d,d,8,33,s,0,37,0,1,19,s,d
1142,s,0,d,d,3,0,5,8,0,4,d,s,s,2,7,2,2,3,0,0,8,33,19,0,d,0,d,19,s,27
1152,s,18,4,18,d,0,5,8,0,4,1,s,s,2,7,2,2,3,0,0,8,33,19,0,37,32,0,19,s,27
I454,s,0,4,18,3,0,0,8,0,4,0,s,s,2,7,2,2,3,0,6,8,11,0,0,37,0,0,19,s,27
I457,s,2,4,18,3,0,0,8,0,4,0,s,s,2,7,2,2,3,0,6,8,11,0,0,37,0,0,19,s,27
1821,s,2,d,18,3,0,0,d,0,4,d,s,s,2,d,2,d,3,12,6,8,11,0,0,37,0,0,19,s,27
1820,s,2,d,18,3,0,0,8,0,4,0,s,s,2,7,2,2,3,d,6,8,11,0,0,37,0,0,d,s,27
I458,s,18,4,18,3,0,0,8,0,4,0,s,s,2,7,2,2,3,0,6,8,11,0,4,37,0,0,19,s,27
I459,s,18,4,18,3,0,0,8,0,4,0,s,s,2,7,2,2,3,0,6,8,11,0,4,37,0,0,19,s,27
2025,s,18,4,18,3,0,0,8,0,4,d,s,s,d,7,2,2,3,d,d,8,11,0,d,37,0,0,19,s,27
2024,s,18,4,18,3,0,0,8,0,4,0,s,s,2,7,2,2,3,0,6,8,11,0,4,37,0,0,19,s,27
I460,s,18,4,18,3,0,0,8,0,4,0,s,s,2,7,2,2,3,0,6,8,11,0,4,37,0,0,19,s,27
1875,s,18,4,d,3,0,0,8,2,4,0,s,s,2,7,2,d,3,0,6,8,d,0,4,37,0,0,19,s,27
1874,s,18,4,d,3,0,0,8,d,4,0,s,s,2,7,2,2,3,d,6,8,11,0,4,37,d,0,19,s,27
I461,s,0,0,18,3,0,0,8,0,0,0,s,s,2,7,0,2,3,0,0,8,0,0,0,37,0,0,19,s,27
1891,s,0,d,18,3,4,0,8,d,4,0,s,s,2,7,0,d,3,4,0,8,0,19,13,d,0,0,s,s,27
1915,s,0,d,18,3,0,11,8,0,0,0,s,s,2,7,0,s,3,d,d,8,30,0,0,37,0,0,d,s,27
I476,s,3,0,18,3,0,0,8,0,0,0,s,s,2,7,0,2,3,0,0,8,0,0,0,37,0,0,s,s,27
I477,s,3,0,18,3,0,0,8,0,0,0,s,s,2,7,0,2,3,0,0,8,0,0,0,37,0,0,s,s,27
I478,s,3,0,18,3,4,0,8,0,0,0,s,s,2,7,0,2,3,4,0,8,27,13,0,37,0,0,s,s,27
I479,s,3,0,18,3,4,0,8,0,0,0,s,s,2,7,0,2,3,4,14,8,27,13,23,37,0,0,s,s,27
1503,s,3,0,18,3,4,0,d,0,0,0,s,s,2,7,0,2,3,4,14,8,27,13,23,37,0,0,s,s,27
1609,s,3,0,18,3,4,2,8,0,0,0,s,s,2,7,d,d,3,4,14,8,27,13,23,37,0,0,s,s,27
I482,s,3,0,18,3,4,0,8,0,0,0,s,s,2,7,0,2,3,4,0,8,27,13,0,37,0,0,s,s,27
1824,s,3,4,18,3,4,0,8,0,0,0,s,s,2,7,0,d,3,4,0,8,27,13,s,37,0,d,s,s,27
1704,s,3,0,d,3,d,5,8,0,0,0,s,s,2,7,2,2,3,4,0,d,27,13,d,37,0,0,s,s,27
I485,s,3,0,18,3,0,0,8,0,0,0,s,s,2,7,0,2,3,12,6,8,0,0,0,37,0,0,s,s,27
I486,s,s,0,18,3,0,0,8,0,s,0,s,s,2,7,2,2,3,12,6,8,0,0,0,37,0,0,s,s,27
1809,s,s,0,18,3,0,0,8,0,s,0,s,s,2,7,2,2,3,12,6,8,21,0,0,37,d,0,s,s,27
1709,s,s,d,18,d,0,d,d,0,s,0,s,s,2,7,2,2,3,12,6,8,0,0,0,37,0,0,s,s,s
I489,s,3,0,18,3,0,0,8,0,0,0,s,s,2,7,0,2,3,12,6,8,0,0,0,37,0,0,s,s,27
1751,s,3,0,18,3,0,0,8,0,0,0,s,s,2,7,0,2,3,12,6,8,0,s,d,37,14,0,s,s,27
1968,s,3,0,d,3,d,0,8,0,0,0,s,s,d,7,0,2,3,d,6,s,0,0,0,37,0,d,s,s,27
I492,s,3,0,18,3,0,0,8,3,0,13,s,s,2,7,2,2,3,0,0,8,0,0,13,37,0,0,s,s,27
I493,s,s,0,18,3,0,0,8,3,0,13,s,s,2,7,2,2,3,0,0,8,0,19,13,37,0,0,s,s,27
I494,s,s,0,18,3,0,0,8,3,0,13,s,s,2,7,2,2,3,0,0,8,0,19,13,37,0,0,s,s,27
I495,s,s,0,18,3,4,0,8,3,0,13,s,s,2,7,2,2,3,0,0,8,0,19,13,37,0,0,s,s,27
1865,s,s,d,d,3,4,0,8,3,0,13,s,s,2,7,2,2,d,0,d,8,d,19,13,37,0,d,s,s,d
1864,s,s,0,18,3,4,0,8,3,d,13,s,s,d,7,2,2,3,12,0,8,0,19,13,d,13,d,s,s,27
1959,s,s,d,18,3,0,5,8,d,0,13,s,s,2,7,2,2,3,d,0,8,0,19,13,37,0,0,s,s,27
I497,s,s,0,18,3,0,0,8,3,0,13,s,s,2,7,2,2,3,0,0,8,0,19,13,37,0,0,s,s,27
1611,s,s,0,18,d,0,0,8,d,0,d,s,s,2,7,2,2,3,0,11,d,0,19,13,d,0,0,s,s,27
1479,s,s,0,18,3,0,0,8,3,0,13,s,s,2,7,2,2,d,d,0,8,d,19,s,37,0,2,s,s,27
I500,s,3,0,18,3,0,0,8,3,0,13,s,s,2,7,2,2,3,0,9,8,0,0,13,37,0,0,s,s,27
I501,s,3,0,18,3,4,0,8,3,0,13,s,s,2,7,s,2,3,0,9,8,0,0,13,37,0,0,s,s,27
2041,s,d,0,18,3,4,0,d,3,d,13,s,s,2,7,s,d,3,0,9,8,0,0,13,d,0,0,s,s,27
2000,s,3,d,18,3,4,0,8,3,0,13,s,s,2,7,s,d,3,0,9,8,d,0,13,37,0,0,s,s,27
I504,s,3,0,18,3,0,0,8,3,0,13,s,s,2,7,2,2,3,12,9,8,0,0,13,37,0,0,s,s,27
1658,s,3,s,18,3,0,0,8,3,0,13,s,s,d,7,2,2,d,12,9,8,0,d,13,37,0,0,s,s,d
1905,s,3,0,18,s,0,0,8,d,d,13,s,s,2,7,2,2,s,12,d,8,0,0,13,37,0,0,s,s,27
I507,0,0,0,0,0,4,0,0,0,0,0,4,0,0,0,0,0,3,0,0,0,0,16,12,0,0,0,0,1,0
I508,0,0,0,0,0,4,0,0,0,0,15,4,3,0,0,0,0,3,0,0,0,11,16,12,0,0,0,0,1,0
I509,1,0,s,0,0,4,0,0,0,4,15,4,3,0,0,0,0,3,0,0,0,11,16,12,0,0,0,0,1,0
I510,1,0,s,2,0,4,12,0,2,4,15,s,3,0,0,0,0,3,0,0,0,11,16,12,0,0,0,0,1,44
I511,1,0,s,2,0,4,12,0,2,4,15,s,3,9,0,0,0,3,0,0,0,11,16,12,69,0,0,0,1,44
I512,1,0,s,2,0,4,12,0,2,4,15,s,3,9,0,0,0,3,0,0,0,11,16,12,69,0,0,0,1,44
I513,1,0,s,2,0,4,12,0,2,4,15,s,3,9,0,0,0,3,0,0,0,11,16,12,69,0,0,0,1,44
I515,1,0,s,2,0,4,12,0,2,4,15,s,3,9,0,0,0,3,0,0,19,11,16,12,69,0,0,0,1,44
1067,1,0,s,2,0,4,12,0,2,4,15,s,3,9,0,d,0,d,d,0,19,11,d,12,d,0,0,0,d,44
1066,1,0,s,2,0,4,12,0,2,4,15,s,3,9,0,0,0,3,0,d,19,11,16,d,d,0,0,d,1,44
I518,1,0,s,2,0,4,12,0,2,4,15,s,3,9,25,0,0,3,0,0,0,11,16,12,69,0,0,0,1,44
1091,1,d,s,2,0,4,12,0,2,4,15,s,3,9,25,0,9,3,0,0,0,11,d,12,69,0,0,7,1,44
1090,1,0,s,2,0,4,12,0,2,4,15,s,s,9,25,0,10,3,0,0,0,11,16,12,69,0,0,0,1,44
I520,1,15,s,2,0,4,12,0,2,4,15,s,3,9,0,0,0,3,0,0,0,11,16,12,69,0,0,0,1,44
I521,1,15,s,2,0,4,12,0,2,4,15,s,3,9,0,0,0,3,0,s,0,11,16,12,69,0,0,0,1,44
I522,1,15,s,2,0,4,12,0,2,4,15,s,3,9,0,0,0,3,0,s,0,11,16,12,69,0,0,0,1,44
1323,1,15,s,2,0,4,d,d,2,4,15,s,3,d,0,0,0,d,0,s,0,11,16,12,69,0,0,0,1,44
1322,1,15,s,2,0,4,12,0,2,4,15,s,d,9,d,0,0,3,3,s,0,11,16,12,69,0,0,0,1,44
1257,1,15,s,2,0,d,12,0,2,4,15,s,3,9,d,d,0,3,0,s,0,11,16,12,69,27,0,0,1,44
I524,1,15,s,2,3,4,12,0,2,4,15,s,3,9,0,0,0,3,0,0,0,11,16,12,69,0,0,0,1,44
I525,1,15,s,2,3,4,12,0,2,4,15,s,3,9,0,0,0,3,0,0,0,11,16,12,69,27,0,0,1,44
1355,1,15,s,d,3,4,12,0,2,4,d,s,s,d,0,0,0,3,0,0,0,11,16,12,d,27,d,0,1,d
1354,1,15,s,2,3,d,12,0,2,4,15,s,3,9,0,0,0,3,0,0,0,11,16,12,69,27,0,d,1,44
1586,1,15,s,2,s,4,12,0,2,4,15,s,3,9,0,0,d,3,9,s,0,11,16,12,69,0,0,0,1,44
I527,1,0,s,2,0,4,12,0,2,4,15,s,3,9,0,0,0,3,0,0,0,11,16,12,69,26,0,0,1,44
I528,1,0,s,2,0,4,12,0,2,4,15,s,3,9,0,0,0,3,0,0,0,s,16,12,69,26,0,0,1,44
I529,1,0,s,2,0,4,12,0,2,4,15,s,3,9,0,0,0,3,15,0,0,s,16,12,69,26,0,0,1,44
I530,1,0,s,2,0,4,12,0,2,4,15,s,3,9,0,0,0,3,15,0,0,s,16,12,69,26,0,0,1,44
1381,1,0,s,d,0,4,12,0,2,4,15,s,3,9,0,0,d,3,15,d,0,s,16,12,69,26,0,39,1,44
1380,1,0,s,2,0,4,12,0,d,4,15,s,d,d,0,0,0,3,15,0,0,s,d,12,69,26,0,0,1,44
I531,1,0,s,2,0,4,12,0,2,4,15,s,3,9,0,0,0,3,15,s,0,s,16,12,69,26,0,0,1,44
1655,1,0,s,d,0,d,12,0,d,4,15,s,3,9,0,0,0,3,15,s,0,s,16,12,d,26,0,0,1,44
1654,1,15,s,s,0,4,12,d,d,4,15,s,3,9,0,d,d,d,15,s,0,s,16,12,d,26,0,0,1,44
I534,1,0,s,2,0,4,12,0,2,4,15,s,3,s,0,2,0,3,0,0,0,s,16,12,69,26,0,s,1,44
1393,d,0,s,2,0,4,12,d,2,4,15,s,3,s,0,2,0,3,0,0,0,s,16,12,69,26,0,s,1,d
1392,1,0,s,d,0,4,12,0,2,4,d,s,3,s,0,2,0,3,d,d,0,s,16,12,69,26,0,s,1,44
I535,1,20,s,2,0,4,12,0,2,4,s,s,3,9,0,0,0,3,0,0,0,11,16,12,69,26,0,0,1,44
I536,1,20,s,2,0,4,12,0,2,4,s,s,3,9,0,1,0,3,0,0,0,s,16,12,69,26,0,0,1,44
I537,1,20,s,2,0,4,12,0,2,4,s,s,3,9,0,1,0,3,0,0,0,s,16,12,69,26,0,0,1,44
1211,1,20,s,2,0,4,12,d,2,4,s,s,3,9,0,1,0,3,0,0,0,s,16,d,69,26,0,0,1,44
1210,1,20,s,2,3,4,12,d,2,4,s,s,3,9,0,1,0,3,0,0,0,s,16,12,69,d,0,0,1,44
1237,d,20,s,2,0,4,12,0,2,4,s,s,3,9,s,1,0,3,0,11,0,s,16,12,69,d,0,0,1,44
1175,1,20,s,2,0,s,12,0,2,4,s,s,d,d,7,d,s,3,15,9,d,11,d,12,69,26,0,d,1,44
I542,1,0,s,2,0,4,12,0,2,4,15,s,3,0,2,0,0,3,0,0,0,11,16,12,0,0,0,0,1,44
I543,1,1,s,2,0,4,12,0,2,4,15,s,3,0,2,0,0,3,0,0,0,11,16,12,0,0,1,0,1,44
I544,1,1,s,s,0,4,12,0,2,4,15,s,3,0,2,0,0,3,0,0,0,11,16,12,0,26,s,0,1,44
I545,1,s,s,s,0,4,12,0,2,4,15,s,3,0,2,2,0,3,9,0,0,11,16,12,0,26,s,0,s,44
1183,1,s,s,s,0,4,12,14,2,4,d,s,3,0,2,2,0,3,9,d,0,11,16,d,0,26,s,0,s,44
1082,1,s,s,s,0,4,12,0,2,4,15,s,3,27,2,2,0,3,9,0,0,11,d,12,0,26,s,41,s,44
I549,1,1,s,s,3,4,12,0,2,4,15,s,s,35,2,0,0,3,s,0,0,11,16,12,0,26,s,1,1,44
1047,d,1,s,s,3,d,d,0,2,4,d,s,s,35,2,0,0,3,s,0,d,11,16,12,0,26,s,d,1,44
2046,1,d,s,s,3,4,12,0,2,4,15,s,s,35,2,0,d,3,s,0,0,11,16,12,0,d,s,1,1,44
I552,1,1,s,2,0,4,12,0,2,4,15,s,3,0,2,0,0,3,9,0,7,11,16,12,0,0,1,0,1,44
I555,1,1,s,2,0,4,12,0,2,4,15,s,3,0,2,2,0,3,s,0,7,s,16,12,0,0,1,0,1,44
1203,1,1,s,2,d,4,12,0,2,4,15,s,3,0,2,2,d,3,s,0,7,s,16,12,0,0,1,d,1,44
1202,1,1,s,2,0,4,d,0,2,4,d,s,3,0,2,2,d,3,s,d,7,s,16,12,0,0,1,0,1,d
I556,1,1,s,2,0,4,12,0,2,4,15,s,3,0,2,0,0,3,9,0,7,11,16,12,0,0,s,0,1,44
I557,s,1,s,2,0,4,12,0,2,4,15,s,3,0,2,0,0,3,9,0,7,11,16,12,0,0,s,0,1,44
1267,s,1,s,d,0,4,12,s,2,d,15,s,3,0,2,0,0,3,9,0,7,11,16,12,d,0,s,0,1,44
1266,s,1,s,2,0,4,12,d,2,4,d,s,3,0,2,0,0,3,9,0,7,11,16,12,d,0,s,0,1,44
I559,1,1,s,2,0,4,12,0,2,4,15,s,3,23,2,0,0,3,9,0,7,11,16,12,s,0,s,22,1,44
2017,1,1,s,2,0,4,12,0,2,4,d,s,3,d,d,s,0,3,9,0,d,11,16,12,s,0,s,22,1,d
2016,1,1,s,2,d,4,12,0,2,4,15,s,3,23,2,0,0,3,9,0,7,11,16,12,s,0,s,22,d,44
I561,1,0,s,2,0,4,12,0,2,4,15,s,3,0,2,2,0,3,0,0,0,11,16,12,0,0,0,0,s,44
I562,1,0,s,2,3,4,12,0,2,4,15,s,3,0,2,2,0,3,0,0,7,11,16,12,0,0,0,0,s,44
I563,1,0,s,2,3,4,12,0,2,4,15,s,3,0,2,2,0,3,9,0,7,11,16,12,0,0,0,0,s,44
I564,1,0,s,2,3,4,12,0,2,4,15,s,3,0,2,2,0,3,9,0,7,11,16,12,0,0,0,0,s,44
1195,1,d,s,2,3,d,12,0,2,4,15,s,d,0,2,2,0,3,9,0,7,11,16,12,0,0,0,0,s,44
1194,1,0,s,2,3,4,12,0,2,4,d,s,3,0,2,2,0,3,9,14,7,11,16,12,0,0,0,0,s,44
I565,1,0,s,2,3,4,12,0,2,4,15,s,3,0,2,2,0,3,9,0,7,11,16,s,0,0,0,0,s,44
1169,1,0,s,2,3,4,12,d,2,4,15,s,3,0,2,2,0,3,s,0,7,11,16,s,0,1,d,0,s,44
1168,d,0,s,2,3,4,12,0,2,4,15,s,3,0,d,d,0,3,d,0,7,11,16,s,0,0,0,0,s,d
I566,1,0,s,2,3,4,12,0,2,4,15,s,3,0,2,2,0,3,0,0,7,11,16,12,0,0,0,38,s,44
1400,d,0,s,2,3,4,12,0,2,d,15,s,3,0,2,2,0,3,d,0,7,11,16,12,0,0,0,d,s,44
I568,1,0,s,2,3,4,12,0,2,4,15,s,3,0,2,2,0,3,0,0,7,11,16,12,0,0,0,s,s,44
1517,1,s,s,d,d,4,d,0,2,4,15,s,3,0,2,2,0,3,0,0,7,11,16,12,0,0,0,s,s,44
1516,1,d,s,2,3,4,d,0,d,4,15,s,3,0,2,d,0,3,0,0,d,11,d,12,0,d,0,s,s,44
I569,1,0,s,2,0,4,12,14,2,4,15,s,s,0,2,2,0,3,0,0,0,s,16,12,0,14,0,0,s,44
I570,1,0,s,2,0,4,12,14,2,4,15,s,s,0,2,2,2,3,0,0,0,s,16,12,0,14,0,0,s,44
1295,1,0,s,2,0,4,12,14,2,4,15,s,s,0,2,2,d,3,0,0,0,s,16,d,0,14,0,5,s,44
1353,1,0,s,2,0,4,12,14,2,4,15,s,s,0,d,2,2,d,0,0,10,s,16,12,d,14,0,d,s,44
I573,1,0,s,2,3,4,12,14,2,4,15,s,s,0,2,2,0,3,0,0,0,s,16,12,0,14,0,0,s,44
1550,1,0,s,2,3,4,12,d,2,4,15,s,s,0,2,2,12,3,0,0,0,s,16,d,0,14,0,0,s,44
1197,1,20,s,2,3,4,12,14,2,4,15,s,s,d,s,2,0,3,0,11,d,s,16,12,0,14,0,0,s,d
I576,1,0,s,0,0,4,0,0,0,4,15,4,3,0,0,0,1,3,0,0,0,11,16,12,0,0,0,0,1,0
I577,1,0,s,0,0,4,0,0,0,4,15,4,3,0,0,0,1,3,0,0,0,11,16,12,0,0,0,0,1,0
I578,1,0,s,0,0,4,0,0,0,4,15,4,3,0,0,0,1,3,11,0,0,11,16,12,0,0,3,0,1,0
1671,1,0,s,21,0,4,0,0,s,s,15,4,3,d,0,0,1,3,11,0,0,11,16,12,12,0,s,0,1,0
I586,1,0,s,0,0,4,0,0,0,4,s,4,3,0,0,0,1,3,11,0,0,11,16,12,0,0,3,0,1,0
I587,1,0,s,0,0,4,0,0,0,4,s,4,3,0,0,2,1,3,11,0,0,11,16,12,0,0,3,0,1,0
1269,1,0,s,0,d,4,0,0,0,4,s,4,3,0,0,2,1,3,11,0,d,11,16,12,0,0,d,0,d,0
1176,1,0,s,0,0,s,3,0,0,4,s,4,d,0,0,2,1,3,11,0,0,11,16,12,0,0,3,0,1,0
I591,1,0,s,0,0,4,0,0,3,4,s,4,s,0,0,0,1,3,11,s,0,11,16,12,0,26,3,0,1,0
1911,1,0,s,0,0,4,0,0,3,4,s,4,s,0,0,0,1,d,11,s,d,11,16,d,0,26,3,0,1,0
1910,1,0,s,0,0,4,0,0,3,4,s,4,s,0,0,0,1,3,11,s,0,d,16,12,0,d,3,0,1,0
I593,1,0,s,0,0,4,0,0,1,4,15,4,3,8,0,0,1,3,0,0,0,11,16,12,23,0,0,16,1,0
I594,1,s,s,0,0,4,0,0,1,4,15,4,3,8,0,0,1,3,0,0,0,11,16,12,23,0,0,16,1,0
I595,1,s,s,0,0,4,0,0,1,4,15,4,3,8,8,0,1,3,0,0,12,11,16,12,23,0,0,16,1,0
1199,1,s,s,0,0,4,0,0,d,4,15,4,3,8,8,0,1,3,0,0,12,11,16,12,23,0,d,16,1,0
I599,1,s,s,0,3,4,0,0,1,4,15,4,3,8,8,2,1,3,0,0,12,11,16,12,23,9,0,16,1,0
2003,1,s,s,d,3,d,d,0,1,d,15,4,3,8,d,2,1,3,d,0,12,11,d,12,d,9,0,16,1,0
2002,1,s,s,0,3,4,0,0,d,4,15,4,3,8,8,2,1,3,0,0,12,11,d,12,23,9,0,16,1,0
I600,1,s,s,0,0,4,6,0,1,4,15,4,3,8,0,0,1,3,0,0,0,11,16,12,23,0,1,16,1,0
1217,1,s,s,0,d,4,6,0,1,4,d,4,3,8,0,2,1,3,0,0,d,11,16,12,23,0,1,16,d,0
I602,1,s,s,0,0,4,6,15,1,4,15,4,3,8,0,0,1,3,0,0,0,11,16,12,23,15,1,16,1,0
1327,1,s,s,0,0,4,d,15,1,d,d,4,3,8,0,0,1,3,15,0,d,11,16,12,23,15,1,16,1,0
1326,1,s,s,0,0,d,6,15,1,4,15,4,3,8,0,0,1,3,0,d,0,11,16,12,23,15,d,16,1,0
I603,1,0,s,0,0,4,0,3,1,4,15,4,3,8,0,0,1,3,0,0,0,11,16,12,23,0,3,16,1,0
I604,1,0,s,0,0,4,0,3,1,4,15,4,3,8,0,0,1,3,0,0,7,11,16,12,23,0,3,16,1,0
I605,1,0,s,0,0,4,0,3,1,4,15,4,3,8,0,0,1,3,0,0,7,11,16,12,23,0,3,16,1,0
1419,1,0,s,0,0,4,0,3,1,4,d,4,d,8,d,0,1,3,d,0,7,11,16,d,23,0,3,16,1,40
1418,1,0,s,0,0,4,0,3,1,4,15,4,3,8,0,0,1,3,9,d,7,11,16,12,23,0,3,16,1,0
1087,1,11,s,d,0,4,0,d,1,4,15,4,3,8,0,0,1,3,0,0,7,11,16,12,23,0,3,16,1,0
I607,1,0,s,0,0,4,0,3,1,4,15,4,3,s,0,0,1,3,0,0,0,11,16,12,23,0,3,16,1,0
1206,1,0,s,0,0,4,0,3,1,4,15,4,3,s,0,s,1,d,0,0,0,11,16,12,23,0,3,16,1,0
1178,1,0,s,0,0,4,0,3,1,4,d,4,3,s,0,2,1,3,0,0,0,11,16,12,23,0,3,16,1,0
I610,1,0,s,0,0,4,s,0,0,4,15,4,3,0,0,0,1,3,0,2,0,11,16,12,0,26,0,16,1,0
I611,1,0,s,0,0,4,s,0,0,4,15,4,3,2,0,0,1,3,9,2,0,11,16,12,0,26,2,16,1,0
I612,1,0,s,0,0,4,s,0,0,4,s,4,3,2,0,0,1,3,9,2,0,11,16,12,0,26,2,16,1,0
I613,1,0,s,0,0,4,s,0,0,4,s,4,3,2,0,0,1,3,9,2,0,11,16,12,0,26,2,16,1,0
I614,1,0,s,0,0,4,s,0,0,4,s,4,3,2,0,0,1,3,9,2,0,11,16,12,0,26,2,16,1,0
1643,1,0,s,0,0,d,s,11,0,d,s,4,3,2,0,0,1,3,d,2,0,11,16,12,0,d,2,d,1,d
1642,d,d,s,0,0,d,s,d,0,4,s,4,3,d,0,0,1,d,9,2,0,11,16,12,0,26,2,s,1,0
1382,1,0,s,0,d,4,s,0,d,4,s,4,3,2,35,0,d,d,d,2,0,11,16,d,0,d,2,16,d,d
1532,1,0,s,0,0,4,s,d,0,s,s,4,s,d,d,0,1,3,9,2,0,11,16,12,0,26,2,16,1,4
I619,1,0,s,17,0,4,s,0,0,4,15,4,3,2,0,0,1,3,9,2,0,11,16,12,0,26,2,16,1,0
I620,1,0,s,17,3,4,s,0,0,4,15,4,3,2,0,0,1,3,9,2,0,11,16,12,0,26,2,16,1,0
1460,1,0,s,d,3,d,s,d,s,d,15,4,3,2,0,0,1,3,9,2,0,d,16,12,0,d,2,16,1,33
1200,1,0,s,17,d,d,s,0,0,4,d,4,3,2,0,0,1,3,9,2,0,11,16,12,0,26,2,d,d,0
1324,1,d,s,17,3,4,s,0,1,d,15,4,3,2,0,0,1,3,9,2,0,11,16,12,0,26,s,16,1,0
I626,1,0,s,0,0,4,s,0,0,4,15,4,3,3,0,0,1,3,0,2,0,11,16,12,0,26,1,16,1,0
I627,1,0,s,0,0,4,s,0,0,4,15,4,3,3,0,0,1,3,0,2,0,11,16,12,14,26,1,16,1,0
I628,1,s,s,0,0,4,s,0,0,4,15,4,3,3,0,0,1,3,0,2,0,11,16,12,14,26,1,16,1,37
I629,1,s,s,0,0,4,s,s,0,4,15,4,3,3,0,0,1,3,0,2,19,11,16,12,14,26,1,16,1,37
1185,d,s,s,27,0,d,s,s,d,4,15,4,3,d,0,0,1,3,0,2,19,11,16,12,d,26,d,16,1,37
1184,1,s,s,0,d,4,s,s,0,4,15,4,3,3,0,0,d,3,0,2,19,11,16,12,14,d,1,16,1,37
I630,1,s,s,0,0,4,s,0,0,4,15,4,3,3,35,0,1,3,0,2,s,11,16,12,s,26,1,16,1,37
1317,1,s,s,0,0,4,s,0,0,4,15,4,d,3,35,0,1,3,0,2,s,11,16,12,s,26,1,d,1,37
1316,1,s,s,0,0,4,s,0,0,4,15,4,3,3,35,0,1,3,0,2,s,11,16,12,s,26,1,16,1,37
I631,1,0,s,0,0,4,s,0,3,4,15,4,3,3,0,0,1,3,0,2,28,11,16,12,14,26,1,16,1,0
1384,1,0,s,d,0,4,s,d,3,4,15,4,3,3,0,0,1,3,0,2,28,11,16,d,14,26,1,16,1,0
1412,d,0,s,0,0,4,s,0,3,4,15,4,3,d,0,0,1,3,0,2,28,11,16,12,d,26,1,16,1,0
I634,1,3,s,0,0,4,s,0,0,4,15,4,3,3,0,0,1,3,0,2,0,11,16,12,0,26,1,16,1,54
I635,1,3,s,0,0,4,s,5,0,4,15,s,3,3,0,0,1,3,0,2,0,11,16,12,0,26,1,16,1,54
1335,1,3,s,7,0,4,s,5,1,4,15,s,3,3,d,0,1,3,0,2,0,d,16,d,0,26,1,16,1,54
1484,1,3,s,s,3,d,s,d,3,4,15,s,d,3,0,0,d,3,d,2,0,11,16,12,0,26,1,16,1,54
I638,1,3,s,s,0,4,s,2,0,4,15,4,3,3,5,0,1,3,0,2,0,11,16,12,0,26,1,16,1,54
1469,1,3,s,s,0,4,s,2,d,4,15,4,3,3,s,0,1,3,18,2,0,11,16,12,0,26,1,16,1,54
I640,1,3,s,s,0,4,s,2,0,4,15,4,3,3,5,0,1,3,0,2,0,11,16,12,0,26,1,16,1,54
1351,1,3,s,s,d,4,s,2,0,4,15,4,3,3,5,0,1,3,0,2,0,11,16,12,0,26,d,16,1,d
1350,1,3,s,s,0,d,s,2,0,4,15,d,3,3,5,0,1,3,0,2,0,11,16,12,0,26,1,16,1,54
I641,0,0,4,17,0,4,0,0,0,4,15,4,s,0,0,0,0,3,0,0,6,11,16,12,15,0,0,0,1,0
I642,0,0,4,17,0,4,0,0,0,4,15,4,s,0,0,0,0,3,0,0,6,11,16,12,15,0,0,0,1,0
I643,0,0,4,17,0,4,0,0,0,4,15,4,s,0,0,2,0,3,0,0,6,11,16,12,15,0,1,0,1,0
I644,0,0,4,17,0,4,0,0,0,4,15,4,s,0,0,2,0,3,0,0,6,11,16,12,15,0,1,0,1,0
I645,0,0,4,17,0,4,0,0,2,4,15,4,s,0,0,2,0,3,0,0,6,11,16,12,15,0,1,0,1,s
I647,0,0,4,17,0,4,0,0,2,4,15,s,s,0,0,2,1,3,0,0,6,11,16,12,15,0,1,0,1,s
1883,0,0,4,d,d,4,0,0,d,4,15,s,s,0,0,2,1,3,0,0,6,11,16,d,15,0,1,0,1,s
1882,d,d,4,17,0,4,0,0,2,4,15,s,s,0,0,2,1,3,0,0,6,11,16,12,15,0,1,9,1,s
I649,0,0,4,17,0,4,3,0,2,4,15,4,s,0,0,2,0,3,0,0,6,11,16,12,15,26,1,0,1,s
1819,0,0,4,17,0,4,d,0,2,4,15,d,s,0,0,d,0,3,0,d,6,11,16,12,d,26,1,d,1,s
1558,0,0,4,17,0,4,3,0,s,d,15,4,s,d,0,2,0,3,0,0,d,11,16,12,15,26,1,0,1,s
I652,0,0,4,s,0,4,0,0,0,4,15,4,s,s,0,2,0,3,0,s,6,11,16,12,15,0,1,0,1,0
1288,0,0,4,s,0,4,0,0,0,4,15,4,s,s,5,2,0,s,3,s,6,d,16,s,15,0,1,0,1,0
1637,d,0,4,s,0,d,0,0,0,4,15,4,s,s,0,2,0,3,9,s,6,11,16,12,15,0,1,0,1,0
I659,1,0,4,17,0,4,s,0,0,4,15,4,s,0,0,2,0,3,0,2,6,11,16,12,15,0,1,0,1,0
I660,1,1,4,17,0,4,s,0,0,4,15,4,s,0,0,2,0,3,0,2,6,11,16,12,15,0,1,0,1,0
1228,1,1,4,17,0,4,s,3,2,4,15,d,s,12,d,2,1,3,d,d,6,d,16,12,d,0,1,s,1,0
1403,1,d,4,d,0,4,s,0,3,4,15,4,s,0,0,2,0,3,0,2,6,11,16,12,d,0,1,23,1,0
I667,1,0,4,17,0,4,s,0,3,4,15,4,s,0,0,2,0,3,0,2,6,11,16,12,15,0,1,0,1,0
I668,1,0,4,17,0,4,s,0,3,4,15,4,s,0,0,2,0,3,0,2,6,11,16,12,15,0,1,0,1,0
I669,1,0,4,17,0,4,s,0,3,4,15,4,s,0,0,2,10,3,0,2,6,11,16,12,15,0,1,0,1,0
1561,1,0,4,17,0,4,s,0,3,4,15,4,s,0,d,2,10,3,0,2,d,11,16,12,15,8,1,d,1,0
1560,1,0,4,17,d,4,s,0,3,4,15,4,s,0,0,2,10,3,0,2,6,11,16,12,15,d,1,0,1,0
1620,1,0,4,17,0,s,s,0,3,4,15,4,s,0,0,2,0,3,0,2,6,d,s,12,15,0,1,d,1,37
I672,1,0,4,17,3,4,s,0,3,4,15,4,s,0,0,2,3,3,0,2,6,11,16,12,15,0,1,0,1,0
1631,1,0,4,17,3,4,s,d,3,4,15,d,s,d,0,d,d,3,0,2,6,d,16,12,15,0,1,0,1,d
1630,d,0,4,17,3,4,s,d,3,4,15,d,s,d,0,2,3,d,0,2,6,d,16,d,15,0,1,0,1,0
I674,0,0,4,17,0,4,0,0,0,4,15,4,s,0,0,0,0,3,0,0,6,11,16,12,15,0,0,0,1,0
I675,0,0,4,17,0,4,0,0,0,4,15,4,s,0,0,0,0,3,0,0,6,11,16,12,15,0,0,0,1,0
I676,1,0,4,17,s,4,0,0,3,4,15,4,s,0,0,0,0,3,0,0,6,11,16,12,15,0,0,6,1,0
I677,1,0,4,17,s,4,0,0,3,4,15,4,s,0,0,0,0,3,9,0,6,11,16,12,15,0,1,6,1,0
1540,1,0,4,17,s,4,0,1,3,4,d,d,s,0,d,d,d,s,9,0,6,11,16,12,15,0,1,6,1,0
I679,1,0,4,17,s,4,0,0,3,4,15,4,s,0,0,0,0,3,9,20,6,11,16,12,15,0,1,6,1,0
1465,1,0,s,17,s,4,0,0,3,4,15,d,s,0,0,s,0,3,9,d,6,11,16,12,15,0,1,6,1,0
1464,d,0,4,17,s,d,0,0,3,4,15,s,s,0,0,0,0,3,9,20,6,11,16,12,d,8,d,6,1,6
I682,1,0,4,17,s,4,12,0,3,4,15,4,s,3,0,2,0,3,0,0,6,11,16,12,15,26,0,6,1,0
1135,1,0,4,17,s,4,12,0,3,4,d,4,s,d,0,s,0,3,d,0,6,11,16,12,15,26,1,6,1,d
1134,d,d,4,17,s,4,12,d,d,4,15,d,s,3,0,2,0,d,0,0,6,11,d,12,15,26,0,6,1,0
I683,0,0,4,17,0,4,0,0,0,4,15,4,s,0,0,0,0,3,5,0,6,11,16,12,15,0,0,0,1,0
1855,0,d,4,17,d,4,d,d,0,4,d,s,s,28,0,0,12,d,5,9,6,11,d,12,15,d,1,0,1,0
1527,0,0,4,17,0,4,s,0,d,d,15,4,s,0,0,0,0,3,5,0,6,11,16,d,s,d,0,d,1,0
I690,0,0,4,17,0,4,0,2,0,4,15,4,s,0,0,0,0,3,0,0,6,11,16,12,15,0,0,0,1,0
I691,0,0,4,17,0,4,0,2,0,4,15,4,s,0,0,0,0,3,0,0,6,11,16,12,15,0,0,4,1,0
I692,0,0,4,17,0,4,0,2,0,4,15,4,s,0,0,0,0,3,0,0,6,11,16,12,15,0,0,4,1,0
1148,0,d,d,17,0,4,5,2,0,4,15,4,s,0,34,0,0,s,0,0,6,11,d,d,15,0,0,4,1,0
1188,0,0,d,17,0,4,6,2,0,s,d,4,s,0,0,0,0,3,0,s,d,11,16,12,15,0,0,4,1,0
I695,0,0,4,17,0,s,0,2,0,4,15,4,s,0,0,0,0,3,0,0,6,11,16,12,s,0,0,4,1,0
1462,0,0,4,17,d,s,0,2,0,4,15,4,s,0,0,d,0,3,0,16,6,11,16,12,s,d,0,d,1,0
I697,0,0,4,17,0,s,0,2,0,4,15,4,s,28,0,0,0,3,0,0,6,11,16,12,s,0,0,4,1,0
1511,0,d,4,17,0,s,0,2,0,d,15,4,s,d,0,0,d,3,d,0,d,11,16,d,s,d,0,4,1,0
1510,0,0,4,17,0,s,0,2,d,4,15,4,s,28,31,0,0,d,0,0,6,11,16,d,s,0,0,4,1,14
I698,0,0,4,17,0,4,0,2,0,4,15,4,s,0,0,0,s,3,0,0,6,11,16,12,15,0,0,0,1,5
1274,0,15,4,17,0,4,6,2,d,4,15,4,s,0,0,0,s,3,d,12,6,11,16,12,15,d,d,d,1,5
I703,1,0,4,17,0,4,0,2,0,4,15,4,s,0,0,0,s,3,8,18,6,11,16,12,15,1,0,0,1,5
1307,1,0,4,d,0,4,0,2,0,4,15,4,s,0,0,0,s,3,8,18,6,11,16,12,15,d,0,d,1,5
1306,1,0,4,17,0,4,0,d,0,4,15,4,s,d,0,0,s,3,8,18,6,11,16,12,15,1,0,0,1,d
I705,0,0,4,17,0,4,s,0,0,4,15,4,s,0,0,0,0,3,0,0,6,11,16,12,15,0,0,0,1,0
I706,0,0,4,17,0,4,s,1,0,4,15,4,s,0,0,0,0,3,0,0,6,11,16,12,15,0,0,0,1,0
I707,1,0,4,17,0,4,s,1,3,4,15,4,s,0,0,0,0,3,0,0,6,11,16,12,15,0,0,0,1,0
I708,1,0,4,17,0,4,s,1,3,4,15,4,s,12,0,0,0,s,0,0,6,11,16,12,15,0,0,0,1,0
1555,1,d,4,17,0,4,s,s,3,4,15,4,s,12,0,0,0,s,d,6,6,11,16,12,15,0,0,0,1,0
1672,1,0,d,17,3,4,s,d,3,4,15,4,s,d,d,2,0,s,0,d,6,s,16,12,15,0,0,0,1,0
I715,1,0,4,17,0,4,s,1,3,4,15,4,s,0,0,0,0,3,4,0,6,11,16,12,15,0,3,17,1,0
I716,1,0,4,17,3,4,s,1,3,4,15,4,s,0,0,0,0,3,4,0,6,11,16,12,15,0,3,17,1,0
1723,1,0,4,17,d,4,s,1,3,4,15,4,s,d,0,0,d,3,d,2,s,11,16,12,15,0,3,17,1,44
1816,1,0,4,d,3,4,s,1,3,4,d,4,s,0,0,0,0,3,4,0,6,11,16,d,15,1,3,d,1,0
I719,1,0,4,17,0,4,s,1,3,4,15,4,s,0,0,0,0,s,4,0,6,11,16,12,15,0,3,17,1,0
1857,1,0,4,17,0,4,s,1,3,4,15,4,s,0,0,0,3,s,4,6,d,11,16,12,15,0,3,d,1,d
1830,1,0,4,17,0,4,s,1,3,4,15,4,s,0,0,d,0,s,s,0,6,11,16,12,15,d,3,17,1,0
I722,0,0,4,17,0,4,s,1,0,4,15,4,s,0,0,0,0,3,0,0,6,11,16,12,15,0,0,0,1,0
I723,0,0,4,17,0,4,s,1,0,4,15,4,s,0,0,0,0,3,0,0,6,11,16,12,15,0,0,0,1,0
1647,0,20,4,17,0,4,s,1,2,4,15,4,s,0,0,2,d,3,0,0,6,11,16,12,15,27,0,0,1,0
I727,0,0,4,17,0,4,s,1,0,4,15,4,s,0,0,0,0,3,0,0,6,11,16,12,15,26,0,0,1,0
1946,0,d,4,17,0,4,s,1,0,d,15,4,s,0,0,0,0,3,0,0,6,11,16,12,d,26,3,0,1,0
I729,0,0,4,17,0,4,s,1,0,4,15,4,s,0,0,0,0,3,0,0,6,11,16,12,15,26,2,0,1,0
2035,d,0,4,17,0,4,s,1,0,4,15,4,s,d,0,0,0,3,0,0,d,11,16,12,15,26,2,0,1,0
2034,d,0,4,17,d,4,s,1,d,4,15,4,s,0,0,0,0,3,0,0,6,11,16,12,15,26,2,0,1,0
I730,0,1,4,17,0,s,s,1,0,4,15,4,s,0,11,0,0,3,0,0,6,11,16,12,15,0,0,0,1,0
1872,d,1,4,17,0,s,s,1,0,d,15,4,s,d,11,0,0,d,d,0,6,11,16,12,15,d,0,0,1,50
I735,0,1,4,17,0,s,s,1,0,4,15,4,s,0,11,0,0,3,0,6,6,11,16,12,15,0,0,0,1,0
1989,0,1,4,17,0,s,s,1,0,4,15,4,s,0,d,d,0,3,0,6,6,11,16,12,15,d,0,0,1,0
1988,d,1,4,17,0,s,s,1,0,4,d,4,s,d,11,0,0,d,0,d,6,11,16,12,15,0,0,d,1,0
I737,0,0,4,17,0,4,s,0,0,s,15,4,s,0,0,2,0,3,0,0,6,11,16,12,15,0,0,0,1,0
I738,0,0,4,17,0,4,s,0,0,s,15,4,s,0,0,2,0,3,0,0,6,11,16,12,15,0,0,0,1,27
I739,0,0,4,17,0,4,s,0,0,s,15,4,s,0,0,2,0,3,0,0,6,11,16,12,15,0,0,7,1,27
I740,0,0,4,17,0,4,s,0,0,s,15,4,s,0,0,2,0,3,0,0,6,11,16,12,15,0,0,7,1,27
I741,1,0,4,17,0,4,s,7,0,s,15,4,s,0,0,2,0,3,0,0,6,11,16,12,15,0,0,7,1,27
1261,d,d,d,d,d,4,s,7,0,s,15,4,s,0,0,2,0,3,0,0,6,d,16,12,15,0,0,s,1,27
1260,1,d,d,17,0,4,s,7,0,s,15,4,s,0,0,d,0,3,0,0,6,11,d,d,15,0,0,7,1,27
1436,0,0,d,17,0,4,s,0,0,s,15,4,s,0,0,2,0,3,0,0,s,11,d,12,15,0,0,7,1,27
I743,0,0,4,17,0,4,s,0,0,s,15,4,s,s,0,2,0,3,0,0,6,11,16,12,15,0,0,7,1,27
1588,0,0,4,17,0,4,s,0,0,s,15,4,s,s,d,2,0,3,0,0,6,11,16,12,15,0,3,7,1,27
I745,0,0,4,17,0,4,s,0,0,s,15,4,s,s,0,2,0,3,0,0,6,11,16,12,15,0,0,7,1,27
1367,0,d,4,17,0,4,s,0,d,s,15,4,s,s,36,2,0,d,0,0,6,11,16,12,15,0,0,7,1,27
1366,0,0,4,17,d,4,s,d,0,s,15,s,s,s,0,2,0,3,0,0,6,11,d,d,15,0,0,7,1,27
I746,0,0,s,17,0,4,s,5,0,s,15,4,s,0,0,s,0,3,0,0,6,11,16,12,15,0,2,0,1,27
I747,0,0,s,17,0,4,s,5,0,s,15,4,s,0,0,s,0,s,0,0,6,11,16,12,15,0,2,0,1,27
1497,0,0,s,d,0,4,s,5,1,s,d,4,s,28,0,s,0,s,0,0,6,11,d,d,d,15,2,0,d,27
1320,0,0,s,17,0,4,s,5,1,s,15,4,s,0,0,s,0,s,0,0,6,11,d,12,15,0,2,0,1,d
I751,0,1,s,17,0,4,s,5,0,s,15,4,s,0,3,s,0,3,0,0,6,11,16,12,15,0,2,0,1,27
1363,0,1,s,17,0,4,s,5,0,s,15,4,s,0,3,s,0,3,0,0,d,11,16,12,15,0,2,d,1,27
1362,0,d,s,17,0,4,s,5,d,s,15,4,s,0,3,s,d,3,0,0,6,11,16,d,d,d,2,0,d,27
I753,0,0,4,17,0,4,s,0,0,s,15,4,s,0,0,2,0,3,13,0,6,11,16,12,15,0,0,0,1,0
I754,0,0,4,17,0,4,s,0,0,s,15,4,s,0,24,2,0,3,13,0,6,11,16,12,15,0,0,35,1,0
I755,0,0,4,17,0,4,s,0,0,s,15,4,s,0,24,s,0,3,13,0,6,11,16,12,15,0,0,35,1,0
1214,0,0,4,17,0,4,s,0,4,s,15,4,s,0,24,s,1,3,13,s,6,11,16,12,15,0,2,35,1,d
I757,0,0,4,17,0,4,s,0,0,s,15,4,s,0,24,s,0,3,13,0,6,11,16,12,15,0,0,35,1,0
1171,0,0,4,17,0,d,s,0,0,s,d,d,s,0,24,s,0,3,13,0,6,d,16,12,15,0,d,35,1,0
1170,0,d,4,17,0,4,s,d,0,s,15,4,s,0,24,s,0,3,13,d,6,11,16,12,15,0,0,35,d,0
1205,0,2,4,17,0,d,s,0,d,s,15,4,s,0,24,2,1,3,13,0,6,11,16,12,d,0,3,35,1,0
I761,1,0,4,17,0,4,s,0,0,s,15,4,s,0,0,2,0,3,13,0,6,11,16,12,15,0,0,0,1,0
I762,1,0,4,17,0,4,s,0,0,s,15,4,s,0,0,2,0,3,13,0,6,11,16,12,15,0,0,0,1,0
1138,1,0,4,d,0,4,s,0,0,s,15,4,s,0,0,2,0,3,13,0,6,11,16,12,15,0,3,1,1,d
I764,1,0,4,17,0,4,s,0,0,s,15,4,s,0,0,2,0,3,13,0,s,11,16,12,15,0,0,0,1,0
1063,1,0,4,17,0,4,s,0,0,s,15,d,s,0,d,2,0,d,13,0,s,11,16,12,15,d,0,0,1,54
1062,d,0,4,17,0,4,s,0,0,s,15,d,s,0,0,2,0,3,d,0,s,d,16,d,15,8,0,0,d,d
1130,1,0,d,17,d,d,s,0,0,s,15,d,s,0,0,2,0,3,13,0,d,d,16,d,15,0,0,d,1,0
I768,0,0,4,0,0,s,0,11,0,0,0,4,0,0,0,0,0,3,0,0,0,0,16,12,0,0,0,0,1,14
I769,0,0,4,0,0,s,3,11,0,0,0,4,0,0,0,0,0,3,0,0,13,0,16,12,0,0,0,0,1,14
I770,0,2,4,0,0,s,3,11,3,0,1,4,0,0,0,0,0,3,15,0,13,0,16,12,0,0,0,17,1,14
I771,0,2,4,0,3,s,3,11,3,0,1,4,0,0,12,0,0,3,15,0,13,0,16,12,0,0,0,17,1,14
I772,0,2,4,0,3,s,3,11,3,0,1,4,0,0,12,0,0,3,15,0,13,0,16,12,0,0,0,17,1,14
I773,0,2,4,0,3,s,3,11,3,0,1,4,0,0,12,0,6,3,15,0,13,0,16,12,0,30,0,17,1,14
1955,d,2,4,34,3,s,3,11,3,0,1,4,0,23,12,0,d,3,15,0,13,0,16,d,0,30,d,17,d,14
I777,0,2,4,0,3,s,3,11,3,0,1,4,0,0,12,0,6,3,15,0,13,0,16,12,0,30,0,17,1,14
I778,0,2,4,0,3,s,3,11,3,0,1,4,3,0,12,0,6,3,15,0,13,0,16,12,0,30,0,17,1,14
1225,d,d,4,0,3,s,3,11,3,0,1,d,3,0,d,0,6,3,s,0,13,0,d,d,0,30,0,d,1,14
1224,d,2,4,0,3,s,3,11,3,0,1,4,3,0,12,0,6,3,15,0,13,d,16,12,s,30,0,17,1,14
I779,0,2,4,0,3,s,3,11,3,0,1,4,0,17,12,0,6,3,15,0,13,0,16,12,0,30,0,17,1,14
1641,0,2,4,0,d,s,3,11,3,0,d,4,0,d,12,0,6,3,15,0,13,0,16,12,0,30,0,17,1,14
1640,0,2,4,0,3,s,3,11,d,0,1,4,0,17,12,0,6,3,d,0,13,0,16,12,d,30,0,d,1,14
I780,0,2,4,0,3,s,3,11,3,0,1,4,0,0,12,0,0,3,15,0,13,0,16,12,0,0,0,17,1,14
1360,0,2,4,0,3,s,3,11,3,0,1,4,0,0,12,2,s,3,15,3,13,d,16,12,0,18,0,17,1,14
I784,1,2,4,0,3,s,3,11,3,0,1,4,0,0,12,0,9,3,15,0,13,0,16,12,0,23,0,s,1,14
1622,1,2,4,0,3,s,s,11,3,0,1,4,0,0,12,0,9,3,15,0,13,0,16,12,61,23,2,s,1,14
1697,1,2,4,0,3,s,3,d,3,3,1,4,0,6,d,0,9,3,15,2,13,0,16,d,76,23,0,s,1,14
I787,0,2,4,0,3,s,3,11,3,0,1,4,0,0,12,0,0,3,15,0,13,0,s,12,0,0,0,17,1,14
I788,0,2,4,0,3,s,3,11,3,0,1,4,0,0,12,0,0,3,15,0,13,0,s,12,0,0,0,17,1,14
1998,0,d,4,15,3,s,3,11,3,0,1,4,0,0,s,0,0,3,15,0,13,0,s,12,0,0,0,17,1,14
I791,0,2,4,2,3,s,3,11,3,0,1,4,0,33,12,0,0,3,15,0,13,0,s,12,0,0,0,17,1,14
I792,0,2,4,2,3,s,3,11,3,0,1,4,0,33,12,0,0,3,15,0,13,0,s,12,0,0,0,17,1,14
1721,0,2,4,2,3,s,3,11,d,d,1,4,d,33,12,d,0,3,15,0,13,0,s,12,0,0,0,17,1,14
1720,0,2,4,2,3,s,3,11,3,0,1,4,0,33,12,0,0,3,15,0,13,0,s,12,0,d,0,d,1,14
I793,0,2,4,2,3,s,3,11,3,0,1,4,3,33,12,0,0,3,15,0,13,0,s,12,0,0,0,17,1,14
1917,d,2,4,2,3,s,3,11,3,0,1,4,d,33,12,0,d,d,15,0,13,0,s,12,0,0,0,17,1,14
1916,0,2,4,2,3,s,3,11,3,0,1,d,3,33,12,0,0,3,15,d,13,0,s,12,0,0,0,17,d,14
I794,0,2,4,0,3,s,3,11,3,0,1,4,0,0,12,0,12,3,15,0,13,0,s,12,0,0,0,17,1,14
1020,5,2,4,0,3,s,3,11,3,0,d,4,0,d,12,0,12,3,15,0,d,0,s,12,0,0,0,17,s,14
I796,0,2,4,0,3,s,3,11,3,0,1,4,3,0,12,0,12,3,15,0,13,0,s,12,0,0,0,17,1,14
1837,0,2,4,0,3,s,3,11,3,0,1,4,3,0,12,0,d,3,15,0,13,0,s,12,0,d,0,17,1,14
1939,s,d,4,0,3,s,3,11,3,0,1,d,3,2,12,d,12,3,15,0,13,0,s,12,0,0,d,17,d,14
I799,0,2,4,52,0,s,3,11,3,0,1,4,0,0,0,2,0,3,15,20,13,0,16,12,0,0,0,17,1,14
I800,0,2,4,52,0,s,3,11,3,s,1,4,0,0,0,2,0,3,15,20,13,0,16,12,0,0,0,17,1,14
I801,0,2,4,52,0,s,3,11,3,s,1,4,0,0,0,2,0,3,15,20,13,0,16,12,0,0,0,17,1,14
I802,0,2,4,52,3,s,3,s,3,s,1,4,0,0,0,2,0,3,15,20,13,0,16,12,0,0,0,17,1,14
1845,d,2,4,52,3,s,3,s,3,s,1,4,0,0,0,2,0,3,15,20,13,d,16,12,0,0,0,17,1,14
I804,1,2,4,52,3,s,3,s,3,s,1,4,0,0,0,2,0,3,15,20,13,0,16,12,0,13,0,17,1,14
1775,d,d,4,52,3,s,3,s,3,s,1,4,0,d,0,d,d,3,15,20,13,0,16,12,0,13,0,17,1,d
1774,1,d,4,52,s,s,3,s,3,s,1,4,0,0,0,d,0,d,15,20,13,0,16,12,0,13,0,17,1,14
I805,0,2,4,52,0,s,3,11,3,s,1,s,0,0,0,2,0,3,15,20,13,0,16,12,0,0,0,17,1,14
1962,0,2,4,52,0,s,3,11,3,s,1,s,3,0,s,2,0,d,15,d,13,0,16,12,0,d,0,17,1,14
1501,0,2,4,52,0,s,3,11,3,s,1,s,0,0,0,2,0,d,15,20,13,0,16,12,0,0,0,d,1,14
I808,0,2,4,52,0,s,3,11,3,s,1,4,0,0,0,2,0,3,15,20,13,0,16,12,0,0,0,17,1,14
I811,0,2,4,52,0,s,3,11,3,s,1,4,0,0,0,2,0,3,15,20,13,4,16,12,s,0,0,17,1,14
1823,0,2,4,52,0,s,3,11,3,s,1,4,d,0,0,2,0,3,15,20,13,4,16,12,s,0,0,17,1,14
1822,0,2,4,52,d,s,3,d,3,s,d,4,0,0,1,2,0,3,15,20,13,4,16,12,s,0,0,17,1,14
I813,0,2,4,52,0,s,3,11,3,s,1,4,0,0,0,2,6,3,15,20,13,0,16,12,57,0,0,17,1,14
1925,0,2,4,52,0,s,d,11,3,s,1,4,0,0,0,2,6,3,15,20,13,d,16,12,57,9,0,17,1,14
1924,d,2,4,52,0,s,3,11,3,s,d,4,0,0,0,2,6,3,15,20,13,0,16,d,57,0,0,d,1,14
I815,s,2,4,52,0,s,3,11,3,0,1,4,0,0,0,2,0,3,15,20,13,0,16,12,0,0,2,17,1,14
I816,s,2,4,52,0,s,3,11,3,0,1,4,3,0,0,2,0,3,15,20,13,0,16,12,0,0,2,17,1,14
I817,s,2,4,52,0,s,3,11,3,0,1,4,3,0,0,2,0,3,15,20,13,0,16,12,0,0,2,17,1,14
I818,s,2,4,52,0,s,3,11,3,0,1,4,3,0,0,2,0,3,15,20,13,0,16,12,0,0,2,17,1,14
1919,s,d,d,52,0,s,3,11,3,0,1,4,d,0,0,2,0,d,15,20,13,0,16,12,0,0,d,17,1,d
1918,s,2,4,52,0,s,3,11,d,0,1,4,3,0,0,d,0,3,15,20,13,0,d,12,0,0,d,17,1,d
2026,s,2,4,d,d,s,3,11,3,d,1,4,s,0,d,2,0,3,15,20,13,0,d,12,d,0,2,17,1,14
1850,s,2,4,52,d,s,3,11,3,0,1,4,3,0,0,2,0,3,15,20,13,0,16,d,0,8,d,17,1,14
I823,s,2,4,52,0,s,3,11,3,0,1,4,0,0,0,2,6,3,15,20,13,0,16,12,0,0,2,17,1,14
1534,s,2,d,52,0,s,3,11,3,0,1,4,0,0,0,2,d,3,15,20,13,22,16,12,0,0,2,s,1,14
I827,s,2,4,52,0,s,3,11,3,0,1,4,0,0,0,2,6,3,15,20,13,0,16,12,0,0,2,17,1,14
I828,s,2,4,52,0,s,3,11,3,0,1,4,0,0,0,2,6,3,15,20,13,0,16,12,0,0,2,17,1,14
1547,s,2,4,52,0,s,3,11,3,0,1,d,0,d,0,2,6,3,15,20,13,0,16,12,0,0,2,17,1,14
1546,s,2,4,52,0,s,3,11,3,2,s,d,0,27,0,2,d,3,15,20,d,0,16,12,0,d,2,17,1,14
I829,s,2,4,52,0,s,3,11,3,0,1,4,0,0,0,2,6,3,15,20,13,0,16,12,0,0,2,17,1,14
1707,s,2,4,52,0,s,d,11,3,0,1,4,0,0,0,2,6,3,15,d,13,0,16,12,d,0,2,17,1,14
1706,s,2,4,52,3,s,3,11,d,4,1,d,0,0,0,2,6,3,15,20,13,0,16,12,0,0,2,17,d,14
I830,0,0,4,0,0,s,3,11,1,0,0,4,3,0,0,0,0,3,0,16,13,4,16,12,0,0,0,0,1,14
I831,0,0,4,0,3,s,3,11,1,0,12,4,3,0,0,0,0,3,0,16,13,4,16,12,0,0,0,0,1,14
I832,1,0,4,0,3,s,3,11,1,0,12,4,3,0,0,0,0,3,0,16,13,4,16,12,0,0,0,0,1,14
I833,1,0,4,0,3,s,3,11,1,0,12,4,3,0,0,0,0,3,0,16,13,4,16,12,0,0,0,s,1,14
I834,1,0,4,0,3,s,3,11,1,0,12,4,3,0,0,2,3,3,0,16,13,4,16,12,0,0,0,s,1,14
I835,1,0,4,28,3,s,3,11,1,0,12,4,3,0,0,2,3,3,0,16,13,4,16,12,0,0,s,s,1,14
1515,1,0,4,28,3,s,d,11,1,0,12,4,3,0,0,2,3,3,0,16,13,d,16,12,d,0,s,s,1,14
1514,1,0,4,28,3,s,3,d,1,3,12,d,3,0,0,2,3,3,0,16,13,4,16,12,0,0,s,s,1,14
I836,1,0,4,5,3,s,3,11,1,0,12,4,3,s,0,2,3,3,0,16,13,4,16,12,0,0,0,s,1,14
1687,d,d,4,5,3,s,3,11,1,d,12,4,3,s,0,2,3,3,0,d,13,d,16,12,0,23,0,s,1,14
1686,1,0,d,d,3,s,3,11,d,0,12,4,3,s,d,d,3,3,d,16,13,d,16,12,0,0,0,s,1,14
I837,1,0,4,0,3,s,3,11,1,0,12,4,3,0,0,2,0,3,0,16,13,4,16,12,0,0,1,s,1,14
1731,d,3,4,0,d,s,3,11,1,0,12,4,d,0,0,2,0,3,0,16,13,4,16,12,d,0,d,s,1,14
1679,1,0,4,0,3,s,3,11,1,d,12,d,3,d,0,d,0,3,3,16,13,d,16,12,0,0,1,s,1,14
I840,1,0,4,0,3,s,3,11,1,0,12,4,3,0,0,0,0,3,0,16,13,4,16,12,0,0,0,0,1,14
I841,1,0,4,0,3,s,3,11,1,0,12,4,3,0,0,0,0,3,0,16,13,4,16,12,3,0,0,0,1,14
1677,1,d,4,d,3,s,3,11,1,0,12,4,3,0,0,2,0,3,9,16,13,4,16,d,3,d,0,0,1,14
1752,1,0,4,d,3,s,3,11,1,0,12,4,3,0,0,0,10,3,0,16,13,4,16,12,d,0,0,13,1,14
I844,1,0,4,34,3,s,3,11,1,0,12,4,3,0,0,0,0,3,0,16,13,4,16,12,0,9,0,0,1,14
I845,1,0,4,34,3,s,3,11,1,0,12,4,3,0,0,0,0,3,0,16,13,4,16,12,0,9,1,6,1,14
1615,d,d,4,34,3,s,3,11,1,0,12,4,3,0,0,0,0,d,0,16,13,4,16,12,0,9,1,6,1,14
1614,1,15,4,34,3,s,d,11,1,2,12,4,d,0,0,0,0,d,0,16,13,4,16,12,0,9,1,6,1,14
1681,1,0,4,34,3,s,3,11,1,0,s,4,3,0,0,2,d,3,0,16,13,d,16,12,0,9,0,0,1,14
I847,0,0,4,0,3,s,3,11,1,0,12,4,s,0,0,0,0,3,0,16,13,4,16,12,0,0,0,s,1,14
I848,0,0,4,0,3,s,3,11,1,0,12,4,s,0,0,0,0,3,4,16,13,4,16,12,0,0,0,s,1,14
I850,0,s,4,0,3,s,3,11,1,3,12,s,s,0,25,0,0,3,4,16,13,4,16,12,0,0,0,s,1,14
1635,0,s,4,0,3,s,3,11,1,3,12,s,s,0,25,0,2,3,d,d,13,4,d,12,0,0,0,s,1,d
1634,d,s,4,0,3,s,3,s,1,d,12,s,s,0,25,0,0,3,4,16,13,d,16,12,0,0,0,s,1,14
I852,0,0,4,0,3,s,3,11,1,0,12,4,s,0,0,0,0,3,4,s,13,4,16,12,0,0,0,s,1,14
1345,0,d,4,d,3,s,3,d,1,0,12,4,s,23,d,2,0,3,4,s,13,4,16,12,d,0,0,s,1,d
1568,1,d,4,0,3,s,3,11,1,0,12,4,s,0,0,0,0,3,4,s,13,d,d,12,0,0,0,s,1,14
I855,0,0,4,0,3,s,3,11,1,0,12,4,s,0,0,0,0,3,12,16,13,4,16,12,0,0,0,s,1,14
1572,0,13,d,d,s,s,3,11,1,d,12,4,s,0,0,d,d,3,12,16,13,4,16,12,1,d,0,s,1,d
I859,1,0,4,0,3,s,3,11,1,0,12,4,s,0,0,0,7,3,12,16,13,4,16,12,0,1,0,s,1,14
I860,1,0,4,0,3,s,3,11,1,4,12,4,s,0,0,2,7,3,12,16,13,4,16,12,0,1,0,s,1,14
1757,1,0,4,0,d,s,d,11,1,4,12,4,s,d,d,2,7,3,12,16,13,d,16,12,0,1,0,s,1,d
1756,1,0,4,0,3,s,3,11,1,4,12,d,s,d,0,2,7,d,12,16,13,4,16,12,0,1,0,s,1,14
1570,1,0,4,0,d,s,3,11,1,0,12,4,s,23,0,0,7,3,12,16,13,4,16,12,d,1,0,s,1,14
I862,0,0,4,0,0,s,3,11,1,0,s,4,3,0,0,0,0,3,0,16,13,4,16,12,0,0,0,0,1,14
I863,0,0,4,0,0,s,3,11,1,0,s,4,3,0,0,0,0,3,13,16,13,4,16,12,0,0,0,0,1,14
I865,0,0,4,0,0,s,3,11,1,0,s,4,3,0,0,0,0,3,13,16,13,4,16,12,0,0,0,0,1,14
1244,d,0,4,0,0,s,3,11,1,0,s,4,3,0,0,0,0,3,13,16,13,4,16,12,0,s,0,0,1,d
I867,0,0,4,0,0,s,3,11,1,0,s,4,3,0,0,0,0,3,13,16,13,4,16,12,0,29,0,0,1,s
1265,0,2,4,0,0,s,3,d,1,0,s,4,3,0,0,0,0,3,13,d,13,4,16,12,0,d,0,d,d,s
1264,0,0,4,0,0,s,3,11,1,0,s,4,3,0,0,0,0,s,13,16,13,4,16,12,0,29,1,0,1,s
I871,1,0,4,0,0,s,3,11,1,0,s,4,3,0,0,0,0,3,13,16,13,4,16,12,0,0,0,0,1,14
I873,1,0,4,0,0,s,3,11,1,0,s,4,3,0,0,0,12,3,13,16,13,4,16,12,11,1,0,38,1,14
1423,1,d,4,0,0,s,d,11,d,0,s,4,3,0,0,0,12,3,13,16,13,s,16,12,11,1,d,38,1,14
1422,1,d,4,0,0,s,3,11,1,0,s,4,3,0,0,0,12,3,13,16,13,4,16,12,11,1,0,38,d,14
I875,1,0,4,0,0,s,3,11,1,0,s,4,3,0,0,3,0,3,13,16,13,4,16,12,0,0,0,42,1,14
1811,1,0,s,0,0,s,3,11,d,0,s,4,3,0,0,3,0,3,13,16,s,4,16,12,0,0,0,42,d,14
I877,1,0,4,0,0,s,3,11,1,0,s,4,3,0,0,3,0,3,13,16,13,4,16,12,0,0,3,42,1,14
1759,1,0,4,0,d,s,3,11,1,0,s,4,3,0,0,3,0,d,13,16,13,4,16,12,0,0,d,42,1,14
1758,d,0,4,0,0,s,3,11,1,0,s,4,3,0,0,s,d,3,d,16,13,4,16,d,0,0,3,42,d,14
I878,0,0,4,0,0,s,3,11,1,0,s,4,3,0,0,0,0,3,0,16,13,4,16,12,0,0,0,0,1,14
I879,0,0,4,0,0,s,3,11,1,0,s,4,3,0,0,0,0,3,0,16,13,4,16,12,0,0,0,0,1,14
I880,1,0,4,0,0,s,3,11,1,0,s,4,3,0,0,0,0,3,0,16,13,4,16,12,28,0,1,s,1,14
I881,1,0,4,0,0,s,3,11,1,0,s,4,3,0,0,0,0,3,0,16,13,4,16,12,28,0,1,s,1,14
1761,1,0,s,0,0,s,3,d,1,0,s,4,3,0,0,0,d,3,0,16,13,4,16,12,28,0,1,s,1,14
1760,1,d,4,0,0,s,3,11,d,d,s,4,3,0,0,0,0,3,0,16,13,4,16,12,28,0,1,s,1,14
I882,1,0,4,0,0,s,3,11,1,0,s,4,3,0,0,1,0,3,0,16,13,4,16,12,28,0,1,s,1,14
1739,1,d,4,0,0,s,3,11,d,0,s,4,3,0,0,1,0,3,0,d,13,4,d,12,28,0,1,s,1,d
1738,1,0,4,0,0,s,3,d,1,0,s,4,3,0,0,d,0,3,0,16,13,4,16,12,28,0,1,s,1,14
I883,0,0,4,0,0,s,3,11,1,0,s,4,3,0,24,0,0,3,0,16,13,4,16,12,2,0,0,0,1,14
1846,0,0,4,0,d,s,d,d,1,0,s,4,3,0,24,d,0,d,0,16,13,4,16,d,d,0,0,d,1,14
1923,0,d,d,0,0,s,3,11,s,4,s,d,3,0,24,d,0,3,0,16,13,4,16,12,2,0,d,9,1,14
I886,0,0,4,0,0,s,3,11,1,0,s,4,3,0,0,0,1,3,0,16,13,4,16,12,0,0,0,0,1,14
I887,1,0,4,0,0,s,3,11,1,0,s,4,3,0,0,0,1,3,9,16,13,4,16,s,s,1,1,0,1,14
I888,1,8,4,0,0,s,3,11,1,0,s,4,3,0,2,0,1,3,9,16,13,4,16,s,s,1,1,0,1,14
1597,1,8,4,18,d,s,3,11,1,0,s,4,3,0,2,0,1,d,9,d,13,d,d,s,s,1,s,d,1,14
1596,1,8,4,d,3,s,d,d,d,0,s,d,3,0,2,0,1,3,9,16,13,4,16,s,s,1,1,0,d,14
I889,1,0,4,0,0,s,3,11,1,0,s,4,3,0,0,0,1,3,9,16,13,4,16,s,s,1,1,0,1,14
1433,1,0,d,1,0,s,3,11,1,0,s,4,3,0,0,0,1,3,9,16,13,4,d,s,s,1,1,9,1,14
1432,1,d,4,0,0,s,3,11,1,d,s,4,3,0,0,0,1,3,9,16,13,4,d,s,s,1,1,0,1,14
I891,0,9,4,0,0,s,3,11,1,2,s,4,3,0,0,0,1,3,0,16,13,4,16,s,0,0,0,16,1,14
1869,0,9,4,0,0,s,3,11,1,d,s,4,3,d,0,0,1,3,0,16,13,4,16,s,0,0,0,16,1,14
1868,d,9,4,0,0,s,3,11,1,2,s,4,3,0,0,0,1,3,0,16,d,4,16,s,0,0,0,16,1,14
I893,1,0,4,0,0,s,0,11,4,0,s,4,0,0,0,0,s,3,0,0,0,0,16,12,0,0,0,0,1,14
I894,1,0,4,0,0,s,0,11,s,0,s,4,0,0,0,0,s,3,0,0,0,0,16,12,1,0,0,0,1,14
I895,1,0,4,0,3,s,0,11,s,0,s,4,0,0,0,0,s,3,0,0,0,0,16,12,1,0,0,0,1,14
I896,1,0,4,0,3,s,0,11,s,0,s,4,0,0,0,0,s,3,0,0,0,0,s,12,1,0,0,42,1,14
I897,1,1,4,0,3,s,0,11,s,0,s,4,0,7,0,0,s,3,23,0,0,0,s,12,1,0,0,42,1,14
I898,1,1,4,0,3,s,0,11,s,0,s,4,0,7,4,0,s,3,23,0,0,0,s,12,1,0,0,s,1,14
1438,d,1,4,0,3,s,12,11,s,0,s,4,3,d,4,0,s,3,23,d,0,0,s,12,1,0,0,s,1,14
1227,1,d,4,0,3,s,10,11,s,0,s,4,0,7,4,0,s,3,23,0,d,0,s,d,d,0,3,s,1,14
1328,1,s,d,s,3,s,0,11,s,0,s,4,3,7,0,0,s,3,23,0,d,0,s,12,1,11,0,42,1,d
I904,1,0,4,0,3,s,0,11,s,0,s,4,0,0,0,0,s,3,0,0,24,0,s,12,1,0,s,42,1,14
1396,d,0,4,7,d,s,0,11,s,0,s,4,0,0,0,0,s,3,0,0,24,s,s,12,1,0,s,42,1,14
I909,1,0,4,0,3,s,0,11,s,0,s,4,0,0,0,2,s,3,0,0,24,0,s,12,1,0,s,42,1,14
1781,1,0,4,0,3,s,0,11,s,0,s,4,0,0,0,d,s,3,d,0,24,0,s,12,1,0,s,42,1,14
1780,1,0,4,0,3,s,0,11,s,0,s,4,0,0,0,2,s,3,0,0,s,d,s,12,1,0,s,d,1,14
I911,1,0,4,0,3,s,0,11,s,0,s,4,0,0,0,0,s,3,0,0,0,0,16,12,1,0,0,0,1,14
I916,1,0,4,0,3,s,0,11,s,0,s,4,0,3,0,0,s,3,0,0,0,0,16,12,1,0,0,0,1,14
1656,1,0,4,0,3,s,0,11,s,0,s,4,s,3,0,0,s,3,0,22,d,0,16,12,d,8,0,d,1,14
1557,1,0,4,0,3,s,0,d,s,0,s,4,0,3,34,0,s,3,d,6,20,0,16,d,1,0,d,0,d,14
1931,1,0,d,49,d,s,0,11,s,s,s,d,0,8,d,2,s,3,0,d,0,0,16,12,1,0,1,0,1,14
I926,1,0,4,0,0,s,0,11,s,0,s,4,0,0,0,0,s,3,0,0,s,0,16,12,s,0,0,0,1,14
I927,1,0,4,0,0,s,0,11,s,0,s,4,0,0,0,2,s,3,0,0,s,0,16,12,s,0,0,0,1,14
I928,1,0,4,0,0,s,0,11,s,2,s,4,s,s,0,2,s,3,0,0,s,0,16,12,s,0,0,0,s,14
I929,1,0,4,0,3,s,0,11,s,2,s,4,s,s,0,2,s,3,0,0,s,0,16,12,s,0,0,25,s,14
1843,1,0,4,0,3,s,0,11,s,2,s,4,s,s,0,2,s,3,0,0,s,0,16,12,s,d,0,25,s,14
I931,1,0,4,0,3,s,0,11,s,2,s,4,s,s,0,2,s,3,0,0,s,0,16,12,s,0,0,25,s,14
1927,1,0,4,0,d,s,0,11,s,2,s,4,s,s,0,2,s,3,0,0,s,0,16,12,s,0,0,25,s,d
1926,d,0,d,0,3,s,0,11,s,2,s,d,s,s,d,2,s,s,0,0,s,0,16,12,s,0,0,25,s,14
1848,1,d,4,0,0,s,5,11,s,d,s,d,s,s,0,2,s,3,0,d,s,d,16,12,s,0,0,d,s,14
I935,1,0,4,0,3,s,0,11,s,4,s,4,0,0,35,2,s,3,0,0,s,0,16,12,s,0,0,0,1,14
I936,1,0,4,0,s,s,0,11,s,4,s,4,3,0,35,2,s,3,0,0,s,0,16,12,s,0,0,0,1,14
1961,1,0,4,0,s,s,0,11,s,d,s,4,3,0,d,2,s,3,0,16,s,0,16,12,s,0,0,d,d,14
1991,1,d,4,0,s,s,0,11,s,4,s,4,d,0,35,2,s,3,0,0,s,0,16,12,s,0,0,0,1,14
I939,1,0,4,s,3,s,0,11,s,4,s,4,0,0,35,2,s,3,15,2,s,0,16,12,s,0,0,0,1,14
1956,1,0,d,s,d,s,0,d,s,4,s,4,0,0,35,2,s,3,15,2,s,0,d,12,s,0,d,0,1,14
1935,1,0,4,s,d,s,0,11,s,4,s,d,0,d,35,d,s,3,d,2,s,0,16,12,s,d,0,0,1,14
I942,1,0,4,0,0,s,0,11,s,0,s,4,0,0,0,0,s,3,0,0,s,0,16,12,s,0,0,44,1,14
I943,1,0,4,18,0,s,0,11,s,0,s,4,0,0,0,0,s,3,0,0,s,0,16,12,s,0,0,44,1,14
1912,1,0,4,18,0,s,0,11,s,0,s,4,d,0,0,0,s,3,15,0,s,0,16,12,s,0,0,44,1,14
I947,1,0,4,18,0,s,0,s,s,0,s,4,0,0,0,0,s,3,0,0,s,0,16,12,s,0,0,44,1,14
1644,1,0,4,d,3,s,0,s,s,0,s,4,0,0,0,2,s,3,0,0,s,0,16,d,s,d,0,44,d,14
1616,1,0,s,18,0,s,0,s,s,0,s,4,s,d,0,d,s,3,s,0,s,0,16,12,s,0,0,44,1,14
I950,1,0,4,0,0,s,0,11,s,0,s,4,0,6,0,0,s,3,0,0,s,0,16,12,s,0,1,44,1,14
I951,1,0,4,0,0,s,0,11,s,0,s,4,3,6,0,0,s,3,15,0,s,0,16,12,s,0,1,44,1,14
1629,1,0,4,0,0,s,d,11,s,0,s,d,d,6,d,0,s,d,d,1,s,32,16,d,s,0,1,d,1,d
1929,1,0,d,d,0,s,3,11,s,0,s,4,3,6,0,2,s,3,15,d,s,0,16,12,s,0,1,44,1,d
1863,1,4,d,d,3,s,0,11,s,0,s,4,0,6,0,0,s,3,0,14,s,0,16,d,s,0,1,d,1,14
I957,1,2,4,0,0,s,0,11,4,0,s,4,0,0,0,0,s,3,0,0,0,0,16,12,0,0,0,0,1,14
I958,1,2,4,0,0,s,0,11,4,0,s,4,0,0,0,0,s,3,0,0,0,0,16,12,0,14,0,0,1,14
I959,1,2,4,0,0,s,0,11,4,0,s,4,0,0,3,0,s,3,0,0,0,0,16,12,0,14,0,4,1,14
I960,1,2,4,0,0,s,0,11,4,0,s,4,0,0,3,0,s,3,0,0,0,0,16,12,0,14,0,4,1,14
I961,1,2,4,0,s,s,0,11,4,0,s,4,0,0,3,0,s,3,0,0,0,0,16,12,0,14,3,4,1,14
1212,1,2,4,34,s,s,2,11,4,0,s,4,0,33,3,0,s,3,0,0,0,0,16,12,0,d,3,4,1,14
1240,1,2,4,0,s,s,0,11,4,d,s,4,3,d,s,0,s,3,0,0,0,0,16,12,0,14,3,4,d,14
I964,1,2,4,0,0,s,0,11,4,0,s,4,0,0,3,0,s,3,0,25,0,s,16,12,0,14,0,4,1,14
I965,1,2,4,0,0,s,0,11,4,0,s,4,0,0,3,0,s,3,0,25,0,s,16,12,0,14,3,4,1,14
1075,d,2,4,0,0,s,0,11,4,0,s,4,0,0,3,0,s,3,d,25,0,s,d,12,0,14,3,4,1,14
1074,d,d,4,0,0,s,0,11,d,0,s,d,0,0,3,3,s,3,d,25,0,s,16,12,0,14,3,4,1,14
1061,1,2,4,0,0,s,0,d,4,0,s,4,0,0,3,0,s,3,0,25,0,s,16,12,0,14,0,4,1,14
I967,1,2,4,0,3,s,0,11,4,0,s,4,0,21,3,0,s,3,s,32,0,0,16,12,0,14,0,4,1,14
I968,1,2,4,s,3,s,0,11,s,0,s,4,0,21,3,0,s,3,s,32,0,0,16,12,0,14,0,4,1,14
1472,1,2,4,s,3,s,0,11,s,d,s,d,0,21,3,0,s,3,s,32,0,0,s,12,0,14,0,4,1,14
1580,d,2,4,s,3,s,0,11,s,0,s,4,3,21,3,0,s,3,s,32,0,12,16,12,d,14,d,4,1,14
I971,1,2,4,0,3,s,0,11,4,0,s,4,0,21,3,0,s,3,s,32,0,0,16,12,15,14,0,4,1,14
1315,d,2,4,d,3,s,0,11,4,d,s,4,0,21,3,d,s,3,s,s,0,0,16,12,15,14,0,d,1,14
I973,1,2,4,0,3,s,0,11,4,0,s,4,0,21,3,0,s,3,s,32,0,0,16,12,15,14,0,4,1,14
1447,1,2,4,0,3,s,0,11,4,0,s,4,0,21,3,0,s,3,s,32,0,0,16,12,15,14,0,4,1,14
1446,1,2,4,0,3,s,0,11,d,0,s,d,0,21,d,0,s,d,s,32,d,d,16,12,15,d,d,4,1,14
I974,1,2,4,0,0,s,0,11,4,0,s,4,0,0,0,0,s,3,0,12,0,0,16,12,0,14,0,25,1,14
I975,1,2,4,0,0,s,0,11,4,0,s,4,0,0,0,0,s,3,0,12,0,0,16,12,0,14,0,25,1,14
I976,1,2,4,0,0,s,0,11,s,1,s,4,0,7,0,0,s,3,0,12,0,0,16,12,0,14,0,25,1,14
1308,d,2,4,0,3,s,0,11,s,s,s,4,0,7,0,0,s,3,0,12,7,d,d,12,0,14,0,25,1,14
1613,d,d,d,37,0,s,0,11,s,1,s,4,0,7,0,0,s,d,0,12,0,0,16,12,0,14,d,25,1,14
1513,1,2,4,0,0,s,2,11,4,d,s,4,0,3,0,0,s,3,0,12,0,0,s,12,0,d,0,25,d,14
I986,1,2,4,0,0,s,0,11,4,0,s,4,0,0,29,0,s,3,0,12,19,0,16,12,0,14,2,25,1,14
I987,1,2,4,s,2,s,0,11,4,4,s,4,0,0,29,0,s,3,0,12,19,0,16,12,s,14,2,25,1,14
1259,1,s,4,s,2,s,d,11,4,4,s,4,0,0,29,d,s,3,0,12,19,0,16,12,s,14,2,25,1,14
1258,1,2,4,s,d,s,d,11,d,4,s,4,0,0,d,0,s,3,0,12,19,0,16,12,s,d,2,25,d,14
1591,d,2,d,0,0,s,0,11,d,d,s,4,3,0,d,d,s,3,0,12,19,39,16,12,0,14,2,25,1,d
I989,1,2,4,0,0,s,0,11,4,0,s,4,s,0,0,0,s,3,0,0,0,0,16,12,0,0,0,0,1,14
I990,1,2,4,0,0,s,0,11,4,0,s,4,s,0,0,0,s,3,0,0,0,1,16,12,0,0,0,7,1,14
I991,1,2,4,0,0,s,0,11,4,0,s,4,s,0,0,3,s,3,0,0,19,1,16,12,0,0,0,7,1,14
I992,1,2,4,0,0,s,0,11,4,0,s,4,s,0,0,3,s,3,0,0,19,1,16,12,0,0,0,7,1,14
1313,1,2,4,0,d,s,0,11,4,0,s,4,s,0,0,3,s,3,0,19,19,1,16,12,d,0,0,7,d,14
I994,1,2,4,0,0,s,0,11,4,0,s,4,s,0,0,s,s,3,0,0,19,1,16,12,0,0,0,7,1,14
1231,1,2,4,0,d,s,0,11,4,0,s,4,s,0,d,s,s,d,0,0,19,1,16,12,d,0,1,7,1,14
1230,1,2,4,0,0,s,d,11,4,0,s,4,s,0,0,s,s,3,0,0,19,d,16,12,23,0,0,d,1,14
1394,d,2,4,d,d,s,d,s,4,0,s,4,s,0,0,3,s,3,4,0,d,1,16,12,0,0,0,7,d,14
I998,1,2,4,0,0,s,0,11,4,0,s,4,s,0,0,0,s,3,4,s,6,1,16,12,0,0,0,7,1,14
I999,1,s,4,0,3,s,0,11,4,0,s,4,s,0,0,0,s,3,4,s,6,1,16,12,0,0,0,7,1,14
1032,d,s,4,0,3,s,0,11,4,d,s,4,s,0,0,0,s,d,4,s,6,1,16,d,0,0,0,7,1,14
I1002,1,s,4,0,3,s,0,11,4,0,s,4,s,0,0,0,s,3,4,s,6,1,16,12,0,0,0,7,1,14
I1003,1,s,4,0,3,s,0,11,4,0,s,4,s,0,0,0,s,3,4,s,6,1,16,12,0,0,0,7,1,14
1987,d,s,4,0,3,s,0,11,d,d,s,4,s,0,0,0,s,d,4,s,6,1,16,12,d,0,0,7,1,14
1986,1,s,d,0,3,s,0,11,4,0,s,4,s,0,0,0,s,3,4,s,6,1,16,d,0,0,d,7,1,14
1026,1,s,4,0,3,s,0,11,4,0,s,4,s,0,0,0,s,3,4,s,6,1,16,12,0,0,0,d,1,14
I1004,1,2,4,0,0,s,0,11,4,0,s,4,s,0,0,0,s,3,4,s,6,1,16,12,0,0,0,7,1,14
I1006,1,2,4,0,0,s,0,11,4,0,s,4,s,0,0,0,s,3,4,s,6,1,s,12,0,0,0,7,1,14
2005,1,d,4,0,d,s,0,11,d,0,s,4,s,0,0,d,s,3,d,s,6,1,s,12,0,0,0,7,1,14
2004,1,2,4,0,d,s,0,11,4,0,s,4,s,0,0,0,s,3,4,s,6,1,s,12,0,0,0,7,1,14
I1007,1,2,4,34,0,s,0,11,4,0,s,4,s,0,0,0,s,3,4,s,6,1,16,12,0,0,0,7,1,14
1979,1,2,4,34,0,s,0,d,4,0,s,4,s,0,0,0,s,3,d,s,6,1,16,12,0,14,0,7,1,d
1038,1,2,4,34,0,s,0,11,4,0,s,4,s,0,0,0,s,3,4,s,d,1,16,12,0,13,s,7,d,14
I1009,1,2,4,5,0,s,0,11,4,0,s,4,s,0,0,0,s,3,11,20,0,20,16,12,0,0,s,9,1,14
I1010,1,2,4,5,0,s,0,11,4,0,s,4,s,0,0,0,s,3,11,20,0,20,16,12,0,0,s,9,1,14
I1011,1,2,4,5,0,s,2,11,4,0,s,4,s,0,0,0,s,3,11,20,0,20,16,12,0,0,s,9,1,14
1304,1,2,4,5,0,s,s,11,4,0,s,4,s,0,0,0,s,3,11,20,0,20,16,12,0,0,s,d,1,14
1115,1,2,4,5,0,s,2,d,4,0,s,4,s,3,0,0,s,3,11,20,0,20,16,12,0,0,s,9,1,14
I1014,1,2,4,5,0,s,0,11,4,0,s,4,s,0,0,0,s,3,11,20,19,20,16,12,23,0,s,9,1,14
I1015,1,2,4,5,0,s,0,11,4,0,s,4,s,0,0,0,s,3,11,20,19,20,16,12,23,0,s,9,1,14
1121,1,2,4,5,0,s,0,11,4,d,s,4,s,0,0,0,s,d,11,20,19,20,16,12,23,0,s,9,1,14
1120,1,2,4,5,d,s,0,11,4,0,s,4,s,0,0,0,s,3,11,20,19,d,16,12,d,0,s,d,1,14
I1016,1,2,4,5,0,s,0,11,4,0,s,4,s,0,0,0,s,3,11,20,19,20,16,12,23,0,s,9,1,14
1163,1,2,d,5,0,s,0,11,4,d,s,4,s,9,d,2,s,3,11,20,19,20,16,12,23,0,s,9,1,14
1162,1,d,4,5,0,s,d,11,d,0,s,4,s,0,0,0,s,3,11,20,19,20,16,12,23,0,s,9,1,14
I1017,1,2,4,5,0,s,0,11,4,0,s,4,s,0,0,0,s,3,11,20,0,20,16,12,0,0,s,9,1,14
I1018,1,2,4,5,0,s,0,11,4,0,s,4,s,0,0,0,s,3,11,s,0,20,16,12,0,0,s,9,1,14
I1019,1,2,4,5,0,s,0,11,4,0,s,4,s,0,0,0,s,3,11,s,6,20,16,12,35,0,s,9,1,14
1371,1,2,4,5,0,s,d,11,d,0,s,4,s,0,0,d,s,3,11,s,6,20,16,12,35,0,s,9,1,d
1370,d,2,4,5,0,s,0,11,d,0,s,4,s,0,0,0,s,3,11,s,6,20,16,12,35,0,s,d,1,14
1443,1,2,d,5,0,s,0,11,d,d,s,4,s,0,17,0,s,3,11,s,0,20,16,12,d,0,s,9,d,14
I1021,1,2,4,5,0,s,0,s,4,0,s,4,s,0,0,0,s,3,11,20,0,20,16,12,0,0,s,9,1,14
1096,1,2,4,5,0,s,0,s,4,4,s,4,s,0,0,0,s,3,11,20,25,20,d,12,0,0,s,9,1,d
1336,1,2,4,5,0,s,0,s,4,2,s,4,s,d,0,0,s,3,11,20,7,20,s,12,d,0,s,d,1,14
