cell,r1,r2,r3,r4,r5,r6,r7,r8,r9,r10,r11,r12,r13,r14,r15,r16,r17,r18,r19,r20,r21,r22,r23,r24,r25,r26,r27,r28,r29,r30
I1,0,4,1,0,0,0,0,0,0,0,0,0,0,0,0,0,2,0,0,0,0,0,0,0,5,0,0,0,0,0
I2,0,4,1,0,0,0,0,0,0,0,0,0,0,0,0,17,2,0,0,0,0,0,0,0,5,0,0,0,0,0
I3,0,4,1,0,0,0,0,0,0,0,0,0,0,0,0,17,2,0,0,0,0,0,7,0,5,0,9,0,0,0
I4,0,4,1,0,0,0,0,0,0,0,0,0,0,1,0,17,2,0,0,0,0,0,7,0,5,0,9,0,0,0
I5,0,4,1,7,0,0,0,0,0,0,0,0,0,1,2,17,2,0,29,0,0,0,7,0,5,0,9,13,0,0
I6,17,4,1,7,0,0,0,0,0,0,0,0,0,1,2,17,2,0,29,0,0,6,7,0,5,0,9,13,0,0
I7,17,4,1,7,0,0,0,0,0,0,0,0,0,1,2,17,2,0,29,0,0,6,7,0,5,0,9,13,8,5
I8,17,4,1,7,2,0,9,0,0,0,0,0,0,1,2,17,2,0,29,0,0,6,7,0,5,0,9,13,8,5
1981,17,4,d,7,2,0,9,0,s,3,0,0,8,1,2,s,2,0,29,0,0,6,7,0,5,0,9,13,8,5
I12,17,4,1,7,2,0,9,0,0,0,0,0,0,1,2,17,2,0,29,0,0,6,7,0,5,0,s,13,8,5
I13,17,4,1,7,2,0,9,0,0,0,7,0,0,1,2,17,2,5,29,0,0,6,7,0,5,0,s,13,8,5
1425,17,s,d,7,2,0,9,0,0,0,7,0,0,1,2,d,2,5,29,0,0,6,7,d,5,0,s,13,8,5
1424,17,4,1,7,2,3,9,d,0,0,7,0,0,1,2,d,2,5,29,d,0,6,7,5,5,0,s,13,8,5
1626,17,s,1,7,2,35,9,0,d,0,0,d,8,1,2,s,2,d,29,0,0,6,7,0,5,0,s,13,8,5
I15,17,4,1,7,0,0,3,0,0,3,0,0,0,1,2,17,2,0,29,0,0,6,7,0,5,0,9,13,8,5
1310,17,4,d,7,0,0,d,0,2,3,34,0,5,s,2,17,2,d,29,d,0,6,7,5,5,s,d,13,d,5
I20,17,4,1,7,0,0,3,2,0,3,0,0,0,1,2,17,2,0,29,0,0,6,7,5,5,0,9,13,8,5
1283,17,d,1,7,0,0,3,2,0,3,0,4,0,1,2,17,2,d,29,d,d,6,7,5,5,0,9,13,8,5
1282,d,4,1,7,d,0,3,2,0,3,0,0,8,1,2,17,2,0,29,0,0,6,d,5,5,d,d,13,8,5
I22,17,4,1,7,0,0,11,0,0,0,0,0,0,1,2,17,2,0,29,0,0,6,7,0,5,0,9,13,14,0
I23,17,4,1,7,1,0,11,0,0,0,0,0,0,1,2,17,2,0,29,3,0,6,7,0,5,0,9,13,14,0
1638,17,4,1,7,1,0,11,0,0,d,27,4,0,d,2,17,2,4,29,3,0,6,7,0,5,0,d,13,14,0
I27,17,4,1,7,1,27,11,0,0,3,12,4,0,1,2,17,2,0,29,3,0,6,7,0,5,0,9,13,14,0
1434,17,4,1,7,1,27,11,d,s,3,12,4,0,1,2,d,s,d,29,3,2,6,7,5,5,0,9,13,14,0
1333,17,4,1,7,1,27,11,0,0,3,12,d,d,1,2,17,2,0,29,3,0,6,7,0,5,1,9,13,14,10
I30,17,4,1,7,0,0,11,0,0,0,0,0,0,1,2,17,2,0,29,0,0,6,7,0,5,1,9,13,14,0
I31,17,4,1,7,0,0,11,0,0,0,0,0,0,1,2,17,2,15,29,0,0,6,7,0,5,1,9,13,14,0
1520,17,4,d,7,0,0,d,3,0,0,6,0,8,d,2,17,2,15,29,0,s,6,7,0,5,1,9,13,14,d
1505,17,4,1,7,0,d,11,0,0,0,0,0,0,1,2,17,d,15,29,0,0,6,7,d,5,1,9,13,14,0
I34,17,4,1,7,0,0,11,0,0,0,0,0,0,1,2,17,2,0,29,0,0,6,7,0,5,1,9,13,14,0
1491,17,4,1,d,d,d,d,0,0,0,18,0,0,1,2,s,2,0,29,0,2,6,7,0,5,1,9,d,14,d
1755,17,4,1,7,0,d,11,0,2,8,4,0,0,1,2,d,2,19,29,0,0,6,7,0,5,1,d,13,14,0
I37,0,4,1,7,1,0,0,0,0,3,0,3,0,1,2,17,2,0,29,0,0,0,7,0,5,0,9,13,0,0
I38,0,4,1,7,1,0,0,0,0,3,0,3,0,1,2,17,2,0,29,0,0,0,7,5,5,0,9,13,0,0
I39,0,4,1,7,1,0,0,0,2,3,0,3,0,1,2,17,2,0,29,0,0,0,7,5,5,0,9,s,19,0
I40,0,4,1,7,1,0,0,7,2,3,0,3,0,1,2,17,2,0,29,0,0,0,7,5,5,0,9,s,19,0
1302,0,4,1,7,d,0,8,7,2,3,0,3,0,1,d,17,2,0,29,15,0,0,7,5,5,0,9,s,19,d
1523,0,4,1,7,1,10,d,7,2,3,0,3,0,1,2,17,2,5,d,0,d,0,7,5,5,1,d,s,19,0
I45,0,4,1,7,1,0,0,0,2,3,0,3,0,1,2,17,2,16,29,0,0,0,7,5,5,0,9,s,19,0
1349,0,4,1,7,1,d,s,2,2,3,0,3,0,1,2,17,2,16,29,0,0,0,d,5,d,d,9,s,19,0
1348,d,4,1,7,1,0,d,0,2,3,0,3,0,1,2,d,d,d,29,0,d,d,7,d,5,d,9,s,d,0
I47,0,4,1,7,1,0,0,0,0,3,0,3,0,1,2,17,2,0,29,0,0,0,7,5,5,0,9,13,0,0
1052,d,s,1,7,1,0,5,0,0,d,0,3,8,d,2,17,2,0,29,s,2,0,7,5,d,d,9,d,d,0
1193,0,4,1,d,1,d,s,0,0,3,0,3,0,1,2,17,d,0,29,0,0,d,7,5,5,0,9,13,0,0
I54,0,4,1,7,1,34,0,0,2,3,0,3,0,1,2,17,2,0,29,0,0,0,7,0,5,0,9,13,0,1
I55,0,4,1,7,1,34,0,0,2,3,0,3,0,1,2,17,2,0,29,0,0,0,7,0,5,0,9,13,0,1
1119,s,4,1,7,1,34,d,0,2,3,0,d,0,1,2,17,2,0,29,0,0,0,s,0,5,1,9,13,0,1
I59,0,4,1,7,1,34,0,0,2,3,0,3,0,1,2,17,2,0,29,0,0,0,7,0,5,0,9,13,0,1
I60,0,4,s,7,1,34,0,0,2,3,42,3,0,1,2,17,2,10,29,0,0,0,7,0,5,1,9,13,0,1
1411,0,4,s,7,d,34,0,0,2,3,42,3,0,1,2,17,2,10,29,0,0,0,7,0,5,d,9,13,0,1
1410,0,4,s,7,1,34,s,0,2,3,42,3,12,1,2,17,d,10,29,0,d,0,7,0,5,1,9,d,0,1
1483,0,4,1,7,d,34,0,0,2,3,0,3,8,1,2,17,2,0,29,0,0,0,7,0,5,0,9,13,0,1
I62,0,4,1,7,1,34,0,0,2,3,0,3,0,1,2,17,2,0,29,0,0,0,7,0,5,0,9,13,0,1
I63,0,4,1,7,1,34,5,0,2,3,0,3,0,1,2,17,2,0,29,0,0,0,7,0,5,0,9,13,0,1
1113,0,4,1,7,1,34,d,0,2,3,0,3,0,1,2,17,2,0,29,d,d,d,7,d,5,0,9,13,d,1
1405,0,4,1,7,1,34,5,2,2,3,0,3,0,1,2,s,2,0,29,d,0,0,7,d,d,d,9,d,0,1
I66,0,4,1,7,1,34,0,0,2,3,0,3,0,1,2,17,2,0,29,0,0,0,7,0,5,0,9,13,0,1
I67,0,4,1,7,1,34,0,0,2,3,4,3,0,1,2,17,2,0,29,0,0,0,7,0,5,0,9,13,0,1
1457,0,d,1,7,1,34,d,0,2,3,4,3,0,1,2,17,2,0,29,d,0,d,7,0,d,0,9,13,0,1
1456,0,d,1,7,d,34,0,0,2,3,4,3,0,d,2,17,2,0,29,0,0,0,d,0,5,0,9,13,0,1
I68,7,4,1,7,1,34,5,0,2,3,0,3,0,1,2,17,2,0,29,0,0,6,7,0,s,0,9,13,0,1
1339,7,d,1,7,1,34,5,0,2,3,0,3,0,1,2,17,2,0,29,0,d,6,7,0,s,0,9,13,0,1
1338,7,4,1,7,1,d,5,0,2,3,0,3,0,1,2,17,2,0,29,0,0,6,7,d,s,d,9,13,0,1
I69,0,4,1,0,0,28,0,0,0,0,0,0,0,s,0,17,2,1,0,0,2,0,7,0,5,0,9,0,0,0
I70,0,4,1,19,0,28,0,7,0,0,0,0,0,s,0,17,2,1,0,0,2,0,s,0,5,0,9,0,0,1
I71,0,4,1,19,0,28,0,7,0,0,25,0,0,s,0,17,2,1,0,0,2,3,s,0,5,0,9,9,0,1
I75,0,4,1,19,0,28,0,7,2,8,25,0,8,s,0,17,2,1,0,0,2,3,s,5,5,0,9,9,0,1
1151,0,4,1,19,d,28,0,d,2,8,25,d,8,s,0,17,2,1,0,0,2,d,s,5,5,0,d,9,0,1
1150,0,4,1,19,0,28,0,7,2,8,25,0,8,s,0,17,d,1,0,d,2,3,s,5,5,0,9,9,0,1
I83,0,4,1,19,0,28,0,7,0,s,25,0,0,s,0,17,2,s,0,0,2,3,s,0,5,0,9,9,0,1
I84,0,4,1,19,0,28,6,7,0,s,25,0,0,s,0,17,2,s,0,0,2,3,s,0,5,0,9,9,0,1
1111,d,4,1,19,0,28,6,7,0,s,25,0,0,s,0,17,2,s,d,0,d,3,s,0,5,0,9,9,0,1
1110,0,4,1,19,d,28,6,7,0,s,25,d,0,s,0,17,2,s,0,0,2,3,s,0,5,0,9,9,0,1
I85,0,4,1,19,0,28,0,7,s,s,25,3,0,s,0,17,2,s,0,0,2,3,s,0,5,1,9,9,7,1
1071,0,4,1,d,0,d,5,7,s,s,25,3,0,s,0,17,2,s,d,0,d,3,s,0,5,1,9,9,7,1
2028,0,d,1,19,0,28,0,7,s,s,25,3,0,s,0,d,2,s,0,0,2,3,s,0,5,1,9,9,7,1
I87,0,4,1,s,0,28,0,7,0,0,0,0,0,s,0,17,2,1,0,0,2,3,s,5,5,5,9,0,9,1
I88,0,4,1,s,0,28,0,7,0,0,0,0,0,s,0,17,s,1,0,0,2,3,s,5,5,5,9,9,9,1
I89,0,4,1,s,0,28,0,s,0,0,0,0,0,s,0,17,s,1,0,18,2,3,s,5,5,5,9,9,9,1
I90,0,4,1,s,0,28,0,s,2,0,12,0,0,s,0,17,s,1,0,18,2,3,s,5,5,5,9,9,9,1
1191,d,4,1,s,0,d,d,s,2,d,d,0,d,s,0,17,s,1,0,18,2,3,s,5,5,5,9,9,9,d
1190,0,4,1,s,0,28,d,s,2,0,12,0,d,s,d,17,s,1,0,d,2,3,s,5,5,5,d,9,9,1
1299,d,4,1,s,0,28,5,s,d,3,0,2,0,s,0,17,s,1,0,18,2,3,s,5,d,5,9,9,9,1
1263,0,4,1,s,0,28,0,7,0,d,0,0,0,s,d,17,s,1,0,d,2,3,s,5,5,5,9,9,9,1
I95,0,4,1,s,0,28,0,7,0,0,0,0,0,s,0,17,2,1,0,s,2,3,s,5,5,5,9,0,9,1
I96,0,4,1,s,0,28,0,7,0,0,0,s,1,s,0,17,s,1,2,s,2,3,s,5,5,5,9,13,9,1
1251,0,4,1,s,d,28,0,d,0,0,0,s,1,s,0,17,s,1,d,s,2,3,s,5,5,5,9,13,9,1
I98,0,4,1,s,0,28,0,7,0,0,0,s,1,s,0,17,s,1,2,s,2,3,s,5,5,5,9,13,9,1
1079,0,4,1,s,0,28,d,7,0,d,0,s,1,s,0,17,s,1,2,s,2,3,s,5,5,5,d,13,d,d
1078,0,4,1,s,d,28,0,7,0,0,0,s,1,s,0,17,s,1,d,s,2,3,s,5,5,5,9,d,9,1
I101,0,4,1,s,0,28,4,s,0,0,0,4,0,s,0,17,2,1,0,s,2,3,s,5,5,5,9,0,9,1
1407,0,4,1,s,0,28,4,s,0,0,0,4,11,s,0,17,2,1,0,s,2,3,s,5,5,5,9,d,d,1
1406,0,4,1,s,d,28,s,s,d,0,d,d,d,s,0,17,d,1,0,s,2,3,s,5,5,5,9,0,d,1
I102,0,4,1,0,0,28,0,0,0,0,0,0,0,s,0,17,2,1,0,0,2,0,7,0,5,0,9,0,11,0
I103,0,4,1,0,0,28,0,0,0,3,0,0,0,s,0,17,2,1,5,0,2,0,7,0,5,0,9,0,11,0
I109,0,4,1,0,0,28,0,8,0,3,0,2,0,s,0,17,2,1,s,26,2,0,7,0,5,0,9,0,11,1
I110,0,4,1,0,0,28,4,8,0,3,0,2,0,s,0,17,2,1,s,26,2,3,7,0,5,0,9,0,11,1
1867,0,4,1,0,0,28,4,8,0,3,0,d,0,s,0,17,d,1,s,26,2,3,7,5,5,0,9,0,d,1
1884,0,4,1,0,0,28,4,8,0,3,d,2,d,s,0,17,2,1,s,26,2,3,7,d,5,0,9,0,11,1
I113,0,4,1,0,0,28,0,8,0,3,0,2,0,s,4,17,2,1,s,26,2,0,7,0,5,0,9,0,11,1
2045,0,4,d,d,d,28,0,8,0,3,d,2,s,s,4,17,2,1,s,26,2,d,7,0,d,0,9,0,11,1
2031,0,4,d,3,d,28,d,8,0,3,d,2,12,s,4,17,2,1,s,26,d,0,7,0,d,0,9,s,d,1
I116,0,4,1,0,0,28,0,0,2,3,0,0,0,s,0,17,2,1,5,0,2,0,7,0,5,1,9,0,11,0
I117,0,4,1,0,0,28,0,0,2,3,0,2,0,s,s,17,2,1,5,0,2,0,7,5,5,1,9,0,11,0
1099,0,4,d,0,d,28,0,0,2,d,2,d,d,s,s,17,d,1,5,d,2,0,d,5,5,1,9,0,11,0
1048,0,4,d,0,0,d,0,0,2,d,0,2,0,s,s,17,2,1,5,d,2,0,7,s,5,1,d,0,11,0
1023,4,4,1,0,0,28,d,0,2,3,0,0,d,s,0,17,2,1,5,0,2,0,d,0,5,1,d,0,11,0
I124,0,4,1,0,0,28,0,0,0,0,0,0,8,s,0,17,2,1,0,0,2,0,7,0,5,0,9,0,11,0
I125,7,4,1,0,0,28,0,0,0,0,0,4,8,s,0,17,2,1,0,0,2,0,7,0,5,0,9,7,11,0
I126,7,4,1,0,1,28,0,0,0,0,0,4,8,s,0,17,2,1,0,0,2,0,7,0,5,0,9,7,11,0
I127,7,4,1,0,1,28,0,0,0,0,0,4,8,s,0,17,2,1,0,0,2,0,7,0,5,0,9,s,11,0
1301,7,4,d,0,s,28,0,0,0,0,0,4,8,s,0,d,d,1,0,0,2,0,7,0,5,0,d,s,11,0
1300,7,4,1,0,d,d,d,0,0,0,0,4,8,s,d,17,s,1,0,0,2,0,d,5,5,0,9,s,11,0
1132,7,4,1,0,1,d,0,0,0,3,0,4,8,s,0,17,2,1,0,0,2,0,7,d,5,0,9,7,11,0
I129,7,4,1,0,0,28,11,0,0,0,0,4,8,s,0,17,2,1,0,0,2,0,7,0,5,0,9,7,11,0
1476,7,4,d,0,d,d,11,0,0,3,0,4,8,s,0,17,2,1,0,d,2,0,7,0,5,0,9,7,11,0
1726,7,4,d,0,0,d,d,3,d,0,0,4,8,s,0,17,2,1,0,18,2,0,7,0,5,0,9,7,11,1
I132,0,4,1,0,1,28,0,0,0,0,0,0,8,s,0,17,2,1,0,0,2,0,7,0,5,0,9,0,11,0
I133,0,4,1,0,1,28,0,0,0,3,0,0,8,s,0,17,2,1,0,0,2,0,7,0,5,0,9,0,11,0
I134,0,4,1,0,1,28,0,3,0,3,0,0,8,s,0,17,2,1,0,0,2,0,7,0,5,0,9,0,11,1
1095,0,4,1,0,1,d,0,3,0,3,0,4,d,s,0,17,2,s,0,0,d,0,7,0,5,0,9,0,11,1
1094,0,4,1,0,1,28,0,3,0,3,16,0,d,s,0,17,2,1,0,0,2,0,d,0,d,d,9,0,d,1
I135,0,4,1,0,1,28,0,0,0,3,0,0,8,s,2,17,2,1,0,0,2,0,7,0,5,0,9,0,11,0
1045,0,4,1,0,1,d,0,0,0,d,0,d,8,s,2,d,d,1,d,d,2,0,7,0,5,0,d,0,11,0
1044,0,d,1,d,1,28,0,0,2,3,0,d,8,s,2,17,2,1,0,0,2,0,7,5,5,0,9,0,11,0
I136,0,4,1,0,1,28,0,0,0,3,0,0,8,s,0,17,2,1,0,0,2,3,7,0,5,0,9,0,11,0
1165,d,d,1,0,1,s,0,0,d,3,0,0,8,s,d,17,2,1,0,0,2,3,7,5,5,0,9,0,11,0
1080,0,4,1,d,1,28,0,0,0,3,41,0,8,s,0,d,2,1,13,0,2,3,7,0,5,0,9,0,11,0
I139,0,4,1,0,1,0,0,0,2,0,0,0,0,13,0,17,2,0,15,0,0,0,7,5,5,1,9,0,0,0
I140,0,4,1,0,1,34,0,0,2,0,0,0,0,13,0,17,2,0,15,0,0,0,7,5,5,1,9,0,0,0
I141,0,4,1,0,1,34,9,0,2,3,0,1,0,13,0,17,2,0,15,s,0,0,7,5,5,1,9,0,0,0
I142,0,4,1,0,1,34,9,0,2,3,0,1,0,13,0,17,2,0,15,s,0,0,7,5,5,1,9,0,0,0
I143,0,4,1,0,1,34,9,0,2,3,0,1,0,13,0,17,2,0,15,s,0,0,7,5,5,1,9,0,0,0
1763,0,d,1,0,1,d,9,0,2,3,0,1,0,13,2,17,2,d,15,s,0,0,7,5,5,1,9,9,0,d
I149,0,4,1,0,1,34,9,0,2,3,14,1,0,13,1,17,2,0,15,s,s,0,7,5,5,1,9,0,0,0
1805,0,4,d,0,1,34,d,0,d,3,14,1,0,13,1,d,2,0,15,s,s,0,7,d,d,1,9,0,0,0
1804,0,4,1,0,1,d,9,0,2,3,14,1,0,13,d,17,2,0,15,s,s,0,7,5,5,1,9,0,0,0
988,7,d,1,0,d,34,9,0,2,3,0,1,0,13,0,17,2,d,15,s,0,0,7,5,5,1,9,0,d,0
I154,0,4,1,0,1,34,9,0,2,3,0,1,0,13,0,17,2,0,15,s,0,0,7,5,5,1,9,0,0,0
I155,0,4,1,0,1,34,9,8,2,3,0,1,0,13,0,17,2,0,15,s,0,0,7,5,5,1,9,0,0,0
I156,0,4,1,s,1,34,9,8,s,3,0,1,0,13,0,17,2,0,15,s,0,0,7,5,5,1,9,0,0,0
1743,0,4,1,s,1,34,9,8,s,3,0,1,0,13,d,17,2,0,15,s,0,0,7,5,5,1,9,d,0,d
976,d,4,1,s,1,34,9,d,s,3,d,1,0,13,0,17,s,0,15,s,0,0,7,5,5,d,9,d,0,d
I158,0,4,1,0,1,34,9,8,2,3,0,1,8,13,0,17,2,0,15,s,2,0,7,5,5,1,9,0,0,0
I159,0,4,1,0,1,34,9,8,2,3,0,1,8,13,0,17,2,0,15,s,2,0,7,5,5,1,9,0,0,0
1579,0,4,1,0,1,34,9,8,2,3,0,1,8,13,0,17,d,0,d,s,d,0,d,5,5,1,9,0,0,0
1578,0,4,1,0,1,34,9,8,2,3,0,1,8,13,0,17,2,0,15,s,d,0,7,5,d,1,9,0,0,d
1724,d,4,1,0,1,34,9,8,2,d,d,1,d,d,0,17,2,6,15,s,2,d,d,5,d,1,9,0,d,0
I161,0,4,1,0,1,34,9,0,2,3,0,1,0,13,0,17,2,0,15,s,0,3,7,5,5,1,9,0,0,0
I162,0,4,1,0,1,34,9,8,2,3,0,1,0,13,0,17,2,0,15,s,0,3,7,5,5,1,9,0,0,0
I163,0,4,1,0,1,34,9,8,2,3,0,1,0,13,0,17,2,0,15,s,0,3,7,5,5,s,9,0,0,0
1365,0,4,1,0,1,d,9,8,2,3,d,1,0,s,0,17,2,11,d,s,2,d,7,5,d,s,9,0,0,0
1364,0,4,1,0,1,34,9,8,d,3,d,1,0,13,d,17,2,0,d,s,0,3,7,5,5,s,9,0,20,0
1669,0,4,1,0,1,34,9,8,2,3,d,1,0,13,0,17,2,0,15,s,0,3,7,5,5,1,9,0,0,0
I165,0,4,1,0,1,34,9,0,2,3,0,1,0,13,0,17,2,1,15,s,0,3,7,5,5,1,9,0,0,1
1903,0,4,1,0,1,d,s,0,2,3,s,1,0,13,0,17,2,1,d,s,0,3,7,5,5,1,d,0,7,1
1667,0,4,1,0,1,d,d,0,2,3,0,1,d,13,0,d,2,1,15,s,0,3,d,d,5,1,9,0,d,s
I168,0,4,1,0,1,s,5,0,2,0,0,0,7,13,0,17,2,0,15,0,0,0,7,5,5,1,9,0,0,0
I169,0,4,s,0,1,s,5,2,2,3,0,0,s,13,0,17,2,0,15,0,0,0,7,5,5,1,9,13,0,0
I170,0,4,s,0,s,s,5,2,2,3,0,0,s,13,0,17,2,0,15,0,0,0,7,5,5,1,9,13,0,0
I171,s,4,s,0,s,s,5,2,2,3,0,0,s,13,0,17,2,0,15,0,0,0,7,5,5,1,9,13,s,0
I172,s,4,s,20,s,s,5,2,2,3,0,0,s,13,0,17,2,0,15,27,0,0,7,5,5,1,9,13,s,0
1815,s,d,s,20,s,s,d,2,2,3,0,0,s,13,0,17,2,0,15,27,0,d,7,5,5,1,9,13,s,0
1814,s,4,s,20,s,s,5,2,2,3,0,0,s,d,0,17,2,0,15,27,d,0,7,5,d,1,9,13,s,0
1886,s,4,s,3,s,s,5,d,2,3,0,3,s,13,0,17,2,0,s,0,2,0,7,5,5,1,9,13,s,0
1943,0,4,s,0,s,s,5,2,2,3,0,2,s,13,0,17,2,0,d,0,0,0,7,5,d,1,9,13,0,0
I177,0,4,s,15,1,s,5,2,2,3,0,0,s,13,0,17,2,0,15,0,2,0,7,5,5,1,9,13,0,0
I178,0,4,s,15,1,s,5,2,2,3,0,0,s,13,0,17,2,0,15,0,2,0,7,5,5,1,9,13,0,0
1858,d,4,s,15,1,s,5,2,2,3,0,0,s,13,0,17,d,0,15,3,d,0,d,5,5,1,9,13,0,0
I180,0,4,s,15,1,s,5,2,2,3,0,0,s,13,0,17,2,0,15,0,2,0,7,5,5,1,9,13,0,0
1879,0,4,s,15,1,s,5,2,2,3,0,0,s,13,0,17,2,0,15,0,2,d,7,5,5,1,9,13,0,0
1878,0,d,s,15,1,s,5,2,2,3,0,0,s,13,0,17,2,d,15,d,d,0,7,5,5,1,9,13,0,0
2042,0,4,s,15,1,s,5,2,2,3,6,0,s,13,d,17,2,0,15,0,2,0,7,d,5,d,9,13,0,0
I183,0,4,1,0,1,s,5,0,2,0,s,0,7,13,0,17,2,0,15,0,0,0,7,5,5,1,9,0,0,0
I184,0,4,1,0,1,s,5,0,2,0,s,0,7,13,0,17,2,0,15,0,0,0,7,5,5,1,9,0,0,0
I185,0,4,1,0,1,s,5,0,2,0,s,0,7,13,0,17,2,0,15,0,0,6,7,5,5,1,9,0,0,0
1575,d,4,1,17,s,s,5,0,d,0,s,0,7,13,0,17,2,0,15,0,s,6,7,5,5,1,9,0,0,0
1715,7,4,1,3,1,s,5,7,2,d,s,0,7,13,0,17,2,0,15,0,0,6,7,5,5,1,9,13,0,0
1765,0,4,1,s,1,s,5,d,2,0,s,0,7,13,0,17,2,0,15,s,0,1,7,d,5,d,9,0,0,d
I191,0,4,1,0,1,s,5,0,2,0,s,0,7,13,0,17,2,0,15,12,0,0,7,5,5,1,9,13,0,0
1544,s,4,1,7,1,s,5,2,2,d,s,0,7,13,0,17,2,6,15,12,0,0,d,d,d,1,9,13,2,0
I196,7,4,1,3,1,s,5,0,2,3,s,0,7,13,0,17,2,0,15,12,0,0,7,5,5,1,9,13,0,0
1537,7,4,1,3,1,s,5,0,2,3,s,0,7,d,0,d,d,s,15,12,0,0,7,5,5,1,9,13,0,0
1536,7,4,1,d,s,s,5,0,2,d,s,d,7,13,0,d,2,0,15,12,d,0,7,5,d,1,9,13,0,0
I198,4,s,1,0,1,0,0,0,2,0,s,0,8,13,0,17,2,0,15,0,s,0,7,5,5,1,9,0,0,0
I199,4,s,1,6,1,0,0,7,2,0,s,0,8,13,0,17,2,0,15,3,s,0,7,5,5,1,9,0,0,0
I200,4,s,1,6,1,0,0,7,2,0,s,0,8,13,0,17,2,0,15,3,s,0,7,5,5,1,9,0,0,0
I201,4,s,1,6,1,0,s,7,2,0,s,0,8,13,0,17,2,2,15,3,s,0,7,5,5,1,9,0,0,0
1043,4,s,d,6,1,0,s,7,2,d,s,2,d,d,0,17,2,2,15,3,s,3,7,5,5,1,9,d,0,0
2036,4,s,1,6,1,8,s,7,2,0,s,0,8,13,0,17,2,2,15,3,s,0,s,5,5,1,9,0,0,0
I205,4,s,1,6,1,0,0,7,2,0,s,0,8,13,0,17,2,4,15,3,s,0,7,5,5,1,9,16,0,0
I206,4,s,1,6,1,0,0,7,2,0,s,0,8,13,0,17,2,4,15,3,s,0,7,5,5,1,9,16,0,0
1921,4,s,1,d,1,0,8,d,2,7,s,0,8,13,0,17,2,4,15,3,s,6,7,5,5,d,9,16,0,0
1952,4,s,1,6,1,0,4,7,2,0,s,0,8,13,0,17,2,d,15,3,s,0,7,5,5,1,9,d,0,0
I209,4,s,1,6,1,0,0,7,2,0,s,0,8,13,2,17,2,4,15,3,s,0,7,5,5,1,9,16,0,0
1025,4,s,1,d,1,0,0,7,2,7,s,0,8,d,2,17,2,4,15,3,s,0,d,5,5,1,9,d,0,0
1024,4,s,1,6,1,0,d,7,2,0,s,0,8,13,2,17,2,4,d,3,s,0,7,5,d,d,9,16,0,1
I210,4,s,1,6,1,0,0,7,2,0,s,0,8,13,0,17,2,0,15,3,s,0,7,5,5,1,9,0,0,0
I211,4,s,1,6,1,0,0,7,2,0,s,0,8,13,0,17,2,0,15,3,s,0,7,s,5,1,9,0,0,0
I212,4,s,1,6,1,0,0,7,2,6,s,4,8,13,s,17,2,0,15,3,s,0,7,s,s,1,9,0,0,0
1041,4,s,1,6,1,0,d,7,2,6,s,4,d,13,s,d,2,0,15,3,s,0,7,s,s,1,9,d,0,0
1040,4,s,d,6,1,0,0,7,2,6,s,4,8,13,s,17,2,d,d,3,s,0,7,s,s,1,9,d,0,0
I215,4,s,1,6,1,4,0,7,2,0,s,4,8,13,0,17,2,0,15,3,s,0,7,s,5,1,9,0,0,0
2013,4,s,1,6,d,4,0,7,2,0,s,4,8,d,0,17,2,0,15,3,s,d,7,s,5,1,9,0,0,0
2012,4,s,1,6,1,d,0,7,2,d,s,4,8,13,0,17,2,0,15,3,s,0,d,s,5,d,d,0,d,0
I216,4,s,1,6,1,0,0,7,2,3,s,0,8,13,0,17,2,0,15,3,s,0,7,5,5,1,9,0,0,0
I217,4,s,1,6,1,0,0,7,2,3,s,0,8,13,0,17,2,0,15,3,s,0,7,5,5,1,9,0,0,0
1649,4,s,1,6,d,0,0,7,2,3,s,0,8,13,0,17,2,0,15,3,s,0,7,5,5,1,9,16,0,d
1984,d,s,1,6,1,20,0,7,2,3,s,0,8,13,0,17,d,0,15,d,s,0,7,5,5,1,9,0,0,0
I220,4,s,1,6,1,0,0,7,2,3,s,0,s,13,0,17,2,0,15,3,s,0,7,5,5,1,9,0,0,0
1582,d,s,1,d,1,8,0,7,2,3,s,d,s,13,2,17,2,0,d,3,s,d,7,d,5,1,9,0,d,0
1427,4,s,1,6,1,0,0,7,2,3,s,0,s,d,0,17,2,0,d,3,s,0,7,5,d,1,9,13,0,0
I223,4,s,1,0,1,0,8,1,2,3,s,0,8,13,0,17,2,0,15,0,s,6,7,5,5,1,9,11,0,0
I224,4,s,1,0,1,0,8,1,2,3,s,0,8,13,0,17,2,0,15,0,s,6,s,5,5,1,9,11,0,0
I225,4,s,1,0,1,0,8,1,2,3,s,0,8,13,0,17,2,0,15,0,s,6,s,5,5,1,9,11,0,0
1549,4,s,1,0,d,0,8,1,2,3,s,d,8,13,0,17,2,0,15,s,s,d,s,5,5,d,9,11,0,0
I229,4,s,1,0,1,0,8,1,2,3,s,0,8,13,0,17,2,0,15,0,s,6,s,5,5,1,9,11,0,0
I230,4,s,1,7,1,0,8,1,2,3,s,0,8,13,0,17,2,0,15,13,s,6,s,5,5,1,9,11,0,0
1833,4,s,1,7,d,d,8,1,2,3,s,0,8,13,0,17,2,0,d,13,s,6,s,d,d,1,9,11,0,0
1832,4,s,1,d,1,0,8,1,2,3,s,0,8,13,0,17,2,0,15,13,s,6,s,5,5,d,9,11,d,0
1660,4,s,1,s,d,0,d,1,2,3,s,0,8,13,0,17,2,d,15,0,s,6,s,5,5,d,d,11,0,0
I236,4,s,1,0,1,8,8,1,2,3,s,4,8,13,0,s,2,0,15,15,s,6,s,5,5,1,9,11,0,0
1624,4,s,1,0,1,d,8,d,s,d,s,4,8,13,0,s,d,0,d,15,s,6,s,5,d,s,9,11,0,d
1440,d,s,1,0,1,8,8,1,2,3,s,4,8,13,0,s,2,0,s,15,s,6,s,5,5,d,9,11,0,0
I239,4,s,1,0,1,0,8,1,2,3,s,0,s,13,0,17,2,0,15,0,s,s,7,5,5,1,9,11,0,0
I240,4,s,1,0,1,0,8,1,2,3,s,s,s,13,0,17,2,0,15,0,s,s,7,5,5,1,9,11,0,0
I243,4,s,1,0,1,0,8,1,2,3,s,s,s,13,0,17,2,0,15,0,s,s,s,5,5,1,9,11,0,0
1797,4,s,1,19,d,0,8,1,2,d,s,s,s,13,0,d,2,0,d,d,s,s,s,5,5,1,9,11,0,0
1796,4,s,1,0,d,0,8,1,2,3,s,s,s,13,d,d,2,0,15,0,s,s,s,5,5,1,d,d,0,d
I244,4,s,1,0,1,0,8,1,2,3,s,s,s,13,2,17,2,0,15,0,s,s,7,5,5,1,9,11,0,0
985,4,s,1,0,d,d,8,1,2,3,s,s,s,13,2,17,d,0,15,d,s,s,7,5,5,1,9,11,0,0
2032,d,s,d,0,1,0,8,1,2,3,s,s,s,13,2,d,2,0,15,0,s,s,7,5,d,1,9,11,0,0
2021,4,s,1,0,1,s,8,1,2,3,s,s,s,13,0,17,2,0,15,10,s,s,7,5,5,1,9,11,0,0
I251,0,4,1,0,1,0,0,0,0,3,0,0,0,0,0,17,2,0,0,0,0,0,0,0,5,0,0,0,0,0
I252,0,4,1,0,1,0,0,0,2,3,0,0,0,12,0,17,2,0,8,0,0,0,0,0,5,0,0,0,0,0
I253,0,4,1,0,1,0,0,0,2,3,0,0,0,12,0,17,2,0,8,0,0,0,0,0,5,0,0,0,0,0
I254,15,4,1,3,1,0,0,0,2,3,0,0,0,12,0,17,2,0,8,6,0,0,0,5,5,0,25,0,0,0
I255,15,4,1,s,1,0,0,0,2,3,0,0,8,12,0,17,2,0,8,6,0,0,0,5,5,0,s,0,0,0
I256,15,4,1,s,1,0,0,0,2,3,0,0,8,12,0,17,2,0,8,6,0,3,7,5,5,0,s,0,0,0
I257,15,4,1,s,1,0,3,0,2,3,0,0,8,12,2,17,2,0,s,6,2,3,7,5,5,0,s,0,0,3
1222,15,4,1,s,1,s,3,0,2,3,1,0,d,s,2,17,2,0,s,6,2,d,7,5,5,d,s,0,0,3
I259,15,4,1,s,1,0,3,0,2,3,0,0,8,12,2,17,2,0,s,6,2,3,7,5,5,0,s,0,0,3
1379,d,4,d,s,1,0,3,0,2,3,0,d,8,12,2,17,2,0,s,6,2,3,7,5,d,0,s,d,0,d
1378,15,4,1,s,1,0,3,0,2,3,0,3,8,12,2,17,2,0,s,6,2,3,7,5,5,0,s,d,0,3
1069,d,4,1,s,1,0,0,2,2,3,1,0,8,12,2,d,2,0,d,6,0,d,7,5,5,d,s,0,11,d
I263,15,4,1,s,1,0,0,0,2,3,0,0,8,12,0,17,2,0,8,6,0,0,0,5,5,0,s,0,8,0
1255,15,4,1,s,s,0,3,0,d,3,0,0,s,12,0,17,2,0,8,6,2,d,13,5,5,1,s,0,8,1
I267,15,4,1,s,1,0,0,0,2,3,0,0,8,12,0,17,2,0,8,6,0,0,0,5,5,0,s,0,8,5
1054,15,d,1,s,1,0,0,0,2,3,0,0,8,d,0,17,2,d,d,6,s,d,d,5,5,0,s,0,8,5
1278,15,4,d,s,1,0,d,0,2,d,d,0,d,12,0,17,2,d,d,6,2,3,22,5,5,0,s,0,8,s
I270,15,4,1,3,1,0,0,0,2,3,0,0,0,12,0,17,2,0,8,6,2,0,0,5,5,0,25,0,0,1
I271,15,4,1,3,1,0,4,0,2,3,0,0,0,12,0,17,2,0,8,6,2,0,0,5,5,0,25,0,0,1
I274,15,4,1,3,1,0,4,0,2,3,2,0,0,12,0,17,2,0,8,6,2,0,0,5,5,0,25,0,0,1
I275,15,4,1,3,1,0,4,0,2,3,2,0,0,12,0,s,2,0,8,6,2,0,0,5,5,0,25,0,0,1
1995,15,4,1,3,1,0,4,d,d,3,d,0,0,12,0,s,s,d,8,d,2,0,0,5,5,0,25,0,d,1
1994,d,4,1,3,1,0,4,0,2,3,2,0,d,12,0,s,2,0,8,6,2,0,0,5,5,0,25,0,0,1
I276,15,4,1,3,1,0,4,0,2,3,2,0,0,12,0,17,2,0,8,6,2,0,0,5,5,0,25,0,0,1
1909,15,4,d,3,1,0,4,0,2,3,d,0,0,12,d,17,2,0,8,6,2,0,0,5,5,d,25,0,0,1
1908,15,4,d,d,1,0,4,0,2,d,2,0,0,12,0,17,2,0,8,6,2,0,0,5,5,0,25,d,0,1
I277,15,4,1,3,1,0,4,0,2,3,0,4,0,12,0,17,2,0,8,6,2,0,0,5,5,0,25,0,0,1
I278,15,4,1,3,1,0,4,0,2,3,s,4,0,12,0,17,2,0,8,6,2,0,0,5,5,0,25,0,0,1
1073,d,4,1,3,1,0,4,0,2,3,s,d,0,12,0,17,2,0,d,6,d,0,0,5,5,0,25,0,0,1
1072,15,4,d,3,d,13,4,0,2,3,s,4,0,d,0,d,d,0,8,6,2,0,d,5,5,0,25,0,0,1
I279,15,4,1,3,1,0,4,0,2,3,0,4,0,12,0,17,2,0,8,6,2,0,0,5,5,0,25,0,3,1
1187,15,4,1,3,1,0,4,0,2,3,0,4,0,12,0,d,2,0,8,6,2,0,0,d,5,0,25,0,3,1
1186,d,4,1,3,1,0,4,0,2,3,0,4,0,12,0,d,d,0,8,6,2,0,0,5,5,0,25,0,3,1
I280,15,4,1,3,1,0,0,0,2,3,0,0,0,12,0,17,2,0,8,6,2,0,0,5,5,0,25,0,0,1
I281,15,4,1,3,1,0,8,0,2,3,0,s,0,12,0,17,2,0,8,6,2,0,0,5,5,0,25,0,0,1
I282,15,4,1,s,1,0,8,2,2,3,0,s,0,12,0,17,2,0,8,6,2,0,0,5,5,0,25,0,0,1
1319,d,d,1,s,1,0,8,2,2,3,0,s,0,12,0,17,2,0,8,6,d,0,0,5,5,0,25,3,0,1
1318,15,4,1,s,1,31,8,2,2,3,0,s,0,12,6,17,2,0,8,d,2,0,0,d,5,0,d,0,d,1
1180,15,4,1,3,d,0,8,7,2,3,18,s,0,12,d,17,2,0,8,6,d,0,0,5,5,0,25,0,0,1
I284,15,4,1,3,1,0,0,2,2,3,0,2,0,12,0,17,2,0,8,6,s,5,0,5,5,0,25,0,0,1
1773,15,4,1,3,1,0,0,d,2,3,0,2,0,12,d,17,d,0,d,d,s,d,0,5,d,0,25,0,d,1
I286,15,4,1,3,1,0,0,2,2,3,0,2,0,12,0,17,2,0,8,6,s,5,0,5,5,0,25,0,8,1
1475,15,4,1,3,1,d,0,2,d,3,0,2,0,d,0,17,2,0,8,6,s,5,0,5,5,1,25,0,8,1
1474,15,4,1,3,1,0,0,2,d,3,0,2,0,d,2,17,2,0,d,6,s,d,0,d,5,0,25,0,8,1
I287,0,4,1,0,1,0,0,0,2,3,0,s,0,12,0,17,s,0,8,0,0,0,0,5,5,0,0,0,0,0
I288,0,4,1,7,1,0,0,0,2,3,0,s,0,12,0,17,s,0,8,0,0,0,0,5,5,0,0,0,0,0
I289,0,4,1,7,1,4,0,2,2,3,0,s,0,12,5,17,s,0,8,0,0,0,0,5,5,0,0,0,0,0
I291,4,s,1,7,1,4,0,2,2,3,0,s,0,12,5,17,s,0,8,0,0,0,0,5,5,0,8,0,0,0
1145,4,s,1,7,1,4,0,2,2,3,0,s,d,12,5,d,s,0,8,0,2,0,0,5,5,0,8,d,0,0
1144,4,s,1,7,1,4,0,2,2,d,0,s,d,12,5,17,s,0,8,15,0,0,0,d,d,0,8,0,0,0
I295,0,4,1,7,1,4,0,2,2,3,0,s,0,12,5,17,s,15,8,0,2,4,0,5,5,1,0,0,0,0
1417,d,4,1,7,1,4,d,2,2,3,0,s,0,12,5,d,s,15,8,0,2,4,0,5,5,1,3,0,0,0
1416,0,4,1,d,1,4,d,2,2,d,0,s,d,d,5,17,s,15,d,0,d,4,0,5,d,d,0,d,0,d
I296,0,4,1,7,1,0,0,3,2,3,0,s,0,12,0,17,s,1,8,0,0,0,0,5,5,0,0,8,0,0
I297,0,4,1,7,1,10,0,3,2,3,0,s,0,12,0,17,s,1,8,0,0,0,0,5,5,0,0,8,0,0
1732,0,4,1,7,1,10,0,3,2,3,0,s,0,12,0,17,s,1,8,d,0,d,0,5,5,0,0,d,0,5
1147,0,4,1,7,1,10,0,3,d,3,6,s,0,12,0,17,s,1,8,0,0,0,0,5,5,0,0,d,0,0
1239,0,4,1,7,1,16,11,d,2,3,0,s,0,12,0,17,s,1,8,2,0,0,8,5,5,0,0,8,0,s
I303,0,4,1,0,1,s,0,0,2,3,0,s,0,12,0,17,s,0,8,0,0,0,0,5,5,0,0,0,0,0
I304,0,4,1,0,1,s,0,0,2,3,0,s,s,12,0,17,s,0,8,21,0,0,0,5,5,1,0,0,0,0
I305,0,4,1,0,1,s,0,0,2,3,2,s,s,12,2,17,s,0,8,21,0,4,0,5,5,1,s,0,0,0
1799,7,d,1,s,1,s,0,0,2,3,2,s,s,12,d,17,s,0,8,21,0,4,0,5,5,1,s,0,0,0
I307,0,4,1,0,1,s,0,0,2,3,2,s,s,12,2,17,s,s,8,21,0,4,0,5,5,1,s,0,0,s
1807,0,4,1,0,1,s,d,0,2,3,2,s,s,12,2,17,s,s,8,21,0,4,0,5,d,1,s,0,0,s
1806,0,4,1,0,1,s,d,s,2,d,2,s,s,12,2,17,s,s,8,21,0,4,0,5,d,d,s,0,0,s
I308,4,4,1,0,1,s,0,0,2,3,0,s,s,12,0,17,s,0,8,21,0,0,0,5,5,1,2,0,0,0
947,4,4,1,0,1,s,0,0,d,3,0,s,s,12,d,17,s,0,8,21,0,d,0,d,5,1,d,0,0,d
I309,4,4,1,0,1,s,0,0,2,3,0,s,s,12,0,17,s,0,8,21,0,4,0,5,5,1,2,0,0,0
1841,4,4,1,0,d,s,0,0,2,3,0,s,s,12,d,17,s,0,d,21,0,4,0,5,5,1,2,0,0,d
1840,4,4,1,d,1,s,0,0,2,3,0,s,s,12,0,d,s,0,d,21,0,4,0,5,5,d,2,0,d,0
I310,0,4,1,0,1,s,0,0,2,3,0,s,0,12,0,17,s,0,8,0,0,0,0,5,5,0,0,0,0,0
I311,0,4,1,0,1,s,0,0,2,3,0,s,0,12,0,17,s,0,8,1,0,0,0,5,5,0,0,0,0,0
I312,0,4,1,0,1,s,4,0,2,3,0,s,0,12,0,17,s,0,8,1,0,0,5,5,5,0,0,0,0,0
1745,0,4,1,0,d,s,4,0,2,3,0,s,d,12,0,17,s,0,8,d,0,0,5,5,5,0,0,0,0,0
1744,0,4,1,0,1,s,4,0,2,3,0,s,d,d,0,d,s,0,8,1,0,0,5,5,5,0,0,0,0,3
1369,0,4,1,d,1,s,0,0,2,3,0,s,0,12,d,17,s,0,8,1,0,0,0,5,5,1,0,4,0,0
1889,0,4,1,0,1,s,0,0,2,3,0,s,0,s,d,17,s,0,8,0,d,0,d,5,5,0,0,0,0,d
I317,0,4,1,0,1,0,0,8,2,3,0,0,0,12,2,17,2,2,8,0,0,0,0,0,5,0,0,0,0,s
I318,0,4,1,0,1,0,11,8,2,3,0,0,8,12,2,17,2,2,8,0,0,0,9,0,5,0,0,0,0,s
I319,0,4,1,0,1,1,11,8,2,3,0,0,8,12,2,17,2,2,8,0,0,0,9,0,5,1,0,13,0,s
I320,0,4,1,0,1,1,11,8,2,3,0,0,8,12,2,17,2,2,8,0,0,0,9,0,5,1,0,13,0,s
I322,0,4,1,0,1,1,s,8,2,3,40,0,8,12,2,17,2,2,8,0,2,0,9,0,5,1,0,13,0,s
1801,0,4,1,0,1,1,s,8,2,3,40,0,8,12,2,17,d,d,8,0,2,0,9,d,5,d,0,13,0,s
1800,0,4,1,0,1,1,s,8,2,3,40,0,8,12,2,17,d,2,8,0,2,0,9,0,5,s,0,13,0,s
I326,0,s,1,7,1,1,11,s,2,3,0,0,8,12,2,17,2,2,8,0,0,0,9,5,5,1,1,13,0,s
1429,7,s,1,d,d,1,11,s,2,d,0,0,8,12,2,17,2,2,8,s,0,0,9,5,5,1,d,13,d,s
1428,0,s,1,7,1,1,11,s,2,3,0,0,8,12,2,d,2,2,8,0,d,0,9,5,5,1,1,13,0,s
I327,0,4,1,6,1,1,11,8,2,3,0,0,8,12,2,17,2,2,8,0,0,0,9,0,5,1,0,13,0,s
1293,0,4,1,6,d,1,11,d,2,d,0,d,8,12,2,17,2,2,8,0,0,0,9,0,5,1,0,13,11,s
I331,0,4,1,6,1,1,11,8,2,3,0,0,8,12,2,17,2,2,8,0,2,0,9,0,5,1,0,13,0,s
1140,0,4,1,6,1,1,11,8,2,3,0,2,8,12,2,17,d,2,8,0,2,1,d,0,5,1,0,13,11,s
1539,0,4,d,d,1,1,d,8,2,3,37,0,8,s,2,17,2,2,8,0,2,0,9,d,5,1,0,13,d,s
I334,0,4,1,13,1,0,11,8,2,3,0,0,8,12,2,17,2,2,8,0,0,0,9,0,5,0,0,0,0,s
1899,d,4,1,13,1,d,11,8,d,d,s,0,d,d,2,s,2,2,8,0,d,0,9,0,5,0,d,0,0,s
I342,0,4,1,13,1,0,11,8,2,3,7,0,8,12,2,17,2,2,8,0,0,0,9,0,5,0,0,0,0,s
I343,0,4,1,13,1,0,11,8,2,3,7,0,8,12,2,17,2,2,8,0,0,0,9,0,s,0,0,0,0,s
1734,0,4,1,13,1,0,11,d,d,d,7,0,d,12,2,17,2,2,d,0,0,3,9,3,s,0,0,d,0,s
I345,0,4,1,13,1,0,11,8,2,3,7,0,8,12,2,17,2,2,8,0,0,0,9,0,s,0,0,0,0,s
1695,0,4,d,13,1,0,d,d,d,d,7,0,8,d,2,17,2,2,8,d,0,0,9,0,s,0,0,0,0,s
1694,0,4,1,13,1,0,11,8,2,d,7,0,8,12,2,17,2,2,8,0,0,d,9,0,s,0,0,0,0,s
1498,s,d,1,13,1,37,11,8,2,3,7,0,d,12,2,17,2,s,8,d,d,0,9,5,s,1,d,0,0,s
I349,0,4,1,7,1,0,0,8,2,3,0,0,8,12,2,17,2,2,8,0,0,0,0,0,5,0,0,0,0,s
I350,0,4,1,7,1,0,8,8,2,3,7,0,8,12,2,17,2,2,8,0,0,3,0,0,5,s,0,0,0,s
I351,0,4,1,7,1,0,8,8,2,3,7,0,8,12,2,17,2,2,8,0,0,3,0,0,5,s,1,0,9,s
I352,0,4,1,7,1,13,8,8,2,3,7,0,8,12,2,17,2,2,8,0,0,3,0,0,5,s,1,0,9,s
1713,0,4,d,7,d,d,8,8,2,s,7,d,8,d,2,17,2,2,8,0,0,3,0,d,5,s,1,d,9,s
1769,0,4,1,7,1,13,8,8,d,s,7,d,8,12,2,17,2,d,8,0,2,3,0,0,5,s,1,0,d,s
I355,0,4,1,7,1,0,8,8,2,3,7,0,8,12,2,17,2,2,8,0,0,3,0,0,5,s,1,0,9,s
I356,0,4,1,7,1,0,8,8,2,3,7,0,8,12,2,17,2,2,8,0,0,3,0,5,5,s,1,0,9,s
1601,0,4,1,7,1,d,8,d,2,3,7,0,8,12,d,17,2,d,8,0,0,d,0,5,5,s,1,0,9,s
1600,d,d,1,7,1,0,8,8,2,d,7,d,d,12,2,17,d,2,8,0,0,3,0,5,5,s,1,0,9,s
1684,d,4,1,7,1,0,8,8,2,3,7,0,d,12,2,17,2,2,8,0,2,3,0,0,5,s,s,d,d,s
I358,0,4,1,7,1,0,8,8,2,3,7,0,8,12,2,17,2,2,8,0,0,3,0,0,5,s,0,0,0,s
1137,d,4,1,d,1,0,8,8,2,3,7,4,8,12,d,17,s,d,8,0,0,s,0,0,5,s,3,13,0,s
I362,0,4,1,7,1,0,8,8,2,3,7,0,8,12,2,17,2,2,8,0,0,3,0,0,s,s,0,0,0,s
1218,7,d,1,7,1,0,8,8,2,3,7,0,8,12,2,17,2,2,8,0,0,3,d,d,s,s,0,0,0,s
1247,0,d,1,d,1,0,8,8,2,3,7,2,8,12,2,s,2,d,8,0,0,3,0,d,s,s,46,4,0,s
I365,7,4,1,7,1,0,0,8,2,3,0,0,s,12,2,17,2,2,8,0,0,0,0,0,5,0,0,0,3,s
I366,7,4,1,7,1,0,0,8,2,3,0,0,s,12,2,17,2,2,8,18,0,0,0,0,5,0,0,0,3,s
I367,7,4,1,7,1,0,0,8,2,3,0,0,s,12,2,17,2,2,8,18,0,0,0,0,5,0,0,0,3,s
I368,7,4,1,7,1,0,0,8,2,3,0,0,s,12,2,17,2,2,8,18,0,0,0,0,5,0,0,0,3,s
1651,7,4,d,7,1,0,0,d,d,d,0,0,s,12,2,d,2,2,8,18,d,0,d,0,5,0,0,0,3,s
1650,d,4,1,7,1,27,0,8,d,3,0,0,s,12,d,17,2,2,8,18,0,0,0,0,5,0,0,0,3,s
1525,d,4,1,7,d,0,0,d,2,3,0,0,s,12,2,d,2,2,d,18,0,0,d,5,5,0,0,0,3,s
I371,7,4,1,7,1,1,0,8,2,3,16,0,s,12,2,17,2,2,8,18,0,0,0,0,5,0,0,0,3,s
1941,7,4,1,7,d,1,0,8,2,3,16,0,s,12,d,17,2,2,d,18,0,0,0,0,d,0,0,0,3,s
1940,7,4,1,7,1,d,0,8,2,3,16,0,s,12,2,17,2,2,8,18,0,4,0,0,5,d,0,d,3,s
I373,7,4,1,7,1,0,0,8,2,3,0,0,s,12,2,17,2,2,8,0,2,6,0,0,5,1,19,0,3,s
1084,7,4,1,7,1,0,d,8,2,3,12,s,s,12,2,17,2,2,8,d,d,6,0,0,5,d,19,0,3,s
I377,7,4,1,7,1,0,0,8,2,3,0,0,s,12,2,17,2,2,8,0,2,6,0,0,5,1,19,0,3,s
1390,7,4,d,7,1,0,0,8,2,s,0,0,s,12,2,d,2,d,8,0,2,6,0,0,5,1,d,0,3,s
I379,7,4,1,7,1,0,0,8,2,3,0,s,s,12,2,17,2,2,8,0,2,6,0,0,5,1,19,0,3,s
1077,d,4,d,7,1,0,0,8,2,3,0,s,s,d,d,17,2,2,8,0,2,6,0,5,5,1,d,0,3,s
1076,7,d,1,7,1,0,0,8,2,3,0,s,s,12,d,17,2,2,8,d,2,6,0,0,5,1,19,0,3,s
I380,0,4,1,0,1,0,0,0,0,3,0,0,0,0,2,17,2,0,0,s,0,0,0,0,5,0,0,3,0,0
I381,0,4,1,0,1,0,0,0,0,3,0,4,0,0,2,17,2,0,0,s,0,0,0,0,5,0,0,3,0,0
I382,0,4,1,0,1,0,0,0,0,3,0,4,8,0,2,17,2,0,0,s,0,0,0,0,5,0,0,3,0,0
I383,0,4,1,3,1,0,0,0,1,3,0,4,8,15,2,17,2,0,0,s,0,0,0,0,5,1,0,3,0,0
I384,0,4,1,3,1,0,0,2,1,3,0,4,8,15,2,17,2,0,0,s,0,0,0,0,5,1,0,3,0,0
I385,0,4,1,3,1,0,0,2,1,3,0,4,8,15,2,17,2,0,0,s,0,0,0,0,5,1,0,3,0,0
I386,0,4,1,3,1,0,0,2,1,3,0,4,8,15,2,17,2,0,0,s,0,0,9,0,s,1,3,3,0,12
1839,0,4,1,3,1,0,5,2,1,3,0,4,8,15,d,17,2,0,0,s,0,0,d,0,s,d,3,3,0,12
1838,0,4,1,3,1,0,0,2,1,3,0,d,8,15,2,17,2,0,0,s,0,0,9,0,s,1,d,3,0,12
I387,0,4,1,3,1,0,0,2,1,3,0,4,8,15,2,17,2,0,0,s,0,0,0,0,5,1,0,3,9,0
1567,0,4,1,3,d,0,s,2,1,3,0,d,8,15,d,17,2,0,d,s,0,0,d,0,5,d,0,3,9,d
1566,0,4,1,3,1,d,d,2,1,3,0,4,8,15,2,17,2,0,0,s,d,0,d,0,5,1,0,3,9,0
I388,0,4,1,3,1,0,0,2,1,3,0,4,8,15,2,17,2,0,0,s,0,0,0,0,5,1,0,3,0,0
1791,0,4,1,d,d,0,0,2,1,3,1,d,8,15,d,17,d,0,s,s,2,0,0,d,5,1,0,d,0,5
I390,0,4,1,s,1,0,0,2,1,3,0,4,8,15,2,17,2,1,0,s,0,0,0,5,5,1,0,3,0,0
1699,0,4,1,s,1,d,0,2,1,3,0,4,8,15,2,17,2,1,0,s,0,0,d,5,5,1,0,3,0,d
1698,0,4,d,s,1,13,d,2,1,d,0,4,8,15,2,d,2,1,0,s,0,0,0,5,5,1,d,d,0,0
I391,0,s,1,3,1,0,0,0,1,3,0,4,8,15,2,17,2,4,2,s,2,0,11,0,5,1,0,3,0,0
1675,6,s,1,3,1,3,0,0,1,3,0,4,8,15,d,17,2,4,2,s,2,3,11,0,5,1,s,3,d,d
I397,0,s,1,3,1,0,0,0,1,3,0,4,8,15,2,17,2,s,2,s,2,6,11,s,5,1,0,3,s,4
1711,0,s,1,d,1,3,0,0,1,3,0,4,8,15,2,17,d,s,2,s,2,6,d,s,5,1,0,3,s,4
1710,0,s,d,3,d,0,0,0,1,3,0,4,8,15,2,17,2,s,2,s,2,6,11,s,5,1,0,3,s,4
I398,0,4,1,0,1,0,0,0,2,3,0,4,8,0,2,17,2,0,0,s,0,0,0,0,5,0,0,3,0,0
I399,0,4,1,0,1,0,0,0,2,3,0,4,8,0,2,17,2,0,0,s,0,0,0,0,5,0,0,3,0,0
1933,0,4,1,25,1,0,0,0,2,3,47,4,8,0,2,17,2,0,0,s,0,0,0,0,d,0,d,3,0,d
1789,0,4,1,0,1,0,8,s,d,3,0,4,s,6,2,17,2,0,0,s,s,3,0,5,5,s,0,3,0,1
I406,0,4,1,0,1,s,0,0,2,3,0,4,8,0,2,17,s,0,0,s,1,0,4,0,5,0,0,3,0,0
I408,7,4,1,0,1,s,0,s,2,3,0,4,8,0,2,17,s,0,0,s,1,0,4,0,s,1,0,3,0,0
1689,7,4,1,0,1,s,0,s,d,d,0,4,8,0,2,17,s,0,d,s,1,0,4,0,s,1,d,d,d,0
1688,7,4,1,0,1,s,0,s,2,3,d,4,8,0,2,17,s,0,0,s,1,0,4,5,s,1,0,d,d,0
1982,0,4,s,0,d,s,0,0,d,3,0,4,8,7,2,17,s,0,0,s,1,0,4,0,5,1,0,3,0,0
I413,0,4,1,0,1,0,0,0,0,3,0,4,5,0,2,17,2,0,0,s,0,0,0,0,5,0,0,3,0,0
I414,s,4,1,0,1,0,0,0,0,3,0,4,5,0,2,17,2,0,0,s,0,0,0,0,5,0,0,3,0,0
I415,s,4,1,0,1,0,0,7,0,3,0,4,5,0,2,17,2,0,5,s,0,0,0,5,5,0,0,3,0,0
1414,s,4,1,3,1,d,0,s,0,3,0,4,5,0,2,17,2,0,5,s,0,0,0,5,5,0,0,3,9,1
1284,s,d,1,0,1,0,0,7,0,3,0,4,5,0,2,d,2,0,5,s,0,0,0,5,5,1,0,3,0,d
I422,s,4,1,0,1,0,0,0,0,3,1,4,5,0,2,17,2,0,0,s,0,0,0,0,5,0,0,3,0,0
1450,s,d,1,0,1,0,0,0,d,3,1,4,s,0,2,17,2,0,d,s,2,0,d,5,5,0,0,3,18,0
I426,s,4,1,0,1,0,0,0,0,3,1,4,5,0,2,17,2,0,0,s,0,0,0,0,5,0,0,3,0,0
I427,s,4,1,32,1,0,0,0,0,3,1,4,5,0,2,17,2,0,0,s,0,0,0,0,5,0,0,3,0,0
1157,s,4,1,32,1,0,11,0,d,d,1,4,5,0,2,17,d,0,0,s,0,0,0,d,5,s,0,3,0,0
1156,s,4,d,32,1,0,0,0,d,d,1,4,5,0,2,17,d,d,0,s,0,0,0,0,5,0,0,3,0,0
1108,s,4,1,d,d,d,0,0,0,3,d,4,5,0,2,17,2,0,s,s,0,0,d,0,5,0,0,3,s,0
I429,0,4,1,0,1,0,0,0,0,3,0,4,5,0,2,17,2,0,0,s,0,0,0,0,5,0,0,3,0,0
I430,0,4,1,0,1,0,0,4,0,3,0,4,5,18,2,17,s,0,0,s,0,0,0,0,5,0,0,3,0,0
I431,0,4,1,0,1,0,0,4,0,3,0,4,5,18,2,17,s,0,0,s,0,0,0,0,5,0,0,3,14,0
1409,0,4,1,0,d,0,11,4,2,3,0,4,5,18,2,17,s,0,0,s,0,d,0,0,5,0,0,3,14,0
1690,0,4,1,0,d,0,0,d,d,d,0,4,d,18,2,17,s,0,0,s,0,0,0,d,5,0,d,3,14,0
I436,0,4,1,0,1,0,11,4,2,3,0,4,5,18,2,17,s,0,0,s,0,0,0,3,5,0,0,3,0,0
1585,0,4,1,0,1,0,11,4,2,d,d,4,d,d,2,17,s,d,0,s,0,0,0,d,5,0,0,3,0,0
1584,d,4,1,d,1,0,11,4,d,3,0,4,5,18,2,17,s,0,0,s,0,3,0,3,5,0,0,3,0,0
I437,0,4,1,0,1,0,0,0,0,3,0,4,5,0,2,s,2,0,0,s,0,0,0,0,5,0,0,3,0,0
1529,0,4,d,0,1,30,0,0,0,3,d,4,5,0,2,s,d,0,21,s,0,0,0,0,d,1,42,3,0,0
I441,0,4,1,0,1,0,0,0,0,3,0,4,5,0,2,s,2,0,s,s,0,0,0,0,5,0,0,3,0,0
1975,7,d,1,0,1,d,11,7,0,3,0,4,5,d,2,s,d,0,s,s,0,0,0,5,5,0,0,3,8,5
1543,0,4,1,25,1,s,s,d,0,d,0,4,5,0,2,s,2,1,s,s,0,0,0,0,5,0,0,3,0,0
I444,0,4,1,0,1,0,0,0,0,3,43,0,s,0,2,17,2,0,0,s,0,0,0,0,5,0,0,3,0,0
I445,0,4,1,0,1,0,8,0,0,3,43,0,s,0,2,17,2,0,0,s,0,0,0,0,5,0,12,3,0,1
I446,0,4,1,0,1,0,8,0,0,3,43,0,s,0,2,17,2,0,0,s,2,0,0,0,5,0,12,3,0,1
I448,0,4,1,0,1,0,8,0,0,3,43,0,s,0,2,17,2,0,0,s,2,0,0,0,5,1,12,3,0,1
1481,0,4,1,0,1,0,8,d,0,d,d,0,s,0,2,17,2,0,29,s,2,0,0,0,5,1,d,d,11,1
1273,0,4,d,0,1,0,8,d,0,3,d,0,s,0,2,17,2,0,0,s,2,0,0,d,5,1,12,3,0,1
I454,0,4,1,0,1,0,8,0,0,3,43,0,s,0,2,17,2,0,4,s,2,0,0,0,5,0,12,3,9,1
I455,0,4,1,0,1,0,8,0,0,3,43,0,s,0,2,17,2,0,4,s,2,0,0,0,5,0,12,3,9,1
1907,0,4,d,0,1,0,8,0,d,3,43,0,s,0,2,17,2,d,4,s,2,0,11,5,s,d,12,3,d,1
I457,0,4,1,0,1,0,8,0,0,3,43,0,s,0,2,17,2,0,4,s,2,0,0,5,5,0,12,3,9,1
1821,0,4,1,0,1,0,8,0,d,3,d,0,s,0,2,17,2,0,4,s,2,d,0,5,5,0,d,3,9,1
1820,0,4,1,0,1,0,8,0,0,3,43,0,s,0,2,17,2,0,4,s,2,0,0,5,5,0,12,3,9,1
I458,7,4,1,0,1,0,8,0,0,3,43,0,s,0,2,17,2,0,4,s,2,0,0,0,5,0,12,3,9,1
2025,7,4,1,0,1,0,8,0,0,3,43,0,s,d,2,17,2,0,4,s,2,0,7,0,5,0,12,3,9,d
1875,7,4,1,7,d,s,d,0,0,d,d,0,s,0,d,17,d,0,4,s,2,s,21,5,5,0,12,3,9,1
I461,0,4,1,0,1,0,8,0,0,3,43,0,s,0,2,17,s,5,0,s,0,0,0,0,5,0,12,3,0,1
I463,0,4,1,0,1,0,8,8,2,3,43,0,s,0,2,17,s,5,0,s,0,0,0,0,5,0,12,3,0,1
1466,0,4,1,0,1,0,8,8,2,d,43,d,s,0,2,d,s,5,0,s,0,0,11,0,5,0,12,3,d,1
I465,0,s,1,0,1,s,8,8,2,3,43,0,s,0,2,17,s,5,0,s,0,s,0,0,5,0,12,3,0,1
1565,0,s,1,0,d,s,d,8,2,3,d,d,s,0,d,17,s,5,d,s,0,s,10,0,5,0,12,d,0,1
1564,0,s,1,0,1,s,8,8,2,3,43,0,s,0,2,17,s,d,0,s,0,s,0,d,5,0,12,3,0,1
I469,0,4,1,0,1,0,8,0,0,3,43,0,s,0,2,17,s,5,0,s,0,0,0,0,5,0,12,3,0,1
I470,0,4,1,0,1,0,8,0,2,s,43,0,s,0,2,17,s,5,4,s,0,3,0,0,5,0,12,3,0,1
I471,0,4,1,0,1,0,8,0,2,s,43,0,s,0,2,17,s,5,4,s,0,3,0,0,5,0,12,3,0,1
1653,0,4,1,d,1,0,8,0,d,s,43,0,s,0,2,17,s,s,4,s,0,3,0,0,5,d,12,d,0,1
1652,d,d,1,0,1,0,8,3,2,s,d,0,s,0,2,17,s,5,4,s,0,3,0,0,5,0,12,d,0,1
I472,0,4,1,0,1,30,8,0,2,s,43,0,s,0,2,17,s,5,4,s,0,3,0,0,5,0,12,3,0,1
1619,0,4,1,0,1,30,d,0,2,s,43,0,s,0,2,17,s,5,4,s,0,3,0,0,5,0,12,d,0,1
1618,0,4,1,0,1,30,8,0,2,s,43,0,s,0,2,17,s,5,4,s,0,3,0,0,5,0,d,3,0,1
I474,0,4,1,0,1,38,8,0,0,3,43,2,s,0,2,17,s,5,4,s,0,0,11,5,5,0,12,3,0,1
1853,0,4,1,0,1,d,8,0,0,3,43,d,s,0,2,d,s,5,4,s,0,0,11,5,5,0,12,3,0,1
1852,0,4,1,0,1,38,8,d,0,d,d,2,s,0,2,17,s,5,4,s,0,0,11,5,5,0,12,3,0,1
I476,0,4,1,0,1,0,0,0,0,3,43,0,s,1,2,17,2,0,0,s,0,0,0,0,5,0,0,3,0,0
I477,0,s,1,0,1,0,0,0,0,3,43,0,s,1,2,17,2,0,0,s,0,s,0,s,5,1,0,3,0,0
1503,0,s,1,0,1,0,0,0,0,3,43,d,s,1,2,17,2,0,0,s,0,s,0,s,5,1,d,3,0,0
I485,0,s,1,0,1,0,0,0,0,3,43,0,s,1,2,17,2,0,0,s,0,s,0,s,5,1,0,3,0,0
I486,0,s,1,0,1,0,11,7,0,3,43,0,s,1,2,17,2,0,0,s,0,s,15,s,5,1,0,3,0,0
1809,0,s,1,0,1,0,11,7,2,3,43,0,s,s,2,17,2,0,0,s,0,s,15,s,5,1,0,3,0,0
I488,0,s,1,0,1,0,11,7,0,3,43,0,s,1,2,17,2,0,0,s,0,s,15,s,5,1,0,3,0,0
1709,0,s,1,0,1,0,11,7,2,3,43,0,s,1,2,d,2,0,0,s,d,s,d,s,d,1,0,3,0,0
1708,0,s,1,d,1,0,11,7,s,3,d,0,s,1,2,17,2,d,13,s,0,s,15,s,5,d,0,3,0,0
I490,0,s,1,7,1,13,11,0,0,3,43,0,s,1,2,17,2,0,0,s,0,s,0,s,5,1,0,3,0,0
1751,d,s,1,d,1,13,11,0,0,d,43,0,s,1,2,17,2,0,0,s,0,s,0,s,5,1,0,3,0,0
1750,0,s,1,7,d,13,11,0,0,3,43,0,s,d,2,17,2,0,0,s,0,s,0,s,d,1,0,3,0,1
I492,0,4,1,0,1,0,0,0,2,3,43,4,s,1,2,17,2,19,0,s,0,0,0,s,5,0,0,3,0,0
I495,0,4,1,32,1,0,0,8,2,s,43,4,s,1,2,17,2,19,0,s,0,s,0,s,5,0,0,3,0,0
1865,0,4,s,32,1,0,0,8,2,s,43,4,s,1,2,17,2,19,0,s,0,s,0,s,5,0,0,d,0,0
1864,0,d,1,32,1,0,0,8,d,s,d,d,s,1,2,d,2,19,0,s,0,s,0,s,5,0,0,3,0,0
I500,0,4,1,0,1,27,0,0,2,3,43,4,s,1,2,17,2,19,0,s,0,0,0,s,5,0,0,3,0,0
I501,0,4,1,19,1,27,8,0,2,3,43,4,s,1,2,17,2,19,0,s,0,0,0,s,5,0,1,3,0,0
2041,s,4,1,19,1,27,8,0,2,3,d,4,s,1,2,17,d,19,0,s,d,0,0,s,5,d,1,3,0,0
I503,0,4,1,19,1,27,8,0,2,3,43,4,s,1,2,17,2,19,0,s,s,0,0,s,5,0,1,3,0,0
2001,0,4,1,19,1,27,8,d,2,3,43,4,s,1,2,17,2,d,0,s,s,0,0,s,5,d,1,3,d,0
2000,0,4,1,19,1,27,8,0,2,3,43,d,s,1,2,d,2,19,0,s,s,0,d,s,5,0,d,3,0,0
I506,0,4,1,0,1,27,11,0,2,3,43,4,s,1,2,17,2,19,0,s,0,0,9,s,5,0,0,3,0,0
1905,0,4,1,0,1,27,d,0,2,3,43,4,s,d,2,17,2,19,0,s,0,0,9,s,5,0,0,3,0,0
1904,0,4,1,0,1,27,d,0,2,3,43,4,s,1,2,17,2,19,0,s,0,0,9,s,5,0,0,3,0,d
I507,7,4,1,0,0,2,0,0,0,0,0,4,0,0,2,0,2,0,0,0,0,0,0,0,5,0,0,0,0,0
I508,7,4,1,0,0,2,0,0,0,0,18,4,0,0,2,0,2,0,0,0,0,0,0,0,5,0,0,0,0,0
I509,7,4,1,0,1,2,0,0,0,0,18,4,0,0,2,0,2,0,0,0,0,0,0,0,5,0,0,0,0,0
I510,7,4,1,0,1,2,0,0,0,0,18,4,8,0,2,13,2,0,0,0,0,0,0,0,5,0,0,0,0,0
I511,7,4,1,0,1,2,0,0,0,0,18,4,8,0,2,13,2,0,0,9,0,0,23,0,5,0,0,0,0,0
I512,7,4,1,0,1,2,0,0,0,0,18,4,8,0,2,13,2,0,0,9,0,0,23,5,5,0,0,0,0,0
I513,7,4,1,0,1,2,0,0,0,0,18,4,8,0,s,13,2,0,0,9,2,0,23,5,5,0,0,0,0,0
I514,7,4,1,0,1,2,0,0,0,0,18,4,8,0,s,13,2,0,0,9,2,0,23,5,5,0,0,0,0,0
I515,7,4,1,0,1,2,0,0,0,0,18,4,8,0,s,13,2,0,0,9,2,6,23,5,5,0,0,0,0,0
1067,7,4,1,0,1,2,0,0,0,0,18,4,8,0,s,13,2,d,0,9,2,6,23,5,5,0,d,d,3,0
1066,7,d,1,0,1,2,0,2,2,0,18,4,8,0,s,13,2,d,d,9,2,6,23,5,5,0,0,0,d,0
1065,d,4,s,0,1,2,d,d,0,d,18,4,8,0,s,13,2,0,0,9,d,0,23,d,5,d,0,0,11,0
I517,7,4,1,7,1,2,0,0,0,0,18,4,8,s,s,13,2,0,0,9,2,0,23,5,5,0,0,0,0,0
1090,7,4,1,7,s,2,0,0,0,0,d,d,8,s,s,d,2,3,15,9,2,0,23,5,5,0,0,0,0,1
1107,7,s,1,7,1,s,0,0,0,d,18,4,8,s,s,13,d,0,0,9,2,0,23,5,5,1,0,0,d,0
I520,7,4,1,0,1,2,0,0,0,3,18,4,8,0,2,13,2,0,0,9,0,0,23,5,5,0,0,0,0,1
I521,7,4,1,0,1,2,0,0,0,s,18,4,8,0,2,13,2,0,0,9,0,0,23,5,5,0,0,0,0,1
1323,7,4,d,0,1,2,d,0,0,s,18,4,8,d,2,13,2,0,d,9,0,d,23,5,5,d,0,0,0,d
1257,7,4,1,0,1,2,0,0,0,s,d,4,8,0,d,13,2,0,0,9,0,d,23,5,d,0,0,0,0,1
I524,7,4,1,0,1,2,0,0,0,3,18,4,8,0,2,13,2,0,0,9,0,0,23,5,5,0,0,11,11,1
1354,7,4,1,0,1,2,0,0,0,3,18,4,8,0,2,d,d,1,0,9,d,d,d,5,5,0,0,11,11,1
1587,7,4,d,6,1,2,0,0,0,3,18,4,8,d,2,13,2,0,0,9,0,d,d,5,5,0,d,d,11,1
I527,7,4,1,32,1,2,0,0,0,0,18,4,8,0,2,13,2,4,0,9,0,0,23,0,5,0,0,0,9,0
I528,7,4,1,32,1,2,0,0,0,0,18,4,8,0,2,13,2,4,13,9,0,0,23,0,5,0,0,0,9,5
I529,7,4,1,32,1,2,0,0,0,0,18,4,8,0,2,13,2,4,13,9,0,0,23,0,5,0,0,0,s,5
1380,s,4,1,32,1,2,0,3,d,0,18,4,8,42,2,13,2,4,13,9,0,d,23,d,5,0,s,0,s,5
1654,7,s,1,d,1,2,0,7,2,0,18,4,8,6,2,13,2,4,13,9,0,0,23,0,5,0,d,0,s,5
I532,7,4,1,32,1,2,0,0,0,0,18,4,8,s,2,13,2,4,13,9,0,0,23,0,5,s,0,0,9,5
I533,7,4,1,32,1,2,0,0,0,0,18,4,8,s,2,13,2,4,13,9,0,0,23,0,5,s,0,0,9,5
1389,7,4,1,32,1,2,5,0,0,0,18,4,8,s,2,13,2,4,13,9,0,d,23,d,d,s,d,0,9,5
1388,7,4,1,32,1,2,0,d,0,d,18,d,8,s,2,13,2,d,d,9,0,0,23,0,d,s,0,16,9,d
1393,7,4,1,d,d,2,0,0,0,s,18,4,8,s,2,13,2,4,13,9,d,0,23,0,5,s,0,13,9,5
I535,7,4,1,32,1,2,0,0,0,0,18,4,8,1,2,13,2,4,0,9,0,0,23,0,5,1,1,0,9,0
I536,7,4,1,32,1,2,0,7,2,0,18,4,8,1,2,13,2,4,0,9,0,0,23,0,5,1,1,0,9,1
1211,d,4,1,32,1,s,0,7,2,d,18,4,8,1,s,13,2,4,0,9,0,0,d,0,5,1,1,0,d,1
1236,7,4,1,32,1,2,0,7,d,d,18,4,8,1,2,13,2,d,0,d,0,4,23,0,5,1,1,15,9,1
I540,7,4,1,32,1,2,0,0,0,0,18,4,8,1,2,13,2,s,0,9,0,4,23,5,5,1,1,16,9,0
1155,7,4,1,32,1,2,0,0,0,d,18,4,8,1,2,d,2,s,0,9,0,4,23,5,5,1,1,d,9,0
1154,7,4,s,d,1,2,0,0,0,0,18,4,8,1,2,13,2,s,0,9,d,4,23,d,5,1,d,16,9,0
I542,7,4,1,0,1,2,0,0,0,0,18,4,8,0,2,13,2,0,0,0,0,0,0,0,5,0,0,0,0,0
I543,7,4,1,0,1,2,0,0,0,0,18,4,8,0,2,13,2,0,8,0,0,0,0,0,5,0,0,0,0,0
I544,7,4,1,0,1,2,5,0,0,0,18,4,8,0,2,13,2,0,8,0,0,4,0,0,5,0,0,0,0,0
1083,7,4,1,6,1,2,5,0,2,0,d,4,8,0,2,13,2,0,8,13,2,4,d,0,5,0,0,0,0,0
1127,7,4,1,7,1,2,5,0,s,3,s,4,8,11,d,13,2,0,8,9,0,4,0,0,5,d,0,0,0,1
I552,7,4,1,0,1,2,0,0,0,3,18,4,8,0,2,13,2,0,8,0,0,0,0,0,5,0,0,0,0,0
I553,7,4,1,0,1,2,0,0,0,3,18,4,8,30,2,13,2,0,8,0,0,0,0,0,5,0,0,0,0,0
I554,7,4,1,0,1,2,0,3,0,3,18,4,8,30,2,13,2,11,8,0,0,0,0,0,5,0,0,0,0,1
1089,7,d,1,5,1,2,0,3,0,3,d,4,d,d,2,13,2,d,8,0,0,0,0,0,d,d,0,0,0,1
1088,7,4,1,d,1,2,0,d,0,3,18,4,8,30,2,13,2,d,d,d,0,0,0,0,5,d,0,0,0,1
1203,7,d,s,0,1,2,0,0,0,3,d,4,8,30,2,13,2,0,8,d,0,0,0,0,s,0,d,0,0,0
I556,7,4,1,0,1,2,3,3,0,3,18,4,8,0,2,13,2,0,8,0,0,0,0,0,5,0,0,0,14,0
1267,7,s,1,0,1,2,3,d,2,3,18,4,8,0,2,d,2,0,8,0,0,6,0,5,5,0,20,d,d,d
2016,7,4,1,0,d,2,s,s,0,3,d,4,d,0,2,13,d,0,8,38,0,3,d,5,5,d,0,0,14,0
I561,7,4,1,0,1,2,5,0,0,0,18,4,8,0,s,13,2,0,5,0,0,0,0,0,5,1,3,0,0,0
I562,7,4,1,0,1,2,5,0,0,0,18,4,8,0,s,13,2,0,5,0,0,0,0,0,5,1,3,0,0,0
I563,7,4,1,0,1,2,5,0,0,0,18,4,8,0,s,13,2,0,5,0,0,0,0,5,5,1,3,0,0,0
I564,7,4,1,0,1,2,5,0,0,5,18,4,8,0,s,13,2,0,5,0,0,0,0,5,5,1,3,0,0,0
1195,7,4,1,0,d,2,5,d,0,5,18,4,8,0,s,d,d,0,5,d,0,0,8,5,5,1,3,0,0,0
1194,7,4,1,0,1,2,5,0,d,5,18,4,8,0,s,13,2,d,d,0,0,0,0,5,5,d,3,0,0,0
1169,7,4,1,0,1,2,5,0,0,0,d,4,8,s,s,13,2,0,d,0,s,1,0,5,5,1,d,0,d,1
I566,7,4,1,0,1,2,5,0,2,0,18,4,8,4,s,13,2,0,5,0,0,0,15,0,5,1,3,0,0,0
1400,7,4,1,0,1,d,5,0,d,0,18,4,8,4,s,13,s,2,5,d,2,0,15,0,5,1,3,0,d,1
1517,7,d,1,0,1,2,d,d,2,0,18,4,8,4,s,d,2,d,5,s,d,3,15,0,5,s,s,0,0,0
I569,7,4,1,0,1,2,5,3,0,0,18,4,8,0,s,13,2,6,5,0,2,0,0,0,5,1,3,0,0,0
I570,7,4,1,0,1,2,5,3,2,0,18,4,8,0,s,13,2,6,5,0,2,0,0,0,5,1,3,0,0,1
1294,7,4,d,0,1,2,5,d,2,s,d,d,8,0,s,13,2,6,5,d,2,0,7,0,5,1,3,0,s,1
1352,7,4,1,0,1,2,5,3,2,d,18,4,8,0,s,13,2,6,5,0,d,d,10,0,5,1,3,0,0,1
I573,7,4,1,0,1,2,5,3,1,0,18,4,8,0,s,13,2,6,5,0,2,0,0,0,5,1,3,0,0,0
I574,7,4,1,0,1,2,5,3,1,0,18,4,8,0,s,13,2,6,5,0,2,0,0,5,5,1,3,s,0,0
1551,7,4,d,0,1,2,5,3,1,0,18,4,8,0,s,13,2,6,5,0,2,0,0,d,5,1,3,s,0,0
1550,7,4,1,0,1,2,d,3,1,0,d,4,8,0,s,13,2,6,5,0,2,0,0,d,5,1,3,s,14,0
I575,7,4,1,0,1,2,5,3,1,0,18,4,8,0,s,13,2,6,5,0,2,0,0,0,5,1,3,0,0,0
1197,7,d,1,0,1,2,5,3,1,0,18,4,8,s,s,13,2,6,5,0,2,0,0,d,5,1,3,13,0,0
1196,7,4,1,0,1,2,5,3,1,0,18,d,8,0,s,13,2,d,5,d,d,0,0,0,d,1,s,0,0,0
I576,7,4,1,0,1,2,0,0,0,0,18,4,0,0,2,0,2,0,0,0,0,0,0,0,5,0,0,0,0,0
I577,7,4,1,0,1,2,0,0,0,0,18,4,0,0,2,0,2,0,0,0,0,0,0,0,5,0,0,0,0,0
I578,7,4,1,0,1,2,0,0,0,0,18,4,0,0,2,0,2,0,0,0,0,0,0,0,5,0,0,0,0,0
I579,7,4,1,0,1,2,0,0,0,0,18,4,0,0,2,0,2,0,13,1,0,0,0,0,5,0,0,0,0,0
I581,7,4,1,14,1,2,0,0,0,8,18,4,8,0,2,0,2,0,13,1,0,3,8,0,5,0,0,9,0,0
1835,7,4,1,14,1,2,d,0,0,8,18,4,d,0,2,0,2,0,13,1,0,3,8,0,5,0,0,9,0,0
1834,7,4,1,s,1,2,0,0,0,8,18,4,8,0,d,0,d,0,13,1,0,3,d,0,5,d,0,9,0,0
1948,7,4,1,0,1,2,0,0,0,0,18,d,0,0,2,0,2,19,13,1,d,d,d,0,5,0,d,0,0,0
I586,7,4,1,0,1,2,0,0,0,0,18,4,0,0,2,0,2,0,0,0,0,3,0,0,5,0,0,0,0,0
I589,7,4,1,0,1,2,0,0,2,3,18,4,0,0,2,0,2,0,0,3,0,3,7,0,5,0,0,0,0,1
1177,7,4,1,0,d,2,0,0,2,3,18,4,0,0,2,22,2,0,0,3,0,3,7,0,5,d,d,0,0,1
1176,7,d,d,6,1,2,0,0,2,3,18,4,8,0,d,d,2,0,0,3,0,3,7,d,5,0,0,d,0,1
I590,7,4,1,0,1,s,0,2,0,0,18,4,0,0,2,0,2,0,0,0,0,3,0,5,5,0,0,0,0,1
1910,d,4,1,0,d,s,0,2,0,d,18,d,d,0,2,0,d,0,d,6,d,3,0,5,5,0,0,0,0,d
I592,7,4,1,0,1,s,0,2,0,0,18,4,0,0,2,0,2,0,0,0,0,3,0,5,5,0,22,0,0,1
1341,7,4,1,0,d,s,0,d,d,0,18,4,0,0,s,s,2,d,0,0,0,3,0,d,5,d,22,0,0,d
1340,7,d,1,0,1,s,8,2,0,0,18,4,0,d,2,0,2,0,0,0,0,3,0,5,5,0,22,0,0,1
I593,7,4,1,0,1,2,0,0,0,0,18,4,0,0,2,0,2,0,0,0,0,0,0,0,5,0,0,0,0,0
I594,7,4,1,0,1,2,0,0,0,0,18,4,0,0,2,0,2,0,7,0,0,0,0,0,5,0,0,0,0,0
1199,7,4,1,6,1,2,0,0,2,0,18,d,0,0,2,0,2,s,7,0,0,0,0,0,5,0,0,0,d,5
1216,7,4,1,0,1,2,0,0,0,6,18,4,s,d,2,0,2,19,d,d,0,0,0,0,5,0,12,d,11,0
I603,7,4,1,6,1,2,0,0,0,0,18,4,0,0,2,0,2,0,0,2,0,0,0,0,5,0,s,0,0,0
I606,7,4,1,6,1,2,0,0,0,0,18,4,0,0,2,0,2,0,0,2,0,0,0,0,5,0,s,11,0,5
1087,d,4,1,6,d,2,0,0,0,0,18,4,0,0,d,0,2,0,d,2,0,0,0,0,d,0,s,11,0,5
1086,7,4,d,6,1,2,d,0,d,0,18,4,0,0,2,0,2,0,0,2,0,0,0,d,5,0,s,11,2,5
I607,7,4,1,6,1,2,0,0,0,0,18,4,0,0,2,0,2,0,0,2,0,0,0,0,5,0,s,0,0,0
I608,7,4,1,6,1,2,0,0,0,0,18,4,0,0,2,13,2,0,0,2,0,0,0,0,5,0,s,0,0,0
1207,7,4,d,6,1,2,d,0,d,0,18,4,0,0,2,13,2,0,0,d,0,0,0,0,5,d,s,16,0,0
1206,7,4,d,6,d,2,d,0,0,d,18,4,d,0,2,13,2,s,0,2,0,0,0,0,5,1,s,0,0,0
1178,d,4,1,6,1,2,0,0,d,0,s,4,0,0,2,24,d,d,0,2,0,0,0,0,5,0,s,0,0,10
I610,7,4,1,0,1,2,0,0,0,0,18,4,0,0,2,0,2,0,0,0,0,0,0,0,5,0,0,0,0,0
I611,7,4,1,0,1,2,0,0,0,0,18,4,0,0,2,0,2,0,0,0,0,0,0,5,5,1,0,0,0,0
I612,7,4,1,0,1,2,0,0,0,0,18,4,0,0,2,0,2,0,0,0,2,0,0,5,5,1,3,0,0,5
I613,7,4,1,0,1,2,0,0,0,0,18,4,0,42,2,0,2,0,0,0,2,0,0,5,5,1,3,0,11,5
I614,7,4,1,0,1,2,0,0,0,0,18,4,0,42,2,6,2,0,0,0,2,0,0,5,5,1,3,0,11,5
1643,7,4,1,d,1,d,0,d,0,0,d,4,0,42,d,d,d,0,0,0,2,0,d,5,5,1,d,0,11,5
1642,7,4,1,0,1,2,d,0,0,d,18,4,0,42,2,6,d,0,0,0,d,0,0,d,d,1,3,0,11,5
I615,7,4,1,0,1,2,0,2,0,0,18,4,8,42,2,0,2,0,0,0,2,0,0,5,5,1,3,0,11,5
1383,7,4,d,0,1,2,0,2,d,0,d,4,8,42,d,0,2,0,0,0,2,0,0,5,5,1,3,s,11,5
1382,7,4,1,0,1,d,0,2,0,0,18,4,8,42,2,0,2,0,8,0,2,0,7,5,5,d,3,15,11,5
I617,7,4,1,0,1,2,s,0,0,0,18,4,5,6,2,12,2,0,0,0,2,0,s,5,5,1,s,4,0,5
1453,7,4,d,0,1,2,s,0,0,0,18,d,5,6,2,12,2,0,0,0,2,d,s,5,5,d,s,4,0,5
1452,7,d,1,0,1,2,s,0,2,0,s,4,5,6,2,12,d,0,0,0,d,0,s,5,5,1,s,d,0,5
I625,7,s,1,0,1,2,0,0,0,0,s,4,0,0,2,0,2,0,0,0,2,4,0,5,5,1,0,s,0,1
1399,7,s,1,0,1,2,8,0,0,0,s,4,0,0,2,0,2,0,0,d,2,d,d,5,5,1,0,s,0,1
1398,d,s,1,0,1,2,0,0,0,0,s,4,0,0,2,0,d,0,d,0,2,4,0,5,d,1,0,s,0,1
I626,7,4,1,0,1,2,0,0,0,3,18,4,0,0,2,0,2,0,5,0,0,0,0,0,5,0,0,0,0,0
I627,7,4,1,0,1,2,0,0,0,3,18,4,1,0,2,0,2,0,5,0,0,0,0,0,5,0,0,0,0,11
1184,7,d,1,0,1,2,d,s,0,3,18,4,1,0,2,d,2,0,5,d,0,d,25,0,5,0,20,4,0,11
I631,7,4,s,0,1,2,0,0,0,3,18,4,1,0,2,0,2,0,5,0,0,0,0,5,5,1,0,0,0,11
1384,d,d,s,d,1,2,d,2,0,3,18,4,1,0,2,0,2,2,5,0,d,0,d,5,5,1,0,d,0,11
1412,7,4,s,0,1,2,0,d,0,3,18,4,1,0,2,d,2,0,5,0,0,0,0,5,5,d,d,0,0,11
I634,7,4,1,0,1,2,0,0,0,3,18,4,0,0,2,0,2,0,5,0,0,0,0,0,5,0,0,0,0,0
I637,7,4,1,0,1,2,0,0,0,3,18,4,0,0,2,0,2,0,5,0,0,0,0,0,5,0,1,0,0,0
1485,7,4,1,0,1,d,d,0,0,3,18,4,0,0,2,0,2,0,5,d,0,0,0,0,5,0,d,0,0,0
1484,7,4,1,0,1,2,0,0,0,3,18,4,d,0,2,0,2,0,5,0,0,0,0,0,5,0,1,0,0,d
I638,7,4,1,0,1,2,8,0,0,3,18,4,0,0,2,0,2,0,5,0,0,0,0,0,5,0,0,0,0,0
1468,d,4,1,d,1,2,8,0,2,3,18,4,0,0,d,0,2,0,5,d,0,d,11,0,5,0,12,0,2,0
1351,7,d,1,0,1,2,8,0,0,3,18,4,0,0,2,0,d,d,d,0,d,d,9,0,5,0,d,0,0,0
I641,7,4,1,17,0,2,0,0,0,0,18,4,0,0,2,24,2,0,0,0,0,3,0,0,5,0,0,0,0,0
I642,7,4,1,17,0,2,0,0,0,0,18,4,0,0,2,s,2,0,0,0,2,3,0,0,5,0,2,0,0,0
I643,7,4,1,17,0,2,4,0,0,0,18,4,0,0,2,s,2,5,0,0,2,3,0,0,5,1,2,0,0,0
I644,7,4,1,17,0,2,4,0,0,0,18,4,0,6,2,s,2,5,0,0,2,3,0,0,5,1,2,0,0,0
I645,7,4,1,17,0,2,4,0,0,0,18,4,0,6,2,s,2,5,0,0,2,3,0,0,5,1,2,0,0,1
I646,7,4,1,17,0,2,4,4,s,0,18,4,0,6,2,s,2,5,0,0,2,3,22,0,5,1,2,0,0,1
I647,7,4,s,17,0,2,4,4,s,0,18,4,0,6,2,s,2,5,0,0,2,3,22,0,5,1,2,0,0,1
1883,7,4,s,17,0,2,d,4,s,0,18,4,0,6,2,s,2,5,0,0,d,3,d,0,5,1,2,0,0,1
1882,7,d,s,17,0,2,4,4,s,0,18,d,0,6,2,s,2,5,0,0,2,3,22,0,5,1,2,0,0,1
1861,7,4,1,17,0,2,4,4,s,0,18,4,0,6,2,s,2,5,0,0,2,3,22,0,5,1,2,0,0,1
I651,7,4,1,17,0,2,4,7,2,3,18,4,1,6,2,s,2,5,0,0,2,3,11,0,5,1,2,0,0,1
1559,d,4,1,17,0,2,4,7,2,3,18,4,1,6,2,s,d,5,0,0,2,3,11,0,5,d,2,0,0,1
1558,7,4,1,17,d,2,4,7,2,3,18,4,1,d,2,s,2,5,0,0,2,d,11,d,d,1,2,d,0,1
I652,7,4,1,17,0,2,s,0,0,0,18,4,0,6,2,s,2,5,0,0,2,3,0,0,5,1,2,0,0,0
I653,7,4,1,17,0,2,s,0,0,0,18,4,0,6,2,s,2,5,0,0,2,3,0,0,5,1,2,0,0,0
1288,7,4,d,17,1,2,s,0,d,0,18,d,0,6,2,s,2,5,0,0,2,d,d,0,5,1,2,4,0,0
I655,7,4,1,17,1,2,s,0,s,0,18,4,0,6,2,s,2,5,0,0,2,3,0,0,5,1,2,0,0,0
1519,7,s,1,17,1,2,s,2,s,0,18,d,0,6,2,s,2,5,d,0,2,3,0,0,d,1,2,0,0,0
1518,7,4,d,17,d,2,s,0,s,d,18,4,0,6,2,s,2,5,0,0,2,d,0,0,5,d,2,0,0,0
I656,7,4,1,17,0,2,s,0,0,0,18,4,0,6,2,s,2,s,0,0,2,3,0,0,5,1,2,s,0,0
1636,7,d,1,17,0,2,s,0,0,0,18,4,d,6,2,s,2,s,0,0,2,3,0,0,d,1,2,s,s,0
I658,7,4,1,17,0,2,s,0,0,0,18,4,0,6,2,s,2,s,0,0,2,3,0,0,5,1,2,s,0,0
1701,d,4,1,17,0,2,s,0,0,0,18,d,d,6,2,s,2,s,0,0,2,3,0,0,5,1,2,s,0,0
1700,7,4,1,17,0,2,s,0,d,0,18,d,0,6,2,s,2,s,0,0,d,3,0,0,5,d,d,s,0,0
I659,7,4,1,17,0,2,4,7,0,0,18,4,0,0,2,s,2,5,0,0,2,3,0,0,5,1,2,0,0,0
I660,7,4,1,17,2,2,4,7,0,0,18,4,0,0,2,s,2,5,0,0,2,3,0,0,5,1,2,0,0,0
I661,7,4,1,17,2,2,4,7,0,0,18,4,0,0,2,s,2,5,0,0,2,3,0,0,5,1,2,0,0,0
1228,7,4,1,17,2,2,4,7,0,0,18,4,0,0,2,s,2,d,0,0,2,d,4,0,5,1,2,0,d,0
1220,7,4,1,17,2,2,4,7,0,0,18,4,d,d,2,s,2,d,18,0,2,3,0,d,d,d,2,4,0,d
I664,7,4,1,17,2,s,4,7,0,0,18,4,0,0,2,s,2,5,0,0,2,3,0,0,5,1,2,16,2,0
I665,7,4,1,17,2,s,4,7,0,0,18,4,0,0,2,s,2,5,0,0,s,3,0,0,5,1,2,16,2,0
1471,7,d,1,17,d,s,d,7,d,0,18,4,0,0,2,s,2,5,d,0,s,3,0,0,5,1,2,16,d,d
1470,7,4,d,d,d,s,d,7,0,0,18,4,0,0,2,s,2,s,0,d,s,3,0,0,5,1,2,16,2,0
I666,s,4,1,17,2,s,4,7,0,0,18,4,0,0,2,s,2,5,0,0,2,3,0,0,5,1,2,16,2,0
1403,s,4,1,17,2,s,4,7,0,0,18,4,d,0,2,s,2,5,14,0,d,3,0,d,5,1,2,16,2,1
1402,s,4,1,17,2,s,4,7,0,0,d,d,0,0,2,s,2,5,0,0,2,3,0,0,5,1,2,16,2,0
I667,7,4,1,17,0,2,4,s,0,0,18,4,0,0,2,s,2,5,0,0,2,3,0,0,5,1,2,0,0,0
I668,7,4,1,17,0,2,4,s,0,0,18,4,0,33,2,s,2,5,0,0,2,3,0,0,5,1,2,0,0,s
1561,d,4,d,17,0,2,4,s,s,0,d,d,0,d,2,s,2,d,0,0,s,3,0,0,5,1,2,0,0,s
1621,7,4,1,17,0,2,4,s,2,0,18,4,d,d,2,s,2,5,0,11,d,3,0,0,5,1,2,d,d,s
1778,d,4,d,17,s,d,4,s,0,3,18,4,7,0,s,s,2,5,0,d,2,3,4,0,5,1,2,0,8,0
I674,7,4,1,17,0,2,0,0,0,0,18,4,0,0,2,s,2,0,0,0,2,3,0,0,5,0,2,0,0,0
I675,7,4,1,17,0,s,0,0,0,0,18,4,0,0,2,s,2,3,0,34,2,3,11,5,5,0,2,0,0,0
I676,7,4,1,17,0,s,0,0,0,0,18,4,0,0,2,s,2,3,0,34,2,3,11,5,5,0,2,0,0,0
1540,7,4,1,17,1,s,0,d,d,0,d,4,8,0,2,s,2,3,4,34,2,3,11,d,d,0,2,d,14,0
1297,7,4,1,17,0,s,0,0,0,0,18,4,0,18,d,s,d,3,0,34,d,3,d,5,5,0,2,0,0,d
I683,7,4,s,17,0,s,0,0,0,7,18,4,0,0,2,s,2,3,0,34,2,3,11,5,5,0,2,0,0,0
I684,7,4,s,17,0,s,0,0,0,7,18,4,0,4,2,s,2,3,0,34,2,3,11,s,5,0,2,0,0,0
1854,7,d,s,17,0,s,d,0,0,7,18,4,9,d,s,s,2,3,d,34,2,3,11,s,d,0,2,2,0,0
1794,7,4,s,17,1,s,d,0,0,7,18,4,0,4,2,s,2,3,0,34,2,3,11,s,5,1,2,0,0,1
1527,7,4,s,17,0,s,s,0,2,s,18,4,d,0,2,s,2,3,14,34,2,3,11,5,5,d,2,0,0,0
I690,7,4,1,17,0,2,0,0,2,0,18,4,0,0,2,s,2,0,0,0,2,3,0,0,5,0,2,0,0,0
I691,7,4,1,17,0,2,0,7,2,0,18,4,0,0,2,s,2,0,0,24,s,3,0,0,5,0,2,0,0,0
1189,d,d,1,17,0,2,0,d,2,0,18,4,s,0,d,s,2,3,d,24,s,3,0,0,5,0,s,13,0,d
I695,7,4,1,17,0,2,0,7,2,0,18,4,0,0,2,s,2,0,0,24,s,3,0,0,5,0,2,0,0,0
I696,7,4,1,17,0,2,0,7,2,3,18,4,0,0,2,s,2,0,0,24,s,3,0,0,5,0,2,0,0,0
1463,7,4,1,17,0,2,0,d,2,3,18,4,0,d,2,s,2,0,0,24,s,3,0,0,5,0,2,0,d,0
1462,7,4,1,d,0,2,0,d,2,3,18,4,0,0,2,s,2,0,0,d,s,3,0,0,5,d,2,0,0,0
1511,7,4,1,17,0,2,0,d,2,8,18,d,d,d,2,s,2,4,0,24,s,d,0,0,5,0,2,0,3,0
I698,7,4,1,17,0,2,0,0,2,0,18,4,0,0,2,s,2,0,0,0,2,3,0,0,5,0,2,0,0,0
I699,7,4,1,17,0,2,0,7,2,0,18,4,0,0,2,s,2,0,0,13,2,3,0,0,5,0,2,0,0,0
I700,7,4,1,17,0,2,0,s,2,0,18,4,9,0,2,s,2,0,0,13,2,3,0,0,5,0,2,0,0,5
1357,7,4,1,17,0,2,d,s,2,0,18,4,9,0,d,s,d,d,0,13,d,3,d,0,5,d,2,0,0,5
1356,d,d,1,17,0,2,4,s,2,0,18,d,d,0,2,s,2,0,0,13,2,d,0,0,5,0,d,0,0,5
1275,s,4,1,17,0,2,0,7,d,0,18,d,0,0,2,s,2,0,4,13,d,3,d,0,5,0,2,0,0,d
I702,7,4,1,17,0,2,3,0,2,0,18,4,0,0,s,s,2,0,0,0,2,3,0,0,5,0,2,0,0,0
1306,7,s,1,17,0,2,3,0,2,0,18,d,0,0,s,s,d,7,0,0,d,3,0,0,5,0,d,0,0,d
1270,7,4,1,17,0,2,3,0,2,0,18,4,0,0,s,s,2,d,0,0,2,d,d,0,5,0,2,0,d,0
I705,7,4,1,17,3,2,0,0,0,0,18,4,0,0,2,24,2,0,0,0,0,3,0,0,5,0,0,0,0,0
I706,7,4,1,17,3,2,0,0,2,0,18,4,0,21,2,24,2,0,17,13,0,3,0,3,5,0,0,0,0,0
I707,7,4,1,17,3,2,0,0,2,0,18,s,0,21,2,24,2,0,17,13,0,3,0,3,5,1,0,0,0,1
1232,7,4,d,17,3,2,0,7,2,0,18,s,d,21,2,24,2,19,d,13,0,3,0,3,5,d,d,0,14,d
I715,7,4,1,17,3,2,0,0,2,0,18,s,0,21,2,24,2,0,17,13,0,3,0,3,5,1,0,0,0,1
1816,s,4,1,17,3,2,0,0,2,0,18,s,0,21,2,24,d,d,17,d,0,3,0,3,5,d,0,0,0,1
I719,7,4,1,17,3,2,0,0,2,0,18,s,0,21,2,24,2,0,17,13,0,3,0,3,5,1,0,0,0,1
1857,d,4,1,17,s,2,0,0,2,0,18,s,0,21,2,d,2,0,17,13,0,3,0,3,5,s,0,0,0,1
I721,7,4,1,17,3,2,0,0,2,0,18,s,0,21,2,24,2,0,17,13,0,3,0,3,5,1,0,0,0,1
1831,7,4,d,17,3,2,d,0,d,0,18,s,0,21,d,24,2,0,17,13,0,3,d,3,d,1,0,0,0,1
1830,7,4,1,17,3,d,0,0,d,0,d,s,0,21,2,24,2,0,s,13,0,3,d,3,5,1,0,0,0,1
I722,7,4,1,17,3,2,0,0,2,0,18,4,0,21,2,24,2,s,17,13,0,3,0,3,5,0,0,0,0,0
I723,7,4,1,17,3,2,0,0,2,0,18,4,0,21,2,24,s,s,17,13,0,3,0,3,5,0,0,0,3,0
I724,7,4,1,17,3,2,0,0,2,3,18,4,5,21,2,24,s,s,17,13,2,3,0,3,5,0,0,0,3,0
1576,7,d,1,17,3,2,0,0,2,d,18,4,5,21,2,24,s,s,17,13,2,3,d,3,5,0,12,0,3,0
1646,7,4,d,17,3,d,0,2,d,d,d,4,5,21,2,24,s,s,17,s,2,3,0,3,5,0,0,11,3,0
I727,7,4,1,17,3,2,0,0,2,0,18,4,0,21,2,24,s,s,17,13,2,3,0,3,5,0,0,0,3,0
1947,7,4,1,17,3,2,0,s,2,0,18,d,d,21,2,24,s,s,d,13,2,3,0,3,5,0,0,0,3,d
2035,7,4,1,17,3,2,d,0,2,0,18,4,0,21,d,d,s,s,17,13,d,3,15,3,5,s,d,0,3,0
I730,7,4,1,17,3,2,0,0,2,0,18,4,0,21,2,24,2,s,17,13,0,3,0,3,5,0,0,0,s,1
I731,7,4,1,17,3,2,0,0,2,0,18,4,8,21,2,24,2,s,17,13,0,3,0,3,5,0,0,0,s,1
1872,7,4,1,d,3,s,s,0,2,0,18,4,8,21,2,24,2,s,17,13,0,3,11,3,5,1,0,0,s,1
I733,7,4,1,17,3,2,0,0,2,0,18,4,8,21,2,24,2,s,17,13,0,3,0,3,5,0,0,0,s,1
2023,7,4,1,17,3,2,d,0,2,0,18,4,8,21,2,24,2,s,17,13,0,3,0,3,5,0,0,0,s,1
2022,7,4,1,17,3,2,0,0,2,0,18,4,8,21,d,24,d,s,17,d,0,3,0,3,5,0,0,0,s,1
I736,7,4,1,17,3,2,8,0,2,0,18,4,9,21,2,24,2,s,17,13,0,3,0,3,5,0,0,0,s,1
2019,7,4,1,17,3,2,8,0,2,0,d,4,9,d,2,24,2,s,17,13,0,3,0,3,5,0,0,0,s,1
2018,7,d,1,17,3,2,8,0,2,d,18,d,9,21,d,24,2,s,17,13,0,3,0,3,5,0,0,0,s,d
I737,7,4,1,17,3,2,0,0,0,0,18,4,8,0,2,24,2,1,8,0,0,3,0,5,5,0,0,0,0,s
I738,7,4,1,17,3,2,5,0,0,0,18,4,8,s,2,24,2,1,8,0,0,3,0,5,5,0,0,0,0,s
I739,7,4,1,17,3,2,5,0,0,0,18,4,8,s,2,24,2,1,8,0,0,3,0,5,5,0,0,0,0,s
I742,7,4,1,17,3,2,5,0,0,0,18,4,8,s,2,24,2,1,8,0,0,3,0,5,5,0,0,0,0,s
1437,7,d,1,17,3,2,5,2,0,0,d,4,8,s,2,24,2,1,8,0,0,3,0,5,5,0,0,0,d,s
1436,7,4,1,17,d,2,5,0,0,0,18,4,8,s,2,d,2,1,8,0,0,3,0,5,5,d,d,d,0,s
I743,7,4,1,17,3,2,5,0,0,0,18,4,8,s,2,24,2,1,8,0,0,3,0,5,5,0,0,0,8,s
1589,7,4,1,17,3,2,5,d,0,0,d,4,d,s,2,24,2,1,d,0,0,d,0,5,5,d,0,0,8,s
I745,7,4,1,17,3,2,5,0,0,0,18,4,8,s,2,24,2,1,8,0,0,3,0,5,s,0,0,0,8,s
1367,7,4,1,17,3,d,d,0,0,0,18,4,d,s,2,24,2,1,8,d,d,3,0,5,s,0,d,d,8,s
1366,7,4,1,17,3,2,5,0,0,0,18,4,8,s,2,24,d,1,8,0,0,3,d,5,s,0,2,0,d,s
I746,7,4,1,17,3,2,5,0,0,0,18,4,8,s,2,24,2,1,8,0,2,3,0,5,5,0,4,0,0,s
I747,7,4,1,17,3,2,5,0,0,3,18,4,8,s,2,24,2,1,8,0,2,3,0,5,5,0,4,0,0,s
1496,7,4,1,17,3,2,5,0,0,d,18,4,8,s,2,24,2,1,8,0,2,3,0,d,5,0,4,16,9,s
1320,7,d,1,s,d,2,5,0,2,3,18,4,8,s,d,24,2,1,8,15,d,s,0,5,5,5,4,0,0,s
1105,7,4,d,17,3,d,5,0,0,0,d,4,8,s,2,24,2,d,8,6,2,3,0,5,5,0,4,13,0,s
I753,7,4,1,17,3,2,0,s,0,0,18,4,8,s,2,24,2,1,8,0,0,3,4,5,5,0,0,0,0,s
I754,7,4,1,17,3,2,0,s,0,0,18,4,8,s,2,24,2,1,8,0,0,3,4,5,5,0,0,0,0,s
I755,7,4,1,17,3,2,0,s,0,0,18,4,8,s,2,24,2,1,8,0,0,3,4,5,5,0,0,0,0,s
1214,7,4,1,17,3,2,0,s,0,0,d,4,8,s,2,24,d,1,8,0,0,3,4,5,d,1,0,0,0,s
1171,7,4,1,17,3,d,0,s,d,d,18,4,8,s,2,24,2,1,d,0,0,3,4,5,5,0,0,0,d,s
I759,7,4,1,17,3,2,0,s,0,0,18,4,8,s,2,s,2,1,8,0,0,3,4,5,5,0,0,0,8,s
1205,7,4,1,17,d,2,0,s,0,0,d,d,d,s,2,s,2,1,d,0,0,3,4,d,5,0,0,0,8,s
1204,7,4,1,17,3,2,0,s,0,0,18,4,8,s,2,s,2,1,8,d,0,3,4,5,5,0,d,0,8,s
I761,7,4,1,17,3,2,0,s,0,0,18,4,8,s,2,24,2,1,8,s,0,3,4,5,5,0,0,0,0,s
I764,7,4,1,17,3,2,0,s,0,6,18,4,s,s,2,24,2,1,8,s,0,3,4,5,5,1,2,0,14,s
1063,7,4,1,17,3,2,0,s,0,d,18,4,s,s,2,24,2,1,8,s,0,3,4,5,5,1,2,0,14,s
1062,7,4,1,17,3,2,0,s,0,6,18,4,s,s,2,24,2,1,s,s,d,3,4,5,5,d,2,0,14,s
1280,7,4,1,17,3,2,d,s,0,0,18,4,8,s,d,d,2,1,8,s,2,3,4,5,5,0,1,0,0,s
I768,7,4,1,0,1,2,0,0,0,0,0,4,0,0,2,0,2,6,s,0,0,0,0,s,5,0,0,0,0,0
I769,7,4,1,17,1,2,0,0,0,s,0,4,0,0,2,12,s,6,s,34,0,4,10,s,5,0,0,0,0,0
I770,7,4,1,17,1,2,0,0,0,s,0,4,0,0,2,12,s,6,s,34,0,4,10,s,5,0,0,0,0,0
I771,7,4,1,17,1,2,0,0,0,s,0,4,0,0,2,12,s,6,s,34,0,4,10,s,5,0,0,0,0,0
I772,7,4,1,17,1,2,0,0,0,s,0,4,0,0,2,12,s,6,s,34,0,4,10,s,5,0,0,0,0,1
I773,7,4,1,17,1,2,0,0,0,s,0,4,0,0,2,12,s,6,s,34,0,4,10,s,5,0,0,0,19,1
I776,s,4,1,17,1,2,0,0,1,s,0,4,8,0,2,12,s,6,s,s,2,4,10,s,5,0,0,0,19,1
1955,s,4,1,d,1,d,d,0,1,s,0,4,8,0,2,12,s,6,s,s,2,4,10,s,5,0,0,0,19,d
1954,s,4,1,17,1,2,0,0,1,s,0,4,8,0,2,12,s,6,s,s,2,4,10,s,d,0,0,d,d,d
1225,d,4,1,s,1,d,4,0,2,s,d,4,0,s,2,12,s,6,s,34,0,4,10,s,5,0,0,d,19,d
I784,7,4,1,17,1,2,0,7,0,s,0,4,0,0,2,12,s,6,s,34,0,4,10,s,5,0,0,0,0,1
1622,7,4,1,17,1,2,d,7,d,s,0,s,8,d,2,12,s,6,s,34,2,4,10,s,5,1,0,d,0,1
1697,7,4,s,17,1,d,0,d,d,s,0,4,0,0,2,12,s,6,s,d,2,4,10,s,5,0,0,4,9,1
I787,7,4,1,17,1,2,0,0,0,s,0,4,0,42,2,12,s,6,s,34,0,4,10,s,5,0,0,0,0,0
I788,7,4,1,17,1,2,0,0,0,s,0,4,0,42,2,12,s,6,s,34,0,4,10,s,5,0,0,0,0,0
1998,d,4,1,17,d,2,0,0,0,s,d,4,d,42,2,12,s,d,s,s,2,4,10,s,5,1,0,0,0,0
I791,7,4,1,17,1,2,0,0,0,s,43,4,0,42,2,12,s,6,s,34,0,4,10,s,5,1,0,0,0,0
I792,7,4,1,17,1,2,0,2,0,s,43,4,0,42,2,12,s,6,s,34,0,4,10,s,5,1,0,0,0,0
1721,7,d,d,17,d,2,0,d,0,s,43,4,0,42,2,12,s,d,s,34,d,4,10,s,5,d,d,d,0,0
1720,7,4,1,17,1,2,0,2,0,s,43,4,0,42,d,12,s,6,s,d,0,d,10,s,5,1,d,0,0,0
1916,7,4,d,17,d,2,0,d,0,s,d,4,0,42,2,12,s,6,s,34,0,4,10,s,5,1,0,13,0,0
I794,7,4,1,17,1,2,0,0,0,s,s,4,0,42,2,12,s,6,s,34,0,4,10,s,5,0,0,0,8,0
1020,7,d,1,17,1,2,0,0,0,s,s,4,0,42,2,12,s,d,s,34,0,4,10,s,d,s,d,0,8,0
I797,7,4,1,17,1,2,8,0,0,s,s,4,s,42,2,12,s,6,s,34,0,4,10,s,5,1,0,0,8,0
1837,d,d,1,17,1,2,8,0,0,s,s,4,s,d,2,12,s,6,s,34,d,4,10,s,d,1,0,0,8,0
1836,7,4,d,17,1,2,8,0,0,s,s,4,s,42,2,12,s,6,s,34,0,4,d,s,5,1,0,d,d,0
I799,7,4,1,17,1,2,3,0,0,s,7,4,0,0,2,12,s,6,s,34,0,4,10,s,5,0,0,0,0,0
I800,7,4,1,17,1,2,3,0,0,s,7,4,0,0,2,s,s,6,s,34,2,4,10,s,5,0,0,0,0,11
I801,7,4,1,17,1,2,3,0,0,s,7,4,0,0,2,s,s,6,s,34,2,4,10,s,5,0,0,0,0,11
I802,7,4,1,17,1,2,3,0,0,s,7,4,0,0,2,s,s,6,s,34,2,4,10,s,5,s,0,0,0,11
I803,7,4,1,17,1,2,3,0,0,s,7,4,0,0,2,s,s,6,s,34,2,4,10,s,5,s,0,16,0,11
1845,7,4,1,17,1,2,3,0,0,s,7,4,0,0,2,s,s,6,s,34,2,4,10,s,5,s,0,16,0,11
1844,7,4,d,d,1,2,3,0,0,s,7,s,0,0,2,s,s,6,s,34,d,4,10,s,5,s,0,d,0,11
1774,s,4,1,d,1,2,d,0,d,s,7,4,8,0,2,s,s,6,s,34,2,4,10,s,5,s,0,16,0,11
I805,7,4,1,17,1,2,3,0,0,s,7,s,0,0,2,s,s,6,s,34,2,4,10,s,5,0,0,0,0,11
I806,7,4,1,17,1,2,3,0,0,s,7,s,0,0,2,s,s,6,s,34,2,4,10,s,5,1,0,0,0,11
1963,d,d,1,17,1,2,3,0,0,s,7,s,0,0,d,s,s,6,s,34,2,d,10,s,5,1,0,0,0,11
1962,7,4,1,17,1,2,3,0,d,s,7,s,0,0,2,s,s,6,s,34,2,d,10,s,5,d,0,0,0,11
1500,7,4,d,17,d,d,3,0,d,s,7,s,d,0,2,s,s,6,s,34,2,d,10,s,5,s,0,d,0,11
I808,7,4,1,17,1,2,3,0,0,s,7,4,0,0,2,s,s,6,s,34,2,4,10,s,5,0,0,0,0,11
I809,7,4,1,17,1,2,3,0,0,s,7,4,s,0,2,s,s,6,s,34,2,4,10,s,5,0,0,0,0,11
1813,7,4,1,17,d,2,3,4,0,s,7,4,s,0,2,s,s,6,s,d,2,4,10,s,5,0,d,0,0,11
1823,7,4,1,17,d,d,3,2,0,s,7,4,s,0,2,s,s,6,s,34,d,4,d,s,5,0,0,0,0,11
I813,7,4,s,17,1,2,3,0,0,s,7,4,0,0,2,s,s,6,s,34,2,4,10,s,5,s,0,s,0,11
1925,d,d,s,17,1,2,3,0,0,s,7,4,0,0,2,s,s,d,s,34,2,4,10,s,d,s,0,s,0,11
1924,7,4,s,17,1,2,3,d,0,s,7,4,0,0,2,s,s,6,s,34,2,4,10,s,5,s,0,s,0,11
I815,7,4,1,17,1,2,3,0,0,s,7,4,0,0,2,12,s,6,s,34,0,4,10,s,5,0,0,0,0,0
I816,7,4,1,17,1,2,s,0,0,s,7,4,0,0,2,12,s,6,s,34,0,4,10,s,5,1,0,0,0,0
1919,s,4,1,17,1,2,s,0,0,s,7,4,8,0,2,d,s,6,s,34,0,4,10,s,5,1,d,d,0,9
I821,7,4,1,17,1,2,s,0,0,s,7,4,0,0,2,12,s,6,s,34,2,4,10,s,5,s,0,10,0,0
1967,d,4,d,17,s,2,s,0,0,s,7,4,0,0,2,d,s,6,s,34,2,4,10,s,5,s,0,d,0,0
1966,7,4,1,17,1,2,s,d,0,s,7,4,d,0,d,12,s,6,s,34,2,4,10,s,5,s,0,10,0,0
I823,7,4,1,17,1,2,3,0,0,s,7,4,0,0,2,12,s,6,s,34,0,4,10,s,5,0,0,0,0,11
I824,7,4,1,17,1,2,3,0,0,s,7,4,0,0,2,12,s,6,s,34,0,4,10,s,5,0,0,0,0,11
1458,7,4,1,17,1,2,d,0,d,s,d,4,d,0,2,12,s,6,s,34,0,4,d,s,5,0,d,0,d,11
I826,7,4,1,17,1,2,3,0,0,s,7,4,0,0,2,12,s,6,s,34,2,4,10,s,5,0,0,0,0,11
1535,7,4,1,17,1,d,3,0,2,s,7,d,0,0,2,12,s,6,s,34,2,4,10,s,5,d,0,0,0,11
1534,7,4,d,d,1,2,3,0,0,s,7,d,d,0,2,12,s,6,s,34,2,4,10,s,5,d,0,0,0,11
I829,7,4,1,17,1,2,3,0,0,s,7,4,0,0,2,12,s,6,s,34,0,4,10,s,5,0,0,3,2,11
1707,7,4,1,17,1,2,3,d,d,s,7,4,0,0,2,12,s,6,s,34,d,4,10,s,5,0,0,3,2,11
1706,7,4,1,17,1,2,d,0,0,s,7,4,0,0,2,d,s,6,s,34,0,4,10,s,5,2,0,3,2,11
I830,7,4,1,17,1,2,0,0,0,s,0,4,0,0,2,12,s,6,s,34,0,4,10,s,5,0,0,0,13,0
I831,7,4,1,17,1,2,0,0,0,s,0,4,0,0,2,12,s,6,s,34,0,4,10,s,5,0,0,0,13,0
I832,7,4,1,17,1,2,0,0,0,s,0,4,0,0,2,12,s,6,s,34,0,4,10,s,5,0,0,0,13,0
I833,7,4,1,17,1,2,3,0,0,s,0,4,0,0,2,12,s,6,s,34,0,4,10,s,5,0,0,0,13,0
1514,7,4,1,17,1,2,d,0,2,s,0,4,0,0,2,12,s,6,s,34,2,s,10,s,5,d,0,0,13,0
I837,7,4,1,17,1,2,3,0,0,s,0,4,9,0,2,12,s,s,s,34,0,4,10,s,5,0,0,0,13,6
1730,7,4,1,d,1,2,3,0,0,s,0,4,9,0,2,12,s,s,s,34,0,4,d,s,5,0,0,0,d,6
1678,7,4,1,17,1,2,3,0,0,s,0,4,9,1,2,12,s,s,s,34,0,4,10,s,5,0,0,0,13,6
I840,7,4,1,17,1,2,0,s,0,s,0,4,0,0,2,12,s,6,s,34,2,4,10,s,5,0,0,0,13,0
1753,7,4,1,17,1,2,0,s,0,s,2,4,0,23,2,12,s,6,s,s,2,4,10,s,5,1,31,0,13,1
I844,7,4,1,17,1,2,0,s,0,s,0,4,0,17,2,12,s,6,s,34,s,4,10,s,5,0,0,0,13,0
1614,7,4,1,17,1,2,8,s,0,s,0,4,d,17,2,12,s,6,s,34,s,4,10,s,5,0,0,0,13,d
1680,7,4,d,17,1,d,6,s,0,s,0,4,0,17,2,12,s,6,s,34,s,4,10,s,5,0,0,0,13,0
I847,7,4,1,17,1,2,0,0,0,s,0,4,0,12,2,12,s,6,s,34,0,4,10,s,5,0,0,16,13,0
I848,7,4,1,17,1,s,0,0,0,s,0,4,0,12,2,12,s,6,s,34,0,4,10,s,5,0,0,16,13,0
1777,7,4,1,17,1,s,0,4,0,s,0,4,0,d,2,12,s,6,s,s,d,4,10,s,5,d,0,16,d,0
1568,7,4,1,17,1,s,0,0,0,s,0,4,0,12,2,s,s,6,s,34,0,4,10,s,5,0,0,16,13,0
I855,7,4,1,17,1,2,0,0,0,s,0,4,0,12,2,12,s,6,s,34,0,4,10,s,5,0,0,16,13,0
I856,7,4,1,17,1,2,0,0,0,s,0,4,0,12,2,12,s,6,s,34,0,4,s,s,5,0,0,16,13,0
I857,7,4,1,17,1,2,0,0,0,s,0,4,0,12,2,12,s,6,s,34,0,4,s,s,5,0,0,16,13,0
1573,7,d,1,17,1,d,0,0,2,s,0,4,0,12,2,d,s,6,s,34,0,4,s,s,5,0,0,16,13,0
1572,7,d,1,17,d,2,3,d,0,s,0,4,0,d,2,12,s,6,s,34,0,4,s,s,5,0,0,16,13,d
I858,7,4,1,17,1,2,0,0,0,s,0,4,0,12,2,12,s,6,s,34,0,4,s,s,5,0,0,16,13,0
1767,d,4,1,d,1,d,0,d,0,s,0,4,0,12,2,12,s,6,s,d,0,d,s,s,d,d,d,d,13,0
1766,7,4,1,17,1,2,0,0,d,s,0,4,0,12,2,d,s,6,s,34,0,4,s,s,5,0,0,16,d,0
I860,7,4,1,17,1,2,0,7,0,s,0,4,0,12,2,12,s,6,s,34,0,s,10,s,5,s,0,16,13,0
1757,7,4,1,17,1,2,0,7,0,s,0,4,0,d,2,12,s,6,s,34,d,s,10,s,5,s,0,16,d,0
1756,d,4,1,17,1,2,0,7,0,s,0,4,0,12,2,12,s,6,s,d,0,s,d,s,5,s,0,16,d,0
I862,7,4,1,17,1,2,0,0,0,s,12,4,0,0,2,12,s,6,s,34,0,4,10,s,5,0,0,0,13,0
I863,7,4,1,17,1,2,0,2,0,s,12,4,0,0,2,12,s,6,s,34,0,4,10,s,5,0,0,16,13,0
I864,7,4,1,17,1,2,0,2,0,s,12,4,0,0,2,12,s,6,s,34,0,4,10,s,5,0,0,16,13,s
I866,7,4,1,17,1,2,0,2,0,s,12,4,0,0,2,12,s,6,s,34,0,4,10,s,5,0,0,16,13,s
1245,7,4,1,17,1,2,0,2,d,s,12,4,0,0,2,12,s,6,s,34,0,4,10,s,5,0,0,16,13,s
1244,7,4,1,17,1,2,0,2,d,s,12,d,0,0,2,12,s,6,s,34,2,4,10,s,5,0,0,16,13,s
I870,7,4,1,17,1,2,11,2,s,s,12,4,0,0,2,12,s,6,s,34,0,4,10,s,5,0,0,16,13,s
1123,d,4,1,d,1,d,11,2,s,s,12,d,0,0,2,d,s,6,s,34,d,4,10,s,5,0,0,16,13,s
1122,d,4,1,d,d,2,11,2,s,s,d,4,d,0,2,d,s,6,s,34,0,4,10,s,5,0,0,16,13,s
I871,7,4,1,17,1,2,0,2,0,s,12,4,0,0,2,12,s,6,s,34,0,4,10,s,5,0,25,16,13,0
I872,7,4,1,17,1,2,0,2,0,s,12,4,0,0,2,12,s,6,s,34,0,4,10,s,5,0,25,16,13,0
1422,7,s,1,17,1,2,0,2,0,s,s,4,d,d,2,12,s,6,s,s,0,d,10,s,5,0,25,d,13,0
1552,7,4,1,17,1,2,0,2,0,s,12,d,0,0,2,12,s,6,s,34,0,d,10,s,5,1,25,16,13,0
1759,d,d,1,17,1,d,11,2,0,s,12,4,s,15,d,12,s,6,s,34,2,s,10,s,5,0,d,16,13,0
I878,7,4,1,17,1,2,0,0,0,s,12,4,0,0,2,12,s,6,s,34,0,4,10,s,5,0,0,0,13,0
I879,7,4,1,17,1,2,3,0,0,s,12,4,0,0,2,12,s,6,s,s,0,4,10,s,5,0,0,0,13,0
I880,7,4,1,17,1,2,3,0,0,s,12,4,0,0,2,12,s,6,s,s,0,4,10,s,5,0,3,0,13,0
1760,7,4,1,17,1,2,3,5,0,s,12,4,d,s,2,12,s,6,s,s,0,4,10,s,d,0,d,15,13,0
1738,7,4,1,d,1,2,3,0,0,s,12,4,0,0,2,12,s,6,s,s,0,4,10,s,s,0,3,0,13,0
I883,7,4,1,17,1,2,3,2,0,s,12,4,0,0,2,12,s,6,s,s,0,4,10,s,5,0,0,0,13,0
I884,7,4,1,17,1,2,3,2,0,s,12,4,0,0,2,12,s,6,s,s,0,4,10,s,5,0,0,0,13,10
1847,7,4,1,17,1,2,3,2,0,s,12,4,0,0,2,12,s,6,s,s,0,d,10,s,5,1,0,0,13,10
1846,7,4,1,17,1,2,3,2,0,s,12,4,0,d,2,12,s,6,s,s,0,4,d,s,5,0,0,0,d,10
I885,7,4,1,17,1,2,3,2,0,s,12,4,8,0,2,12,s,6,s,s,0,4,10,s,5,0,0,0,13,0
1923,7,4,1,17,d,2,3,2,0,s,12,4,d,0,2,12,s,6,s,s,0,4,10,s,5,0,0,0,13,0
1922,7,4,d,17,1,2,3,d,0,s,12,4,d,0,2,12,s,6,s,s,0,4,10,s,5,d,d,0,13,0
1826,7,4,1,17,1,2,0,2,0,s,12,d,0,0,2,12,s,6,s,34,2,d,10,s,5,0,d,s,13,1
I893,7,4,1,0,1,2,0,7,0,0,0,4,0,0,2,19,2,6,s,0,0,0,0,s,5,0,0,0,0,0
I894,7,4,1,0,1,2,0,7,2,0,0,4,0,0,2,s,2,6,s,0,0,0,0,s,5,0,0,0,0,0
I895,7,4,1,6,1,2,0,7,2,0,0,4,0,0,2,s,2,6,s,0,0,0,0,s,5,0,0,0,0,0
I896,7,4,1,6,1,2,5,7,2,3,0,4,0,0,2,s,2,6,s,0,0,0,0,s,5,0,0,0,0,0
I897,7,s,1,6,1,2,5,7,2,3,0,4,0,0,2,s,2,6,s,0,0,0,0,s,5,0,0,s,0,0
I898,7,s,1,6,1,2,5,7,2,3,0,4,0,0,2,s,2,6,s,0,0,0,0,s,5,0,0,s,0,0
I899,7,s,1,6,1,2,5,7,2,3,0,4,0,0,2,s,2,6,s,0,0,0,0,s,5,0,0,s,0,0
1439,7,s,1,d,1,2,5,7,d,3,0,4,0,0,d,s,2,6,s,0,0,0,0,s,d,0,0,s,0,0
1438,7,s,1,6,d,2,5,7,2,3,0,d,0,0,2,s,2,6,s,0,0,0,d,s,5,0,0,s,0,0
I900,7,s,1,6,1,2,5,7,2,3,s,4,7,0,2,s,2,6,s,0,0,3,0,s,5,0,0,s,0,0
1227,7,s,1,s,1,d,5,d,d,3,s,4,7,22,2,s,2,6,s,0,0,3,0,s,d,d,0,s,3,0
1226,7,s,1,d,1,2,5,7,2,3,s,4,7,d,2,s,2,d,s,0,0,3,0,s,5,0,0,s,0,0
1329,d,s,d,6,d,2,5,d,2,d,s,d,d,15,2,s,2,6,s,34,0,0,s,s,d,1,0,s,9,12
I904,7,4,1,6,1,s,5,7,2,3,0,4,0,21,2,s,2,6,s,0,0,0,0,s,5,0,0,0,0,0
I905,7,4,1,6,1,s,5,7,2,3,0,4,0,21,2,s,2,6,s,0,0,0,0,s,5,0,0,0,2,0
1396,7,4,1,6,1,s,d,7,2,3,0,s,0,21,2,s,2,s,s,0,d,0,d,s,s,0,0,0,2,0
1248,7,s,1,d,1,s,5,7,2,d,37,4,0,21,2,s,2,6,s,s,0,0,0,s,5,0,9,0,2,0
I908,7,4,1,6,1,s,5,7,2,3,1,4,0,21,2,s,2,6,s,0,0,3,0,s,5,0,0,0,0,0
1781,7,4,1,6,1,s,d,7,2,3,1,4,d,21,s,s,2,6,s,0,d,3,d,s,5,0,0,d,0,0
1736,7,4,1,d,1,s,d,7,2,3,1,4,0,21,2,s,2,6,s,0,0,3,0,s,d,0,0,0,d,0
I911,7,4,1,6,1,2,0,7,2,0,0,4,0,0,2,s,2,6,s,0,0,3,0,s,5,0,0,4,s,0
I912,7,4,1,6,1,s,0,7,2,0,0,s,0,0,2,s,2,6,s,0,0,3,0,s,5,0,0,4,s,3
I913,7,s,1,6,1,s,0,7,2,0,0,s,0,0,2,s,2,6,s,0,0,3,0,s,5,5,0,4,s,3
I914,7,s,1,6,1,s,0,7,2,0,0,s,8,0,2,s,2,s,s,0,0,3,0,s,5,5,28,4,s,3
1495,7,s,1,6,1,s,0,7,2,0,0,s,8,0,2,s,2,s,s,2,0,3,0,s,5,5,28,4,s,3
1494,7,s,1,6,1,s,0,7,2,0,0,s,8,0,2,s,d,s,s,0,0,3,0,s,5,5,28,d,s,d
I915,7,s,1,6,1,s,4,7,2,0,0,s,0,0,2,s,2,6,s,0,2,s,0,s,5,5,0,4,s,3
1693,7,s,1,6,d,s,4,7,2,0,0,s,d,d,d,s,2,6,s,0,2,s,0,s,5,5,0,4,s,3
1692,7,s,1,d,1,s,4,7,2,0,0,s,0,0,2,s,2,6,s,0,2,s,0,s,5,5,d,4,s,3
I916,7,4,1,6,1,s,0,7,2,0,0,s,0,0,2,s,2,6,s,0,0,3,0,s,5,0,0,4,s,3
1656,7,4,d,6,d,s,0,7,d,0,0,s,0,0,s,s,2,6,s,43,0,3,0,s,5,1,0,s,s,3
1557,7,4,1,d,d,s,d,7,2,d,0,s,8,0,d,s,2,6,s,0,0,d,0,s,5,0,0,4,s,d
I923,7,4,1,6,1,2,0,7,2,3,0,4,1,0,2,s,2,s,s,38,0,3,s,s,5,0,0,4,s,0
1931,7,4,1,s,1,2,0,7,2,3,0,4,1,1,2,s,2,s,s,38,0,d,s,s,d,d,0,4,s,0
I925,7,4,1,6,1,2,0,7,2,3,0,4,1,0,2,s,2,s,s,38,0,3,s,s,5,0,0,4,s,0
1803,7,4,1,6,d,2,0,7,2,3,0,4,d,0,2,s,2,s,s,38,0,3,s,s,5,0,0,4,s,0
1802,7,4,1,6,1,2,0,7,2,3,0,4,1,0,d,s,d,s,s,38,0,3,s,s,5,0,0,4,s,d
I926,7,4,1,3,1,2,3,s,2,0,0,4,0,0,2,s,2,6,s,33,s,0,0,s,5,0,0,0,0,0
I927,7,4,1,3,1,2,3,s,2,0,0,4,0,0,2,s,2,6,s,33,s,0,0,s,5,0,0,0,0,0
I928,7,4,1,3,1,2,3,s,2,0,0,4,0,0,2,s,2,6,s,33,s,0,0,s,5,0,0,4,0,0
I929,7,4,1,3,1,2,3,s,2,0,0,4,8,0,2,s,2,6,s,33,s,0,0,s,5,0,0,4,0,0
1843,7,4,1,3,1,s,3,s,2,0,37,4,8,0,2,s,2,6,s,33,s,0,0,s,d,0,d,4,0,0
1926,7,4,1,d,s,2,3,s,2,0,0,4,8,0,2,s,2,6,s,33,s,d,d,s,d,0,0,4,0,0
I932,7,4,1,3,1,2,3,s,2,0,0,4,0,0,2,s,2,6,s,33,s,0,0,s,5,0,0,4,19,0
1849,7,4,d,3,1,2,3,s,2,0,6,4,0,0,2,s,2,6,s,33,s,0,0,s,5,0,d,4,19,0
1877,7,4,1,3,1,2,3,s,2,0,d,4,d,0,2,s,2,6,s,33,s,d,0,s,5,0,46,4,19,1
I935,7,4,1,3,1,2,3,s,2,0,0,4,0,16,2,s,2,6,s,33,s,0,0,s,5,0,0,0,0,0
I936,7,4,1,3,1,2,3,s,2,0,0,4,0,16,2,s,2,6,s,33,s,0,0,s,5,0,0,0,0,0
1960,7,4,1,3,1,2,3,s,d,0,0,4,0,16,2,s,2,6,s,33,s,d,0,s,5,0,0,d,0,0
1990,7,4,1,3,1,s,d,s,2,0,0,4,d,16,2,s,2,6,s,33,s,0,0,s,d,0,d,0,0,0
I939,7,4,1,3,1,2,3,s,2,0,0,4,0,16,2,s,2,6,s,33,s,0,0,s,5,0,0,13,0,0
I940,7,4,1,3,1,2,3,s,2,3,0,4,0,16,2,s,2,6,s,33,s,0,0,s,5,0,31,13,0,0
1957,d,d,1,d,1,2,3,s,2,3,0,4,0,d,d,s,2,6,s,d,s,0,d,s,d,0,31,13,0,d
1956,7,4,d,3,1,2,3,s,2,d,0,4,0,16,2,s,2,6,s,33,s,0,0,s,5,0,31,13,0,0
1935,7,4,d,3,1,2,3,s,d,0,29,4,0,d,2,s,2,6,s,33,s,0,0,s,5,0,0,d,0,0
I942,7,4,1,3,1,2,3,s,2,0,0,4,0,0,2,s,2,6,s,33,s,0,0,s,5,0,0,0,0,0
I943,7,4,1,3,1,2,3,s,2,0,0,4,0,14,2,s,2,6,s,33,s,0,0,s,5,0,0,0,0,0
I944,7,s,1,3,1,s,3,s,2,0,0,4,8,14,2,s,2,6,s,33,s,0,0,s,5,0,0,0,0,0
1717,7,s,1,s,1,s,3,s,2,0,0,4,8,d,2,s,2,6,s,33,s,0,0,s,5,0,0,d,0,d
I946,7,s,1,3,1,s,3,s,2,0,0,4,8,14,2,s,2,6,s,33,s,0,0,s,5,0,0,0,0,0
1913,7,s,1,3,s,s,3,s,2,0,0,4,8,d,2,s,2,6,s,33,s,0,0,s,5,0,0,0,0,0
1912,7,s,1,3,1,s,3,s,2,0,0,4,8,14,2,s,2,6,s,33,s,0,0,s,d,0,0,0,0,0
I947,7,4,1,3,1,2,3,s,2,0,0,4,0,14,2,s,2,6,s,33,s,0,0,s,5,0,0,0,0,0
I948,7,4,1,3,1,2,3,s,2,0,0,4,0,14,2,s,2,6,s,33,s,0,0,s,5,0,0,9,0,0
1645,7,4,1,3,1,2,d,s,2,0,1,4,0,14,2,s,d,6,s,33,s,d,22,s,5,0,0,9,0,0
1644,d,4,1,3,1,2,3,s,2,0,d,4,0,14,2,s,2,d,s,33,s,0,0,s,5,0,0,9,0,0
1616,7,4,1,3,1,2,3,s,2,0,0,4,d,14,2,s,2,6,s,33,s,d,0,s,5,0,0,0,0,0
I950,7,4,1,3,1,2,3,s,2,0,0,4,0,0,2,s,2,6,s,33,s,3,0,s,5,0,0,0,0,0
I951,7,4,1,3,1,2,3,s,2,6,0,4,0,0,2,s,2,6,s,33,s,3,0,s,5,0,0,0,0,0
I952,7,4,1,3,1,2,3,s,2,6,0,4,0,16,2,s,2,6,s,33,s,3,0,s,5,0,0,0,0,0
1629,7,4,1,3,1,d,d,s,2,6,0,d,0,16,2,s,2,6,s,33,s,3,0,s,5,0,0,0,0,0
1628,7,4,1,3,1,2,3,s,2,6,0,4,0,16,2,s,2,6,s,s,s,3,0,s,5,0,0,0,d,0
1929,7,4,1,3,d,2,3,s,2,6,d,4,0,0,2,s,2,6,s,33,s,3,0,s,d,0,0,0,s,0
I954,7,4,1,3,1,2,3,s,2,0,0,4,0,18,2,s,2,6,s,33,s,3,0,s,5,1,0,15,0,0
1945,7,4,1,3,1,2,3,s,2,d,0,d,0,18,2,s,2,d,s,33,s,3,0,s,5,1,0,15,0,0
1863,s,4,1,3,1,s,3,s,2,0,d,4,d,18,2,s,2,6,s,33,s,3,0,s,5,1,0,15,0,1
I957,7,4,1,0,1,2,0,7,2,0,0,4,0,0,2,19,2,6,s,0,0,0,0,s,5,3,0,0,0,0
I958,7,4,1,0,1,2,0,7,2,0,0,4,0,0,2,19,2,6,s,0,0,0,0,s,5,3,0,0,0,0
I959,7,4,1,0,1,2,0,7,2,0,0,4,0,0,2,19,2,s,s,0,0,0,0,s,5,3,0,0,0,0
I960,7,4,1,0,1,2,0,7,2,0,0,4,0,0,2,19,2,s,s,0,0,0,0,s,5,3,0,0,0,0
I961,7,4,1,0,1,2,0,7,2,0,0,4,0,0,2,19,2,s,s,0,0,0,0,s,5,3,0,0,8,0
1212,7,d,1,0,1,2,0,7,2,3,0,4,0,0,2,d,2,s,s,34,0,0,0,s,5,3,46,0,8,0
1241,7,4,1,9,1,d,0,7,s,0,0,4,7,0,2,19,2,s,s,0,0,0,d,s,5,3,0,d,8,1
I964,7,4,1,0,1,2,0,7,2,0,0,4,0,0,2,19,2,s,s,0,2,0,0,s,5,3,0,0,0,0
1075,7,4,1,0,1,2,0,7,2,3,21,4,0,0,2,19,2,s,s,0,2,0,22,s,5,3,d,0,0,0
1060,7,4,1,0,1,2,d,7,2,0,0,d,0,d,2,19,2,s,s,0,s,4,0,s,5,3,19,0,d,d
I967,7,4,1,0,1,2,0,7,2,0,34,4,0,0,2,19,2,s,s,0,0,0,0,s,5,3,0,0,s,0
I968,7,4,1,0,1,2,0,7,2,0,34,4,0,0,2,19,2,s,s,0,0,0,0,s,5,3,0,0,s,0
1473,7,4,1,0,1,2,0,7,2,3,d,4,0,0,d,d,2,s,s,0,0,0,0,s,5,3,0,0,s,0
1580,7,4,d,d,1,d,0,7,2,0,34,4,8,0,2,19,2,s,s,d,0,0,0,s,5,3,0,d,s,0
I971,7,4,1,0,1,2,0,7,2,0,34,4,0,0,2,19,2,s,s,0,0,0,0,s,5,3,0,0,s,0
I972,7,4,1,0,1,2,0,7,2,0,34,4,0,0,2,19,2,s,s,0,2,0,0,s,5,3,0,0,s,0
1315,d,d,1,0,1,2,0,d,2,d,34,4,0,d,2,19,2,s,s,0,2,0,0,s,d,3,0,d,s,0
1314,d,4,1,d,1,2,d,7,2,0,34,4,0,0,2,19,2,s,s,d,d,0,0,s,5,3,0,d,s,d
1447,7,4,d,0,d,2,0,d,2,0,34,4,8,0,2,19,2,s,s,0,0,3,0,s,5,d,0,0,s,0
I974,7,4,1,0,1,2,0,7,2,0,37,4,0,0,2,19,2,6,s,0,0,0,0,s,5,3,0,0,0,0
I975,7,4,1,0,1,2,0,7,2,0,37,4,0,0,2,19,2,6,s,0,0,0,0,s,5,3,0,0,0,0
I978,7,4,1,0,1,2,0,7,2,0,37,4,0,0,2,19,2,6,s,0,0,0,16,s,5,3,0,3,19,1
1613,7,4,1,0,1,2,0,d,2,0,d,4,0,0,2,19,2,6,s,4,0,0,16,s,5,3,0,3,19,1
1612,7,4,1,0,1,2,0,7,2,0,37,4,0,0,2,19,2,6,s,d,0,d,16,s,5,d,0,3,19,1
I979,7,4,s,0,1,2,0,7,2,0,37,4,0,0,2,19,2,6,s,0,0,0,15,s,5,3,0,0,0,0
I980,7,4,s,0,1,2,0,7,2,0,37,4,0,0,2,19,2,6,s,0,s,0,15,s,5,3,0,0,0,0
1513,7,4,s,0,1,2,d,7,2,d,37,4,0,0,2,19,2,6,s,0,s,0,15,s,5,d,0,0,0,0
1512,7,4,s,0,1,2,0,7,d,0,37,4,d,0,d,19,2,6,s,d,s,0,15,s,5,3,0,0,0,0
1702,7,4,s,3,1,2,0,7,2,0,s,4,0,0,2,19,d,6,s,0,0,0,d,s,5,3,0,3,0,5
1591,d,4,1,0,s,d,0,7,2,3,37,4,d,0,2,19,2,d,s,0,2,0,0,s,5,3,d,s,d,0
I989,7,4,1,0,1,2,0,7,2,0,0,4,0,0,s,19,2,6,s,0,0,0,0,s,5,3,0,0,0,0
I990,7,4,1,0,1,2,0,7,2,0,0,4,0,0,s,19,2,6,s,0,0,0,0,s,5,3,0,0,0,0
I991,7,4,1,0,1,2,0,7,2,0,0,4,0,0,s,19,2,6,s,0,0,0,0,s,5,3,0,13,0,0
I992,7,4,1,0,1,2,0,7,2,0,1,4,5,0,s,19,2,6,s,0,0,0,0,s,5,3,19,13,s,0
I993,7,4,1,0,1,2,0,7,2,0,1,4,5,0,s,19,2,s,s,0,0,0,s,s,5,3,19,13,s,0
1313,d,d,d,0,d,d,d,7,2,0,1,4,d,0,s,19,2,s,s,0,0,0,s,s,5,3,19,13,s,s
1312,7,d,1,0,1,2,0,7,2,0,1,4,d,0,s,19,2,s,s,43,0,0,s,s,5,3,d,d,s,0
1231,7,d,1,0,1,2,0,7,2,d,1,4,5,0,s,19,2,6,s,24,0,0,0,s,5,3,d,13,s,d
I995,7,4,1,0,1,2,0,7,2,0,1,4,0,0,s,19,2,6,s,0,0,0,0,s,5,3,0,13,0,0
I996,7,4,1,s,1,2,0,7,2,3,1,4,0,0,s,19,2,6,s,0,0,0,0,s,5,3,0,13,2,0
1509,7,4,1,s,1,2,0,7,2,3,1,4,0,0,s,d,2,d,s,d,0,0,0,s,d,3,0,13,2,0
1508,7,4,1,s,d,2,0,7,2,3,1,4,0,d,s,d,2,6,s,0,d,d,d,s,5,3,0,13,d,0
1395,7,4,d,0,1,2,0,7,2,0,1,4,0,d,s,19,2,6,s,0,0,6,s,s,5,3,0,13,0,0
I998,7,4,1,s,1,2,0,7,2,0,0,4,8,0,s,19,2,6,s,0,0,0,0,s,5,3,0,0,14,0
I999,7,4,1,s,1,2,0,7,2,0,0,4,8,0,s,19,2,6,s,0,2,0,0,s,5,3,0,0,14,0
1032,7,4,d,s,1,2,0,7,2,0,0,4,8,0,s,19,2,6,s,0,2,d,11,s,5,3,0,0,14,0
1026,7,4,1,s,1,2,0,7,2,0,0,4,8,0,s,19,2,6,s,0,2,3,0,s,5,3,0,0,14,s
I1004,7,4,1,s,1,2,0,7,2,0,0,4,8,0,s,19,2,6,s,0,0,0,0,s,5,3,3,0,14,0
I1005,7,4,1,s,1,2,0,7,2,0,0,4,8,0,s,19,2,6,s,0,2,0,0,s,5,3,3,0,14,0
I1006,7,4,1,s,1,2,3,7,2,0,26,4,8,0,s,19,2,6,s,0,2,0,0,s,5,3,3,3,14,0
2005,7,d,1,s,1,2,3,7,2,d,26,4,8,0,s,19,2,6,s,0,2,0,0,s,5,3,d,d,d,0
2004,7,4,1,s,1,2,d,7,2,0,26,4,8,0,s,19,2,6,s,0,2,0,0,s,5,3,3,3,d,0
1010,7,4,d,s,1,2,d,7,2,d,d,4,8,0,s,19,2,6,s,0,2,0,d,s,5,3,3,d,14,0
1978,d,4,d,s,1,2,0,7,2,0,d,4,8,0,s,19,2,6,s,43,0,0,0,s,5,3,3,d,14,d
I1009,7,4,1,0,1,2,0,7,2,0,0,4,0,0,s,s,2,6,s,0,0,0,0,s,5,3,3,0,0,0
I1010,7,4,1,0,1,2,0,7,2,0,0,4,0,0,s,s,2,6,s,0,0,0,0,s,5,3,3,0,0,0
I1011,7,4,1,0,1,2,3,7,2,0,0,4,0,0,s,s,2,6,s,0,0,0,0,s,5,3,3,0,0,0
1305,d,4,1,0,d,2,3,7,d,0,0,4,0,0,s,s,2,6,s,0,d,5,d,s,5,3,3,0,3,0
1115,7,4,1,d,1,d,3,7,2,0,0,d,0,0,s,s,2,6,s,4,0,0,0,s,d,3,3,0,0,0
I1014,7,4,1,0,1,2,0,7,2,0,0,4,0,22,s,s,2,6,s,0,2,3,0,s,5,3,3,0,s,0
1120,7,4,1,0,1,2,0,7,2,d,1,4,0,22,s,s,2,6,s,0,2,3,0,s,5,3,3,0,s,0
I1016,7,4,1,0,1,2,0,7,2,0,0,4,0,22,s,s,2,6,s,0,2,3,0,s,5,3,3,0,s,0
1163,7,4,d,0,1,2,0,d,2,0,0,4,0,22,s,s,2,6,s,0,2,3,0,s,d,3,3,0,s,0
1162,7,4,d,0,1,2,0,7,2,0,0,4,0,22,s,s,2,6,s,0,2,3,0,s,5,3,3,0,s,0
I1017,7,4,1,0,1,2,0,7,2,0,0,4,8,0,s,s,2,6,s,0,0,0,0,s,5,3,3,0,0,0
1443,7,4,1,d,1,d,0,7,2,0,0,d,8,0,s,s,d,6,s,0,0,d,7,s,5,3,3,s,0,0
I1022,7,4,1,0,1,2,0,7,2,0,0,4,8,0,s,s,2,6,s,0,0,0,0,s,5,3,3,3,0,1
1097,7,4,1,0,1,d,0,7,2,d,0,4,8,0,s,s,2,6,s,d,0,0,0,s,5,3,3,3,0,1
1096,d,4,d,d,1,2,0,7,2,0,0,4,s,0,s,s,d,6,s,0,0,0,0,s,5,3,3,3,0,1
