cell,r1,r2,r3,r4,r5,r6,r7,r8,r9,r10,r11,r12,r13,r14,r15,r16,r17,r18,r19,r20,r21,r22,r23,r24,r25,r26,r27,r28,r29,r30
I1,1,0,0,0,0,0,0,0,0,0,0,0,0,0,0,0,0,0,0,0,0,s,0,0,0,0,0,0,0,0
I2,1,0,0,0,0,0,0,0,0,0,0,0,0,0,0,0,0,0,0,0,0,s,0,0,0,0,0,0,0,0
I3,s,0,0,0,0,0,0,0,0,0,0,0,0,0,0,0,0,0,25,0,0,s,0,0,0,0,0,0,0,0
I4,s,0,4,0,0,0,0,3,0,0,0,s,0,0,0,0,0,0,25,0,0,s,0,0,0,0,0,0,0,0
I5,s,0,4,0,0,0,2,3,0,0,0,s,0,0,0,6,0,0,25,0,0,s,0,0,0,0,61,0,0,0
I6,s,0,4,0,0,0,2,3,0,0,0,s,0,0,0,6,0,s,25,0,0,s,0,17,0,0,61,0,0,0
I7,s,0,4,0,0,0,2,3,0,4,0,s,0,0,0,6,0,s,25,0,0,s,0,17,0,0,61,0,0,0
I8,s,0,4,0,0,0,2,3,10,4,0,s,0,0,0,6,4,s,25,0,0,s,0,17,0,0,61,0,0,0
I9,s,0,4,0,0,0,2,3,10,4,0,s,0,13,0,6,4,s,25,0,0,s,0,17,0,0,61,0,79,0
I10,s,0,4,0,0,0,2,3,10,4,0,s,0,13,0,6,4,s,25,0,0,s,0,17,0,0,61,0,79,0
1507,s,0,4,0,0,0,2,3,10,4,0,s,0,d,0,6,4,s,25,0,0,s,0,17,d,0,61,0,79,0
1506,s,0,4,0,0,0,2,3,10,4,d,s,10,13,0,d,4,s,25,0,0,s,0,d,0,d,61,0,79,d
1980,s,0,4,0,0,0,2,3,10,4,d,s,0,13,d,6,4,s,25,0,0,s,0,17,0,0,61,0,79,0
I12,s,0,4,0,0,0,2,3,10,4,0,s,0,0,0,6,4,s,25,0,0,s,s,17,0,0,61,0,0,0
1424,s,0,4,1,5,0,2,3,10,s,0,s,0,0,0,6,4,s,25,0,0,s,s,d,0,0,61,0,0,0
1627,s,0,4,0,5,0,2,3,10,d,0,s,0,0,0,6,d,s,25,0,0,s,s,d,4,0,61,0,0,d
I16,s,11,4,0,0,0,2,3,0,4,0,s,0,0,0,s,0,s,25,s,0,s,0,17,19,18,61,0,69,0
1311,s,11,d,0,0,6,d,3,0,4,0,s,0,0,d,s,d,s,25,s,0,s,0,17,19,18,61,d,d,d
I18,s,11,4,0,0,0,2,3,19,4,1,s,0,0,0,s,0,s,25,s,0,s,0,17,19,18,61,0,69,0
1421,s,11,d,0,d,d,d,3,19,d,1,s,0,d,0,s,0,s,25,s,0,s,0,17,19,18,61,0,69,0
1420,s,11,4,1,0,0,2,3,d,4,1,s,0,0,0,s,0,s,25,s,0,s,0,17,19,18,61,0,d,0
I22,s,0,4,0,0,0,2,3,0,0,1,s,0,0,0,6,0,s,25,0,0,s,1,17,0,0,61,0,0,0
I23,s,0,4,0,0,0,2,3,0,0,1,s,0,8,0,6,0,s,25,0,0,s,1,17,0,0,61,0,0,0
I24,s,0,4,0,0,0,2,3,0,2,1,s,0,8,0,6,0,s,25,0,0,s,1,17,0,0,61,0,0,0
1607,s,0,4,d,d,0,2,3,0,2,1,s,0,8,s,6,d,s,25,d,s,s,1,17,0,0,61,s,0,d
1639,s,0,4,0,0,0,2,d,0,2,1,s,0,d,0,6,0,s,25,0,0,s,1,17,d,0,61,0,0,0
I27,s,0,4,0,0,0,2,3,0,0,1,s,4,8,0,6,0,s,25,s,0,s,1,17,0,0,61,0,0,2
1434,s,0,4,d,20,0,2,3,0,0,1,s,4,8,0,s,d,s,25,s,0,s,1,17,d,33,61,0,0,2
I29,s,0,4,0,0,0,2,3,0,0,1,s,4,8,0,6,0,s,25,s,0,s,1,17,0,22,61,0,0,2
1333,s,0,d,d,0,10,2,3,0,0,1,s,4,8,0,6,0,s,25,s,0,s,d,17,0,22,61,d,0,2
1332,s,0,d,d,0,0,2,3,0,0,1,s,4,8,0,6,0,s,25,s,0,s,1,d,8,22,61,d,0,2
I30,s,0,4,1,0,0,2,3,0,14,1,s,0,0,0,s,7,s,25,0,0,s,1,17,0,0,61,0,0,0
1521,s,0,4,1,d,0,2,3,s,14,d,s,s,0,d,s,7,s,25,0,d,s,s,17,6,30,61,0,0,2
I34,s,0,4,1,0,0,2,3,0,14,1,s,0,0,3,s,7,s,25,0,0,s,1,17,0,0,61,0,0,0
I35,s,0,4,1,0,s,2,3,0,14,1,s,0,0,3,s,7,s,25,0,0,s,1,17,s,0,61,0,0,0
1491,s,d,4,1,d,s,2,d,0,14,1,s,d,0,3,s,7,s,25,0,0,s,1,17,s,20,61,0,0,0
1490,s,d,4,1,0,s,d,3,0,14,1,s,0,0,3,s,d,s,25,0,0,s,1,17,s,0,61,0,d,0
I36,s,0,4,1,2,0,2,3,10,14,1,s,0,0,3,s,7,s,25,0,0,s,1,17,0,0,61,0,0,0
1755,s,0,4,1,2,0,2,3,10,14,1,s,0,0,3,s,7,s,25,0,0,s,1,17,0,0,61,0,0,0
1754,s,0,4,1,2,0,2,3,10,14,1,s,d,0,3,s,7,s,25,0,0,s,1,17,0,0,61,0,0,0
I37,s,0,4,0,0,3,2,3,0,0,0,s,0,0,0,6,0,0,25,0,0,s,0,0,0,0,61,0,0,0
I38,s,0,4,0,0,3,2,3,0,0,0,s,0,0,0,6,0,0,25,0,0,s,0,0,0,0,61,0,0,0
I39,s,0,4,0,0,3,2,3,0,0,0,s,0,0,3,6,0,0,25,0,0,s,0,0,27,0,61,0,0,2
I40,s,0,4,0,0,3,2,3,0,0,0,s,0,4,3,6,0,0,25,0,10,s,0,0,27,0,61,0,0,2
I41,s,0,4,0,0,3,2,3,15,0,0,s,0,4,3,6,0,0,25,0,10,s,0,0,27,0,61,0,0,2
1303,s,0,4,0,s,3,2,3,15,0,0,s,0,4,d,d,0,0,25,0,10,s,0,0,27,0,61,7,0,2
1302,s,0,4,0,d,3,2,3,d,0,s,s,0,4,d,6,0,0,25,d,10,s,0,0,27,0,61,0,0,2
1522,s,0,4,0,0,3,2,3,d,0,1,s,0,4,3,6,0,0,25,8,10,s,d,16,27,d,61,7,0,2
I43,s,7,s,0,0,3,2,3,0,0,0,s,0,0,3,6,0,0,25,0,0,s,0,0,27,0,61,0,0,2
1448,s,7,s,0,0,3,2,3,s,0,0,s,0,0,3,d,5,0,25,0,0,s,d,0,27,0,d,0,0,2
I45,s,s,s,0,0,3,2,3,0,0,0,s,0,0,3,6,0,0,25,0,0,s,0,0,27,0,61,0,34,2
1349,s,s,s,0,d,3,2,3,0,0,0,s,0,0,s,d,0,d,25,d,0,s,0,0,27,0,61,0,34,d
1348,s,s,s,d,0,3,2,3,0,0,0,s,0,0,d,6,25,6,25,0,0,s,0,0,d,0,61,0,34,2
I46,s,0,4,0,0,3,2,3,0,0,0,s,0,0,0,6,0,0,25,0,0,s,0,0,0,0,61,0,0,0
I47,s,0,4,0,0,3,2,3,0,0,0,s,0,19,0,6,0,0,25,0,0,s,0,0,0,0,61,0,0,0
I48,s,0,4,1,0,3,2,3,19,0,0,s,s,19,0,6,0,0,25,0,0,s,0,0,0,0,61,11,0,0
1970,s,0,4,1,0,3,2,3,19,0,0,s,s,19,0,6,5,0,25,0,0,s,0,0,0,0,d,11,d,d
1052,s,0,4,1,0,3,2,d,19,0,1,s,s,19,0,6,0,0,d,0,0,s,0,0,d,0,61,d,0,0
I50,s,0,4,0,0,3,2,3,0,0,1,s,0,19,0,6,0,0,25,0,19,s,0,0,0,22,61,0,12,0
1193,s,d,4,0,0,3,2,3,0,0,1,s,0,19,0,6,0,0,25,0,19,s,0,0,0,22,d,0,12,d
1192,s,0,4,0,0,d,2,3,10,0,1,s,0,19,0,6,0,0,d,0,d,s,0,s,14,22,61,0,d,0
I51,s,0,4,0,0,3,2,3,0,0,1,s,0,17,0,6,0,0,25,0,0,s,0,0,0,0,61,0,0,0
I52,s,0,4,0,0,3,2,3,0,14,1,s,0,17,0,6,0,5,25,0,0,s,0,0,0,0,61,0,0,0
1125,s,0,4,0,0,3,2,3,0,14,1,s,0,17,d,6,0,5,25,0,0,s,0,0,0,0,61,0,0,0
1124,s,0,4,0,0,3,2,3,0,d,1,s,0,17,0,6,d,5,25,0,d,s,0,0,0,d,d,0,0,2
1034,s,0,4,0,0,3,2,3,0,0,1,s,0,17,3,6,9,0,25,0,0,s,0,0,2,0,61,s,d,d
I54,s,0,4,0,0,3,2,3,0,0,0,s,0,0,3,6,0,0,25,0,0,s,0,0,0,0,61,0,0,0
I55,s,0,4,0,11,3,2,3,0,0,0,s,0,0,3,6,0,0,25,0,0,s,0,0,0,0,61,0,0,0
I56,s,0,4,0,11,3,2,3,0,0,0,s,10,0,3,6,0,0,25,0,0,s,0,0,0,0,61,0,0,0
I57,s,14,4,0,11,3,2,3,0,8,0,s,10,22,3,6,0,0,25,0,0,s,0,0,0,0,61,0,0,0
1119,s,14,d,0,d,3,2,3,0,8,0,s,10,22,3,6,s,0,25,0,0,s,d,d,0,s,61,7,0,0
1118,s,14,4,d,11,3,2,3,0,8,0,s,10,d,3,d,0,d,25,0,0,s,0,0,0,0,61,s,0,0
1160,s,d,4,0,11,3,d,3,0,2,0,s,10,d,3,6,0,0,25,0,0,s,0,0,d,0,61,d,0,d
I60,s,0,4,0,11,3,2,3,0,0,0,s,0,0,3,6,0,0,25,0,0,s,0,0,0,0,61,0,45,0
1411,s,0,4,d,11,3,2,d,0,0,0,s,10,0,3,6,0,0,25,d,0,s,d,0,0,0,61,0,d,0
1410,s,d,4,1,11,3,2,3,0,0,0,s,0,0,3,6,d,0,25,0,d,s,0,0,d,d,61,0,d,0
I62,s,0,4,0,0,3,2,3,0,0,0,s,0,0,3,6,0,0,25,0,0,s,0,0,0,0,61,0,0,0
1113,s,0,4,0,2,3,2,3,0,0,0,s,d,d,3,6,0,d,25,0,d,s,0,0,0,d,d,d,0,0
I66,s,0,4,0,0,3,2,3,0,0,0,s,0,0,3,6,0,1,25,5,0,s,s,0,0,0,61,0,0,0
I67,s,0,4,0,0,3,2,3,0,0,0,s,0,0,3,6,7,1,25,5,0,s,s,0,0,22,61,0,s,2
1457,s,0,4,0,0,3,2,3,0,0,s,s,0,d,3,6,7,1,25,5,0,s,s,d,0,22,61,0,s,2
1456,s,0,4,0,d,3,d,3,0,0,0,s,0,0,d,6,7,1,25,s,0,s,s,0,0,d,61,0,s,2
1339,s,0,d,d,5,3,2,3,d,0,d,s,4,0,3,6,0,1,25,5,d,s,s,0,0,0,61,4,d,0
I69,s,0,4,0,0,10,0,3,0,0,0,s,1,31,0,0,0,0,25,0,0,s,0,0,0,0,0,0,0,0
I70,s,0,4,0,0,10,0,3,0,0,0,s,1,31,0,0,0,0,25,0,0,s,0,0,0,0,0,0,0,0
I71,s,5,4,0,0,10,0,3,0,0,0,s,1,31,0,s,0,s,25,0,0,s,0,0,0,0,0,0,0,0
I72,s,5,4,0,0,10,0,3,0,0,0,s,1,31,0,s,0,s,25,0,0,s,0,0,25,0,0,0,0,0
1286,s,5,4,d,0,10,1,3,19,0,d,s,1,d,0,s,s,s,d,0,0,s,0,24,25,1,61,0,d,0
I77,s,5,4,0,0,10,0,3,0,0,0,s,1,31,0,s,19,s,25,0,0,s,0,0,25,0,s,0,0,0
1159,s,5,4,d,0,d,0,3,0,0,0,s,1,d,d,s,d,s,25,18,0,s,d,0,25,0,s,0,s,0
1158,s,5,4,0,0,10,0,d,s,0,0,s,1,31,d,s,19,s,25,0,d,s,0,0,25,0,s,d,0,0
I79,s,5,4,0,0,10,0,3,15,0,0,s,1,31,0,s,0,s,25,0,0,s,0,0,0,0,0,0,0,0
I81,s,5,4,0,7,10,0,3,15,0,0,s,1,31,0,s,23,s,25,0,9,s,0,0,16,0,3,0,0,0
1343,s,5,4,0,7,10,0,3,15,0,0,s,1,d,0,s,d,s,25,0,9,s,0,0,16,0,3,0,0,0
1342,s,5,4,d,7,10,0,3,15,0,d,s,d,31,0,s,23,s,s,0,9,s,0,0,16,0,3,0,0,d
1111,s,5,4,1,20,d,d,d,d,0,0,s,d,d,3,s,0,s,25,0,18,s,0,0,d,0,0,s,0,0
I87,s,0,4,0,0,10,0,3,0,0,0,s,1,31,0,0,0,0,25,0,0,s,1,0,0,0,0,0,0,0
I88,s,1,4,0,0,10,0,3,0,0,0,s,1,31,0,0,0,0,25,3,0,s,1,0,0,9,0,11,23,0
I89,s,1,4,0,0,10,s,3,0,0,0,s,1,31,0,0,0,0,25,3,0,s,1,0,0,9,0,11,23,2
1190,s,s,4,1,0,10,s,3,0,0,0,s,1,31,0,0,0,0,25,3,0,s,1,0,0,9,0,11,23,2
I91,s,1,4,0,0,10,s,3,0,0,0,s,1,31,0,0,0,0,25,s,0,s,1,0,0,9,0,11,23,2
1299,s,1,4,0,d,10,s,d,0,0,0,s,d,31,0,0,0,0,25,s,d,s,1,d,d,9,0,11,23,2
1298,s,1,4,0,d,10,s,3,0,0,0,s,1,31,0,0,0,d,25,s,0,s,1,0,0,d,0,11,23,2
1262,s,s,4,0,0,10,0,3,d,1,1,s,1,31,0,0,4,0,25,3,d,s,1,0,0,9,d,11,s,0
I95,s,0,4,0,0,10,0,3,0,0,1,s,1,31,0,0,0,0,25,0,0,s,1,0,0,0,0,0,0,0
I96,s,0,4,0,7,10,0,3,0,0,1,s,1,31,0,0,6,0,25,0,0,s,1,0,0,0,0,4,41,0
I97,s,0,4,0,7,10,0,3,0,0,1,s,1,31,0,0,6,0,25,0,0,s,1,25,19,0,0,4,41,0
1251,s,d,4,0,d,10,0,3,0,0,1,s,1,d,0,0,6,0,25,0,0,s,d,25,19,0,0,d,41,0
1250,s,0,4,0,7,10,0,3,0,0,1,s,1,31,0,d,6,d,25,34,d,s,1,25,19,0,0,4,41,0
I98,s,0,4,0,7,10,0,3,0,0,1,s,1,31,0,0,6,0,25,0,0,s,1,0,0,0,0,4,41,0
1079,s,12,d,0,s,10,0,3,0,0,1,s,1,31,0,0,d,0,25,0,d,s,1,0,0,0,0,d,41,0
1078,s,d,4,0,7,10,0,3,0,0,1,s,1,31,0,0,6,d,25,0,d,s,1,d,d,0,0,d,41,0
I99,s,14,4,0,0,10,0,3,0,0,1,s,1,31,0,0,0,0,25,0,0,s,1,12,0,0,0,0,0,0
1172,s,14,4,0,8,10,d,3,21,3,1,s,1,31,0,0,0,0,25,0,0,s,1,12,0,0,0,0,0,2
1407,s,14,4,1,d,10,0,3,0,0,1,s,d,31,3,d,0,d,25,0,0,s,1,12,0,0,0,0,73,2
I102,s,0,4,0,0,10,0,3,0,0,0,s,1,31,0,0,20,0,25,0,0,s,0,0,0,0,0,0,0,0
I103,s,0,4,0,0,10,0,3,0,0,0,s,1,31,0,3,20,0,25,0,0,s,0,0,0,10,0,0,0,0
I104,s,0,4,0,0,10,1,3,0,0,0,s,1,31,0,3,20,0,25,0,0,s,0,0,0,10,0,0,0,0
I105,s,0,4,0,0,10,1,3,21,0,0,s,1,31,0,3,20,0,25,0,0,s,0,0,0,10,0,0,0,0
I106,s,0,4,0,0,10,1,3,21,0,0,s,1,31,0,3,20,0,25,0,0,s,0,0,0,10,0,0,0,2
1007,s,0,4,0,0,10,1,3,21,0,0,s,1,31,0,d,20,d,25,d,0,s,0,0,d,d,0,0,0,2
I107,s,0,4,0,0,10,1,3,21,0,0,s,1,31,0,s,20,0,25,0,2,s,0,0,0,10,0,0,0,2
1973,s,0,4,1,0,10,1,3,d,0,0,s,1,31,0,s,20,0,d,0,2,s,0,0,0,10,0,0,0,2
1972,s,0,4,0,0,d,1,3,21,0,0,s,1,31,0,s,20,0,25,0,2,s,0,0,0,d,d,0,0,2
1058,s,0,d,0,d,s,s,3,21,0,0,s,1,s,0,3,20,0,25,0,0,s,d,d,0,10,0,6,d,0
I109,s,0,4,0,0,10,1,3,0,0,1,s,1,31,0,3,20,0,25,0,0,s,0,0,0,10,0,0,0,0
I110,s,0,4,0,0,10,1,3,0,2,1,s,1,31,0,3,20,0,25,0,13,s,0,0,0,10,0,11,0,0
1866,s,0,4,0,0,10,1,d,0,d,d,s,1,31,3,3,20,1,d,d,13,s,3,0,0,10,0,11,0,0
1885,s,10,4,1,7,10,1,d,0,2,1,s,1,31,0,d,20,0,25,0,d,s,s,8,d,10,3,11,0,0
2044,s,0,4,0,2,10,1,3,24,0,1,s,1,31,0,3,20,s,25,0,0,s,s,0,0,10,0,0,0,0
I116,s,0,4,0,0,10,0,3,0,0,0,s,1,31,0,3,20,1,25,0,0,s,0,29,0,10,0,7,0,0
I117,s,12,4,0,0,10,0,3,19,0,1,s,1,31,0,3,s,1,25,0,0,s,0,29,0,10,0,7,33,0
1098,s,12,4,s,0,10,0,d,d,2,s,s,1,31,0,d,s,1,25,0,0,s,0,29,0,10,d,7,33,0
1049,s,d,4,0,0,10,1,3,19,0,1,s,1,31,0,3,s,1,25,0,14,s,d,29,d,10,0,7,33,0
I122,s,0,4,0,0,10,0,3,0,0,0,s,1,31,0,3,20,1,25,0,0,s,0,29,s,10,0,7,0,2
983,s,6,4,0,0,10,1,3,0,8,0,s,1,d,0,3,20,1,d,0,1,s,0,d,s,10,25,7,0,2
1964,s,0,d,0,20,10,0,d,0,0,0,s,1,31,0,3,d,1,25,s,0,s,0,29,s,10,0,7,0,2
I124,s,19,4,0,s,10,0,3,0,0,0,s,1,31,0,0,20,0,25,0,0,s,0,0,0,0,0,0,0,0
I125,s,19,4,s,s,10,1,3,0,0,0,s,1,31,3,31,20,0,25,0,0,s,0,0,0,0,0,0,0,2
1300,s,19,4,s,s,10,1,3,d,d,d,s,1,31,d,31,20,0,25,0,0,s,d,0,0,8,d,0,0,2
1477,s,19,4,s,s,10,1,d,0,d,1,s,d,31,3,d,s,0,25,0,0,s,0,3,0,0,0,0,23,2
I132,s,19,4,0,s,10,0,3,0,0,0,s,1,31,0,0,20,0,25,0,0,s,0,16,0,0,0,0,0,0
I133,s,19,4,0,s,10,0,3,0,0,0,s,1,31,0,0,20,0,25,0,0,s,0,16,0,0,0,0,0,0
I134,s,19,4,0,s,10,0,3,13,0,0,s,1,31,0,0,20,0,25,0,0,s,1,16,0,0,0,0,0,0
1095,s,19,4,0,s,d,0,3,13,0,0,s,1,31,0,0,20,0,25,d,0,s,d,16,0,0,0,0,0,0
1094,s,19,4,0,s,10,0,3,d,0,0,s,1,d,0,0,20,0,25,0,d,s,d,16,0,15,0,0,0,0
1044,s,19,4,0,s,10,0,3,0,0,0,s,1,31,0,0,d,0,25,0,0,s,0,16,0,0,0,0,0,0
I136,s,19,4,0,s,10,0,3,0,2,0,s,1,31,0,0,20,0,25,0,0,s,0,16,30,0,0,0,0,2
1164,s,19,4,0,s,10,1,d,0,2,0,s,d,31,0,0,20,0,25,d,0,s,0,16,30,0,d,0,0,d
1080,s,19,4,0,s,10,0,3,0,2,0,s,1,d,3,d,d,0,25,19,0,s,0,16,30,s,0,0,0,2
I139,s,0,0,0,0,0,0,10,0,0,0,0,0,0,3,0,0,0,25,0,0,s,0,34,14,0,0,0,0,0
I140,s,0,0,0,0,0,0,10,0,0,0,0,0,0,3,0,0,0,25,0,0,s,0,34,14,0,0,0,0,0
I141,s,0,1,0,0,0,0,10,0,0,0,0,0,0,3,0,0,0,25,2,0,s,4,34,14,0,0,0,0,0
I142,s,0,1,0,0,0,0,10,0,5,0,0,0,0,3,0,0,0,25,2,0,s,4,34,14,0,0,0,0,0
I147,s,0,1,0,7,0,0,10,0,5,0,0,0,5,3,4,23,0,25,2,0,s,4,34,14,24,0,0,0,0
I148,s,0,1,0,7,0,1,10,0,5,0,0,0,5,3,4,23,s,25,2,0,s,4,34,14,24,0,0,0,2
1893,s,d,1,d,7,0,1,d,0,5,0,0,0,5,3,4,d,s,25,2,0,s,d,d,14,24,0,0,0,2
1892,s,0,1,0,7,0,1,10,0,5,0,d,0,d,3,4,d,s,25,2,0,s,4,34,14,24,0,0,0,2
1805,s,d,1,0,7,0,0,10,0,5,1,0,0,d,3,4,d,0,25,2,0,s,4,34,d,24,0,0,0,0
1747,s,d,d,0,15,10,0,d,15,s,1,d,0,37,3,19,0,0,d,2,0,s,d,34,d,0,25,11,0,0
I154,s,0,1,0,0,0,0,10,25,0,0,0,0,0,3,0,0,0,25,2,0,s,4,s,14,0,0,0,0,0
I155,s,0,1,0,0,0,1,10,25,0,1,1,0,0,3,0,0,0,25,2,0,s,4,s,14,0,0,0,0,0
I157,s,0,1,0,0,0,1,10,25,0,1,1,10,0,3,0,0,0,25,2,s,s,4,s,14,0,0,0,23,2
1743,s,0,1,0,0,0,d,10,25,0,1,d,d,0,3,0,0,0,d,2,s,s,4,s,14,0,0,0,23,2
1742,s,d,d,d,d,0,d,10,25,14,1,1,10,0,3,0,d,0,25,2,s,s,4,s,14,0,0,0,23,2
1578,s,0,1,0,d,0,1,10,25,0,1,d,0,0,3,23,0,d,25,d,d,s,4,s,14,0,0,0,0,2
I161,s,0,1,1,0,0,0,10,25,0,0,0,0,0,3,0,0,0,25,2,0,s,4,s,14,0,0,4,0,0
1365,s,31,1,1,0,0,0,10,25,0,0,s,d,26,3,29,4,d,25,2,0,s,d,s,14,0,d,4,0,0
I165,s,0,1,1,0,0,0,10,25,s,0,0,0,0,3,0,0,0,25,2,0,s,4,s,14,s,0,4,1,0
1903,s,0,d,d,0,0,0,10,25,s,1,3,0,0,3,0,0,s,d,2,0,s,4,s,d,s,0,4,1,0
1666,s,0,1,1,0,0,d,10,d,s,1,0,d,0,3,11,2,0,25,2,d,s,4,s,14,s,45,4,1,0
I168,s,0,0,0,0,0,0,10,0,0,0,0,0,4,3,0,0,1,25,0,11,s,0,34,14,0,0,7,0,0
I169,s,0,0,1,5,0,1,10,0,0,0,3,0,4,3,0,0,1,25,0,11,s,0,34,14,0,0,7,0,2
I170,s,0,0,1,5,0,1,10,0,0,0,3,0,4,3,0,0,1,25,0,11,s,0,34,14,14,0,7,0,2
1887,s,0,d,1,5,0,1,d,24,0,0,3,4,4,3,4,0,1,d,0,11,s,4,34,d,14,d,7,0,2
I174,s,0,2,1,5,0,1,10,0,0,0,3,0,4,3,0,0,1,25,0,11,s,0,34,14,14,0,7,0,2
1942,s,0,2,1,5,0,1,10,0,0,0,3,0,4,3,0,d,1,25,d,d,s,0,d,14,14,0,7,0,2
I176,s,0,2,1,5,2,1,10,0,0,0,3,0,4,3,0,0,1,25,0,11,s,0,34,14,14,0,7,0,2
2009,s,d,2,1,d,2,1,10,0,0,0,3,0,4,3,0,0,1,25,d,11,s,0,34,14,14,0,7,d,2
2008,s,0,2,1,5,2,d,d,0,0,0,3,0,4,3,0,0,1,25,0,11,s,d,34,14,14,d,7,0,2
I177,s,0,0,1,5,0,1,10,0,0,0,3,14,4,3,0,20,1,25,0,11,s,0,34,14,0,0,7,0,2
I178,s,0,0,1,5,10,1,10,s,0,0,3,s,4,3,0,20,1,25,0,11,s,0,34,14,0,s,7,0,2
I179,s,0,0,1,5,10,1,10,s,0,0,3,s,4,3,0,20,1,25,0,11,s,0,34,14,0,s,7,0,2
1859,s,0,0,1,5,10,1,10,s,0,0,3,s,4,3,0,20,1,d,0,11,s,d,34,14,0,s,d,s,2
1858,s,0,0,1,d,10,1,10,s,d,0,3,s,4,3,d,20,d,25,0,11,s,0,34,14,0,s,7,0,d
1879,s,d,0,1,d,10,1,10,s,0,0,3,s,4,3,0,20,1,25,0,11,s,s,34,14,0,s,7,11,2
I181,s,10,0,1,5,0,1,10,22,8,0,3,14,4,3,0,20,1,25,0,11,s,0,34,14,0,0,7,0,2
1029,s,10,0,1,5,0,1,d,22,8,0,d,14,4,3,0,20,1,d,0,11,s,4,34,14,d,0,d,d,2
2043,s,10,1,1,5,0,1,10,d,8,d,3,14,4,3,0,20,1,d,0,d,s,d,34,14,0,0,7,0,2
I183,s,0,2,0,21,0,0,10,0,0,0,0,0,4,3,0,0,1,25,0,11,s,0,34,14,0,25,7,0,0
I184,s,0,2,1,21,0,1,10,0,0,0,0,0,4,3,0,0,1,25,0,11,s,0,34,14,0,25,7,89,0
1574,s,0,d,d,21,0,1,10,0,0,1,0,0,4,3,0,0,d,s,0,11,s,3,34,d,0,25,7,89,0
1764,s,14,2,1,d,0,1,10,0,0,1,0,0,4,3,0,0,1,25,18,11,s,d,s,14,0,25,7,s,0
I191,s,0,2,0,21,0,0,10,0,14,0,0,0,4,3,0,0,1,25,8,11,s,0,34,14,0,25,7,0,0
1545,s,10,2,0,21,0,0,d,0,14,d,d,0,4,3,19,21,1,25,8,11,s,4,34,14,0,25,7,0,d
I197,s,0,2,1,21,0,0,10,0,14,0,0,0,4,3,3,0,1,25,8,11,s,0,34,14,0,25,7,0,0
1373,s,0,2,1,21,0,d,10,d,14,0,0,0,4,d,3,0,1,25,d,11,s,0,34,14,0,25,7,d,0
1372,s,0,2,1,21,0,0,10,0,14,1,0,0,4,d,3,0,d,25,8,11,s,0,34,14,0,25,7,0,0
I198,s,0,0,0,0,0,0,10,0,0,0,0,0,0,3,0,9,0,25,0,0,s,0,34,14,0,0,0,0,0
I199,s,0,0,0,0,0,0,10,0,0,0,0,0,0,3,0,9,0,25,0,0,s,0,34,14,0,0,0,0,0
I200,s,0,0,0,0,0,0,10,0,0,0,0,0,0,3,0,9,0,25,0,0,s,0,34,14,0,0,7,0,0
I201,s,0,0,0,0,0,1,10,0,0,0,0,0,0,3,0,9,0,25,26,0,s,0,34,14,0,0,7,0,0
I202,s,0,0,1,0,0,1,10,0,0,0,0,4,0,3,0,9,0,25,26,0,s,0,34,14,0,0,7,0,0
1043,s,0,1,1,0,0,1,10,0,0,0,5,4,0,3,0,9,0,25,26,0,s,0,34,14,0,0,d,0,0
1042,s,0,0,1,0,0,1,10,d,0,0,2,4,0,3,0,d,0,d,26,0,s,0,34,14,0,0,7,0,0
I204,s,0,0,1,0,0,1,10,0,0,0,0,5,0,3,0,9,2,25,26,0,s,s,34,14,0,0,7,7,2
2037,s,0,0,d,0,0,1,10,0,0,0,0,d,0,3,0,d,2,d,26,0,s,s,34,14,0,0,7,7,2
2036,s,0,0,1,0,0,1,10,0,0,0,0,5,0,d,0,9,2,d,26,d,s,s,d,14,0,0,7,7,2
I205,s,0,1,0,8,0,0,10,0,0,0,0,0,0,3,0,9,0,25,0,0,s,3,34,14,0,0,7,0,6
I206,s,0,1,0,8,s,0,10,0,0,0,0,0,0,3,19,9,0,25,0,0,s,3,34,14,0,0,7,0,6
I207,s,0,1,0,8,s,0,10,0,0,0,0,0,0,3,19,9,0,25,0,0,s,3,34,14,0,0,7,0,6
1921,s,0,1,0,8,s,0,10,0,0,0,0,d,0,3,19,9,0,d,0,0,s,3,34,14,0,0,7,0,d
1920,s,0,1,0,8,s,0,10,0,0,0,d,0,0,3,19,9,0,25,0,0,s,3,34,14,0,0,7,d,6
1953,s,0,1,0,8,s,d,d,0,0,0,0,0,0,3,d,9,1,25,d,0,s,3,34,14,0,d,7,0,6
1025,s,0,1,0,d,0,d,10,0,0,0,0,10,0,3,0,d,1,25,0,21,s,3,d,14,0,76,7,0,6
I210,s,0,0,0,0,0,0,10,0,0,0,0,0,0,3,0,9,0,25,0,0,s,0,34,14,0,0,0,0,0
1040,s,0,0,0,9,0,0,d,d,8,1,6,0,0,d,28,9,s,25,s,d,s,0,34,14,d,1,d,0,0
I216,s,0,0,0,20,s,0,10,0,0,1,5,0,0,3,0,9,0,25,0,0,s,0,34,14,0,0,0,0,0
1985,s,0,2,0,20,s,0,10,0,d,d,5,d,0,3,0,9,0,25,0,4,s,4,d,d,19,d,0,0,0
I220,s,0,1,0,20,s,0,10,0,0,1,5,0,19,3,23,9,0,25,0,0,s,0,34,14,0,0,0,0,0
1583,s,0,1,0,20,s,d,10,0,0,1,5,0,19,3,23,9,0,d,0,0,s,0,34,14,0,d,0,0,d
I222,s,0,1,0,20,s,0,10,0,0,1,5,0,19,3,23,9,0,25,21,11,s,1,34,14,0,0,0,0,0
1427,s,0,1,1,20,s,0,10,0,0,1,5,0,19,3,23,9,0,25,21,11,s,1,34,14,0,0,0,0,0
1426,s,0,1,0,20,s,0,10,0,0,1,5,0,19,3,23,d,0,25,d,11,s,d,34,14,0,0,0,0,0
I223,s,0,0,0,0,0,0,10,0,0,0,0,0,0,3,0,9,0,25,0,0,s,0,34,14,0,0,0,0,0
I224,s,0,0,0,0,0,0,10,0,0,0,0,0,0,3,0,9,0,25,0,0,s,0,34,14,0,0,0,0,0
I225,s,0,0,0,0,0,0,10,0,0,0,0,0,0,3,0,9,0,25,0,0,s,4,34,14,0,0,0,0,0
I226,s,0,0,0,0,0,0,10,0,0,0,0,0,0,3,0,9,0,25,0,0,s,4,34,14,0,0,11,0,0
I227,s,0,1,0,0,0,0,10,0,0,0,0,0,0,3,0,9,0,25,19,4,s,4,34,s,0,0,11,0,0
1549,s,0,1,0,0,0,0,10,0,0,0,0,0,0,3,0,d,0,25,19,4,s,4,34,s,0,0,11,0,0
1548,s,0,1,d,0,d,1,10,0,0,1,0,0,0,3,0,9,0,25,d,4,s,4,d,s,0,0,11,0,0
1595,s,12,0,0,d,0,0,10,0,0,1,0,d,0,3,0,d,1,25,0,0,s,4,34,14,0,0,11,0,0
I230,s,0,1,0,0,0,0,10,1,0,0,0,0,0,3,0,9,0,25,0,1,s,4,34,14,0,25,0,0,3
1833,s,0,1,0,d,0,d,10,1,0,0,0,0,d,d,0,9,0,25,d,1,s,4,34,14,0,d,0,0,3
1832,s,0,1,0,0,0,0,10,1,0,1,0,0,0,3,0,9,0,d,0,1,s,4,34,14,0,25,0,d,3
I232,s,0,0,0,0,3,0,10,0,0,0,0,0,0,3,2,9,0,25,0,0,s,0,34,14,0,0,4,0,0
I233,s,0,0,0,0,3,1,10,0,0,0,0,0,0,3,2,9,0,25,0,0,s,0,34,14,0,0,4,0,0
1487,s,0,d,0,0,3,1,s,0,0,0,0,0,0,3,2,9,0,25,0,d,s,0,34,14,0,d,4,0,d
1563,s,0,0,0,10,3,1,10,0,0,d,0,0,0,3,2,9,0,25,3,0,s,0,34,d,d,0,s,0,0
I236,s,0,0,0,0,3,1,10,0,0,0,0,0,0,3,2,9,0,25,0,0,s,0,34,14,0,0,4,0,0
1625,s,0,0,0,s,d,d,10,0,0,0,0,0,0,d,2,9,0,25,0,27,s,d,34,d,0,0,4,0,0
1440,s,0,1,0,5,3,1,10,d,0,0,0,0,0,3,d,9,0,25,0,0,s,3,34,14,0,d,4,0,d
I239,s,27,0,0,0,3,0,10,0,0,0,3,0,19,3,0,9,0,25,0,27,s,0,34,14,25,0,0,0,0
I244,s,27,0,0,0,3,1,10,19,8,0,3,0,19,3,0,9,1,25,0,27,s,3,34,14,25,0,0,0,0
985,s,27,d,0,0,d,d,d,19,8,0,3,0,19,3,0,d,d,25,9,27,s,3,34,14,25,0,0,d,0
2033,s,27,d,0,0,3,1,10,19,d,d,d,0,19,3,0,9,1,25,0,d,s,3,34,14,25,0,0,0,0
I246,s,27,1,0,0,3,0,10,0,0,0,3,0,19,3,0,9,0,25,0,27,s,0,34,14,25,0,8,0,0
I247,s,27,1,0,0,3,0,10,0,2,0,3,0,19,3,0,9,0,25,0,27,s,0,34,14,25,0,8,0,0
2021,s,27,1,1,0,3,0,10,0,2,1,d,0,19,d,0,9,0,25,d,d,s,0,d,14,d,0,d,0,0
1050,s,d,1,0,d,d,0,10,0,2,d,3,0,19,3,0,9,0,d,0,s,s,0,34,14,25,0,8,0,0
1030,s,27,s,1,0,3,0,10,0,0,0,3,0,19,d,0,9,0,25,0,d,s,0,34,14,s,0,8,0,1
I251,1,0,0,0,0,0,0,0,0,0,0,0,10,37,0,0,0,0,0,0,0,s,0,0,0,0,0,0,0,0
I252,1,0,0,0,0,0,0,0,0,0,s,0,10,37,0,0,0,0,0,0,0,s,0,0,0,0,0,0,0,0
I253,1,0,0,0,0,0,4,0,0,0,s,0,10,37,0,0,0,0,0,0,21,s,0,0,0,0,0,4,0,2
I254,1,0,0,0,0,0,4,0,0,0,s,0,10,37,0,0,0,0,0,0,21,s,0,0,0,0,0,4,0,2
I263,1,0,1,1,0,15,4,0,0,8,s,0,10,37,0,0,0,0,s,0,21,s,0,0,12,30,0,4,0,2
I264,1,0,1,1,0,15,4,0,0,8,s,0,10,37,0,0,0,1,s,0,21,s,0,0,12,30,0,4,0,s
1100,1,0,d,d,11,15,4,0,0,8,s,0,d,37,0,0,d,1,s,0,d,s,0,0,12,d,0,s,0,s
1254,1,0,1,d,0,15,d,0,0,d,s,0,10,37,0,d,0,1,s,0,21,s,0,0,12,30,0,4,73,s
I267,1,0,1,1,0,15,4,0,0,8,s,0,10,37,0,0,0,0,s,0,21,s,0,0,12,30,76,4,0,2
I268,1,0,1,1,0,15,4,0,0,8,s,0,10,37,0,3,0,0,s,0,21,s,0,0,12,30,76,4,0,2
1055,d,0,1,1,0,15,4,16,19,8,s,0,10,37,d,3,d,d,s,0,21,s,0,0,12,30,76,4,0,2
1054,1,0,1,1,0,s,4,0,0,8,s,d,d,37,0,3,0,d,s,0,21,s,d,0,12,30,76,4,20,2
I269,1,0,1,1,0,15,4,0,0,8,s,0,10,37,0,0,0,0,s,0,21,s,0,0,12,30,76,4,10,2
1279,1,0,d,1,7,d,d,d,0,8,s,d,10,d,0,0,0,0,s,0,21,s,d,0,12,30,76,4,10,2
1278,1,0,1,d,0,15,d,0,0,8,s,0,10,37,0,0,0,0,s,0,21,s,d,0,12,30,76,4,d,2
I270,1,0,0,0,0,0,4,1,0,0,s,0,10,37,1,0,0,0,0,0,21,s,0,0,0,0,0,4,0,2
I271,1,0,0,0,0,0,4,1,0,0,s,0,10,37,1,0,0,0,0,0,21,s,0,0,13,0,0,4,0,2
1994,1,0,1,d,0,0,4,1,1,0,s,0,10,37,1,0,d,d,0,0,21,s,0,0,d,s,d,4,0,2
I277,1,0,1,0,0,0,4,1,0,0,s,0,10,37,1,0,5,0,0,0,21,s,0,0,13,0,0,4,0,2
1072,1,0,1,0,0,0,4,1,0,0,s,0,d,37,1,0,s,1,0,s,21,s,0,14,13,0,0,4,0,2
1186,1,d,d,0,d,s,4,1,0,8,s,0,10,d,s,0,5,0,0,16,21,s,d,41,13,0,0,4,0,d
I280,1,0,0,0,0,15,4,1,0,5,s,1,10,37,1,0,0,0,0,0,21,s,0,0,0,0,0,4,0,2
I282,1,0,0,0,0,15,4,1,0,5,s,1,10,37,1,0,s,0,0,0,21,s,0,0,4,0,s,4,0,2
1319,d,0,0,0,11,d,4,1,0,5,s,1,10,37,1,0,s,0,0,0,d,s,0,0,4,0,s,4,0,2
1318,1,d,0,d,0,15,4,d,0,5,s,1,10,37,1,0,s,0,0,0,d,s,0,d,4,0,s,4,0,2
I284,1,0,0,0,0,15,4,1,0,5,s,1,10,37,1,0,0,0,0,0,21,s,0,0,0,0,1,4,0,2
1773,1,0,0,0,0,15,d,d,0,5,s,1,10,37,1,0,0,0,0,0,21,s,1,0,0,d,d,4,0,d
1474,d,0,0,0,0,15,4,d,0,5,s,d,10,37,1,0,d,0,0,d,21,s,0,0,0,0,1,4,s,2
I287,1,0,2,0,0,0,4,2,0,0,s,0,10,37,0,0,0,5,0,0,21,s,s,0,0,0,0,4,0,2
I288,1,0,2,0,0,0,4,2,0,0,s,0,10,37,0,0,0,5,0,0,21,s,s,0,0,0,0,4,0,2
I289,1,0,2,0,0,0,4,2,0,0,s,0,10,37,0,0,0,5,0,0,21,s,s,0,0,0,0,4,0,2
I290,1,0,2,0,0,0,4,2,0,0,s,0,10,37,0,0,0,5,0,0,21,s,s,17,s,0,0,4,0,2
I291,1,0,2,0,0,6,4,2,0,0,s,0,10,37,0,0,0,5,2,0,21,s,s,17,s,0,0,4,0,2
1145,1,d,2,0,0,6,4,2,0,d,s,d,10,37,0,0,0,5,2,0,21,s,s,17,s,0,0,4,0,2
1144,1,s,2,0,0,6,4,2,d,0,s,0,10,d,0,0,0,5,2,0,d,s,s,17,s,0,0,4,0,d
1488,1,0,2,0,d,0,4,2,0,0,s,0,10,37,0,0,1,5,0,s,21,s,s,d,s,0,0,4,0,2
I293,1,0,2,0,0,9,4,2,0,0,s,0,s,37,0,0,0,5,0,0,21,s,s,0,0,0,0,4,0,2
I294,1,0,2,0,0,9,4,2,s,0,s,0,s,37,0,0,0,5,0,0,21,s,s,0,0,0,0,4,0,2
1605,1,d,d,0,0,9,4,2,s,0,s,0,s,37,0,0,0,5,0,0,21,s,s,d,d,0,0,4,0,2
1604,d,0,2,0,0,9,4,2,s,0,s,0,s,d,0,0,d,d,0,0,21,s,s,0,0,d,0,4,0,d
I295,1,10,2,0,0,9,4,2,0,0,s,5,s,37,0,0,0,5,0,0,21,s,s,0,0,0,0,4,0,2
1417,1,10,2,0,0,9,d,2,0,0,s,5,s,37,0,0,0,5,0,0,21,s,s,0,0,0,0,4,0,2
1416,d,10,d,0,0,9,4,2,0,0,s,5,s,37,0,0,0,5,d,0,21,s,s,d,0,0,0,4,0,2
1493,1,d,2,0,0,d,4,d,0,1,s,2,10,d,3,0,0,5,0,0,21,s,s,14,0,d,0,d,0,d
I303,1,0,2,0,2,0,4,2,0,0,s,0,10,37,0,0,0,5,0,0,21,s,s,0,0,0,0,4,0,2
I306,1,0,2,0,2,2,4,2,0,14,s,0,10,37,1,0,0,5,0,0,21,s,s,14,s,0,0,4,58,2
1799,1,0,2,0,2,d,4,2,0,14,s,0,10,37,1,0,0,5,0,0,21,s,s,14,s,0,d,4,58,2
1798,1,0,2,0,2,2,4,d,0,14,s,0,d,37,1,23,0,5,0,0,d,s,s,14,s,7,0,4,58,2
I310,1,0,2,0,2,2,4,2,0,0,s,0,10,37,0,27,4,5,0,0,21,s,s,0,0,0,0,4,0,2
I311,1,0,2,0,2,2,4,2,0,0,s,0,10,37,0,27,4,5,0,0,21,s,s,0,0,0,s,4,0,2
1745,1,0,2,d,d,d,4,2,d,0,s,0,10,d,d,s,4,5,0,0,21,s,s,0,d,0,s,4,d,d
1369,1,3,2,0,2,2,4,2,0,0,s,0,d,37,0,27,4,5,d,0,s,s,s,0,0,0,s,4,0,2
I314,1,0,2,0,2,2,4,2,0,0,s,0,10,37,0,27,s,5,0,0,21,s,s,0,0,0,0,4,0,2
1782,d,d,2,d,d,2,4,2,0,8,s,0,10,37,0,27,s,d,0,0,d,s,s,10,0,0,0,4,0,d
1889,1,12,2,1,2,d,4,2,d,0,s,d,10,37,0,27,s,5,8,0,21,s,s,0,d,30,s,4,0,2
I317,1,0,1,0,0,0,0,0,0,0,s,0,10,37,0,0,0,0,0,0,0,s,0,0,0,0,0,0,0,0
I318,1,s,1,0,0,0,s,0,21,0,s,0,10,37,0,0,0,0,0,0,0,s,0,41,0,0,0,0,0,0
I319,1,s,1,0,0,0,s,0,21,0,s,5,10,37,s,0,0,0,0,0,0,s,0,41,0,0,0,0,69,0
I320,1,s,1,0,0,0,s,0,21,0,s,5,10,37,s,0,0,0,0,0,0,s,0,41,0,0,0,0,69,2
I322,1,s,1,0,0,0,s,0,21,5,s,5,10,37,s,0,0,0,25,0,0,s,0,41,s,0,0,0,s,2
1801,1,s,1,0,0,s,s,d,21,5,s,d,d,37,s,0,0,0,25,0,d,s,d,d,s,0,0,0,s,2
1800,1,s,1,0,d,0,s,0,21,5,s,5,10,37,s,0,0,0,25,0,0,s,d,41,s,0,0,0,s,d
I324,1,s,1,1,0,0,s,0,21,0,s,5,10,37,s,0,0,0,0,0,0,s,0,41,0,0,41,0,69,2
I325,1,s,1,1,0,s,s,0,21,0,s,5,10,37,s,0,0,0,0,0,7,s,0,41,0,0,41,0,69,2
1455,1,s,1,d,0,s,s,d,d,0,s,5,10,37,s,0,0,0,0,0,7,s,0,41,0,0,41,d,69,2
1454,1,s,1,1,0,s,s,0,21,d,s,5,10,37,s,0,0,0,d,0,7,s,0,41,0,0,41,0,69,d
I326,1,s,1,1,0,0,s,10,21,0,s,5,10,37,s,0,4,0,0,0,0,s,0,41,0,0,41,0,69,2
1429,1,s,1,d,d,0,s,d,21,0,s,5,10,d,s,0,4,0,0,0,d,s,d,41,0,d,s,0,69,2
1428,d,s,1,1,0,0,s,10,21,0,s,d,10,37,s,0,4,0,d,d,0,s,0,41,0,0,41,0,69,2
I327,1,s,1,0,0,0,s,0,21,0,s,5,10,37,s,19,0,0,0,2,0,s,0,41,0,0,0,0,69,0
1128,1,s,1,0,0,0,s,0,21,6,s,d,10,d,s,19,0,0,0,2,d,s,d,41,0,7,1,0,69,d
I331,1,s,1,0,0,0,s,s,21,0,s,5,10,37,s,19,0,0,0,2,0,s,0,41,0,0,0,0,69,0
1140,1,s,1,0,15,0,s,s,21,0,s,5,d,37,s,19,18,0,0,2,0,s,3,41,0,0,69,0,69,d
1538,1,s,1,0,0,0,s,s,21,5,s,5,10,37,s,d,0,1,0,2,0,s,0,41,0,0,0,0,69,0
I334,1,s,1,0,0,0,s,11,21,s,s,0,10,37,0,0,0,0,0,0,0,s,0,41,0,0,0,0,0,0
I335,1,s,1,0,5,0,s,11,21,s,s,0,10,37,0,0,0,0,0,0,0,s,0,41,0,0,0,0,0,0
I338,1,s,1,0,5,0,s,11,21,s,s,5,10,37,1,0,0,0,0,0,0,s,0,41,0,0,0,0,0,0
1897,d,s,1,0,5,0,s,d,d,s,s,5,10,37,d,0,0,0,0,0,0,s,3,d,0,0,0,0,0,0
1896,1,s,d,0,5,0,s,11,21,s,s,d,10,37,1,0,0,0,0,0,d,s,d,41,0,0,0,0,d,0
I339,1,s,1,0,5,0,s,11,21,s,s,0,10,37,0,0,0,0,26,0,13,s,0,41,0,0,0,0,0,0
1664,d,s,1,0,5,0,s,d,21,s,s,0,d,37,d,0,6,0,26,0,13,s,0,41,0,0,68,7,0,s
I341,1,s,1,0,5,0,s,11,21,s,s,0,10,37,3,0,0,0,26,0,13,s,0,41,0,s,0,0,0,2
1899,1,s,1,0,5,0,s,d,21,s,s,d,10,d,3,0,0,0,26,d,13,s,0,41,0,s,d,0,0,2
1898,1,s,1,0,5,0,s,11,21,s,s,0,10,37,3,0,0,0,26,0,13,s,0,41,0,s,0,0,0,d
I342,1,s,1,0,0,0,s,11,21,s,s,0,10,37,0,0,0,0,0,0,0,s,0,41,0,0,0,0,0,0
I343,1,s,1,0,0,0,s,11,21,s,s,0,10,37,0,0,0,0,0,s,0,s,0,41,0,0,0,0,0,0
1735,1,s,1,0,d,0,s,d,d,s,s,0,10,37,d,0,0,0,0,s,0,s,0,41,0,0,0,d,0,0
1695,1,s,1,0,0,d,s,11,21,s,s,0,10,37,0,0,0,0,5,s,0,s,0,41,0,0,0,0,0,0
I346,1,s,1,0,0,0,s,11,21,s,s,0,10,37,0,0,0,1,0,0,0,s,0,41,0,0,23,11,0,0
1937,1,s,1,0,0,0,s,11,21,s,s,0,10,37,0,0,0,1,0,3,d,s,d,41,d,0,23,11,d,d
1499,d,s,d,0,s,0,s,11,21,s,s,0,10,37,3,0,0,s,25,0,d,s,0,41,4,d,23,11,0,0
I349,1,0,1,0,0,0,0,s,0,0,s,0,10,37,0,0,0,0,0,0,0,s,0,0,0,0,0,0,0,0
I350,1,0,1,0,11,0,0,s,0,0,s,0,10,37,3,0,0,0,0,31,0,s,0,0,0,0,0,0,0,0
I351,1,0,1,0,11,0,0,s,0,0,s,0,10,37,3,13,0,0,0,31,0,s,0,0,0,0,0,0,0,0
I352,1,0,1,0,11,1,0,s,0,0,s,0,10,37,3,13,0,0,0,31,0,s,0,0,0,0,0,11,0,0
1712,1,0,d,0,d,1,d,s,0,0,s,d,10,37,3,13,7,0,0,31,0,s,d,0,12,33,0,s,0,0
1768,1,0,1,s,11,1,d,s,0,0,s,0,10,d,3,13,d,0,0,31,0,s,d,0,0,0,0,d,0,0
I355,1,0,1,0,11,15,1,s,0,0,s,0,10,37,3,13,0,0,0,31,0,s,0,0,4,0,27,0,87,0
I356,1,0,1,0,11,15,1,s,19,2,s,0,10,37,3,13,0,0,0,31,7,s,0,s,4,0,27,0,87,0
1601,d,0,1,0,11,15,1,s,19,2,s,0,10,37,3,13,0,0,d,31,7,s,0,s,4,0,d,0,87,0
1600,1,0,1,0,11,15,1,s,19,d,s,0,10,37,3,d,0,0,0,31,7,s,0,s,4,0,27,0,87,0
1685,1,0,1,0,11,15,1,s,0,0,s,d,10,37,3,13,0,d,0,31,0,s,d,d,4,d,d,0,s,0
I358,1,0,1,0,11,0,0,s,0,0,s,0,10,37,3,0,0,0,0,31,0,s,0,17,0,0,0,11,0,0
I359,1,s,1,0,11,0,1,s,0,0,s,0,10,37,3,0,0,0,0,31,0,s,0,17,0,0,0,11,0,0
1167,1,s,1,0,11,0,1,s,0,0,s,d,d,37,3,0,s,0,0,31,d,s,0,17,0,0,0,11,0,0
I361,1,s,1,0,11,0,1,s,0,0,s,0,10,37,3,0,0,0,0,31,1,s,0,17,0,0,0,11,0,0
1137,1,s,1,0,11,d,1,s,0,9,s,d,10,37,3,0,0,0,0,31,1,s,0,17,0,0,0,11,0,0
1136,1,s,1,0,11,0,1,s,0,0,s,0,10,d,3,0,14,d,0,31,d,s,0,17,d,d,0,d,d,0
1247,1,0,1,d,11,0,0,s,0,0,s,2,d,37,3,0,d,0,s,31,0,s,0,17,16,1,61,11,0,0
I365,1,0,1,0,0,0,0,s,0,14,s,0,10,37,0,0,0,s,0,0,0,s,0,0,0,0,0,0,0,0
I370,1,0,1,1,0,0,0,s,18,14,s,0,10,37,0,0,0,s,0,0,0,s,0,0,0,22,0,5,69,0
1941,1,0,1,1,7,9,0,s,18,14,s,s,10,37,3,0,s,s,0,0,0,s,0,0,d,22,40,5,69,d
1445,1,0,1,1,0,d,0,s,18,14,s,0,10,s,3,0,18,s,0,0,0,s,0,0,0,22,0,5,69,2
I373,1,27,1,0,0,0,0,s,0,14,s,0,10,37,0,0,0,s,20,0,0,s,0,12,0,0,0,0,0,0
I374,1,27,1,0,0,0,0,s,0,14,s,0,10,37,0,0,0,s,20,0,28,s,0,12,0,0,0,7,0,0
I375,1,27,1,0,3,0,0,s,0,14,s,0,10,37,0,0,0,s,20,0,28,s,0,12,0,0,0,7,0,0
1347,d,d,1,0,3,0,d,s,0,14,s,d,10,37,0,0,0,s,20,0,28,s,0,12,0,0,d,7,0,0
1346,1,27,d,0,3,0,0,s,6,14,s,0,10,d,0,0,0,s,20,d,28,s,0,d,0,d,d,7,d,0
I376,1,27,s,1,0,0,0,s,0,14,s,3,10,37,0,14,0,s,20,0,28,s,0,12,0,s,0,7,0,0
1085,1,27,s,1,d,d,d,s,0,14,s,d,10,37,0,14,0,s,20,0,28,s,d,12,0,s,d,7,s,0
1084,1,d,s,1,d,s,d,s,0,14,s,3,10,37,d,14,0,s,20,0,28,s,4,12,0,s,d,7,0,0
I377,1,27,1,0,0,0,0,s,0,14,s,0,10,37,0,0,0,s,20,0,0,s,0,12,0,0,0,0,0,0
I378,1,27,1,0,0,0,1,s,0,14,s,0,10,37,0,9,0,s,20,0,0,s,0,12,0,0,0,0,0,0
1391,1,27,1,d,0,d,1,s,0,14,s,0,10,37,0,d,0,s,20,0,0,s,0,12,d,0,0,d,0,0
1390,1,d,1,0,0,0,d,s,0,14,s,0,10,37,d,d,d,s,d,d,0,s,0,12,0,d,0,0,0,0
1077,1,27,d,0,d,0,0,s,d,14,s,0,10,37,0,0,0,s,20,0,10,s,0,12,0,0,0,d,0,0
I380,1,0,0,0,0,0,0,0,22,0,0,0,10,37,0,0,0,0,0,34,0,s,0,0,0,0,0,0,0,0
I381,1,0,0,0,0,0,0,0,22,13,0,0,10,37,0,0,0,1,25,34,28,s,0,0,0,0,0,0,23,0
I382,1,0,0,0,0,s,0,0,22,13,0,0,10,37,0,0,0,1,25,34,28,s,0,0,0,0,0,0,23,0
I383,1,s,0,0,0,s,0,0,22,13,1,5,10,37,0,0,0,1,25,34,28,s,0,0,0,0,0,0,23,0
I384,1,s,0,0,0,s,0,0,22,13,1,5,10,37,0,0,0,1,25,34,28,s,0,0,0,0,0,0,23,0
I385,1,s,1,0,0,s,0,0,22,13,1,5,10,37,0,0,0,1,25,34,28,s,0,0,0,0,0,0,23,0
1838,1,s,1,0,0,s,d,0,22,d,1,5,10,37,0,s,0,1,25,d,28,s,0,0,0,0,0,0,23,0
I387,1,s,1,0,0,s,0,0,22,13,1,5,10,37,0,0,0,1,25,34,28,s,0,8,0,0,0,0,23,0
1567,1,s,1,d,0,s,d,0,d,d,1,5,d,37,3,0,d,1,25,34,28,s,0,8,0,0,0,0,23,0
1566,1,s,1,d,0,s,0,d,22,13,1,d,10,37,d,0,0,1,25,34,28,s,0,8,d,0,d,0,23,4
I388,1,s,0,0,0,s,1,0,22,13,1,5,10,37,0,0,22,1,25,34,28,s,0,0,0,0,0,0,23,0
1791,d,s,0,0,19,s,1,0,22,13,1,5,10,37,d,0,22,1,d,d,28,s,0,0,14,d,0,d,23,d
I390,1,s,0,0,0,s,1,0,22,13,1,5,10,37,0,0,22,1,25,34,28,s,0,0,0,0,0,0,23,0
1699,1,s,0,0,0,s,1,0,22,13,1,5,10,37,0,0,22,1,25,34,28,s,0,0,0,0,0,0,23,0
1698,1,s,0,0,0,s,1,0,22,d,1,5,10,37,0,0,22,1,25,34,28,s,0,0,0,0,0,0,23,0
I391,1,s,0,0,0,s,0,0,22,13,1,5,10,37,0,0,0,1,25,34,28,s,0,0,0,0,0,0,23,0
1740,1,s,0,0,0,s,0,10,22,13,1,s,10,37,1,0,0,1,25,34,28,s,d,d,s,d,0,0,23,0
I395,1,s,0,0,0,s,0,0,22,13,1,5,10,37,0,0,1,1,25,s,28,s,0,0,0,0,0,0,23,0
1593,1,s,0,0,0,s,0,0,22,13,1,5,10,37,0,d,1,1,25,s,28,s,d,0,0,0,0,0,23,0
1711,d,s,0,0,0,s,0,d,22,13,1,5,10,37,0,0,1,1,25,s,28,s,0,0,0,0,0,0,23,0
I398,1,0,0,0,0,s,0,0,22,13,0,0,10,37,0,0,0,1,25,34,28,s,0,0,0,0,0,0,23,0
I399,1,1,0,0,0,s,0,0,22,13,0,0,10,37,0,0,14,1,25,34,28,s,3,41,0,0,0,0,23,0
I400,1,1,0,0,0,s,0,7,22,13,0,0,10,37,0,0,14,1,25,34,28,s,3,41,0,0,0,0,23,0
1932,1,1,0,0,0,s,0,7,22,13,1,0,d,d,0,0,14,1,25,34,28,s,3,41,0,0,d,0,d,2
1895,1,1,0,0,15,s,0,d,22,13,0,0,10,d,0,3,14,1,25,34,28,s,3,41,d,0,0,0,23,0
I403,1,1,0,0,0,s,0,0,22,13,1,0,10,37,0,0,14,1,25,34,28,s,3,41,0,0,0,0,23,0
1788,1,1,0,0,0,s,0,0,22,d,1,d,10,37,0,d,14,1,25,34,28,s,3,d,d,0,0,11,23,0
1881,1,1,1,0,0,s,0,0,22,13,1,0,10,37,0,0,14,1,25,34,28,s,3,41,0,0,84,0,23,d
I406,1,0,0,1,0,s,0,0,22,13,0,0,10,37,0,0,25,1,25,34,28,s,0,0,14,0,0,0,23,0
1900,1,d,0,1,0,s,0,0,22,13,1,11,10,37,0,d,25,1,25,34,28,s,0,0,14,0,d,0,23,0
1982,1,0,0,1,d,s,0,1,22,d,d,0,10,d,0,0,25,1,d,34,28,s,0,0,d,33,d,0,23,2
I413,1,0,0,1,0,0,0,0,22,13,0,0,10,37,0,0,0,1,25,34,28,s,0,0,0,0,0,11,23,0
I414,1,0,0,1,0,0,0,0,22,13,0,0,10,37,0,0,0,1,25,34,28,s,0,0,0,0,0,11,23,0
I415,1,0,0,1,0,0,0,0,22,13,0,0,10,37,0,0,0,1,25,34,28,s,0,0,0,0,0,11,23,0
I416,1,0,0,1,0,s,0,0,22,13,0,0,10,37,0,0,0,1,25,34,28,s,0,0,17,22,23,11,23,0
1330,1,d,0,1,0,s,0,d,22,13,0,0,d,37,0,9,0,1,25,34,28,s,d,0,17,22,23,11,23,0
1415,1,0,0,1,0,s,0,1,22,13,1,s,10,d,0,d,0,1,d,34,28,s,d,d,17,22,23,11,23,0
I419,1,3,0,1,0,6,0,0,22,13,0,0,10,37,0,0,0,1,25,34,28,s,0,0,0,0,0,11,23,0
1291,d,d,s,1,0,6,d,0,22,13,0,0,d,37,0,0,23,1,25,34,28,s,0,0,0,0,0,11,d,0
1285,1,3,4,1,0,6,0,s,22,d,1,0,10,37,0,0,0,1,25,34,28,s,0,0,0,0,75,d,23,0
I423,1,0,s,1,0,0,0,0,22,13,0,0,10,37,0,0,0,1,25,34,28,s,1,0,0,0,0,11,23,0
1451,1,0,s,1,0,4,0,0,22,13,d,0,10,d,0,0,0,1,d,34,28,s,1,d,0,0,0,11,23,0
1209,d,0,s,1,0,0,0,0,22,13,0,0,10,37,0,0,0,1,25,34,28,s,1,0,0,0,20,11,23,0
I429,1,0,0,1,0,0,0,0,22,13,0,0,10,37,0,0,0,1,25,34,28,s,0,3,0,0,0,11,23,2
I430,1,0,0,1,0,0,0,0,22,13,0,0,10,37,0,0,0,1,25,34,28,s,0,3,0,0,0,11,23,2
I433,1,0,0,1,0,0,0,0,22,13,s,0,10,s,0,0,0,1,25,34,28,s,0,3,14,0,0,11,23,2
1691,1,0,d,1,0,d,0,0,22,13,s,d,d,s,0,0,0,1,25,34,28,s,0,d,14,0,0,11,23,2
1690,1,d,0,1,0,0,0,0,22,13,s,0,10,s,0,0,0,1,25,34,d,s,0,3,14,27,0,11,23,2
I434,1,12,0,1,0,s,1,0,22,13,0,0,10,37,0,0,22,1,25,34,28,s,0,3,0,0,0,11,23,2
1663,d,12,0,1,d,s,1,0,22,13,0,s,10,37,s,20,22,1,25,34,d,s,0,3,0,26,14,11,23,s
1585,1,12,0,d,0,s,1,0,22,13,0,0,10,37,0,0,22,d,25,34,28,s,0,d,0,4,0,11,23,2
I437,1,0,0,1,0,0,0,16,22,13,0,s,10,37,0,0,0,1,25,34,28,s,0,3,0,2,40,11,23,2
1602,1,0,0,d,0,0,0,d,22,d,1,s,10,37,0,d,0,d,25,34,d,s,0,3,7,2,40,11,23,s
1542,d,0,0,d,0,0,0,s,22,13,d,s,10,37,0,s,s,1,25,34,d,s,s,d,d,2,d,11,23,2
I444,1,0,0,0,0,0,0,0,22,0,0,0,10,37,0,0,0,0,0,34,20,s,0,0,0,0,0,0,0,0
I445,1,0,0,0,0,3,0,0,22,0,0,0,10,37,0,0,0,0,0,34,20,s,1,0,0,15,0,0,0,0
I446,1,0,0,0,0,3,0,0,22,0,0,0,10,37,0,0,0,0,0,34,20,s,1,0,0,15,0,0,0,0
I447,1,14,0,0,0,3,0,0,22,0,0,0,10,37,0,0,0,0,0,34,20,s,1,0,0,15,0,0,0,0
1273,1,14,0,0,0,3,1,0,22,0,s,0,10,37,0,3,35,d,0,34,s,s,1,d,0,15,0,0,0,0
1152,1,14,0,0,0,3,0,21,22,0,0,0,10,37,3,4,0,0,0,34,20,s,1,17,8,15,69,7,d,0
I454,1,5,1,0,0,3,0,0,22,0,0,0,10,37,0,0,0,0,0,34,20,s,1,0,0,15,0,0,10,6
1821,1,5,d,0,11,3,0,d,22,0,d,0,s,s,s,0,s,0,0,34,20,s,d,0,0,15,0,0,d,d
I458,1,5,1,0,0,3,0,0,22,0,0,5,10,37,0,0,0,0,0,34,20,s,1,0,0,15,0,0,10,6
I459,1,5,1,0,0,3,0,0,22,0,0,5,10,37,0,0,0,0,0,34,20,s,1,2,0,15,53,0,10,6
2025,1,5,1,0,d,d,0,0,22,0,0,d,10,d,0,0,0,0,0,34,20,s,1,d,0,d,53,0,10,6
2024,1,5,1,0,d,3,0,d,22,d,0,5,10,37,0,0,0,0,d,34,20,s,1,2,0,15,53,0,10,d
1875,1,5,1,1,0,3,1,0,22,0,0,5,10,37,0,0,0,0,0,34,20,s,1,0,0,15,0,0,10,6
I461,1,0,0,0,0,3,0,0,22,0,1,0,10,37,3,0,0,0,0,34,20,s,1,0,0,15,44,0,0,0
I462,1,0,0,0,8,3,0,2,22,0,1,0,10,37,3,0,0,1,0,34,20,s,1,0,0,15,44,0,10,2
1466,1,0,0,0,8,3,0,d,22,0,1,d,10,37,3,0,5,1,0,34,20,s,1,s,12,15,44,8,10,2
I466,1,0,0,0,8,3,0,2,22,0,1,0,10,37,3,0,0,1,2,34,20,s,1,0,0,15,44,0,10,2
1891,1,0,0,0,8,3,0,2,22,0,1,0,d,37,3,0,0,1,2,34,20,s,1,0,16,15,44,0,10,2
1771,1,0,0,d,8,3,0,2,22,0,1,0,10,37,3,0,15,1,d,34,20,s,1,0,0,d,d,0,10,2
I469,1,1,0,0,12,3,0,22,22,8,1,0,10,37,3,0,0,0,0,34,20,s,1,0,0,15,44,0,25,0
I470,1,1,0,0,12,3,0,22,22,8,1,0,10,37,3,0,0,0,0,34,20,s,1,0,0,15,44,0,25,0
1653,1,d,2,0,12,d,0,d,22,8,d,0,s,37,3,0,0,5,0,d,20,s,1,3,0,15,s,0,25,0
I472,1,1,0,0,12,3,0,22,22,8,1,0,10,37,3,0,30,0,0,34,20,s,1,0,0,15,44,0,25,6
1619,1,d,0,0,d,3,0,22,22,8,1,s,10,37,3,0,30,0,d,34,20,s,1,0,19,d,44,0,25,6
1618,1,1,0,0,12,d,0,22,22,8,d,0,10,37,3,0,30,0,0,d,d,s,1,0,0,15,d,0,s,6
I475,1,1,0,0,12,3,0,22,22,8,1,0,s,37,3,9,0,0,0,34,20,s,1,0,10,15,44,0,25,0
1915,1,1,0,0,d,3,0,d,22,8,d,0,s,37,3,9,0,0,0,34,d,s,1,0,10,15,44,0,25,d
1914,1,1,0,0,12,3,0,22,22,8,1,0,s,d,3,9,0,d,0,34,20,s,1,0,10,15,44,0,25,0
I476,1,0,0,1,0,0,0,0,22,14,0,0,10,37,0,0,28,0,26,34,20,s,0,0,0,0,0,0,15,0
I477,1,0,0,1,0,1,0,0,s,14,0,0,10,37,0,0,28,0,26,34,20,s,0,0,0,0,0,0,15,0
I478,1,12,0,1,0,1,1,0,s,14,1,0,10,37,0,0,28,0,26,34,20,s,3,0,0,0,0,s,15,2
1503,1,d,0,1,0,1,d,0,s,14,1,s,10,37,0,0,28,0,26,34,d,s,3,0,0,0,0,s,15,2
I482,1,12,0,1,0,1,1,0,s,14,1,0,10,37,0,0,28,0,26,34,20,s,3,0,0,0,0,s,15,2
1824,1,d,0,1,0,1,1,0,s,14,1,0,10,37,0,6,s,2,26,d,20,s,3,12,0,d,7,s,15,2
1705,1,12,0,1,0,1,1,0,s,d,1,d,10,37,0,0,28,1,26,34,20,s,3,0,0,0,0,s,15,2
I485,1,0,0,1,15,1,0,0,s,14,0,0,10,37,0,3,28,1,26,34,20,s,0,0,0,0,0,0,15,0
I488,1,0,0,1,15,1,0,0,s,14,0,0,10,37,0,3,28,1,26,34,20,s,3,0,0,0,0,0,15,0
1709,1,s,0,1,15,1,0,0,s,d,0,s,d,37,0,3,d,1,26,d,20,s,3,d,0,0,0,0,15,d
1708,1,d,0,1,d,1,0,0,s,14,0,0,10,37,0,3,d,1,26,34,20,s,3,0,0,0,0,0,15,d
I489,1,0,0,1,15,1,0,s,s,14,0,0,10,37,0,3,28,1,26,34,20,s,0,0,0,27,0,0,15,0
1751,d,0,0,1,15,1,0,s,s,14,d,0,d,37,d,d,28,d,26,34,20,s,0,0,0,27,0,0,15,2
1968,1,0,0,1,15,1,0,s,s,14,0,0,d,37,0,3,d,d,26,34,20,s,0,0,16,27,0,0,15,0
I492,1,0,0,1,0,0,0,0,22,14,0,0,10,37,0,0,28,1,26,34,20,s,0,0,0,0,0,8,15,0
I493,1,0,0,1,0,3,0,0,22,14,0,0,10,37,0,0,28,1,26,34,20,s,0,0,0,0,0,8,15,0
I494,1,0,0,1,0,3,0,0,22,14,0,0,10,37,0,21,28,1,26,34,20,s,0,0,0,0,0,8,15,0
1864,1,0,0,1,0,3,0,0,22,14,d,0,10,37,3,21,28,d,d,34,20,s,0,0,0,0,0,8,15,0
1958,1,0,0,1,0,3,0,0,22,14,1,0,10,37,0,d,28,1,26,34,20,s,0,d,0,0,0,8,15,d
I497,1,0,0,1,0,3,0,0,22,14,0,0,10,37,0,0,28,1,26,34,20,s,0,0,0,0,0,8,15,0
1611,1,0,0,1,0,d,0,0,d,14,0,0,10,37,0,0,28,d,26,34,20,s,0,0,d,0,d,8,15,0
1479,1,0,0,1,24,3,0,0,22,14,0,0,10,37,0,0,28,d,26,34,20,s,0,0,0,d,0,d,15,0
I500,1,0,0,1,0,0,0,0,22,14,1,0,10,37,0,0,28,1,26,34,20,s,0,43,0,0,69,8,15,0
2000,1,0,d,1,7,0,1,s,22,d,1,d,10,37,0,0,28,1,26,34,20,s,0,43,0,s,69,8,15,0
I504,1,0,0,1,0,0,0,s,22,14,1,0,10,37,0,0,28,1,26,34,20,s,0,43,0,0,69,8,15,0
I505,1,0,0,1,0,0,0,s,22,14,1,0,10,37,0,0,28,1,26,34,20,s,0,43,0,0,69,8,15,0
1659,1,0,0,1,0,0,0,s,22,d,1,d,10,37,d,0,28,1,26,34,20,s,0,43,0,0,d,8,15,0
1658,1,0,0,1,0,0,d,s,22,14,1,0,10,37,0,0,28,1,26,34,20,s,0,43,0,0,d,8,15,0
1905,1,0,0,1,s,0,d,s,d,14,1,d,10,37,0,0,28,d,26,34,20,s,0,d,0,0,69,8,15,0
I507,s,0,1,0,0,0,2,0,0,0,0,0,0,11,0,0,0,0,0,0,1,s,3,0,0,0,0,0,10,0
I508,s,0,1,0,0,0,2,0,0,0,0,5,0,11,0,0,0,0,0,0,1,s,3,0,0,0,0,0,10,0
I509,s,0,1,0,5,0,2,0,0,0,0,5,0,11,0,23,0,0,0,0,1,s,3,0,0,0,0,0,10,0
I510,s,0,1,0,5,0,2,22,0,14,0,5,5,11,0,23,1,s,0,0,1,s,3,0,0,0,0,0,10,s
I511,s,0,1,0,5,0,2,22,0,14,0,5,5,11,0,23,1,s,0,0,1,s,3,0,0,0,7,0,10,s
I512,s,0,1,0,5,0,2,22,0,14,0,5,5,11,0,23,1,s,0,0,1,s,3,0,0,0,7,0,10,s
I513,s,0,1,0,5,0,2,22,0,14,1,5,5,11,0,23,1,s,0,0,1,s,3,0,0,0,7,0,10,s
I514,s,0,1,s,5,0,2,22,0,14,1,5,5,11,0,23,1,s,0,0,1,s,3,0,0,0,7,0,10,s
I515,s,0,1,s,5,0,2,22,0,14,1,5,5,11,0,23,1,s,0,19,1,s,3,0,0,0,7,0,10,s
1067,s,0,1,s,5,0,2,d,0,14,1,5,5,d,0,23,1,s,0,19,d,s,3,0,0,0,7,0,d,s
1066,s,0,1,s,5,0,2,d,d,14,1,5,5,11,0,23,1,s,0,d,1,s,3,0,d,0,d,0,10,s
1065,s,0,1,s,5,6,d,d,0,d,1,5,5,11,s,23,1,s,d,0,1,s,d,0,d,0,7,0,10,s
1107,s,d,1,0,5,0,2,d,0,d,1,5,5,11,0,23,d,s,0,0,1,s,3,8,1,0,7,0,10,s
I520,s,0,1,0,5,0,2,22,0,14,0,5,5,11,0,23,1,s,0,0,1,s,3,0,0,0,7,0,10,s
I523,s,0,1,0,5,0,2,22,19,14,0,5,5,11,0,23,1,s,0,0,1,s,s,0,0,33,7,0,10,s
1257,s,0,1,0,5,0,2,d,19,14,0,5,5,11,0,23,1,s,0,0,1,s,s,0,0,33,7,0,d,s
1256,s,d,1,d,5,0,d,22,d,14,d,5,5,11,0,23,1,s,0,0,1,s,s,0,0,33,7,0,10,s
1355,s,0,1,1,5,d,2,22,0,14,0,5,d,11,0,d,d,s,0,s,1,s,s,0,d,33,7,0,10,s
I527,s,0,1,0,5,0,2,22,0,14,0,5,5,11,0,23,1,s,0,3,1,s,3,0,0,0,7,0,10,s
I528,s,0,1,0,5,0,2,22,0,14,0,5,5,11,0,23,1,s,0,3,1,s,3,0,0,0,7,6,10,s
1380,s,d,1,d,5,d,2,22,0,14,0,5,5,11,0,23,1,s,0,3,d,s,d,6,0,0,7,6,10,s
I532,s,0,1,1,5,0,2,22,0,14,0,5,5,11,0,23,1,s,0,3,1,s,3,0,0,0,7,6,10,s
1389,s,0,d,d,5,d,d,22,0,14,0,d,5,11,0,23,1,s,d,3,1,s,3,25,0,0,d,6,10,s
1393,s,0,1,1,5,6,2,22,0,14,0,d,5,11,0,23,1,s,0,3,1,s,3,0,0,0,d,6,10,s
I535,s,0,1,0,5,0,2,22,0,14,0,5,5,11,0,23,1,s,0,3,1,s,3,0,0,0,7,0,10,s
I537,s,0,1,0,5,0,2,22,0,14,0,5,5,11,0,23,1,s,26,3,1,s,3,17,0,0,7,7,10,s
1211,s,0,1,d,5,0,d,s,0,14,0,5,5,11,0,23,d,s,26,3,1,s,3,17,0,0,7,7,d,s
1210,s,0,1,0,d,0,2,22,0,14,0,d,5,11,0,s,1,s,26,3,1,s,3,d,0,0,7,7,10,s
1155,s,d,1,d,5,0,2,22,0,14,s,5,5,11,1,23,1,s,0,3,1,s,3,3,0,0,7,0,10,s
I542,s,0,1,0,5,0,2,22,0,14,0,5,5,11,0,23,1,s,0,0,1,s,3,0,0,0,25,0,10,s
1126,s,d,1,0,d,0,2,22,21,14,1,5,5,11,3,23,1,s,20,0,1,s,3,0,s,d,25,0,10,s
I561,s,0,1,0,5,0,2,22,18,14,0,5,5,11,3,23,1,s,0,0,1,s,3,0,0,0,25,0,10,s
I562,s,0,1,0,5,0,2,22,18,14,0,5,5,11,3,23,1,s,0,7,1,s,3,0,0,0,25,0,10,s
1169,s,0,1,0,5,0,2,d,18,d,0,5,5,11,3,23,1,s,0,7,1,s,3,0,10,s,25,d,10,s
I566,s,0,1,1,5,0,2,22,18,14,0,5,5,11,3,23,1,s,0,7,1,s,3,0,0,0,25,0,10,s
1401,s,0,1,d,5,0,2,22,18,14,0,d,5,11,3,23,1,s,0,7,1,s,3,6,0,0,25,3,10,s
1516,s,10,d,1,5,d,2,22,d,14,0,d,d,11,3,23,1,s,25,7,1,s,3,0,0,0,25,0,10,s
I569,s,s,1,0,5,0,2,22,18,14,0,5,5,11,3,23,1,s,0,0,1,s,3,0,0,0,25,0,10,s
I570,s,s,1,1,5,0,2,22,18,14,0,5,5,11,3,23,1,s,0,0,1,s,3,0,0,0,25,0,10,s
I571,s,s,1,1,5,0,2,22,18,14,0,5,5,11,3,23,1,s,0,0,1,s,3,0,0,0,25,0,10,s
1295,s,s,1,1,5,0,2,22,18,14,0,d,d,11,3,23,d,s,d,d,1,s,3,0,0,0,25,0,10,s
1294,s,s,1,1,5,d,2,22,18,14,0,5,5,d,3,d,1,s,0,0,1,s,3,0,d,0,25,d,10,s
1353,s,s,1,1,5,0,2,22,18,14,0,5,5,11,3,23,1,s,s,0,1,s,3,0,17,33,25,0,10,s
I575,s,s,1,0,5,0,2,22,18,14,0,5,5,11,3,23,1,s,0,0,1,s,3,0,0,0,25,0,10,s
1197,s,s,1,0,d,0,2,22,18,14,0,5,5,11,3,23,1,s,0,0,1,s,d,0,0,d,25,0,10,s
1196,s,s,1,0,5,d,2,22,18,d,0,5,5,11,3,23,1,s,0,0,1,s,3,d,0,30,25,0,10,s
I576,s,14,1,0,5,0,2,0,0,0,0,5,0,11,3,23,0,0,0,0,1,s,3,0,1,16,79,s,10,0
I577,s,14,s,0,5,0,2,0,0,0,0,5,0,11,3,23,5,0,0,0,1,s,3,0,1,16,79,s,10,0
I578,s,14,s,0,5,0,2,0,0,0,0,5,0,11,3,23,5,1,0,0,1,s,3,0,1,16,79,s,10,0
I579,s,14,s,0,5,0,s,0,15,2,0,5,0,11,3,23,5,1,0,7,1,s,3,0,1,16,79,s,10,0
I580,s,14,s,0,5,0,s,0,15,2,1,5,0,11,3,23,5,1,0,7,1,s,3,0,1,16,79,s,s,2
I581,s,14,s,0,5,0,s,0,15,2,1,5,0,11,3,23,5,1,0,7,1,s,3,0,1,16,79,s,s,2
1835,s,d,s,0,5,0,s,0,15,2,d,5,0,11,3,23,5,1,0,7,1,s,3,0,1,d,d,s,s,2
1834,s,14,s,0,d,0,s,0,15,2,1,d,0,11,d,23,5,1,0,7,1,s,3,d,1,d,79,s,s,2
1671,s,d,s,1,5,0,s,0,15,2,1,5,d,11,3,23,5,1,0,d,1,s,3,0,1,16,79,s,s,2
I583,s,14,s,0,5,0,s,4,15,2,0,5,0,11,3,23,5,1,0,7,1,s,3,0,1,16,79,s,10,0
I584,s,14,s,0,5,0,s,4,15,2,0,5,0,11,3,23,5,1,0,7,1,s,3,0,1,16,79,s,10,0
1949,s,14,s,d,5,0,s,4,15,2,0,5,0,11,3,d,5,d,27,7,1,s,d,d,1,16,79,s,10,0
1948,s,d,s,0,5,0,s,4,15,d,0,5,0,11,3,d,5,1,0,7,1,s,d,0,1,16,79,s,10,0
I585,s,14,s,1,5,0,s,4,15,2,0,5,0,11,3,23,5,1,0,7,1,s,3,0,1,16,79,s,10,0
1749,s,14,s,1,5,d,s,4,d,2,0,5,0,11,3,d,5,1,0,7,1,s,3,d,1,d,79,s,10,2
1748,s,14,s,1,5,0,s,4,15,d,0,d,0,11,3,23,5,1,d,7,1,s,d,0,1,16,79,s,10,0
I586,s,14,s,0,5,0,2,0,0,0,0,5,0,11,3,23,s,1,0,0,1,s,3,0,1,16,79,s,10,0
1269,s,14,s,1,5,d,2,0,0,0,1,5,0,11,d,23,s,1,0,0,1,s,3,d,1,16,79,s,10,0
I591,s,14,s,0,5,0,2,0,s,0,0,5,0,11,3,23,s,1,0,0,1,s,3,0,1,16,79,s,10,0
1911,s,14,s,0,d,0,2,0,s,0,0,5,0,11,3,23,s,1,0,0,1,s,d,0,1,16,79,s,10,0
1910,s,14,s,0,5,0,2,0,s,0,0,5,0,11,3,23,s,1,d,0,1,s,d,0,1,16,79,s,10,2
I593,s,14,s,0,5,0,2,0,0,0,0,5,0,11,3,23,5,0,0,0,s,s,3,0,1,16,79,s,10,0
I594,s,s,s,0,5,0,2,0,0,0,0,5,0,11,3,23,5,0,0,0,s,s,3,0,1,16,79,s,10,0
I595,s,s,s,0,5,0,2,0,s,0,0,5,17,11,3,23,5,0,0,0,s,s,3,0,1,16,79,s,10,0
1198,s,s,s,0,d,0,2,0,s,0,0,5,17,11,3,s,5,0,21,0,s,s,d,0,1,d,79,s,10,0
I597,s,s,s,0,5,0,2,0,s,0,0,5,17,11,3,23,5,0,0,0,s,s,3,0,1,16,79,s,10,0
2011,s,s,s,d,5,0,2,0,s,8,d,5,17,d,3,23,5,0,2,0,s,s,d,0,d,16,79,s,d,0
2002,s,s,s,0,d,d,2,0,s,0,0,5,17,11,d,d,5,0,0,30,s,s,3,0,1,16,79,s,d,0
I602,s,s,s,s,5,0,s,0,0,0,0,5,0,11,3,23,s,0,0,0,s,s,3,12,1,16,79,s,10,0
1327,s,s,s,s,5,0,s,0,0,0,0,s,0,11,3,23,s,0,0,0,s,s,3,12,1,16,79,s,d,d
1326,s,s,s,s,5,d,s,d,0,0,0,5,0,11,3,23,s,0,0,0,s,s,3,12,1,16,d,s,10,0
I603,s,14,s,0,5,7,2,16,21,0,0,5,0,11,3,23,5,0,0,0,s,s,3,0,1,16,79,s,10,0
I604,s,14,s,0,5,7,2,16,21,0,0,5,0,11,3,23,5,0,0,0,s,s,3,0,1,16,79,s,10,0
1419,s,14,s,d,5,7,2,16,d,0,0,5,0,11,3,d,5,0,0,0,s,s,3,0,1,16,d,s,s,d
1087,s,d,s,0,5,d,d,16,21,d,0,5,d,11,3,23,5,0,0,0,s,s,3,0,1,16,79,s,10,0
1178,s,d,s,0,5,7,2,16,21,0,0,5,7,11,3,23,5,0,d,0,s,s,s,s,1,16,79,s,d,0
I610,s,14,1,0,5,0,2,0,0,0,0,5,0,11,3,23,0,0,0,0,1,s,3,0,1,16,79,s,10,0
I611,s,14,1,0,5,0,2,0,0,1,0,s,0,11,3,23,0,0,0,0,1,s,3,0,1,16,79,s,10,0
I612,s,14,1,1,5,3,2,0,8,1,0,s,0,11,3,23,0,0,8,0,1,s,3,0,1,16,79,s,10,0
I613,s,14,1,1,5,3,2,0,8,1,0,s,0,11,3,23,0,0,8,0,1,s,3,0,1,16,79,s,10,0
I614,s,14,1,1,5,3,2,1,8,1,0,s,0,11,3,23,0,0,8,0,1,s,3,0,1,16,79,s,10,0
1643,s,14,1,1,5,3,2,1,8,1,1,s,0,11,3,23,0,0,8,34,1,s,3,0,1,d,79,s,10,0
1642,s,14,1,1,5,3,2,1,8,1,0,s,0,d,3,23,d,0,8,0,1,s,3,0,1,16,79,s,10,d
1383,s,14,d,1,5,3,2,s,8,1,0,s,20,11,3,23,0,0,8,d,1,s,3,0,1,16,79,s,10,0
I616,s,14,1,1,5,3,2,0,8,1,0,s,0,11,3,23,0,s,8,0,1,s,3,0,1,16,79,s,10,0
1453,s,14,1,d,5,3,2,0,8,1,0,s,0,11,3,23,0,s,8,0,s,s,3,0,1,d,79,s,10,0
1532,s,14,1,s,5,3,2,d,8,d,0,s,0,11,3,23,0,s,8,d,1,s,3,0,1,d,d,s,10,2
1201,s,d,1,0,5,0,2,0,22,d,0,s,0,11,3,d,s,1,5,0,1,s,3,26,1,16,79,s,10,0
I626,s,14,1,0,5,0,2,0,0,0,0,5,0,11,3,23,0,0,0,0,1,s,3,0,1,16,79,s,10,0
I627,s,14,1,0,5,0,2,0,0,0,1,5,0,11,3,23,0,0,0,0,1,s,3,0,1,16,79,s,10,0
I628,s,14,1,0,5,0,2,0,0,0,1,5,0,11,3,23,0,0,0,0,1,s,3,0,1,16,79,s,10,0
1184,s,14,1,0,5,0,d,1,0,0,1,5,0,11,3,23,0,0,0,0,1,s,3,0,1,16,79,s,10,0
1316,s,14,1,0,5,0,2,0,0,0,1,5,0,11,3,23,d,0,0,0,1,s,3,0,d,16,79,s,10,d
1385,s,d,d,0,5,15,d,0,0,8,1,5,d,11,3,23,0,0,25,0,1,s,3,0,1,16,79,s,10,0
I634,s,14,1,0,5,0,2,4,0,0,0,5,0,11,3,23,0,0,0,0,1,s,3,0,1,16,79,s,10,0
1334,s,14,1,0,5,0,2,4,s,0,0,5,10,11,d,23,d,0,0,d,d,s,3,0,1,16,d,s,10,0
I640,s,14,1,1,5,0,2,4,0,s,0,5,0,11,3,23,0,0,0,0,1,s,3,39,1,16,79,s,10,0
1351,s,14,1,1,5,10,2,4,0,s,0,5,0,11,3,23,0,0,0,0,1,s,3,39,1,16,79,s,10,0
1350,s,d,1,1,5,0,2,s,d,s,0,5,0,11,3,d,s,1,0,0,1,s,3,39,1,16,79,s,d,0
I641,s,0,1,0,0,0,2,0,0,0,0,5,0,11,0,0,0,0,0,0,1,s,3,0,0,0,0,0,10,0
I642,s,0,1,0,2,0,2,22,0,2,0,5,10,11,0,0,0,0,0,0,1,s,3,0,0,0,0,0,10,0
I643,s,1,1,1,2,0,2,22,0,2,0,5,10,11,0,33,0,0,0,0,1,s,3,0,0,0,46,0,10,0
I644,s,1,1,1,2,0,2,22,0,2,0,5,10,11,0,33,12,0,0,0,1,s,3,10,0,0,46,0,10,0
I646,s,1,1,1,2,0,2,22,0,2,0,5,10,11,3,33,12,0,0,s,1,s,3,10,0,0,46,0,10,s
I647,s,1,1,1,2,0,2,22,0,2,1,5,10,11,3,33,12,0,0,s,1,s,3,10,0,0,46,0,10,s
1883,s,1,d,1,2,d,d,22,d,2,1,d,10,11,3,33,d,0,0,s,1,s,3,10,17,d,46,0,10,s
1882,s,d,1,1,d,0,2,22,d,2,1,5,d,11,3,33,d,d,0,s,d,s,3,10,0,0,d,0,10,s
1860,s,1,1,1,d,d,2,22,0,2,0,5,10,11,3,33,12,0,0,s,1,s,3,s,d,0,46,0,10,s
I652,s,1,1,1,2,0,2,22,0,2,0,5,10,11,0,33,12,0,0,0,1,s,3,10,0,0,46,0,10,0
I653,s,1,1,1,2,0,2,22,0,2,0,5,10,11,0,33,12,0,0,0,1,s,3,10,0,0,46,0,10,0
1289,s,1,s,d,s,d,2,22,21,2,0,5,d,11,0,33,d,0,d,0,1,s,3,10,0,0,46,0,d,0
1519,s,d,1,1,2,3,2,22,0,2,1,5,10,11,0,33,12,d,d,0,1,s,3,10,0,s,46,0,d,3
I656,s,1,1,1,2,0,s,22,0,2,0,5,10,11,0,33,12,0,0,0,1,s,3,10,0,0,46,s,10,0
I657,s,1,1,1,2,0,s,22,0,2,0,5,10,11,0,33,12,0,0,0,1,s,3,10,0,0,s,s,10,0
1637,s,d,1,d,2,0,s,22,0,2,d,5,10,d,d,33,d,0,0,0,d,s,3,10,0,0,s,s,10,0
1636,s,1,1,d,2,0,s,22,d,2,0,5,10,11,0,33,d,0,0,d,1,s,3,10,0,0,s,s,10,0
1700,s,1,1,d,2,d,s,22,10,2,1,s,10,11,0,33,12,0,0,0,1,s,3,d,0,d,46,s,10,0
I659,s,1,1,1,2,0,2,22,0,2,1,5,10,11,3,33,0,5,0,0,1,s,3,0,0,0,46,0,10,0
I660,s,1,1,1,2,0,2,22,6,2,1,5,10,11,3,33,5,5,0,0,1,s,3,0,0,0,46,0,10,0
I661,s,1,1,1,2,0,2,22,6,2,1,5,10,11,3,33,5,5,0,0,1,s,3,0,0,0,46,0,10,0
I662,s,1,1,1,2,0,2,22,6,2,1,5,10,11,3,33,5,5,0,0,1,s,3,0,0,0,46,0,10,0
1229,s,1,1,1,2,0,2,22,6,d,1,5,10,11,3,33,d,d,0,d,1,s,3,0,0,d,d,0,10,0
1228,s,1,1,1,2,0,2,22,6,2,1,5,d,11,3,33,5,5,0,0,1,s,3,0,0,0,46,0,10,0
I663,s,1,1,1,2,0,2,22,6,2,1,5,10,11,3,33,5,5,0,0,1,s,3,0,13,0,46,0,10,0
1221,s,1,1,1,2,0,2,22,6,2,1,d,10,11,3,d,5,d,0,0,1,s,3,0,13,0,d,0,10,0
1220,s,1,1,1,2,0,2,d,6,2,1,d,10,d,3,33,5,5,0,0,1,s,3,0,13,0,46,0,10,0
1403,s,1,1,1,2,0,2,22,6,2,1,5,10,11,3,33,5,5,2,0,1,s,3,0,0,0,d,d,10,d
I667,s,1,1,1,2,0,2,22,0,2,1,5,10,11,s,33,0,5,0,0,1,s,s,0,0,0,46,0,10,0
I668,s,1,1,1,2,0,2,22,0,2,1,5,10,11,s,33,0,5,0,11,s,s,s,0,0,0,46,0,10,2
1561,s,1,1,1,2,10,2,22,0,2,1,5,d,11,s,33,1,5,d,11,s,s,s,0,0,0,d,0,10,2
I670,s,1,1,1,2,0,2,22,0,2,1,5,10,11,s,33,0,5,0,11,s,s,s,0,0,0,46,0,10,2
1621,s,1,1,1,d,0,2,22,d,2,1,5,10,11,s,33,0,5,0,11,s,s,s,d,0,14,d,0,10,d
1620,s,1,1,1,2,0,d,d,d,2,1,5,10,d,s,33,0,5,0,11,s,s,s,d,0,0,d,0,10,2
I671,s,1,1,1,2,0,2,22,7,2,1,5,10,11,s,33,0,5,0,0,1,s,s,0,0,32,46,8,10,0
1631,s,1,1,1,2,0,2,22,7,2,1,5,10,11,s,33,30,5,d,0,1,s,s,0,0,32,d,8,d,2
1778,s,1,1,d,2,0,2,22,7,2,1,5,d,d,s,33,0,d,0,0,1,s,s,d,0,32,d,8,s,0
I674,s,0,1,0,2,0,2,22,0,2,0,5,10,11,0,0,6,0,0,0,1,s,3,0,0,22,0,0,10,0
I675,s,0,1,0,2,0,2,22,0,2,0,5,10,11,0,0,6,0,0,14,1,s,3,0,0,22,0,0,10,0
I676,s,0,1,0,2,0,2,22,0,2,0,5,10,11,0,0,6,0,0,14,1,s,3,0,14,22,0,0,10,0
I679,s,10,1,0,2,0,2,22,0,2,0,5,10,11,0,11,6,1,0,14,1,s,3,0,14,22,0,0,s,0
1465,s,10,1,0,2,0,2,22,0,2,0,s,10,11,0,d,d,1,0,14,d,s,3,0,14,22,0,8,s,0
1464,s,10,d,0,2,0,2,22,d,2,0,d,10,11,0,11,6,1,0,d,1,s,d,0,14,22,0,0,s,0
I680,s,0,1,0,2,6,2,22,0,2,0,5,10,11,0,0,6,0,0,14,1,s,3,0,14,22,0,0,10,0
1296,s,d,1,1,2,6,2,22,0,2,0,5,10,11,0,0,6,4,0,d,1,s,d,0,14,22,0,0,10,0
1134,s,11,1,0,2,6,2,22,0,2,d,5,10,11,0,0,6,1,d,14,d,s,3,0,14,22,0,d,10,0
I683,s,0,1,0,2,0,2,22,0,2,0,5,10,11,0,0,6,0,26,14,1,s,3,0,12,22,0,8,10,0
I684,s,0,1,0,2,0,s,22,0,2,0,s,s,11,0,0,6,0,26,14,1,s,3,0,12,22,0,8,10,2
I685,s,0,1,0,2,0,s,22,0,2,0,s,s,11,0,0,6,0,26,14,1,s,3,0,12,22,0,8,10,2
1855,s,0,1,0,2,0,s,22,10,d,0,s,s,11,d,0,6,0,26,14,1,s,3,0,12,22,0,8,d,d
1854,s,0,1,0,2,0,s,d,0,s,0,s,s,11,0,0,6,0,26,14,d,s,3,0,12,22,0,8,10,2
1794,s,9,1,d,s,d,s,22,0,2,0,s,s,11,0,0,6,0,26,14,1,s,3,0,12,22,d,s,d,2
I688,s,1,1,0,2,4,2,22,0,2,0,5,10,11,3,3,6,0,26,14,1,s,3,0,12,22,69,8,10,0
1531,s,1,1,0,2,4,2,22,0,2,0,d,10,11,3,3,6,0,s,d,1,s,3,0,d,22,69,8,10,0
1530,s,1,1,0,2,4,2,d,0,2,0,5,10,11,3,d,6,0,26,14,1,s,3,d,12,d,69,8,10,0
I690,s,0,1,0,2,0,2,22,0,2,0,5,10,11,0,0,6,0,0,7,1,s,3,0,16,22,0,0,10,0
I691,s,0,1,0,2,0,2,22,0,2,0,5,10,11,0,0,6,0,0,7,1,s,s,0,16,22,0,0,10,0
I692,s,0,1,0,2,9,2,22,0,2,0,5,10,11,0,0,6,0,0,s,1,s,s,0,16,22,0,8,10,0
1148,s,d,1,1,2,9,2,22,0,2,d,5,10,11,0,0,6,0,d,s,1,s,s,0,16,s,0,8,10,0
1188,s,1,1,d,2,9,2,22,1,2,0,5,10,11,0,26,d,0,0,s,1,s,s,d,16,22,0,8,10,0
1463,s,0,1,1,2,0,d,22,0,2,0,5,d,d,0,0,6,1,0,7,1,s,s,0,d,22,0,d,10,0
I698,s,0,1,0,2,0,2,22,0,2,0,5,10,11,0,0,6,0,0,7,1,s,3,0,16,22,0,0,10,0
I700,s,0,1,0,2,0,2,22,0,2,0,5,10,11,0,0,6,0,0,7,1,s,3,41,16,22,0,0,10,0
1357,s,0,1,0,2,0,2,22,0,2,0,5,10,11,0,0,6,0,0,7,d,s,3,d,16,d,0,0,10,0
1356,s,0,1,0,2,0,d,22,d,d,0,5,10,11,0,s,6,0,0,7,1,s,3,41,d,22,0,0,10,0
I704,s,25,1,0,2,0,2,22,0,2,0,5,10,11,0,0,6,0,0,s,1,s,3,s,16,22,0,0,10,2
1271,s,25,1,0,2,d,2,22,0,d,0,d,d,11,0,d,6,0,0,s,d,s,3,s,16,d,0,0,10,d
1270,s,25,1,1,d,10,2,22,0,2,0,5,10,11,3,d,6,0,0,s,1,s,3,s,16,22,0,0,10,2
I705,s,0,1,0,28,0,2,0,0,0,1,5,0,11,0,0,0,2,0,0,1,s,3,0,0,0,0,0,10,0
I706,s,0,1,0,28,0,2,0,0,0,1,5,0,11,0,0,0,2,0,0,1,s,3,0,0,0,0,0,10,2
I707,s,0,1,0,28,2,2,0,0,0,1,5,0,11,3,24,0,2,5,0,1,s,3,0,0,0,0,0,10,2
I712,s,0,1,0,28,2,2,0,0,0,1,5,0,11,3,24,0,2,5,0,1,s,3,0,0,0,28,0,10,2
I713,s,0,1,0,28,2,2,0,0,0,1,5,10,11,3,24,0,2,5,0,1,s,3,0,0,0,28,0,10,2
1387,s,0,1,0,28,2,2,0,d,d,1,5,10,d,3,24,0,2,5,0,1,s,3,0,0,0,28,0,10,2
1386,s,0,1,0,d,2,2,0,0,0,1,5,10,11,3,24,0,2,5,0,1,s,s,0,d,0,28,0,10,2
1672,s,0,1,0,28,2,2,18,0,8,1,5,4,d,3,24,0,2,d,0,1,s,3,d,0,d,28,0,10,2
I715,s,0,1,0,28,2,2,0,0,0,1,5,0,11,3,24,0,2,5,0,1,s,3,0,0,0,0,0,10,2
1817,s,0,1,0,d,2,2,0,1,0,1,5,0,11,d,24,0,s,5,0,1,s,3,0,12,0,39,0,10,2
I719,s,12,1,0,28,2,2,0,0,0,1,5,0,11,3,24,0,2,5,0,1,s,3,0,0,0,0,0,10,2
I720,s,12,1,0,28,2,2,0,0,0,1,5,0,11,3,24,0,2,5,0,1,s,3,0,0,0,0,0,10,2
1857,s,12,1,0,28,2,2,0,0,0,1,5,0,11,3,24,0,2,5,d,1,s,3,0,0,0,0,0,10,d
1856,s,12,1,0,28,2,2,0,0,0,1,5,0,11,3,d,0,2,5,d,1,s,3,d,d,0,0,7,d,d
1831,s,12,1,1,28,2,2,10,0,0,1,5,0,11,3,24,d,d,d,0,1,s,d,0,0,0,0,0,10,s
I722,s,0,1,0,28,0,2,0,0,0,1,5,0,11,0,0,0,2,0,0,s,s,3,0,0,0,0,11,10,2
I723,s,0,1,0,28,1,2,0,0,0,1,5,0,11,0,0,0,2,0,0,s,s,3,0,15,0,0,11,10,2
I724,s,0,1,0,28,1,2,0,0,0,1,5,0,11,0,0,0,2,0,0,s,s,3,0,15,0,0,11,10,2
1576,s,0,1,d,28,d,2,0,0,0,1,5,0,11,0,0,0,2,0,d,s,s,d,0,15,0,0,11,10,2
1646,s,d,1,0,28,1,2,0,0,0,1,5,d,11,d,0,0,2,0,22,s,s,d,0,15,0,11,11,10,2
I727,s,0,1,0,28,1,2,0,0,0,1,5,1,11,0,0,0,2,0,0,s,s,3,0,15,0,0,11,10,2
1946,s,0,1,0,28,1,2,0,0,0,1,5,1,11,0,d,0,2,0,0,s,s,3,0,15,0,46,11,d,2
2034,s,0,1,0,28,1,2,d,0,0,d,5,d,11,0,0,0,d,s,0,s,s,d,0,d,0,0,11,10,2
I730,s,10,1,0,28,0,2,0,10,0,1,5,0,11,0,19,0,2,0,9,s,s,3,0,0,0,0,11,10,2
1872,s,10,s,0,28,0,2,16,d,8,1,5,5,11,0,19,23,2,0,9,s,s,3,0,d,0,7,11,10,2
2019,s,10,1,1,28,2,2,0,10,0,1,5,0,11,0,19,0,2,0,9,s,s,3,0,0,0,73,11,d,2
I737,s,0,1,0,28,1,2,0,0,0,1,5,0,11,0,0,0,2,0,0,1,s,3,0,0,0,0,0,10,0
I738,s,0,1,0,28,1,2,0,0,0,1,5,s,11,0,0,0,2,23,0,1,s,3,0,0,0,0,0,10,0
I739,s,7,1,0,28,1,2,0,20,0,1,5,s,11,0,0,0,2,23,0,1,s,3,0,0,0,0,0,10,0
I740,s,7,1,0,28,1,2,0,20,0,1,5,s,11,0,0,0,2,23,0,1,s,3,0,0,0,0,s,10,0
1260,s,7,1,1,28,1,2,7,20,0,1,5,s,11,d,d,0,2,23,18,1,s,3,d,2,0,0,s,d,0
I742,s,7,1,0,28,1,2,0,20,0,1,5,s,11,3,0,0,2,23,0,1,s,3,0,0,0,0,s,10,0
1437,s,7,1,0,28,1,2,0,20,0,1,5,s,11,d,0,0,d,23,0,1,s,3,0,0,0,0,s,10,2
1436,s,7,1,d,28,1,2,0,20,0,1,5,s,11,3,d,0,2,23,0,1,s,d,0,d,d,0,s,10,d
I743,s,7,1,0,28,1,2,0,20,0,1,5,s,11,0,0,0,2,23,0,1,s,3,0,0,0,0,0,10,0
I744,s,7,1,0,28,1,2,16,20,0,1,5,s,11,0,0,0,2,23,0,1,s,3,0,0,0,0,0,10,0
1589,s,7,1,0,28,1,2,16,20,0,1,5,s,11,d,0,0,2,d,0,1,s,3,0,0,7,0,0,10,2
1588,s,7,1,0,28,1,d,16,20,0,1,5,s,11,0,0,d,d,23,0,1,s,3,0,0,0,0,0,10,0
I745,s,7,1,0,28,1,2,0,20,0,1,5,s,11,0,0,0,2,23,0,s,s,3,0,17,0,0,0,10,0
1367,s,s,d,0,28,1,2,0,20,0,1,d,s,11,0,0,0,d,23,0,s,s,3,0,17,0,0,0,s,0
1366,s,7,1,0,d,1,2,0,d,0,d,5,s,11,0,s,0,2,23,d,s,s,3,0,17,0,0,d,10,0
I746,s,0,1,0,28,1,2,0,0,0,1,5,s,11,0,29,6,2,s,0,1,s,3,0,0,0,0,0,10,0
I747,s,0,1,0,28,1,2,0,10,0,1,5,s,11,0,29,6,2,s,0,1,s,3,0,0,0,0,0,10,0
I748,s,0,1,0,28,1,2,0,10,0,1,5,s,11,0,29,6,2,s,0,1,s,3,0,0,0,0,0,10,0
1497,s,0,1,d,d,1,d,0,10,0,1,5,s,11,0,29,6,2,s,0,d,s,3,24,d,0,d,0,10,d
1496,s,0,1,0,28,1,2,0,10,0,1,5,s,11,0,29,6,2,s,0,1,s,d,0,d,0,0,0,10,d
1321,s,d,1,0,28,1,2,d,10,0,1,5,s,11,0,29,6,2,s,0,1,s,3,3,d,d,d,0,10,0
1363,s,0,d,s,28,1,2,0,d,14,1,5,s,11,0,29,6,2,s,0,1,s,3,0,0,0,d,11,10,0
I753,s,12,1,0,28,1,2,0,0,0,1,5,0,11,0,0,14,2,0,0,1,s,3,14,0,0,0,0,10,0
I754,s,12,1,0,28,s,2,0,0,0,1,5,0,11,0,20,14,2,0,0,1,s,3,s,23,0,0,0,10,0
I755,s,12,1,1,28,s,2,0,0,0,1,5,0,11,0,20,s,2,0,0,1,s,s,s,23,0,0,0,10,0
1214,s,12,1,1,28,s,2,0,0,0,1,5,7,11,3,20,s,d,0,7,1,s,s,s,23,0,0,0,10,d
1170,s,12,1,1,d,s,2,0,0,8,1,5,0,11,0,20,s,d,2,2,1,s,s,s,23,d,d,0,d,0
1205,s,d,1,0,28,s,2,5,d,0,1,d,1,11,1,20,14,2,d,0,1,s,3,s,23,7,d,8,10,3
I761,s,12,1,0,28,1,2,0,0,0,1,5,0,11,0,0,14,2,0,0,1,s,3,14,0,0,0,0,10,0
I762,s,12,1,0,28,1,2,22,0,1,1,5,0,11,0,0,14,2,0,0,1,s,3,14,0,0,0,0,10,0
1139,s,12,d,0,28,1,2,d,0,d,1,d,0,11,0,d,14,d,0,34,1,s,3,d,0,0,0,0,10,2
1063,s,d,1,d,28,1,2,22,0,1,1,5,5,11,s,d,14,2,0,0,1,s,3,d,0,0,0,0,10,2
I765,s,12,1,0,28,1,2,0,0,0,1,5,0,11,0,0,14,2,0,0,1,s,3,14,0,0,0,0,10,0
I766,s,12,1,0,28,1,2,0,0,14,1,5,0,11,3,0,14,2,0,0,1,s,3,14,0,0,0,0,10,0
1131,s,12,d,0,28,1,2,0,0,14,1,5,0,11,d,0,14,2,0,0,1,s,3,14,0,0,0,0,10,0
1130,s,12,1,d,28,1,2,0,0,14,1,5,0,11,3,0,d,2,0,0,1,s,3,14,0,d,0,6,10,0
I767,s,12,1,0,28,1,2,0,0,0,1,5,0,11,0,0,14,2,0,2,1,s,3,14,0,0,s,0,10,0
1281,s,12,1,0,28,d,2,d,0,0,1,d,0,11,0,0,14,2,20,2,1,s,3,14,0,0,s,0,10,2
1280,s,12,1,0,28,1,d,0,0,0,1,5,0,11,0,0,14,2,0,d,d,s,3,14,0,0,s,0,d,0
I768,s,0,1,0,0,0,2,0,0,0,0,0,0,11,0,0,0,0,0,0,1,s,3,0,0,0,0,0,10,2
I769,s,0,1,0,0,0,2,0,8,0,0,0,0,11,0,0,0,0,0,0,1,s,3,0,0,0,23,0,10,2
I770,s,25,1,0,0,0,2,0,8,0,0,0,0,11,0,0,0,0,0,7,1,s,3,0,s,22,23,11,10,2
I771,s,25,1,1,8,0,2,0,8,0,0,0,0,11,0,0,0,0,0,7,1,s,3,0,s,22,23,11,10,2
I772,s,25,1,1,8,0,2,1,8,0,1,0,0,11,3,0,0,0,0,7,1,s,3,0,s,22,23,11,10,2
I773,s,25,1,1,8,0,2,1,8,s,1,0,0,11,3,0,0,0,24,7,1,s,3,0,s,22,23,11,10,2
I774,s,25,1,1,8,0,2,1,8,s,1,0,0,11,3,0,0,0,24,7,1,s,3,0,s,22,23,11,10,2
I775,s,25,1,1,8,0,2,1,8,s,1,s,0,11,3,0,0,s,24,7,1,s,3,0,s,22,23,11,10,2
1871,s,25,d,1,d,0,2,1,8,s,1,s,d,d,3,0,d,s,24,7,1,s,3,0,s,22,23,11,10,d
1870,s,25,d,1,d,0,d,1,8,s,1,s,0,d,3,0,0,s,24,7,1,s,3,0,s,22,23,11,10,2
1954,s,25,1,1,d,7,2,1,8,s,1,0,7,11,3,d,0,d,24,7,d,s,3,0,s,d,23,11,s,2
I777,s,25,1,1,8,0,2,1,8,s,1,0,0,11,3,0,0,0,24,7,1,s,3,0,s,22,23,11,10,2
I778,s,25,1,1,8,0,2,1,8,s,1,0,0,11,3,0,0,0,24,7,1,s,3,0,s,22,23,11,10,2
1225,s,25,1,1,s,d,2,1,8,s,1,5,0,11,d,0,0,0,24,7,1,s,d,0,s,22,23,11,10,2
1224,s,25,1,1,8,0,2,1,8,s,1,0,7,11,3,0,0,0,24,7,d,s,3,0,s,22,d,11,10,2
1641,s,25,1,1,8,9,2,1,8,s,1,5,0,d,3,s,0,0,24,7,1,s,3,0,s,22,23,11,10,d
I780,s,25,1,1,8,0,2,1,8,0,1,0,0,11,3,0,s,0,0,7,1,s,3,0,s,22,23,11,10,2
I781,s,25,1,1,8,0,2,1,8,0,1,0,0,11,3,0,s,0,0,7,1,s,3,12,s,22,23,11,10,2
1430,s,25,1,1,8,9,2,1,8,0,1,d,0,s,3,0,s,0,0,7,1,s,3,12,s,22,s,11,10,2
1361,s,25,1,1,8,0,d,1,8,0,1,0,0,11,3,6,s,0,0,7,1,s,d,12,s,22,s,11,10,2
1696,s,25,1,1,d,6,d,d,8,0,1,2,0,11,3,0,s,s,0,7,1,s,3,24,s,22,23,11,10,s
I787,s,25,1,1,8,0,2,4,8,0,0,0,0,11,0,0,0,0,0,7,1,s,3,0,s,22,s,11,10,2
I788,s,25,1,1,8,0,2,4,8,0,0,0,0,11,0,0,0,0,0,7,1,s,3,0,s,s,s,11,10,2
I789,s,25,1,1,8,0,2,4,8,0,1,0,0,11,0,0,0,0,0,7,1,s,3,0,s,s,s,11,10,2
1998,s,25,1,1,8,0,2,4,8,0,s,0,0,11,0,0,0,0,0,7,1,s,3,0,s,s,s,11,10,2
998,s,25,1,1,8,d,2,4,8,0,1,0,d,11,0,0,0,d,0,7,1,s,3,0,s,s,s,11,10,2
I791,s,25,1,1,8,0,2,4,8,0,0,0,0,11,3,0,0,0,0,7,1,s,3,0,s,s,s,11,10,2
1721,s,25,d,d,8,0,d,4,8,0,0,0,0,11,3,0,17,0,0,7,1,s,d,d,s,s,s,11,d,d
1917,s,25,1,1,8,0,2,4,8,0,d,s,0,11,d,0,0,0,0,7,1,s,3,0,s,s,s,11,d,2
I794,s,25,1,1,8,0,2,4,8,0,0,0,0,11,3,0,0,1,0,7,1,s,3,0,s,22,s,11,10,2
1021,s,25,1,1,d,2,2,4,8,1,0,10,0,11,3,0,0,1,0,7,1,s,d,s,s,22,s,11,10,2
I796,s,25,1,1,8,0,2,4,8,0,0,0,0,11,3,0,14,1,0,7,1,s,3,0,s,22,s,11,10,2
1836,s,25,1,1,8,0,2,d,8,0,0,0,0,11,3,0,14,1,0,d,1,s,3,2,s,22,s,11,10,2
I798,s,25,1,1,8,0,2,4,8,0,0,0,0,11,3,0,14,1,6,7,1,s,3,0,s,22,s,11,10,2
1939,s,25,d,1,8,d,2,4,8,0,d,d,0,11,3,0,14,1,6,7,1,s,3,0,s,22,s,11,d,2
1938,s,25,1,1,d,0,2,4,8,0,0,d,0,11,3,d,14,1,6,7,1,s,3,d,s,22,s,11,10,2
I799,s,25,1,0,0,0,2,0,8,0,0,0,0,11,0,0,0,1,30,7,1,s,3,0,s,22,23,11,10,2
I800,s,25,1,0,0,0,2,0,8,0,0,0,0,11,0,0,0,1,s,7,1,s,3,0,s,22,23,11,10,2
I801,s,25,1,0,0,0,2,0,8,0,0,0,7,11,0,0,0,1,s,7,1,s,3,0,s,22,23,11,10,2
I802,s,25,1,0,0,0,2,0,8,0,0,3,7,11,0,0,0,1,s,7,1,s,3,0,s,22,23,11,10,2
I803,s,25,1,0,0,0,2,0,8,0,0,3,7,11,0,0,17,1,s,7,1,s,3,0,s,22,23,11,10,2
1845,s,25,1,0,2,0,d,0,d,0,d,3,7,11,d,0,17,1,s,7,1,s,3,0,s,22,23,11,d,2
1844,s,d,1,0,0,0,2,d,8,0,0,3,7,11,d,0,17,1,s,7,1,s,3,0,s,d,23,d,10,2
1775,s,d,d,0,d,0,2,0,8,8,0,3,7,11,0,0,0,1,s,d,d,s,3,d,s,22,23,11,10,2
1500,s,25,s,s,0,1,d,0,d,0,0,0,7,11,0,0,18,d,s,7,1,s,3,3,s,22,23,11,10,s
I808,s,25,1,1,3,0,2,0,8,0,0,0,0,11,0,0,0,1,s,7,1,s,3,0,s,22,23,11,10,2
I809,s,25,1,1,3,0,2,0,8,0,0,0,1,11,3,0,0,1,s,7,1,s,3,0,s,22,23,11,10,2
1813,s,25,d,1,3,0,d,0,8,5,1,0,1,11,3,0,0,1,s,7,1,s,3,0,s,22,d,11,10,d
1823,s,25,s,1,s,0,2,d,8,d,0,0,1,11,3,29,29,1,s,7,1,s,3,0,s,22,23,11,10,2
I812,s,25,1,1,3,0,2,0,8,0,0,0,0,11,0,0,0,1,s,7,1,s,3,0,s,22,23,11,10,2
I813,s,25,1,1,3,0,2,0,8,0,0,0,0,11,0,0,0,1,s,7,1,s,3,0,s,22,23,11,10,2
1925,s,25,1,1,3,0,2,0,8,0,0,0,d,11,0,s,0,1,s,d,1,s,3,0,s,22,d,11,10,2
1924,s,25,1,1,3,0,2,0,8,0,d,0,d,11,0,0,0,1,s,7,1,s,3,0,s,22,23,11,10,2
I814,s,25,1,1,3,0,2,0,8,0,0,5,0,11,0,29,0,1,s,7,1,s,3,0,s,22,23,11,10,2
1993,s,d,1,1,3,0,2,0,8,0,0,5,0,11,0,29,0,1,s,7,1,s,3,d,s,22,23,11,10,2
1992,s,25,d,1,3,0,2,0,8,0,0,5,0,d,0,29,0,1,s,7,1,s,3,0,s,22,23,11,10,2
I815,s,25,1,0,0,0,2,0,8,0,0,0,0,11,0,0,0,1,30,7,1,s,3,0,s,22,23,11,10,2
I816,s,25,1,0,0,0,s,0,8,0,0,0,0,11,0,0,0,1,30,7,1,s,3,0,s,22,23,11,10,2
I817,s,25,1,0,20,9,s,0,8,0,0,0,0,11,0,0,0,1,30,s,1,s,3,0,s,22,23,11,10,2
1919,s,25,1,0,d,9,s,d,8,1,1,0,0,11,0,0,0,d,30,s,1,s,3,0,s,22,s,11,10,d
2027,s,25,1,0,20,d,s,0,8,8,1,0,0,11,0,s,0,d,30,s,d,s,3,0,s,s,23,11,10,2
I820,s,25,1,0,0,0,s,0,8,0,0,0,0,11,3,0,0,1,30,7,1,s,3,0,s,22,23,11,10,2
1967,s,25,1,0,0,s,s,4,s,0,0,0,0,d,3,d,0,1,30,7,1,s,3,0,s,22,23,11,10,2
1851,s,25,1,0,0,s,s,s,d,0,0,0,0,11,d,0,28,1,30,7,1,s,d,0,s,22,d,11,10,2
1707,s,25,1,0,d,10,2,0,8,0,1,0,4,11,d,0,d,1,s,7,1,s,3,0,s,22,23,11,d,2
I830,s,21,1,1,20,0,2,0,8,0,0,0,4,11,s,29,0,0,0,8,1,s,3,0,0,s,23,0,10,s
I831,s,21,1,1,20,0,2,0,8,0,0,0,4,11,s,29,0,0,0,8,1,s,3,0,0,s,23,0,10,s
I832,s,21,1,1,20,0,2,0,8,0,0,0,4,11,s,29,0,0,0,8,1,s,3,0,0,s,23,0,10,s
I833,s,21,1,1,20,0,2,0,8,0,0,0,4,11,s,s,0,0,0,8,1,s,3,0,0,s,23,0,10,s
I834,s,21,1,1,20,0,2,0,8,0,0,s,4,11,s,s,12,2,0,8,1,s,3,0,0,s,23,0,10,s
1515,s,d,s,1,20,0,s,0,8,8,0,s,4,d,s,s,12,d,d,8,1,s,d,0,0,s,23,0,10,s
1686,s,21,1,d,d,10,2,0,8,0,d,s,d,11,s,s,12,2,5,8,1,s,3,0,d,s,23,0,10,s
I837,s,21,1,1,20,0,2,0,8,0,0,0,4,11,s,s,0,0,26,8,1,s,3,0,0,s,23,0,10,s
1730,s,21,1,1,20,d,d,d,8,0,0,d,4,11,s,s,35,0,26,8,1,s,3,0,0,s,23,0,d,s
1679,s,21,1,1,20,0,2,0,8,0,0,0,4,d,s,s,d,d,d,d,1,s,3,0,0,s,23,0,10,s
I840,s,21,1,1,20,0,2,0,8,0,0,0,4,11,s,29,0,0,0,8,1,s,3,0,0,s,23,0,10,s
I841,s,21,1,1,20,15,2,4,8,0,0,0,4,11,s,29,0,0,0,8,1,s,3,0,16,s,23,0,10,s
1676,s,21,1,1,20,d,2,4,d,0,0,0,4,d,s,29,0,0,0,8,1,s,3,0,16,s,23,0,10,s
1753,s,21,1,1,20,15,2,4,d,0,s,0,4,11,s,29,0,1,0,8,1,s,3,0,16,s,d,0,s,s
I844,s,21,1,1,20,0,2,0,8,0,0,0,4,11,s,29,9,0,0,8,1,s,3,0,0,s,23,0,10,s
1614,s,21,1,1,20,0,2,0,8,0,0,0,4,11,s,29,9,0,0,8,1,s,3,0,0,s,23,0,10,s
I846,s,21,1,1,20,0,2,0,8,0,0,0,4,11,s,29,9,0,0,8,1,s,3,0,0,s,23,0,10,s
1681,s,21,1,1,20,0,2,d,8,0,0,0,4,11,s,29,9,0,0,d,1,s,3,0,0,s,23,0,d,s
1680,s,21,1,d,20,0,2,0,8,d,0,0,4,11,s,29,9,0,0,d,1,s,3,d,0,s,23,0,10,s
I847,s,21,1,1,20,0,2,15,8,0,0,0,4,11,s,29,0,0,0,8,1,s,3,0,0,s,23,5,10,s
I848,s,21,1,1,20,0,2,15,8,0,0,0,4,11,s,29,0,0,0,8,1,s,3,0,0,s,23,5,10,s
I849,s,21,1,1,20,15,2,15,8,0,0,3,4,11,s,29,0,0,0,8,1,s,3,0,0,s,23,5,10,s
1634,s,21,1,1,20,15,d,15,8,0,0,3,4,d,s,29,0,0,25,8,1,s,3,d,0,s,23,5,10,s
I851,s,21,1,1,20,15,2,15,8,0,s,3,4,11,s,29,0,0,0,8,1,s,3,8,0,s,23,5,10,s
1777,s,21,1,d,20,d,2,s,8,0,s,3,d,11,s,29,0,0,0,8,1,s,s,8,0,s,23,d,10,s
1776,s,21,1,1,d,15,2,15,8,0,s,3,4,11,s,d,0,d,0,8,1,s,3,8,0,s,23,5,10,s
1344,s,21,1,1,20,10,2,15,d,1,0,0,4,11,s,d,0,0,0,8,d,s,d,0,0,s,23,5,10,s
I855,s,21,1,1,20,0,2,15,8,0,0,1,4,11,s,29,35,0,0,8,1,s,3,0,0,s,23,s,10,s
I857,s,21,1,1,20,0,2,15,8,0,0,1,4,11,s,29,35,0,0,8,1,s,3,0,0,s,23,s,10,s
1573,s,21,1,1,20,0,2,15,8,0,0,1,4,11,s,29,d,0,0,8,1,s,3,0,0,s,23,s,10,s
1572,s,d,1,1,20,0,d,15,8,0,0,1,4,11,s,29,35,0,0,8,d,s,3,0,d,s,23,s,10,s
I859,s,21,1,1,20,0,s,15,8,0,0,1,4,11,s,29,35,0,0,8,1,s,3,0,0,s,23,s,10,s
1756,s,21,1,1,20,0,s,15,8,d,1,1,4,11,s,d,35,d,d,8,1,s,3,0,0,s,23,s,10,s
1570,s,21,1,1,d,0,s,15,8,d,d,1,4,11,s,29,35,0,0,8,d,s,d,0,0,s,23,s,d,s
I862,s,21,1,1,20,6,2,0,8,0,0,0,4,11,s,29,0,0,0,8,1,s,3,0,14,s,23,0,10,s
I863,s,21,1,1,20,6,2,0,8,0,0,0,4,11,s,29,0,0,0,8,1,s,3,0,14,s,23,0,10,s
I864,s,21,1,1,20,6,2,0,8,0,0,0,4,11,s,29,0,0,0,8,1,s,3,0,14,s,23,0,10,s
1264,s,d,1,1,s,6,2,0,8,0,s,0,4,11,s,29,4,0,0,8,1,s,3,0,14,s,23,0,10,s
I868,s,21,1,1,20,6,2,0,8,0,0,3,4,11,s,29,0,0,0,8,1,s,3,0,14,s,23,0,10,s
I869,s,21,1,1,20,6,2,10,8,0,0,3,4,11,s,29,0,0,0,8,1,s,3,0,14,s,s,0,10,s
1117,s,d,1,1,20,6,2,d,8,0,s,3,4,11,s,29,0,0,0,8,1,s,3,0,14,s,s,0,d,s
1116,s,21,1,1,20,6,2,d,8,d,0,3,4,11,s,d,0,1,0,d,d,s,3,0,14,s,s,s,10,s
1123,s,21,d,1,20,6,2,4,8,0,0,3,d,11,s,29,0,d,0,8,1,s,3,0,14,s,23,s,10,s
I871,s,21,1,1,20,6,2,0,8,0,0,0,4,11,s,29,0,0,0,8,1,s,3,0,14,s,23,0,10,s
I872,s,21,1,1,20,6,2,0,8,0,0,0,4,11,s,29,0,2,0,8,1,s,3,0,14,s,23,0,10,s
1422,s,21,1,1,20,6,2,3,8,14,d,0,4,11,s,29,0,2,d,8,1,s,3,d,d,s,23,6,10,s
I874,s,21,1,1,20,6,2,0,s,0,0,0,4,11,s,29,0,2,0,8,1,s,3,0,14,s,23,0,10,s
1553,s,21,1,1,20,6,2,0,s,0,d,d,4,11,s,29,0,d,0,8,1,s,3,0,14,s,23,0,10,s
1552,s,21,d,d,20,6,2,0,s,0,0,0,4,11,s,29,0,d,0,8,1,s,3,0,14,s,23,0,10,s
1759,s,21,1,1,20,6,2,0,8,0,1,5,4,11,s,29,0,0,0,d,1,s,3,d,d,s,23,7,10,s
I878,s,21,1,1,20,6,2,0,8,0,0,0,4,11,s,29,15,0,0,8,1,s,3,0,14,s,23,7,10,s
I879,s,21,1,1,20,6,2,19,8,0,0,0,4,11,s,29,15,0,0,8,1,s,3,0,14,s,23,7,10,s
I880,s,21,1,1,20,6,2,19,8,0,0,0,4,11,s,29,15,1,0,8,1,s,3,0,14,s,23,7,10,s
I881,s,21,1,1,20,6,2,19,8,0,0,0,4,11,s,29,15,1,0,8,1,s,3,0,14,s,23,7,10,s
1761,s,21,1,d,20,d,2,19,8,0,0,0,4,11,s,29,d,1,0,8,d,s,d,0,14,s,d,7,10,s
1760,s,21,1,s,20,6,2,19,s,0,0,0,4,11,s,29,15,1,0,8,d,s,3,0,14,s,23,7,10,s
1738,s,21,1,1,20,6,2,19,8,0,0,0,4,11,s,29,d,d,0,8,1,s,3,0,14,s,23,7,10,s
1923,s,d,1,d,20,6,2,19,8,0,0,0,4,11,s,29,15,2,d,8,1,s,3,s,14,s,23,7,s,s
I886,s,21,1,1,20,6,2,0,s,0,0,0,4,11,s,29,15,1,0,8,1,s,3,0,14,s,23,7,10,s
I887,s,21,1,1,20,6,2,0,s,0,0,0,4,11,s,29,15,1,0,8,1,s,3,0,14,s,23,7,10,s
I888,s,21,1,1,20,6,2,0,s,5,0,2,4,11,s,29,15,1,0,8,1,s,3,0,14,s,23,7,10,s
1597,s,21,1,1,d,d,2,d,s,5,0,2,d,d,s,29,15,1,0,d,1,s,d,0,14,s,23,7,10,s
1596,s,21,1,1,20,6,2,0,s,5,0,d,4,11,s,29,15,1,0,8,1,s,3,0,14,s,d,7,10,s
1433,s,21,1,1,20,d,2,0,s,0,0,0,4,11,s,29,15,d,0,8,1,s,3,d,14,s,23,7,d,s
I890,s,21,1,1,20,6,2,0,s,0,0,0,4,s,s,29,15,1,0,8,1,s,3,0,14,s,23,7,10,s
I891,s,21,1,1,20,6,2,0,s,0,0,5,4,s,s,29,15,1,0,8,1,s,3,0,14,s,23,7,10,s
1869,s,21,1,1,20,6,2,d,s,0,0,5,4,s,s,29,15,d,0,8,1,s,3,0,14,s,23,7,10,s
1868,s,21,1,1,20,6,2,0,s,0,0,5,4,s,s,29,d,1,0,8,1,s,3,0,14,s,23,7,10,s
1826,s,d,d,1,20,6,2,0,s,0,0,0,d,s,s,29,d,1,0,8,1,s,3,5,d,s,23,7,d,s
I893,s,0,1,0,0,0,2,0,0,0,0,0,0,11,0,0,6,0,0,0,1,s,3,0,0,0,0,0,10,2
I894,s,0,1,0,0,12,2,0,0,0,0,0,1,11,0,0,6,0,0,0,1,s,3,0,0,s,7,0,10,2
I895,s,0,1,0,0,12,2,0,0,0,0,0,1,11,0,0,6,0,0,0,1,s,3,0,0,s,7,0,10,2
I896,s,0,1,0,0,12,2,0,0,8,0,0,1,11,0,24,6,0,0,0,1,s,3,0,0,s,7,0,10,2
I897,s,0,1,0,0,12,2,0,0,8,0,0,1,11,0,24,6,0,3,0,1,s,3,0,1,s,7,0,10,2
I898,s,0,1,0,0,12,2,0,0,8,0,0,1,11,0,24,6,0,3,0,1,s,3,0,1,s,7,5,10,2
1438,s,0,1,0,s,12,2,0,0,8,0,0,1,11,s,24,6,0,3,0,1,s,3,0,1,s,7,5,10,2
1227,s,0,1,d,0,12,2,d,d,8,0,1,1,11,d,d,6,0,d,0,1,s,3,0,1,s,7,5,d,2
I901,s,0,1,0,0,12,2,0,0,8,0,0,1,11,0,24,6,0,3,3,1,s,3,0,1,s,7,0,10,2
I902,s,0,1,0,0,12,2,0,0,8,0,0,1,11,0,24,6,0,3,3,1,s,3,0,1,s,7,0,10,2
1243,s,0,1,0,0,12,2,d,0,d,0,5,1,11,0,d,6,0,3,3,d,s,s,0,1,s,7,0,10,2
1242,s,0,1,0,0,d,2,0,d,8,0,0,1,11,0,24,6,0,3,3,1,s,3,0,1,s,7,0,10,d
1329,s,0,1,0,s,12,2,0,0,d,0,2,d,11,0,24,6,0,3,3,1,s,3,0,d,s,7,0,d,2
I904,s,0,1,1,0,12,2,0,0,8,1,0,1,11,0,24,6,0,13,0,1,s,3,0,0,s,7,0,10,2
I905,s,0,1,1,0,12,2,0,0,8,1,0,1,11,2,24,6,0,13,0,1,s,3,0,0,s,7,7,10,2
I906,s,4,1,1,0,12,2,0,0,8,1,0,1,11,2,24,6,0,13,0,1,s,3,0,0,s,7,7,10,2
1397,s,4,1,d,0,12,2,0,0,8,1,5,d,11,2,24,6,0,13,0,1,s,s,0,d,s,7,7,10,2
1396,s,d,1,1,0,12,2,s,0,d,1,0,1,d,2,24,6,0,d,0,d,s,3,0,0,s,7,7,10,2
1249,s,0,1,1,0,12,2,0,0,8,1,2,1,11,2,d,6,d,13,0,1,s,3,0,0,s,d,d,10,d
I909,s,14,1,1,0,s,2,0,0,8,1,0,1,11,0,24,6,1,13,0,1,s,s,0,0,s,7,5,10,2
1781,s,14,1,1,0,s,2,0,0,d,d,0,1,d,0,24,6,1,d,d,1,s,s,0,0,s,7,s,10,2
1780,s,14,1,d,d,s,2,0,0,8,1,0,1,11,d,24,6,1,d,d,1,s,s,0,0,s,7,5,10,2
I911,s,0,1,0,0,12,2,0,0,0,0,5,1,11,0,4,6,1,0,s,1,s,3,0,0,s,7,0,10,2
I912,s,0,1,0,0,12,2,0,7,0,0,5,1,11,0,4,6,1,0,s,1,s,3,0,0,s,7,0,10,2
I913,s,0,1,0,0,12,2,0,7,0,0,5,1,11,0,4,6,1,0,s,1,s,3,0,0,s,7,0,10,2
1494,s,0,1,d,0,12,2,d,7,5,0,5,d,d,0,4,d,d,0,s,d,s,3,0,0,s,7,0,10,d
1692,s,0,1,0,0,d,s,0,7,0,s,5,1,11,0,d,6,1,6,s,1,s,3,0,14,s,7,0,10,2
1556,s,0,1,0,0,12,d,0,7,8,1,5,1,11,0,4,6,d,0,s,1,s,d,0,s,s,7,8,10,s
I919,s,0,1,0,8,12,2,0,0,0,0,5,1,11,0,4,6,1,0,s,1,s,3,0,0,s,7,0,10,2
1277,s,12,1,0,d,12,s,0,0,8,1,5,1,11,0,d,6,1,d,s,1,s,3,d,10,s,7,0,10,2
1803,s,5,1,0,8,12,2,12,0,0,1,d,1,d,1,4,6,1,d,s,d,s,3,0,0,s,7,0,10,2
I926,s,0,1,0,0,12,2,0,0,0,0,0,1,11,0,0,6,0,0,0,1,s,3,0,0,s,7,0,10,2
I927,s,12,1,1,0,12,2,0,0,0,0,0,1,11,0,0,6,0,0,0,1,s,3,0,0,s,7,0,10,2
I928,s,12,1,1,0,12,2,0,24,0,0,0,1,11,0,0,6,0,0,0,1,s,3,0,0,s,7,0,10,2
I929,s,s,1,1,0,12,2,3,24,0,0,0,1,11,0,0,6,0,0,0,1,s,3,0,0,s,7,0,10,2
1842,s,s,1,1,11,12,2,3,d,d,0,0,1,11,0,0,6,d,0,0,1,s,3,0,0,s,7,0,10,d
1926,s,s,1,d,0,d,2,3,24,0,d,d,1,11,0,0,6,0,0,2,1,s,3,0,0,s,d,0,10,2
I932,s,12,1,1,0,12,2,0,24,0,0,0,1,11,0,s,6,0,0,0,1,s,3,0,0,s,7,0,10,2
I933,s,12,1,1,0,12,2,0,24,14,0,0,1,11,0,s,6,0,0,0,1,s,3,0,0,s,7,0,10,2
1849,s,12,1,1,0,12,2,0,24,14,0,0,1,11,d,s,6,0,d,0,1,s,3,6,0,s,7,0,10,2
1848,s,d,1,1,0,12,2,0,d,14,0,0,d,11,s,s,d,0,0,0,1,s,3,0,0,s,7,0,10,2
1877,s,12,1,1,0,12,2,d,24,0,0,d,1,11,0,s,6,0,0,0,1,s,3,0,0,s,7,0,10,2
I935,s,12,1,1,0,12,2,0,0,1,1,5,1,11,0,0,6,s,0,0,1,s,3,0,0,s,7,0,10,2
I936,s,12,1,1,0,12,2,0,0,1,1,5,1,11,0,0,6,s,0,0,1,s,3,0,0,s,7,0,10,2
1961,s,12,1,1,0,d,2,0,0,1,1,5,1,11,d,0,6,s,0,0,1,s,3,0,0,s,7,8,10,2
1990,s,12,1,1,0,12,d,24,0,1,1,5,1,11,0,0,d,s,d,0,1,s,3,0,0,s,7,0,10,2
1956,s,12,1,d,0,12,2,d,0,1,1,5,1,11,0,0,6,s,d,8,1,s,3,0,0,s,d,5,10,d
I942,s,0,1,0,0,12,2,0,7,0,1,0,1,11,0,0,6,0,0,0,1,s,3,0,1,s,7,11,10,2
I943,s,0,1,0,0,12,2,0,7,0,1,0,1,11,0,0,6,0,0,0,1,s,3,0,1,s,7,11,10,2
I944,s,0,1,0,15,12,2,0,7,0,1,s,1,11,0,9,s,0,0,0,1,s,3,0,1,s,7,s,10,2
1716,s,0,d,0,d,12,d,d,7,0,1,s,1,11,0,d,s,4,0,0,1,s,d,0,1,s,7,s,10,2
1912,s,0,1,0,15,12,2,d,7,0,1,s,1,11,0,9,s,0,d,0,1,s,s,0,1,s,7,s,d,d
I947,s,0,1,0,0,12,2,10,7,0,1,0,1,11,0,0,6,1,0,0,1,s,3,9,1,s,7,11,10,2
I948,s,0,1,0,0,12,s,10,7,0,1,0,1,11,0,0,6,1,20,0,1,s,3,9,1,s,7,11,10,2
1645,s,0,1,0,0,12,s,10,7,0,1,0,1,d,d,0,6,1,20,0,1,s,3,9,1,s,7,d,d,2
1644,s,0,1,0,0,12,s,s,7,0,1,0,1,11,0,0,6,1,20,d,1,s,3,9,1,s,7,11,10,2
I949,s,0,s,1,0,12,2,10,7,0,1,0,1,11,0,0,6,1,0,0,1,s,3,9,1,s,7,11,10,2
1617,s,0,s,1,0,12,2,10,7,0,1,0,1,11,0,0,6,1,0,0,1,s,3,9,1,s,7,11,10,2
1616,s,0,s,1,0,12,d,10,d,0,1,d,1,11,0,d,6,1,0,d,d,s,3,9,1,s,7,11,10,2
I950,s,0,1,0,0,12,2,0,7,0,1,0,1,11,0,0,6,1,15,0,1,s,3,43,1,s,7,11,10,2
I951,s,0,1,0,0,12,2,0,7,0,1,0,1,11,0,0,s,1,15,0,1,s,3,43,1,s,7,11,10,2
I952,s,0,1,0,0,12,2,0,7,0,1,0,1,11,0,0,s,1,15,3,1,s,3,43,1,s,7,11,10,2
1629,s,d,1,0,0,12,2,0,d,0,1,0,1,11,0,0,s,1,15,d,1,s,3,d,1,s,7,11,10,2
1628,s,0,1,d,0,d,d,d,7,0,1,0,1,11,0,0,s,1,d,3,1,s,3,43,1,s,d,11,10,2
I953,s,0,1,0,0,12,2,0,7,0,1,0,1,11,0,0,s,1,15,0,1,s,3,43,1,s,7,s,10,2
1929,s,0,1,0,0,12,d,0,7,0,1,0,1,d,d,0,s,1,15,0,1,s,3,43,1,s,7,s,10,2
1928,s,d,1,0,0,12,2,0,7,0,d,0,1,11,0,0,s,1,15,0,d,s,3,d,1,s,7,s,10,2
I956,s,0,1,0,0,12,2,0,7,0,1,0,1,11,0,s,6,1,15,0,1,s,3,43,1,s,s,11,10,2
1863,s,0,1,0,0,12,2,0,7,d,1,0,1,11,0,s,6,1,15,0,1,s,3,43,1,s,s,11,10,2
1862,s,0,1,0,d,12,2,0,7,0,1,0,1,11,0,s,d,1,15,0,1,s,3,43,1,s,s,11,10,2
I957,s,0,1,0,0,0,2,0,0,0,0,0,0,11,0,0,6,0,0,0,1,s,3,0,0,0,0,0,10,2
I958,s,0,1,0,0,0,2,0,0,0,0,0,0,11,0,0,6,0,0,3,1,s,3,0,0,0,0,0,10,2
I959,s,0,1,0,0,0,2,0,0,0,0,0,0,11,0,0,6,0,s,3,1,s,3,0,0,0,0,0,10,2
I964,s,0,1,0,0,0,2,0,0,0,0,0,0,11,0,0,6,0,s,3,1,s,3,0,0,0,79,0,10,2
1074,s,d,1,d,0,0,2,0,0,1,0,0,0,11,0,d,6,0,s,3,1,s,3,0,0,0,79,0,10,2
I966,s,s,1,0,0,0,2,0,0,0,0,0,0,11,0,0,6,0,s,3,1,s,3,0,0,22,79,0,10,2
1061,s,s,1,0,8,0,2,0,0,0,0,0,0,11,s,0,6,0,s,3,1,s,s,d,s,22,79,0,10,2
1060,s,s,1,0,0,0,2,d,1,0,0,d,0,11,0,d,6,1,s,3,1,s,3,0,d,d,79,0,10,d
I967,s,0,1,0,0,0,2,0,0,0,1,0,0,11,0,0,6,0,s,3,1,s,3,0,0,0,0,0,10,2
I968,s,0,1,0,0,0,2,0,0,0,1,0,7,11,0,0,6,0,s,3,1,s,3,0,0,0,0,0,10,2
1473,s,0,d,0,0,8,2,0,0,0,1,5,7,11,0,0,6,0,s,3,d,s,3,0,7,0,0,d,10,2
I970,s,0,1,0,0,0,2,0,0,0,1,0,7,11,0,0,6,0,s,3,1,s,3,0,0,0,0,0,10,2
1581,s,0,1,d,0,d,2,d,0,0,1,0,7,d,0,0,6,0,s,3,1,s,3,d,d,d,0,0,10,2
1580,s,0,1,0,0,0,2,0,0,0,1,7,7,d,0,0,6,0,s,d,1,s,d,d,0,0,0,0,10,2
1315,s,0,1,0,0,15,2,1,0,d,1,d,d,11,s,0,6,0,s,3,1,s,d,0,12,0,d,0,10,2
I974,s,0,1,0,0,11,2,0,0,0,1,0,0,11,0,0,6,0,0,3,1,s,3,0,16,0,0,7,10,2
I975,s,1,1,0,0,11,2,0,0,2,1,0,0,11,0,0,6,0,0,3,1,s,3,0,16,15,0,7,10,2
I976,s,1,1,0,0,11,2,0,0,2,1,3,0,11,0,3,6,0,0,3,1,s,3,10,16,15,69,7,10,2
1308,s,1,1,0,0,d,2,0,0,2,1,3,0,11,0,3,6,d,0,3,1,s,3,10,16,15,69,7,10,2
I978,s,1,1,0,0,11,2,0,0,2,1,3,0,11,0,3,6,1,25,3,1,s,3,10,16,15,69,7,10,2
1613,s,1,1,0,5,d,2,d,0,d,1,3,0,11,0,3,6,d,25,3,1,s,3,d,16,15,69,7,10,2
1612,s,d,1,0,d,d,2,0,d,2,1,3,0,11,d,3,6,1,25,3,1,s,3,10,16,15,69,7,10,2
I979,s,1,1,0,0,11,2,22,0,2,1,0,0,11,0,0,6,0,0,3,1,s,3,0,16,15,0,7,10,2
1512,s,1,1,d,d,11,2,d,0,2,1,d,d,11,3,s,6,0,0,3,1,s,3,0,16,15,0,d,d,2
1703,s,1,1,0,0,11,2,22,d,2,1,0,0,11,0,0,6,0,0,3,1,s,3,0,16,d,0,7,10,2
I982,s,0,1,1,0,11,2,0,0,0,1,0,0,11,0,0,6,1,0,3,1,s,3,0,16,0,0,7,10,2
I985,s,0,1,1,0,11,2,0,s,0,s,0,7,11,0,0,6,1,0,3,1,s,3,45,16,0,0,7,10,2
1633,s,0,d,1,0,11,2,0,s,0,s,0,7,11,0,0,6,1,0,3,1,s,d,45,16,0,0,d,10,2
1632,s,0,1,1,0,11,2,d,s,0,s,0,7,d,0,0,6,1,0,3,1,s,3,45,16,0,0,7,d,2
I986,s,0,1,1,0,11,2,3,0,0,1,0,0,11,0,0,6,1,0,3,1,s,3,0,16,0,0,7,10,2
1258,s,0,1,1,0,d,2,3,0,d,d,0,0,11,d,0,6,1,0,3,1,s,3,0,d,30,0,d,10,2
1591,s,0,1,1,0,11,2,3,0,s,1,0,0,11,0,d,6,1,0,3,d,s,3,0,16,0,0,d,10,d
I989,s,10,1,0,28,0,2,0,0,0,0,0,0,11,0,0,6,0,25,0,1,s,3,0,0,0,0,0,10,2
I990,s,10,1,0,28,0,2,0,0,0,0,0,0,11,0,0,6,0,25,s,1,s,3,0,0,0,0,0,10,2
I991,s,10,1,0,28,0,2,0,0,0,0,0,0,11,0,0,6,0,25,s,1,s,3,0,16,0,0,8,10,2
I994,s,10,1,0,28,1,2,0,s,0,1,1,0,11,0,33,6,0,25,s,1,s,3,0,16,10,0,8,10,2
1231,s,10,d,0,28,1,2,0,s,0,d,1,0,d,0,33,6,0,d,s,d,s,3,0,d,10,0,8,10,2
1230,s,10,1,d,28,1,2,0,s,0,1,d,0,11,0,33,6,d,d,s,1,s,d,d,16,10,0,8,10,2
I996,s,10,1,0,28,0,2,0,0,0,0,0,0,11,0,5,6,0,25,s,1,s,3,0,s,0,0,8,10,2
1509,s,10,1,0,28,0,2,0,0,0,d,d,d,11,0,d,6,0,25,s,1,s,3,3,s,0,d,d,d,2
1508,s,10,1,0,d,0,2,0,0,0,0,0,1,11,0,5,6,d,25,s,1,s,3,0,s,0,0,8,10,2
I998,s,10,1,0,28,0,2,0,0,0,0,2,0,11,0,0,6,5,25,s,1,s,3,0,0,0,0,0,10,2
I1002,s,10,1,0,28,0,2,0,0,s,1,2,0,11,0,0,6,5,25,s,s,s,3,0,0,0,0,0,s,2
1987,s,10,1,1,28,0,2,0,0,s,1,d,0,11,0,0,d,5,d,s,s,s,3,0,0,0,d,d,s,2
1026,s,d,1,d,28,d,2,0,0,s,1,d,0,11,s,0,d,d,25,s,s,s,3,0,0,33,0,0,s,2
I1004,s,10,1,0,28,0,2,0,0,2,0,2,0,11,3,0,6,5,25,s,1,s,3,0,0,30,0,0,10,2
1010,s,10,d,0,28,0,2,4,d,2,1,2,0,11,3,0,s,5,25,s,d,s,3,0,0,30,0,0,10,2
I1008,s,10,1,1,28,0,2,0,0,2,0,2,12,11,3,0,6,5,25,s,1,s,3,0,0,30,0,0,10,2
1979,s,10,1,1,28,d,2,0,0,2,0,2,12,11,3,0,6,5,d,s,1,s,3,0,0,30,0,d,d,2
1978,s,10,1,1,28,0,2,d,0,2,0,2,12,11,3,0,6,5,25,s,1,s,3,0,0,30,0,0,10,d
I1009,s,10,1,1,28,0,2,0,0,0,0,0,0,11,0,0,6,0,25,0,1,s,3,0,0,0,0,0,10,2
I1010,s,10,1,1,28,0,2,0,0,0,0,0,0,11,0,0,6,5,25,0,1,s,3,16,0,0,0,0,10,2
I1011,s,10,1,1,28,0,2,0,0,0,0,0,0,11,3,20,6,5,25,0,1,s,3,16,0,0,0,0,10,2
1304,s,10,1,s,28,6,2,0,0,0,d,0,d,11,3,20,6,5,25,0,1,s,3,16,0,6,0,0,10,2
I1013,s,10,1,1,28,0,2,0,0,0,0,0,0,11,3,20,6,5,25,0,1,s,3,16,0,0,0,0,10,2
1115,s,d,1,d,d,0,2,0,0,d,0,s,0,11,3,20,6,5,25,d,1,s,d,16,0,0,0,0,d,2
1114,s,10,d,d,28,0,2,d,0,d,0,0,0,11,3,20,6,5,25,0,1,s,d,16,14,0,0,0,10,2
I1016,s,10,1,1,28,0,2,0,15,0,0,0,0,11,0,0,6,5,25,0,1,s,3,16,0,0,0,0,10,2
1163,s,10,1,1,28,0,2,0,15,0,d,0,0,d,0,0,6,5,d,0,1,s,3,16,25,d,d,0,10,2
1162,s,10,1,1,28,2,2,0,15,0,0,0,0,11,0,0,6,5,d,0,1,s,3,16,0,d,0,0,10,2
I1017,s,10,1,1,28,0,2,0,0,0,0,0,0,11,0,0,6,0,25,0,1,s,3,0,0,0,0,0,10,2
I1018,s,10,1,1,28,0,2,0,0,0,0,0,0,11,0,0,6,0,25,0,1,s,3,0,0,0,0,0,10,s
1370,s,10,1,1,28,0,d,0,0,d,0,0,0,d,0,33,6,1,25,d,1,s,3,0,d,s,d,d,10,s
1443,s,10,1,1,28,0,2,0,1,0,0,0,0,11,0,0,6,0,25,0,1,s,d,d,4,0,61,0,10,s
I1021,s,10,1,1,28,0,2,0,0,0,0,0,0,11,3,0,6,0,25,0,1,s,3,0,10,0,0,0,10,2
I1022,s,10,1,1,28,6,2,0,0,0,0,0,0,11,3,33,6,0,25,0,1,s,3,0,10,0,0,0,10,2
1097,s,10,1,1,28,6,s,23,0,d,d,d,0,11,3,d,6,0,25,0,1,s,3,24,10,0,0,d,10,2
1096,s,10,1,1,d,6,d,5,0,0,1,0,0,11,3,33,6,0,25,18,1,s,3,d,10,0,76,0,10,d
1336,s,10,1,1,28,0,2,0,d,0,0,0,0,11,3,0,s,5,25,0,1,s,3,0,10,0,21,0,10,2
