cell,r1,r2,r3,r4,r5,r6,r7,r8,r9,r10,r11,r12,r13,r14,r15,r16,r17,r18,r19,r20,r21,r22,r23,r24,r25,r26,r27,r28,r29,r30
I1,0,0,0,0,0,0,0,0,0,0,0,4,0,0,0,0,0,3,0,0,0,0,0,0,0,0,0,0,0,0
I2,s,0,0,18,3,0,0,0,0,0,0,4,0,2,0,0,2,3,0,0,8,0,0,0,0,0,0,0,s,0
I3,s,0,0,18,3,0,0,s,0,0,0,4,3,2,0,0,2,3,0,0,8,0,0,0,0,0,0,0,s,0
I4,s,0,0,18,3,0,0,s,0,0,0,4,3,2,0,0,2,3,0,0,8,0,0,0,0,0,0,0,s,0
I5,s,0,0,18,3,0,0,s,0,0,0,4,3,2,0,0,2,3,0,0,8,0,0,0,0,0,0,0,s,0
I6,s,0,0,18,3,0,0,s,0,0,0,4,3,2,0,0,2,3,0,0,8,0,0,0,0,0,0,0,s,0
I7,s,0,0,18,3,0,0,s,0,0,0,4,3,2,0,0,2,3,11,0,8,0,0,0,0,0,0,0,s,0
I8,s,0,0,18,3,0,0,s,0,0,0,4,3,2,0,0,2,3,11,20,8,0,0,0,0,s,0,0,s,0
I9,s,0,4,18,3,0,0,s,0,0,0,4,3,2,0,2,2,3,11,20,8,0,0,0,0,s,0,0,s,0
1507,s,0,4,18,3,0,0,s,3,0,7,4,3,2,0,2,2,3,11,20,8,0,0,0,0,s,0,0,s,0
I11,s,0,4,18,3,0,0,s,0,4,0,4,3,2,0,2,s,3,11,20,8,0,0,0,0,s,0,0,s,0
1981,s,0,4,18,3,0,0,s,0,d,0,4,d,d,0,2,s,3,11,20,8,0,0,0,0,s,0,0,s,0
1980,s,d,4,18,3,0,0,s,0,4,0,4,3,2,d,2,s,3,11,20,d,0,d,0,0,s,d,0,s,0
I12,s,0,0,18,3,0,0,s,0,0,0,4,3,2,0,0,2,3,11,20,8,0,0,0,0,s,0,0,s,0
1424,s,d,0,18,3,0,s,s,0,0,0,4,3,2,d,0,2,d,11,20,8,0,0,0,0,s,0,d,s,d
1626,s,0,0,18,3,0,0,s,0,0,d,4,3,2,0,0,2,3,11,20,8,0,0,0,0,s,0,0,s,d
I15,s,0,0,18,3,0,s,s,0,0,0,4,3,2,0,0,2,3,11,0,8,0,16,0,1,0,0,9,s,0
1420,s,d,0,18,3,0,s,s,3,d,0,4,3,d,28,0,2,3,s,0,8,0,16,0,1,0,0,d,s,0
I19,s,0,4,18,3,0,s,s,0,0,0,4,3,2,0,0,2,3,11,0,8,0,16,0,1,0,0,9,s,0
1282,s,d,4,18,3,0,s,s,0,1,d,4,3,d,0,0,2,d,11,0,8,0,16,18,1,29,0,9,s,0
1598,s,18,4,18,3,0,s,s,0,0,0,4,3,d,28,0,2,3,11,0,d,0,16,0,1,0,0,d,s,d
I22,s,0,0,18,3,0,0,s,0,0,0,4,3,2,0,0,2,3,0,2,8,0,0,0,0,0,0,0,s,0
I29,s,0,0,18,3,0,3,s,0,0,0,4,3,2,0,0,2,3,11,2,8,0,0,0,0,0,1,0,s,4
1333,s,0,0,d,3,0,3,s,0,d,0,4,3,2,0,0,2,d,11,2,s,0,d,d,0,0,1,0,s,4
1332,s,d,0,18,3,0,d,s,d,0,0,4,3,s,0,0,2,3,11,2,d,0,0,0,0,0,1,0,s,4
I30,s,0,0,18,3,0,0,s,0,0,0,4,3,2,0,0,2,3,9,2,8,0,0,0,0,5,0,0,s,0
1520,s,s,0,18,3,d,12,s,0,d,4,4,d,2,0,0,d,3,9,2,8,0,0,0,12,5,1,0,s,0
I34,s,s,0,18,3,0,0,s,0,0,0,4,3,2,4,2,2,3,9,2,8,0,0,0,7,5,0,6,s,0
1490,s,s,0,18,3,0,0,s,0,0,0,4,3,2,4,2,2,3,9,2,8,0,11,0,7,5,0,6,s,0
1754,s,s,0,18,3,d,0,s,0,0,0,4,3,2,4,2,2,d,9,2,8,0,d,0,7,5,0,6,s,d
I37,s,0,0,18,3,4,0,s,0,0,0,4,3,2,0,0,2,3,0,s,8,0,0,0,0,0,0,0,s,0
I38,s,0,4,18,3,4,0,s,0,0,0,4,3,2,0,0,2,3,0,s,8,30,0,4,0,0,0,0,s,0
I39,s,0,4,18,3,4,0,s,0,0,0,4,3,2,0,2,2,3,0,s,8,30,0,4,0,0,0,0,s,0
1522,s,0,4,18,3,4,0,s,d,0,6,4,3,2,4,d,d,d,0,s,8,30,0,4,0,d,s,0,s,0
I43,s,0,4,18,3,4,0,s,0,0,0,4,3,2,0,2,2,3,0,s,8,30,5,4,0,0,0,0,s,0
1448,s,d,4,18,3,4,12,s,0,0,0,4,3,2,0,2,2,d,0,s,8,30,5,4,0,0,0,0,s,d
1349,s,0,4,18,3,4,0,s,0,4,d,4,3,d,0,2,2,s,0,s,8,30,5,4,0,0,1,25,s,0
I46,s,0,4,18,3,4,0,s,0,0,0,4,3,2,0,0,2,3,0,s,8,30,21,4,0,0,0,0,s,0
I47,s,0,4,18,3,4,0,s,0,0,0,4,3,2,0,0,2,3,0,s,8,30,21,4,0,0,0,0,s,0
1052,s,d,4,18,3,4,0,s,0,0,0,4,3,2,0,d,2,3,0,s,8,30,21,4,0,0,0,d,s,0
1192,s,0,d,18,3,4,0,s,0,0,0,4,3,2,0,0,2,3,0,s,8,d,d,4,0,0,3,0,s,0
1125,s,0,4,18,3,4,0,s,0,0,0,4,d,2,0,s,2,3,15,s,8,30,21,4,0,0,0,0,s,0
I54,s,0,0,18,3,4,6,s,0,0,0,4,3,2,0,0,2,3,0,s,8,0,0,0,0,9,0,0,s,0
I55,s,3,0,18,3,4,6,s,0,0,0,4,3,2,0,2,2,3,15,s,8,0,0,0,79,9,1,0,s,0
I57,s,3,0,18,3,4,6,s,0,0,0,4,3,2,0,2,2,3,15,s,8,0,0,0,79,9,1,0,s,0
1119,s,d,0,18,3,4,d,s,0,2,13,4,3,2,0,2,2,3,15,s,8,d,11,0,79,d,1,0,s,d
1118,s,3,0,18,3,d,6,s,0,0,0,4,3,2,0,2,2,3,s,s,8,0,0,0,79,9,1,0,s,0
I59,s,3,0,18,3,4,6,s,0,0,0,4,3,2,0,2,2,3,15,s,8,0,0,0,79,s,1,0,s,0
1410,s,3,4,18,3,4,6,s,0,0,d,d,3,2,0,2,2,3,15,s,d,0,0,3,d,s,1,0,s,0
I61,s,3,0,18,3,4,6,s,0,0,1,4,3,2,0,2,2,3,15,s,8,0,1,0,79,s,1,0,s,0
1483,s,d,s,18,d,4,6,s,0,0,1,d,3,2,0,2,2,3,15,s,8,0,1,0,79,s,1,d,s,d
1482,s,3,0,18,3,d,6,s,d,0,1,4,3,2,0,2,2,d,15,s,8,0,1,0,79,s,1,0,s,d
I62,s,0,0,18,3,4,6,s,2,0,0,4,3,2,0,1,2,3,0,s,8,0,0,0,0,9,0,0,s,0
1404,s,0,0,18,d,d,6,s,2,0,1,4,3,2,0,1,2,3,0,s,8,2,0,d,d,9,0,0,s,d
I66,s,0,0,18,3,4,6,s,2,0,0,4,3,2,0,1,2,3,0,s,8,0,0,0,0,9,0,0,s,0
I67,s,0,0,18,3,4,6,s,2,0,0,4,3,2,0,1,2,3,0,s,8,0,0,0,0,s,0,0,s,6
1457,s,0,0,18,3,4,6,s,2,0,0,4,3,2,d,d,2,d,0,s,8,0,1,0,d,s,0,d,s,6
1456,s,0,0,d,3,d,6,s,2,0,d,4,3,2,d,1,2,3,9,s,8,0,0,0,0,s,d,0,s,6
I68,s,s,0,18,3,4,6,s,2,4,0,4,3,2,0,1,2,3,0,s,8,0,0,0,0,9,0,0,s,0
1339,s,s,0,d,d,4,d,s,2,4,0,4,3,2,0,1,2,3,d,s,8,0,0,0,0,9,0,0,s,0
1338,s,s,0,18,3,4,6,s,2,4,15,4,3,2,0,1,2,3,0,s,8,0,0,0,0,9,0,0,s,d
I69,s,0,0,18,3,0,0,s,0,0,0,4,s,2,0,0,2,3,0,0,8,0,0,0,0,s,0,0,s,0
I70,s,0,0,18,3,0,3,s,0,0,13,4,s,2,0,0,2,3,0,0,8,0,0,0,0,s,0,0,s,0
I71,s,7,0,18,3,0,3,s,0,0,13,4,s,2,0,0,2,3,0,0,8,2,0,0,0,s,0,0,s,0
I72,s,7,0,18,3,0,3,s,0,0,13,4,s,2,0,0,s,3,0,1,8,2,16,0,0,s,0,0,s,0
I75,s,7,0,18,3,0,3,s,0,0,13,4,s,2,0,0,s,3,s,1,8,2,16,0,25,s,0,0,s,0
1151,s,d,0,18,3,0,3,s,0,d,13,4,s,2,0,0,s,3,s,1,8,2,16,0,d,s,0,0,s,d
1150,s,7,0,18,3,0,3,s,0,0,13,d,s,2,0,0,s,3,s,1,8,2,16,0,d,s,1,0,s,0
I76,s,7,0,18,3,0,3,s,0,0,13,4,s,2,0,0,s,3,0,1,8,2,16,0,0,s,0,0,s,0
1158,s,7,d,18,3,0,3,s,4,0,13,4,s,2,0,d,s,3,0,1,8,2,16,0,0,s,0,d,s,d
1253,s,d,0,18,3,4,3,s,0,0,d,4,s,2,26,3,s,d,0,1,8,2,16,d,0,s,0,0,s,0
I79,s,7,0,18,3,0,3,s,0,0,13,4,s,2,0,0,2,3,0,0,8,2,10,0,0,s,0,0,s,0
I82,s,s,0,18,3,4,3,s,1,0,13,4,s,2,0,0,2,3,23,0,8,2,10,0,0,s,0,4,s,0
1719,s,s,0,d,3,4,3,s,1,0,13,4,s,d,0,0,2,3,23,0,8,d,d,0,0,s,0,4,s,0
1718,s,s,0,18,3,4,3,s,1,0,13,4,s,2,0,d,2,3,23,d,8,2,d,0,0,s,d,d,s,d
I83,s,7,0,18,3,0,3,s,0,0,13,4,s,2,0,0,2,3,0,0,8,2,10,0,0,s,0,0,s,0
I84,s,7,0,18,3,0,3,s,0,0,13,4,s,2,0,0,2,3,0,0,8,2,10,13,0,s,0,0,s,0
1111,s,7,0,18,3,0,3,s,0,0,13,4,s,2,0,0,2,3,0,0,8,2,10,d,0,s,0,0,s,0
1110,s,7,0,18,3,0,3,s,0,4,13,4,s,2,0,0,2,3,0,0,8,2,10,13,0,s,0,0,s,0
2028,s,7,0,18,3,0,3,s,0,d,13,4,s,2,0,0,2,3,0,21,d,2,10,0,7,s,0,0,s,0
I87,s,0,0,18,3,0,3,s,0,0,13,4,s,2,0,0,2,3,4,0,8,0,0,0,0,s,0,4,s,0
I88,s,0,0,18,3,0,3,s,0,0,13,4,s,2,0,0,2,3,4,0,8,0,0,0,0,s,0,4,s,0
1191,s,15,4,18,3,4,3,s,0,0,13,4,s,2,0,0,2,3,4,27,8,0,0,0,15,s,1,d,s,d
I92,s,0,0,18,3,0,3,s,0,0,13,4,s,2,0,0,2,3,4,0,8,0,0,0,0,s,0,4,s,0
1262,s,18,2,18,3,0,3,s,0,d,13,4,s,2,7,0,2,3,4,0,8,0,0,0,d,s,0,4,s,0
1376,s,0,0,d,d,0,3,s,0,0,13,d,s,2,0,0,2,3,4,1,8,0,0,0,50,s,0,4,s,0
I95,s,0,0,18,3,4,3,s,0,0,13,4,s,2,0,0,2,3,4,8,8,0,0,0,0,s,0,4,s,0
I96,s,0,0,18,3,4,3,s,0,0,13,4,s,2,0,0,2,3,4,8,8,0,0,0,0,s,0,4,s,0
I97,s,0,0,18,3,4,3,s,0,0,13,4,s,2,0,0,2,3,4,8,8,0,0,0,0,s,0,4,s,0
1251,s,8,0,18,3,d,3,s,0,0,13,4,s,d,0,0,d,3,4,8,8,0,0,0,0,s,0,4,s,0
1250,s,0,0,18,3,4,3,s,0,0,d,4,s,2,0,d,2,3,d,8,8,0,d,0,0,s,0,4,s,0
1078,s,0,4,18,3,4,3,s,d,0,13,4,s,2,0,0,2,3,4,8,8,0,0,d,0,s,0,4,s,d
I99,s,0,0,18,3,4,3,s,0,0,13,4,s,2,0,0,2,3,4,8,8,0,0,0,0,s,1,4,s,0
1172,s,0,0,18,3,4,3,s,0,d,13,4,s,2,d,d,2,3,4,8,8,0,d,0,0,s,1,s,s,0
1407,s,0,0,18,3,4,3,s,0,2,13,d,s,2,d,0,2,3,4,d,8,s,0,0,s,s,1,4,s,14
I102,s,0,0,18,3,0,0,s,s,0,0,4,s,2,0,0,2,3,0,1,8,0,0,0,0,s,0,0,s,0
I103,s,0,0,18,3,0,0,s,s,0,9,4,s,2,0,0,2,3,0,1,8,0,0,0,0,s,0,0,s,0
I104,s,0,0,18,3,0,0,s,s,0,9,4,s,2,0,0,2,3,0,1,8,0,0,0,0,s,0,0,s,0
I105,s,0,0,18,3,0,0,s,s,0,9,4,s,2,0,0,2,3,0,1,8,s,0,0,0,s,0,0,s,0
1972,s,0,0,d,3,0,3,s,s,0,9,4,s,2,0,2,2,3,0,1,8,s,0,23,0,s,0,0,s,0
1058,s,0,2,18,3,0,5,s,s,0,9,4,s,2,24,0,2,3,d,1,8,s,0,0,0,s,1,0,s,0
I113,s,20,0,18,3,0,0,s,s,0,9,4,s,2,0,0,s,3,0,s,8,12,0,0,8,s,s,0,s,0
I114,s,20,0,s,3,4,0,s,s,0,9,4,s,2,0,0,s,3,0,s,8,12,0,0,8,s,s,0,s,0
2045,s,20,0,s,3,4,0,s,s,0,9,4,s,2,d,0,s,d,0,s,d,12,d,0,8,s,s,0,s,0
2044,s,d,0,s,3,4,0,s,s,0,9,4,s,2,d,0,s,3,d,s,8,12,0,0,d,s,s,0,s,0
2030,s,20,0,18,3,0,0,s,s,0,9,d,s,2,d,0,s,d,0,s,8,12,0,0,8,s,s,0,s,0
I120,s,0,0,18,3,0,0,s,s,4,9,4,s,2,0,0,2,3,0,1,8,0,0,0,0,s,0,0,s,5
I121,s,0,0,18,3,0,0,s,s,4,9,4,s,2,0,0,2,3,0,1,8,20,0,0,0,s,0,0,s,5
1023,s,0,0,d,3,0,0,s,s,s,9,4,s,2,s,0,2,3,d,1,8,20,0,0,0,s,d,0,s,d
1022,s,0,d,18,3,0,d,s,s,d,9,4,s,2,0,d,2,3,d,d,8,20,0,0,0,s,0,d,s,5
I123,s,0,0,18,3,0,0,s,s,4,9,4,s,2,0,0,2,3,12,1,s,0,0,0,63,s,1,0,s,5
1965,s,0,0,18,3,0,0,s,s,4,9,d,s,d,0,0,2,3,12,d,s,0,0,0,63,s,d,0,s,5
1964,s,0,0,18,d,0,d,s,s,4,9,4,s,2,0,d,d,3,d,1,s,0,d,0,63,s,1,0,s,5
I124,s,0,0,18,3,0,0,s,s,4,0,4,s,2,1,0,2,3,6,1,8,0,0,0,0,s,0,0,s,0
I125,s,0,0,18,3,0,0,s,s,4,0,4,s,2,1,0,2,3,6,1,8,21,0,0,0,s,0,0,s,0
I126,s,0,0,18,3,0,0,s,s,4,0,4,s,2,s,0,2,3,6,1,s,21,0,0,0,s,0,0,s,0
1300,s,d,d,18,d,0,d,s,s,4,0,4,s,d,s,0,2,3,6,1,s,21,0,0,0,s,0,0,s,0
1133,s,17,d,18,d,0,d,s,s,d,0,d,s,s,s,0,2,3,6,1,s,21,0,0,0,s,d,0,s,d
I131,s,1,4,18,3,0,0,s,s,4,0,4,s,2,1,0,2,3,6,1,8,21,0,0,0,s,0,0,s,0
1727,s,d,4,d,3,0,0,s,s,d,0,d,s,2,1,0,2,3,d,1,8,21,0,0,0,s,0,0,s,d
1726,s,1,4,18,3,0,d,s,s,d,0,4,s,2,1,d,2,3,6,1,8,21,d,0,d,s,0,0,s,0
I132,s,0,4,18,3,0,0,s,s,4,0,4,s,2,1,0,2,3,6,1,8,0,0,0,0,s,0,0,s,0
I133,s,0,4,18,3,0,2,s,s,4,0,4,s,2,1,0,2,3,6,1,8,0,0,0,0,s,0,0,s,0
I134,s,0,4,18,3,0,2,s,s,4,0,4,s,2,1,0,2,3,6,1,8,0,0,0,0,s,0,0,s,0
1095,s,0,4,18,3,d,2,s,s,4,0,d,s,s,1,0,2,3,6,1,8,1,d,d,0,s,0,0,s,0
1094,s,0,4,18,3,0,2,s,s,4,0,4,s,2,1,d,2,d,6,d,8,0,0,0,d,s,2,0,s,0
1044,s,0,d,18,3,4,2,s,s,4,0,d,s,2,d,0,2,d,6,1,8,0,0,0,0,s,0,0,s,13
I138,s,0,4,18,3,0,0,s,s,4,9,4,s,2,1,0,2,3,6,1,8,0,0,0,0,s,2,0,s,14
1081,s,0,4,18,3,0,0,s,s,4,9,4,s,2,1,0,2,3,d,1,8,0,0,d,69,s,2,0,s,d
1080,s,0,d,18,3,0,0,s,s,4,9,4,s,2,1,0,2,3,d,1,8,0,0,0,0,s,2,43,s,14
I139,s,0,0,18,3,0,0,s,0,0,0,4,3,2,0,0,2,3,0,0,8,0,0,0,0,0,3,0,s,0
I140,s,0,4,18,3,0,0,s,0,0,0,4,3,2,0,2,2,3,0,0,8,0,0,0,0,26,3,0,s,0
I141,s,0,4,18,3,0,6,s,0,0,0,4,3,2,0,2,2,3,0,0,8,0,0,0,0,26,3,0,s,2
I142,s,0,4,18,3,0,6,s,s,4,0,4,3,2,0,2,2,3,0,0,8,2,0,0,0,26,3,0,s,2
I143,s,0,4,18,3,0,6,s,s,4,0,4,3,2,0,2,2,s,0,0,8,2,0,0,10,26,3,0,s,2
I146,s,s,4,18,3,0,6,s,s,4,0,4,3,2,0,2,2,s,0,0,8,2,2,0,10,26,s,0,s,2
1785,s,s,4,18,3,0,6,s,s,4,0,4,3,2,0,2,2,s,0,0,8,2,2,0,10,26,s,d,s,2
1784,s,s,4,18,3,0,6,s,s,4,0,4,3,d,d,2,2,s,0,0,8,2,2,0,d,26,s,0,s,2
I147,s,0,4,18,3,0,s,s,s,4,0,4,3,2,3,2,2,s,0,0,8,2,0,0,10,26,3,6,s,2
1892,s,0,4,18,3,0,s,s,s,4,12,4,d,d,3,2,2,s,0,0,8,2,d,0,10,26,3,6,s,2
1805,s,0,4,18,3,0,s,s,s,d,0,4,d,2,3,2,2,s,15,0,8,2,0,0,10,26,3,s,s,2
I151,s,0,4,18,s,0,6,s,s,4,15,4,3,2,0,2,2,3,0,8,8,2,0,0,0,s,3,38,s,2
1746,s,d,4,18,s,0,6,s,s,4,15,4,3,2,0,2,2,3,0,8,8,2,0,s,0,s,d,38,s,2
988,s,0,4,18,s,0,d,s,s,4,15,4,3,2,25,2,2,3,d,8,8,2,0,0,0,s,3,38,s,2
I154,s,0,4,18,3,0,6,s,0,0,0,4,3,2,0,2,2,3,0,0,8,0,0,0,0,26,3,0,s,2
I155,s,0,4,18,3,0,6,s,0,0,0,4,3,2,0,2,2,3,12,0,8,22,0,13,0,26,3,0,s,2
I156,s,0,4,18,3,0,6,s,0,0,0,4,3,2,0,2,2,3,12,0,8,22,0,13,0,26,3,0,s,2
1742,s,d,4,18,3,0,6,s,d,d,0,4,d,2,0,2,2,3,12,d,8,22,0,13,49,26,3,0,s,2
976,s,0,4,18,3,0,6,s,0,0,0,4,3,2,0,s,2,3,s,2,8,22,0,13,0,26,3,0,s,2
1724,s,0,4,18,3,0,6,s,d,d,15,4,3,2,0,2,2,3,12,0,d,22,0,13,35,26,3,0,s,2
I161,s,0,4,18,3,0,6,s,0,4,0,4,3,2,0,2,2,3,0,0,8,0,0,0,0,26,3,0,s,2
I162,s,0,4,18,3,0,6,s,0,4,0,4,3,2,0,2,2,3,0,0,8,0,0,0,0,26,3,0,s,2
1365,s,0,4,d,3,0,6,s,0,d,0,4,s,2,0,2,2,d,d,0,8,d,0,0,0,26,3,0,s,2
1669,s,0,4,18,3,0,6,s,0,4,d,4,3,2,0,2,2,3,0,0,8,0,0,3,d,d,3,0,s,2
I167,s,0,4,18,3,s,6,s,0,4,0,4,3,2,0,2,2,3,0,0,8,0,0,18,0,26,3,0,s,2
1667,s,0,4,18,3,s,6,s,0,4,0,4,3,2,0,2,d,3,0,0,8,0,d,18,0,d,3,3,s,2
1666,s,0,4,18,3,s,6,s,0,d,0,4,3,2,0,2,2,3,0,d,d,0,d,d,0,26,3,0,s,d
I168,s,0,4,18,3,0,6,s,0,0,0,4,3,2,4,2,2,3,0,0,8,0,3,0,0,26,3,1,s,0
I169,s,0,4,18,3,0,6,s,0,0,9,4,3,2,4,2,2,3,0,0,8,0,3,0,0,26,3,1,s,0
I170,s,0,4,18,3,0,6,s,0,0,9,4,3,2,4,2,2,3,0,0,8,0,3,0,0,26,3,1,s,0
I171,s,0,4,18,3,0,6,s,0,0,9,4,3,2,4,2,2,3,0,0,8,0,3,0,0,26,3,1,s,0
I172,s,0,4,18,3,0,6,s,0,0,9,4,3,2,4,2,2,3,0,0,8,0,3,0,0,26,3,1,s,0
1815,s,0,4,18,d,0,6,s,0,d,d,4,3,2,d,2,2,3,0,0,8,0,d,0,0,26,3,1,s,0
1814,s,0,4,18,3,0,6,s,0,0,9,4,3,d,4,2,2,3,d,0,8,0,3,0,25,26,3,1,s,0
1887,s,0,4,18,3,d,6,s,0,0,9,d,3,2,4,2,2,3,0,14,d,0,3,0,0,26,3,1,s,0
I176,s,0,4,18,3,0,6,s,0,0,9,4,3,2,4,2,2,3,0,0,8,18,3,0,0,26,3,1,s,0
2009,s,0,4,18,3,0,6,s,0,d,9,d,3,2,d,2,2,3,0,0,8,18,3,0,0,26,3,1,s,0
2008,s,0,4,18,3,0,d,s,0,d,9,4,3,2,4,2,2,3,0,0,d,18,3,0,0,26,3,1,s,0
I178,s,0,4,18,3,0,6,s,0,0,9,4,3,2,4,2,2,3,0,6,8,0,3,0,60,26,3,1,s,0
I179,s,0,4,18,3,0,6,s,0,0,9,4,3,2,4,2,2,3,0,6,8,0,3,0,60,26,3,1,s,0
1859,s,0,4,18,3,0,d,s,0,0,d,4,3,2,4,2,2,3,d,6,d,0,3,0,s,26,d,1,s,0
1858,s,0,4,18,3,0,6,s,0,0,9,d,3,2,4,2,2,s,0,6,8,0,3,0,60,d,d,1,s,0
1878,s,0,4,18,3,0,6,s,d,0,9,d,3,2,4,2,2,d,d,d,d,2,3,0,60,s,3,1,s,0
I183,s,0,4,18,3,s,6,s,0,0,0,4,3,2,4,2,2,3,0,11,8,0,s,13,0,26,3,1,s,0
I184,s,0,4,18,3,s,6,s,0,0,0,4,3,2,4,2,2,3,0,11,8,39,s,13,0,26,3,1,s,0
I185,s,0,4,18,3,s,6,s,0,0,0,4,3,2,4,2,2,3,0,11,8,39,s,13,0,26,3,1,s,31
1575,s,1,4,18,3,s,6,s,d,d,s,4,3,2,4,2,2,3,0,11,8,39,s,13,0,26,3,d,s,31
1714,s,0,4,18,3,s,6,s,3,0,0,4,3,2,4,2,2,d,0,11,8,39,s,13,0,26,3,1,s,31
I189,s,s,4,18,3,s,6,s,0,0,0,4,3,2,4,2,2,3,5,11,8,39,s,13,0,26,3,1,s,0
1765,s,s,4,d,3,s,6,s,0,0,0,4,d,d,4,d,2,3,d,11,8,39,s,13,0,26,d,1,s,0
1764,s,s,4,18,3,s,6,s,0,0,0,d,3,2,4,2,d,3,5,11,8,d,s,13,0,26,3,1,s,0
I191,s,0,4,18,3,s,6,s,0,0,0,4,3,2,4,2,2,3,15,11,8,0,s,13,0,26,3,1,s,0
1544,s,0,4,18,3,s,6,s,0,s,0,4,3,2,4,2,d,s,15,11,d,0,s,13,0,26,3,s,s,d
I195,s,0,4,18,3,s,6,s,0,0,0,4,3,2,4,2,2,3,15,11,8,0,s,13,0,26,3,1,s,6
1536,s,0,4,18,3,s,d,s,0,0,0,4,3,d,4,2,2,3,15,d,d,0,s,s,0,26,3,1,s,6
I197,s,0,4,18,3,s,6,s,0,0,12,4,3,2,4,2,2,3,15,11,8,0,s,13,0,26,3,1,s,6
1373,s,0,d,18,3,s,6,s,4,0,d,d,3,d,d,2,d,3,15,11,8,0,s,13,0,26,d,1,s,d
1372,s,0,d,d,3,s,6,s,2,0,12,4,3,2,4,2,2,3,15,d,8,0,s,13,0,26,3,d,s,d
I198,s,0,0,18,3,0,0,s,0,0,0,4,3,2,0,2,2,3,0,0,8,0,0,0,0,s,3,0,s,0
I199,s,18,0,18,3,0,0,s,0,0,0,4,3,2,0,2,2,3,0,0,8,0,0,0,0,s,3,0,s,0
I200,s,18,0,18,3,0,0,s,0,0,0,4,3,2,0,2,2,3,0,0,8,0,0,22,0,s,3,0,s,0
I201,s,18,0,18,3,0,0,s,0,0,0,4,s,2,0,2,2,3,0,0,8,0,0,22,0,s,3,0,s,0
1043,s,18,4,d,3,d,d,s,0,0,0,s,s,2,8,2,2,3,4,d,8,0,0,22,0,s,3,d,s,d
I203,s,18,0,18,3,0,0,s,0,0,0,4,s,2,0,2,2,3,6,0,8,0,0,22,37,s,3,0,s,0
I204,s,18,0,18,3,0,0,s,0,4,0,4,s,2,0,2,2,3,6,s,8,0,0,22,37,s,3,0,s,0
2037,s,18,d,18,3,0,0,s,0,d,0,4,s,2,0,2,2,3,6,s,8,d,0,22,37,s,3,d,s,0
2036,s,18,0,18,d,0,0,s,0,4,0,4,s,2,0,2,2,3,6,s,8,d,0,d,37,s,3,0,s,0
1056,s,18,0,18,3,0,d,s,0,0,0,4,s,2,0,2,2,3,6,d,8,0,0,22,d,s,s,0,s,0
I205,s,18,4,18,3,0,1,s,0,0,0,4,3,2,0,2,2,3,0,0,8,0,7,22,0,s,3,0,s,0
I206,s,18,4,18,3,0,1,s,0,0,0,4,3,2,22,2,2,3,0,0,8,34,7,22,0,s,3,0,s,0
1920,s,18,d,18,3,0,1,s,0,0,0,4,3,2,d,2,2,3,s,d,8,34,7,22,0,s,d,0,s,d
1953,s,18,s,d,3,0,1,s,d,d,0,4,3,2,22,2,2,3,0,d,8,34,d,22,0,s,3,0,s,0
1025,s,18,4,18,3,s,1,s,0,3,0,4,3,2,0,2,2,3,4,0,8,0,7,22,d,s,3,0,s,0
I210,s,18,0,18,s,0,0,s,3,0,0,4,3,2,0,2,2,3,0,0,8,0,0,23,0,s,3,0,s,0
I211,s,18,0,18,s,4,11,s,3,0,0,4,3,2,0,2,2,3,0,0,8,0,0,23,69,s,3,0,s,0
1040,s,18,0,18,s,4,11,s,3,0,0,4,3,s,d,2,2,3,0,0,8,0,0,d,69,s,3,0,s,0
2012,s,18,4,18,s,4,d,s,3,0,0,4,3,2,0,2,2,3,0,1,8,0,0,23,d,s,3,0,s,d
I216,s,18,4,18,s,0,0,s,3,0,0,4,3,2,0,2,2,3,0,0,8,0,0,23,0,s,3,0,s,0
I217,s,18,4,18,s,0,0,s,3,0,9,4,3,2,0,2,2,3,15,0,8,0,0,23,0,s,3,6,s,0
1648,s,18,4,18,s,0,0,s,3,0,9,4,3,2,0,2,2,3,15,0,8,d,0,23,0,s,3,6,s,0
I219,s,18,4,s,s,0,0,s,3,0,9,4,3,2,0,2,2,3,15,0,8,0,0,23,0,s,3,6,s,0
1985,s,18,4,s,s,0,0,s,3,0,d,4,3,2,0,2,2,3,15,0,8,0,0,23,0,s,3,6,s,0
1984,s,18,d,s,s,0,0,s,d,d,9,4,3,d,0,2,2,3,15,0,8,0,0,d,d,s,3,6,s,0
I220,s,18,4,18,s,4,0,s,3,0,0,4,3,2,0,2,2,3,4,0,8,36,17,23,0,s,3,0,s,0
1582,s,18,4,18,s,4,0,s,3,0,0,4,3,2,3,2,d,3,4,s,8,36,17,23,0,s,3,0,s,6
1426,s,18,4,18,s,4,0,s,3,4,0,4,s,2,0,2,2,3,4,0,8,36,17,23,0,s,3,0,s,0
I223,s,0,2,18,3,0,0,s,0,0,0,4,3,2,0,2,2,3,0,0,8,0,0,0,0,s,3,0,s,0
I224,s,18,2,18,3,0,0,s,0,0,10,4,3,2,0,2,2,3,0,21,8,0,0,0,0,s,3,0,s,0
I225,s,s,2,18,3,0,0,s,0,0,10,4,3,2,0,2,2,3,0,21,8,4,13,0,0,s,3,1,s,0
1594,s,s,2,18,3,0,1,s,0,0,d,4,d,2,4,2,2,3,0,21,8,4,13,d,73,s,3,d,s,39
1660,s,s,2,18,d,0,d,s,s,0,10,4,3,2,s,2,2,3,0,21,8,4,13,d,23,s,3,1,s,0
I232,s,18,2,18,3,0,0,s,0,0,10,4,3,2,0,2,2,3,0,21,8,0,0,0,0,s,3,0,s,0
I234,s,18,2,18,3,0,0,s,0,0,10,4,s,2,0,2,2,3,4,21,8,32,0,0,0,s,3,0,s,33
1487,s,18,2,18,3,0,6,s,d,0,10,4,s,2,0,d,2,3,4,21,d,32,0,0,0,s,3,0,s,33
1486,s,18,2,18,3,0,0,s,0,0,10,4,s,2,0,2,2,3,d,21,d,32,0,0,0,s,d,0,s,33
I236,s,18,2,18,3,0,2,s,0,0,10,4,3,2,0,s,2,3,0,21,8,0,0,0,0,s,3,0,s,0
1625,s,18,2,18,3,0,2,s,2,0,10,d,3,2,0,s,2,3,0,d,8,0,s,0,7,s,3,0,s,d
I238,s,18,2,18,3,0,2,s,0,0,10,4,3,2,0,s,2,3,0,21,8,0,1,0,60,s,3,0,s,0
1441,s,18,2,d,d,0,2,s,0,0,d,4,3,2,0,s,2,3,0,d,8,0,1,0,60,s,3,0,s,0
1440,s,18,2,18,3,0,d,s,0,d,10,d,3,2,0,s,2,3,0,21,8,0,1,0,60,s,3,s,s,d
I239,s,0,2,18,3,0,0,s,3,2,0,4,3,2,0,2,2,3,0,0,8,0,0,0,7,s,3,0,s,0
I240,s,0,2,18,3,0,0,s,3,2,0,4,3,2,27,2,2,3,0,0,8,0,0,0,7,s,3,0,s,0
I241,s,0,2,18,3,0,0,s,3,2,0,4,3,2,27,2,2,3,0,0,8,0,0,0,7,s,3,0,s,0
1950,s,0,d,18,3,0,0,s,3,2,0,4,3,2,27,d,2,3,0,0,8,0,0,0,7,s,3,0,s,0
1796,s,1,2,18,3,0,0,s,3,2,0,d,3,2,27,2,2,3,d,0,8,2,0,0,7,s,3,0,s,32
I245,s,0,2,18,3,0,0,s,3,2,9,4,3,2,27,2,2,3,0,0,8,0,6,9,7,s,3,0,s,0
2033,s,0,2,18,3,0,0,s,3,2,9,4,3,2,27,d,2,3,0,0,8,0,6,9,7,s,3,0,s,0
2032,s,d,2,18,3,0,0,s,3,2,9,4,3,2,27,2,2,3,0,0,8,0,d,9,7,s,3,0,s,0
I246,s,0,2,18,3,0,0,s,3,2,0,4,3,2,0,2,s,3,0,0,8,0,0,0,7,s,3,0,s,0
2021,s,d,2,18,3,4,d,s,3,2,1,4,3,2,0,d,s,3,d,0,8,0,d,0,7,s,3,0,s,0
I249,s,0,2,18,3,0,0,s,3,2,13,4,3,2,0,2,s,3,0,0,8,39,0,0,7,s,3,0,s,0
1997,s,0,2,18,3,0,11,s,3,2,13,4,3,2,4,2,s,3,0,0,8,39,0,0,7,s,3,0,s,0
1030,s,d,2,18,3,0,0,s,3,d,13,4,3,2,4,2,s,3,d,d,8,39,0,0,7,s,3,0,s,0
I251,s,0,0,18,3,0,0,0,0,0,0,4,0,2,0,0,2,3,0,0,8,0,0,0,0,0,0,19,s,27
I252,s,0,0,18,3,0,0,0,0,0,12,4,0,2,3,0,2,3,0,0,8,0,0,0,0,s,0,19,s,27
I253,s,0,0,18,s,0,0,0,0,0,12,4,0,2,3,0,2,3,0,0,8,0,0,0,68,s,0,19,s,27
I254,s,0,0,18,s,0,0,0,0,0,12,4,0,2,3,0,2,3,0,2,8,0,0,0,68,s,0,19,s,27
I255,s,7,0,18,s,4,0,0,0,s,12,4,0,2,3,2,2,3,0,2,8,0,0,0,68,s,0,19,s,27
I256,s,7,0,18,s,4,12,0,0,s,12,s,0,2,3,2,2,3,13,2,8,0,0,0,68,s,0,19,s,27
I257,s,7,0,18,s,4,12,0,0,s,12,s,0,2,3,2,2,3,13,2,8,0,0,0,68,s,0,19,s,27
1222,s,d,d,18,s,4,12,0,3,s,12,s,0,2,3,2,2,3,13,2,8,0,0,0,68,s,d,19,s,d
I259,s,7,4,18,s,4,12,0,1,s,12,s,0,2,3,2,2,3,13,2,8,0,0,13,68,s,0,19,s,27
1379,s,7,4,18,s,d,12,0,1,s,12,s,d,2,3,2,2,3,13,2,8,0,0,d,68,s,0,19,s,27
1378,s,d,4,18,s,4,12,0,1,s,12,s,0,2,3,2,d,3,13,2,8,0,d,13,d,s,0,19,s,s
I260,s,7,0,18,s,4,12,0,0,s,12,s,0,2,3,2,2,3,13,2,8,0,0,0,68,s,0,19,s,27
I261,s,7,0,18,s,4,12,0,0,s,12,s,0,2,3,2,2,3,13,2,8,0,0,0,68,s,0,19,s,27
1069,s,7,0,18,s,4,12,0,0,s,12,s,d,2,3,2,s,d,13,2,8,d,0,0,68,s,0,19,s,27
1068,s,7,d,18,s,4,12,0,0,s,d,s,d,2,3,2,2,3,d,2,8,0,0,0,68,s,d,19,s,27
1358,s,7,0,18,s,4,12,1,0,s,12,s,0,2,d,2,2,3,d,d,8,39,0,3,68,s,0,19,s,27
I263,s,7,0,18,s,4,0,0,0,s,12,4,0,2,3,2,2,3,0,2,8,0,0,0,68,s,0,19,s,27
1101,s,7,0,18,s,4,0,0,d,s,12,4,d,2,3,2,2,3,0,2,8,0,0,0,d,s,d,19,s,27
1278,s,7,s,18,s,4,5,0,0,s,12,4,0,d,d,2,2,3,d,2,8,0,0,d,68,s,1,19,s,27
I270,s,0,0,18,s,4,0,0,0,0,12,4,0,2,3,0,2,3,0,2,8,0,15,0,68,s,0,19,s,27
I271,s,0,0,18,s,4,0,0,0,0,12,4,0,2,3,2,2,3,0,2,8,0,15,0,68,s,0,19,s,27
I272,s,0,0,18,s,4,0,0,0,0,12,4,s,2,3,2,2,3,0,2,8,4,15,15,68,s,0,19,s,27
1004,s,4,0,18,s,4,0,0,0,0,12,4,s,2,3,2,2,3,0,2,8,4,15,d,d,s,0,19,s,27
1995,s,0,4,18,s,4,0,0,0,4,12,4,s,2,3,2,2,3,4,2,8,4,15,15,68,s,d,19,s,27
I277,s,0,0,18,s,4,0,0,0,s,12,4,0,2,3,2,2,3,3,2,8,0,15,0,68,s,0,19,s,27
1072,s,0,0,18,s,4,d,d,0,s,12,d,3,d,3,2,2,3,3,d,8,0,d,0,68,s,1,d,s,27
1187,s,0,0,18,s,4,0,0,0,s,12,s,d,2,3,2,2,3,3,2,d,0,15,0,d,s,0,19,s,27
I280,s,20,0,18,s,4,0,0,0,0,12,4,0,2,3,0,2,3,0,2,8,0,15,0,68,s,0,19,s,27
1318,s,d,0,18,s,4,0,2,d,d,12,4,d,2,3,0,2,3,9,2,8,d,15,d,68,s,1,19,s,27
I284,s,20,0,18,s,4,0,0,3,4,12,4,0,2,3,2,2,3,0,2,8,0,15,0,68,s,0,19,s,27
1772,s,20,0,18,s,4,0,0,3,4,12,4,0,2,3,2,2,3,0,2,8,0,15,0,68,s,0,19,s,d
1475,s,20,d,18,s,4,0,0,3,4,12,4,0,2,3,2,2,3,d,2,8,21,d,0,68,s,d,19,s,27
I287,s,0,0,18,s,4,0,0,0,0,12,4,0,2,3,0,2,3,0,3,8,14,0,0,68,s,0,19,s,27
I288,s,0,0,18,s,4,0,0,2,0,12,4,0,2,3,0,2,3,0,3,8,14,0,0,68,s,0,19,s,27
1489,s,3,d,18,s,4,1,s,2,0,12,4,3,2,3,0,2,3,12,3,d,14,5,0,68,s,2,d,s,s
I297,s,0,0,18,s,4,0,0,2,3,12,4,0,2,3,0,2,3,0,3,8,14,0,0,68,s,0,19,s,27
1732,s,0,0,18,s,4,0,0,2,3,12,d,3,2,3,0,2,3,0,s,8,14,0,0,68,s,s,19,s,27
I299,s,0,0,18,s,4,0,0,2,3,12,4,0,2,3,0,2,3,12,3,8,14,0,0,68,s,0,19,s,27
1147,s,0,0,18,s,d,0,0,2,3,12,4,0,2,3,0,2,d,12,3,8,d,d,d,68,s,0,d,s,27
1146,s,0,0,18,s,d,11,d,2,3,12,4,0,2,3,d,2,3,12,3,8,14,0,d,68,s,0,19,s,27
I303,s,0,0,18,s,4,5,0,0,0,12,4,0,2,3,0,2,3,0,3,8,14,0,0,68,s,1,19,s,27
I304,s,0,0,s,s,4,5,s,0,0,12,4,0,2,3,0,2,3,0,3,8,14,0,4,68,s,1,19,s,27
1806,s,0,0,s,s,4,5,s,0,2,12,4,0,2,d,0,2,d,d,3,8,14,0,4,68,s,1,19,s,27
1841,s,0,0,s,s,4,5,s,0,d,12,d,0,2,3,2,2,s,d,3,8,14,0,4,68,s,d,d,s,27
I310,s,0,0,18,s,4,5,0,0,0,12,4,0,2,s,0,2,3,0,3,8,14,0,0,s,s,1,19,s,27
I311,s,0,0,18,s,4,5,s,0,0,12,4,0,2,s,0,2,3,0,3,8,14,0,0,s,s,1,19,s,27
1745,s,0,4,d,s,4,d,s,0,3,12,4,0,2,s,0,d,d,d,3,8,d,0,0,s,s,1,19,s,27
I313,s,0,0,18,s,4,5,s,0,0,12,4,0,2,s,0,2,3,0,3,8,14,0,0,s,s,1,19,s,27
1369,s,0,0,18,s,4,5,s,0,0,d,4,0,2,s,0,2,3,0,3,d,14,0,s,s,s,1,19,s,27
1368,s,d,0,18,s,4,5,s,0,0,12,4,0,2,s,d,2,3,0,3,8,d,7,d,s,s,1,19,s,27
I315,s,0,0,18,s,4,5,0,3,0,12,4,3,2,s,0,2,3,0,s,8,14,0,23,s,s,1,19,s,27
1783,s,0,d,18,s,4,5,0,3,0,12,4,d,2,s,0,2,3,0,s,8,14,0,23,s,s,1,19,s,d
1782,s,0,0,18,s,4,d,0,3,0,s,4,3,2,s,d,2,3,0,s,8,14,0,23,s,s,1,19,s,27
I317,s,0,0,18,3,3,3,0,0,0,12,4,0,2,3,0,2,s,0,0,8,0,0,0,0,s,0,19,s,27
I318,s,0,0,18,3,3,3,0,0,0,12,4,0,2,3,0,2,s,0,21,8,0,0,3,0,s,0,19,s,27
I319,s,0,0,18,3,3,3,0,0,0,12,4,0,2,3,0,2,s,0,21,8,0,0,3,0,s,0,19,s,27
I320,s,0,0,18,3,3,3,0,2,0,12,4,0,2,3,0,2,s,0,21,8,0,0,3,0,s,0,19,s,27
1375,s,0,d,18,3,3,3,12,2,s,12,d,3,2,3,0,s,s,d,21,8,d,s,3,0,s,1,d,s,27
I324,s,0,0,18,3,3,3,0,2,0,12,4,0,2,3,0,2,s,0,21,8,0,0,3,0,s,0,19,s,27
1455,s,0,0,18,3,3,3,3,2,d,12,d,0,2,d,0,2,s,0,21,8,0,0,3,d,s,0,19,s,27
I326,s,11,0,18,3,3,3,0,2,0,12,4,0,2,3,0,2,s,0,21,8,22,0,3,0,s,0,19,s,27
1429,s,11,4,18,3,3,3,d,2,0,12,4,0,2,3,d,d,s,0,21,8,22,0,3,0,s,0,d,s,d
1428,s,d,d,d,3,3,3,0,2,0,12,4,0,2,3,0,2,s,0,21,8,22,0,3,0,s,0,19,s,d
1140,s,0,2,18,3,d,3,0,0,0,12,4,d,2,d,0,d,s,0,21,8,0,0,3,d,s,0,19,s,27
I334,s,0,0,18,3,s,3,0,0,0,12,4,0,2,3,0,2,s,0,21,8,0,0,3,0,s,0,19,s,27
I336,s,0,0,18,3,s,3,0,0,0,12,4,0,2,3,2,2,s,0,21,8,0,24,3,0,s,1,19,s,27
I337,s,0,0,18,3,s,3,0,0,0,12,4,0,s,3,2,2,s,0,21,8,0,24,s,63,s,1,19,s,27
1977,s,0,0,18,3,s,3,0,0,0,12,4,d,s,3,2,2,s,0,d,8,0,24,s,63,s,1,d,s,d
1976,s,d,0,18,3,s,3,0,0,0,12,4,0,s,d,2,2,s,0,d,8,0,24,s,d,s,1,19,s,27
I338,s,0,0,18,3,s,3,0,0,0,12,4,0,2,3,2,2,s,0,21,8,20,24,3,0,s,1,19,s,27
1897,s,0,d,18,3,s,3,0,0,0,12,4,0,2,3,2,2,s,0,21,8,20,d,3,d,s,1,19,s,27
1896,s,0,0,18,3,s,d,0,3,0,12,4,0,2,3,2,d,s,0,d,8,20,24,3,0,s,1,19,s,27
I342,s,0,s,18,3,s,3,0,0,0,12,4,0,2,3,0,2,s,0,21,8,0,0,3,0,s,0,19,s,27
1694,s,d,s,18,3,s,d,0,0,d,12,4,0,2,3,0,2,s,d,21,8,0,0,3,s,s,0,19,s,27
I346,s,0,s,18,3,s,3,0,0,0,12,s,0,2,3,0,2,s,0,21,8,0,0,3,0,s,0,19,s,27
I347,s,0,s,18,3,s,3,0,0,0,12,s,0,2,3,0,2,s,9,21,8,0,0,3,0,s,0,19,s,27
1937,s,0,s,18,3,s,3,0,0,0,d,s,0,2,d,0,d,s,9,21,8,0,0,d,0,s,0,19,s,27
1936,s,0,s,18,3,s,3,0,0,0,12,s,0,2,3,0,2,s,9,21,8,0,d,3,0,s,0,19,s,27
1499,s,0,s,18,3,s,3,d,d,d,12,s,0,2,3,d,d,s,12,21,d,d,0,3,0,s,0,19,s,27
I349,s,0,0,18,3,3,3,0,3,0,12,4,0,2,3,0,2,s,5,0,s,0,0,4,0,s,0,19,s,27
I350,s,s,0,18,3,3,3,0,3,4,12,4,0,2,3,0,2,s,5,0,s,0,19,4,0,s,0,19,s,27
I351,s,s,0,18,3,3,3,0,3,4,12,4,0,2,3,0,2,s,5,0,s,0,19,4,69,s,0,19,s,27
1769,s,s,0,18,3,3,3,0,3,4,d,d,0,2,3,0,2,s,5,14,s,4,19,4,69,s,1,19,s,d
I355,s,s,0,18,3,3,3,0,3,4,12,4,0,2,3,0,2,s,5,0,s,0,19,4,69,s,0,19,s,27
I356,s,s,0,18,3,3,3,0,3,4,12,4,0,2,3,0,2,s,5,0,s,0,19,4,69,s,0,19,s,27
1601,s,s,d,18,3,3,3,0,3,4,12,4,0,d,3,0,2,s,5,0,s,0,19,4,69,s,1,19,s,27
1600,s,s,4,18,3,3,d,0,3,4,d,4,0,2,3,0,d,s,d,0,s,0,19,4,69,s,0,19,s,27
1684,s,s,4,18,d,3,3,0,d,4,12,d,3,2,d,0,2,s,5,0,s,39,19,4,69,s,0,d,s,27
I358,s,s,0,18,3,3,3,0,3,4,12,4,0,2,3,0,2,s,5,0,s,0,19,4,23,s,2,19,s,27
I359,s,s,0,18,3,3,3,0,3,4,12,4,0,2,s,0,2,s,5,20,s,0,19,4,23,s,2,19,s,27
1167,s,s,0,d,3,3,3,0,3,4,d,d,0,2,s,0,2,s,5,20,s,0,19,4,23,s,2,19,s,27
I361,s,s,0,18,3,3,3,0,3,4,12,4,0,2,s,0,2,s,5,20,s,0,19,4,23,s,2,19,s,27
1137,s,s,0,18,3,3,3,0,3,4,12,4,0,2,s,0,2,s,5,20,s,d,d,4,23,s,2,d,s,27
1136,s,s,0,18,d,3,3,0,3,d,12,4,d,2,s,2,2,s,5,d,s,0,19,4,23,s,s,19,s,27
I362,s,s,0,18,3,3,3,0,3,4,12,4,0,2,3,0,2,s,5,0,s,0,19,4,23,s,2,19,s,27
I363,s,s,4,18,3,3,3,0,3,4,12,4,0,2,3,0,2,s,5,0,s,0,19,4,23,s,2,19,s,27
1219,s,s,d,18,3,d,3,0,3,d,12,4,0,2,3,0,2,s,d,0,s,0,19,4,23,s,2,19,s,27
1218,s,s,4,18,3,3,3,0,3,4,12,4,0,2,3,0,2,s,5,d,s,0,19,4,23,s,2,19,s,27
1246,s,s,0,18,3,3,3,0,3,4,12,d,0,2,3,d,2,s,d,0,s,32,19,d,d,s,2,19,s,d
I365,s,0,0,18,3,3,s,0,3,0,12,4,0,2,3,2,2,s,5,2,s,0,0,4,0,s,0,19,s,27
I366,s,0,4,18,3,3,s,0,3,0,12,4,0,2,3,2,2,s,5,2,s,0,11,4,0,s,0,19,s,27
I367,s,0,4,18,3,3,s,0,3,0,12,4,0,2,3,2,2,s,5,2,s,0,11,4,0,s,0,19,s,27
I368,s,0,4,18,3,3,s,0,3,0,12,4,0,2,3,2,2,s,5,2,s,0,11,4,50,s,0,19,s,27
1651,s,0,d,18,3,3,s,0,3,0,12,4,0,2,3,2,2,s,s,2,s,0,11,4,50,s,0,19,s,27
1650,s,0,4,18,3,3,s,0,3,d,12,4,0,2,3,2,2,s,5,2,s,0,11,4,50,s,0,d,s,27
1524,s,0,4,18,3,d,s,18,s,0,12,4,0,2,3,2,2,s,5,2,s,0,11,4,s,s,0,19,s,27
I370,s,0,4,18,3,3,s,0,3,0,12,4,0,2,3,2,2,s,5,2,s,0,11,4,0,s,0,19,s,27
I371,s,0,4,18,3,3,s,0,3,0,12,4,0,2,3,2,2,s,5,2,s,0,11,4,8,s,0,19,s,27
1941,s,0,d,d,3,3,s,0,3,0,d,4,0,2,3,2,2,s,5,2,s,0,11,4,8,s,0,19,s,d
1940,s,0,4,18,3,3,s,0,3,0,12,4,0,2,3,2,2,s,5,d,s,0,11,4,8,s,0,19,s,d
I372,s,0,s,18,3,3,s,0,3,0,12,4,0,2,3,s,2,s,5,2,s,0,11,4,0,s,0,19,s,27
1445,s,0,s,18,3,3,s,0,3,d,12,4,0,2,3,s,2,s,5,d,s,0,11,4,0,s,0,d,s,d
1444,s,2,s,18,d,3,s,d,3,0,12,4,0,2,3,s,2,s,5,2,s,0,11,4,0,s,0,19,s,d
I373,s,0,0,18,3,3,s,8,3,0,12,4,0,2,3,2,2,s,5,2,s,0,0,4,0,s,0,19,s,27
I374,s,0,0,18,3,3,s,8,3,0,12,4,3,2,3,2,2,s,5,2,s,0,0,4,0,s,0,19,s,27
I375,s,0,0,18,3,3,s,8,3,0,12,4,3,2,3,2,2,s,5,2,s,0,0,4,0,s,0,19,s,27
1347,s,0,0,d,3,d,s,8,3,0,12,4,3,d,d,2,2,s,5,2,s,0,0,4,0,s,0,19,s,27
1346,s,0,1,18,3,d,s,d,3,d,12,4,3,2,3,2,2,s,5,2,s,0,0,4,d,s,0,19,s,27
I376,s,0,4,18,3,3,s,8,3,0,12,4,3,2,3,2,2,s,5,2,s,0,0,4,0,s,0,19,s,27
1085,s,0,d,18,3,3,s,8,3,0,12,4,3,2,3,2,2,s,5,2,s,d,0,4,0,s,0,19,s,27
1084,s,0,4,18,3,d,s,8,3,0,12,4,3,2,3,2,2,s,5,2,s,0,0,d,0,s,0,19,s,d
I377,s,0,4,18,3,3,s,8,3,4,12,4,0,2,3,2,2,s,5,2,s,0,0,4,0,s,0,19,s,27
1390,s,d,4,d,3,3,s,8,3,4,12,4,0,2,3,2,2,s,5,2,s,0,0,d,0,s,0,19,s,27
1077,s,0,4,18,3,d,s,8,d,4,12,4,0,2,3,2,2,s,5,2,s,2,0,4,0,s,d,19,s,27
I380,s,0,0,18,3,0,0,8,0,0,0,4,s,2,0,0,2,3,0,0,8,0,0,0,0,0,0,19,s,27
I381,s,2,0,18,3,0,0,8,1,0,0,4,s,2,0,3,2,3,5,s,8,4,0,0,0,0,0,19,s,27
I382,s,2,4,18,3,0,0,8,1,0,0,4,s,2,0,3,2,3,5,s,8,4,0,0,0,0,0,19,s,27
I383,s,2,4,18,3,0,0,8,1,0,0,4,s,2,0,3,2,3,5,s,8,4,0,0,0,0,0,19,s,27
I384,s,2,4,18,3,0,0,8,1,0,7,4,s,2,0,3,2,3,5,s,8,4,0,0,0,26,2,19,s,27
I385,s,2,s,18,3,0,0,8,1,0,7,4,s,2,0,3,2,3,5,s,8,s,0,0,0,26,2,19,s,27
I386,s,2,s,18,3,0,0,8,1,0,7,4,s,2,31,3,2,3,5,s,8,s,0,0,0,26,2,19,s,27
1839,s,2,s,18,3,d,0,8,d,0,7,4,s,2,d,3,2,d,5,s,8,s,0,0,d,26,d,19,s,27
1838,s,2,s,d,3,0,0,8,1,0,7,d,s,2,31,3,2,3,5,s,8,s,0,0,0,26,2,d,s,27
1567,s,d,s,18,3,4,0,8,1,0,7,d,s,2,d,3,2,3,5,s,d,s,d,0,0,26,d,d,s,d
I390,s,2,4,18,3,0,0,8,1,3,7,4,s,2,27,3,2,3,5,s,8,4,0,0,0,26,2,19,s,27
1699,s,2,4,18,3,0,0,8,d,3,7,4,s,2,27,3,2,3,5,s,8,4,0,13,0,26,2,19,s,27
1698,s,2,4,18,3,d,0,8,1,3,7,d,s,2,27,d,2,d,5,s,8,4,0,0,0,26,2,19,s,27
I391,s,2,4,18,3,0,0,8,1,0,0,4,s,2,0,3,2,3,5,s,8,4,0,0,0,0,1,19,s,27
I392,s,2,4,18,3,0,0,8,1,0,0,4,s,2,0,3,2,3,5,s,8,4,0,0,0,0,1,19,s,27
1674,s,2,d,18,3,0,0,8,1,0,0,4,s,2,0,3,2,3,5,s,8,4,d,d,0,d,1,19,s,s
1741,s,2,d,18,3,0,0,8,1,0,0,4,s,2,0,3,2,3,5,s,8,d,19,0,d,0,1,19,s,27
I395,s,2,4,18,3,0,5,8,1,4,0,4,s,2,0,3,2,3,5,s,8,4,0,0,0,0,1,19,s,27
1592,s,2,4,18,d,0,d,8,1,4,d,4,s,2,0,3,d,d,5,s,8,4,0,0,0,d,1,19,s,27
1710,s,2,4,18,d,s,5,8,1,4,0,4,s,2,0,d,2,3,5,s,8,4,0,d,0,0,1,19,s,27
I398,s,2,4,18,3,0,0,8,1,0,0,4,s,2,0,3,2,3,5,s,8,4,0,0,0,0,0,19,s,27
I399,s,2,4,18,3,0,0,8,1,4,0,4,s,2,0,3,2,3,5,s,8,4,0,9,0,0,0,19,s,27
1932,s,d,4,18,3,0,2,s,1,4,0,4,s,2,s,3,2,3,5,s,8,d,0,9,d,0,0,19,s,27
1880,s,d,d,18,3,d,0,8,1,4,0,4,s,2,16,3,2,3,5,s,8,d,15,9,0,d,0,19,s,27
1828,s,2,4,18,3,4,0,8,1,0,d,4,s,2,0,3,d,3,5,s,d,4,0,d,0,d,d,19,s,27
I413,s,2,4,18,3,0,0,8,1,0,0,4,s,2,0,3,2,3,5,s,8,4,0,0,0,0,0,19,s,27
I414,s,2,4,18,3,0,0,8,1,0,0,4,s,2,0,3,2,3,5,s,8,4,0,0,0,0,0,19,s,27
I415,s,2,4,18,3,0,3,8,1,0,0,4,s,2,0,3,s,3,5,s,8,4,0,0,72,0,0,19,s,27
1414,s,2,4,18,3,4,3,8,1,0,15,4,s,s,7,3,s,3,5,s,8,4,0,0,72,0,0,19,s,d
I419,s,2,4,18,3,0,3,8,s,0,0,4,s,2,0,3,s,3,5,s,8,4,s,13,72,0,0,19,s,27
1290,s,2,4,18,3,0,3,8,s,0,0,4,s,2,d,3,s,3,d,s,d,d,s,13,72,13,0,d,s,27
I421,s,2,4,18,3,0,3,8,s,0,0,4,s,2,0,3,s,3,5,s,8,4,s,13,72,0,0,19,s,27
1285,s,2,4,18,3,5,3,8,s,0,0,4,s,2,0,3,s,3,5,s,8,d,s,13,72,0,0,19,s,27
1284,s,2,4,18,d,0,3,8,s,0,d,4,s,2,0,d,s,3,5,s,8,d,s,13,72,0,0,d,s,s
I422,s,2,4,18,3,4,8,8,1,0,0,4,s,2,17,3,2,3,5,s,8,4,0,22,0,0,0,19,s,27
1208,s,s,4,18,3,4,8,8,1,s,12,4,s,2,17,s,d,3,5,s,8,4,16,22,d,0,3,19,s,27
1156,s,2,s,18,3,4,8,d,1,0,0,4,s,2,17,3,2,3,5,s,8,4,0,22,0,9,3,19,s,d
I429,s,2,4,18,3,0,0,8,1,0,0,4,s,2,0,3,2,3,5,s,8,4,0,s,0,0,0,19,s,27
I430,s,2,4,18,3,0,0,8,1,0,0,4,s,2,0,3,2,s,5,s,8,4,0,s,0,0,0,19,s,27
1690,s,2,4,18,3,0,3,8,1,0,0,4,s,2,s,3,2,s,5,s,8,4,s,s,0,0,0,19,s,27
1662,s,2,4,18,3,0,0,8,1,d,0,4,s,2,0,d,2,s,5,s,8,4,d,s,0,0,0,19,s,d
I437,s,2,4,18,3,0,0,8,1,0,0,4,s,2,0,3,2,3,5,s,8,4,0,s,0,s,0,19,s,27
I438,s,2,4,18,3,0,0,8,1,0,0,4,s,2,0,3,2,s,5,s,8,4,0,s,0,s,1,19,s,27
1529,s,d,4,18,3,0,0,8,1,0,0,4,s,2,0,3,2,s,5,s,d,4,0,s,0,s,1,19,s,27
I440,s,2,4,18,3,0,0,8,1,0,0,4,s,2,0,3,2,s,5,s,8,4,0,s,0,s,1,19,s,27
1603,s,2,4,18,3,d,d,8,1,0,0,d,s,d,0,3,d,s,5,s,d,4,0,s,0,s,1,19,s,27
1602,s,2,4,18,3,0,0,8,1,0,0,4,s,2,0,3,2,s,d,s,8,4,0,s,0,s,d,19,s,d
I441,s,2,4,18,3,0,0,8,1,0,0,4,s,2,0,3,2,3,5,s,8,4,0,s,0,s,0,19,s,27
1974,s,2,4,18,3,d,0,8,1,0,4,4,s,2,0,3,2,3,d,s,8,4,0,s,0,s,0,19,s,27
I443,s,2,4,18,3,4,0,8,1,0,0,4,s,2,0,3,2,3,5,s,8,4,0,s,0,s,1,19,s,27
1543,s,2,4,18,3,4,d,8,1,0,d,4,s,2,d,3,2,3,5,s,8,4,0,s,d,s,d,19,s,27
1542,s,2,4,18,3,4,0,8,1,0,0,4,s,2,d,3,2,3,5,s,d,4,0,s,0,s,1,19,s,27
I444,s,0,0,18,3,0,0,8,0,0,0,s,s,2,7,0,2,3,0,0,8,0,0,0,37,0,0,19,s,27
I445,s,0,0,18,3,0,0,8,0,0,0,s,s,2,7,0,2,3,0,0,8,0,0,0,37,0,0,19,s,27
I446,s,0,4,18,3,0,0,8,0,4,0,s,s,2,7,0,2,3,0,0,8,0,0,0,37,0,0,19,s,27
I447,s,0,4,18,3,0,5,8,0,4,0,s,s,2,7,0,2,3,0,0,8,0,19,0,37,0,0,19,s,27
I448,s,0,4,18,3,4,5,8,0,4,0,s,s,2,7,0,2,3,0,0,8,32,19,0,37,0,0,19,s,27
1480,s,0,d,18,3,s,5,8,0,4,0,s,s,2,7,d,2,3,d,0,8,32,d,0,d,0,2,19,s,27
1273,s,0,4,18,3,4,5,d,0,4,d,s,s,2,7,0,2,d,0,0,8,32,19,18,37,0,0,19,s,27
1153,s,18,4,d,3,0,5,8,0,4,d,s,s,d,d,2,2,3,0,d,8,33,d,d,37,0,0,19,s,27
1907,s,0,4,18,3,0,0,8,0,4,0,s,s,d,7,2,2,3,0,6,8,11,d,0,37,0,0,19,s,27
I461,s,0,0,18,3,0,0,8,0,0,0,s,s,2,7,0,2,3,0,0,8,0,0,0,37,0,0,19,s,27
I462,s,0,0,18,3,4,0,8,0,4,0,s,s,2,7,0,2,3,0,0,8,0,0,0,37,0,0,s,s,27
I463,s,0,0,18,3,4,0,8,0,4,0,s,s,2,7,0,2,3,0,0,8,0,0,5,37,0,s,s,s,27
1467,s,d,0,18,3,4,0,8,2,4,0,s,s,2,d,0,2,3,d,s,8,0,0,5,37,0,s,s,s,27
1564,s,s,0,18,3,4,0,8,0,4,0,s,s,2,7,0,2,3,d,0,8,0,0,5,37,0,s,s,s,27
I466,s,0,0,18,3,4,0,8,0,4,0,s,s,2,7,0,2,3,0,0,8,0,19,13,37,0,0,s,s,27
I467,s,0,0,18,3,4,0,8,3,4,0,s,s,2,7,0,2,3,4,0,8,0,19,13,37,0,0,s,s,27
1891,s,0,d,18,3,4,0,8,d,4,0,s,s,2,7,0,d,3,4,0,8,0,19,13,d,0,0,s,s,27
1890,s,0,0,18,3,4,0,d,3,4,0,s,s,2,d,0,2,3,4,0,8,0,19,13,37,0,0,s,s,d
1771,s,0,2,18,3,4,0,d,0,4,d,s,s,2,7,0,2,d,0,0,8,0,19,13,s,0,0,s,s,27
I469,s,0,0,18,3,0,11,8,0,0,0,s,s,2,7,0,2,3,0,4,8,30,0,0,37,0,0,19,s,27
1619,s,d,0,18,3,0,11,8,0,d,0,s,s,2,7,0,d,3,9,4,8,30,0,9,37,d,3,19,s,27
I473,s,0,0,18,3,0,11,8,0,0,0,s,s,2,7,0,2,3,0,4,8,30,0,0,37,0,0,19,s,27
1852,s,d,0,18,3,4,11,8,0,2,13,s,s,d,7,0,2,d,0,4,8,30,0,0,37,d,0,19,s,27
1914,s,0,0,18,3,0,11,d,0,0,0,s,s,2,7,0,2,3,0,4,8,30,0,0,d,0,0,19,s,27
I476,s,3,0,18,3,0,0,8,0,0,0,s,s,2,7,0,2,3,0,0,8,0,0,0,37,0,0,s,s,27
I477,s,3,0,18,3,0,0,8,0,0,0,s,s,2,7,0,2,3,0,0,8,0,0,0,37,0,0,s,s,27
I478,s,3,0,18,3,4,0,8,0,0,0,s,s,2,7,0,2,3,4,0,8,27,13,0,37,0,0,s,s,27
I479,s,3,0,18,3,4,0,8,0,0,0,s,s,2,7,0,2,3,4,14,8,27,13,23,37,0,0,s,s,27
I480,s,3,0,18,3,4,0,8,0,0,0,s,s,2,7,0,2,3,4,14,8,27,13,23,37,0,0,s,s,27
1503,s,3,0,18,3,4,0,d,0,0,0,s,s,2,7,0,2,3,4,14,8,27,13,23,37,0,0,s,s,27
1502,s,3,0,18,3,4,0,8,0,0,0,s,s,2,7,d,2,3,4,14,8,27,13,23,d,d,0,s,s,27
1608,s,3,0,18,3,4,2,8,d,0,0,s,s,2,7,2,2,3,d,14,8,27,13,d,37,0,0,s,s,27
I483,s,3,4,18,3,4,0,8,0,0,0,s,s,2,7,0,2,3,4,0,8,27,13,s,37,0,0,s,s,27
1825,s,3,d,18,3,4,0,8,0,0,0,s,s,2,7,0,2,d,4,0,d,27,13,s,37,0,0,s,s,27
1824,s,3,4,18,3,4,0,8,0,0,0,s,s,2,7,0,d,3,4,0,8,27,13,s,37,0,d,s,s,27
I487,s,s,0,18,3,0,0,8,0,s,0,s,s,2,7,2,2,3,12,6,8,21,0,0,37,0,0,s,s,27
1809,s,s,0,18,3,0,0,8,0,s,0,s,s,2,7,2,2,3,12,6,8,21,0,0,37,d,0,s,s,27
1808,s,s,0,18,3,0,0,d,0,s,0,s,s,d,7,2,2,3,d,6,8,21,0,0,37,0,0,s,s,27
I492,s,3,0,18,3,0,0,8,3,0,13,s,s,2,7,2,2,3,0,0,8,0,0,13,37,0,0,s,s,27
I493,s,s,0,18,3,0,0,8,3,0,13,s,s,2,7,2,2,3,0,0,8,0,19,13,37,0,0,s,s,27
I496,s,s,0,18,3,0,5,8,3,0,13,s,s,2,7,2,2,3,5,0,8,0,19,13,37,0,0,s,s,27
1959,s,s,d,18,3,0,5,8,d,0,13,s,s,2,7,2,2,3,d,0,8,0,19,13,37,0,0,s,s,27
1958,s,s,0,d,3,0,d,8,3,d,13,s,s,2,7,2,2,3,5,0,8,0,19,13,d,0,0,s,s,27
1611,s,s,0,18,d,0,0,8,d,0,d,s,s,2,7,2,2,3,0,11,d,0,19,13,d,0,0,s,s,27
I500,s,3,0,18,3,0,0,8,3,0,13,s,s,2,7,2,2,3,0,9,8,0,0,13,37,0,0,s,s,27
2000,s,3,d,18,3,4,0,8,3,0,13,s,s,2,7,s,d,3,0,9,8,d,0,13,37,0,0,s,s,27
I504,s,3,0,18,3,0,0,8,3,0,13,s,s,2,7,2,2,3,12,9,8,0,0,13,37,0,0,s,s,27
I505,s,3,s,18,3,0,0,8,3,0,13,s,s,2,7,2,2,3,12,9,8,0,0,13,37,0,0,s,s,27
1659,s,3,s,18,3,0,0,8,d,d,13,s,s,2,7,d,2,3,12,9,8,0,0,13,37,0,0,s,s,27
1658,s,3,s,18,3,0,0,8,3,0,13,s,s,d,7,2,2,d,12,9,8,0,d,13,37,0,0,s,s,d
I506,s,3,0,18,s,0,0,8,3,0,13,s,s,2,7,2,2,s,12,9,8,0,0,13,37,0,0,s,s,27
1905,s,3,0,18,s,0,0,8,d,d,13,s,s,2,7,2,2,s,12,d,8,0,0,13,37,0,0,s,s,27
1904,s,3,0,18,s,0,0,8,3,0,13,s,s,2,7,2,2,s,12,9,8,0,0,13,37,0,d,s,s,27
I507,0,0,0,0,0,4,0,0,0,0,0,4,0,0,0,0,0,3,0,0,0,0,16,12,0,0,0,0,1,0
I508,0,0,0,0,0,4,0,0,0,0,15,4,3,0,0,0,0,3,0,0,0,11,16,12,0,0,0,0,1,0
I509,1,0,s,0,0,4,0,0,0,4,15,4,3,0,0,0,0,3,0,0,0,11,16,12,0,0,0,0,1,0
I510,1,0,s,2,0,4,12,0,2,4,15,s,3,0,0,0,0,3,0,0,0,11,16,12,0,0,0,0,1,44
I511,1,0,s,2,0,4,12,0,2,4,15,s,3,9,0,0,0,3,0,0,0,11,16,12,69,0,0,0,1,44
I512,1,0,s,2,0,4,12,0,2,4,15,s,3,9,0,0,0,3,0,0,0,11,16,12,69,0,0,0,1,44
I513,1,0,s,2,0,4,12,0,2,4,15,s,3,9,0,0,0,3,0,0,0,11,16,12,69,0,0,0,1,44
I516,1,0,s,2,0,4,12,0,2,4,15,s,3,9,0,0,10,3,0,0,0,11,16,12,69,0,0,38,1,44
1065,1,0,s,2,0,4,12,0,d,4,15,s,3,9,0,0,10,3,0,0,0,11,16,12,69,0,0,38,1,44
1064,1,0,s,d,0,4,12,0,2,4,15,s,3,9,1,0,10,3,0,d,d,11,16,12,69,0,d,38,1,44
1090,1,0,s,2,0,4,12,0,2,4,15,s,s,9,25,0,10,3,0,0,0,11,16,12,69,0,0,0,1,44
I520,1,15,s,2,0,4,12,0,2,4,15,s,3,9,0,0,0,3,0,0,0,11,16,12,69,0,0,0,1,44
1257,1,15,s,2,0,d,12,0,2,4,15,s,3,9,d,d,0,3,0,s,0,11,16,12,69,27,0,0,1,44
I524,1,15,s,2,3,4,12,0,2,4,15,s,3,9,0,0,0,3,0,0,0,11,16,12,69,0,0,0,1,44
1354,1,15,s,2,3,d,12,0,2,4,15,s,3,9,0,0,0,3,0,0,0,11,16,12,69,27,0,d,1,44
1587,1,d,s,2,s,4,12,0,2,4,d,s,3,9,d,0,0,3,9,s,0,s,16,12,69,d,0,0,d,44
I527,1,0,s,2,0,4,12,0,2,4,15,s,3,9,0,0,0,3,0,0,0,11,16,12,69,26,0,0,1,44
I528,1,0,s,2,0,4,12,0,2,4,15,s,3,9,0,0,0,3,0,0,0,s,16,12,69,26,0,0,1,44
I529,1,0,s,2,0,4,12,0,2,4,15,s,3,9,0,0,0,3,15,0,0,s,16,12,69,26,0,0,1,44
1380,1,0,s,2,0,4,12,0,d,4,15,s,d,d,0,0,0,3,15,0,0,s,d,12,69,26,0,0,1,44
I531,1,0,s,2,0,4,12,0,2,4,15,s,3,9,0,0,0,3,15,s,0,s,16,12,69,26,0,0,1,44
1655,1,0,s,d,0,d,12,0,d,4,15,s,3,9,0,0,0,3,15,s,0,s,16,12,d,26,0,0,1,44
1654,1,15,s,s,0,4,12,d,d,4,15,s,3,9,0,d,d,d,15,s,0,s,16,12,d,26,0,0,1,44
1392,1,0,s,d,0,4,12,0,2,4,d,s,3,s,0,2,0,3,d,d,0,s,16,12,69,26,0,s,1,44
I535,1,20,s,2,0,4,12,0,2,4,s,s,3,9,0,0,0,3,0,0,0,11,16,12,69,26,0,0,1,44
I536,1,20,s,2,0,4,12,0,2,4,s,s,3,9,0,1,0,3,0,0,0,s,16,12,69,26,0,0,1,44
I537,1,20,s,2,0,4,12,0,2,4,s,s,3,9,0,1,0,3,0,0,0,s,16,12,69,26,0,0,1,44
1211,1,20,s,2,0,4,12,d,2,4,s,s,3,9,0,1,0,3,0,0,0,s,16,d,69,26,0,0,1,44
1210,1,20,s,2,3,4,12,d,2,4,s,s,3,9,0,1,0,3,0,0,0,s,16,12,69,d,0,0,1,44
1236,1,20,s,d,0,4,12,0,2,d,s,s,3,9,s,1,0,3,0,11,0,s,16,12,69,26,0,d,1,44
I539,1,20,s,2,0,s,12,0,2,4,s,s,3,9,0,0,s,3,15,0,6,11,16,12,69,26,0,0,1,44
1154,d,20,s,2,0,s,12,0,2,4,s,s,3,d,d,0,s,3,d,0,6,11,16,12,69,26,d,0,1,44
1174,1,d,s,2,0,s,12,0,2,4,s,s,3,9,7,0,s,3,15,0,6,11,16,12,69,26,0,0,1,44
I542,1,0,s,2,0,4,12,0,2,4,15,s,3,0,2,0,0,3,0,0,0,11,16,12,0,0,0,0,1,44
I543,1,1,s,2,0,4,12,0,2,4,15,s,3,0,2,0,0,3,0,0,0,11,16,12,0,0,1,0,1,44
I544,1,1,s,s,0,4,12,0,2,4,15,s,3,0,2,0,0,3,0,0,0,11,16,12,0,26,s,0,1,44
1182,1,s,s,s,0,4,12,14,2,d,15,s,3,0,2,2,0,3,9,d,0,d,16,12,0,26,s,17,s,44
I548,1,1,s,s,3,4,12,0,2,4,15,s,s,0,2,0,0,3,s,0,0,11,16,12,0,26,s,0,1,44
1047,d,1,s,s,3,d,d,0,2,4,d,s,s,35,2,0,0,3,s,0,d,11,16,12,0,26,s,d,1,44
I551,1,1,s,s,3,4,12,0,s,4,15,s,s,0,2,0,0,3,s,0,0,11,16,12,0,26,s,0,1,44
1127,1,1,s,s,3,d,12,0,s,d,15,s,s,0,d,3,0,3,s,0,0,11,16,12,0,26,s,0,d,44
1126,1,1,s,s,3,d,12,0,s,4,15,s,s,0,2,0,d,3,s,0,0,11,16,d,0,26,s,0,1,44
I552,1,1,s,2,0,4,12,0,2,4,15,s,3,0,2,0,0,3,9,0,7,11,16,12,0,0,1,0,1,44
I553,1,1,s,2,0,4,12,0,2,4,15,s,3,0,2,2,0,3,s,0,7,11,16,12,0,0,1,0,1,44
1088,1,d,s,2,0,4,12,0,2,4,15,s,3,0,2,2,0,d,s,0,7,11,16,12,0,6,1,3,1,44
I555,1,1,s,2,0,4,12,0,2,4,15,s,3,0,2,2,0,3,s,0,7,s,16,12,0,0,1,0,1,44
1203,1,1,s,2,d,4,12,0,2,4,15,s,3,0,2,2,d,3,s,0,7,s,16,12,0,0,1,d,1,44
1202,1,1,s,2,0,4,d,0,2,4,d,s,3,0,2,2,d,3,s,d,7,s,16,12,0,0,1,0,1,d
I556,1,1,s,2,0,4,12,0,2,4,15,s,3,0,2,0,0,3,9,0,7,11,16,12,0,0,s,0,1,44
1266,s,1,s,2,0,4,12,d,2,4,d,s,3,0,2,0,0,3,9,0,7,11,16,12,d,0,s,0,1,44
I558,1,1,s,2,0,4,12,0,2,4,15,s,3,23,2,0,0,3,9,0,7,11,16,12,s,0,s,0,1,44
2017,1,1,s,2,0,4,12,0,2,4,d,s,3,d,d,s,0,3,9,0,d,11,16,12,s,0,s,22,1,d
2038,1,1,s,2,0,4,d,0,d,4,15,s,3,23,2,0,0,3,9,0,7,11,16,12,s,s,s,d,1,d
I561,1,0,s,2,0,4,12,0,2,4,15,s,3,0,2,2,0,3,0,0,0,11,16,12,0,0,0,0,s,44
I562,1,0,s,2,3,4,12,0,2,4,15,s,3,0,2,2,0,3,0,0,7,11,16,12,0,0,0,0,s,44
1168,d,0,s,2,3,4,12,0,2,4,15,s,3,0,d,d,0,3,d,0,7,11,16,s,0,0,0,0,s,d
1401,1,0,s,2,3,4,12,15,2,d,15,s,3,0,2,2,0,d,0,0,7,11,16,12,0,0,0,38,s,44
I569,1,0,s,2,0,4,12,14,2,4,15,s,s,0,2,2,0,3,0,0,0,s,16,12,0,14,0,0,s,44
I570,1,0,s,2,0,4,12,14,2,4,15,s,s,0,2,2,2,3,0,0,0,s,16,12,0,14,0,0,s,44
I571,1,0,s,2,0,4,12,14,2,4,15,s,s,0,2,2,2,3,0,0,0,s,16,12,0,14,0,0,s,44
1295,1,0,s,2,0,4,12,14,2,4,15,s,s,0,2,2,d,3,0,0,0,s,16,d,0,14,0,5,s,44
1294,1,0,s,2,0,4,12,s,2,4,15,s,s,0,2,2,2,3,d,0,d,s,d,12,0,14,0,0,s,44
1353,1,0,s,2,0,4,12,14,2,4,15,s,s,0,d,2,2,d,0,0,10,s,16,12,d,14,0,d,s,44
1551,1,0,s,2,3,4,12,14,2,4,15,s,s,37,d,2,12,3,0,0,0,s,16,12,0,14,d,0,s,44
I576,1,0,s,0,0,4,0,0,0,4,15,4,3,0,0,0,1,3,0,0,0,11,16,12,0,0,0,0,1,0
I577,1,0,s,0,0,4,0,0,0,4,15,4,3,0,0,0,1,3,0,0,0,11,16,12,0,0,0,0,1,0
I578,1,0,s,0,0,4,0,0,0,4,15,4,3,0,0,0,1,3,11,0,0,11,16,12,0,0,3,0,1,0
I579,1,0,s,21,0,4,0,0,s,4,15,4,3,0,0,0,1,3,11,0,0,11,16,12,0,0,s,0,1,0
I580,1,0,s,21,0,4,0,0,s,4,15,4,3,0,0,0,1,3,11,0,0,11,16,12,0,0,s,0,1,0
1834,1,0,s,21,d,4,11,9,s,4,d,4,3,0,0,2,1,d,11,0,0,11,16,12,0,0,s,0,1,0
1671,1,0,s,21,0,4,0,0,s,s,15,4,3,d,0,0,1,3,11,0,0,11,16,12,12,0,s,0,1,0
I585,1,0,s,21,0,4,2,0,s,4,15,4,3,s,0,0,1,3,11,0,0,11,16,12,0,0,s,0,1,0
1749,1,0,s,21,0,4,d,0,s,4,15,4,3,s,d,d,1,3,11,0,d,11,16,12,0,0,s,d,d,0
1748,1,0,s,d,0,4,2,0,s,4,d,4,3,s,0,0,1,3,11,d,0,11,d,12,0,0,s,0,1,0
I586,1,0,s,0,0,4,0,0,0,4,s,4,3,0,0,0,1,3,11,0,0,11,16,12,0,0,3,0,1,0
I587,1,0,s,0,0,4,0,0,0,4,s,4,3,0,0,2,1,3,11,0,0,11,16,12,0,0,3,0,1,0
I588,1,0,s,0,0,4,0,0,0,4,s,4,3,0,0,2,1,3,11,0,0,11,16,12,0,0,3,0,1,0
1269,1,0,s,0,d,4,0,0,0,4,s,4,3,0,0,2,1,3,11,0,d,11,16,12,0,0,d,0,d,0
1268,1,0,s,0,0,d,0,0,0,4,s,4,3,0,d,2,1,3,11,0,0,11,16,12,0,0,d,d,1,d
1176,1,0,s,0,0,s,3,0,0,4,s,4,d,0,0,2,1,3,11,0,0,11,16,12,0,0,3,0,1,0
I590,1,0,s,0,0,4,0,0,0,4,s,4,3,0,0,0,1,3,11,0,0,11,16,12,0,0,3,0,1,0
1910,1,0,s,0,0,4,0,0,3,4,s,4,s,0,0,0,1,3,11,s,0,d,16,12,0,d,3,0,1,0
I592,1,0,s,0,0,4,0,0,s,4,s,4,3,0,0,0,1,3,11,0,20,11,16,12,0,0,3,0,1,0
1341,1,0,s,0,0,4,0,0,s,4,s,d,3,0,d,1,1,d,11,0,20,11,16,12,0,0,3,0,1,0
1340,1,0,s,d,0,4,0,0,s,4,s,4,3,41,d,0,1,3,11,0,20,11,16,12,0,0,3,0,1,0
I593,1,0,s,0,0,4,0,0,1,4,15,4,3,8,0,0,1,3,0,0,0,11,16,12,23,0,0,16,1,0
I594,1,s,s,0,0,4,0,0,1,4,15,4,3,8,0,0,1,3,0,0,0,11,16,12,23,0,0,16,1,0
I595,1,s,s,0,0,4,0,0,1,4,15,4,3,8,8,0,1,3,0,0,12,11,16,12,23,0,0,16,1,0
1199,1,s,s,0,0,4,0,0,d,4,15,4,3,8,8,0,1,3,0,0,12,11,16,12,23,0,d,16,1,0
2011,1,s,s,0,d,4,d,0,1,4,d,4,3,8,8,2,1,3,d,0,12,11,16,12,23,0,0,16,1,0
I600,1,s,s,0,0,4,6,0,1,4,15,4,3,8,0,0,1,3,0,0,0,11,16,12,23,0,1,16,1,0
1217,1,s,s,0,d,4,6,0,1,4,d,4,3,8,0,2,1,3,0,0,d,11,16,12,23,0,1,16,d,0
1327,1,s,s,0,0,4,d,15,1,d,d,4,3,8,0,0,1,3,15,0,d,11,16,12,23,15,1,16,1,0
I603,1,0,s,0,0,4,0,3,1,4,15,4,3,8,0,0,1,3,0,0,0,11,16,12,23,0,3,16,1,0
I604,1,0,s,0,0,4,0,3,1,4,15,4,3,8,0,0,1,3,0,0,7,11,16,12,23,0,3,16,1,0
1419,1,0,s,0,0,4,0,3,1,4,d,4,d,8,d,0,1,3,d,0,7,11,16,d,23,0,3,16,1,40
1087,1,11,s,d,0,4,0,d,1,4,15,4,3,8,0,0,1,3,0,0,7,11,16,12,23,0,3,16,1,0
I607,1,0,s,0,0,4,0,3,1,4,15,4,3,s,0,0,1,3,0,0,0,11,16,12,23,0,3,16,1,0
1207,d,0,s,0,0,4,0,3,d,d,15,4,3,s,0,0,1,3,0,d,0,d,16,12,23,0,3,16,1,0
1179,1,0,s,0,0,4,0,3,1,4,15,s,3,s,33,2,1,3,0,d,0,11,16,d,23,0,3,16,1,0
I610,1,0,s,0,0,4,s,0,0,4,15,4,3,0,0,0,1,3,0,2,0,11,16,12,0,26,0,16,1,0
I611,1,0,s,0,0,4,s,0,0,4,15,4,3,2,0,0,1,3,9,2,0,11,16,12,0,26,2,16,1,0
I612,1,0,s,0,0,4,s,0,0,4,s,4,3,2,0,0,1,3,9,2,0,11,16,12,0,26,2,16,1,0
I613,1,0,s,0,0,4,s,0,0,4,s,4,3,2,0,0,1,3,9,2,0,11,16,12,0,26,2,16,1,0
1642,d,d,s,0,0,d,s,d,0,4,s,4,3,d,0,0,1,d,9,2,0,11,16,12,0,26,2,s,1,0
1383,1,0,s,0,0,4,s,0,d,d,s,4,3,2,0,s,d,3,9,d,0,11,16,d,0,26,2,16,1,0
I616,1,0,s,0,0,4,s,0,0,4,s,4,3,2,35,0,1,3,9,2,0,11,16,12,0,26,2,16,1,4
1452,1,0,s,0,0,4,s,15,d,4,s,4,3,d,s,0,1,3,9,2,0,11,16,12,0,d,d,16,1,4
1532,1,0,s,0,0,4,s,d,0,s,s,4,s,d,d,0,1,3,9,2,0,11,16,12,0,26,2,16,1,4
I619,1,0,s,17,0,4,s,0,0,4,15,4,3,2,0,0,1,3,9,2,0,11,16,12,0,26,2,16,1,0
I620,1,0,s,17,3,4,s,0,0,4,15,4,3,2,0,0,1,3,9,2,0,11,16,12,0,26,2,16,1,0
1461,1,0,s,17,3,4,s,0,s,4,15,4,3,2,0,0,1,d,9,2,d,11,16,12,0,26,2,16,1,33
I622,1,0,s,17,3,4,s,0,0,4,15,4,3,2,0,0,1,3,9,2,0,11,16,12,0,26,2,16,1,0
1201,1,0,s,17,3,4,s,0,0,4,15,4,3,2,0,0,1,3,9,d,0,d,16,12,0,26,d,16,1,d
1200,1,0,s,17,d,d,s,0,0,4,d,4,3,2,0,0,1,3,9,2,0,11,16,12,0,26,2,d,d,0
I623,1,0,s,17,3,4,s,0,1,4,15,4,3,2,0,0,1,3,9,2,0,11,16,12,0,26,s,16,1,0
1325,d,8,s,s,3,4,s,2,1,4,15,d,3,2,12,0,1,d,9,2,10,11,16,12,0,26,s,16,1,0
1399,1,13,s,d,3,4,s,0,1,4,15,4,3,2,0,0,d,d,9,2,0,s,16,12,d,26,s,16,d,0
I626,1,0,s,0,0,4,s,0,0,4,15,4,3,3,0,0,1,3,0,2,0,11,16,12,0,26,1,16,1,0
I627,1,0,s,0,0,4,s,0,0,4,15,4,3,3,0,0,1,3,0,2,0,11,16,12,14,26,1,16,1,0
I630,1,s,s,0,0,4,s,0,0,4,15,4,3,3,35,0,1,3,0,2,s,11,16,12,s,26,1,16,1,37
1317,1,s,s,0,0,4,s,0,0,4,15,4,d,3,35,0,1,3,0,2,s,11,16,12,s,26,1,d,1,37
1316,1,s,s,0,0,4,s,0,0,4,15,4,3,3,35,0,1,3,0,2,s,11,16,12,s,26,1,16,1,37
I631,1,0,s,0,0,4,s,0,3,4,15,4,3,3,0,0,1,3,0,2,28,11,16,12,14,26,1,16,1,0
I632,1,0,s,21,0,4,s,0,3,4,15,4,3,3,0,0,1,3,0,2,28,11,16,12,14,26,1,16,1,0
1385,1,0,s,21,0,4,s,0,3,4,15,4,3,3,0,d,1,3,d,2,28,11,16,12,14,26,1,16,d,0
1384,1,0,s,d,0,4,s,d,3,4,15,4,3,3,0,0,1,3,0,2,28,11,16,d,14,26,1,16,1,0
1412,d,0,s,0,0,4,s,0,3,4,15,4,3,d,0,0,1,3,0,2,28,11,16,12,d,26,1,16,1,0
I634,1,3,s,0,0,4,s,0,0,4,15,4,3,3,0,0,1,3,0,2,0,11,16,12,0,26,1,16,1,54
1335,1,3,s,7,0,4,s,5,1,4,15,s,3,3,d,0,1,3,0,2,0,d,16,d,0,26,1,16,1,54
I638,1,3,s,s,0,4,s,2,0,4,15,4,3,3,5,0,1,3,0,2,0,11,16,12,0,26,1,16,1,54
I639,1,3,s,s,0,4,s,2,0,4,15,4,3,3,s,0,1,3,18,2,0,11,16,12,0,26,1,16,1,54
1469,1,3,s,s,0,4,s,2,d,4,15,4,3,3,s,0,1,3,18,2,0,11,16,12,0,26,1,16,1,54
1468,1,3,s,s,0,4,s,2,0,4,15,d,3,d,s,0,1,3,d,2,0,d,16,12,0,26,d,16,1,54
I640,1,3,s,s,0,4,s,2,0,4,15,4,3,3,5,0,1,3,0,2,0,11,16,12,0,26,1,16,1,54
1351,1,3,s,s,d,4,s,2,0,4,15,4,3,3,5,0,1,3,0,2,0,11,16,12,0,26,d,16,1,d
1350,1,3,s,s,0,d,s,2,0,4,15,d,3,3,5,0,1,3,0,2,0,11,16,12,0,26,1,16,1,54
I641,0,0,4,17,0,4,0,0,0,4,15,4,s,0,0,0,0,3,0,0,6,11,16,12,15,0,0,0,1,0
I642,0,0,4,17,0,4,0,0,0,4,15,4,s,0,0,0,0,3,0,0,6,11,16,12,15,0,0,0,1,0
I643,0,0,4,17,0,4,0,0,0,4,15,4,s,0,0,2,0,3,0,0,6,11,16,12,15,0,1,0,1,0
I644,0,0,4,17,0,4,0,0,0,4,15,4,s,0,0,2,0,3,0,0,6,11,16,12,15,0,1,0,1,0
I645,0,0,4,17,0,4,0,0,2,4,15,4,s,0,0,2,0,3,0,0,6,11,16,12,15,0,1,0,1,s
I646,0,0,4,17,0,4,0,0,2,4,15,s,s,0,0,2,1,3,0,0,6,11,16,12,15,0,1,0,1,s
1882,d,d,4,17,0,4,0,0,2,4,15,s,s,0,0,2,1,3,0,0,6,11,16,12,15,0,1,9,1,s
1860,0,d,4,17,d,d,0,0,2,d,15,s,s,0,d,2,1,3,0,0,6,11,d,12,d,0,1,0,1,s
I650,0,0,4,17,0,4,3,0,2,4,15,4,s,0,0,2,0,3,0,0,6,11,16,12,15,26,1,0,1,s
1819,0,0,4,17,0,4,d,0,2,4,15,d,s,0,0,d,0,3,0,d,6,11,16,12,d,26,1,d,1,s
1818,0,0,d,17,0,4,3,0,2,4,15,4,s,0,0,2,0,d,0,0,d,11,16,12,15,d,d,0,1,s
I652,0,0,4,s,0,4,0,0,0,4,15,4,s,s,0,2,0,3,0,s,6,11,16,12,15,0,1,0,1,0
I653,0,0,4,s,0,4,0,0,0,4,15,4,s,s,0,2,0,3,0,s,6,11,16,12,15,0,1,0,1,0
1289,0,7,4,s,0,4,0,0,d,4,15,4,s,s,s,2,d,s,0,s,6,11,16,12,15,0,d,0,d,0
1519,0,0,4,s,0,4,0,0,d,4,15,4,s,s,0,2,0,d,0,s,6,11,d,d,15,19,1,d,1,d
I656,0,0,4,s,0,4,0,0,0,4,15,4,s,s,0,2,0,3,9,s,6,11,16,12,15,0,1,0,1,0
1637,d,0,4,s,0,d,0,0,0,4,15,4,s,s,0,2,0,3,9,s,6,11,16,12,15,0,1,0,1,0
1700,0,0,4,s,d,4,0,s,0,4,15,4,s,s,0,2,0,d,d,s,6,11,d,12,15,0,d,0,1,0
I659,1,0,4,17,0,4,s,0,0,4,15,4,s,0,0,2,0,3,0,2,6,11,16,12,15,0,1,0,1,0
I660,1,1,4,17,0,4,s,0,0,4,15,4,s,0,0,2,0,3,0,2,6,11,16,12,15,0,1,0,1,0
1228,1,1,4,17,0,4,s,3,2,4,15,d,s,12,d,2,1,3,d,d,6,d,16,12,d,0,1,s,1,0
1471,1,d,4,17,0,4,s,1,0,4,15,4,s,0,0,2,0,3,0,2,6,11,16,s,15,0,d,0,d,5
I667,1,0,4,17,0,4,s,0,3,4,15,4,s,0,0,2,0,3,0,2,6,11,16,12,15,0,1,0,1,0
I668,1,0,4,17,0,4,s,0,3,4,15,4,s,0,0,2,0,3,0,2,6,11,16,12,15,0,1,0,1,0
1560,1,0,4,17,d,4,s,0,3,4,15,4,s,0,0,2,10,3,0,2,6,11,16,12,15,d,1,0,1,0
I670,1,0,4,17,0,s,s,0,3,4,15,4,s,0,0,2,0,3,0,2,6,11,s,12,15,0,1,0,1,37
1621,1,0,4,17,0,s,s,0,3,4,15,4,s,0,0,d,0,3,d,2,d,11,s,d,15,0,1,0,1,d
1620,1,0,4,17,0,s,s,0,3,4,15,4,s,0,0,2,0,3,0,2,6,d,s,12,15,0,1,d,1,37
I671,1,0,4,17,3,4,s,0,3,4,15,4,s,0,0,2,0,3,0,2,6,11,16,12,15,0,1,0,1,0
I672,1,0,4,17,3,4,s,0,3,4,15,4,s,0,0,2,3,3,0,2,6,11,16,12,15,0,1,0,1,0
1631,1,0,4,17,3,4,s,d,3,4,15,d,s,d,0,d,d,3,0,2,6,d,16,12,15,0,1,0,1,d
1630,d,0,4,17,3,4,s,d,3,4,15,d,s,d,0,2,3,d,0,2,6,d,16,d,15,0,1,0,1,0
1779,1,0,4,17,3,4,s,0,3,4,15,4,s,0,0,2,15,3,0,2,6,11,16,12,15,0,1,0,1,0
I674,0,0,4,17,0,4,0,0,0,4,15,4,s,0,0,0,0,3,0,0,6,11,16,12,15,0,0,0,1,0
I675,0,0,4,17,0,4,0,0,0,4,15,4,s,0,0,0,0,3,0,0,6,11,16,12,15,0,0,0,1,0
I676,1,0,4,17,s,4,0,0,3,4,15,4,s,0,0,0,0,3,0,0,6,11,16,12,15,0,0,6,1,0
I679,1,0,4,17,s,4,0,0,3,4,15,4,s,0,0,0,0,3,9,20,6,11,16,12,15,0,1,6,1,0
1465,1,0,s,17,s,4,0,0,3,4,15,d,s,0,0,s,0,3,9,d,6,11,16,12,15,0,1,6,1,0
1464,d,0,4,17,s,d,0,0,3,4,15,s,s,0,0,0,0,3,9,20,6,11,16,12,d,8,d,6,1,6
I680,1,0,4,17,s,4,0,0,3,4,15,4,s,0,0,2,0,3,0,0,6,11,16,12,15,0,0,6,1,0
I681,1,0,4,17,s,4,0,0,3,4,15,4,s,0,0,2,0,3,0,0,6,11,16,12,15,0,0,6,1,0
1297,1,0,4,17,s,4,0,0,3,4,15,4,s,0,d,d,0,3,0,0,6,11,16,12,d,0,1,6,1,0
1296,1,d,d,17,s,4,d,7,3,4,d,4,s,23,0,2,0,3,0,0,6,11,16,12,15,0,0,d,1,d
1134,d,d,4,17,s,4,12,d,d,4,15,d,s,3,0,2,0,d,0,0,6,11,d,12,15,26,0,6,1,0
I683,0,0,4,17,0,4,0,0,0,4,15,4,s,0,0,0,0,3,5,0,6,11,16,12,15,0,0,0,1,0
I684,0,0,4,17,0,4,0,0,0,4,15,4,s,0,0,0,0,3,5,9,6,11,16,12,15,0,0,0,1,0
I685,0,0,4,17,0,4,0,0,0,4,15,s,s,28,0,0,12,3,5,9,6,11,16,12,15,0,1,0,1,0
1855,0,d,4,17,d,4,d,d,0,4,d,s,s,28,0,0,12,d,5,9,6,11,d,12,15,d,1,0,1,0
1854,0,0,4,17,0,4,0,0,0,4,15,s,s,28,0,0,12,3,5,9,6,11,16,d,15,0,1,0,1,d
1794,0,s,4,17,0,4,6,0,0,4,15,4,s,0,0,0,d,d,5,d,6,11,d,12,15,0,0,0,1,2
I688,0,0,4,17,0,4,5,0,0,4,15,4,s,0,0,0,0,3,5,0,6,11,16,12,15,0,0,0,1,18
1531,0,0,4,17,0,d,5,0,0,d,d,4,s,0,0,0,0,d,5,0,6,d,16,12,15,0,0,0,1,18
1530,0,d,4,17,0,4,5,0,0,4,15,4,s,0,d,0,0,3,5,0,6,11,16,d,15,0,0,0,1,18
I690,0,0,4,17,0,4,0,2,0,4,15,4,s,0,0,0,0,3,0,0,6,11,16,12,15,0,0,0,1,0
I691,0,0,4,17,0,4,0,2,0,4,15,4,s,0,0,0,0,3,0,0,6,11,16,12,15,0,0,4,1,0
1148,0,d,d,17,0,4,5,2,0,4,15,4,s,0,34,0,0,s,0,0,6,11,d,d,15,0,0,4,1,0
1510,0,0,4,17,0,s,0,2,d,4,15,4,s,28,31,0,0,d,0,0,6,11,16,d,s,0,0,4,1,14
I698,0,0,4,17,0,4,0,2,0,4,15,4,s,0,0,0,s,3,0,0,6,11,16,12,15,0,0,0,1,5
I699,0,15,4,17,0,4,0,2,0,4,15,4,s,0,0,0,s,3,0,12,6,11,16,12,15,0,0,0,1,5
I700,0,15,4,17,0,4,0,2,s,4,15,4,s,0,0,0,s,3,0,12,6,11,16,12,15,0,0,0,1,5
1357,0,15,d,17,2,4,0,d,s,4,15,4,s,0,0,0,s,3,d,d,6,11,16,12,15,0,0,0,1,5
1356,0,d,4,d,d,4,0,2,s,4,15,4,s,17,0,0,s,3,0,12,6,11,16,12,15,d,0,0,1,5
1274,0,15,4,17,0,4,6,2,d,4,15,4,s,0,0,0,s,3,d,12,6,11,16,12,15,d,d,d,1,5
I702,1,0,4,17,0,4,0,2,0,4,15,4,s,0,0,0,s,3,8,0,6,11,16,12,15,0,0,0,1,5
1307,1,0,4,d,0,4,0,2,0,4,15,4,s,0,0,0,s,3,8,18,6,11,16,12,15,d,0,d,1,5
1271,1,15,4,17,s,4,0,2,0,4,15,4,s,0,0,d,s,3,d,0,6,11,16,12,15,28,d,0,1,5
I705,0,0,4,17,0,4,s,0,0,4,15,4,s,0,0,0,0,3,0,0,6,11,16,12,15,0,0,0,1,0
I706,0,0,4,17,0,4,s,1,0,4,15,4,s,0,0,0,0,3,0,0,6,11,16,12,15,0,0,0,1,0
I707,1,0,4,17,0,4,s,1,3,4,15,4,s,0,0,0,0,3,0,0,6,11,16,12,15,0,0,0,1,0
I708,1,0,4,17,0,4,s,1,3,4,15,4,s,12,0,0,0,s,0,0,6,11,16,12,15,0,0,0,1,0
I709,1,0,4,17,0,4,s,s,3,4,15,4,s,12,0,0,0,s,0,6,6,11,16,12,15,0,0,0,1,0
1233,d,0,4,17,d,4,s,s,3,4,15,4,s,12,d,0,0,s,0,d,6,11,16,12,d,0,3,d,1,0
1554,1,0,4,17,0,4,s,s,3,4,15,4,s,12,0,0,0,s,d,6,6,11,d,d,15,0,d,d,1,0
I712,1,0,4,17,3,4,s,1,3,4,15,4,s,12,0,2,0,s,0,0,6,s,16,12,15,0,0,0,1,0
I713,s,0,4,17,3,4,s,1,3,4,15,4,s,12,0,2,0,s,0,0,6,s,16,12,15,0,0,0,1,0
1387,s,0,4,17,3,4,s,1,3,4,15,4,s,12,0,2,0,s,0,0,d,s,16,12,15,0,0,4,1,d
1386,s,0,4,17,3,4,s,1,3,d,d,4,s,12,0,d,0,s,d,0,d,s,16,12,15,13,0,0,1,0
I714,1,0,4,17,3,4,s,1,3,4,15,4,s,12,0,2,0,s,0,0,6,s,16,12,15,0,0,0,1,0
1673,1,0,4,17,3,4,s,1,3,4,d,4,s,d,d,d,0,s,0,0,6,s,d,d,15,d,d,0,1,0
1672,1,0,d,17,3,4,s,d,3,4,15,4,s,d,d,2,0,s,0,d,6,s,16,12,15,0,0,0,1,0
I715,1,0,4,17,0,4,s,1,3,4,15,4,s,0,0,0,0,3,4,0,6,11,16,12,15,0,3,17,1,0
I716,1,0,4,17,3,4,s,1,3,4,15,4,s,0,0,0,0,3,4,0,6,11,16,12,15,0,3,17,1,0
I717,1,0,4,17,3,4,s,1,3,4,15,4,s,41,0,0,0,3,4,2,s,11,16,12,15,0,3,17,1,44
1723,1,0,4,17,d,4,s,1,3,4,15,4,s,d,0,0,d,3,d,2,s,11,16,12,15,0,3,17,1,44
1722,d,0,d,17,3,4,s,1,3,4,15,4,s,41,0,0,0,3,4,2,s,11,16,12,15,0,3,17,1,44
1816,1,0,4,d,3,4,s,1,3,4,d,4,s,0,0,0,0,3,4,0,6,11,16,d,15,1,3,d,1,0
I719,1,0,4,17,0,4,s,1,3,4,15,4,s,0,0,0,0,s,4,0,6,11,16,12,15,0,3,17,1,0
I720,1,0,4,17,0,4,s,1,3,4,15,4,s,0,0,0,3,s,4,6,6,11,16,12,15,0,3,17,1,0
1857,1,0,4,17,0,4,s,1,3,4,15,4,s,0,0,0,3,s,4,6,d,11,16,12,15,0,3,d,1,d
1856,d,0,4,17,0,4,s,1,3,4,15,d,s,0,0,0,3,s,4,6,6,11,16,12,15,0,3,17,1,0
1830,1,0,4,17,0,4,s,1,3,4,15,4,s,0,0,d,0,s,s,0,6,11,16,12,15,d,3,17,1,0
I722,0,0,4,17,0,4,s,1,0,4,15,4,s,0,0,0,0,3,0,0,6,11,16,12,15,0,0,0,1,0
I723,0,0,4,17,0,4,s,1,0,4,15,4,s,0,0,0,0,3,0,0,6,11,16,12,15,0,0,0,1,0
1646,d,20,4,17,0,d,s,d,0,4,15,d,s,0,0,d,0,3,0,d,6,11,16,12,15,27,0,0,d,27
I728,0,0,4,17,0,4,s,1,0,4,15,4,s,0,0,0,0,3,0,0,6,11,16,12,15,26,3,0,1,0
1947,0,0,4,17,0,4,s,1,0,4,15,4,s,0,0,0,0,3,0,0,6,11,16,12,15,26,3,0,1,0
1946,0,d,4,17,0,4,s,1,0,d,15,4,s,0,0,0,0,3,0,0,6,11,16,12,d,26,3,0,1,0
I730,0,1,4,17,0,s,s,1,0,4,15,4,s,0,11,0,0,3,0,0,6,11,16,12,15,0,0,0,1,0
2023,1,d,4,17,0,s,s,s,0,4,15,d,s,0,d,0,0,3,0,0,6,11,16,d,15,3,0,d,d,50
I734,0,1,4,17,0,s,s,1,0,4,15,4,s,0,11,0,0,3,0,0,6,11,16,12,15,0,0,0,1,0
1989,0,1,4,17,0,s,s,1,0,4,15,4,s,0,d,d,0,3,0,6,6,11,16,12,15,d,0,0,1,0
I736,0,1,4,17,3,s,s,1,0,4,15,4,s,0,11,0,0,3,13,0,6,11,16,12,15,0,0,0,1,0
2019,0,1,4,17,3,s,s,1,0,4,15,4,s,0,d,0,0,3,d,0,6,d,d,12,15,0,0,d,1,0
2018,0,1,4,d,3,s,s,1,0,4,15,d,s,0,11,0,0,3,13,0,6,s,16,12,15,0,0,d,d,0
I737,0,0,4,17,0,4,s,0,0,s,15,4,s,0,0,2,0,3,0,0,6,11,16,12,15,0,0,0,1,0
I738,0,0,4,17,0,4,s,0,0,s,15,4,s,0,0,2,0,3,0,0,6,11,16,12,15,0,0,0,1,27
I739,0,0,4,17,0,4,s,0,0,s,15,4,s,0,0,2,0,3,0,0,6,11,16,12,15,0,0,7,1,27
1261,d,d,d,d,d,4,s,7,0,s,15,4,s,0,0,2,0,3,0,0,6,d,16,12,15,0,0,s,1,27
I743,0,0,4,17,0,4,s,0,0,s,15,4,s,s,0,2,0,3,0,0,6,11,16,12,15,0,0,7,1,27
I744,0,0,4,17,0,4,s,0,0,s,15,4,s,s,0,2,0,3,0,0,6,11,16,12,15,0,3,7,1,27
1589,d,0,4,d,0,4,s,0,3,s,15,4,s,s,0,2,0,3,0,0,6,11,16,12,15,0,3,7,d,27
1588,0,0,4,17,0,4,s,0,0,s,15,4,s,s,d,2,0,3,0,0,6,11,16,12,15,0,3,7,1,27
1367,0,d,4,17,0,4,s,0,d,s,15,4,s,s,36,2,0,d,0,0,6,11,16,12,15,0,0,7,1,27
I746,0,0,s,17,0,4,s,5,0,s,15,4,s,0,0,s,0,3,0,0,6,11,16,12,15,0,2,0,1,27
I747,0,0,s,17,0,4,s,5,0,s,15,4,s,0,0,s,0,s,0,0,6,11,16,12,15,0,2,0,1,27
1496,0,0,s,17,0,4,s,5,1,s,15,4,s,28,s,s,0,s,0,0,6,11,16,12,15,d,2,0,1,27
1321,0,0,s,17,0,4,s,5,1,s,15,4,s,0,d,s,0,s,0,1,6,11,16,12,15,0,2,0,1,d
I750,0,0,s,17,0,4,s,5,0,s,15,4,s,0,3,s,0,3,0,0,6,11,16,12,15,0,2,0,1,27
1362,0,d,s,17,0,4,s,5,d,s,15,4,s,0,3,s,d,3,0,0,6,11,16,d,d,d,2,0,d,27
I752,0,10,s,17,3,4,s,5,0,s,15,4,s,0,3,s,0,3,0,0,6,11,16,12,15,0,2,0,1,27
1105,0,10,s,17,d,4,s,5,0,s,d,d,s,d,3,s,0,3,0,0,6,11,16,12,15,0,2,0,1,27
1104,0,10,s,d,3,4,s,5,0,s,15,4,s,d,3,s,0,3,d,0,d,11,16,12,15,0,2,0,d,27
I753,0,0,4,17,0,4,s,0,0,s,15,4,s,0,0,2,0,3,13,0,6,11,16,12,15,0,0,0,1,0
I754,0,0,4,17,0,4,s,0,0,s,15,4,s,0,24,2,0,3,13,0,6,11,16,12,15,0,0,35,1,0
I755,0,0,4,17,0,4,s,0,0,s,15,4,s,0,24,s,0,3,13,0,6,11,16,12,15,0,0,35,1,0
1214,0,0,4,17,0,4,s,0,4,s,15,4,s,0,24,s,1,3,13,s,6,11,16,12,15,0,2,35,1,d
I757,0,0,4,17,0,4,s,0,0,s,15,4,s,0,24,s,0,3,13,0,6,11,16,12,15,0,0,35,1,0
1171,0,0,4,17,0,d,s,0,0,s,d,d,s,0,24,s,0,3,13,0,6,d,16,12,15,0,d,35,1,0
1170,0,d,4,17,0,4,s,d,0,s,15,4,s,0,24,s,0,3,13,d,6,11,16,12,15,0,0,35,d,0
1205,0,2,4,17,0,d,s,0,d,s,15,4,s,0,24,2,1,3,13,0,6,11,16,12,d,0,3,35,1,0
I761,1,0,4,17,0,4,s,0,0,s,15,4,s,0,0,2,0,3,13,0,6,11,16,12,15,0,0,0,1,0
I762,1,0,4,17,0,4,s,0,0,s,15,4,s,0,0,2,0,3,13,0,6,11,16,12,15,0,0,0,1,0
I763,1,0,4,17,0,4,s,0,0,s,15,4,s,0,0,2,0,3,13,0,6,11,16,12,15,0,0,0,1,0
1139,1,0,d,17,0,4,s,d,0,s,s,4,s,0,28,2,0,d,13,0,6,d,16,12,15,0,d,0,1,0
1138,1,0,4,d,0,4,s,0,0,s,15,4,s,0,0,2,0,3,13,0,6,11,16,12,15,0,3,1,1,d
I764,1,0,4,17,0,4,s,0,0,s,15,4,s,0,0,2,0,3,13,0,s,11,16,12,15,0,0,0,1,0
1063,1,0,4,17,0,4,s,0,0,s,15,d,s,0,d,2,0,d,13,0,s,11,16,12,15,d,0,0,1,54
1062,d,0,4,17,0,4,s,0,0,s,15,d,s,0,0,2,0,3,d,0,s,d,16,d,15,8,0,0,d,d
1280,d,4,4,17,2,s,s,d,d,s,15,4,s,0,0,d,0,3,13,0,6,11,d,12,15,0,d,35,1,0
I768,0,0,4,0,0,s,0,11,0,0,0,4,0,0,0,0,0,3,0,0,0,0,16,12,0,0,0,0,1,14
I769,0,0,4,0,0,s,3,11,0,0,0,4,0,0,0,0,0,3,0,0,13,0,16,12,0,0,0,0,1,14
I770,0,2,4,0,0,s,3,11,3,0,1,4,0,0,0,0,0,3,15,0,13,0,16,12,0,0,0,17,1,14
I771,0,2,4,0,3,s,3,11,3,0,1,4,0,0,12,0,0,3,15,0,13,0,16,12,0,0,0,17,1,14
I772,0,2,4,0,3,s,3,11,3,0,1,4,0,0,12,0,0,3,15,0,13,0,16,12,0,0,0,17,1,14
I773,0,2,4,0,3,s,3,11,3,0,1,4,0,0,12,0,6,3,15,0,13,0,16,12,0,30,0,17,1,14
I776,0,2,4,34,3,s,3,11,3,0,1,4,0,23,12,0,6,3,15,0,13,0,16,12,0,30,0,17,1,14
1955,d,2,4,34,3,s,3,11,3,0,1,4,0,23,12,0,d,3,15,0,13,0,16,d,0,30,d,17,d,14
1954,0,2,4,d,d,s,3,11,3,0,1,4,0,23,12,0,6,3,15,0,13,0,16,12,0,30,2,17,1,14
I777,0,2,4,0,3,s,3,11,3,0,1,4,0,0,12,0,6,3,15,0,13,0,16,12,0,30,0,17,1,14
1225,d,d,4,0,3,s,3,11,3,0,1,d,3,0,d,0,6,3,s,0,13,0,d,d,0,30,0,d,1,14
1641,0,2,4,0,d,s,3,11,3,0,d,4,0,d,12,0,6,3,15,0,13,0,16,12,0,30,0,17,1,14
I780,0,2,4,0,3,s,3,11,3,0,1,4,0,0,12,0,0,3,15,0,13,0,16,12,0,0,0,17,1,14
1360,0,2,4,0,3,s,3,11,3,0,1,4,0,0,12,2,s,3,15,3,13,d,16,12,0,18,0,17,1,14
I784,1,2,4,0,3,s,3,11,3,0,1,4,0,0,12,0,9,3,15,0,13,0,16,12,0,23,0,s,1,14
I785,1,2,4,0,3,s,s,11,3,0,1,4,0,0,12,0,9,3,15,0,13,0,16,12,61,23,2,s,1,14
1623,1,2,4,0,3,s,s,11,3,0,1,d,0,0,12,0,9,3,15,9,13,d,16,12,d,23,2,s,1,14
1622,1,2,4,0,3,s,s,11,3,0,1,4,0,0,12,0,9,3,15,0,13,0,16,12,61,23,2,s,1,14
1696,1,2,4,0,3,s,3,11,d,d,1,4,0,d,12,0,9,3,15,2,13,0,16,12,0,23,0,s,1,14
I787,0,2,4,0,3,s,3,11,3,0,1,4,0,0,12,0,0,3,15,0,13,0,s,12,0,0,0,17,1,14
I788,0,2,4,0,3,s,3,11,3,0,1,4,0,0,12,0,0,3,15,0,13,0,s,12,0,0,0,17,1,14
I789,0,2,4,15,3,s,3,11,3,0,1,4,0,0,12,0,0,3,15,0,13,0,s,12,0,0,0,17,1,14
1998,0,d,4,15,3,s,3,11,3,0,1,4,0,0,s,0,0,3,15,0,13,0,s,12,0,0,0,17,1,14
998,d,2,d,15,3,s,3,11,3,0,1,4,d,35,12,d,0,3,15,0,13,d,s,12,0,0,0,17,1,14
I791,0,2,4,2,3,s,3,11,3,0,1,4,0,33,12,0,0,3,15,0,13,0,s,12,0,0,0,17,1,14
1721,0,2,4,2,3,s,3,11,d,d,1,4,d,33,12,d,0,3,15,0,13,0,s,12,0,0,0,17,1,14
I793,0,2,4,2,3,s,3,11,3,0,1,4,3,33,12,0,0,3,15,0,13,0,s,12,0,0,0,17,1,14
1917,d,2,4,2,3,s,3,11,3,0,1,4,d,33,12,0,d,d,15,0,13,0,s,12,0,0,0,17,1,14
1916,0,2,4,2,3,s,3,11,3,0,1,d,3,33,12,0,0,3,15,d,13,0,s,12,0,0,0,17,d,14
I794,0,2,4,0,3,s,3,11,3,0,1,4,0,0,12,0,12,3,15,0,13,0,s,12,0,0,0,17,1,14
1020,5,2,4,0,3,s,3,11,3,0,d,4,0,d,12,0,12,3,15,0,d,0,s,12,0,0,0,17,s,14
1837,0,2,4,0,3,s,3,11,3,0,1,4,3,0,12,0,d,3,15,0,13,0,s,12,0,d,0,17,1,14
I799,0,2,4,52,0,s,3,11,3,0,1,4,0,0,0,2,0,3,15,20,13,0,16,12,0,0,0,17,1,14
I800,0,2,4,52,0,s,3,11,3,s,1,4,0,0,0,2,0,3,15,20,13,0,16,12,0,0,0,17,1,14
I801,0,2,4,52,0,s,3,11,3,s,1,4,0,0,0,2,0,3,15,20,13,0,16,12,0,0,0,17,1,14
I802,0,2,4,52,3,s,3,s,3,s,1,4,0,0,0,2,0,3,15,20,13,0,16,12,0,0,0,17,1,14
1844,0,d,4,52,3,s,3,s,3,s,1,d,0,0,0,2,0,3,15,20,13,0,16,12,0,0,0,d,1,14
I804,1,2,4,52,3,s,3,s,3,s,1,4,0,0,0,2,0,3,15,20,13,0,16,12,0,13,0,17,1,14
1775,d,d,4,52,3,s,3,s,3,s,1,4,0,d,0,d,d,3,15,20,13,0,16,12,0,13,0,17,1,d
1774,1,d,4,52,s,s,3,s,3,s,1,4,0,0,0,d,0,d,15,20,13,0,16,12,0,13,0,17,1,14
I805,0,2,4,52,0,s,3,11,3,s,1,s,0,0,0,2,0,3,15,20,13,0,16,12,0,0,0,17,1,14
1963,0,2,4,52,d,s,3,11,3,s,1,s,0,0,s,d,0,d,15,20,13,0,16,d,0,0,0,17,1,14
I807,0,2,4,52,0,s,3,11,3,s,1,s,0,0,0,2,0,3,15,20,13,0,16,12,0,0,0,17,1,14
1501,0,2,4,52,0,s,3,11,3,s,1,s,0,0,0,2,0,d,15,20,13,0,16,12,0,0,0,d,1,14
1500,0,2,4,52,0,s,3,11,3,s,1,s,0,0,0,2,6,3,15,d,d,0,16,12,0,0,0,17,d,14
I808,0,2,4,52,0,s,3,11,3,s,1,4,0,0,0,2,0,3,15,20,13,0,16,12,0,0,0,17,1,14
1823,0,2,4,52,0,s,3,11,3,s,1,4,d,0,0,2,0,3,15,20,13,4,16,12,s,0,0,17,1,14
I812,0,2,4,52,0,s,3,11,3,s,1,4,0,0,0,2,6,3,15,20,13,0,16,12,57,0,0,17,1,14
1924,d,2,4,52,0,s,3,11,3,s,d,4,0,0,0,2,6,3,15,20,13,0,16,d,57,0,0,d,1,14
1993,0,2,4,52,3,s,d,11,3,s,1,4,0,0,0,2,6,3,15,20,13,0,16,12,57,0,0,17,1,14
I815,s,2,4,52,0,s,3,11,3,0,1,4,0,0,0,2,0,3,15,20,13,0,16,12,0,0,2,17,1,14
I816,s,2,4,52,0,s,3,11,3,0,1,4,3,0,0,2,0,3,15,20,13,0,16,12,0,0,2,17,1,14
I817,s,2,4,52,0,s,3,11,3,0,1,4,3,0,0,2,0,3,15,20,13,0,16,12,0,0,2,17,1,14
1918,s,2,4,52,0,s,3,11,d,0,1,4,3,0,0,d,0,3,15,20,13,0,d,12,0,0,d,17,1,d
2027,s,2,4,52,0,s,3,11,3,0,1,4,s,0,0,2,0,3,d,20,d,0,16,12,0,d,2,17,1,14
I820,s,2,4,52,0,s,3,11,3,0,1,4,3,0,0,2,0,3,15,20,13,0,16,12,0,0,2,17,1,14
1966,s,2,4,52,0,s,3,d,3,d,1,d,d,0,2,d,0,d,15,d,13,0,16,12,28,0,2,17,1,14
I822,s,2,4,52,3,s,3,11,3,0,1,4,3,0,0,2,0,3,15,20,13,0,16,12,0,8,2,17,1,14
1851,s,d,4,52,3,s,3,11,3,0,1,4,3,0,0,2,0,3,15,20,13,0,16,12,0,d,2,17,1,14
1850,s,2,4,52,d,s,3,11,3,0,1,4,3,0,0,2,0,3,15,20,13,0,16,d,0,8,d,17,1,14
I823,s,2,4,52,0,s,3,11,3,0,1,4,0,0,0,2,6,3,15,20,13,0,16,12,0,0,2,17,1,14
1459,s,2,4,52,0,s,3,d,3,0,1,4,0,0,d,2,6,3,15,20,13,0,16,d,0,0,2,s,1,14
1546,s,2,4,52,0,s,3,11,3,2,s,d,0,27,0,2,d,3,15,20,d,0,16,12,0,d,2,17,1,14
I830,0,0,4,0,0,s,3,11,1,0,0,4,3,0,0,0,0,3,0,16,13,4,16,12,0,0,0,0,1,14
I831,0,0,4,0,3,s,3,11,1,0,12,4,3,0,0,0,0,3,0,16,13,4,16,12,0,0,0,0,1,14
I832,1,0,4,0,3,s,3,11,1,0,12,4,3,0,0,0,0,3,0,16,13,4,16,12,0,0,0,0,1,14
I833,1,0,4,0,3,s,3,11,1,0,12,4,3,0,0,0,0,3,0,16,13,4,16,12,0,0,0,s,1,14
1687,d,d,4,5,3,s,3,11,1,d,12,4,3,s,0,2,3,3,0,d,13,d,16,12,0,23,0,s,1,14
I838,1,3,4,0,3,s,3,11,1,0,12,4,3,0,0,2,0,3,0,16,13,4,16,12,0,0,1,s,1,14
1731,d,3,4,0,d,s,3,11,1,0,12,4,d,0,0,2,0,3,0,16,13,4,16,12,d,0,d,s,1,14
1730,1,3,4,0,d,s,3,11,1,0,12,4,3,0,0,2,0,d,0,16,13,4,16,12,0,0,1,s,1,14
I840,1,0,4,0,3,s,3,11,1,0,12,4,3,0,0,0,0,3,0,16,13,4,16,12,0,0,0,0,1,14
I841,1,0,4,0,3,s,3,11,1,0,12,4,3,0,0,0,0,3,0,16,13,4,16,12,3,0,0,0,1,14
1677,1,d,4,d,3,s,3,11,1,0,12,4,3,0,0,2,0,3,9,16,13,4,16,d,3,d,0,0,1,14
1753,1,d,4,0,3,s,3,d,1,0,d,4,3,0,0,0,10,3,0,16,13,4,16,12,3,0,0,13,1,14
I844,1,0,4,34,3,s,3,11,1,0,12,4,3,0,0,0,0,3,0,16,13,4,16,12,0,9,0,0,1,14
I845,1,0,4,34,3,s,3,11,1,0,12,4,3,0,0,0,0,3,0,16,13,4,16,12,0,9,1,6,1,14
1615,d,d,4,34,3,s,3,11,1,0,12,4,3,0,0,0,0,d,0,16,13,4,16,12,0,9,1,6,1,14
1614,1,15,4,34,3,s,d,11,1,2,12,4,d,0,0,0,0,d,0,16,13,4,16,12,0,9,1,6,1,14
I846,1,0,4,34,3,s,3,11,1,0,12,4,3,0,0,0,0,3,0,16,13,4,16,12,0,9,0,0,1,14
1681,1,0,4,34,3,s,3,11,1,0,s,4,3,0,0,2,d,3,0,16,13,d,16,12,0,9,0,0,1,14
1680,1,0,4,d,d,s,s,11,1,0,12,4,3,0,0,0,0,3,0,16,d,4,16,12,0,9,0,d,d,14
I847,0,0,4,0,3,s,3,11,1,0,12,4,s,0,0,0,0,3,0,16,13,4,16,12,0,0,0,s,1,14
I848,0,0,4,0,3,s,3,11,1,0,12,4,s,0,0,0,0,3,4,16,13,4,16,12,0,0,0,s,1,14
I849,0,s,4,0,3,s,3,11,1,0,12,s,s,0,25,0,0,3,4,16,13,4,16,12,0,0,0,s,1,14
I850,0,s,4,0,3,s,3,11,1,3,12,s,s,0,25,0,0,3,4,16,13,4,16,12,0,0,0,s,1,14
1635,0,s,4,0,3,s,3,11,1,3,12,s,s,0,25,0,2,3,d,d,13,4,d,12,0,0,0,s,1,d
1634,d,s,4,0,3,s,3,s,1,d,12,s,s,0,25,0,0,3,4,16,13,d,16,12,0,0,0,s,1,14
1777,0,s,4,0,3,s,3,d,1,0,12,s,s,0,25,0,0,d,4,16,13,4,16,12,s,0,0,s,1,14
I852,0,0,4,0,3,s,3,11,1,0,12,4,s,0,0,0,0,3,4,s,13,4,16,12,0,0,0,s,1,14
1345,0,d,4,d,3,s,3,d,1,0,12,4,s,23,d,2,0,3,4,s,13,4,16,12,d,0,0,s,1,d
1568,1,d,4,0,3,s,3,11,1,0,12,4,s,0,0,0,0,3,4,s,13,d,d,12,0,0,0,s,1,14
I856,0,0,4,0,s,s,3,11,1,0,12,4,s,0,0,0,0,3,12,16,13,4,16,12,1,0,0,s,1,14
I857,0,13,4,0,s,s,3,11,1,0,12,4,s,0,0,0,0,3,12,16,13,4,16,12,1,0,0,s,1,14
1573,0,13,4,0,s,s,3,d,1,0,d,4,s,0,0,0,0,d,12,16,d,4,16,12,1,0,0,s,1,14
1572,0,13,d,d,s,s,3,11,1,d,12,4,s,0,0,d,d,3,12,16,13,4,16,12,1,d,0,s,1,d
I858,0,0,4,34,s,s,3,11,1,0,12,4,s,0,0,0,0,3,12,16,13,4,16,12,1,0,0,s,1,14
1767,d,0,4,34,s,s,3,11,1,d,12,d,s,0,0,d,0,3,12,d,13,4,d,12,d,d,0,s,1,14
1766,0,d,4,34,s,s,3,11,1,0,12,4,s,0,0,d,0,3,12,16,d,4,16,12,1,0,0,s,1,14
I862,0,0,4,0,0,s,3,11,1,0,s,4,3,0,0,0,0,3,0,16,13,4,16,12,0,0,0,0,1,14
I863,0,0,4,0,0,s,3,11,1,0,s,4,3,0,0,0,0,3,13,16,13,4,16,12,0,0,0,0,1,14
I864,0,0,4,0,0,s,3,11,1,0,s,4,3,0,0,0,0,3,13,16,13,4,16,12,0,0,0,0,1,14
I865,0,0,4,0,0,s,3,11,1,0,s,4,3,0,0,0,0,3,13,16,13,4,16,12,0,0,0,0,1,14
I866,0,0,4,0,0,s,3,11,1,0,s,4,3,0,0,0,0,3,13,16,13,4,16,12,0,s,0,0,1,14
1245,1,0,4,0,0,s,3,11,1,0,s,4,3,0,0,0,0,3,13,16,d,4,16,12,0,s,0,0,1,d
1244,d,0,4,0,0,s,3,11,1,0,s,4,3,0,0,0,0,3,13,16,13,4,16,12,0,s,0,0,1,d
I867,0,0,4,0,0,s,3,11,1,0,s,4,3,0,0,0,0,3,13,16,13,4,16,12,0,29,0,0,1,s
1265,0,2,4,0,0,s,3,d,1,0,s,4,3,0,0,0,0,3,13,d,13,4,16,12,0,d,0,d,d,s
1264,0,0,4,0,0,s,3,11,1,0,s,4,3,0,0,0,0,s,13,16,13,4,16,12,0,29,1,0,1,s
I868,1,0,4,0,0,s,3,11,1,s,s,4,3,0,37,0,0,3,13,16,13,4,16,12,0,0,0,0,1,14
1117,1,d,4,58,0,s,3,11,1,s,s,4,3,0,37,2,4,3,d,16,d,d,16,12,63,0,0,0,1,14
I870,1,0,4,0,0,s,3,11,1,s,s,4,3,0,37,0,0,3,13,16,13,4,16,12,0,0,0,0,1,14
1123,1,0,4,17,0,s,3,11,1,s,s,4,3,0,37,2,s,d,d,16,13,4,16,d,0,0,0,0,1,14
1122,1,d,4,0,0,s,3,d,1,s,s,4,3,0,37,0,0,3,13,d,13,4,16,12,0,0,0,d,1,14
I871,1,0,4,0,0,s,3,11,1,0,s,4,3,0,0,0,0,3,13,16,13,4,16,12,0,0,0,0,1,14
I872,1,0,4,0,0,s,3,11,1,0,s,4,3,0,0,0,0,3,13,16,13,4,16,12,0,1,0,0,1,14
1422,1,d,4,0,0,s,3,11,1,0,s,4,3,0,0,0,12,3,13,16,13,4,16,12,11,1,0,38,d,14
I874,1,0,4,0,0,s,3,11,1,0,s,s,3,0,0,0,0,3,13,16,13,4,16,12,0,1,3,0,1,14
1553,1,0,4,0,0,s,3,11,1,0,s,s,3,d,1,0,0,d,13,d,13,4,16,12,0,1,d,0,1,14
1552,1,d,4,0,d,s,3,11,1,d,s,s,3,0,0,0,0,3,13,16,13,4,16,12,0,1,3,d,1,d
I875,1,0,4,0,0,s,3,11,1,0,s,4,3,0,0,3,0,3,13,16,13,4,16,12,0,0,0,42,1,14
1810,1,0,4,d,0,s,3,11,1,0,s,4,3,0,0,3,0,3,13,16,s,4,16,12,d,0,0,42,1,d
I877,1,0,4,0,0,s,3,11,1,0,s,4,3,0,0,3,0,3,13,16,13,4,16,12,0,0,3,42,1,14
1759,1,0,4,0,d,s,3,11,1,0,s,4,3,0,0,3,0,d,13,16,13,4,16,12,0,0,d,42,1,14
1758,d,0,4,0,0,s,3,11,1,0,s,4,3,0,0,s,d,3,d,16,13,4,16,d,0,0,3,42,d,14
I878,0,0,4,0,0,s,3,11,1,0,s,4,3,0,0,0,0,3,0,16,13,4,16,12,0,0,0,0,1,14
I879,0,0,4,0,0,s,3,11,1,0,s,4,3,0,0,0,0,3,0,16,13,4,16,12,0,0,0,0,1,14
1760,1,d,4,0,0,s,3,11,d,d,s,4,3,0,0,0,0,3,0,16,13,4,16,12,28,0,1,s,1,14
I883,0,0,4,0,0,s,3,11,1,0,s,4,3,0,24,0,0,3,0,16,13,4,16,12,2,0,0,0,1,14
1847,0,0,4,0,0,s,3,11,1,d,s,4,3,0,24,0,0,3,0,d,d,d,16,12,2,d,0,0,1,14
I885,0,0,4,0,0,s,3,11,s,4,s,4,3,0,24,2,0,3,0,16,13,4,16,12,2,0,0,9,1,14
1923,0,d,d,0,0,s,3,11,s,4,s,d,3,0,24,d,0,3,0,16,13,4,16,12,2,0,d,9,1,14
1922,d,d,d,d,d,s,d,11,s,4,s,4,3,0,24,2,0,3,0,d,13,4,16,12,2,0,0,9,d,d
I886,0,0,4,0,0,s,3,11,1,0,s,4,3,0,0,0,1,3,0,16,13,4,16,12,0,0,0,0,1,14
1597,1,8,4,18,d,s,3,11,1,0,s,4,3,0,2,0,1,d,9,d,13,d,d,s,s,1,s,d,1,14
I890,0,9,4,0,0,s,3,11,1,2,s,4,3,0,0,0,1,3,0,16,13,4,16,s,0,0,0,16,1,14
1869,0,9,4,0,0,s,3,11,1,d,s,4,3,d,0,0,1,3,0,16,13,4,16,s,0,0,0,16,1,14
1827,0,9,4,d,0,s,3,d,1,2,s,4,3,0,0,2,1,3,0,16,13,4,16,s,0,d,d,16,1,14
I893,1,0,4,0,0,s,0,11,4,0,s,4,0,0,0,0,s,3,0,0,0,0,16,12,0,0,0,0,1,14
I894,1,0,4,0,0,s,0,11,s,0,s,4,0,0,0,0,s,3,0,0,0,0,16,12,1,0,0,0,1,14
I895,1,0,4,0,3,s,0,11,s,0,s,4,0,0,0,0,s,3,0,0,0,0,16,12,1,0,0,0,1,14
I896,1,0,4,0,3,s,0,11,s,0,s,4,0,0,0,0,s,3,0,0,0,0,s,12,1,0,0,42,1,14
I901,1,1,4,0,3,s,0,11,s,0,s,4,3,7,0,0,s,3,23,0,0,0,s,12,1,11,0,42,1,14
1242,1,1,4,7,d,s,d,11,s,0,s,4,3,7,5,0,s,3,d,9,0,21,s,12,1,11,0,d,1,d
1328,1,s,d,s,3,s,0,11,s,0,s,4,3,7,0,0,s,3,23,0,d,0,s,12,1,11,0,42,1,d
I904,1,0,4,0,3,s,0,11,s,0,s,4,0,0,0,0,s,3,0,0,24,0,s,12,1,0,s,42,1,14
I905,1,0,4,7,3,s,0,11,s,0,s,4,0,0,0,0,s,3,0,0,24,0,s,12,1,0,s,42,1,14
1396,d,0,4,7,d,s,0,11,s,0,s,4,0,0,0,0,s,3,0,0,24,s,s,12,1,0,s,42,1,14
1249,1,s,4,7,3,s,0,11,s,0,s,4,0,0,3,0,s,d,5,0,24,12,s,12,1,0,s,42,1,14
1780,1,0,4,0,3,s,0,11,s,0,s,4,0,0,0,2,s,3,0,0,s,d,s,12,1,0,s,d,1,14
I911,1,0,4,0,3,s,0,11,s,0,s,4,0,0,0,0,s,3,0,0,0,0,16,12,1,0,0,0,1,14
I912,1,0,4,0,3,s,0,11,s,0,s,4,0,3,0,0,s,3,0,0,0,0,16,12,1,0,0,0,1,14
1693,1,0,4,0,3,s,0,11,s,0,s,4,0,3,0,0,s,3,0,0,15,0,16,12,1,d,s,0,1,d
I916,1,0,4,0,3,s,0,11,s,0,s,4,0,3,0,0,s,3,0,0,0,0,16,12,1,0,0,0,1,14
1657,1,0,4,0,3,s,0,11,s,0,s,4,s,3,0,0,s,3,d,22,0,d,16,12,1,8,0,0,1,14
I918,1,0,4,0,3,s,0,11,s,0,s,4,0,3,0,0,s,3,0,6,0,0,16,12,1,0,0,0,1,14
1557,1,0,4,0,3,s,0,d,s,0,s,4,0,3,34,0,s,3,d,6,20,0,16,d,1,0,d,0,d,14
1556,1,0,4,0,3,s,0,11,s,0,s,4,0,3,0,3,s,3,0,6,0,0,16,d,1,0,0,0,1,14
I919,1,0,4,0,3,s,0,11,s,s,s,4,0,8,0,0,s,3,0,0,0,0,16,12,1,0,1,0,1,14
1276,1,0,s,0,3,s,d,11,s,s,s,4,0,8,d,2,s,3,0,1,0,8,16,s,1,0,1,d,1,14
I925,1,0,4,0,3,s,0,11,s,s,s,4,0,8,0,0,s,3,0,0,10,0,16,12,1,14,1,0,1,14
1803,1,0,4,0,3,s,d,11,s,s,s,4,d,8,0,0,s,3,0,0,10,d,16,12,1,d,1,d,1,14
1802,1,0,4,d,3,s,0,11,s,s,s,4,0,8,0,0,s,3,0,0,10,0,16,d,d,14,1,0,d,14
I926,1,0,4,0,0,s,0,11,s,0,s,4,0,0,0,0,s,3,0,0,s,0,16,12,s,0,0,0,1,14
I927,1,0,4,0,0,s,0,11,s,0,s,4,0,0,0,2,s,3,0,0,s,0,16,12,s,0,0,0,1,14
I928,1,0,4,0,0,s,0,11,s,2,s,4,s,s,0,2,s,3,0,0,s,0,16,12,s,0,0,0,s,14
1843,1,0,4,0,3,s,0,11,s,2,s,4,s,s,0,2,s,3,0,0,s,0,16,12,s,d,0,25,s,14
I932,1,0,4,0,0,s,0,11,s,2,s,4,s,s,0,2,s,3,0,0,s,0,16,12,s,0,0,0,s,14
I933,1,0,4,0,0,s,5,11,s,2,s,4,s,s,0,2,s,3,0,0,s,0,16,12,s,0,0,0,s,14
1849,1,0,d,0,0,s,5,11,s,2,s,d,s,s,0,2,s,3,0,0,s,0,16,12,s,0,0,d,s,14
1848,1,d,4,0,0,s,5,11,s,d,s,d,s,s,0,2,s,3,0,d,s,d,16,12,s,0,0,d,s,14
1877,1,0,4,0,0,s,0,11,s,s,s,4,s,s,0,2,s,d,d,0,s,0,16,12,s,0,0,0,s,14
I935,1,0,4,0,3,s,0,11,s,4,s,4,0,0,35,2,s,3,0,0,s,0,16,12,s,0,0,0,1,14
I936,1,0,4,0,s,s,0,11,s,4,s,4,3,0,35,2,s,3,0,0,s,0,16,12,s,0,0,0,1,14
1961,1,0,4,0,s,s,0,11,s,d,s,4,3,0,d,2,s,3,0,16,s,0,16,12,s,0,0,d,d,14
1991,1,d,4,0,s,s,0,11,s,4,s,4,d,0,35,2,s,3,0,0,s,0,16,12,s,0,0,0,1,14
1957,1,0,4,s,3,s,0,d,s,4,s,4,0,0,d,2,s,3,15,2,s,0,d,12,s,0,0,0,1,14
I942,1,0,4,0,0,s,0,11,s,0,s,4,0,0,0,0,s,3,0,0,s,0,16,12,s,0,0,44,1,14
I944,1,0,4,18,0,s,0,11,s,0,s,4,0,0,0,0,s,3,15,0,s,0,16,12,s,0,0,44,1,14
I945,1,0,4,18,0,s,0,11,s,0,s,4,0,0,0,0,s,3,15,0,s,0,16,12,s,0,0,44,1,14
1717,1,3,4,18,0,s,0,11,s,d,s,4,0,0,0,0,s,3,15,0,s,0,16,d,s,d,0,44,1,14
1716,1,d,4,d,0,s,0,11,s,0,s,4,0,0,0,0,s,3,15,0,s,0,16,12,s,0,0,44,1,14
1912,1,0,4,18,0,s,0,11,s,0,s,4,d,0,0,0,s,3,15,0,s,0,16,12,s,0,0,44,1,14
I950,1,0,4,0,0,s,0,11,s,0,s,4,0,6,0,0,s,3,0,0,s,0,16,12,s,0,1,44,1,14
I951,1,0,4,0,0,s,0,11,s,0,s,4,3,6,0,0,s,3,15,0,s,0,16,12,s,0,1,44,1,14
1629,1,0,4,0,0,s,d,11,s,0,s,d,d,6,d,0,s,d,d,1,s,32,16,d,s,0,1,d,1,d
1928,1,0,4,0,0,s,3,d,s,0,s,4,3,6,0,2,s,3,15,d,s,0,16,12,s,0,1,44,1,14
I954,1,0,4,0,3,s,0,11,s,0,s,4,0,6,0,0,s,3,0,0,s,0,16,12,s,0,1,44,1,14
I955,1,0,4,0,3,s,0,11,s,0,s,4,0,6,0,0,s,3,0,0,s,0,16,12,s,0,1,44,1,14
1945,1,0,4,0,d,s,0,11,s,d,s,4,0,d,0,0,s,3,d,0,s,0,16,12,s,0,1,44,1,14
1944,d,0,4,0,3,s,0,11,s,0,s,4,0,6,0,0,s,3,0,d,s,0,16,12,s,0,1,d,1,14
1863,1,4,d,d,3,s,0,11,s,0,s,4,0,6,0,0,s,3,0,14,s,0,16,d,s,0,1,d,1,14
I957,1,2,4,0,0,s,0,11,4,0,s,4,0,0,0,0,s,3,0,0,0,0,16,12,0,0,0,0,1,14
I958,1,2,4,0,0,s,0,11,4,0,s,4,0,0,0,0,s,3,0,0,0,0,16,12,0,14,0,0,1,14
I959,1,2,4,0,0,s,0,11,4,0,s,4,0,0,3,0,s,3,0,0,0,0,16,12,0,14,0,4,1,14
I960,1,2,4,0,0,s,0,11,4,0,s,4,0,0,3,0,s,3,0,0,0,0,16,12,0,14,0,4,1,14
1213,1,2,4,34,s,s,d,11,4,0,s,4,0,33,d,0,s,3,0,2,d,0,16,12,0,d,3,d,1,14
I964,1,2,4,0,0,s,0,11,4,0,s,4,0,0,3,0,s,3,0,25,0,s,16,12,0,14,0,4,1,14
I965,1,2,4,0,0,s,0,11,4,0,s,4,0,0,3,0,s,3,0,25,0,s,16,12,0,14,3,4,1,14
1075,d,2,4,0,0,s,0,11,4,0,s,4,0,0,3,0,s,3,d,25,0,s,d,12,0,14,3,4,1,14
1074,d,d,4,0,0,s,0,11,d,0,s,d,0,0,3,3,s,3,d,25,0,s,16,12,0,14,3,4,1,14
1060,1,d,4,d,0,s,0,11,4,0,s,4,0,0,3,0,s,3,0,25,0,s,16,12,0,14,0,4,1,14
I967,1,2,4,0,3,s,0,11,4,0,s,4,0,21,3,0,s,3,s,32,0,0,16,12,0,14,0,4,1,14
I970,1,2,4,s,3,s,0,11,s,0,s,4,3,21,3,0,s,3,s,32,0,12,16,12,0,14,0,4,1,14
1581,1,2,4,s,3,s,5,11,s,0,s,4,3,21,3,0,s,3,s,32,0,12,16,12,0,14,d,d,1,14
1580,d,2,4,s,3,s,0,11,s,0,s,4,3,21,3,0,s,3,s,32,0,12,16,12,d,14,d,4,1,14
1447,1,2,4,0,3,s,0,11,4,0,s,4,0,21,3,0,s,3,s,32,0,0,16,12,15,14,0,4,1,14
I974,1,2,4,0,0,s,0,11,4,0,s,4,0,0,0,0,s,3,0,12,0,0,16,12,0,14,0,25,1,14
I975,1,2,4,0,0,s,0,11,4,0,s,4,0,0,0,0,s,3,0,12,0,0,16,12,0,14,0,25,1,14
I977,1,2,4,0,0,s,0,11,s,s,s,4,0,7,0,0,s,3,0,12,7,0,16,12,0,14,0,25,1,14
1309,1,2,4,0,0,s,0,11,s,s,s,4,d,7,0,0,s,3,0,12,d,0,16,12,0,14,0,s,1,14
1308,d,2,4,0,3,s,0,11,s,s,s,4,0,7,0,0,s,3,0,12,7,d,d,12,0,14,0,25,1,14
I979,1,2,4,0,0,s,2,11,4,0,s,4,0,3,0,0,s,3,0,12,0,0,16,12,0,14,0,25,1,14
1512,1,2,4,0,0,s,2,11,4,0,s,4,0,3,0,0,s,3,0,12,7,0,s,d,0,14,d,25,d,14
1703,d,2,4,d,0,s,2,11,4,0,s,4,d,3,0,0,s,3,d,12,0,0,d,12,0,14,0,d,1,14
1590,d,2,4,0,0,s,0,11,4,d,s,4,d,0,29,0,s,3,0,12,19,39,d,12,0,d,2,25,1,14
I989,1,2,4,0,0,s,0,11,4,0,s,4,s,0,0,0,s,3,0,0,0,0,16,12,0,0,0,0,1,14
I990,1,2,4,0,0,s,0,11,4,0,s,4,s,0,0,0,s,3,0,0,0,1,16,12,0,0,0,7,1,14
I991,1,2,4,0,0,s,0,11,4,0,s,4,s,0,0,3,s,3,0,0,19,1,16,12,0,0,0,7,1,14
I992,1,2,4,0,0,s,0,11,4,0,s,4,s,0,0,3,s,3,0,0,19,1,16,12,0,0,0,7,1,14
1312,1,2,4,0,0,s,d,d,4,0,s,4,s,d,d,3,s,3,0,19,19,1,16,12,0,0,0,d,1,d
1230,1,2,4,0,0,s,d,11,4,0,s,4,s,0,0,s,s,3,0,0,19,d,16,12,23,0,0,d,1,14
1509,1,2,4,d,0,s,d,s,4,0,s,4,s,0,0,3,s,3,0,0,19,1,16,12,0,0,0,7,1,14
I998,1,2,4,0,0,s,0,11,4,0,s,4,s,0,0,0,s,3,4,s,6,1,16,12,0,0,0,7,1,14
I999,1,s,4,0,3,s,0,11,4,0,s,4,s,0,0,0,s,3,4,s,6,1,16,12,0,0,0,7,1,14
1032,d,s,4,0,3,s,0,11,4,d,s,4,s,0,0,0,s,d,4,s,6,1,16,d,0,0,0,7,1,14
I1003,1,s,4,0,3,s,0,11,4,0,s,4,s,0,0,0,s,3,4,s,6,1,16,12,0,0,0,7,1,14
1987,d,s,4,0,3,s,0,11,d,d,s,4,s,0,0,0,s,d,4,s,6,1,16,12,d,0,0,7,1,14
1986,1,s,d,0,3,s,0,11,4,0,s,4,s,0,0,0,s,3,4,s,6,1,16,d,0,0,d,7,1,14
I1004,1,2,4,0,0,s,0,11,4,0,s,4,s,0,0,0,s,3,4,s,6,1,16,12,0,0,0,7,1,14
2005,1,d,4,0,d,s,0,11,d,0,s,4,s,0,0,d,s,3,d,s,6,1,s,12,0,0,0,7,1,14
I1007,1,2,4,34,0,s,0,11,4,0,s,4,s,0,0,0,s,3,4,s,6,1,16,12,0,0,0,7,1,14
1979,1,2,4,34,0,s,0,d,4,0,s,4,s,0,0,0,s,3,d,s,6,1,16,12,0,14,0,7,1,d
1038,1,2,4,34,0,s,0,11,4,0,s,4,s,0,0,0,s,3,4,s,d,1,16,12,0,13,s,7,d,14
I1009,1,2,4,5,0,s,0,11,4,0,s,4,s,0,0,0,s,3,11,20,0,20,16,12,0,0,s,9,1,14
I1010,1,2,4,5,0,s,0,11,4,0,s,4,s,0,0,0,s,3,11,20,0,20,16,12,0,0,s,9,1,14
I1011,1,2,4,5,0,s,2,11,4,0,s,4,s,0,0,0,s,3,11,20,0,20,16,12,0,0,s,9,1,14
1305,1,2,4,5,0,s,2,11,d,0,s,4,s,0,0,0,s,d,11,20,0,20,16,12,0,0,s,9,1,14
1114,1,2,4,5,0,s,2,d,4,0,s,4,s,0,0,s,s,3,11,20,d,20,16,12,0,0,s,9,d,14
I1016,1,2,4,5,0,s,0,11,4,0,s,4,s,0,0,0,s,3,11,20,19,20,16,12,23,0,s,9,1,14
1163,1,2,d,5,0,s,0,11,4,d,s,4,s,9,d,2,s,3,11,20,19,20,16,12,23,0,s,9,1,14
1162,1,d,4,5,0,s,d,11,d,0,s,4,s,0,0,0,s,3,11,20,19,20,16,12,23,0,s,9,1,14
I1017,1,2,4,5,0,s,0,11,4,0,s,4,s,0,0,0,s,3,11,20,0,20,16,12,0,0,s,9,1,14
I1018,1,2,4,5,0,s,0,11,4,0,s,4,s,0,0,0,s,3,11,s,0,20,16,12,0,0,s,9,1,14
I1019,1,2,4,5,0,s,0,11,4,0,s,4,s,0,0,0,s,3,11,s,6,20,16,12,35,0,s,9,1,14
1371,1,2,4,5,0,s,d,11,d,0,s,4,s,0,0,d,s,3,11,s,6,20,16,12,35,0,s,9,1,d
1370,d,2,4,5,0,s,0,11,d,0,s,4,s,0,0,0,s,3,11,s,6,20,16,12,35,0,s,d,1,14
I1020,1,2,4,5,0,s,0,11,4,0,s,4,s,0,17,0,s,3,11,s,0,20,16,12,0,0,s,9,1,14
1443,1,2,d,5,0,s,0,11,d,d,s,4,s,0,17,0,s,3,11,s,0,20,16,12,d,0,s,9,d,14
1442,1,d,4,5,0,s,0,11,4,0,s,d,s,d,17,0,s,3,11,s,0,20,16,12,0,0,s,9,1,14
1337,1,2,4,5,0,s,0,s,4,d,s,4,s,s,0,0,s,3,11,20,d,20,s,12,0,0,s,9,d,14
