cell,r1,r2,r3,r4,r5,r6,r7,r8,r9,r10,r11,r12,r13,r14,r15,r16,r17,r18,r19,r20,r21,r22,r23,r24,r25,r26,r27,r28,r29,r30
I1,0,0,0,0,0,0,0,0,0,0,0,0,0,0,7,0,0,0,0,1,0,0,0,0,0,0,0,0,8,0
I2,0,0,0,0,0,0,0,0,0,0,0,0,0,0,7,9,0,0,0,1,0,0,0,0,0,39,0,0,8,0
I3,0,0,2,0,0,0,0,0,0,0,0,0,6,0,7,s,0,0,0,1,0,0,4,0,5,39,0,1,8,0
I4,0,0,2,0,0,0,0,0,0,0,0,0,6,0,7,s,0,0,0,1,0,0,4,0,5,39,0,1,8,0
I5,0,1,s,0,1,0,0,0,0,0,0,0,6,0,7,s,0,0,0,1,0,0,4,0,5,39,0,1,8,0
I6,s,1,s,0,1,4,0,0,0,0,0,0,6,s,7,s,0,0,0,1,0,0,4,0,5,39,0,1,8,5
I7,s,1,s,0,1,4,0,0,0,0,0,0,6,s,7,s,0,0,4,1,0,6,4,0,5,39,0,1,8,5
I8,s,1,s,0,s,4,0,0,0,21,0,0,6,s,7,s,0,0,4,1,0,6,4,0,5,39,2,1,8,5
I10,s,1,s,1,s,4,0,35,0,21,0,0,6,s,7,s,0,0,4,1,0,6,4,0,s,39,2,1,8,5
1507,s,d,s,1,s,4,0,35,0,21,0,0,6,s,7,s,0,d,4,s,0,6,4,0,s,39,2,1,8,d
1506,s,s,s,1,s,d,0,35,0,21,0,0,6,s,7,s,0,d,4,1,8,6,4,0,s,39,2,1,8,5
1626,s,1,s,1,s,4,0,0,0,21,0,0,6,s,7,s,0,0,4,1,0,6,4,0,5,39,2,1,8,d
I19,s,1,s,1,1,4,7,2,0,0,1,0,6,s,7,s,0,0,s,1,2,6,4,0,5,39,2,1,8,5
1283,s,1,s,d,1,4,d,d,23,0,1,2,6,s,7,s,d,s,s,1,2,6,d,d,5,d,d,1,8,5
1598,s,1,s,s,1,s,d,2,d,14,1,0,6,s,d,s,0,0,s,d,d,d,4,31,5,39,2,1,8,5
I22,s,1,s,s,1,4,0,0,0,18,1,0,6,s,7,s,0,0,0,1,0,0,4,0,5,39,0,1,8,5
I23,s,1,s,s,1,4,0,0,0,18,1,0,6,s,7,s,0,0,0,1,2,0,4,0,5,39,0,1,8,5
1639,s,1,s,s,1,4,0,0,d,d,1,0,6,s,7,s,0,0,11,1,2,0,4,0,5,39,0,1,8,5
I27,s,1,s,s,1,4,0,0,0,18,1,0,6,s,7,s,0,0,0,1,2,0,4,0,5,39,0,1,8,5
1434,s,1,s,s,1,4,0,0,0,18,1,s,6,s,7,s,0,0,0,1,2,0,4,0,5,39,0,1,8,5
I29,s,1,s,s,1,4,0,0,0,18,1,0,6,s,7,s,0,0,0,1,2,0,4,0,5,39,0,1,8,5
1333,s,d,s,s,1,4,0,0,0,18,1,0,6,s,7,s,0,0,0,d,2,0,d,d,5,d,0,1,d,5
1332,s,1,s,s,d,4,0,0,0,18,1,0,6,s,7,s,0,0,0,1,2,0,4,0,5,39,0,1,8,5
I30,s,1,s,s,1,4,0,0,33,18,1,31,6,s,7,s,0,4,0,1,2,0,4,0,5,39,0,1,8,5
I31,s,1,s,s,1,4,0,0,33,18,1,31,6,s,7,s,0,4,0,1,2,0,4,0,5,39,2,1,8,5
I32,s,1,s,s,1,4,0,0,33,18,1,31,6,s,7,s,0,4,0,1,2,0,4,55,5,39,2,1,8,5
1521,s,1,s,s,1,s,0,0,33,d,1,31,d,s,7,s,0,4,0,1,2,0,4,d,d,39,2,1,8,5
1520,s,1,s,s,1,4,7,0,33,18,1,31,6,s,7,s,28,4,0,d,2,0,4,d,5,d,2,1,8,5
1505,s,1,s,s,1,4,0,d,33,18,1,31,6,s,7,s,d,4,0,d,2,d,d,4,5,39,2,1,8,d
I34,s,1,s,s,1,4,0,0,33,18,1,31,6,s,7,s,1,4,33,1,2,0,4,0,5,39,0,1,8,5
1490,s,1,s,s,1,4,0,0,33,18,1,31,6,s,7,s,d,4,33,1,2,0,4,0,5,39,0,d,d,5
1754,s,1,s,s,1,4,s,d,33,18,d,31,6,s,7,s,1,d,33,1,d,0,4,0,5,39,0,1,8,5
I37,0,1,s,0,1,0,0,0,0,0,0,0,6,0,7,s,0,0,0,s,9,0,4,14,5,39,0,1,8,3
I38,0,1,s,0,1,0,0,0,0,0,0,0,6,0,7,s,0,0,0,s,9,3,4,14,5,s,0,1,8,3
I39,0,1,s,0,1,0,0,0,0,0,0,0,6,0,7,s,0,8,0,s,9,3,4,14,5,s,0,1,8,3
I40,0,1,s,0,1,0,0,0,0,0,0,0,6,0,7,s,0,8,0,s,9,3,4,14,5,s,0,1,8,3
I41,2,1,s,0,1,0,0,0,0,0,0,0,6,7,7,s,0,8,0,s,9,3,4,14,5,s,0,1,8,3
1303,2,1,s,0,1,0,0,0,0,d,0,d,6,7,7,s,0,d,0,s,9,3,4,14,5,s,0,d,8,3
1302,2,1,s,0,1,d,s,d,0,0,0,0,6,7,7,s,0,8,0,s,d,3,d,d,5,s,0,1,8,3
1522,d,1,s,0,1,0,0,0,0,0,0,0,6,0,s,s,8,8,d,s,d,3,4,14,5,s,0,1,8,3
I43,0,1,s,0,1,0,0,0,0,0,0,0,6,0,7,s,0,8,0,s,9,3,4,14,5,s,0,1,8,3
1449,d,1,s,0,1,0,0,0,d,0,d,0,6,8,7,s,0,8,0,s,9,3,4,d,5,s,0,1,d,3
1348,0,1,s,0,1,0,0,24,0,0,1,5,6,0,7,s,0,8,4,s,9,3,4,14,5,s,0,s,8,d
I46,0,1,s,0,1,0,0,0,0,0,1,0,6,0,7,s,0,0,0,s,9,3,4,14,5,s,0,1,8,3
1192,12,1,s,0,d,0,7,4,0,0,d,0,6,0,7,s,d,0,d,s,9,3,4,14,5,s,2,1,8,d
I51,0,1,s,0,1,12,0,0,0,0,1,0,6,0,7,s,0,0,0,s,9,3,4,14,5,s,0,1,8,3
1124,0,d,s,0,1,12,d,d,0,d,1,41,6,0,7,s,s,0,d,s,9,3,4,14,5,s,0,1,8,d
1035,0,1,s,0,1,12,d,37,0,0,1,d,6,7,7,s,0,0,11,s,9,3,4,14,5,s,0,1,8,3
I54,0,1,s,0,1,0,0,0,0,0,0,0,6,0,7,s,0,0,0,s,9,0,4,14,5,39,0,1,8,3
I55,0,1,s,0,1,0,7,0,0,0,0,0,6,0,7,s,0,0,0,s,9,0,4,14,5,39,0,1,8,3
I56,0,1,s,0,1,0,7,0,0,0,0,0,6,0,7,s,0,0,0,s,9,0,4,14,5,39,2,1,8,3
1118,0,1,s,d,1,0,7,0,0,d,0,42,6,d,7,s,0,16,0,s,9,0,d,d,s,d,d,1,8,3
I58,0,1,s,0,1,0,7,0,0,0,0,0,6,11,7,s,0,0,0,s,9,0,4,14,5,39,2,1,8,3
1161,d,1,s,0,d,0,7,0,0,0,0,0,6,11,7,s,0,0,0,s,d,0,4,d,5,39,2,1,8,3
1160,0,1,s,0,d,0,7,0,0,0,0,0,6,11,7,s,0,0,d,s,9,0,4,14,5,d,2,1,8,3
I59,0,1,s,0,1,0,7,0,0,0,0,0,6,0,7,s,0,0,0,s,9,0,4,14,5,39,0,1,8,3
I60,0,1,s,0,1,0,7,0,0,0,0,0,6,0,7,s,s,0,0,s,9,0,4,14,s,39,0,1,8,3
1411,0,1,s,d,1,0,7,0,d,0,0,0,6,d,d,s,s,d,0,s,9,0,d,s,s,39,0,1,8,3
1410,0,1,s,1,1,0,d,0,d,0,0,0,6,0,7,s,s,0,0,s,d,0,4,d,s,39,0,1,d,d
1483,0,1,s,0,1,0,7,s,d,21,0,0,6,0,d,s,0,0,0,s,9,0,4,14,5,39,d,1,8,3
I63,0,1,s,0,1,0,0,0,s,8,0,17,6,0,7,s,0,0,0,s,9,0,4,14,5,39,2,1,8,3
I64,0,1,s,0,1,0,0,0,s,8,0,17,6,0,7,s,0,0,0,s,9,0,s,14,5,39,2,1,8,3
1113,0,d,s,0,1,0,0,0,s,8,0,17,6,0,7,s,0,d,0,s,9,0,s,d,5,39,2,1,d,3
1112,0,1,s,0,1,0,0,0,s,8,1,17,d,0,7,s,0,d,33,s,9,0,s,14,5,39,2,1,8,3
1404,0,1,s,0,d,0,7,0,s,8,0,17,6,0,7,s,s,0,33,s,d,0,4,14,5,39,2,1,8,3
I69,11,0,2,0,0,0,0,0,0,0,0,0,6,8,7,s,0,0,0,1,0,0,4,0,5,39,0,1,8,0
I70,11,0,2,0,0,0,0,0,0,0,0,0,6,8,7,s,0,0,0,1,0,0,4,0,5,39,0,1,8,0
I71,11,0,2,0,0,0,0,0,0,0,0,0,6,8,7,s,0,0,0,1,0,0,4,0,5,39,0,1,8,0
I72,11,0,2,0,0,0,0,0,10,0,0,0,6,8,7,s,0,0,0,1,0,0,4,0,5,39,0,1,8,7
I73,11,0,2,0,s,0,11,0,10,0,0,0,6,8,7,s,0,0,0,1,0,3,4,0,5,39,0,1,8,7
1286,11,d,2,0,s,0,11,0,10,0,0,d,6,8,7,s,d,0,0,d,0,3,4,0,5,39,2,d,8,7
1151,s,0,2,0,s,15,11,0,d,0,0,0,6,8,7,s,0,12,d,1,0,d,d,0,5,39,0,1,d,7
I76,11,1,2,0,0,0,0,0,10,0,0,0,6,8,7,s,0,0,0,1,0,0,4,0,5,39,0,1,8,7
1158,11,d,2,0,0,0,0,0,d,0,0,0,6,8,d,s,0,14,0,d,0,0,4,4,5,39,0,d,8,7
1253,d,1,d,0,0,0,d,0,10,0,0,0,6,8,d,s,0,0,0,1,0,d,4,0,d,39,0,d,8,d
I79,11,s,2,0,0,0,0,0,0,0,0,0,6,8,7,s,0,0,0,1,0,0,4,17,5,39,0,1,8,0
I80,11,s,2,0,0,0,0,35,0,0,0,0,6,8,7,s,26,0,0,1,0,0,4,17,5,39,0,1,8,0
1342,11,s,2,d,0,10,0,d,0,0,1,0,6,8,7,s,26,0,0,1,s,0,4,17,d,39,0,1,8,0
I82,11,s,2,0,0,0,5,35,0,0,0,0,6,8,7,s,26,0,5,1,0,3,4,17,5,39,0,1,8,0
1719,d,s,2,0,0,0,5,35,0,0,0,0,6,8,7,s,26,d,d,d,0,d,4,17,5,39,0,1,8,0
1718,11,s,2,0,0,0,5,35,0,0,0,0,6,d,7,s,26,0,5,1,d,3,4,17,5,39,d,1,8,0
2028,11,s,d,1,0,8,0,30,0,0,0,0,6,8,d,s,d,0,0,1,16,d,4,17,5,39,0,d,8,0
I87,11,0,2,0,0,0,0,0,0,0,0,0,6,8,7,s,0,0,0,1,0,0,4,8,5,39,0,1,8,0
I88,11,0,2,0,0,0,0,0,0,0,0,0,6,8,7,s,0,0,0,1,15,0,4,8,5,39,0,1,8,0
I89,11,0,2,1,0,0,7,0,0,0,0,0,6,8,7,s,0,0,0,1,15,1,4,8,5,39,0,1,8,0
1191,d,0,2,1,0,0,7,d,6,0,0,d,6,d,7,s,0,0,11,d,15,1,d,8,5,39,0,1,8,0
1298,11,1,2,1,1,0,7,d,21,0,0,d,d,8,d,s,14,0,13,d,15,1,4,8,5,39,0,1,8,0
I92,11,0,2,0,0,0,0,s,0,0,0,41,6,8,7,s,0,0,0,1,15,0,4,8,5,39,0,1,8,0
1263,11,0,2,d,d,d,0,s,d,0,0,41,d,8,7,s,0,0,d,d,15,0,4,8,5,39,0,1,8,0
I94,11,0,2,0,0,0,0,s,0,0,0,41,6,8,7,s,0,8,0,1,15,0,4,8,5,39,0,1,8,0
1377,11,0,2,0,0,0,0,s,0,s,0,41,6,8,7,s,0,8,d,1,15,0,4,8,5,39,0,1,8,0
1376,11,d,2,0,0,d,0,s,0,0,0,41,6,8,7,s,0,8,0,1,15,0,4,d,5,d,0,1,8,0
I95,11,0,2,0,0,0,7,0,0,0,0,0,6,8,7,s,0,0,23,1,0,0,4,8,5,39,0,1,8,0
I96,11,0,2,0,0,0,7,0,0,0,0,0,6,8,7,s,0,0,23,1,0,0,4,8,5,39,0,1,8,0
1251,d,0,2,0,0,0,7,0,0,s,0,0,6,8,7,s,0,0,23,1,d,d,s,d,5,39,2,1,8,0
I98,11,0,2,0,0,0,7,0,0,0,0,0,6,8,7,s,0,0,23,1,0,0,4,8,5,39,0,1,8,0
1079,11,0,s,0,0,0,d,0,0,0,0,0,6,d,d,s,d,0,23,1,0,0,4,8,5,39,0,d,8,0
1078,11,d,2,d,0,d,7,0,0,0,0,8,6,8,d,s,0,14,d,1,d,0,4,8,5,39,0,1,8,0
I100,11,0,2,0,0,13,7,0,33,0,1,0,6,8,7,s,0,0,23,1,0,3,4,8,5,39,0,1,8,0
1173,11,d,2,0,0,s,7,0,33,0,1,0,6,8,d,s,0,0,23,1,d,3,4,8,5,39,0,1,8,d
1172,s,0,2,d,0,13,7,0,33,0,1,d,6,8,7,s,0,d,23,1,d,d,4,8,5,39,0,1,8,d
I102,11,0,2,0,0,0,7,0,0,0,0,0,6,8,7,s,0,0,20,1,0,0,4,0,5,39,0,1,8,0
I103,11,0,2,0,0,2,7,0,0,0,0,0,6,8,7,s,0,0,20,1,0,0,4,0,5,39,0,1,8,0
I104,11,0,2,0,0,2,7,s,0,0,0,0,6,8,7,s,0,0,20,1,0,0,4,0,5,39,0,1,8,0
I105,11,0,2,0,0,2,7,s,0,0,0,0,6,8,7,s,0,0,20,1,0,0,4,0,5,39,0,1,8,0
I106,11,0,2,0,0,2,7,s,0,0,0,0,6,8,7,s,0,0,20,1,14,0,4,0,5,39,0,1,8,0
1007,11,1,2,0,0,2,7,s,0,0,0,0,6,8,7,s,0,0,20,1,14,3,4,0,5,d,0,1,8,0
1973,11,1,2,0,0,d,7,s,0,0,0,0,6,8,7,s,0,0,20,1,d,0,4,0,d,39,0,1,8,0
1059,d,0,2,0,0,2,7,s,0,0,d,0,6,d,7,s,0,0,20,1,0,0,4,0,5,39,0,1,8,0
I110,11,0,2,1,0,2,7,s,0,14,0,21,6,8,s,s,0,0,20,1,0,0,4,0,5,39,0,1,8,0
I111,11,1,2,1,0,2,7,s,21,14,0,21,6,8,s,s,0,0,20,1,0,0,4,0,5,39,0,1,8,7
1867,11,1,2,1,0,2,7,s,21,14,d,21,6,8,s,s,d,0,d,1,0,0,4,0,5,39,0,1,d,7
1866,11,1,2,1,d,2,7,s,21,14,0,21,d,8,s,s,0,0,20,1,0,0,4,0,5,39,0,1,8,7
1885,11,0,2,1,0,2,7,s,0,14,0,d,6,8,s,s,0,0,20,1,d,d,4,6,5,39,2,1,8,s
I120,11,1,2,0,0,2,7,s,0,23,1,0,6,8,7,s,0,13,20,1,0,0,4,0,5,39,0,1,8,0
I121,11,1,2,0,0,2,7,s,0,23,1,0,6,8,7,s,0,13,20,1,0,0,4,0,5,39,0,1,8,0
1023,11,1,2,0,0,2,7,s,0,23,1,d,6,8,7,s,0,d,20,1,0,0,4,0,5,39,0,1,8,d
1022,11,1,2,0,d,2,7,s,0,23,1,36,6,8,7,s,0,13,20,1,0,d,4,0,5,39,0,1,8,0
I122,11,1,2,0,0,2,7,s,0,23,1,0,6,8,7,s,0,13,20,1,3,0,4,0,5,39,0,1,8,0
983,11,1,2,d,0,2,d,s,0,d,1,d,6,8,7,s,0,13,20,1,d,0,4,0,5,39,0,1,8,0
1964,11,1,2,0,0,2,7,s,0,23,1,0,6,8,7,s,0,13,20,1,3,0,4,0,5,d,0,d,8,d
I124,11,0,2,0,0,0,7,0,0,0,0,0,6,8,7,s,9,0,20,1,15,0,4,0,5,39,0,1,8,0
I125,11,0,2,0,0,8,7,0,0,0,0,0,6,8,7,s,9,0,20,1,15,0,4,0,5,39,0,1,8,0
I126,11,0,2,0,4,8,7,0,0,0,0,s,6,8,7,s,9,0,20,1,15,0,4,0,5,39,0,1,8,0
I127,11,0,2,0,4,8,7,0,0,0,1,s,6,8,7,s,9,0,20,1,15,0,4,15,5,39,0,1,8,0
1301,d,0,2,0,d,8,7,0,0,0,1,s,6,8,7,s,9,0,20,1,d,0,4,15,5,39,0,1,8,0
1300,d,0,d,0,d,8,d,0,0,0,1,s,6,8,7,s,9,0,d,1,15,0,4,15,d,d,0,1,8,0
I128,11,0,2,0,4,8,7,0,0,0,0,s,6,8,7,s,9,0,20,1,15,0,4,8,5,39,0,1,8,0
1133,11,0,2,0,4,8,d,0,d,0,1,s,6,8,7,s,9,0,20,d,15,0,d,d,5,39,d,1,8,d
1132,11,0,2,0,4,8,7,d,d,0,0,s,6,8,7,s,9,0,20,1,15,0,4,8,5,39,d,1,8,0
1727,11,0,d,0,d,8,7,d,27,0,1,0,6,8,7,s,9,d,20,1,15,d,4,21,5,39,2,1,8,0
I132,11,0,2,0,0,0,7,0,0,0,0,0,6,8,7,s,9,0,20,1,15,0,4,0,5,39,0,1,8,0
I133,11,0,2,0,0,0,7,0,0,0,1,0,6,8,7,s,9,0,20,1,15,0,4,0,5,39,0,1,8,0
1094,11,0,2,1,0,0,7,0,0,d,1,39,6,8,7,s,9,d,20,1,15,0,d,0,5,39,0,1,8,d
I135,11,0,s,0,0,0,7,0,0,2,1,0,6,8,7,s,9,s,20,1,15,0,4,0,5,39,0,1,8,0
1045,11,0,s,1,0,0,7,0,0,2,1,0,d,8,d,s,9,s,20,1,15,0,4,0,s,39,0,1,8,0
1044,11,1,s,0,0,0,7,0,0,2,1,d,d,8,7,s,s,s,20,1,15,s,4,0,5,39,0,1,d,0
I137,11,0,2,0,4,0,7,0,0,0,0,0,s,8,7,s,9,0,20,1,15,0,4,0,5,39,0,1,8,0
1165,11,0,2,0,4,0,d,0,0,0,d,0,s,8,7,s,9,d,20,1,15,0,4,0,5,39,d,1,8,0
1164,11,0,2,0,4,0,7,0,0,0,d,0,s,8,7,s,d,0,d,1,15,0,4,0,5,39,0,1,8,0
I139,0,0,2,1,0,0,0,0,0,0,0,0,6,0,7,s,0,0,0,1,0,3,4,45,5,39,0,1,8,0
I140,0,0,2,1,0,0,0,0,0,0,0,0,6,0,7,s,0,0,0,1,0,3,4,45,5,39,2,1,8,0
I141,0,0,2,1,0,0,0,0,0,0,0,0,6,3,7,s,0,0,0,1,0,3,4,45,5,39,2,1,8,0
I142,0,0,2,1,0,0,0,0,0,0,0,0,6,3,7,s,0,0,0,1,0,3,4,45,5,39,2,1,8,0
I143,0,0,2,1,2,0,0,37,17,0,0,0,6,3,7,s,16,0,0,1,0,3,4,45,5,39,2,1,8,0
1763,d,0,2,1,2,0,0,s,17,0,1,d,6,3,7,s,16,0,d,1,0,3,4,45,5,39,d,1,8,0
1804,0,0,2,1,2,d,0,37,d,0,0,0,6,d,7,s,16,0,0,1,0,d,4,45,5,39,2,1,8,0
I150,0,0,2,1,0,0,0,0,0,18,0,0,6,3,7,s,0,0,0,1,0,3,4,45,5,39,2,1,8,0
1747,7,0,2,1,0,0,0,31,0,18,0,0,6,3,7,s,10,14,0,1,d,3,4,45,d,39,2,1,8,0
1093,0,0,2,1,0,6,0,0,0,18,0,s,d,3,7,s,0,0,0,1,0,d,d,45,5,39,2,d,8,0
I154,0,0,2,1,0,0,0,0,0,0,0,0,6,3,7,s,0,0,0,1,0,3,4,45,5,39,2,1,8,0
I155,0,0,2,1,0,0,0,0,0,0,s,0,6,3,7,s,0,0,0,1,0,3,4,45,5,39,2,1,8,0
1743,3,0,2,1,0,0,0,0,0,d,s,0,d,3,7,s,0,0,d,1,0,d,4,45,5,39,2,1,d,0
I158,0,0,2,1,0,0,0,0,0,0,s,0,6,3,7,s,0,0,0,1,0,3,4,45,5,39,2,1,8,0
I159,0,0,2,1,0,0,0,0,0,0,s,36,6,3,7,s,0,0,0,1,0,3,4,45,5,39,2,1,8,7
1579,d,0,d,d,0,0,0,0,0,0,s,36,6,3,7,s,0,d,0,d,0,3,4,d,5,39,2,1,8,d
1578,0,0,s,1,0,8,0,0,0,d,s,36,6,3,7,s,0,0,37,1,0,3,d,45,5,39,2,d,8,7
1724,0,0,2,1,0,0,0,0,0,0,s,0,6,3,7,s,0,0,0,1,0,3,d,45,5,39,2,1,8,0
1365,7,0,2,1,0,12,0,0,d,4,0,0,6,3,7,s,10,0,19,1,0,3,4,d,5,39,2,1,8,0
I168,0,0,2,1,0,0,0,0,0,0,0,0,6,0,7,s,27,16,0,1,0,3,4,45,5,39,2,1,8,0
I169,0,0,2,1,0,s,0,0,0,0,0,0,6,0,7,s,27,16,0,1,0,3,4,45,5,39,2,1,8,0
I174,0,0,2,1,0,s,0,0,0,0,0,0,6,0,7,s,27,16,0,1,0,3,4,45,5,39,2,1,8,0
1942,d,0,2,1,0,s,0,0,0,0,0,0,6,0,7,s,27,16,0,1,0,3,4,d,5,39,2,1,8,0
2009,1,d,2,1,0,s,0,d,d,0,0,0,6,s,7,s,27,16,0,d,0,d,4,45,5,39,2,1,d,d
1029,6,0,d,d,d,s,0,0,0,0,0,0,6,0,7,s,27,d,s,1,0,3,4,45,5,39,2,1,d,0
I183,0,0,2,1,0,10,0,0,0,0,0,42,6,0,7,s,27,16,0,1,0,3,4,45,5,39,2,1,8,0
I184,0,0,2,1,0,10,0,0,6,0,0,42,6,0,7,s,27,16,0,1,0,3,4,45,5,39,2,1,8,0
I185,17,0,2,1,0,10,0,0,6,0,0,42,6,0,7,s,27,16,0,1,0,3,4,45,5,39,2,1,8,0
1574,17,d,2,1,d,10,0,0,6,d,1,42,d,0,7,s,27,16,0,1,d,3,4,45,5,d,2,1,8,d
I187,17,0,2,1,0,10,s,0,6,0,1,42,6,0,7,s,27,16,0,1,0,3,4,45,5,39,2,1,8,0
1715,d,0,2,1,0,10,s,0,6,0,1,42,6,0,7,s,27,16,0,1,0,3,4,45,5,39,2,d,d,0
1714,17,0,2,1,0,10,s,0,6,0,1,42,6,0,7,s,27,16,0,1,0,3,d,45,5,39,2,1,d,0
I188,0,0,2,1,s,10,0,0,6,0,0,42,6,0,7,s,27,16,0,1,0,3,4,45,5,39,2,1,8,0
1764,d,0,2,1,s,10,d,d,d,0,0,42,d,0,7,s,d,16,0,1,0,3,4,45,5,39,2,1,d,0
1786,0,d,2,1,s,10,0,0,6,0,0,42,6,0,7,s,d,16,0,1,0,3,4,45,5,39,2,1,8,d
I191,0,0,2,1,0,10,0,0,0,0,0,42,6,0,7,s,27,16,20,1,0,3,4,45,5,39,2,1,8,0
I192,0,0,2,1,0,10,0,0,s,0,0,42,6,0,7,s,27,16,20,1,0,3,4,45,5,39,2,1,8,0
I193,0,0,2,1,0,10,0,0,s,0,0,42,6,0,7,s,27,16,20,1,0,3,4,45,5,39,2,1,8,2
1793,0,0,2,d,d,d,d,0,s,0,0,42,6,0,7,s,27,d,20,1,0,3,4,45,d,39,2,1,8,d
1792,0,0,2,1,0,d,0,0,s,8,0,42,6,0,d,s,27,16,20,1,d,3,4,45,5,39,d,1,8,2
1544,0,0,2,1,1,10,0,0,s,0,0,42,6,0,s,s,27,16,20,1,15,3,4,45,5,39,2,1,8,0
I195,0,0,s,1,1,10,0,0,0,0,0,42,6,0,7,s,27,16,20,1,4,3,4,45,5,39,2,1,8,0
I196,0,0,s,1,s,10,0,0,0,0,0,42,s,0,7,s,27,16,20,1,4,3,4,45,5,39,2,1,8,0
1537,0,0,s,1,s,10,0,0,0,0,0,42,s,0,7,s,27,16,20,d,4,3,4,d,5,39,s,1,8,0
1536,0,d,s,1,s,10,0,0,0,0,0,d,s,0,d,s,27,d,20,d,4,3,4,45,5,39,2,1,8,d
1373,0,0,s,d,1,10,7,5,23,0,s,42,6,0,7,s,27,16,d,1,4,3,4,45,5,39,2,d,8,0
I198,0,0,2,1,0,0,0,0,0,0,0,0,6,0,7,s,0,0,0,s,16,s,4,45,5,39,2,1,8,0
I199,0,0,2,1,0,0,0,0,0,0,0,0,6,0,7,s,14,14,0,s,16,s,4,45,5,39,2,1,8,0
I200,0,0,2,1,0,0,0,0,0,0,1,0,6,0,7,s,14,14,0,s,16,s,4,45,5,39,2,1,8,0
1056,7,1,2,1,d,0,7,0,21,0,1,0,6,0,d,s,14,14,0,s,d,s,4,45,5,39,d,1,8,0
I206,0,0,2,1,0,s,0,0,0,0,1,0,6,0,7,s,14,14,0,s,16,s,4,45,5,39,2,1,8,0
1920,0,0,2,1,0,s,0,0,0,0,1,0,6,0,7,s,d,14,0,s,16,s,4,45,5,39,2,1,8,2
I208,0,0,2,1,0,s,0,0,0,s,1,0,6,0,7,s,s,s,0,s,16,s,4,45,5,39,2,1,8,0
1953,0,0,2,1,0,s,0,0,0,s,1,0,6,0,7,s,s,s,0,s,16,s,d,45,5,39,d,d,8,0
1952,0,0,2,1,0,s,0,0,0,s,1,0,6,0,7,s,s,s,0,s,16,s,4,d,d,39,2,1,d,0
I210,0,0,2,1,0,0,0,0,0,0,0,0,6,0,7,s,14,14,0,s,16,s,4,45,5,39,2,1,8,0
I211,s,0,2,1,0,0,0,0,0,0,0,0,6,0,7,s,14,14,12,s,16,s,4,45,5,39,2,1,8,0
1041,s,0,2,d,d,0,7,0,13,0,0,8,6,0,7,s,14,d,12,s,16,s,4,d,5,39,2,1,8,d
I214,s,1,2,1,0,10,0,0,0,13,0,0,6,0,7,s,14,14,12,s,16,s,4,45,5,39,2,1,8,0
2007,s,1,2,1,d,10,0,0,0,13,0,0,6,0,7,s,14,14,12,s,16,s,4,45,5,39,2,1,8,0
2006,s,d,2,1,0,10,0,0,0,d,0,0,6,0,d,s,14,14,12,s,16,s,4,45,5,d,2,1,8,0
I216,0,0,2,1,0,0,0,5,0,0,0,0,6,0,7,s,14,14,0,s,16,s,4,45,5,39,2,1,8,0
I217,0,0,2,1,0,0,0,5,0,0,1,0,6,s,7,s,14,14,0,s,16,s,4,45,5,39,2,1,8,0
1649,0,0,d,1,0,3,0,5,0,0,1,s,6,s,7,s,d,14,0,s,16,s,4,45,5,39,2,1,8,0
I219,0,0,2,1,0,0,0,5,0,14,1,0,6,s,7,s,14,14,0,s,16,s,4,45,5,39,2,1,8,0
1985,d,0,2,1,d,0,0,5,0,d,1,0,6,s,7,s,14,d,0,s,d,s,d,d,5,39,2,1,8,0
1984,0,d,2,1,0,8,0,5,0,14,1,0,6,s,7,s,14,14,0,s,d,s,4,45,5,39,2,1,8,0
1582,0,0,2,1,0,0,0,5,0,d,0,0,d,2,7,s,14,14,0,s,16,s,4,45,5,39,2,d,8,0
I223,0,0,2,1,0,0,0,4,0,4,0,0,6,0,7,s,0,0,0,s,16,s,4,45,5,39,2,1,8,0
I224,0,0,2,1,0,0,0,4,0,4,s,27,6,0,7,s,0,0,0,s,16,s,4,45,5,39,2,1,8,0
I229,0,1,2,1,0,0,0,4,0,4,s,27,6,0,7,s,0,0,0,s,16,s,4,45,5,39,2,1,8,2
1833,d,1,2,1,0,0,0,4,0,4,s,27,6,0,7,s,0,d,d,s,16,s,4,45,5,39,2,1,8,2
I231,0,1,2,1,0,0,0,4,0,4,s,27,6,0,7,s,0,0,0,s,16,s,4,45,5,39,2,1,8,2
1661,0,1,2,1,0,0,0,d,0,4,s,27,6,0,7,s,0,d,0,s,16,s,d,45,5,39,2,1,8,2
1660,0,1,2,1,0,0,0,4,0,4,s,27,d,0,7,s,0,0,0,s,16,s,d,45,d,39,d,1,d,2
I232,0,0,2,1,0,22,0,4,25,4,s,27,6,0,7,s,0,0,0,s,16,s,4,45,5,39,2,1,8,7
1486,0,0,2,s,0,22,0,4,25,d,s,27,6,5,7,s,0,0,0,s,16,s,4,45,5,39,d,1,8,7
I238,0,1,2,1,0,22,0,4,25,4,s,27,6,0,7,s,0,0,0,s,16,s,4,45,5,39,2,1,8,7
1441,0,d,2,1,0,22,0,4,d,4,s,27,6,0,d,s,s,0,0,s,16,s,4,45,d,39,2,1,8,7
1440,0,d,d,d,d,22,0,4,25,4,s,27,6,d,7,s,d,4,d,s,d,s,4,45,5,39,2,1,8,7
I239,0,1,2,1,0,0,0,4,0,4,0,0,6,0,7,s,0,0,0,s,16,s,4,45,5,39,2,1,8,3
I240,0,1,2,1,0,0,0,4,0,4,0,0,6,0,7,s,0,0,0,s,16,s,4,45,5,39,2,1,8,3
I243,0,1,2,1,1,0,0,4,0,4,0,0,6,0,7,s,0,0,0,s,16,s,4,45,5,39,2,1,8,3
1797,d,1,2,1,1,0,0,4,0,d,0,0,6,0,7,s,0,0,0,s,16,s,4,45,5,d,2,1,8,3
1796,0,1,2,1,1,0,0,4,0,4,0,0,6,0,7,s,s,0,0,s,16,s,d,45,5,d,2,1,8,3
I244,0,1,2,1,0,0,0,4,0,4,0,0,6,0,7,s,0,6,0,s,16,s,4,45,5,39,2,1,8,3
985,0,1,2,1,0,0,0,4,0,d,0,0,6,0,7,s,d,d,0,s,16,s,4,45,5,39,2,1,8,d
2032,0,1,2,1,0,0,d,4,0,4,0,0,d,0,d,s,0,s,5,s,16,s,4,45,5,39,2,1,8,3
1050,0,1,2,1,0,0,0,4,36,4,0,s,6,0,d,s,d,0,11,s,16,s,4,45,5,39,2,d,8,3
I251,0,0,0,0,0,0,0,0,0,0,0,38,0,0,7,9,0,0,s,1,0,0,0,0,7,39,0,0,8,0
I252,0,0,0,0,0,0,14,0,0,0,0,38,s,0,7,9,0,0,s,1,0,3,0,0,7,39,0,0,8,0
I253,0,0,0,0,0,0,14,0,0,0,0,38,s,0,7,9,0,0,s,1,0,3,4,0,7,39,0,0,8,7
I254,0,0,0,0,0,0,s,0,0,0,0,38,s,5,7,9,0,0,s,1,0,3,4,25,7,39,0,0,8,7
I255,0,0,0,0,0,0,s,0,0,0,0,38,s,5,7,9,0,0,s,1,0,3,4,25,7,39,0,0,8,7
I256,0,0,0,0,0,0,s,0,4,0,0,38,s,5,7,9,0,4,s,1,11,3,4,25,7,39,0,0,s,7
I259,0,0,0,5,1,0,s,0,4,s,0,38,s,5,7,9,0,4,s,1,11,3,4,25,7,39,0,0,s,7
1379,0,0,0,5,1,0,s,d,4,s,0,38,s,5,d,9,0,4,s,1,d,d,4,25,7,39,0,0,s,7
1378,0,0,0,5,1,s,s,0,4,s,1,38,s,5,7,9,0,4,s,1,d,3,4,25,7,d,0,0,s,d
I260,0,0,0,0,0,0,s,0,4,0,0,38,s,5,7,9,0,4,s,1,11,3,4,25,7,39,0,0,s,7
1068,0,0,0,0,0,0,s,0,4,7,0,38,s,5,7,9,0,d,s,1,11,3,4,25,7,39,d,0,s,7
1358,d,0,3,d,0,0,s,0,4,0,1,38,s,5,7,9,d,4,s,1,11,d,4,25,s,39,0,0,s,s
I263,0,0,1,0,0,0,s,0,0,0,0,38,s,5,7,9,0,0,s,1,0,3,4,25,7,39,0,0,8,7
I264,0,0,1,0,0,0,s,0,0,21,0,38,s,5,7,9,0,14,s,1,0,3,4,25,7,39,0,0,8,7
1101,0,0,s,0,s,0,s,0,17,21,0,d,s,5,7,9,0,14,s,1,0,3,4,25,7,39,0,0,8,7
1254,0,1,1,0,0,0,s,0,0,21,0,38,s,5,7,9,d,14,s,1,0,3,4,25,7,39,0,0,8,7
I267,0,1,1,0,0,0,s,0,0,0,0,38,s,5,7,9,0,0,s,1,0,3,4,25,7,39,0,0,8,7
1055,0,1,d,0,0,0,s,0,1,0,0,38,s,5,d,9,0,0,s,1,0,3,4,25,7,39,2,0,8,7
I269,0,1,1,0,s,0,s,0,0,0,0,38,s,5,7,9,0,0,s,1,0,3,4,25,7,39,0,0,8,7
1279,0,1,1,0,s,0,s,0,0,0,0,s,s,5,7,9,0,0,s,1,0,d,4,25,7,39,0,0,8,7
1278,0,1,1,0,s,d,s,0,0,5,0,38,s,5,7,9,d,0,s,1,0,3,4,25,7,39,0,0,8,7
I270,0,0,0,1,1,0,s,0,0,0,0,38,s,5,7,9,0,0,s,1,0,3,4,25,7,39,0,0,8,7
I272,0,1,2,1,1,0,s,s,0,0,0,38,s,5,7,9,0,0,s,1,0,s,4,25,7,39,0,0,8,7
I273,0,1,2,1,1,0,s,s,0,0,0,38,s,5,7,9,0,0,s,1,0,s,4,25,7,39,0,0,8,7
1005,d,d,2,1,1,0,s,s,0,0,0,d,s,5,7,9,3,0,s,1,0,s,4,25,7,39,0,0,d,7
1004,0,s,2,1,1,0,s,s,0,0,d,38,s,5,7,9,0,0,s,1,0,s,4,25,7,39,0,0,8,7
1909,d,1,2,1,1,0,s,s,17,0,0,d,s,5,7,9,0,0,s,1,0,s,4,25,7,39,2,0,8,7
1180,0,s,0,d,1,12,s,s,0,2,0,d,s,5,7,9,0,8,s,1,0,3,4,25,s,39,0,0,8,7
I287,0,1,0,0,0,0,14,0,0,0,0,38,s,0,7,9,0,0,s,1,0,3,4,0,7,39,0,0,8,7
I288,0,s,0,0,0,0,14,0,4,0,0,38,s,0,7,9,0,4,s,1,0,3,4,0,7,39,0,0,8,7
I290,0,s,0,0,1,0,14,39,4,8,1,38,s,5,s,9,24,4,s,1,0,3,4,0,7,39,0,0,8,7
I291,0,s,0,0,1,0,14,39,4,8,1,38,s,5,s,9,24,4,s,1,0,3,4,0,7,39,0,0,8,7
1145,0,s,3,0,1,0,14,39,4,8,1,38,s,5,s,9,24,4,s,d,0,3,4,0,7,39,0,0,8,7
1144,0,s,3,0,1,d,14,39,4,8,1,38,s,5,s,9,24,4,s,1,0,3,4,0,7,39,0,0,8,7
1489,0,s,0,0,1,2,14,39,d,8,1,38,s,5,s,9,24,4,s,d,0,3,4,0,7,39,2,0,d,7
I296,0,s,0,0,0,0,14,0,4,0,0,38,s,0,7,9,0,4,s,1,0,3,4,0,7,39,0,0,8,7
I298,0,s,s,1,0,0,14,0,4,s,0,38,s,0,7,9,0,4,s,1,0,3,4,s,7,39,0,1,8,7
1733,0,s,s,1,0,2,14,0,4,s,0,38,s,0,7,d,0,4,s,1,d,3,4,s,7,39,0,1,8,7
1732,0,s,s,1,0,0,14,0,4,s,0,38,s,0,7,9,0,4,s,d,0,3,d,s,7,39,0,d,8,7
1238,0,s,2,0,0,0,14,0,d,d,0,38,s,0,7,9,0,4,s,1,0,3,d,d,7,39,0,d,8,7
I303,0,1,0,0,0,0,14,40,0,0,0,38,s,0,7,9,0,0,s,1,0,3,4,0,7,39,0,0,8,s
I304,0,1,0,0,s,s,14,40,0,0,0,38,s,0,7,9,0,0,s,1,0,3,4,0,7,39,0,0,8,s
I305,0,1,0,0,s,s,14,40,0,0,0,38,s,0,7,9,0,4,s,1,0,3,4,0,7,39,0,0,8,s
1798,0,1,0,0,s,s,14,40,0,14,0,d,s,0,7,9,0,4,s,1,d,3,d,0,7,39,0,0,d,s
I307,0,1,0,0,s,s,14,40,0,0,0,38,s,0,7,9,0,4,s,1,0,3,4,0,7,39,0,0,8,s
1807,0,1,s,0,s,s,14,40,0,0,0,38,s,0,7,d,0,d,s,d,0,3,d,0,7,d,0,0,8,s
1806,d,1,0,0,s,s,14,d,0,0,0,d,s,0,7,9,d,4,s,1,0,d,4,0,7,39,0,0,8,s
I308,0,1,0,0,s,s,14,40,0,0,0,38,s,0,7,9,0,0,s,1,0,3,4,0,7,39,0,0,8,s
947,0,1,d,0,s,s,14,40,0,s,0,38,s,d,d,9,0,0,s,d,0,3,4,0,7,39,d,0,8,s
1841,0,1,d,0,s,s,14,s,0,0,1,38,s,0,7,d,0,13,s,1,0,3,4,0,7,39,1,0,8,s
I310,13,1,0,0,0,0,14,40,0,0,0,38,s,0,7,9,0,0,s,1,0,3,4,0,7,39,0,0,8,s
I311,13,1,0,0,0,0,14,40,0,0,0,38,s,0,7,9,0,0,s,1,0,3,4,0,7,39,0,0,8,s
1744,13,1,d,s,0,0,14,40,0,0,d,s,s,7,d,9,0,d,s,1,0,3,d,0,7,39,0,0,8,s
1368,13,1,0,0,0,8,14,40,0,0,0,38,s,s,7,d,0,13,s,1,0,3,4,0,7,d,0,d,8,s
I314,13,1,0,0,0,0,14,s,0,0,0,38,s,0,7,9,0,0,s,1,0,3,4,0,7,39,2,0,8,s
I315,13,1,0,0,0,0,14,s,0,5,0,38,s,0,7,9,0,s,s,1,0,3,4,0,7,39,2,0,8,s
1783,d,1,0,0,d,0,d,s,21,5,0,38,s,0,7,9,0,s,s,d,0,3,d,0,7,39,2,0,8,s
1782,13,1,0,0,0,0,d,s,0,5,d,38,s,0,7,9,0,s,s,1,0,3,4,0,7,39,2,0,8,s
1888,13,1,0,0,0,d,14,s,d,0,0,d,s,0,d,d,0,0,s,1,0,3,4,0,7,39,2,0,8,s
I317,0,0,0,1,0,0,14,30,0,0,0,38,s,0,7,9,0,0,s,1,0,3,0,0,7,39,0,0,8,0
I318,0,0,0,1,1,0,14,30,0,0,0,38,s,0,7,9,0,9,s,1,0,3,0,0,7,39,0,0,8,0
I319,0,0,0,1,1,0,14,30,0,0,0,38,s,0,7,9,0,9,s,1,0,3,0,0,7,39,0,0,8,0
I320,0,0,0,1,1,0,14,30,0,0,0,38,s,0,7,9,0,9,s,1,0,3,0,0,7,39,0,0,8,0
I323,0,1,0,1,1,0,14,30,0,0,0,38,s,19,7,9,0,9,s,1,0,3,0,0,7,39,2,0,8,0
1375,7,1,d,1,1,0,14,d,7,0,0,38,s,19,7,9,d,9,s,1,0,3,0,0,7,39,2,d,8,2
1374,0,1,d,1,d,0,d,30,0,0,0,38,s,19,7,9,0,9,s,1,d,3,0,0,d,39,2,0,8,0
I324,0,0,0,1,1,0,14,30,s,0,0,38,s,0,s,9,0,9,s,1,12,3,0,20,7,39,0,0,8,0
1455,0,0,0,1,1,0,14,s,s,0,d,38,s,0,s,d,d,9,s,1,12,3,4,20,7,39,s,d,8,0
I326,0,0,2,1,1,0,s,30,s,0,0,38,s,0,s,9,0,9,s,1,12,3,0,20,7,39,0,0,8,0
1429,0,0,2,1,1,0,s,30,s,0,d,38,s,0,s,9,0,d,s,1,12,d,0,20,7,39,0,0,8,0
1428,0,0,d,1,1,0,s,30,s,0,d,38,s,0,s,9,0,9,s,d,12,3,0,20,7,39,0,0,8,0
1539,0,d,d,1,1,d,14,30,21,0,0,d,s,0,7,s,0,d,s,1,d,3,4,33,7,39,0,1,8,d
I334,17,0,0,1,1,0,14,30,7,5,0,38,s,0,7,9,0,9,s,1,2,3,1,0,7,39,0,0,8,0
I335,17,0,0,1,1,0,14,30,7,5,0,38,s,0,7,9,0,9,s,1,2,3,1,0,7,39,0,1,8,0
I336,17,1,0,1,1,0,14,s,7,5,0,38,s,8,7,9,0,9,s,1,2,3,1,0,7,39,0,1,8,0
I337,s,1,0,1,1,0,14,s,7,5,0,38,s,8,7,9,0,9,s,1,2,3,1,3,7,39,0,1,8,0
1977,s,1,0,1,1,0,14,s,7,5,d,38,s,8,d,9,0,9,s,1,2,3,1,3,7,39,0,d,8,0
1976,s,1,0,1,1,0,14,s,7,5,0,38,s,8,7,9,0,9,s,d,2,3,1,3,7,39,0,d,8,0
I338,17,1,0,1,1,0,14,s,7,5,0,38,s,8,7,9,0,9,s,1,2,3,1,0,7,39,0,1,8,0
1897,17,d,0,1,1,0,14,s,7,5,0,38,s,8,7,9,0,9,s,1,2,3,1,d,7,39,0,1,8,0
1896,17,1,0,1,d,0,14,s,7,5,0,38,s,8,d,9,10,9,s,1,2,3,1,0,7,39,d,1,8,0
1898,d,0,0,1,1,0,14,30,7,s,1,38,s,s,7,9,0,9,s,1,2,3,d,d,7,39,0,1,8,0
I342,17,0,0,1,1,0,14,30,7,5,0,38,s,0,7,9,0,9,s,1,2,3,1,0,7,39,s,0,8,0
I344,17,0,2,1,1,s,14,30,7,5,0,38,s,18,7,9,s,9,s,1,2,3,1,0,7,39,s,0,8,0
1735,17,1,2,d,1,s,14,30,7,5,0,38,s,18,7,9,s,9,s,1,2,3,1,0,7,d,s,0,d,0
1734,17,d,2,1,d,s,d,30,7,d,0,38,s,18,d,9,s,9,s,1,2,3,1,0,d,39,s,0,d,0
I346,17,0,0,1,1,0,14,30,7,5,0,38,s,0,7,9,0,9,s,1,2,3,1,0,7,39,s,0,8,0
I347,17,0,0,1,1,0,14,30,7,5,0,38,s,0,7,9,0,9,s,1,2,3,1,47,7,39,s,0,8,0
1937,17,0,0,1,1,0,14,30,7,5,0,d,s,0,7,d,0,d,s,1,2,3,1,47,7,39,s,0,8,0
1936,17,0,0,1,1,0,d,30,7,5,0,d,s,0,7,9,0,9,s,1,2,3,1,47,7,d,s,0,d,0
I348,17,0,0,1,1,0,14,30,7,5,0,38,s,0,7,9,0,9,s,1,2,3,1,0,7,39,s,0,8,0
1499,17,0,0,1,d,0,d,30,d,5,0,38,s,0,7,9,0,d,s,1,2,d,1,0,7,39,s,0,8,0
1498,17,0,0,1,1,0,14,30,7,d,s,d,s,0,7,9,0,9,s,1,d,3,1,0,7,39,s,0,8,0
I349,0,0,0,1,0,0,14,30,0,0,0,38,s,0,7,9,0,0,s,1,0,3,0,0,7,39,0,0,8,0
I350,0,0,0,1,0,0,14,30,0,0,0,38,s,0,7,9,0,0,s,1,0,3,0,0,7,39,0,0,8,0
I351,8,0,0,1,4,0,14,30,0,0,0,38,s,0,7,9,0,14,s,1,0,3,0,0,7,39,0,0,8,0
I352,8,0,0,1,4,0,14,30,0,0,0,38,s,0,7,9,0,14,s,1,0,3,0,0,7,39,0,0,8,0
I353,8,0,s,1,4,0,14,30,0,0,0,38,s,0,7,9,s,14,s,s,0,3,0,0,7,39,0,0,8,0
1713,8,0,s,1,4,d,14,30,0,0,0,38,s,0,7,9,s,14,s,s,0,3,0,0,7,39,0,0,8,0
1712,d,0,s,1,4,0,d,30,0,s,0,38,s,d,7,9,s,14,s,s,0,3,4,d,7,d,d,0,8,0
1769,d,0,0,1,4,0,14,30,0,0,0,38,s,0,7,d,13,14,s,1,0,3,0,0,7,39,0,d,d,s
I355,8,1,0,1,4,0,14,30,0,0,s,38,s,0,7,9,0,14,s,1,0,3,0,0,7,39,0,1,8,0
I356,8,1,0,1,4,0,14,30,0,5,s,38,s,0,7,9,0,14,s,1,0,3,0,0,7,39,0,1,8,3
1601,d,1,0,1,4,d,14,30,0,5,s,d,s,0,7,9,d,14,s,1,d,d,0,0,7,39,d,1,8,3
1600,8,1,0,1,4,0,14,d,d,5,s,38,s,0,7,9,0,14,s,d,0,3,0,0,7,39,d,1,d,3
1685,8,1,2,1,d,d,d,30,0,0,s,38,s,0,7,9,0,14,s,1,0,3,d,0,7,39,0,1,8,5
I358,0,0,0,1,0,0,14,30,0,0,0,38,s,0,7,9,s,0,s,1,0,3,0,14,7,39,0,0,8,0
I359,0,0,0,1,0,0,14,30,0,0,0,38,s,10,7,9,s,0,s,1,0,3,0,14,7,39,0,0,8,0
1167,0,0,s,d,0,0,14,30,0,0,0,38,s,10,d,d,s,0,s,1,0,3,d,14,7,39,0,0,8,0
1136,d,d,0,1,0,0,14,30,0,0,0,38,s,d,7,9,s,0,s,1,s,3,4,14,7,39,0,0,8,7
I362,0,0,0,1,0,0,14,30,0,0,0,38,s,0,7,9,s,0,s,1,0,3,0,14,7,39,0,0,8,3
I363,0,0,0,1,0,0,14,30,0,0,s,38,s,0,7,9,s,0,s,1,0,3,0,14,7,39,0,1,8,3
1219,0,s,0,1,0,0,14,30,0,0,s,38,s,0,7,9,s,0,s,1,d,3,0,14,7,39,0,1,8,3
1218,0,1,0,1,d,0,14,30,0,8,s,38,s,0,7,d,s,0,s,d,0,3,0,d,d,39,0,1,8,3
1246,11,0,0,1,0,d,d,30,0,0,1,38,s,0,7,9,s,0,s,1,0,3,4,14,d,d,0,0,d,3
I365,0,0,0,1,0,0,14,30,0,0,0,38,s,0,7,9,0,0,s,1,0,3,4,0,7,39,2,0,8,0
I366,0,0,0,1,0,0,14,30,23,0,s,38,s,0,7,9,0,0,s,1,0,3,4,0,7,39,2,0,8,0
1525,0,0,0,1,1,0,14,30,23,0,s,38,s,0,7,9,0,0,s,1,15,3,4,0,7,39,2,d,d,d
1445,d,d,0,1,d,0,d,30,23,0,s,38,s,8,7,9,6,0,s,1,0,3,4,s,7,39,2,0,8,0
I373,0,1,0,1,0,0,14,30,0,0,0,38,s,0,7,9,0,0,s,1,0,3,4,0,7,39,2,1,s,0
I374,0,1,0,1,0,0,14,30,0,0,1,38,s,10,7,9,0,0,s,1,0,3,4,0,7,39,2,1,s,0
I375,0,1,2,1,0,0,14,30,0,0,1,38,s,10,7,9,0,0,s,1,0,3,4,0,7,39,2,1,s,0
1347,0,1,2,1,0,0,14,30,0,0,1,38,s,10,d,9,0,0,s,1,0,3,4,47,7,39,2,1,s,0
1346,0,1,2,1,0,0,14,30,0,d,1,d,s,10,7,d,0,d,s,1,0,3,4,0,7,39,s,1,s,0
1085,0,s,0,d,0,0,14,30,0,0,d,38,s,d,d,9,0,d,s,1,0,3,4,0,7,39,d,1,s,0
I377,0,1,0,1,0,0,s,30,0,0,0,38,s,17,7,9,0,4,s,1,3,3,4,0,7,39,2,1,s,0
I378,2,1,0,1,0,3,s,30,0,0,0,38,s,17,7,9,0,4,s,s,3,3,4,0,7,39,2,1,s,0
1391,2,d,0,1,0,d,s,30,0,0,0,38,s,d,7,9,d,4,s,s,3,d,4,0,7,39,2,1,s,0
1390,2,1,0,d,0,3,s,30,d,d,d,38,s,17,7,9,0,4,s,s,3,3,4,0,d,39,2,1,s,0
1077,6,1,0,1,d,d,s,30,0,0,d,d,s,17,7,9,0,4,s,1,3,3,4,0,d,39,2,1,s,0
I380,0,1,0,0,0,0,0,0,0,0,0,38,0,0,7,9,0,0,s,1,0,0,0,s,7,39,0,0,8,0
I381,0,1,0,0,0,0,15,0,0,2,0,38,0,0,7,9,0,0,s,1,0,0,0,s,7,39,0,0,8,0
I382,0,1,0,0,0,0,15,0,0,2,0,38,0,0,7,9,0,12,s,1,0,3,0,s,7,39,0,0,8,0
I383,0,1,0,0,0,0,15,0,0,2,0,38,0,18,7,9,0,12,s,s,0,3,0,s,7,39,0,0,8,0
I384,0,1,2,0,0,0,15,0,0,2,0,38,0,18,7,9,0,12,s,s,8,3,0,s,7,39,0,0,8,0
I386,0,1,2,0,0,10,15,0,s,2,0,38,0,18,7,9,11,12,s,s,8,3,0,s,7,39,0,0,8,0
1839,0,1,2,0,0,10,d,0,s,2,0,38,0,18,7,9,d,12,s,s,d,3,d,s,7,39,0,0,8,0
1838,d,1,2,0,0,10,15,0,s,2,0,d,d,18,7,d,d,12,s,s,8,3,d,s,7,39,0,0,8,0
I388,0,1,2,0,0,0,15,0,0,2,0,38,0,18,7,9,0,12,s,s,8,3,0,s,7,39,0,1,8,0
I389,0,1,2,0,0,0,15,0,s,2,0,38,0,18,7,9,0,12,s,s,8,3,s,s,7,39,0,1,8,0
1791,s,1,2,0,0,0,15,0,s,2,0,38,d,18,7,9,0,12,s,s,8,3,s,s,7,d,d,1,8,0
1790,0,1,2,0,0,0,15,0,s,2,0,d,6,18,7,9,0,12,s,s,d,d,s,s,7,39,0,1,8,0
1698,0,1,2,0,0,d,15,0,1,d,0,38,0,18,7,9,0,12,s,s,8,d,d,s,7,39,0,1,8,0
I391,0,1,0,0,1,4,15,0,0,2,0,38,0,18,7,9,0,12,s,s,0,3,0,s,7,39,0,0,8,0
I392,0,1,0,1,1,4,15,3,0,2,0,38,0,s,7,9,0,12,s,s,0,3,4,s,7,39,0,0,8,0
1674,0,1,0,d,1,4,15,3,0,2,0,38,0,s,7,9,0,12,s,s,d,3,d,s,7,39,2,d,d,0
1741,0,1,0,d,1,4,15,3,d,d,0,38,0,s,7,9,d,12,s,s,0,d,4,s,7,39,0,d,8,5
I395,0,1,0,0,1,4,15,0,0,2,0,38,0,18,7,9,0,12,s,s,0,3,0,s,7,39,2,0,8,0
I396,0,1,0,0,1,4,15,0,0,2,0,38,0,18,7,9,0,12,s,s,0,3,0,s,7,39,2,0,8,0
1593,0,1,d,0,1,4,15,0,d,2,0,38,0,d,7,9,0,12,s,s,0,3,0,s,7,39,2,d,d,0
1592,0,1,0,0,1,4,15,0,0,2,0,38,0,d,7,9,0,12,s,s,3,3,0,s,7,d,2,0,8,d
1711,d,d,2,0,1,d,15,24,26,s,d,38,0,18,7,d,0,12,s,s,4,3,4,s,7,39,2,0,8,0
I398,0,1,0,0,0,0,15,0,0,2,0,38,0,0,7,9,s,12,s,1,14,3,0,s,7,39,0,0,8,0
I399,0,1,0,0,0,0,15,4,38,2,0,38,0,0,7,9,s,12,s,1,14,3,0,s,7,39,0,0,8,0
I400,0,1,0,0,0,0,15,4,38,2,0,38,4,0,7,9,s,12,s,1,14,3,0,s,7,39,s,0,8,3
I401,0,1,0,1,0,0,15,4,38,2,1,38,s,0,7,9,s,12,s,1,14,3,0,s,7,39,s,0,8,3
1933,0,1,0,1,d,0,15,4,38,2,1,38,s,0,7,9,s,12,s,1,14,3,d,s,7,39,s,d,d,3
1932,0,d,0,1,0,0,15,4,38,2,1,38,s,0,7,9,s,12,s,1,14,3,0,s,7,39,s,0,8,3
1894,0,1,0,0,0,0,15,4,38,2,0,d,4,0,7,9,s,d,s,1,14,3,0,s,d,d,s,0,8,3
I403,0,1,0,0,0,0,15,4,38,2,0,38,0,0,7,9,s,12,s,1,14,3,0,s,7,39,0,0,8,0
1788,s,1,0,5,0,0,15,4,38,2,0,38,0,0,d,d,s,12,s,1,14,d,1,s,7,39,s,0,8,0
1881,0,1,0,0,0,0,15,4,38,2,0,38,0,0,7,9,s,12,s,1,14,d,d,s,7,39,0,0,8,0
I406,0,1,0,0,0,0,15,0,0,2,0,38,0,0,7,9,s,12,s,1,14,3,0,s,7,39,0,0,8,0
I407,0,1,0,0,0,0,15,0,0,2,0,38,0,0,7,9,s,12,s,1,14,3,0,s,7,39,0,1,8,0
1689,0,1,0,0,0,0,15,0,0,d,1,38,0,0,7,9,s,d,s,1,14,3,0,s,d,d,0,1,8,0
1901,d,1,0,1,0,d,15,0,0,2,0,38,0,10,7,s,s,12,s,1,14,d,0,s,d,39,0,1,8,0
1982,0,1,d,d,1,d,15,0,0,2,1,38,0,0,7,9,s,12,s,1,14,3,0,s,7,39,0,0,8,d
I413,0,1,0,0,0,0,15,0,0,2,0,38,0,0,7,9,0,0,s,1,0,0,0,s,7,39,0,0,8,0
I414,17,1,0,0,0,0,15,s,0,2,1,38,0,0,7,9,0,0,s,1,0,0,0,s,7,39,0,0,8,0
I415,17,1,0,0,0,0,15,s,0,2,1,38,0,0,7,9,29,0,s,1,0,0,0,s,7,39,0,0,8,0
I416,17,1,0,0,0,0,15,s,0,2,1,38,0,0,7,9,29,0,s,1,8,0,0,s,7,39,0,0,8,0
1330,d,s,3,d,0,4,15,s,0,2,1,38,0,0,7,d,d,0,s,1,8,0,0,s,7,d,0,0,8,d
1414,17,1,0,0,0,s,15,s,0,2,1,38,0,0,7,9,d,0,s,1,8,0,4,s,7,39,0,0,8,d
I419,17,1,2,0,0,0,15,s,0,2,1,38,0,0,7,9,29,0,s,1,0,7,0,s,7,39,0,0,8,0
1290,17,1,2,1,3,0,15,s,0,2,1,38,1,0,7,s,29,0,s,1,0,d,0,s,7,39,0,0,8,0
1284,17,1,d,0,0,0,s,s,0,2,1,38,0,0,7,9,29,0,s,1,0,7,0,s,7,39,0,0,8,0
I422,17,1,0,0,0,0,15,s,0,2,1,38,0,0,7,9,0,0,s,1,0,0,0,s,7,39,0,0,8,0
I425,17,1,3,0,0,0,15,s,6,2,1,38,0,0,7,9,0,0,s,1,18,0,4,s,7,s,0,0,8,0
1209,17,1,3,0,d,0,15,s,6,2,1,38,s,0,7,9,0,0,s,d,18,0,4,s,7,s,0,0,8,0
1208,17,d,3,0,0,0,15,s,6,2,d,38,0,d,7,9,0,0,s,1,18,0,4,s,d,s,0,0,8,0
1156,17,1,0,0,0,0,15,s,9,d,1,s,0,0,7,9,0,0,s,1,2,0,0,s,7,39,d,0,8,d
I429,0,1,0,0,0,0,15,0,0,2,0,38,0,0,7,9,0,s,s,1,0,0,0,s,7,39,0,0,8,0
I430,0,1,0,1,s,0,15,0,0,2,0,38,0,0,7,9,0,s,s,1,0,0,4,s,7,39,0,0,8,0
1691,0,1,3,d,s,0,15,d,0,s,1,38,0,0,7,9,14,s,s,1,0,0,4,s,7,39,0,d,d,7
I434,0,1,0,1,s,0,15,0,0,2,0,38,0,0,7,9,0,s,s,1,8,0,4,s,7,39,0,0,8,0
1662,0,d,2,1,s,0,15,d,d,2,0,d,1,0,7,9,0,s,s,1,8,0,4,s,7,39,2,0,8,0
I436,0,1,0,1,s,0,15,0,0,2,0,38,0,0,7,9,0,s,s,1,8,0,4,s,7,39,0,0,8,0
1585,0,1,0,1,s,0,15,0,0,2,0,38,d,0,7,9,13,s,s,1,8,0,4,s,7,d,d,0,8,0
1584,0,d,0,1,s,0,15,3,0,2,0,d,d,0,7,9,0,s,s,1,8,0,4,s,7,39,0,0,8,0
I437,0,1,2,0,0,0,15,0,0,2,0,38,0,0,7,9,0,s,s,1,0,0,0,s,7,39,2,0,s,0
I438,0,1,2,0,0,0,15,0,0,2,0,38,0,0,7,9,0,s,s,1,0,0,0,s,7,39,2,1,s,0
I439,0,1,2,0,0,0,15,0,0,2,0,38,6,0,7,9,0,s,s,1,0,0,0,s,7,39,2,1,s,0
1529,0,1,2,0,0,d,15,0,0,2,0,38,6,d,7,9,0,s,s,1,s,0,0,s,7,39,2,1,s,0
1528,0,1,2,0,0,0,15,0,0,2,0,d,6,0,7,9,0,s,s,1,d,0,0,s,7,d,2,1,s,0
I440,0,1,2,0,0,0,15,0,36,2,0,38,0,0,7,9,0,s,s,1,0,0,0,s,7,39,2,s,s,2
1603,0,1,2,0,0,0,15,0,36,2,0,38,d,0,d,s,0,s,s,1,d,0,d,s,7,39,2,s,s,2
1602,d,1,2,0,0,0,15,0,36,2,0,38,0,0,7,9,0,s,s,1,0,0,0,s,7,39,2,s,s,2
I441,0,1,2,0,0,0,15,3,0,2,1,38,0,0,7,9,0,s,s,1,0,0,0,s,7,39,2,0,s,0
1975,d,1,2,0,d,0,15,d,0,2,1,38,0,0,7,9,0,s,s,1,0,0,0,s,d,39,2,0,s,d
1543,0,1,2,0,0,d,15,3,0,2,1,38,0,0,7,9,0,s,s,1,s,0,0,s,7,39,d,1,s,s
I444,0,1,0,1,0,0,0,0,0,0,0,38,0,0,7,9,0,0,s,1,0,0,0,s,7,39,0,s,8,7
I445,0,1,0,1,0,0,7,4,0,0,0,38,0,0,7,9,0,0,s,1,0,0,0,s,7,39,0,s,8,7
I446,0,1,0,1,0,0,7,4,0,0,0,38,0,3,7,9,0,4,s,1,13,0,0,s,7,39,0,s,s,7
I447,0,1,0,1,0,0,7,4,22,0,0,38,0,3,7,9,0,4,s,1,13,0,0,s,7,39,0,s,s,7
I448,0,1,s,1,0,12,7,4,22,0,0,38,0,3,7,9,0,4,s,1,13,0,0,s,7,39,0,s,s,7
I449,0,1,s,1,0,12,7,4,22,0,0,38,0,3,7,9,0,4,s,1,13,0,0,s,7,39,0,s,s,7
1481,d,1,s,d,0,12,7,4,d,5,0,38,0,3,7,9,0,4,s,1,13,0,0,s,d,39,0,s,s,7
1480,s,1,s,1,0,12,7,4,22,0,0,d,0,3,7,d,0,4,s,1,13,0,d,s,7,39,0,s,s,7
1272,d,d,s,d,0,12,7,4,22,0,0,38,d,d,7,d,9,d,s,d,13,d,0,s,7,39,0,s,s,7
I451,0,1,0,1,0,0,7,4,22,0,0,38,0,3,7,9,0,4,s,1,13,0,0,s,7,39,0,s,s,7
I452,0,1,0,1,0,0,7,4,22,0,0,38,0,3,7,9,0,4,s,1,13,0,0,s,7,39,0,s,s,7
1143,0,1,d,1,0,0,7,4,d,0,0,38,0,d,d,9,d,4,s,1,13,d,0,s,7,39,0,s,s,7
1142,9,1,0,1,0,0,7,4,22,0,0,38,0,3,d,d,0,4,s,1,13,0,0,s,7,d,d,s,s,7
I453,0,1,0,1,0,0,7,4,22,0,0,38,0,3,7,9,0,4,s,1,13,0,0,s,7,39,0,s,s,7
1153,s,d,0,1,0,s,7,4,22,0,0,38,0,3,7,d,0,4,s,d,13,0,d,s,7,39,0,s,s,7
1152,d,1,0,1,0,d,7,4,22,0,0,38,0,3,d,9,0,4,s,1,13,0,0,s,7,39,0,s,s,7
I454,6,1,0,1,0,0,7,4,0,0,0,38,0,3,7,9,0,4,s,1,13,0,0,s,7,39,0,s,s,7
I455,6,1,0,1,0,0,7,4,0,0,0,38,0,3,7,9,0,4,s,1,13,0,0,s,7,39,0,s,s,7
I456,6,1,0,1,0,0,7,4,0,0,0,38,0,3,7,9,0,4,s,1,13,0,0,s,7,39,0,s,s,7
1907,d,1,0,1,0,0,7,4,0,0,0,38,0,3,7,9,0,d,s,d,13,0,0,s,7,39,0,s,s,7
1906,6,d,0,1,0,0,7,4,d,0,0,38,0,3,d,d,0,4,s,1,13,0,0,s,7,39,0,s,s,7
I457,6,1,0,1,1,0,7,4,20,0,0,38,4,3,7,9,0,4,s,1,13,0,0,s,7,39,0,s,s,7
1821,d,1,0,1,1,0,d,4,20,0,0,38,4,3,7,9,0,4,s,1,13,d,0,s,7,39,d,s,s,7
1820,6,1,0,1,1,0,d,4,20,0,0,38,4,3,7,9,d,4,s,1,13,0,d,s,7,d,0,s,s,d
I458,6,1,0,1,0,0,7,4,0,0,0,38,4,3,7,9,0,4,s,1,13,0,0,s,7,39,0,s,s,7
I459,6,1,0,1,0,0,7,4,0,2,0,38,4,3,7,9,0,4,s,1,13,0,0,s,7,39,0,s,s,7
2025,6,1,0,1,0,0,7,4,0,d,d,38,4,3,7,9,0,4,s,1,13,0,d,s,7,39,0,s,s,7
2024,6,1,0,1,0,d,7,4,0,2,0,38,4,3,7,9,0,4,s,1,13,0,d,s,7,39,0,s,s,7
1874,6,1,0,1,0,0,7,4,22,0,0,38,s,3,7,9,0,4,s,1,13,0,0,s,7,39,0,s,s,7
I461,0,1,0,1,0,0,7,4,0,0,0,38,0,0,7,9,0,0,s,1,0,0,0,s,7,39,2,s,8,7
I462,0,1,0,1,0,0,7,4,0,0,0,38,0,0,7,9,24,0,s,1,0,0,0,s,7,39,s,s,8,7
1466,0,1,0,1,0,0,7,4,0,5,1,38,0,d,7,9,24,0,s,1,d,d,d,s,7,d,s,s,8,7
I467,0,1,0,1,2,0,7,4,0,0,0,s,0,0,7,9,24,14,s,1,0,0,0,s,7,39,s,s,8,7
1891,0,1,3,1,2,0,7,4,0,0,0,s,0,0,d,9,24,14,s,1,0,0,0,s,7,39,s,s,8,7
1890,d,1,0,1,2,0,7,4,0,0,0,s,d,0,7,9,24,14,s,1,0,0,0,s,7,39,s,s,8,7
I469,0,1,0,1,0,0,7,4,0,4,0,38,s,0,7,9,0,0,s,1,0,0,0,s,7,39,2,s,8,7
I470,0,1,0,1,0,0,7,4,0,4,0,38,s,0,7,9,0,0,s,1,0,0,0,s,7,39,2,s,8,7
1653,0,1,2,1,0,15,7,4,d,4,1,38,s,0,7,9,0,0,s,1,d,0,0,s,7,39,2,s,8,7
1618,0,1,d,1,0,0,d,4,d,4,0,d,s,d,7,9,0,14,s,1,d,0,0,s,7,39,d,s,s,7
I473,0,1,0,1,0,0,7,4,0,4,0,38,s,0,7,9,0,0,s,1,0,0,0,s,7,39,2,s,8,7
1852,0,1,d,1,0,6,7,4,d,4,0,38,s,0,7,9,32,0,s,1,0,d,0,s,d,d,2,s,8,7
1914,17,1,0,1,s,0,7,4,0,4,0,38,s,0,7,9,0,16,s,1,0,0,4,s,7,39,2,s,8,7
I476,0,1,0,1,0,0,0,0,0,0,0,38,0,0,7,9,0,0,s,1,0,7,0,s,7,39,0,s,8,7
I477,0,1,2,1,0,0,0,0,0,0,0,38,0,0,7,9,0,s,s,1,0,7,0,s,7,39,0,s,8,7
I478,0,1,2,1,0,0,0,2,0,0,0,38,0,0,7,9,0,s,s,1,0,7,4,s,7,39,0,s,8,7
I479,0,1,2,1,0,0,0,2,0,0,1,38,4,0,7,9,0,s,s,1,0,7,4,s,7,39,0,s,8,7
I480,0,1,2,1,0,0,0,2,0,0,1,38,4,0,7,9,0,s,s,1,0,7,4,s,7,39,0,s,8,7
1503,0,1,2,1,2,d,0,2,0,0,1,38,4,0,7,9,0,s,s,1,0,7,4,s,7,39,0,s,8,d
1502,0,1,2,1,0,0,15,d,0,0,1,38,4,0,7,9,0,s,s,1,0,7,4,s,7,39,0,s,8,7
1608,0,1,2,d,0,0,7,2,0,0,1,38,4,0,7,d,1,s,s,d,0,7,d,s,7,39,0,s,8,7
I482,0,1,2,1,0,0,0,2,0,0,0,38,0,0,7,9,0,s,s,1,0,7,4,s,7,39,0,s,8,7
1825,0,1,2,d,0,0,0,2,0,0,0,38,0,0,7,9,0,s,s,1,0,7,d,s,7,39,0,s,8,7
I484,0,1,2,1,0,0,0,2,0,0,0,38,s,0,7,9,0,s,s,1,0,7,4,s,7,39,0,s,8,7
1705,0,1,2,1,0,d,0,2,0,0,0,38,s,0,7,9,0,s,s,1,d,7,4,s,d,39,0,s,8,7
1704,0,1,2,1,0,0,d,2,0,0,0,38,s,0,7,9,0,s,s,1,0,7,4,s,7,d,0,s,8,7
I485,0,1,2,1,0,2,0,0,0,0,0,38,0,0,7,9,0,s,s,1,0,7,0,s,7,39,0,s,8,7
I486,0,1,2,1,0,2,0,0,0,0,1,38,0,0,7,9,0,s,s,1,0,7,4,s,7,39,0,s,8,7
1808,0,1,2,1,d,2,0,29,0,0,1,38,d,d,7,9,0,s,s,1,0,d,4,s,7,39,0,s,8,7
I488,0,1,2,1,0,2,0,0,0,0,1,38,0,0,7,9,0,s,s,1,0,7,4,s,7,39,2,s,8,7
1709,0,1,2,1,0,2,0,0,0,0,d,38,0,0,7,9,0,s,s,1,0,7,4,s,7,39,2,s,8,7
1708,0,1,2,d,d,2,0,d,0,0,1,38,0,d,7,9,0,s,s,1,0,7,4,s,d,39,2,s,8,7
I489,0,1,2,1,0,2,0,0,0,0,0,38,0,0,7,9,1,s,s,1,s,7,0,s,7,39,0,s,8,7
1750,d,1,2,d,0,2,13,d,0,0,0,38,d,0,7,9,1,s,s,1,s,d,0,s,7,39,0,s,8,7
1968,0,s,d,1,0,2,0,0,0,0,0,38,0,0,7,9,d,s,s,1,s,7,0,s,7,39,0,s,8,d
I492,0,1,0,1,0,0,0,30,0,0,0,38,0,0,7,9,0,0,s,1,0,7,0,s,7,39,0,s,8,7
I493,0,1,0,1,0,0,0,30,0,0,0,38,0,0,7,9,0,12,s,1,0,7,0,s,7,39,0,s,8,7
I494,0,1,0,1,0,0,0,30,0,0,0,s,0,0,7,9,0,12,s,1,0,7,0,s,7,39,0,s,8,7
I495,0,1,0,1,2,0,0,30,0,0,0,s,0,0,7,9,0,12,s,1,0,7,0,s,7,39,0,s,8,7
1865,0,d,0,1,d,0,0,30,0,0,0,s,0,0,7,9,0,12,s,1,0,d,0,s,7,39,0,s,d,d
1864,0,1,0,1,2,d,0,30,0,0,0,s,0,0,7,9,0,12,s,1,0,7,0,s,7,39,0,s,8,7
1958,12,1,0,1,0,0,d,30,0,0,d,s,0,0,7,9,0,12,s,1,0,7,0,s,7,39,0,s,8,7
I497,0,1,0,1,0,0,0,30,0,0,0,38,2,0,7,9,0,12,s,1,0,7,0,s,7,39,0,s,8,7
1610,0,1,d,1,0,0,d,d,0,0,1,38,2,0,d,9,0,12,s,1,d,d,0,s,7,39,0,s,d,d
1479,0,1,0,1,0,0,0,30,17,0,0,38,2,0,7,9,0,12,s,1,0,7,0,s,7,39,d,s,8,7
I504,0,1,0,1,0,0,0,30,0,0,1,38,0,0,7,9,0,4,s,1,0,7,0,s,7,39,2,s,8,7
I505,0,1,0,1,0,0,0,30,0,0,1,38,0,0,7,9,0,4,s,1,0,7,0,s,7,39,2,s,8,7
1659,0,1,0,1,0,d,0,30,0,0,1,38,d,d,7,9,0,4,s,1,0,d,0,s,7,39,2,s,8,7
1658,0,1,0,1,0,d,0,30,0,d,d,38,0,d,7,9,0,4,s,1,0,d,d,s,7,39,2,s,8,7
1905,0,1,0,1,1,d,0,30,0,s,1,38,0,d,7,d,0,4,s,1,0,7,0,s,7,39,2,s,8,7
I507,0,0,0,0,1,s,0,0,0,0,0,0,0,0,7,0,0,0,0,1,8,0,0,0,0,0,0,0,8,0
I508,0,0,2,0,1,s,0,0,0,0,0,0,0,0,7,0,26,0,0,1,8,0,0,0,0,0,0,0,8,0
I509,0,0,2,1,1,s,0,0,0,18,0,0,0,7,7,0,26,0,0,1,8,0,0,0,0,0,0,0,8,0
I510,0,0,2,1,1,s,0,0,0,18,0,8,0,7,7,0,26,0,0,1,8,0,0,0,0,0,2,0,8,0
I511,0,0,2,1,1,s,0,0,0,18,0,8,6,7,7,0,26,0,0,1,8,0,0,0,0,0,2,0,8,0
I512,6,0,2,1,1,s,0,0,0,18,0,8,6,7,7,0,26,0,0,1,8,0,0,0,7,0,2,1,8,0
I513,6,0,2,1,1,s,0,0,0,18,0,8,6,7,7,0,26,0,0,1,8,0,0,4,7,0,2,1,8,0
I514,6,1,2,1,1,s,9,0,0,18,0,8,6,7,7,0,26,0,0,1,8,0,0,4,7,0,2,1,8,6
I515,6,1,2,1,1,s,9,0,0,18,0,8,6,7,7,0,26,13,0,1,8,0,0,4,7,0,2,1,8,6
1067,6,1,2,1,1,s,9,0,0,18,0,8,6,7,7,0,d,d,0,1,8,0,d,4,7,20,2,1,8,6
1066,6,d,d,1,1,s,9,0,d,d,0,8,6,7,7,d,26,13,0,1,8,0,0,d,7,0,2,1,8,6
1065,d,1,2,1,1,s,9,0,0,18,1,8,6,7,7,0,26,0,0,s,8,0,4,d,d,0,2,1,8,d
1090,6,0,2,1,1,s,0,35,0,18,0,d,6,7,7,d,s,0,0,1,8,d,0,4,7,d,d,1,8,0
I524,6,0,2,1,1,s,0,0,0,18,0,8,6,7,7,22,26,0,0,1,8,0,4,56,7,0,2,1,8,0
1354,6,0,2,1,1,s,0,0,0,18,0,d,d,7,d,22,26,d,0,d,8,0,4,56,7,16,2,1,8,d
I526,6,0,2,1,1,s,0,0,0,18,0,8,6,7,7,22,26,0,0,1,8,0,4,56,7,0,2,1,8,0
1587,6,1,2,1,1,s,0,0,0,18,0,d,6,7,7,22,26,0,0,1,8,0,4,56,7,0,2,s,8,0
1586,6,0,2,1,1,s,0,0,0,18,0,8,6,7,7,22,26,0,0,s,8,0,4,56,7,0,2,1,8,0
I527,5,0,2,1,1,s,0,0,23,18,0,8,6,7,7,0,26,s,0,1,8,0,0,0,0,0,2,0,8,0
I528,5,0,2,1,1,s,7,0,23,18,0,8,6,7,7,0,26,s,0,1,8,0,0,0,0,0,2,0,8,6
1380,d,0,2,1,1,s,7,d,23,18,1,8,6,7,7,d,26,s,0,1,d,0,0,0,0,0,2,d,8,6
1389,5,1,d,1,1,s,7,0,23,d,d,d,6,7,7,16,26,s,3,1,8,3,0,0,0,16,2,0,8,6
I535,5,0,2,1,1,s,0,0,23,18,0,8,6,7,7,s,26,s,0,1,8,0,0,0,0,0,2,0,8,0
I536,5,0,2,1,1,s,0,0,23,18,0,8,6,7,7,s,s,s,0,1,8,0,0,0,0,0,2,0,8,0
I537,5,0,2,1,1,s,0,s,23,18,0,8,6,7,7,s,s,s,0,1,8,0,0,0,0,0,2,0,8,3
1211,5,d,2,d,1,s,0,s,23,18,0,8,6,7,7,s,s,s,0,1,8,0,0,0,0,16,2,0,8,d
1210,5,0,s,1,1,s,7,s,23,18,0,8,s,d,7,s,s,s,d,d,8,0,0,0,0,d,d,0,8,3
1236,d,0,2,1,1,s,7,20,23,18,0,8,6,7,7,s,s,s,0,1,8,d,0,d,d,0,2,0,8,0
I539,5,0,2,1,1,s,0,0,23,18,0,8,6,7,7,s,26,s,0,1,8,7,0,0,0,0,2,0,8,0
1155,5,1,2,1,1,s,0,0,23,18,0,8,6,7,7,s,26,s,0,1,8,7,0,0,0,0,d,0,8,d
1175,5,d,2,1,1,s,0,0,23,s,0,8,6,7,7,s,26,s,0,d,8,7,4,0,1,0,2,0,8,d
I542,0,1,2,1,1,s,0,0,0,18,0,8,0,7,7,0,26,0,0,1,8,0,0,0,0,0,2,0,8,0
I543,0,1,2,1,1,s,0,0,0,18,0,8,0,s,7,0,26,0,23,1,8,0,0,24,0,0,2,0,8,0
I544,0,1,2,1,1,s,4,0,0,18,0,8,0,s,7,0,s,0,23,1,8,0,4,24,0,0,2,0,8,0
1083,0,d,2,1,1,s,4,s,0,d,0,8,0,s,7,d,s,0,23,1,8,3,4,24,7,0,2,0,8,0
I548,0,1,2,1,1,s,4,0,0,18,0,8,0,s,7,0,s,0,23,1,8,0,4,24,0,0,2,0,8,0
I549,0,1,2,1,1,s,4,0,0,18,0,8,0,s,7,0,s,0,23,1,8,0,4,24,0,0,2,0,8,0
1047,0,1,2,1,1,s,4,0,0,18,0,8,0,s,7,0,s,0,23,1,8,0,d,24,d,0,d,0,8,d
I550,0,1,2,1,1,s,4,0,0,18,1,8,0,s,7,0,s,0,23,1,8,3,4,s,0,0,2,0,8,0
2047,0,1,2,1,1,s,d,0,0,d,1,8,0,s,7,0,s,0,23,1,8,3,4,s,0,0,2,0,8,d
2046,0,1,d,1,1,s,4,d,0,18,1,8,0,s,7,0,s,0,23,1,8,3,4,s,0,0,2,0,8,0
1127,0,1,2,d,1,s,4,0,0,18,1,8,d,s,7,0,s,0,23,1,8,0,4,24,0,0,2,0,8,0
I552,0,1,2,1,1,s,17,0,0,18,0,8,0,s,7,0,26,0,23,1,8,0,4,24,0,22,2,0,8,3
I553,0,1,2,1,1,s,17,35,7,18,0,8,s,s,7,0,26,0,23,1,8,0,4,24,0,22,2,0,8,3
1089,16,1,2,1,1,s,17,s,7,d,d,d,s,s,d,d,26,0,23,1,8,d,4,24,0,22,2,0,8,3
1203,0,1,2,1,1,s,d,35,7,18,0,8,s,s,d,0,26,d,23,s,d,s,d,24,0,22,d,0,8,3
I558,0,1,2,1,1,s,17,0,0,18,0,8,1,s,7,0,26,16,23,1,8,0,4,24,0,22,2,1,8,3
I559,0,1,2,s,1,s,17,13,0,18,0,8,1,s,7,10,26,16,23,1,8,0,4,24,0,22,2,1,8,3
2017,d,1,2,s,1,s,17,13,d,18,0,8,1,s,7,d,26,16,d,1,d,0,d,24,0,22,2,1,8,3
2016,0,1,2,s,1,s,17,d,0,d,0,8,1,s,d,10,d,16,23,1,d,0,4,24,0,22,2,1,8,3
2039,0,1,2,1,1,s,17,0,0,18,1,8,1,s,7,d,26,16,d,1,8,d,d,24,0,22,2,1,d,d
I561,0,1,2,1,1,s,0,0,0,18,0,8,0,7,7,0,26,0,0,1,8,0,0,0,0,0,2,0,8,0
I562,0,1,2,1,1,s,0,0,0,18,0,8,0,7,7,0,26,0,s,1,8,0,0,0,0,0,2,0,8,0
1168,0,1,d,d,1,s,0,0,0,18,0,8,0,7,7,0,26,0,s,1,8,3,0,d,0,0,2,0,8,2
I566,0,1,2,1,1,s,0,0,0,18,0,8,0,7,7,0,s,0,s,s,8,0,0,0,0,0,2,0,8,0
1401,0,d,2,1,1,s,0,0,0,18,1,8,6,7,7,9,s,12,s,s,8,0,d,0,0,38,2,0,8,5
1517,6,1,s,1,d,s,s,d,d,18,0,8,0,7,7,0,s,0,s,s,8,0,0,0,0,0,d,s,8,0
I569,6,1,2,1,1,s,0,0,s,18,1,8,0,7,7,0,26,0,0,1,8,0,0,0,0,0,2,0,8,0
1353,d,1,2,1,1,s,0,0,s,18,1,d,4,7,7,0,d,d,0,1,8,0,0,0,0,d,2,1,8,d
I573,6,1,2,1,1,s,0,0,s,18,1,8,0,7,7,0,26,0,s,1,8,0,s,0,0,0,2,0,8,0
1551,6,1,2,1,1,s,0,20,s,18,1,8,0,7,7,0,26,0,s,1,8,0,s,s,0,0,2,0,8,0
1197,6,1,2,1,1,s,0,d,s,18,1,8,0,7,d,0,26,0,s,1,8,0,s,0,0,0,2,0,8,0
I576,0,0,2,1,1,s,0,0,0,18,0,0,0,7,7,0,26,0,0,1,8,0,0,0,0,0,0,1,8,0
I577,6,0,2,1,1,s,0,0,0,18,0,0,0,7,7,0,26,0,7,1,8,0,0,0,0,0,0,1,8,0
I578,6,0,2,1,1,s,0,0,0,18,0,0,4,7,7,0,26,0,7,1,8,0,0,0,0,0,0,1,8,0
I579,s,0,2,1,1,s,7,0,0,18,0,0,4,7,7,0,26,0,7,1,8,0,s,0,7,13,0,1,8,0
I580,s,0,2,1,1,s,7,0,0,18,0,0,4,7,7,15,26,0,7,1,8,0,s,0,7,13,0,1,8,0
1835,s,0,2,d,1,s,7,0,0,18,0,0,4,7,7,15,26,0,7,1,8,0,s,0,7,d,2,1,8,0
I582,s,0,2,1,1,s,7,0,0,18,0,0,4,7,7,15,26,0,7,1,8,0,s,0,7,13,0,1,8,0
1671,s,0,2,d,1,s,7,0,0,18,0,8,4,7,7,15,26,d,7,1,d,0,s,d,7,d,0,1,8,0
1670,s,0,2,1,1,s,7,0,0,18,0,0,4,7,7,15,26,0,7,1,8,0,s,0,d,13,0,d,8,0
I583,s,0,2,1,1,s,7,0,0,18,0,0,4,7,7,0,26,0,7,1,8,0,s,0,7,s,2,1,8,0
1949,s,0,2,1,d,s,7,0,34,18,1,0,4,d,7,0,26,0,7,s,8,0,s,0,7,s,2,1,8,0
I585,s,0,2,1,1,s,7,0,0,18,0,0,4,7,7,0,26,0,7,1,8,0,s,0,7,s,2,1,8,0
1749,s,0,2,1,1,s,7,d,0,18,0,0,4,7,d,0,26,0,7,d,8,0,s,0,7,s,2,1,8,0
1748,s,0,2,1,1,s,7,0,0,18,0,0,4,d,7,0,26,0,7,1,8,0,s,0,7,s,2,1,8,d
I586,6,0,2,1,1,s,0,4,0,18,0,0,4,7,7,0,26,0,7,1,8,0,0,0,0,0,0,1,8,0
I587,6,0,2,1,1,s,4,4,0,18,0,0,4,7,7,0,26,0,7,1,8,0,0,0,0,0,0,1,8,2
I588,6,0,2,1,1,s,4,4,38,18,0,0,4,7,7,0,26,0,7,1,8,0,0,20,0,0,0,1,8,2
1269,6,0,2,1,1,s,4,4,38,18,0,0,4,d,7,0,26,4,7,1,8,0,0,20,d,0,0,1,8,d
1268,6,0,2,1,1,s,d,4,d,d,d,0,4,7,7,0,26,d,7,1,8,0,0,s,0,0,d,1,d,2
1177,6,d,d,1,1,s,4,4,0,18,1,0,4,7,7,0,26,0,d,1,8,d,0,d,0,0,0,1,8,2
I591,6,0,2,1,1,s,0,4,1,18,0,1,4,7,7,0,26,14,7,1,8,0,4,0,0,16,0,1,8,0
1911,6,0,2,1,1,s,0,4,1,d,0,1,4,7,7,0,26,d,7,1,8,0,4,0,0,16,0,1,8,1
1910,6,0,2,1,1,s,0,4,1,18,0,1,4,7,7,0,26,d,7,1,8,0,4,0,0,16,0,1,8,0
I593,6,0,2,1,1,s,0,0,0,18,0,0,0,7,7,0,26,0,s,1,8,0,0,0,0,0,0,1,8,0
I594,6,0,2,1,1,s,0,0,0,18,0,0,0,7,s,23,26,0,s,1,8,0,0,0,0,0,0,1,8,0
I595,6,s,2,1,1,s,0,0,0,18,0,0,0,7,s,23,26,0,s,1,8,0,0,0,0,0,0,1,8,0
1198,6,s,2,1,1,s,0,20,0,18,0,0,0,7,s,23,26,0,s,1,d,s,4,0,0,0,0,1,8,d
I597,6,s,2,1,1,s,0,0,0,18,0,0,1,7,s,23,26,0,s,1,8,0,4,0,0,0,0,1,8,0
I598,6,s,2,1,1,s,0,0,0,18,0,0,1,7,s,23,26,0,s,1,8,0,4,0,0,0,0,1,8,0
2011,6,s,2,1,1,s,0,d,0,18,0,0,1,7,s,23,26,0,s,1,8,0,4,0,d,0,d,1,8,0
2010,6,s,2,d,1,s,0,0,0,d,d,d,1,7,s,23,26,0,s,1,8,d,4,0,d,0,0,1,8,0
2003,6,s,2,1,1,s,0,0,0,d,0,0,1,7,s,23,d,4,s,1,d,d,4,0,0,16,0,1,8,0
I600,6,0,2,1,1,s,0,0,0,18,0,0,2,7,s,23,26,0,s,1,8,0,0,0,0,0,0,1,8,0
1217,6,0,2,1,1,s,0,0,0,d,0,0,d,7,s,23,d,0,s,1,8,7,0,0,0,0,0,1,8,0
1326,6,0,d,1,1,s,0,d,0,18,0,0,2,7,s,23,26,0,s,1,8,0,0,54,12,0,0,1,8,0
I603,6,0,2,1,1,s,0,0,0,18,0,1,0,7,s,10,26,0,s,1,8,0,0,0,9,0,0,1,8,0
I604,6,0,2,1,1,s,0,0,0,18,0,1,0,7,s,10,26,0,s,1,8,0,0,0,9,38,0,1,8,0
1419,6,0,d,1,d,s,d,0,0,18,0,d,0,7,s,10,26,d,s,d,8,2,0,0,9,38,0,1,8,2
1086,6,d,2,1,1,s,0,0,0,18,0,1,0,7,s,d,d,0,s,1,8,s,s,d,9,38,0,d,8,7
I607,6,0,2,1,1,s,0,s,0,18,0,1,0,7,s,10,26,0,s,1,8,0,0,0,9,0,0,1,8,0
1206,6,0,2,d,1,s,s,s,0,18,0,d,0,7,s,10,26,0,s,1,8,0,0,0,9,0,0,1,8,0
I609,6,0,2,1,1,s,0,s,0,18,s,1,0,7,s,10,26,0,s,1,8,0,0,0,9,0,0,1,8,0
1179,6,0,d,1,1,s,0,s,0,18,s,1,0,7,s,10,d,0,s,d,8,0,0,0,9,d,2,s,8,d
1178,6,0,2,1,1,s,d,s,0,18,s,1,d,7,s,10,26,0,s,1,s,0,2,0,9,0,0,1,8,0
I610,0,0,2,1,1,s,0,0,0,18,0,0,0,7,7,0,26,0,0,1,8,3,4,0,0,0,0,1,8,0
I611,s,0,2,1,1,s,0,0,0,18,0,0,0,7,7,0,26,0,0,1,8,3,4,0,0,0,0,1,8,s
I612,s,0,2,1,1,s,0,0,0,18,0,0,0,7,7,0,26,0,0,1,8,3,4,0,0,0,0,1,8,s
I613,s,0,2,1,1,s,0,0,24,18,0,36,0,7,7,0,26,0,0,1,8,3,4,0,0,0,0,1,8,s
I614,s,0,2,1,1,s,0,0,24,18,0,36,0,7,7,0,26,0,0,1,8,3,4,0,11,0,0,1,8,s
1643,s,0,2,1,1,s,d,0,24,18,0,36,0,7,7,0,26,0,0,1,8,3,4,0,11,0,0,1,8,s
1642,s,0,2,d,d,s,0,0,24,18,0,36,0,7,7,0,26,0,d,1,8,3,4,0,11,0,0,1,d,s
I615,s,0,2,1,1,s,11,0,24,18,1,36,0,7,7,0,26,13,0,1,8,3,4,0,0,0,0,1,8,s
1383,s,d,2,d,1,s,11,0,24,18,d,36,0,7,7,0,26,13,d,1,8,3,4,0,0,0,0,1,8,s
1382,s,d,d,d,1,s,11,0,d,18,1,36,0,7,7,0,26,13,0,d,8,3,4,0,0,d,0,1,s,s
I618,s,0,2,1,1,s,0,4,0,18,1,0,0,7,7,0,s,0,0,1,8,3,4,0,0,0,0,1,8,s
1533,s,0,2,1,1,s,0,4,0,18,1,d,0,7,7,d,s,13,0,1,8,d,4,0,0,0,0,1,8,s
1532,s,0,2,1,d,s,14,4,d,18,1,0,0,7,7,0,s,0,0,1,8,3,4,0,0,0,0,1,8,s
I619,s,0,2,1,1,s,0,0,0,18,0,0,0,7,7,0,26,0,0,1,8,3,4,0,0,0,0,1,8,s
I621,s,1,2,1,1,s,7,0,17,18,0,0,0,7,7,0,26,0,0,1,8,3,4,0,0,0,0,s,8,s
1461,s,1,2,1,1,s,7,0,17,18,0,0,0,7,7,d,26,0,0,1,8,3,4,0,d,d,0,s,8,s
1460,s,1,2,1,1,s,7,0,17,18,0,0,0,7,7,0,26,0,0,1,8,3,4,0,0,0,0,s,8,s
I623,s,0,2,1,1,s,0,4,0,18,0,0,0,7,7,0,26,0,42,1,8,3,4,0,0,14,0,1,8,s
I624,s,0,2,1,1,s,0,4,0,18,0,0,0,7,7,0,26,0,42,1,8,3,4,0,0,14,2,1,8,s
1325,s,0,2,1,1,s,0,4,0,18,0,d,0,7,7,0,26,0,42,1,8,3,4,0,0,14,2,1,8,s
1324,s,d,d,1,1,s,0,4,d,d,0,0,0,7,7,0,26,13,42,1,8,d,4,d,3,14,2,d,8,s
1399,s,1,2,1,1,s,0,d,d,18,d,0,0,d,7,28,d,0,42,d,8,3,s,0,0,14,0,1,d,s
I626,0,0,2,1,1,s,0,0,0,18,0,0,1,7,7,0,26,0,0,1,8,3,4,0,0,0,0,1,8,7
I627,0,0,2,1,1,s,0,0,0,18,0,0,1,7,7,0,26,0,0,1,8,3,4,0,0,0,2,1,8,7
1316,6,0,2,1,1,s,0,d,0,18,0,20,1,d,7,d,26,0,0,1,8,3,4,0,0,0,2,d,d,7
I632,3,1,2,1,1,s,0,0,0,18,1,0,1,7,7,0,26,0,22,1,8,3,4,0,0,0,2,1,8,7
1385,3,1,2,1,1,s,d,0,0,18,1,0,1,7,7,0,26,0,d,1,s,3,4,s,0,0,2,1,8,7
1384,3,1,2,1,1,s,0,0,0,18,1,0,1,7,d,0,d,d,22,1,8,3,4,0,0,0,2,1,8,d
I634,0,0,2,1,1,s,0,0,0,18,0,0,1,7,7,0,26,0,19,1,8,3,4,0,0,0,0,1,8,7
1335,0,0,2,1,1,s,d,20,21,18,1,0,d,7,d,0,26,d,19,1,8,3,s,0,11,0,0,1,8,7
I638,0,s,2,1,1,s,0,0,0,18,0,0,1,7,7,0,26,0,19,1,8,3,4,0,0,16,0,1,8,7
I639,0,s,2,1,1,s,0,9,0,18,0,0,1,7,7,0,26,0,19,1,8,3,4,0,0,16,0,1,8,7
1469,0,s,2,1,s,s,0,9,0,18,0,0,d,7,7,d,26,0,19,1,8,3,d,0,0,d,0,1,8,7
1468,0,s,2,1,d,s,0,9,0,18,1,0,1,d,7,0,26,0,19,1,8,d,s,0,0,16,0,1,d,7
1350,0,s,d,1,1,s,0,0,0,18,0,0,1,7,7,d,d,d,19,1,8,3,4,0,s,16,d,1,8,7
I641,7,1,2,0,1,s,0,0,0,0,0,0,0,0,7,0,26,0,0,1,8,0,0,33,0,0,0,0,8,0
I642,7,1,2,0,1,s,0,3,0,0,0,0,0,0,7,0,26,0,0,1,8,0,0,33,0,0,2,0,8,0
I643,7,1,2,5,1,s,0,3,32,0,0,0,0,0,7,0,26,0,0,1,8,0,0,33,0,0,2,0,8,0
I644,7,1,2,5,1,s,0,3,32,0,0,0,0,0,7,0,26,0,23,1,8,0,0,33,4,22,s,0,8,0
I645,7,1,2,5,1,s,0,3,32,0,0,0,0,0,7,0,26,0,23,1,8,0,0,33,4,22,s,0,8,0
I646,s,1,2,5,1,s,0,3,32,0,0,0,0,0,7,0,26,0,23,1,8,0,0,33,4,22,s,0,8,0
1882,s,1,2,5,1,s,d,3,32,s,1,0,4,0,7,0,26,0,23,d,8,0,0,33,4,22,s,0,8,0
1860,s,1,2,d,1,s,d,3,32,0,1,0,0,d,7,0,26,d,23,1,s,0,0,d,4,22,s,0,8,0
I649,7,1,2,5,1,s,0,3,32,0,0,0,0,0,7,0,26,0,23,1,8,0,0,33,4,22,s,0,8,0
1818,7,1,2,5,1,s,d,3,32,2,0,0,1,d,7,24,26,0,d,1,d,0,d,33,d,22,s,1,8,0
1559,d,1,2,5,1,s,0,d,32,0,1,0,d,0,7,0,26,0,d,1,8,0,d,33,4,22,s,0,8,2
I652,7,1,2,5,1,s,0,3,32,0,0,0,0,0,7,0,26,16,23,1,8,0,2,33,4,22,s,0,8,0
I653,7,1,2,5,1,s,0,3,32,0,0,0,0,0,7,0,26,16,23,1,8,0,2,33,4,22,s,1,8,0
I654,7,1,2,5,1,s,0,3,32,0,0,0,0,0,7,0,26,16,23,1,8,0,2,33,4,22,s,1,8,0
1289,7,1,d,5,1,s,0,d,d,0,0,0,d,d,7,d,26,16,23,1,8,0,2,d,4,22,s,1,8,0
1288,7,d,2,5,d,s,0,d,d,0,1,0,0,0,7,0,26,16,23,1,8,0,2,d,4,22,s,1,8,d
1518,d,1,d,5,1,s,0,3,32,0,0,0,0,0,7,0,26,16,23,d,8,0,2,33,4,22,s,1,8,0
1636,7,1,2,5,d,s,0,3,d,s,0,d,4,2,7,0,26,16,23,1,8,0,2,d,4,22,s,0,8,0
I659,7,1,2,5,1,s,0,3,32,0,0,0,0,0,7,0,26,0,0,1,8,0,0,33,13,0,2,0,s,5
I660,7,1,2,5,1,s,0,3,32,0,0,0,0,0,7,0,26,0,0,1,8,0,0,33,13,0,2,0,s,5
I661,7,1,2,5,1,s,0,3,32,0,0,0,0,0,7,8,26,0,0,1,8,0,0,33,13,0,2,s,s,5
1228,7,1,2,5,1,s,d,3,32,0,s,0,0,5,7,8,26,0,0,1,8,0,0,33,13,0,d,s,s,5
1220,7,1,2,d,d,s,d,3,32,0,1,0,0,0,7,8,26,0,d,1,8,0,0,s,13,0,2,s,s,5
I664,7,1,2,5,s,s,s,3,32,0,0,0,0,0,7,0,26,0,0,1,8,0,0,33,13,0,2,0,s,5
1471,7,1,2,5,s,s,s,3,32,0,0,0,0,0,7,0,26,0,0,1,8,0,d,33,13,0,2,0,s,5
1403,7,1,2,d,s,s,s,3,32,0,0,0,0,s,7,0,26,0,d,1,8,0,0,d,13,0,2,0,s,5
I671,7,1,2,5,1,s,7,3,32,0,1,0,3,5,s,0,26,0,0,1,8,0,0,33,13,0,2,1,s,s
1631,7,d,2,5,1,s,7,3,32,4,1,0,3,5,s,0,26,14,0,d,8,0,s,33,d,0,2,1,s,s
I673,7,1,2,5,1,s,7,3,32,0,1,0,3,5,s,0,26,0,0,1,8,0,4,33,13,0,2,1,s,s
1779,7,1,2,d,1,s,7,3,32,0,1,0,d,5,s,0,d,0,0,1,8,0,4,33,13,d,2,1,s,s
1778,d,1,2,5,1,s,d,3,32,0,1,0,3,d,s,0,26,d,0,1,8,7,4,33,13,0,2,1,s,s
I674,7,1,2,0,1,s,0,3,0,0,0,0,0,0,7,0,26,0,0,1,8,7,0,33,0,0,2,0,8,0
I675,s,1,2,1,s,s,0,s,0,0,0,0,0,0,7,0,26,0,0,1,8,7,0,33,0,0,2,0,8,0
I676,s,1,2,1,s,s,0,s,0,2,0,0,s,0,7,0,26,0,0,1,s,7,4,33,0,0,2,0,8,0
I679,s,1,2,1,s,s,0,s,0,2,0,0,s,0,7,23,26,0,0,1,s,7,4,33,0,0,2,0,8,0
1465,s,1,2,1,s,s,0,s,0,2,0,0,s,0,d,d,d,0,0,1,s,7,4,d,0,0,d,0,8,0
1464,s,1,2,1,s,s,0,s,0,2,0,0,s,0,7,23,26,0,0,1,s,7,4,33,0,0,2,d,d,d
I680,s,1,2,1,s,s,0,s,0,2,1,0,s,0,7,0,26,0,0,1,s,7,4,33,0,0,2,0,8,0
1297,s,d,d,1,s,s,7,s,d,s,d,0,s,d,7,0,26,0,33,1,s,7,d,33,0,0,2,0,8,5
1134,s,1,2,d,s,s,0,s,0,2,1,d,s,3,7,0,26,0,22,d,s,7,4,33,0,0,s,0,8,0
I683,s,1,2,1,s,s,0,s,0,0,0,0,0,0,7,s,s,0,0,1,8,7,0,33,0,0,2,0,8,0
I684,s,1,2,1,s,s,7,s,0,0,0,0,0,0,7,s,s,0,42,1,8,7,0,33,0,0,2,0,8,0
I685,s,1,2,1,s,s,7,s,0,8,0,17,0,0,7,s,s,0,42,s,8,7,0,33,0,0,2,0,8,0
1855,s,1,2,1,s,s,7,s,0,d,d,17,0,0,7,s,s,0,d,s,8,7,0,33,0,0,2,d,d,0
1854,s,1,2,1,s,s,7,s,0,8,0,17,d,0,7,s,s,0,42,s,8,7,0,33,0,0,2,d,8,0
1795,s,d,d,1,s,s,7,s,0,0,0,d,1,0,7,s,s,d,d,1,8,7,d,33,0,d,2,d,8,0
I687,s,1,2,s,s,s,0,s,0,0,0,0,0,0,7,s,s,0,0,1,8,7,0,33,0,0,2,0,8,0
1531,s,1,2,s,s,s,6,s,0,0,0,d,0,3,d,s,s,d,15,1,8,d,d,33,0,0,2,0,8,0
1526,s,1,d,s,s,s,s,s,0,0,0,17,0,0,7,s,s,12,0,1,d,7,0,33,0,d,2,0,8,d
I690,7,1,2,0,1,s,0,3,0,0,0,0,0,0,7,0,26,0,0,1,8,7,0,33,0,0,2,0,8,0
I691,7,1,2,0,1,s,0,3,0,0,0,42,0,0,7,0,26,0,s,1,8,7,0,33,0,22,2,0,8,0
1149,d,1,d,0,1,s,s,d,0,4,d,42,1,d,7,0,26,0,s,1,8,7,0,33,0,s,2,0,8,0
I697,7,1,2,0,1,s,0,3,0,0,0,42,0,0,7,0,26,0,s,1,8,7,0,33,0,22,2,0,8,0
1511,d,d,2,0,1,s,0,3,0,0,0,42,0,0,7,d,26,0,s,1,8,s,d,33,d,d,2,1,8,0
1510,7,1,2,0,1,s,0,3,s,0,0,42,0,0,7,0,d,0,s,1,8,7,d,33,0,22,2,0,8,0
I698,7,1,2,0,1,s,0,3,0,0,0,0,0,0,7,0,s,0,0,1,8,7,0,33,0,0,2,0,8,0
I699,7,1,2,0,1,s,0,3,0,13,0,0,0,0,7,0,s,0,0,1,8,7,0,33,0,0,2,0,8,0
1357,7,1,2,0,d,s,0,d,0,13,d,0,0,s,7,d,s,12,0,1,8,7,0,33,0,0,2,1,8,2
1275,d,1,2,0,1,s,0,3,d,13,0,0,0,0,d,d,s,0,0,1,8,7,0,s,0,0,2,0,d,0
1270,7,1,2,s,1,s,0,3,23,d,0,0,0,0,7,0,s,d,0,1,8,7,0,33,s,0,2,0,8,0
I705,7,1,2,0,1,s,0,0,0,0,0,0,0,0,7,28,26,0,0,1,8,0,0,33,0,0,0,0,8,0
I706,7,1,2,0,1,s,0,0,0,0,0,0,0,0,7,28,26,0,0,1,8,0,0,33,0,0,0,0,8,0
I707,s,1,2,0,1,s,0,0,0,0,0,0,0,0,7,28,26,6,0,1,8,0,0,33,0,0,0,0,8,0
I708,s,1,2,0,1,s,0,0,0,0,0,0,0,0,7,28,26,6,0,1,8,0,0,33,0,0,0,0,8,0
I711,s,1,2,1,1,s,4,0,0,23,1,0,0,0,7,28,26,6,22,1,8,0,0,33,0,0,2,0,8,0
1555,s,1,2,1,1,s,4,0,0,23,1,0,0,0,7,28,26,6,d,1,8,d,0,33,0,0,d,0,8,0
1554,s,1,2,1,1,s,4,0,0,23,1,0,s,d,7,28,26,6,22,d,8,0,0,33,d,d,2,0,8,0
I712,s,1,2,0,1,s,0,0,0,0,1,0,0,0,7,28,26,6,0,1,8,0,0,33,s,0,0,s,8,0
1387,s,1,d,0,1,s,0,0,0,0,1,0,0,0,7,28,26,6,d,1,d,0,0,33,s,0,2,s,8,0
1673,s,1,2,d,1,s,3,0,0,2,d,0,0,d,7,28,26,6,0,d,8,d,0,33,s,0,0,s,8,0
I715,s,1,2,2,1,s,0,0,0,0,s,0,0,0,7,28,26,6,0,1,8,0,0,33,0,0,0,0,8,5
1817,s,1,2,s,1,s,0,0,0,0,s,5,6,0,7,d,s,6,0,1,8,0,0,33,7,26,2,0,8,d
I719,s,1,2,2,1,s,0,13,0,0,s,0,4,5,7,28,26,s,0,1,8,0,0,33,0,0,0,0,8,5
I720,s,1,2,2,1,s,0,13,0,0,s,0,4,5,7,28,26,s,0,1,8,0,0,33,0,0,0,0,8,5
1857,s,1,2,2,1,s,0,13,0,d,s,0,4,5,7,28,d,s,0,1,8,0,0,33,0,0,0,0,d,5
1856,s,1,2,2,1,s,d,13,22,0,s,0,4,5,7,28,26,s,0,1,8,d,0,d,0,0,0,0,8,5
I721,s,1,2,2,1,s,7,13,0,0,s,0,4,5,7,28,26,s,11,1,8,0,0,33,0,0,0,0,8,5
1831,s,1,2,2,1,s,7,d,1,d,s,0,4,d,d,28,26,s,11,1,d,0,0,33,0,0,0,0,8,5
1830,s,d,d,2,1,s,7,13,d,0,s,0,4,5,7,d,d,s,11,1,s,0,0,33,d,d,0,0,8,5
I722,7,1,2,0,1,s,0,0,s,0,0,0,0,0,7,28,26,0,0,1,8,0,0,33,0,0,0,0,8,0
I723,7,1,2,0,1,s,0,0,s,0,0,0,0,0,7,28,26,0,0,1,8,0,0,33,0,0,0,1,8,1
1647,7,1,2,1,1,s,0,3,s,0,1,0,0,0,7,28,26,0,0,d,8,0,d,33,0,0,2,1,8,1
I727,7,1,2,0,1,s,0,0,s,0,0,0,0,0,7,28,26,0,43,1,8,0,0,33,0,0,0,1,8,1
1947,7,1,2,d,d,s,d,0,s,0,d,d,d,0,7,28,26,12,43,1,d,0,0,33,0,0,0,1,8,1
2034,7,1,2,0,1,s,0,0,s,6,0,0,1,0,7,28,26,0,43,1,8,7,0,33,d,5,0,1,d,1
2019,d,1,2,0,d,s,0,d,s,0,0,0,0,d,7,28,26,d,0,1,8,0,0,33,13,0,0,d,d,0
I737,7,1,2,0,1,s,0,0,0,0,1,0,0,0,7,28,26,0,0,1,8,3,0,33,0,0,2,0,8,3
I738,7,1,2,0,1,s,0,0,0,0,1,0,0,0,7,28,26,0,4,1,8,3,0,33,0,0,2,1,8,3
1367,7,1,2,0,1,s,7,0,0,d,1,d,0,10,7,28,26,0,d,1,s,3,0,33,d,22,2,1,s,3
I746,7,1,2,0,1,s,0,0,0,0,1,0,3,0,7,28,26,0,4,1,8,3,0,33,0,0,2,1,8,3
I748,7,1,2,0,s,s,0,s,23,0,1,0,3,0,7,28,26,0,4,1,8,3,4,33,12,0,2,1,8,3
1497,7,1,2,0,s,s,0,s,23,0,1,d,3,0,7,d,26,0,4,1,8,d,4,d,12,0,2,1,8,d
1496,d,1,2,0,s,s,d,s,23,0,1,0,3,0,7,28,26,0,4,1,8,3,4,33,12,d,2,1,d,d
I750,7,1,2,0,1,s,s,0,0,21,1,0,3,0,7,28,26,0,4,1,8,3,0,33,0,0,2,1,8,3
1363,7,1,d,0,1,s,s,0,s,21,1,0,3,0,7,28,26,0,4,d,8,3,4,33,0,d,2,1,8,d
I752,7,1,2,0,1,s,s,0,0,s,1,0,3,0,7,28,26,0,4,1,8,3,0,33,0,1,2,1,8,3
1105,d,1,2,0,1,s,s,d,6,s,1,0,3,0,7,d,26,0,4,1,8,3,0,33,0,1,2,1,8,3
1104,7,1,2,0,1,s,s,0,0,s,1,0,3,0,7,28,26,0,4,1,8,3,0,d,d,1,2,1,8,3
I753,7,1,2,0,1,s,0,0,0,0,1,0,0,0,7,28,26,0,0,1,8,3,0,33,0,0,2,0,8,3
I754,7,1,2,0,1,s,0,0,0,0,1,0,0,0,7,28,26,0,23,1,8,3,0,33,0,0,2,1,8,3
1215,7,1,2,1,1,s,0,3,s,3,1,0,0,0,7,28,26,0,d,1,8,3,d,33,0,0,2,1,8,3
1204,7,1,s,0,1,s,7,0,s,0,1,0,0,0,d,28,26,d,d,1,8,3,0,33,0,0,2,1,8,3
I761,7,1,2,0,1,s,0,40,0,0,1,0,0,0,7,28,26,12,0,1,8,3,0,33,0,0,2,0,8,3
1139,7,1,2,0,1,s,0,40,s,s,1,0,0,0,7,s,26,12,0,1,8,3,0,33,0,0,2,0,8,3
I766,7,1,2,s,1,s,0,40,12,0,1,0,0,0,7,28,26,12,0,1,8,3,0,33,0,0,2,s,8,3
1131,7,1,2,s,1,s,0,40,12,0,1,0,0,d,7,28,d,12,23,1,8,3,0,33,0,15,2,s,d,3
1130,d,1,2,s,1,s,0,40,12,0,1,0,1,0,7,d,26,12,0,1,8,3,0,33,0,d,2,s,8,d
I768,0,0,0,0,1,s,0,0,0,0,s,0,0,0,7,28,0,0,0,1,8,3,0,6,0,0,0,0,8,3
I769,0,0,0,0,1,s,0,0,0,s,s,0,0,0,7,28,0,0,21,1,8,3,0,6,0,0,0,0,8,3
I770,17,0,0,0,1,s,0,0,0,s,s,0,1,0,7,28,0,0,21,1,8,3,0,6,0,11,0,0,8,3
I771,17,0,3,0,1,s,0,0,0,s,s,0,1,0,7,28,0,0,21,1,8,3,0,6,0,11,0,1,8,3
I772,17,0,3,0,1,s,0,0,0,s,s,0,1,0,7,28,0,0,21,1,8,3,0,6,0,11,0,1,8,3
I773,17,0,3,0,1,s,7,0,0,s,s,27,1,8,7,28,0,0,21,1,8,3,4,6,13,11,0,1,8,3
I775,17,0,3,0,1,s,7,0,0,s,s,27,1,8,7,28,0,0,21,1,8,3,4,6,13,11,0,1,8,3
1871,17,0,3,0,1,s,7,0,d,s,s,27,1,8,7,28,0,0,21,1,8,d,4,6,13,11,0,1,8,3
1870,d,0,d,d,1,s,7,d,0,s,s,27,1,d,7,28,0,0,21,d,8,d,4,6,13,11,0,1,8,3
1640,17,1,3,0,d,s,7,0,0,s,s,d,1,8,7,28,0,s,d,1,8,3,s,6,13,11,0,1,8,3
I780,17,0,3,0,1,s,0,0,0,s,s,0,1,0,7,28,29,0,21,1,8,3,0,6,0,11,0,1,8,3
I783,17,0,3,0,1,s,s,0,0,s,s,0,1,0,7,s,29,0,21,1,8,3,0,6,0,11,0,1,8,3
1361,17,0,3,0,1,s,s,0,0,s,s,0,d,0,7,s,29,0,21,1,d,3,0,6,0,11,0,1,8,3
1360,17,0,3,0,1,s,s,0,0,s,s,0,1,0,7,s,29,0,21,1,8,3,0,6,0,11,0,1,8,d
1697,d,d,3,0,1,s,0,0,d,s,s,27,1,0,7,28,29,4,21,1,8,d,0,6,11,11,d,1,d,3
I787,17,0,3,0,1,s,0,0,0,s,s,0,1,0,7,28,26,0,21,1,8,3,0,6,0,11,0,1,8,3
I791,17,0,3,0,1,s,0,s,23,s,s,0,1,0,7,28,26,0,21,1,8,3,4,6,0,11,0,1,8,s
1721,17,0,3,0,1,s,0,s,23,s,s,d,1,0,d,28,d,0,21,1,8,3,4,6,0,11,2,1,d,s
1917,17,0,3,0,1,s,0,s,23,s,s,0,1,0,7,28,d,0,d,1,8,3,4,6,0,d,d,1,8,s
I794,17,0,3,0,1,s,0,0,0,s,s,0,1,0,7,28,26,0,21,1,8,3,0,6,0,11,0,1,8,3
1021,17,0,s,0,1,s,0,0,0,s,s,0,1,d,7,28,26,12,21,1,8,3,0,6,0,11,0,1,8,d
I796,17,0,3,0,1,s,0,0,0,s,s,0,1,0,7,28,26,0,21,1,8,3,0,6,0,11,0,1,8,3
1837,17,0,3,0,1,s,0,17,0,s,s,0,1,0,7,28,26,0,d,d,d,3,0,6,0,d,0,1,8,d
I798,17,0,3,0,1,s,0,0,0,s,s,0,1,7,7,28,26,0,21,1,8,3,0,6,0,11,0,1,8,3
1939,17,0,3,0,1,s,0,0,0,s,s,0,1,7,7,28,26,0,21,1,8,3,d,d,0,11,0,d,8,3
1938,d,0,3,0,1,s,0,0,d,s,s,0,1,7,7,d,26,0,21,1,8,d,d,d,0,11,0,1,d,3
I799,17,0,0,0,1,s,0,0,0,s,s,0,1,0,7,28,0,0,21,1,8,3,0,6,0,11,0,1,8,3
I800,17,0,0,0,1,s,0,0,0,s,s,0,1,0,7,28,0,8,s,1,8,3,4,6,0,11,2,1,8,3
I801,17,0,0,0,1,s,0,0,0,s,s,0,1,0,7,28,0,8,s,1,8,3,4,6,0,11,2,1,8,3
I802,17,0,0,0,1,s,0,0,0,s,s,0,1,0,7,28,26,8,s,1,8,3,4,6,0,11,2,1,8,3
1844,17,d,0,0,1,s,0,0,0,s,s,0,1,d,7,d,26,d,s,1,8,3,4,6,0,11,2,1,8,3
1774,17,d,3,s,1,s,0,0,0,s,s,0,1,d,7,28,26,8,s,1,d,3,d,d,0,11,2,1,d,d
I807,17,0,2,0,1,s,0,24,0,s,s,0,1,2,7,28,0,8,s,1,8,3,4,6,0,11,2,1,8,3
1501,17,d,2,0,1,s,0,d,0,s,s,0,1,2,s,28,0,d,s,d,8,3,4,d,0,11,2,1,8,3
1500,17,0,d,0,1,s,0,d,0,s,s,0,1,2,7,28,0,d,s,1,8,3,4,6,0,11,d,1,8,d
I808,17,0,0,0,1,s,0,0,s,s,s,0,1,0,7,28,0,8,s,1,8,3,4,6,0,11,2,1,8,3
1823,17,0,0,0,s,s,7,5,s,s,s,7,1,d,7,28,d,8,s,1,8,3,4,d,0,d,2,1,d,3
1925,17,0,0,0,1,s,7,37,s,s,s,0,1,7,7,28,0,8,s,s,8,3,4,d,s,11,2,1,8,3
I815,17,1,0,0,1,s,0,0,0,s,s,0,1,0,7,28,0,0,21,1,8,3,0,6,0,11,0,1,8,3
I816,17,1,0,0,1,s,0,0,0,s,s,0,1,0,7,28,0,0,21,1,8,3,0,6,0,11,0,1,8,3
2027,d,1,0,0,d,s,0,0,0,s,s,0,1,0,7,28,8,0,d,1,8,3,0,6,0,d,2,d,8,d
1851,17,1,0,0,1,s,0,0,0,s,s,0,1,7,7,d,0,0,21,d,d,3,0,6,0,11,2,1,d,3
I823,17,1,3,0,1,s,0,0,0,s,s,0,1,0,7,28,0,0,21,1,8,3,0,6,0,11,0,1,8,3
I824,17,1,3,0,1,s,0,0,0,s,s,0,1,0,7,28,0,0,21,1,8,3,0,6,0,11,0,1,8,3
I825,17,1,3,0,1,s,7,0,0,s,s,0,1,0,7,28,0,0,21,1,8,3,0,6,0,11,0,1,8,3
1459,d,1,3,s,1,s,7,0,0,s,s,0,1,0,d,28,0,0,21,1,8,3,0,6,0,11,0,1,d,3
1458,d,1,d,0,1,s,7,0,d,s,s,d,1,0,7,28,0,0,21,1,8,3,0,d,0,11,0,1,8,3
I826,17,1,3,0,1,s,0,0,21,s,s,0,1,0,7,28,0,0,21,1,8,3,0,6,4,11,2,1,8,3
1535,17,1,d,0,d,s,11,0,21,s,s,0,1,0,d,d,0,0,21,1,8,3,0,6,d,11,2,1,8,3
1534,17,1,3,0,d,s,7,0,21,s,s,0,1,0,7,28,d,0,21,1,d,d,0,6,4,11,2,1,8,3
I827,17,1,3,0,1,s,0,0,0,s,s,0,1,0,7,28,13,16,21,1,8,3,0,6,0,11,0,1,8,3
I828,17,1,3,0,1,s,0,0,0,s,s,0,1,0,7,28,13,16,21,1,8,3,0,6,4,11,0,1,8,3
1547,17,d,d,0,1,s,0,0,d,s,s,0,1,d,7,28,13,16,21,1,8,3,0,6,d,11,0,1,d,d
1546,17,1,d,0,1,s,0,0,0,s,s,0,1,0,7,28,13,16,21,1,8,3,4,6,d,11,0,1,8,3
1706,17,1,3,0,1,s,0,0,0,s,s,0,1,0,7,28,13,16,d,1,8,3,0,6,0,11,d,1,8,3
I830,0,0,0,0,1,s,0,0,0,s,s,0,0,0,7,28,0,0,21,1,8,3,0,6,0,0,0,1,8,3
I831,0,0,0,0,1,s,0,0,0,s,s,0,0,0,7,28,0,0,21,1,8,3,0,6,0,13,0,1,8,3
I832,0,0,0,0,1,s,0,0,0,s,s,0,0,0,7,28,0,0,21,1,8,3,0,6,0,13,0,1,8,3
I833,2,0,0,0,1,s,0,0,0,s,s,0,0,0,7,28,0,0,21,1,8,3,0,6,0,13,0,1,8,3
I834,2,0,0,0,1,s,0,0,0,s,s,0,1,0,7,28,0,0,21,1,8,3,0,6,0,13,0,1,8,3
1514,2,d,0,0,1,s,0,0,0,s,s,0,1,8,d,28,0,0,21,1,8,d,0,6,0,13,0,d,8,3
I836,2,0,0,1,1,s,0,0,0,s,s,0,s,0,7,28,0,0,21,1,8,3,0,6,0,13,2,1,8,3
1687,2,0,0,1,1,s,0,d,0,s,s,0,s,0,7,28,0,0,21,1,8,3,0,6,0,d,2,1,8,3
1686,2,0,0,1,1,s,0,d,0,s,s,0,s,d,7,28,0,0,21,1,8,3,0,6,d,13,2,1,d,3
I838,2,0,0,0,1,s,0,0,0,s,s,0,0,0,7,28,9,0,21,1,8,3,0,6,0,13,0,1,8,3
1731,2,0,0,0,1,s,0,d,0,s,s,0,0,0,7,28,9,d,21,1,8,3,0,6,0,13,0,1,8,3
1730,2,0,0,0,1,s,0,0,d,s,s,0,0,d,d,28,9,0,21,1,8,d,0,6,0,13,0,1,8,3
I840,0,0,0,0,1,s,0,0,0,s,s,0,0,0,7,28,0,0,21,1,8,3,0,6,0,13,0,1,8,3
I841,0,0,3,0,1,s,0,0,0,s,s,0,0,0,7,28,0,0,21,1,8,3,0,6,0,13,2,1,8,3
I842,0,0,3,0,1,s,0,0,0,s,s,0,0,10,7,28,0,10,s,1,8,3,0,6,0,13,2,1,8,3
1677,0,0,3,0,1,s,0,0,d,s,s,0,0,10,d,28,0,10,s,d,8,3,0,6,0,13,d,1,8,3
1676,0,0,3,0,1,s,0,0,0,s,s,0,d,10,7,d,0,10,s,1,d,d,0,6,0,13,d,1,8,3
1753,d,0,d,0,1,s,0,d,0,s,s,d,0,0,d,28,d,0,d,1,8,3,d,6,0,13,2,1,8,3
I844,0,0,2,0,1,s,0,0,0,s,s,0,0,0,7,28,0,0,21,1,8,3,0,6,0,13,0,1,8,3
1614,0,0,2,0,1,s,0,0,0,s,s,0,0,14,7,28,0,0,21,1,d,3,0,6,0,13,d,d,8,3
I846,0,0,2,0,1,s,7,0,0,s,s,0,0,0,7,28,0,0,21,1,8,3,0,6,0,13,0,1,8,3
1681,0,d,2,0,1,s,7,0,d,s,s,0,6,d,7,28,d,0,21,1,8,3,d,6,0,13,0,1,8,3
1680,0,0,2,0,d,s,7,d,0,s,s,0,1,0,7,28,0,d,21,1,8,3,0,6,0,13,0,1,8,3
I847,0,0,0,1,1,s,0,0,0,s,s,0,0,2,7,28,8,0,21,1,8,3,0,6,0,13,0,1,8,3
I849,0,0,0,s,1,s,0,0,0,s,s,0,0,2,7,28,8,0,21,s,8,3,0,6,0,13,0,1,8,3
I850,0,0,0,s,1,s,0,0,0,s,s,0,0,2,7,28,8,0,21,s,8,3,0,6,0,13,0,1,8,3
1635,d,0,0,s,d,s,0,0,0,s,s,0,0,2,d,28,8,d,d,s,8,3,0,6,0,13,0,1,8,3
1634,0,0,0,s,1,s,0,d,0,s,s,d,0,2,7,28,8,0,21,s,8,3,0,6,0,13,0,1,8,d
I851,0,0,0,s,1,s,0,0,0,s,s,0,0,2,7,28,8,0,21,s,8,3,0,6,0,13,0,1,8,3
1777,0,0,0,s,1,s,0,0,0,s,s,0,0,2,7,28,8,0,21,s,8,3,0,6,0,13,0,1,8,3
1776,0,0,0,s,1,s,0,0,0,s,s,0,d,2,d,28,8,0,21,s,8,3,0,6,0,13,0,1,8,3
I860,0,0,3,1,1,s,0,0,s,s,s,0,0,2,7,28,8,0,21,1,8,3,0,6,0,13,2,1,8,3
1757,0,0,d,1,1,s,0,0,s,s,s,0,0,d,7,28,8,0,21,1,8,3,0,6,d,13,2,d,8,3
1756,0,0,3,1,d,s,0,0,s,s,s,0,d,2,d,28,8,0,21,1,8,3,0,6,0,13,2,1,8,3
I862,0,0,0,0,1,s,0,0,0,s,s,0,0,0,7,28,13,0,21,1,8,3,0,6,0,0,0,1,8,3
I863,0,0,3,0,1,s,0,37,0,s,s,0,0,0,7,28,13,0,21,1,8,3,0,6,0,0,0,1,8,3
I864,0,0,3,0,1,s,0,37,0,s,s,0,0,0,7,28,13,0,21,1,s,3,0,6,0,0,0,1,8,3
I865,0,0,3,0,1,s,0,37,0,s,s,0,0,0,7,28,13,0,21,1,s,3,0,6,0,0,0,1,8,3
1245,0,0,s,1,d,s,s,37,d,s,s,0,d,0,7,28,d,8,21,1,s,d,0,6,d,0,0,1,8,3
1264,0,0,3,0,1,s,0,37,0,s,s,0,d,0,7,s,13,0,21,1,s,3,0,6,0,d,0,1,8,3
I868,0,0,3,0,1,s,0,37,0,s,s,0,0,0,7,28,13,0,21,1,s,3,0,6,0,0,0,1,8,3
I869,0,0,3,0,1,s,0,37,0,s,s,0,0,7,7,28,13,0,21,1,s,3,0,6,0,0,0,1,8,3
1117,0,0,3,0,1,s,d,37,0,s,s,0,0,d,7,28,13,0,21,1,s,3,0,6,0,26,0,1,8,3
1116,17,d,3,0,1,s,0,37,37,s,s,d,1,7,7,28,13,0,21,1,s,3,0,d,0,0,0,1,d,3
1122,0,0,3,0,d,s,0,37,0,s,s,d,0,0,7,28,13,10,d,1,s,3,4,6,0,0,0,1,8,3
I872,0,0,3,0,1,s,0,37,0,s,s,0,0,0,7,28,13,14,21,1,8,s,0,6,0,0,0,1,8,3
1422,0,0,3,0,1,s,0,37,0,s,s,d,0,0,7,28,13,14,d,1,8,s,0,6,0,0,0,1,8,3
1552,0,d,d,0,1,s,0,37,0,s,s,d,0,0,7,28,13,14,21,s,d,s,0,6,7,0,0,1,8,3
I878,0,0,0,1,1,s,0,0,0,s,s,0,0,0,7,28,13,0,21,1,8,3,0,6,0,0,0,1,8,3
I879,0,0,0,1,1,s,0,0,0,s,s,0,0,0,7,28,13,0,21,1,8,3,0,6,0,0,0,1,8,3
I880,0,0,0,1,1,s,0,0,0,s,s,0,0,0,7,28,13,0,21,1,8,3,0,6,0,0,s,s,8,3
1760,s,0,0,1,d,s,0,0,d,s,s,d,4,0,7,28,13,d,21,1,8,3,0,d,0,0,s,s,8,3
1738,12,0,0,1,d,s,0,d,0,s,s,d,d,0,7,28,13,0,21,1,d,3,0,6,d,0,s,s,8,3
I883,2,0,0,1,1,s,0,0,0,s,s,0,0,0,7,28,13,0,21,1,8,3,0,6,0,0,0,1,8,3
I884,2,0,0,1,1,s,0,0,6,s,s,1,0,10,7,28,13,0,21,1,8,3,0,6,0,0,0,1,8,3
1847,2,0,0,1,1,s,d,0,d,s,s,1,0,10,7,28,d,0,21,1,8,3,0,6,d,0,0,1,8,3
1846,2,0,0,1,d,s,0,0,6,s,s,1,0,10,7,28,13,0,21,1,8,3,0,6,d,0,0,1,8,3
1923,2,0,0,d,1,s,0,0,0,s,s,0,0,0,7,28,13,0,21,1,8,3,0,6,0,0,0,1,8,3
I886,0,0,0,1,1,s,0,0,0,s,s,0,0,0,7,28,13,0,21,1,8,3,0,6,11,0,0,1,8,3
I887,0,1,0,1,s,s,s,0,0,s,s,0,0,0,7,28,13,13,21,1,8,3,0,6,11,0,0,1,8,3
1597,0,1,2,d,s,s,s,0,d,s,s,0,0,0,7,s,13,13,d,1,8,3,0,6,11,12,2,1,8,d
1433,0,1,0,d,s,s,s,15,0,s,s,0,d,0,7,28,13,13,21,1,d,3,d,d,d,0,0,s,8,3
1826,0,0,2,d,1,s,0,d,0,s,s,d,0,0,7,28,13,0,21,1,8,3,0,d,11,0,0,1,8,3
I893,0,0,2,0,1,s,0,37,s,0,s,35,0,0,7,28,0,0,0,1,s,3,0,6,0,0,s,0,8,3
I894,0,s,2,0,1,s,0,37,s,0,s,35,0,0,7,28,0,0,0,1,s,3,0,6,0,0,s,0,8,3
I895,0,s,2,0,1,s,0,37,s,11,s,35,0,0,7,28,0,4,0,1,s,3,4,6,0,0,s,0,8,3
I896,0,s,2,0,1,s,0,37,s,11,s,35,0,0,7,28,0,4,0,1,s,3,4,6,0,0,s,1,8,3
I900,0,s,2,0,1,s,0,37,s,11,s,35,0,0,7,s,0,4,41,1,s,3,4,6,7,0,s,1,8,3
1227,0,s,2,1,1,s,0,37,s,11,s,35,0,0,7,s,0,4,41,d,s,3,4,6,7,0,s,d,8,3
1226,0,s,d,0,1,s,0,37,s,d,s,35,0,0,7,s,0,4,41,1,s,3,4,6,7,0,s,1,8,3
I904,0,s,2,0,1,s,0,37,s,11,s,35,0,0,7,28,0,4,0,1,s,3,4,6,0,0,s,1,8,3
1397,0,s,2,0,1,s,s,37,s,s,s,35,0,0,7,28,d,d,0,1,s,3,d,6,d,0,s,1,8,3
1780,0,s,2,0,1,s,0,37,s,11,s,35,0,0,7,28,0,4,0,1,s,d,4,d,0,0,s,1,8,3
I911,1,s,2,0,1,s,0,37,s,11,s,35,0,0,7,28,0,4,0,1,s,3,4,6,0,0,s,1,8,3
I912,1,s,2,1,1,s,0,37,s,11,s,35,0,0,7,28,0,4,0,1,s,3,4,6,0,0,s,1,8,3
I913,1,s,2,1,1,s,7,37,s,11,s,35,0,0,7,28,0,4,0,1,s,3,4,6,0,0,s,1,8,3
1494,1,s,2,1,1,s,7,37,s,11,s,35,0,0,7,28,0,4,0,1,s,3,4,6,0,d,s,1,8,3
1693,d,s,2,1,1,s,7,37,s,11,s,35,0,0,7,28,0,4,0,1,s,3,4,6,0,0,s,s,8,d
1656,1,s,2,1,1,s,0,37,s,11,s,35,0,7,7,28,d,4,20,1,s,3,4,6,0,5,s,d,8,d
I919,1,s,2,0,1,s,0,s,s,11,s,35,0,0,7,28,0,4,0,1,s,3,4,6,0,0,s,1,8,3
I920,s,s,2,0,1,s,0,s,s,11,s,35,0,0,7,28,0,4,33,1,s,3,4,6,0,0,s,1,8,3
1277,s,s,2,d,1,s,7,s,s,11,s,35,0,d,7,28,d,d,d,1,s,d,4,6,0,0,s,d,8,3
1683,s,s,d,d,d,s,0,s,s,11,s,35,s,d,7,28,d,4,33,1,s,d,4,6,12,0,s,1,8,3
1931,1,s,2,d,d,s,0,s,s,11,s,35,d,0,7,28,0,4,d,1,s,3,4,6,0,0,s,1,8,3
I926,0,s,2,0,1,s,0,37,s,1,s,35,0,0,7,28,0,0,0,1,s,3,4,6,6,31,s,0,8,3
I927,0,s,2,5,1,s,7,37,s,1,s,35,0,0,7,28,0,0,33,1,s,3,4,6,6,31,s,0,8,3
I928,3,s,2,5,1,s,7,37,s,1,s,35,0,0,7,28,0,0,33,1,s,3,4,6,6,31,s,0,8,3
I931,3,s,2,5,1,s,7,37,s,1,s,35,0,0,7,28,0,0,33,1,s,3,4,6,6,31,s,0,8,3
1927,3,s,2,5,1,s,7,37,s,1,s,35,0,0,7,28,0,4,33,1,s,3,4,6,6,31,s,0,8,3
1926,3,s,2,5,1,s,7,37,s,1,s,35,0,0,7,28,0,d,d,1,s,3,d,d,6,31,s,1,8,d
I932,3,s,2,5,1,s,7,37,s,1,s,35,0,0,7,28,0,0,33,1,s,3,4,6,6,31,s,0,8,3
1848,3,s,2,5,1,s,7,37,s,d,s,35,0,0,7,d,0,0,d,1,s,3,d,6,6,31,s,0,8,3
1877,3,s,d,d,1,s,7,37,s,d,s,35,0,0,7,28,1,0,33,1,s,3,4,d,6,31,s,0,8,3
I935,0,s,2,5,1,s,7,37,s,1,s,35,0,0,7,28,0,14,33,1,s,s,4,6,6,31,s,0,8,3
I936,0,s,2,5,s,s,7,37,s,1,s,35,0,0,7,28,0,14,33,1,s,s,4,6,6,31,s,0,8,3
1961,0,s,2,5,s,s,7,37,s,1,s,35,0,7,d,28,13,14,33,1,s,s,4,6,6,31,s,d,8,3
1991,0,s,2,5,s,s,7,37,s,d,s,35,d,0,7,28,0,14,33,d,s,s,s,d,d,31,s,0,8,d
I939,0,s,2,5,1,s,7,37,s,1,s,35,0,0,7,28,0,14,33,1,s,s,4,6,6,31,s,0,8,s
I940,16,s,2,5,1,s,7,37,s,1,s,35,0,0,7,28,23,14,33,1,s,s,4,6,6,31,s,0,8,s
1957,16,s,2,5,d,s,7,37,s,1,s,35,0,0,7,28,23,14,33,1,s,s,4,6,6,31,s,0,8,s
1956,d,s,2,5,1,s,7,37,s,1,s,35,0,0,7,28,23,14,33,1,s,s,4,6,6,d,s,d,8,s
I941,0,s,2,5,1,s,7,37,s,1,s,s,0,7,7,28,0,14,33,1,s,s,4,6,6,31,s,0,8,s
1935,0,s,2,5,1,s,7,37,s,1,s,s,0,7,7,28,0,14,33,1,s,s,4,d,6,31,s,0,8,s
1934,0,s,2,5,1,s,7,37,s,1,s,s,0,7,d,28,0,14,33,1,s,s,d,6,6,31,s,0,8,s
I942,0,s,2,0,1,s,0,37,s,1,s,35,0,0,7,28,0,0,0,1,s,3,4,6,6,31,s,0,8,3
I943,0,s,2,1,1,s,0,37,s,1,s,35,0,s,7,28,0,0,0,1,s,3,4,6,6,31,s,0,8,3
I944,0,s,2,1,1,s,0,37,s,1,s,35,0,s,7,28,0,0,0,1,s,3,4,6,6,31,s,0,8,3
1717,11,s,d,1,1,s,0,37,s,1,s,35,0,s,7,28,d,0,0,1,s,3,4,6,6,31,s,0,8,d
1913,d,s,2,1,1,s,d,d,s,1,s,35,0,s,d,28,0,0,11,1,s,3,4,6,6,31,s,0,8,3
I947,0,s,2,1,1,s,0,37,s,1,s,35,0,s,7,28,s,0,35,1,s,3,4,6,6,31,s,0,8,3
I948,0,s,2,1,1,s,7,37,s,1,s,35,4,s,7,28,s,0,35,1,s,3,4,6,6,31,s,0,8,3
1645,0,s,2,1,1,s,7,37,s,1,s,d,d,s,7,28,s,d,35,1,s,3,4,6,6,31,s,0,8,3
1644,0,s,2,1,d,s,7,37,s,1,s,d,4,s,7,28,s,0,d,1,s,3,4,6,6,31,s,0,8,3
I949,0,s,2,1,1,s,0,37,s,1,s,35,0,s,7,28,s,0,35,1,s,3,4,6,6,s,s,0,8,3
1617,0,s,2,1,1,s,0,d,s,1,s,35,0,s,7,28,s,0,35,1,s,d,4,6,6,s,s,0,8,3
1616,0,s,2,1,d,s,0,37,s,1,s,35,0,s,7,28,s,0,35,1,s,3,4,6,6,s,s,0,8,3
I950,0,s,2,0,1,s,0,37,s,1,s,35,0,0,7,28,0,0,0,1,s,3,4,6,6,31,s,0,8,3
I951,0,s,2,0,1,s,0,37,s,s,s,35,0,0,7,28,0,0,0,1,s,3,4,6,6,31,s,0,8,3
I952,0,s,2,1,1,s,0,37,s,s,s,35,0,0,7,28,0,0,0,1,s,3,4,6,6,31,s,0,8,3
1629,0,s,2,1,d,s,d,37,s,s,s,35,0,0,7,28,0,0,0,1,s,d,d,6,6,31,s,0,8,3
1628,0,s,2,1,1,s,0,37,s,s,s,d,0,0,7,28,0,0,d,1,s,3,4,6,6,31,s,s,d,3
1929,0,s,2,0,d,s,0,37,s,s,s,35,6,d,7,28,0,0,0,1,s,d,s,6,6,31,s,0,8,d
I954,0,s,2,0,1,s,0,37,s,1,s,35,0,0,7,28,0,0,0,1,s,3,4,6,6,31,s,0,8,3
1945,0,s,d,0,1,s,0,37,s,1,s,35,d,2,7,d,d,0,0,1,s,3,d,6,6,31,s,s,8,3
I956,0,s,2,0,1,s,0,37,s,1,s,35,0,0,7,28,0,0,0,1,s,3,4,6,6,31,s,0,8,3
1863,d,s,2,0,1,s,0,37,s,d,s,35,0,0,7,28,d,0,0,1,s,3,4,6,d,31,s,0,8,3
1862,0,s,2,0,1,s,0,37,s,1,s,35,0,0,7,28,0,0,d,1,s,3,4,6,6,31,s,0,8,3
I957,0,0,2,0,1,s,0,37,s,0,s,35,0,0,7,28,0,8,7,1,s,3,4,6,0,0,s,0,8,3
I958,0,0,s,0,1,s,0,37,s,0,s,35,0,0,7,28,0,8,7,1,s,3,4,6,0,0,s,1,8,3
I959,0,0,s,0,1,s,0,37,s,0,s,35,0,0,7,28,0,8,7,1,s,3,4,6,0,0,s,1,8,3
I960,0,0,s,0,1,s,0,37,s,9,s,35,0,0,7,28,0,8,7,1,s,3,4,6,7,0,s,1,8,3
1213,0,0,s,0,d,s,0,37,s,9,s,35,d,0,7,28,0,8,7,d,s,3,4,6,7,0,s,1,8,3
I964,0,0,s,0,1,s,0,37,s,9,s,35,1,0,7,28,0,8,7,1,s,3,4,6,7,0,s,1,8,3
1074,d,0,s,0,1,s,0,37,s,9,s,35,1,0,7,d,0,8,7,1,s,3,4,d,7,0,s,1,8,3
1060,0,0,s,0,1,s,0,37,s,9,s,35,1,0,7,28,d,8,7,1,s,3,4,6,7,0,s,1,8,3
I967,0,0,s,1,1,s,0,37,s,0,s,35,0,0,7,28,0,8,7,1,s,3,4,6,0,0,s,1,8,3
I968,0,0,s,1,1,s,0,37,s,0,s,35,0,0,7,28,0,8,7,1,s,3,4,6,0,0,s,1,8,3
1473,0,1,s,1,1,s,0,37,s,0,s,35,0,0,7,d,0,8,7,1,s,3,d,6,0,0,s,1,d,d
I970,0,1,s,1,1,s,0,37,s,0,s,35,6,0,7,28,0,8,7,1,s,3,4,6,0,0,s,1,8,3
1581,0,1,s,1,1,s,0,37,s,0,s,d,6,0,7,28,d,8,7,1,s,3,4,6,d,0,s,1,8,3
1580,0,1,s,1,1,s,0,37,s,0,s,35,6,0,7,28,0,8,7,d,s,3,4,6,0,0,s,1,8,3
I971,0,1,s,1,1,s,0,37,s,0,s,35,0,4,7,28,1,8,7,1,s,3,4,6,0,0,s,1,8,3
1315,0,1,s,1,1,s,0,37,s,s,s,35,0,4,7,28,d,8,7,1,s,3,4,6,0,0,s,1,8,3
1447,0,1,s,1,1,s,0,37,s,0,s,35,0,4,7,28,d,8,d,1,s,d,d,6,0,0,s,1,8,3
I974,0,0,s,0,1,s,0,37,s,s,s,35,0,0,7,28,0,8,7,1,s,3,4,6,0,26,s,1,8,3
I979,0,0,s,0,1,s,0,37,s,s,s,35,0,2,7,28,0,8,7,1,s,3,4,6,0,26,s,1,8,3
1513,0,0,s,0,s,s,d,37,s,s,s,35,0,2,7,28,d,8,7,1,s,3,4,6,9,26,s,1,8,3
1703,0,0,s,0,1,s,0,37,s,s,s,35,0,2,d,28,0,8,d,1,s,3,4,6,0,26,s,1,8,3
I982,0,0,s,0,1,s,0,37,s,s,s,35,1,0,7,28,0,8,7,1,s,3,4,6,2,26,s,1,8,3
1632,0,0,s,d,1,s,0,37,s,s,s,35,1,0,d,28,0,8,7,1,s,3,4,6,d,26,s,1,8,d
I986,0,0,s,0,1,s,0,37,s,s,s,35,1,0,s,28,0,8,7,1,s,3,4,6,2,26,s,1,8,3
I987,6,0,s,0,1,s,0,37,s,s,s,35,1,0,s,28,0,8,7,1,s,3,4,6,2,26,s,1,8,3
1259,6,0,s,0,1,s,0,d,s,s,s,35,1,0,s,28,0,8,7,1,s,3,4,d,2,26,s,1,8,3
1258,6,0,s,0,1,s,0,37,s,s,s,d,1,d,s,28,0,d,7,d,s,3,4,6,2,26,s,1,8,3
I988,0,0,s,0,1,s,0,37,s,s,s,35,1,0,s,28,0,8,7,1,s,3,4,6,2,26,s,1,8,3
1591,0,0,s,0,1,s,0,37,s,s,s,35,1,0,s,28,0,8,7,d,s,3,4,6,d,26,s,1,d,3
1590,0,0,s,0,d,s,0,37,s,s,s,35,1,d,s,28,0,d,7,1,s,3,4,d,2,26,s,1,8,3
I989,0,0,2,0,1,s,0,37,s,4,s,35,0,10,7,28,0,8,7,1,s,3,4,6,0,0,s,0,s,3
I990,0,0,2,0,1,s,0,37,s,4,s,35,0,10,7,28,0,8,7,1,s,3,4,6,0,22,s,0,s,3
I991,0,0,2,0,1,s,0,37,s,4,s,35,s,10,7,28,0,8,7,1,s,3,4,6,0,22,s,1,s,3
I994,0,0,2,0,1,s,0,37,s,4,s,35,s,10,7,28,0,8,7,1,s,3,4,6,0,22,s,1,s,3
1231,0,0,2,0,1,s,0,37,s,4,s,35,s,10,7,28,0,8,7,1,s,3,4,6,0,22,s,1,s,3
1230,0,0,2,0,d,s,d,37,s,4,s,35,s,10,7,28,0,8,7,1,s,d,4,6,d,22,s,d,s,3
1509,0,1,d,0,1,s,7,37,s,4,s,d,s,10,7,28,0,8,7,1,s,3,4,6,0,22,s,1,s,3
I998,0,0,2,0,1,s,0,37,s,4,s,35,0,10,7,28,0,8,7,1,s,3,4,6,0,22,s,0,s,3
I1002,0,0,2,0,1,s,0,37,s,4,s,35,0,10,7,28,0,8,7,1,s,3,4,6,0,22,s,0,s,3
1987,17,1,2,0,1,s,s,d,s,4,s,35,0,10,7,28,0,8,7,1,s,3,4,6,0,s,s,0,s,3
1026,0,1,2,0,1,s,0,37,s,4,s,35,0,10,7,28,d,8,7,d,s,3,4,6,0,22,s,0,s,3
I1004,0,0,2,1,1,s,7,37,s,4,s,35,0,10,7,28,0,8,7,1,s,3,4,6,0,22,s,0,s,3
I1006,0,0,2,1,1,s,7,37,s,4,s,35,4,10,7,28,0,8,7,1,s,3,s,6,8,22,s,0,s,3
2005,0,0,2,d,1,s,d,d,s,4,s,35,4,10,7,28,0,8,7,1,s,3,s,6,8,22,s,0,s,3
2004,d,0,2,1,d,s,7,37,s,4,s,35,d,10,d,28,0,8,7,1,s,d,s,6,8,22,s,0,s,3
I1007,0,0,2,1,1,s,7,37,s,4,s,35,0,10,7,28,0,8,7,1,s,3,4,6,0,22,s,0,s,3
1979,d,0,d,1,1,s,7,37,s,4,s,35,0,10,7,d,0,8,7,1,s,3,4,6,0,22,s,0,s,d
1038,0,0,2,1,1,s,7,37,s,4,s,35,d,10,7,d,0,8,7,1,s,3,4,6,0,22,s,0,s,d
I1009,0,0,2,0,1,s,0,37,s,4,s,35,0,10,7,28,0,8,7,1,s,3,4,6,0,0,s,0,s,3
I1010,0,0,2,0,1,s,0,37,s,4,s,35,0,10,7,28,0,8,7,1,s,3,4,6,0,0,s,0,s,3
1305,0,1,2,1,1,s,0,d,s,4,s,35,0,d,7,28,30,8,7,1,s,3,4,6,0,d,s,1,s,3
1120,8,0,2,0,1,s,0,37,s,d,s,35,6,10,7,28,d,8,7,1,s,s,4,6,0,0,s,0,s,3
I1017,0,1,2,0,1,s,0,37,s,4,s,35,0,10,7,28,0,8,7,1,s,3,4,6,0,0,s,0,s,3
I1019,0,1,2,0,1,s,7,37,s,4,s,35,0,10,7,28,0,8,7,1,s,3,4,6,0,0,s,0,s,3
1371,0,1,2,0,1,s,7,37,s,4,s,35,0,d,7,28,0,d,7,1,s,3,d,6,0,0,s,0,s,d
1370,0,1,2,0,d,s,7,37,s,4,s,35,0,d,7,28,0,8,7,1,s,s,d,6,0,0,s,0,s,3
I1021,0,1,2,0,1,s,0,37,s,4,s,35,6,10,7,28,0,8,7,1,s,3,4,6,0,0,s,0,s,3
I1022,0,1,2,0,1,s,0,37,s,4,s,s,6,10,7,28,0,8,7,1,s,3,4,6,0,0,s,0,s,3
1097,7,1,d,0,1,s,0,37,s,4,s,s,6,10,7,28,0,8,7,1,s,3,d,6,0,0,s,1,s,3
1096,d,d,2,0,1,s,0,37,s,4,s,s,6,10,7,28,0,d,7,1,s,3,4,6,0,0,s,1,s,3
1337,0,1,2,0,1,s,0,37,s,4,s,d,6,10,7,d,0,8,7,1,s,3,4,d,7,14,s,1,s,3
