cell,r1,r2,r3,r4,r5,r6,r7,r8,r9,r10,r11,r12,r13,r14,r15,r16,r17,r18,r19,r20,r21,r22,r23,r24,r25,r26,r27,r28,r29,r30
I1,0,0,0,0,0,3,0,0,0,0,0,0,0,0,0,0,0,0,s,0,0,0,0,0,0,0,0,0,0,0
I2,0,0,0,0,0,3,0,0,0,11,0,0,0,0,0,0,0,0,s,0,0,0,0,0,0,0,0,0,0,0
I3,0,0,3,7,0,3,0,9,0,11,0,0,0,0,0,6,0,0,s,0,0,0,0,0,s,0,0,0,0,0
I4,0,0,3,7,0,3,0,9,0,11,0,0,0,0,0,6,s,0,s,0,0,0,0,0,s,0,s,0,0,0
I5,0,0,3,7,0,3,0,9,0,11,0,0,0,0,0,6,s,0,s,0,0,0,0,0,s,0,s,0,0,0
I6,1,0,3,7,0,3,0,9,0,11,0,0,14,8,0,6,s,0,s,0,0,0,0,1,s,0,s,0,0,0
I7,1,0,3,7,0,3,0,9,0,11,0,3,14,8,0,6,s,0,s,0,20,0,0,1,s,0,s,0,0,14
I8,1,0,3,7,0,3,0,9,0,11,0,3,14,8,0,6,s,0,s,0,20,1,0,1,s,0,s,1,0,14
I9,1,14,3,7,0,3,0,9,0,11,0,3,14,8,0,6,s,0,s,0,20,1,20,1,s,0,s,1,0,s
1506,1,14,d,7,d,3,0,d,0,11,27,3,14,d,0,6,s,d,s,d,20,d,20,1,s,0,s,1,0,s
1981,d,14,3,7,0,3,0,9,0,11,0,3,14,8,0,6,s,0,s,0,20,1,20,1,s,0,s,1,d,s
I12,1,20,3,7,0,3,0,9,0,11,0,3,14,8,0,6,s,0,s,0,20,1,0,1,s,0,s,1,0,14
1425,1,20,3,7,0,3,0,9,1,11,0,3,14,8,0,d,s,d,s,0,20,1,0,1,s,0,s,d,0,14
I14,1,20,3,7,0,3,27,9,0,11,0,3,14,8,0,6,s,0,s,0,20,1,3,1,s,0,s,1,2,14
1627,1,20,d,7,0,s,27,9,0,11,0,d,14,8,1,d,s,0,s,d,s,1,3,1,s,d,s,1,2,14
1626,1,d,3,d,0,d,27,9,1,11,d,3,14,8,1,6,s,0,s,d,d,1,3,1,s,0,s,1,2,14
I16,1,0,3,7,0,3,0,9,7,11,5,3,14,8,1,6,s,0,s,0,20,0,0,1,s,0,s,0,0,14
I17,1,0,3,7,0,3,0,9,7,11,5,3,14,8,1,6,s,0,s,0,20,0,3,1,s,1,s,0,0,14
1311,1,3,3,7,0,3,0,d,7,11,5,3,d,8,1,6,s,0,s,0,20,0,3,1,s,d,s,d,0,14
1310,1,d,3,7,0,3,0,9,7,11,5,d,14,8,1,6,s,0,s,0,20,0,3,1,s,1,s,0,0,14
I18,1,0,3,7,s,3,0,9,7,11,5,3,14,8,1,6,s,0,s,0,20,0,0,1,s,0,s,0,0,14
1421,d,0,3,7,s,d,0,9,7,11,5,3,14,8,1,6,s,0,s,0,20,0,0,1,s,0,s,0,0,d
1420,1,0,3,7,s,3,0,9,7,11,5,d,14,8,1,d,s,d,s,d,d,0,d,1,s,0,s,d,0,14
I22,1,12,3,7,0,3,0,9,0,11,0,0,14,8,0,6,s,0,s,0,7,0,0,1,s,0,s,0,0,0
I23,1,12,3,7,0,3,0,9,0,11,0,3,14,8,0,6,s,0,s,0,7,0,9,1,s,0,s,0,0,0
I24,1,12,3,7,0,3,0,9,0,11,0,3,14,8,0,6,s,0,s,0,7,0,9,1,s,0,s,0,0,0
I25,1,12,3,7,1,3,8,9,0,11,0,3,14,8,0,6,s,0,s,0,7,0,9,1,s,0,s,0,0,0
1607,1,12,3,7,1,3,8,d,0,11,0,3,14,8,0,6,s,8,s,0,7,0,9,1,s,0,s,0,d,d
1606,1,12,3,7,1,d,8,9,0,11,d,3,14,d,0,6,s,0,s,0,7,1,9,1,s,0,s,0,0,d
1639,1,12,3,7,0,3,s,9,0,d,0,3,14,8,s,6,s,1,s,0,7,1,d,1,s,0,s,0,d,0
1434,1,12,3,7,s,3,0,9,0,11,0,3,14,8,0,6,s,0,s,0,7,1,9,1,s,0,s,s,0,0
I30,1,12,3,7,0,3,0,9,0,11,27,0,14,8,0,6,s,0,s,2,7,0,0,1,s,1,s,0,0,0
1521,1,d,3,d,0,3,0,d,0,11,27,0,14,d,1,6,s,0,s,d,7,0,0,1,s,1,s,0,0,0
I34,1,12,3,7,0,3,0,9,0,11,27,s,14,8,0,6,s,14,s,2,7,1,0,1,s,1,s,0,0,0
I35,1,12,3,7,0,3,0,9,0,11,27,s,14,8,0,6,s,14,s,2,7,1,0,1,s,1,s,0,0,0
1491,1,12,3,7,10,3,0,9,0,11,27,s,14,8,0,6,s,14,s,2,7,1,0,d,s,1,s,d,0,0
1490,1,12,3,7,d,3,0,9,0,11,27,s,d,8,0,6,s,14,s,2,7,1,0,1,s,1,s,0,0,0
1755,1,d,3,7,0,3,0,9,0,11,27,s,14,d,0,6,s,14,s,d,7,1,3,d,s,d,s,0,0,0
I37,0,0,3,7,0,3,0,9,0,11,0,0,0,9,0,6,s,0,s,0,0,0,0,0,s,0,s,0,0,0
I38,0,0,3,7,0,3,0,9,0,11,0,0,11,9,0,6,s,0,s,0,0,0,0,0,s,0,s,0,0,3
I39,0,s,3,7,7,3,8,9,0,11,0,6,11,9,0,6,s,0,s,0,0,0,0,0,s,s,s,0,0,3
I40,0,s,3,7,7,3,8,9,0,11,0,6,11,9,0,6,s,0,s,0,0,0,0,0,s,s,s,0,0,3
I41,0,s,3,7,7,3,8,9,0,11,0,6,11,9,0,6,s,0,s,0,10,0,0,0,s,s,s,0,0,3
1303,0,s,3,7,7,3,8,9,0,d,0,6,11,9,0,6,s,d,s,0,10,s,0,0,s,s,s,0,0,3
1302,0,s,3,7,7,d,8,d,0,11,25,6,d,9,0,6,s,0,s,0,10,0,d,4,s,s,s,0,0,3
1523,0,s,3,7,d,3,8,9,11,11,0,6,11,9,0,6,s,d,s,0,0,1,0,0,s,s,s,0,0,3
I43,1,s,3,7,7,3,8,9,0,11,0,6,11,9,0,6,s,0,s,0,0,0,0,0,s,s,s,0,0,3
1449,1,s,3,d,7,d,8,9,0,11,0,6,11,d,0,6,s,0,s,0,0,0,d,0,s,s,s,0,0,3
1348,1,s,3,7,7,3,8,d,0,11,0,6,11,9,0,6,s,0,s,0,0,0,0,s,s,s,s,d,0,3
I46,1,0,3,7,0,3,0,9,0,11,0,3,11,9,0,6,s,0,s,0,0,0,0,0,s,0,s,1,0,3
I48,1,0,3,7,0,3,5,s,0,11,0,3,11,9,0,6,s,23,s,1,0,0,0,0,s,0,s,1,2,3
1971,1,25,3,7,0,d,5,s,0,11,0,3,11,9,0,6,s,d,s,1,0,1,0,0,s,0,s,d,s,3
1052,d,0,3,7,1,3,5,s,0,11,d,3,11,9,d,6,s,23,s,1,d,0,0,0,s,0,s,d,2,3
I51,1,0,3,7,0,3,0,9,0,11,19,3,11,9,0,6,s,0,s,0,0,0,0,0,s,0,s,1,0,3
1124,1,0,3,7,0,s,20,9,0,11,19,3,11,9,0,6,s,0,s,0,0,0,0,d,s,0,s,1,0,3
I53,1,0,3,7,17,3,0,9,0,11,19,3,11,9,0,6,s,0,s,1,0,0,0,0,s,0,s,1,0,3
1035,1,d,3,7,17,3,0,9,d,11,19,3,11,9,0,6,s,d,s,1,0,d,0,0,s,0,s,1,3,3
1034,1,0,3,7,17,3,0,d,0,11,d,3,11,9,s,6,s,d,s,1,0,0,s,0,s,0,s,1,d,3
I54,0,0,3,7,0,3,0,9,0,11,0,0,0,9,0,6,s,0,s,1,0,0,0,0,s,0,s,0,0,0
I55,0,0,3,7,0,3,0,9,0,11,32,0,0,9,0,6,s,0,s,1,0,0,0,0,s,0,s,s,0,0
I56,0,0,s,7,0,3,0,9,0,11,32,0,0,9,s,6,s,0,s,1,16,0,0,13,s,0,s,s,0,0
1118,0,16,s,d,0,3,0,9,0,11,d,0,0,9,s,6,s,0,s,1,16,d,d,d,s,0,s,s,0,0
1160,1,0,s,7,0,d,0,9,0,11,32,0,0,d,s,6,s,0,s,1,16,0,s,13,s,0,s,s,0,0
I59,0,0,3,7,0,3,0,9,0,11,32,s,4,9,0,6,s,0,s,1,0,0,0,0,s,0,s,s,0,0
I60,0,0,3,7,0,3,0,9,0,11,32,s,4,9,0,6,s,0,s,1,0,0,0,0,s,1,s,s,0,0
1411,0,0,3,7,0,3,0,9,0,11,32,s,4,9,0,d,s,0,s,1,0,d,0,d,s,1,s,s,0,0
1410,0,0,3,7,d,3,0,9,0,11,32,s,4,9,0,d,s,d,s,1,0,0,0,0,s,1,s,s,0,0
1482,d,d,3,7,d,3,0,9,0,11,d,s,4,9,0,6,s,8,s,1,6,0,0,0,s,0,s,s,0,0
I62,0,0,3,7,0,3,0,9,2,11,0,3,0,9,0,6,s,0,s,1,0,0,0,0,s,0,s,0,0,0
I63,0,0,3,7,0,3,0,9,2,11,0,3,0,9,0,6,s,0,s,1,0,1,4,0,s,0,s,0,0,0
1113,0,0,d,s,d,3,5,9,2,d,0,3,0,9,0,6,s,0,s,d,s,d,4,0,s,0,s,0,d,0
I65,0,0,3,7,0,3,0,9,2,11,0,3,0,9,0,6,s,3,s,1,0,1,4,0,s,0,s,0,0,0
1405,0,0,3,7,0,d,0,9,2,11,0,3,0,9,0,6,s,3,s,1,d,1,4,0,s,0,s,1,0,0
1404,0,5,3,7,0,3,0,d,2,11,0,3,0,9,0,6,s,3,s,1,0,1,4,0,s,d,s,0,2,0
I66,0,0,3,7,0,3,0,s,2,11,0,3,0,9,0,6,s,0,s,1,0,0,0,0,s,0,s,0,0,0
I67,0,0,3,7,0,3,0,s,2,11,0,3,0,9,0,6,s,0,s,1,0,0,20,0,s,0,s,0,0,0
1457,0,d,d,7,0,d,0,s,d,d,0,3,0,9,0,6,s,0,s,1,0,0,20,0,s,0,s,0,0,0
1456,0,0,s,7,0,3,0,s,2,11,0,3,d,9,0,6,s,0,s,1,0,0,20,0,s,0,s,0,0,0
1338,d,14,3,7,17,3,23,s,2,11,0,3,0,9,1,6,s,0,s,1,0,0,21,d,s,0,s,0,d,0
I69,0,0,3,7,0,3,0,9,0,11,0,0,19,0,0,6,s,0,s,0,0,0,0,0,s,0,s,0,0,0
I70,0,0,3,7,0,3,0,9,0,11,0,0,19,0,0,6,s,0,s,0,19,0,0,0,s,0,s,0,0,0
I71,0,0,3,7,0,3,0,9,0,11,0,0,19,21,0,6,s,0,s,0,19,0,0,0,s,0,s,0,3,0
I72,0,0,3,7,0,3,0,9,0,11,0,3,19,21,1,6,s,0,s,2,19,0,2,0,s,0,s,0,3,0
1150,s,3,d,7,0,3,3,9,11,11,19,3,19,21,1,6,s,0,s,2,19,0,2,0,s,0,s,1,3,0
I76,0,0,3,7,6,3,0,9,0,11,0,3,19,21,1,6,s,0,s,2,19,0,s,4,s,0,s,0,3,0
1159,d,0,s,7,6,d,0,9,23,11,0,3,s,21,1,6,s,0,s,2,19,0,s,4,s,0,s,0,d,d
1252,0,0,3,7,6,3,0,s,0,11,0,3,19,21,1,6,s,0,s,2,19,d,s,d,s,0,s,1,3,0
I79,0,0,3,7,0,3,0,9,0,11,11,0,19,21,0,6,s,0,s,0,19,0,0,0,s,0,s,0,3,0
I81,0,0,3,7,0,3,42,9,0,11,11,0,19,21,0,6,s,13,s,1,19,1,0,0,s,1,s,0,3,0
1343,d,d,3,7,0,d,42,9,0,11,11,0,d,d,0,6,s,13,s,1,19,1,0,0,s,d,s,0,d,0
1342,0,0,3,d,d,3,42,9,0,11,11,0,d,21,0,6,s,13,s,1,19,d,0,0,s,1,s,0,3,0
I83,0,0,3,7,0,3,8,9,0,11,11,0,19,21,0,6,s,10,s,0,19,0,0,0,s,0,s,0,3,s
1110,d,0,3,7,0,d,8,9,0,11,11,0,d,21,1,6,s,10,s,0,19,0,15,0,s,0,s,0,3,s
2028,1,0,3,7,13,3,8,9,0,11,d,0,19,21,2,d,s,10,s,0,19,0,0,0,s,0,s,d,3,s
I87,1,0,3,7,0,3,0,9,0,11,0,0,19,0,1,6,s,0,s,0,19,0,0,0,s,0,s,1,0,0
I88,1,0,3,7,0,3,0,9,0,11,0,0,19,0,1,6,s,0,s,0,19,0,0,0,s,0,s,1,0,0
1298,1,0,3,7,0,3,0,9,0,11,0,0,19,0,1,6,s,0,s,0,19,0,0,29,s,d,s,1,0,0
I92,s,0,3,7,0,3,0,9,0,11,0,3,19,0,1,6,s,0,s,0,19,0,14,0,s,0,s,1,0,0
1263,s,0,d,7,0,3,0,9,s,11,0,3,19,0,1,6,s,0,s,2,d,0,14,d,s,0,s,1,0,12
I94,s,0,3,7,0,3,0,9,0,11,9,3,19,0,1,6,s,0,s,0,19,0,14,0,s,0,s,1,0,0
1377,s,0,3,d,0,3,0,9,7,11,9,3,19,0,1,d,s,0,s,0,19,0,14,0,s,0,s,1,0,10
1376,s,0,3,7,0,3,d,9,0,11,9,3,19,0,1,6,s,0,s,0,19,0,14,0,s,d,s,1,d,d
I95,1,0,3,7,0,3,0,9,0,11,0,0,19,0,1,6,s,0,s,0,19,0,0,0,s,0,s,1,0,0
I96,1,0,3,7,0,3,0,9,0,11,0,0,19,13,1,6,s,0,s,0,19,0,0,0,s,1,s,1,0,0
1250,d,23,3,d,4,3,0,9,0,11,0,0,d,13,1,d,s,0,s,0,19,0,0,0,s,1,s,1,0,0
I98,1,0,3,7,0,3,0,9,0,11,0,0,19,13,1,6,s,13,s,0,19,0,0,0,s,1,s,1,0,0
1079,1,0,3,7,d,3,23,9,0,11,0,0,19,13,1,6,s,13,s,0,19,0,0,0,s,1,s,d,0,0
1078,1,0,3,7,0,3,0,9,0,11,d,0,19,13,1,6,s,13,s,0,19,0,0,0,s,s,s,1,0,0
I99,1,0,3,7,0,3,0,9,0,11,0,0,19,0,1,6,s,0,s,0,19,0,16,0,s,0,s,1,2,0
I100,1,0,3,7,0,3,0,9,0,11,4,0,19,0,1,6,s,0,s,0,19,0,16,0,s,0,s,1,2,0
1173,1,18,s,7,0,3,36,d,d,d,4,d,19,0,d,6,s,0,s,s,19,d,d,8,s,0,s,1,2,0
1172,1,0,3,7,0,3,5,9,23,11,4,d,19,d,1,6,s,0,s,0,d,0,16,0,s,0,s,d,d,0
1407,1,d,3,7,0,3,0,9,0,11,0,d,19,0,d,6,s,0,s,0,19,0,16,0,s,0,s,1,2,0
I102,0,0,3,7,0,3,0,9,11,11,0,0,19,0,0,6,s,3,s,0,0,0,0,0,s,0,s,0,0,0
I103,0,0,3,7,0,3,0,9,11,11,0,0,19,0,0,s,s,3,s,0,0,0,0,0,s,0,s,0,0,4
I104,0,0,3,7,0,3,0,9,11,11,0,0,19,0,0,s,s,3,s,0,0,0,0,0,s,0,s,0,0,4
I105,0,0,3,7,0,3,0,9,11,11,0,0,19,0,0,s,s,3,s,0,0,0,0,0,s,0,s,0,0,4
I106,0,16,3,7,0,3,0,9,11,11,0,0,19,0,0,s,s,3,s,0,0,0,0,0,s,0,s,0,0,4
1007,0,16,d,7,0,3,0,9,11,d,0,d,19,21,0,s,s,3,s,0,0,d,0,0,s,d,s,0,d,4
1972,0,16,3,7,0,3,d,9,11,11,0,0,19,0,0,s,s,3,s,0,0,d,0,16,s,0,s,0,0,4
1059,s,0,d,d,0,3,21,9,11,11,0,0,19,s,0,s,s,3,s,0,s,0,6,8,s,0,s,0,d,4
I109,0,16,3,7,0,3,0,9,11,11,22,0,19,0,0,s,s,3,s,2,0,0,0,0,s,0,s,0,0,4
I110,0,16,3,7,0,3,0,9,11,11,22,0,19,0,0,s,s,3,s,2,0,0,0,0,s,0,s,1,0,4
I111,0,s,3,7,0,3,41,9,11,11,22,0,19,0,0,s,s,3,s,2,0,0,0,0,s,0,s,1,0,4
1867,0,s,d,7,d,3,41,d,11,11,22,0,19,0,0,s,s,3,s,2,0,0,0,0,s,0,s,1,0,4
1866,0,s,3,7,0,3,d,9,11,11,22,0,19,0,0,s,s,3,s,2,d,0,0,0,s,0,s,d,0,4
I112,0,16,3,7,0,3,1,9,11,s,22,0,19,0,0,s,s,3,s,2,0,0,0,0,s,0,s,1,3,4
1885,0,16,3,d,0,3,1,9,d,s,22,0,19,0,0,s,s,d,s,2,0,0,14,0,s,0,s,1,3,4
1884,0,16,d,d,0,3,1,d,11,s,22,d,19,0,d,s,s,3,s,2,d,0,0,0,s,0,s,1,3,4
I113,0,16,3,7,0,3,0,9,11,11,22,0,19,0,0,s,s,s,s,2,0,0,0,0,s,1,s,0,0,4
2045,0,d,3,7,0,3,0,9,11,11,22,0,d,0,0,s,s,s,s,d,16,d,d,d,s,d,s,0,0,d
2030,1,16,3,7,0,3,5,9,11,11,22,0,19,0,1,s,s,s,s,2,0,0,0,0,s,1,s,d,0,4
I116,0,0,3,7,0,3,0,9,11,11,0,0,19,8,0,s,s,3,s,0,0,0,0,0,s,0,s,0,0,4
I117,1,0,3,s,0,3,0,9,11,11,0,3,19,8,0,s,s,3,s,0,0,1,0,0,s,0,s,0,0,4
1099,1,0,3,s,0,3,d,9,11,11,0,3,19,8,s,s,s,3,s,0,19,1,d,0,s,0,s,0,0,d
1049,1,d,3,s,13,3,0,9,11,11,0,3,19,d,1,s,s,d,s,0,0,1,0,4,s,0,s,0,0,4
I120,0,0,s,7,0,3,0,9,11,11,29,0,19,8,0,s,s,3,s,0,0,0,0,0,s,0,s,0,0,4
1023,d,0,s,7,18,3,35,9,11,11,29,0,19,8,0,s,s,3,s,0,0,1,0,0,s,d,s,d,0,4
I122,0,0,s,7,0,3,0,9,11,11,29,0,19,8,0,s,s,3,s,0,0,0,s,0,s,0,s,0,0,4
983,d,0,s,7,0,d,0,9,11,11,29,d,19,8,1,s,s,3,s,d,0,d,s,0,s,0,s,0,0,4
1964,0,0,s,7,9,3,0,9,11,11,29,d,19,8,0,s,s,3,s,0,0,0,s,d,s,0,s,0,0,s
I124,1,0,3,7,0,3,0,9,11,11,0,0,19,17,0,6,s,3,s,0,0,0,0,0,s,0,s,0,0,0
I125,1,0,3,7,0,3,0,9,11,11,0,0,19,17,0,6,s,3,s,0,0,0,0,0,s,0,s,0,0,0
I126,1,0,3,7,10,3,0,9,11,11,0,0,19,17,0,6,s,3,s,0,0,0,0,0,s,0,s,0,0,0
1300,1,0,3,7,10,3,0,9,11,11,21,d,19,17,0,6,s,3,s,0,24,0,0,1,s,0,s,0,0,0
1133,1,0,3,7,10,3,s,9,d,11,0,0,19,d,0,6,s,s,s,0,d,0,0,0,s,0,s,0,2,0
1477,1,0,3,7,0,3,0,9,11,11,d,0,19,d,s,d,s,3,s,0,0,0,0,0,s,0,s,1,0,0
I132,1,0,3,7,0,3,0,9,11,11,0,0,19,17,0,6,s,3,s,0,0,0,0,0,s,0,s,0,0,0
I135,1,5,3,7,0,3,0,9,11,11,0,0,19,17,0,6,s,3,s,0,0,0,0,0,s,0,s,s,0,0
1045,1,5,3,7,d,d,0,d,11,11,0,0,19,17,0,6,s,d,s,0,0,d,0,0,s,0,s,s,0,d
1044,1,5,3,7,0,3,0,9,d,11,d,0,19,17,0,d,s,s,s,0,8,d,0,d,s,d,s,s,0,0
1165,1,0,3,7,0,3,0,d,11,11,0,0,d,17,0,6,s,3,s,0,32,0,0,4,s,0,s,d,0,d
I139,0,0,3,7,0,3,0,9,0,11,0,0,0,0,0,6,0,10,s,0,0,0,0,0,s,0,0,1,0,0
I140,1,0,3,7,0,3,0,9,0,11,0,0,19,3,0,6,0,10,s,2,0,1,0,0,s,0,s,1,0,0
I141,1,0,3,7,0,3,0,9,0,11,0,0,19,3,0,6,0,10,s,2,0,1,0,0,s,0,s,1,0,0
I142,1,0,3,7,0,3,0,9,0,11,0,6,s,3,0,6,0,10,s,2,5,1,0,0,s,0,s,1,0,10
I143,1,0,3,7,0,3,0,9,0,11,0,6,s,3,0,6,0,10,s,2,5,1,0,0,s,0,s,1,0,10
I144,1,0,3,7,0,3,17,9,0,11,0,6,s,3,0,6,0,10,s,2,5,1,0,0,s,0,s,1,0,10
1763,1,0,3,d,0,3,17,9,0,11,0,6,s,3,0,6,0,10,s,2,5,1,0,0,s,0,s,d,d,10
I146,1,0,3,7,0,3,17,9,0,11,0,6,s,3,0,6,0,10,s,2,5,1,0,0,s,0,s,1,0,10
1785,1,0,3,7,10,d,17,9,0,11,0,6,s,3,d,6,0,10,s,2,5,d,0,0,s,0,s,1,0,10
1784,1,0,3,7,0,3,17,9,0,11,0,6,s,d,0,6,d,10,s,2,5,1,d,0,s,0,s,1,0,10
I147,1,0,3,7,0,3,0,9,0,11,0,6,s,3,0,6,0,10,s,2,5,1,0,1,s,0,s,1,0,10
1892,1,27,d,7,0,3,0,9,0,11,0,6,s,3,0,6,0,10,s,2,5,1,0,1,s,d,s,1,s,10
1805,1,d,3,7,d,3,0,9,0,11,0,d,s,3,d,6,0,10,s,2,5,1,0,1,s,0,s,1,0,10
I150,1,0,3,7,0,3,0,9,0,11,0,6,s,3,1,6,0,10,s,2,5,1,0,0,s,0,s,1,0,10
988,1,25,3,7,0,3,0,9,0,11,27,6,s,d,1,d,0,10,s,2,5,1,d,0,s,0,s,1,0,10
1093,1,0,d,7,16,3,0,9,36,11,0,d,s,3,1,6,8,10,s,d,5,1,0,0,s,1,s,1,0,10
I154,1,15,3,7,0,3,0,9,0,11,19,0,s,3,0,6,0,10,s,2,0,1,0,0,s,0,s,1,0,0
I155,1,15,3,7,0,3,0,9,0,11,19,0,s,3,0,6,0,10,s,2,0,1,0,4,s,0,s,1,0,0
976,1,15,3,7,0,s,0,9,11,11,19,0,s,3,0,6,0,10,s,2,0,1,0,4,s,d,s,1,0,d
1725,1,15,3,7,0,d,1,9,0,11,19,6,s,d,0,6,0,10,s,2,d,1,d,s,s,0,s,1,0,0
I161,1,15,3,7,0,3,0,9,0,11,19,0,s,3,0,6,0,10,s,2,0,1,0,0,s,0,s,1,0,0
1364,d,d,3,7,0,d,0,9,0,11,19,0,s,3,d,6,0,10,s,2,0,1,0,d,s,0,s,d,0,14
I165,1,15,3,7,0,3,0,9,0,11,19,0,s,3,0,6,2,10,s,2,0,1,0,0,s,0,s,1,0,0
1902,s,15,3,7,0,3,0,9,0,11,19,0,s,3,0,6,2,10,s,2,0,1,0,0,s,0,s,1,s,d
1667,1,15,d,7,0,3,0,9,0,d,19,d,s,3,0,6,2,10,s,d,0,1,0,0,s,0,s,1,0,0
I168,1,0,3,7,0,3,0,9,4,11,0,0,19,3,0,6,0,10,s,2,0,1,0,0,s,0,s,1,2,0
I169,1,0,3,7,0,3,0,s,4,11,0,3,19,3,0,6,0,10,s,2,0,1,0,0,s,0,s,1,2,0
I170,1,0,3,7,0,3,0,s,4,11,0,3,19,3,0,6,0,10,s,2,0,1,0,0,s,0,s,1,2,0
I171,1,0,3,7,0,3,0,s,4,11,0,3,19,3,0,6,0,10,s,2,0,1,3,0,s,0,s,1,2,0
I172,1,0,3,7,0,3,0,s,4,11,0,3,19,3,0,6,0,10,s,2,0,1,3,0,s,0,s,1,2,0
1815,1,0,d,7,0,3,0,s,4,11,d,3,19,3,0,6,0,10,s,2,0,1,3,0,s,0,s,1,2,0
1814,1,0,3,d,0,3,0,s,d,11,0,3,19,3,0,d,0,10,s,2,0,1,3,0,s,0,s,d,2,0
I173,1,0,3,7,0,3,0,s,4,11,0,3,19,3,0,6,0,10,s,2,0,1,3,0,s,1,s,1,2,0
1887,1,0,3,d,0,d,0,s,4,11,0,d,19,d,d,d,0,d,s,d,0,d,3,0,s,1,s,1,2,0
1886,1,0,d,7,0,3,0,s,4,11,0,3,19,d,d,d,0,10,s,2,d,d,3,0,s,1,s,1,2,0
1943,1,0,d,s,0,3,0,s,4,11,0,d,19,3,0,6,0,10,s,2,s,1,0,0,s,1,s,1,2,0
I177,1,0,3,7,0,3,0,s,4,11,0,3,19,3,0,6,0,10,s,2,0,1,0,27,s,0,s,1,2,4
I178,1,0,3,7,0,3,0,s,4,11,0,3,19,3,0,s,0,10,s,2,0,1,0,27,s,0,s,1,2,4
I179,1,19,3,7,10,3,0,s,4,11,0,3,19,3,0,s,0,10,s,2,7,1,15,27,s,0,s,1,2,4
1859,1,19,d,7,10,3,0,s,4,d,0,3,19,3,0,s,0,d,s,2,7,1,15,d,s,d,s,d,2,4
1858,1,19,3,7,10,d,0,s,4,11,0,d,19,3,0,s,0,10,s,2,7,1,15,27,s,0,s,1,2,4
I180,1,0,3,7,0,3,0,s,4,11,0,3,19,3,0,s,0,10,s,2,0,1,0,27,s,0,s,s,2,4
1879,1,0,3,7,0,3,0,s,4,11,0,3,19,3,d,s,0,10,s,2,d,1,0,27,s,0,s,s,2,4
1878,1,0,3,d,d,3,0,s,4,11,d,3,19,3,0,s,d,10,s,2,0,1,0,27,s,0,s,s,2,4
1029,1,0,3,7,d,3,0,s,4,11,0,3,s,3,0,6,0,10,s,2,3,1,0,27,s,0,s,1,2,4
I183,1,0,3,7,0,3,0,9,4,11,3,0,19,3,0,6,s,10,s,2,0,1,0,0,s,0,s,1,2,0
I184,1,0,3,7,0,3,0,9,4,11,3,0,19,3,0,6,s,10,s,2,0,1,0,0,s,0,s,1,2,4
I185,1,0,3,7,13,3,1,9,4,11,3,6,19,3,0,6,s,10,s,2,0,1,0,0,s,0,s,1,2,4
I186,1,20,3,7,13,3,1,9,4,11,3,6,19,3,0,6,s,10,s,2,0,1,0,0,s,0,s,1,2,4
1575,1,20,3,7,13,3,1,9,4,11,3,6,19,3,0,6,s,10,s,2,0,1,0,0,s,0,s,1,2,4
1574,1,20,3,7,13,3,1,d,4,11,3,6,19,3,0,6,s,10,s,2,d,1,0,d,s,0,s,d,2,4
1715,1,0,3,7,13,3,1,d,4,11,3,6,d,3,d,6,s,10,s,2,0,1,0,0,s,0,s,1,2,4
1765,1,0,3,d,0,3,d,9,4,11,3,0,19,d,0,6,s,10,s,2,0,1,0,0,s,d,s,1,2,4
I191,1,0,3,7,0,3,0,9,4,11,3,0,19,3,1,6,s,10,s,2,s,1,0,0,s,0,s,1,2,0
1544,1,0,3,7,d,3,d,9,4,d,3,d,19,3,d,d,s,d,s,d,s,s,0,0,s,0,s,1,2,0
I195,1,0,3,7,0,3,0,9,4,11,3,0,19,3,1,6,s,10,s,2,s,1,0,0,s,0,s,1,2,s
I196,1,0,3,7,0,3,0,9,4,11,3,0,19,3,1,6,s,10,s,2,s,1,0,0,s,0,s,1,2,s
1537,1,0,3,7,0,3,d,d,d,11,d,s,19,d,1,6,s,10,s,2,s,1,0,d,s,d,s,1,d,s
1536,1,d,3,7,0,3,0,9,4,11,3,0,d,3,1,d,s,10,s,2,s,1,0,0,s,0,s,1,2,s
1373,d,s,3,7,0,3,42,9,4,11,3,d,d,3,1,d,s,10,s,d,s,1,0,0,s,0,s,1,2,s
I198,0,0,3,7,0,3,0,9,0,11,0,0,0,0,0,6,0,10,s,0,0,0,0,0,s,0,12,1,0,0
I199,0,23,3,7,0,3,0,9,0,11,21,0,0,0,0,6,0,10,s,0,0,0,0,2,s,0,12,1,0,0
I200,0,23,3,7,s,3,0,9,0,11,21,0,0,0,0,6,0,10,s,0,0,0,0,2,s,0,12,1,0,0
I201,0,23,3,7,s,3,0,9,0,11,21,0,0,11,0,6,0,10,s,2,0,0,0,2,s,0,12,1,0,0
I202,0,23,3,7,s,3,0,9,0,11,21,0,0,11,0,6,0,10,s,2,0,0,0,2,s,1,12,1,0,s
1043,0,23,3,7,s,3,d,9,0,11,21,d,0,11,0,6,0,10,s,2,0,0,0,2,s,d,12,1,0,s
1042,0,23,d,7,s,3,0,9,0,11,21,s,0,11,d,6,0,10,s,2,0,d,0,2,s,1,12,d,0,s
I203,0,23,3,7,s,3,0,9,0,11,21,0,0,11,0,6,0,10,s,2,0,0,s,2,s,0,12,1,0,0
2036,0,23,3,7,s,3,0,9,0,11,21,d,0,11,0,6,d,10,s,2,24,0,s,2,s,0,12,1,0,0
1056,0,23,3,d,s,3,0,9,1,11,21,d,0,11,0,6,0,10,s,2,d,0,s,d,s,1,12,1,0,0
I206,0,23,3,7,s,3,7,9,0,11,21,0,0,0,1,6,0,10,s,0,0,1,0,2,s,0,12,1,0,0
I207,0,23,3,7,s,3,7,9,0,11,21,0,0,0,1,6,0,10,s,0,0,1,0,2,s,0,12,1,0,0
1921,0,23,3,7,s,3,7,9,0,11,21,0,0,0,1,d,d,d,s,0,0,1,0,2,s,0,12,1,0,0
1920,0,23,3,7,s,3,7,9,0,11,21,0,0,0,1,6,0,10,s,d,0,1,0,2,s,0,12,1,0,0
1953,0,23,3,d,s,3,7,9,0,11,21,0,3,0,1,6,0,10,s,0,0,1,0,2,s,0,12,1,0,0
I210,0,23,3,7,0,3,0,9,0,11,21,0,0,0,0,6,0,10,s,0,0,1,0,2,s,0,12,1,0,0
I211,0,23,3,7,0,3,0,9,0,11,21,0,0,0,0,6,0,10,s,0,0,1,0,2,s,1,12,1,0,0
1040,0,23,d,7,0,3,9,9,0,11,21,0,0,21,0,6,0,10,s,1,0,1,s,2,s,1,12,d,0,0
I214,1,23,3,7,0,3,0,9,s,11,21,5,0,0,0,6,6,10,s,0,0,1,0,2,s,1,12,1,0,0
2007,1,23,3,7,0,3,0,9,s,11,21,5,0,0,0,6,6,10,s,0,0,1,0,2,s,1,12,s,0,0
2006,1,23,d,7,0,3,d,9,s,11,21,5,d,0,d,d,6,10,s,0,0,1,0,2,s,1,d,1,0,0
I216,0,23,3,7,0,3,0,9,0,11,21,0,0,0,0,6,0,10,s,0,0,1,0,2,s,0,12,1,0,0
I217,0,23,3,7,0,3,0,9,0,11,21,0,0,0,0,6,0,10,s,0,0,1,0,2,s,0,12,1,0,12
1648,0,23,d,7,0,d,d,9,0,11,21,d,0,0,0,6,0,10,s,0,0,d,0,2,s,d,12,1,d,12
1984,0,d,3,d,0,3,0,9,s,11,21,d,15,0,0,6,0,10,s,0,0,1,0,2,s,0,12,1,0,12
I220,0,23,3,7,0,s,0,9,0,11,21,0,0,0,0,6,0,10,s,0,0,1,0,2,s,0,12,1,0,0
1582,0,23,3,7,0,s,20,d,0,11,21,0,d,0,0,6,5,10,s,d,0,1,0,2,s,d,d,1,0,d
1427,1,d,3,d,0,s,0,9,7,s,21,d,0,17,0,6,0,10,s,d,0,1,0,2,s,0,12,1,0,0
I223,0,0,3,7,0,3,31,9,0,11,0,0,0,0,0,6,0,10,s,0,0,1,0,0,s,0,12,1,0,0
I224,0,0,3,7,0,3,31,9,0,s,0,0,0,0,0,6,0,10,s,0,0,1,0,0,s,0,12,1,0,0
I229,0,0,s,7,0,3,31,9,0,s,18,0,0,0,s,6,0,10,s,0,0,s,0,0,s,1,12,1,0,0
1833,0,0,s,7,0,3,31,9,0,s,18,0,3,0,s,6,0,10,s,0,s,s,0,0,s,1,d,1,0,0
I231,0,0,s,7,0,3,31,9,0,s,18,0,0,0,s,6,1,10,s,0,0,s,0,0,s,s,12,1,0,0
1661,0,d,s,7,7,3,d,9,0,s,18,0,0,0,s,6,1,10,s,0,0,s,0,0,s,s,d,1,0,0
1660,0,0,s,7,0,3,31,d,0,s,18,0,0,d,s,6,1,10,s,0,0,s,0,0,s,s,12,d,0,0
I232,0,0,3,7,0,3,31,9,0,s,0,0,0,0,0,6,0,10,s,0,0,1,0,0,s,4,12,1,0,0
1562,d,15,3,7,0,3,d,9,1,s,d,0,15,0,0,6,0,10,s,0,0,1,0,d,s,4,12,1,s,0
I236,0,11,3,7,0,3,31,9,0,s,0,0,0,0,1,6,0,10,s,0,0,1,0,0,s,4,12,1,0,0
I237,0,11,3,7,7,3,31,9,0,s,0,0,0,0,1,6,0,10,s,0,0,1,0,0,s,4,12,1,0,0
1625,0,11,3,d,7,3,31,9,0,s,0,0,0,9,1,6,0,d,s,0,0,1,0,0,s,4,12,1,d,0
1624,0,11,3,7,7,3,31,9,0,s,0,0,d,0,1,d,0,10,s,0,0,1,d,0,s,4,12,1,0,0
1440,d,11,3,7,0,3,d,9,0,s,0,0,0,0,1,6,0,10,s,1,0,1,0,d,s,4,12,1,0,0
I239,0,0,3,7,0,3,31,9,0,11,0,6,19,0,0,6,s,10,s,0,0,1,21,0,s,0,12,1,0,0
I240,0,0,3,7,0,3,31,9,0,11,0,6,19,11,0,6,s,10,s,0,0,1,21,0,s,0,12,1,0,0
I241,0,0,3,7,0,3,31,9,0,11,0,6,19,11,0,6,s,10,s,0,0,1,21,8,s,0,12,1,0,0
1951,0,18,3,7,d,3,31,9,0,11,0,6,19,11,1,6,s,10,s,0,0,1,21,8,s,0,12,1,0,0
I243,0,0,3,7,0,3,31,9,0,11,0,6,19,11,4,6,s,10,s,0,0,1,s,8,s,0,12,1,0,0
1797,0,0,3,7,0,d,d,9,d,11,0,6,19,11,d,6,s,10,s,0,0,1,s,8,s,0,12,d,0,0
1796,d,0,3,7,0,3,d,9,0,11,d,6,d,11,4,6,s,10,s,0,0,1,s,8,s,0,d,1,0,0
2033,0,0,3,d,0,3,d,9,0,11,0,6,19,11,0,6,s,10,s,2,19,1,21,0,s,1,12,1,0,6
I246,0,0,3,7,13,3,31,9,0,11,0,6,19,0,0,6,s,10,s,0,0,1,21,0,s,0,12,1,0,0
2021,0,0,3,7,13,s,31,9,0,11,d,6,19,0,0,6,s,10,s,0,d,1,21,0,s,0,12,1,0,d
I249,0,1,3,7,13,3,31,9,0,11,0,6,19,0,2,6,s,10,s,0,0,s,21,0,s,0,12,1,0,0
1997,0,1,3,7,13,3,31,9,d,11,0,6,19,0,2,6,s,10,s,0,0,s,21,0,s,d,12,1,0,0
1030,0,1,3,7,d,3,31,9,0,11,0,6,d,0,2,6,s,10,s,0,0,s,21,s,s,0,12,1,0,0
I251,0,0,0,0,0,3,0,0,0,11,0,s,s,0,0,0,0,0,s,0,0,1,0,12,0,0,0,0,0,0
I252,0,0,0,0,0,3,0,0,0,11,0,s,s,6,0,0,0,0,s,1,0,1,0,12,0,0,0,0,0,0
I253,0,0,0,0,0,3,0,0,0,11,0,s,s,6,1,0,0,0,s,1,s,1,0,12,0,0,0,0,0,0
I254,1,0,26,0,0,3,0,0,0,11,29,s,s,6,1,0,0,0,s,1,s,1,0,12,0,1,0,0,0,0
I255,1,0,26,0,0,3,0,0,0,11,29,s,s,6,1,0,0,0,s,1,s,1,0,12,0,1,0,0,0,0
I256,1,0,26,0,0,3,17,0,0,11,29,s,s,6,1,0,0,0,s,1,s,1,0,12,0,1,0,0,0,0
1222,1,d,26,0,0,3,d,d,0,11,29,s,s,6,s,d,0,0,s,1,s,d,0,12,d,1,9,1,3,0
I262,1,16,26,16,0,3,17,0,0,11,29,s,s,6,1,0,0,0,s,1,s,1,0,12,0,1,0,0,0,0
1359,1,16,26,16,0,3,d,0,0,11,29,s,s,d,d,d,2,d,s,1,s,1,0,12,d,1,0,0,0,d
1358,1,16,26,16,0,3,17,0,0,11,29,s,s,d,1,0,0,28,s,1,s,1,0,d,0,1,0,d,0,0
I263,1,0,26,26,0,3,0,0,0,11,29,s,s,6,1,0,0,0,s,1,s,1,0,12,0,1,0,0,0,12
I264,1,25,26,26,0,3,0,0,0,11,29,s,s,6,1,0,0,27,s,1,s,1,0,12,0,1,30,0,0,12
1100,1,25,26,26,0,3,0,0,0,11,29,s,s,6,1,0,1,d,s,d,s,1,0,12,0,1,d,0,3,12
1255,1,25,d,26,0,3,0,0,0,s,29,s,s,6,1,0,d,d,s,1,s,d,0,12,0,1,30,0,0,12
I267,1,0,26,26,0,3,0,0,0,11,29,s,s,6,1,3,0,0,s,1,s,1,0,12,0,1,0,0,0,12
1054,1,0,26,26,6,3,0,d,36,11,29,s,s,6,1,d,0,21,s,1,s,1,0,12,0,1,0,0,0,12
1279,1,0,26,26,0,3,0,0,0,11,d,s,s,6,d,3,0,3,s,1,s,1,0,12,2,1,0,1,0,12
I270,1,0,26,0,0,3,0,0,36,11,29,s,s,6,1,0,0,0,s,1,s,1,0,12,0,1,0,0,0,0
I271,1,0,26,18,0,3,0,0,36,11,29,s,s,6,1,0,0,0,s,1,s,1,0,12,2,1,0,0,0,0
I274,1,0,26,18,0,3,8,0,36,11,29,s,s,6,1,0,0,0,s,1,s,1,0,12,2,1,0,1,0,0
1994,1,0,26,18,0,3,8,d,36,11,29,s,s,6,1,d,0,0,s,1,s,1,0,12,d,1,0,d,0,0
1909,d,d,d,18,0,3,8,0,36,11,29,s,s,6,1,0,0,0,s,1,s,1,d,12,d,1,0,d,2,0
1186,d,0,26,18,0,3,0,0,36,11,29,s,s,6,1,0,6,1,s,1,s,1,21,12,d,1,0,1,2,0
I280,1,0,26,0,0,3,0,0,36,11,29,s,s,6,1,0,1,0,s,1,s,1,0,12,0,1,0,0,0,0
1180,1,17,d,0,d,3,0,s,36,11,29,s,s,6,1,0,1,0,s,1,s,d,16,d,d,1,0,0,s,10
1773,1,0,s,0,1,3,0,0,36,11,29,s,s,6,1,0,d,0,s,1,s,d,15,12,d,1,0,1,2,0
I287,0,0,0,0,0,3,0,0,0,11,0,s,s,6,1,0,0,0,s,1,s,1,14,12,0,0,0,0,0,0
I288,0,0,0,0,0,3,0,0,0,11,0,s,s,6,1,0,0,0,s,1,s,1,14,12,0,0,0,0,0,0
I289,0,0,0,0,0,3,0,0,0,11,0,s,s,6,1,0,1,0,s,1,s,1,14,12,2,0,s,0,0,0
1145,0,0,0,0,0,3,s,d,0,11,0,s,s,6,1,0,1,0,s,1,s,1,14,12,2,0,s,0,0,0
I293,0,0,0,0,0,3,0,0,0,11,16,s,s,6,1,0,1,0,s,1,s,1,14,12,2,0,s,0,0,0
1605,0,0,0,0,0,d,0,d,s,11,s,s,s,6,1,0,1,0,s,1,s,1,14,12,d,0,s,0,0,d
1417,0,0,0,0,0,3,0,0,0,11,16,s,s,6,1,d,1,0,s,1,s,d,14,12,2,0,s,0,0,0
I296,0,0,0,0,0,3,0,0,0,11,2,s,s,6,1,0,0,20,s,1,s,1,14,12,0,0,0,0,0,0
1147,1,0,0,0,d,d,0,0,0,11,2,s,s,s,1,0,0,20,s,s,s,1,14,12,0,0,9,0,d,0
1239,1,0,0,0,0,3,0,0,1,11,d,s,s,6,1,0,0,s,s,d,s,d,14,12,0,d,31,1,0,13
I303,0,0,0,0,0,3,1,0,0,11,9,s,s,6,1,0,0,0,s,1,s,1,14,12,0,0,4,0,0,0
I304,0,0,0,s,0,3,1,0,0,11,9,s,s,6,1,0,0,5,s,1,s,1,14,12,0,0,4,0,0,0
I305,0,0,0,s,0,3,1,0,0,11,9,s,s,6,1,0,4,5,s,1,s,1,14,12,0,0,4,0,0,0
I306,0,3,0,s,0,3,1,0,0,11,9,s,s,6,1,0,4,5,s,1,s,1,14,12,0,0,4,0,3,0
1799,0,3,0,s,0,3,d,0,0,11,9,s,s,6,1,0,4,5,s,1,s,1,14,12,0,0,4,0,3,0
1798,0,s,0,s,d,3,d,0,0,11,9,s,s,6,1,0,4,5,s,1,s,d,14,d,0,0,4,0,3,0
1807,0,d,0,s,0,3,1,0,0,11,9,s,s,6,d,0,4,5,s,s,s,1,d,12,0,1,d,0,2,0
I308,0,0,0,s,0,3,1,0,0,11,9,s,s,6,1,0,s,5,s,1,s,1,14,12,0,0,4,0,0,0
947,0,0,0,s,0,d,1,0,0,11,9,s,s,d,1,0,s,5,s,1,s,1,14,12,0,0,4,0,0,d
1841,0,d,0,s,0,3,1,0,0,11,9,s,s,6,1,d,s,s,s,1,s,1,14,12,0,0,d,0,0,0
I310,0,0,0,0,0,3,1,s,28,11,9,s,s,6,1,0,0,0,s,1,s,1,14,12,0,0,4,1,0,0
1745,0,0,26,0,0,3,d,s,28,d,9,s,s,6,d,0,s,0,s,1,s,1,d,12,0,0,4,1,0,0
I315,0,0,0,1,0,3,1,s,28,11,9,s,s,6,1,14,4,0,s,1,s,1,14,12,0,0,4,1,0,0
1783,0,0,0,1,0,3,1,s,28,11,9,s,s,6,d,14,4,0,s,1,s,1,14,12,0,0,4,1,0,0
1782,0,0,0,1,d,3,1,s,28,11,9,s,s,6,1,14,4,d,s,1,s,1,14,12,0,0,d,1,0,0
I317,0,0,0,0,0,3,0,2,0,11,0,s,s,6,1,0,0,0,s,1,0,1,0,12,0,0,0,0,0,0
I318,0,0,0,0,0,3,0,2,0,11,0,s,s,6,1,0,0,0,s,s,0,1,0,12,0,0,0,0,0,0
I319,0,0,0,0,0,3,0,2,0,11,0,s,s,6,1,0,2,0,s,s,0,1,0,12,0,0,0,0,0,0
I320,0,0,0,0,0,3,0,2,0,11,5,s,s,6,1,0,2,0,s,s,8,1,0,12,0,1,0,1,0,0
I321,0,0,0,0,1,3,36,2,0,11,5,s,s,6,1,0,2,0,s,s,8,1,0,12,0,1,0,1,s,0
1800,1,0,0,0,1,3,d,2,d,11,d,s,s,6,1,0,2,14,s,s,d,1,0,12,0,1,0,1,s,0
1375,0,d,0,d,d,3,36,2,d,11,5,s,s,6,1,0,2,0,s,s,8,1,0,12,0,d,0,1,s,0
I324,0,0,0,0,0,3,0,s,0,11,5,s,s,6,1,0,2,0,s,s,8,1,2,12,0,1,0,1,0,0
I325,0,0,0,12,0,3,0,s,0,11,5,s,s,6,1,0,2,0,s,s,8,1,2,12,0,1,0,1,0,14
1455,0,0,0,12,0,3,26,s,0,d,5,s,s,d,1,0,d,14,s,s,8,s,2,12,0,1,0,1,0,d
1454,0,d,0,12,d,3,0,s,7,d,d,s,s,6,1,0,2,0,s,s,d,1,2,12,0,d,7,1,0,14
1429,0,17,0,0,0,3,23,s,d,11,5,s,s,6,1,0,2,14,s,s,8,d,2,12,0,1,0,d,0,d
I327,2,0,10,0,0,3,0,2,0,11,0,s,s,6,1,27,2,0,s,s,0,1,0,12,0,0,0,0,3,0
I328,2,0,10,0,0,3,0,2,0,11,0,s,s,6,1,27,2,0,s,s,0,1,0,12,0,0,21,1,3,0
I329,2,0,10,0,0,3,0,2,0,11,0,s,s,6,1,27,2,0,s,s,0,1,0,12,0,0,21,1,3,0
1129,2,0,d,0,0,3,0,2,0,11,0,s,s,6,1,27,2,0,s,s,0,1,0,12,d,d,21,1,d,d
1128,2,0,10,0,s,3,0,d,0,11,0,s,s,6,1,d,2,0,s,s,0,1,14,12,0,0,21,1,3,0
1292,d,0,d,0,0,3,d,2,d,11,0,s,s,6,1,27,2,0,s,s,0,s,9,12,2,0,21,1,d,0
I333,2,15,10,0,0,3,12,2,0,11,s,s,s,6,1,27,2,0,s,s,24,1,0,12,0,0,0,1,3,6
1539,2,15,10,0,0,3,12,d,d,11,s,s,s,6,1,27,2,0,s,s,24,1,d,12,d,0,0,1,3,6
1538,2,15,10,0,0,3,12,2,0,11,s,s,s,6,1,27,2,d,s,s,d,1,0,d,0,0,0,1,3,6
I334,0,0,0,0,0,3,0,2,s,11,0,s,s,6,1,0,0,0,s,s,0,1,0,12,0,1,0,0,2,0
I335,0,0,0,0,0,3,0,2,s,11,0,s,s,6,1,0,0,0,s,s,0,1,0,12,0,1,0,0,2,4
I336,0,1,0,0,0,3,0,2,s,11,0,s,s,6,1,0,0,0,s,s,0,1,0,12,0,1,0,0,2,4
1977,0,d,0,d,0,3,0,2,s,d,0,s,s,6,1,0,d,0,s,s,0,1,d,d,0,1,0,d,d,4
I338,0,1,13,0,0,3,0,2,s,11,0,s,s,6,1,0,0,0,s,s,0,1,s,12,0,1,9,0,2,4
1897,0,1,13,0,0,3,d,2,s,11,0,s,s,6,1,d,0,0,s,s,0,1,s,12,0,1,9,0,2,4
1896,0,1,13,0,0,d,d,2,s,11,0,s,s,d,1,0,0,0,s,s,0,1,s,12,d,1,d,0,2,4
I340,0,0,0,0,0,3,0,2,s,11,0,s,s,6,1,0,0,0,s,s,0,1,0,12,0,1,0,0,s,4
1665,d,0,0,d,0,3,0,2,s,11,0,s,s,d,1,0,0,d,s,s,0,1,0,12,0,1,0,0,s,4
1664,0,0,0,0,d,3,d,2,s,11,0,s,s,6,1,d,0,0,s,s,0,d,d,12,d,1,d,0,s,d
I342,0,0,s,27,0,3,0,2,s,11,0,s,s,6,1,0,0,0,s,s,0,1,0,12,0,1,0,0,2,0
I343,0,0,s,27,0,3,0,2,s,11,s,s,s,6,1,39,0,0,s,s,0,1,0,12,0,1,0,0,2,0
1734,0,0,s,d,0,3,0,2,s,11,s,s,s,6,1,d,0,0,s,s,0,d,0,d,0,1,d,0,2,s
I345,0,0,s,27,13,3,0,2,s,11,s,s,s,6,1,39,0,0,s,s,s,1,0,12,0,1,0,0,2,0
1695,d,d,s,27,13,3,0,2,s,d,s,s,s,6,1,39,0,0,s,s,s,1,0,d,0,1,0,0,2,0
1694,0,0,s,27,13,3,0,2,s,11,s,s,s,6,1,39,0,0,s,s,s,1,0,12,0,1,0,0,2,d
I346,0,0,s,27,0,3,17,2,s,11,0,s,s,6,1,0,0,0,s,s,0,1,0,12,6,1,0,0,2,0
1937,0,0,s,27,0,3,17,2,s,11,0,s,s,6,1,0,0,0,s,s,0,1,d,12,6,1,0,0,2,0
I348,1,0,s,27,0,3,17,2,s,11,0,s,s,6,1,15,0,0,s,s,0,1,0,12,6,1,0,0,2,0
1499,1,0,s,27,d,3,17,2,s,11,0,s,s,6,1,15,0,0,s,s,0,1,0,d,6,1,0,1,2,0
1498,1,0,s,d,d,3,17,2,s,d,d,s,s,6,1,15,0,0,s,s,0,1,0,12,d,1,4,0,2,0
I349,0,0,0,0,0,3,0,2,0,11,0,s,s,6,1,0,5,0,s,1,0,1,0,12,0,0,0,0,0,0
I350,0,23,0,0,0,3,0,2,0,11,0,s,s,6,1,0,5,1,s,1,0,1,20,12,0,0,0,0,2,0
I351,0,23,3,0,0,3,0,2,0,11,0,s,s,6,1,38,5,1,s,1,0,1,20,12,0,0,0,0,2,0
I352,0,23,3,0,0,3,0,2,0,11,0,s,s,6,1,38,5,1,s,1,0,1,20,12,0,0,9,0,2,0
1713,d,23,3,0,0,d,0,2,0,11,7,s,s,6,1,38,5,1,s,1,s,1,20,12,0,d,9,1,2,13
1768,0,23,3,0,0,3,d,2,0,11,d,s,s,6,1,38,5,1,s,1,0,d,20,12,0,0,9,d,2,0
I357,0,23,3,0,0,3,0,2,3,11,0,s,s,6,1,38,5,1,s,1,0,1,20,12,s,0,0,0,2,0
1685,0,d,d,d,d,3,0,2,d,11,0,s,s,d,1,38,5,1,s,d,0,1,20,12,s,d,d,0,2,18
1684,0,d,3,0,0,3,0,2,3,11,0,s,s,6,d,38,5,1,s,1,d,1,20,12,s,0,0,0,2,0
I358,0,23,0,0,0,3,0,2,0,11,5,s,s,s,1,0,5,1,s,1,5,1,20,12,0,0,0,s,s,0
I359,0,23,0,7,0,3,0,2,0,11,5,s,s,s,1,0,5,1,s,1,5,1,20,12,0,0,0,s,s,0
I360,0,23,0,7,12,3,0,2,0,11,5,s,s,s,1,0,5,1,s,1,5,1,20,12,0,0,0,s,s,0
1167,1,23,0,7,12,3,0,2,0,11,d,s,s,s,1,0,5,1,s,1,5,1,d,d,0,0,0,s,s,d
1166,0,d,0,7,12,3,0,d,0,11,5,s,s,s,1,0,5,1,s,1,5,1,20,12,0,d,0,s,s,0
I361,0,23,0,7,0,3,0,2,0,11,5,s,s,s,1,0,5,1,s,1,5,1,20,12,0,0,0,s,s,0
1137,0,23,0,7,0,3,0,2,0,11,5,s,s,s,d,0,5,1,s,s,5,1,d,12,0,0,12,s,s,0
1136,d,d,0,d,0,3,0,d,0,11,5,s,s,s,1,0,5,1,s,1,d,d,20,12,0,0,0,s,s,0
I362,1,23,0,0,0,3,0,2,0,11,5,s,s,s,1,2,5,1,s,1,5,1,20,12,0,0,0,s,s,0
1218,1,23,d,0,0,3,0,2,0,11,d,s,s,s,1,2,5,1,s,d,5,1,20,12,2,0,d,s,s,0
I364,1,23,0,0,0,3,0,2,0,11,5,s,s,s,1,2,5,1,s,1,5,1,20,12,0,0,0,s,s,0
1247,1,23,0,0,0,3,0,2,7,11,5,s,s,s,1,2,5,1,s,1,5,1,20,12,0,0,0,s,s,0
1246,1,23,0,0,6,d,0,2,0,11,5,s,s,s,d,2,5,1,s,1,5,1,20,12,0,0,0,s,s,0
I365,0,0,0,9,0,3,7,2,0,11,0,s,s,6,1,0,5,0,s,1,0,1,0,s,0,0,27,0,0,0
I366,0,0,0,9,0,3,7,2,0,11,0,s,s,6,1,0,5,0,s,1,24,1,0,s,0,0,27,0,0,12
I369,0,0,0,9,0,3,7,2,0,11,31,s,s,6,1,0,5,0,s,1,24,1,0,s,2,0,27,0,0,12
1525,0,d,0,9,0,3,d,2,0,11,d,s,s,d,1,0,5,0,s,1,24,1,d,s,2,0,d,0,0,12
1524,0,0,0,9,0,3,7,2,0,11,31,s,s,6,1,0,5,0,s,1,24,d,0,s,2,d,27,0,0,12
1445,0,16,0,s,0,3,7,2,d,11,0,s,s,6,1,0,d,d,s,1,d,s,0,s,0,1,27,d,2,12
I373,0,5,0,9,0,3,7,2,0,11,0,s,s,6,1,0,5,0,s,1,0,1,0,s,0,0,27,0,0,0
I375,0,5,0,9,0,3,7,2,0,11,2,s,s,6,1,3,5,0,s,1,0,1,0,s,0,0,27,1,0,0
1347,0,5,d,9,0,3,7,2,0,11,2,s,s,6,1,3,5,0,s,d,0,1,0,s,0,0,27,1,0,0
1346,0,d,0,9,0,3,7,2,7,11,d,s,s,d,d,3,5,0,s,1,0,1,0,s,2,0,27,1,0,d
I377,0,5,0,9,0,3,7,2,0,11,0,s,s,6,1,0,s,0,s,1,0,1,14,s,2,0,27,0,0,0
1390,1,d,0,9,0,3,7,2,0,11,0,s,s,6,1,d,s,0,s,1,d,1,d,s,2,0,27,0,d,12
1076,0,5,0,9,0,3,7,d,40,d,19,s,s,6,1,0,s,0,s,1,d,1,14,s,2,0,27,0,0,d
I380,1,1,34,0,0,3,0,0,4,11,0,s,s,0,0,0,0,0,s,0,0,1,8,12,4,0,0,0,2,0
I381,s,1,34,0,0,3,0,0,4,11,0,s,s,0,0,0,0,16,s,0,6,1,8,12,4,0,0,0,2,0
I382,s,1,34,0,0,3,0,0,4,11,0,s,s,0,0,16,0,16,s,1,6,1,8,12,4,0,0,0,2,0
I383,s,1,34,0,0,3,0,0,4,11,0,s,s,0,0,16,0,16,s,1,6,1,8,12,4,0,0,0,2,0
I384,s,1,34,0,0,3,0,11,4,11,0,s,s,0,0,16,0,16,s,1,6,1,8,12,4,0,0,1,2,0
I385,s,1,34,0,16,3,0,11,4,11,0,s,s,0,0,16,0,16,s,1,6,1,8,12,4,0,0,1,2,0
1839,s,1,d,0,16,3,0,11,4,11,0,s,s,0,0,16,0,16,s,1,6,d,8,d,4,d,0,1,s,0
1567,s,1,34,d,16,3,0,11,4,11,0,s,s,d,0,16,0,16,s,d,6,1,8,12,4,1,0,1,d,0
I388,s,1,34,0,0,3,0,11,4,11,0,s,s,0,0,16,0,16,s,1,6,1,8,12,4,0,0,1,2,0
1790,s,1,d,0,0,3,0,d,4,11,s,s,s,0,0,16,0,16,s,1,d,1,8,12,4,1,9,1,2,0
1698,s,1,34,28,0,3,0,d,4,11,14,s,s,0,0,d,0,16,s,1,d,1,8,12,4,0,0,1,2,d
I391,s,1,34,0,0,3,0,0,4,11,3,s,s,0,0,16,0,16,s,1,6,1,8,12,4,0,0,0,2,s
1741,s,1,34,0,10,3,0,0,d,d,3,s,s,8,d,16,0,16,s,s,6,1,8,d,4,0,0,1,2,s
I395,s,1,34,0,0,3,0,0,4,11,3,s,s,0,0,16,0,16,s,1,6,1,8,12,4,0,0,0,2,s
I396,s,1,34,0,0,3,0,0,4,11,3,s,s,0,0,16,0,16,s,1,6,1,8,12,4,0,0,0,2,s
1593,s,1,34,d,0,d,0,0,d,11,3,s,s,0,0,16,0,16,s,1,6,1,d,d,4,1,0,0,2,s
1592,s,1,34,0,0,3,d,0,4,11,3,s,s,0,d,16,0,16,s,1,6,d,8,12,4,0,0,0,2,s
1710,s,1,34,0,0,3,0,0,4,11,3,s,s,0,0,16,0,d,s,1,6,1,8,12,4,0,0,0,2,s
I398,s,1,34,0,0,3,0,6,4,11,0,s,s,0,0,16,0,16,s,1,6,1,8,12,4,0,0,1,2,0
I399,s,1,34,0,0,3,0,6,4,11,0,s,s,21,0,16,0,16,s,1,6,1,8,12,4,0,0,1,2,14
I400,s,1,34,0,0,3,0,6,4,11,0,s,s,21,0,16,0,16,s,1,6,1,8,12,4,0,0,1,2,14
1933,s,1,d,d,0,3,0,6,4,11,0,s,s,21,0,16,3,16,s,1,6,1,8,12,4,1,31,1,2,14
1895,s,1,34,0,0,3,0,6,4,11,d,s,s,21,0,16,d,d,s,1,6,1,8,d,4,d,0,1,2,14
1881,s,1,34,0,0,3,0,6,4,d,2,s,s,21,d,s,13,16,s,d,6,1,8,12,4,d,0,1,2,14
I406,s,1,34,0,0,3,0,6,4,11,0,s,s,0,2,16,5,16,s,1,6,1,8,12,4,0,0,1,2,0
1900,s,1,34,0,0,3,s,6,4,d,0,s,s,d,2,d,5,d,s,1,6,1,8,12,d,1,0,d,2,d
1829,s,1,d,0,d,d,0,6,4,11,d,s,s,9,2,16,5,d,s,1,d,1,8,12,4,0,d,s,2,0
I413,s,1,34,0,0,3,0,0,4,11,0,s,s,2,0,36,13,16,s,0,6,1,8,12,4,0,0,0,2,0
I414,s,1,34,0,0,3,0,0,4,11,0,s,s,2,0,36,13,16,s,0,6,1,8,12,4,0,0,0,2,0
1414,s,1,34,0,0,3,0,0,4,11,d,s,s,2,0,36,13,16,s,0,6,1,8,s,4,d,0,0,2,0
I422,s,1,34,0,0,3,0,0,4,11,s,s,s,2,0,36,13,16,s,0,6,1,8,12,4,0,0,0,2,0
I423,s,1,34,0,10,3,0,0,4,11,s,s,s,2,0,36,13,16,s,0,6,1,8,12,4,0,0,0,2,14
1451,s,1,34,d,10,3,0,9,4,s,s,s,s,2,1,36,13,16,s,0,6,d,8,d,4,0,d,0,2,14
1208,s,1,34,0,s,3,0,0,4,d,s,s,s,d,0,36,13,16,s,0,6,1,8,12,4,d,d,0,2,14
I426,s,1,34,0,0,3,0,0,4,11,s,s,s,2,0,36,13,16,s,0,6,1,8,12,4,0,0,0,2,0
1156,s,d,d,d,0,3,0,0,s,11,s,s,s,2,s,36,13,16,s,0,6,d,8,12,4,0,d,0,2,0
1108,s,1,34,0,d,d,0,0,4,11,s,s,s,2,0,36,s,d,s,d,6,1,d,12,4,0,0,0,d,0
I429,s,1,34,0,0,3,0,0,4,11,0,s,s,2,0,36,13,16,s,0,6,1,8,12,4,0,0,0,2,0
I430,s,1,34,0,0,3,0,0,4,11,0,s,s,2,0,36,13,16,s,1,6,1,8,12,4,0,0,0,2,0
I431,s,1,34,0,0,3,0,0,4,11,4,s,s,2,0,36,13,16,s,1,6,1,8,12,4,0,0,0,2,12
I432,s,1,34,0,0,3,0,0,4,11,4,s,s,2,0,36,13,16,s,1,6,1,8,12,4,0,0,0,2,12
1409,s,1,34,d,0,3,0,d,4,d,4,s,s,2,0,36,d,16,s,1,6,1,8,d,4,0,0,d,2,12
1408,s,1,34,0,0,3,0,0,4,11,4,s,s,2,0,36,d,16,s,1,6,d,8,12,4,0,0,0,2,12
1691,s,1,d,0,0,d,0,0,4,11,4,s,s,2,0,36,13,d,s,1,d,1,8,12,4,0,0,0,2,12
1584,s,1,34,0,d,3,0,0,4,11,0,s,s,2,d,36,13,d,s,1,6,1,8,12,4,s,d,0,d,0
I437,s,1,34,0,0,3,0,0,4,11,0,s,s,2,0,36,s,16,s,0,6,1,8,12,4,0,0,0,s,0
1529,s,d,34,0,0,3,0,0,4,11,0,s,s,d,1,36,s,d,s,0,d,1,8,12,4,d,s,d,s,0
I442,s,1,34,19,4,3,s,6,4,11,0,s,s,2,0,36,s,s,s,2,6,1,8,s,4,0,0,0,s,0
1975,s,1,34,d,4,3,s,6,4,11,0,s,s,2,0,36,s,s,s,2,6,1,8,s,4,0,0,d,s,0
1974,s,d,34,19,4,3,s,6,4,11,0,s,s,2,0,d,s,s,s,2,6,1,d,s,4,0,d,0,s,0
I444,1,1,34,0,0,3,0,0,4,11,0,s,s,0,0,0,0,3,s,s,0,1,8,12,4,0,0,0,2,0
I445,1,1,34,0,0,3,0,0,4,11,0,s,s,0,0,0,0,3,s,s,0,1,8,12,4,0,0,0,2,s
I446,1,1,34,0,0,3,16,0,4,11,0,s,s,0,0,0,0,3,s,s,0,1,8,12,4,1,0,0,2,s
I447,1,1,34,0,0,3,16,0,4,11,0,s,s,0,0,0,0,3,s,s,0,1,8,12,4,1,0,0,2,s
I450,1,1,34,0,0,3,16,0,4,11,0,s,s,0,0,36,0,3,s,s,0,1,8,12,4,1,0,0,2,s
1273,1,1,34,0,1,d,16,d,4,11,3,s,s,11,0,36,0,3,s,s,0,1,8,d,4,d,0,0,2,s
1272,d,1,34,0,0,3,16,0,4,d,0,s,s,0,d,d,0,3,s,s,s,1,8,d,4,d,s,d,2,s
I451,1,1,34,12,0,3,16,0,4,11,0,s,s,11,0,16,0,3,s,s,19,1,8,12,4,1,0,0,2,s
1143,1,1,34,12,0,3,16,0,4,11,0,s,s,11,0,16,0,3,s,s,19,1,8,12,4,1,d,0,2,s
I453,1,1,34,12,0,3,16,0,4,11,0,s,s,11,0,16,0,3,s,s,19,1,8,s,4,s,0,0,2,s
1153,1,d,34,12,0,3,16,0,d,11,d,s,s,11,d,16,0,3,s,s,19,1,8,s,4,s,0,d,2,s
1152,1,1,34,12,0,3,16,0,4,11,0,s,s,11,0,16,d,3,s,s,19,1,8,s,4,s,d,0,s,s
I454,1,1,34,0,12,3,16,0,4,11,0,s,s,0,0,0,0,3,s,s,0,1,8,12,4,1,0,1,2,s
I455,1,1,34,0,12,3,16,0,4,11,0,s,s,0,0,0,0,3,s,s,0,1,8,12,4,1,0,1,2,s
1907,1,d,34,0,12,3,16,6,4,11,0,s,s,0,0,0,0,d,s,s,7,1,8,s,4,d,0,1,2,s
I457,1,1,34,0,12,3,16,0,4,11,7,s,s,0,1,0,0,3,s,s,0,1,8,12,4,1,0,1,2,s
1821,1,1,34,0,12,3,16,0,4,11,7,s,s,d,1,0,0,3,s,s,0,1,8,12,4,1,0,1,2,s
1820,1,1,34,0,12,3,16,0,4,11,7,s,s,0,1,0,d,3,s,s,0,1,8,12,4,1,0,d,2,s
1875,1,1,34,34,d,3,16,0,4,11,0,s,s,d,0,0,0,3,s,s,0,1,8,12,4,1,9,d,2,s
I461,1,1,34,0,0,3,0,0,4,11,0,s,s,0,0,0,2,3,s,s,13,1,8,12,4,0,0,0,2,s
I462,1,1,34,0,0,3,0,0,4,11,0,s,s,0,0,0,2,3,s,s,13,1,8,12,4,0,0,0,2,s
I463,1,1,34,0,0,3,0,0,4,11,0,s,s,0,0,0,2,3,s,s,13,1,8,12,4,0,0,0,2,s
1467,1,1,34,0,0,3,0,0,4,11,0,s,s,0,0,d,2,3,s,s,d,1,8,d,d,0,0,1,2,s
I465,1,1,34,0,0,3,0,0,4,11,0,s,s,0,0,0,2,3,s,s,13,1,8,12,4,0,0,0,2,s
1565,1,1,34,d,0,d,0,d,s,11,0,s,s,0,0,0,d,3,s,s,d,1,8,12,4,0,0,0,2,s
1564,1,d,d,0,0,3,0,0,d,11,0,s,s,0,0,0,2,3,s,s,13,d,8,12,4,0,0,d,2,s
1770,d,1,d,0,0,3,42,8,4,d,0,s,s,d,0,0,d,3,s,s,13,1,8,12,d,1,4,0,2,s
I469,1,1,34,7,0,3,0,0,4,11,0,s,s,0,0,0,2,3,s,s,13,1,8,12,4,0,0,0,2,s
1618,1,d,34,7,10,3,s,5,4,11,4,s,s,0,0,0,2,3,s,s,13,1,8,12,4,d,0,0,2,s
I473,1,1,34,7,0,3,0,0,4,11,0,s,s,0,0,0,2,3,s,s,13,1,8,12,4,0,0,0,2,s
1852,1,1,34,7,0,3,0,0,4,11,d,s,s,0,d,0,d,3,s,s,13,1,8,d,4,0,0,d,2,s
I475,1,1,34,7,0,3,0,0,4,11,0,s,s,0,0,0,2,3,s,s,13,1,8,12,4,1,0,0,2,s
1915,1,1,d,7,0,3,d,0,4,11,0,s,s,d,0,0,2,3,s,s,13,d,8,d,4,1,0,0,d,s
1914,1,1,34,7,0,3,0,0,4,11,0,s,s,0,0,0,d,3,s,s,13,1,8,12,4,1,d,0,2,s
I476,1,1,34,0,0,3,0,0,4,11,0,s,s,0,0,0,0,3,s,s,0,1,8,12,4,0,0,0,2,0
I477,1,1,34,0,0,3,0,0,4,11,0,s,s,0,1,0,0,3,s,s,0,1,8,12,4,1,12,0,2,0
1503,1,1,34,0,0,d,2,0,d,11,0,s,s,8,1,d,d,d,s,s,0,1,8,12,4,1,s,0,d,0
1808,1,1,34,24,13,3,d,0,4,s,0,s,s,0,1,0,0,3,s,s,d,1,8,12,4,1,d,d,2,0
I492,1,1,34,0,0,3,0,0,4,11,0,s,s,0,0,0,5,3,s,s,0,1,8,12,4,0,0,0,2,0
I493,1,1,34,0,0,3,0,0,4,11,0,s,s,0,0,0,5,3,s,s,0,1,8,s,4,1,0,0,2,0
I496,1,1,34,5,0,3,0,0,4,11,0,s,s,0,0,16,5,3,s,s,0,1,8,s,4,1,0,1,2,0
1959,1,1,34,5,d,3,0,d,4,11,d,s,s,0,0,16,5,3,s,s,0,d,8,s,4,1,0,1,2,0
1958,1,1,34,5,0,3,0,0,4,11,0,s,s,0,0,16,5,d,s,s,0,d,8,s,4,d,0,1,d,0
I497,1,1,34,0,0,3,s,0,4,11,0,s,s,0,0,27,5,3,s,s,0,1,8,s,4,1,0,0,2,0
I498,1,1,34,0,0,3,s,0,4,11,0,s,s,0,0,27,5,3,s,s,0,1,8,s,4,1,0,0,2,0
1611,1,1,d,d,0,3,s,0,4,11,0,s,s,0,0,27,5,3,s,s,0,1,8,s,4,d,0,d,2,0
1610,d,1,34,d,0,3,s,d,4,d,0,s,s,0,d,27,5,3,s,s,0,1,d,s,4,1,0,0,2,0
1479,1,1,34,0,13,3,s,0,4,11,d,s,s,d,d,27,d,3,s,s,s,1,8,s,4,d,0,0,2,d
I500,1,1,34,0,0,3,0,0,4,11,0,s,s,0,0,0,5,3,s,s,30,1,8,12,4,0,0,0,2,0
I501,1,1,34,0,0,3,0,0,4,11,0,s,s,0,0,0,5,3,s,s,30,1,8,12,4,0,0,0,2,0
2040,1,1,34,0,0,3,0,0,4,11,s,s,s,0,0,0,5,3,s,s,d,1,d,12,4,0,0,1,2,0
2000,1,1,d,0,0,3,0,0,4,11,0,s,s,0,0,0,5,3,s,s,30,1,8,12,4,0,0,0,2,0
I504,1,1,34,0,0,3,0,0,4,11,0,s,s,0,0,0,5,3,s,s,s,1,8,12,4,0,0,0,2,0
1658,1,1,34,0,0,3,0,0,4,d,0,s,s,0,0,0,5,3,s,s,s,1,8,12,4,0,0,d,2,s
I506,1,1,34,0,13,3,0,0,4,11,0,s,s,0,0,0,5,3,s,s,s,1,8,12,4,0,0,0,2,0
1905,1,1,34,0,13,3,0,0,4,11,0,s,s,d,d,0,5,3,s,s,s,1,8,12,4,d,0,0,d,0
1904,1,1,34,0,13,3,0,0,d,d,0,s,s,d,0,0,5,3,s,s,s,d,8,12,4,0,0,0,2,0
I507,0,0,0,0,0,3,0,0,s,0,0,0,0,0,0,21,0,0,s,2,0,0,14,0,0,0,0,0,0,0
I508,0,0,0,0,0,3,0,8,s,0,0,0,0,0,0,21,0,0,s,2,9,0,14,0,0,0,0,0,0,0
I509,0,0,0,0,0,3,0,8,s,0,0,0,0,0,0,21,s,0,s,2,9,0,14,0,0,0,0,0,0,0
I510,0,3,0,0,4,3,0,8,s,10,0,0,0,0,0,21,s,0,s,2,9,0,14,0,0,0,0,1,0,0
I511,0,3,0,0,4,3,0,8,s,10,0,0,0,0,0,21,s,0,s,2,9,0,s,s,s,0,0,1,0,0
I512,0,3,0,5,4,3,0,8,s,10,0,0,0,0,0,21,s,0,s,2,9,0,s,s,s,0,0,1,0,0
I513,1,3,0,5,4,3,0,8,s,10,0,0,0,0,0,21,s,26,s,2,9,0,s,s,s,0,0,1,0,0
I516,1,3,0,5,4,3,0,8,s,10,0,0,0,8,1,21,s,26,s,2,9,0,s,s,s,0,0,1,0,0
1065,1,d,0,5,4,3,0,8,s,10,0,3,0,8,1,21,s,26,s,2,9,d,s,s,s,0,0,1,0,0
1064,1,3,0,5,4,3,d,8,s,d,d,0,0,8,1,21,s,26,s,d,9,0,s,s,s,0,0,1,0,0
1107,1,d,d,5,4,d,0,8,s,10,0,d,0,0,1,21,s,26,s,2,9,0,s,s,s,0,0,1,0,0
I524,0,3,0,5,4,3,0,8,s,10,0,0,1,0,1,21,s,0,s,2,9,0,s,s,s,1,0,1,0,0
1354,d,3,d,d,4,3,1,8,s,10,0,0,1,d,d,21,s,0,s,s,9,0,s,s,s,1,0,1,0,0
1586,0,3,0,5,4,d,0,8,s,10,d,0,1,9,1,21,s,13,s,2,9,0,s,s,s,1,0,1,0,0
I527,0,3,0,0,4,3,0,8,s,10,0,0,0,0,0,21,s,0,s,2,9,0,s,s,s,0,9,1,0,0
I528,0,3,0,0,4,3,0,8,s,10,0,0,0,0,0,21,s,0,s,2,9,0,s,s,s,0,9,1,0,14
I529,0,3,0,0,4,3,5,8,s,10,5,0,0,0,0,21,s,0,s,2,9,0,s,s,s,0,9,1,0,14
1380,0,d,0,0,4,3,5,8,s,d,5,0,0,0,d,21,s,0,s,2,9,0,s,s,s,s,9,1,0,14
1654,0,3,0,0,4,3,5,8,s,10,5,0,0,0,1,21,s,0,s,2,d,0,s,s,s,0,9,1,0,14
I532,0,3,0,0,4,3,0,8,s,10,0,0,0,0,0,21,s,0,s,s,9,0,s,s,s,0,9,1,0,14
I533,0,3,0,0,4,3,0,8,s,10,0,0,0,0,0,21,s,0,s,s,9,0,s,s,s,0,9,1,0,14
1389,0,3,0,d,4,3,0,8,s,10,0,0,0,0,0,d,s,d,s,s,d,d,s,s,s,0,9,1,0,14
1388,0,3,0,0,4,3,0,8,s,10,0,0,0,0,0,21,s,10,s,s,9,0,s,s,s,0,9,1,0,14
1393,d,3,0,d,4,3,d,8,s,10,0,4,0,17,0,21,s,d,s,s,9,0,s,s,s,1,9,1,d,14
I536,0,3,0,0,4,3,0,8,s,10,0,0,0,17,0,21,s,9,s,2,9,0,s,s,s,0,9,1,0,10
1211,0,3,0,0,4,3,d,8,s,10,29,0,0,17,0,21,s,9,s,d,9,0,s,s,s,0,9,d,0,d
1237,s,3,0,0,d,3,0,d,s,10,s,0,0,17,0,d,s,d,s,2,9,0,s,s,s,1,9,1,0,10
I542,0,3,33,0,4,3,0,8,s,10,0,3,0,0,0,21,s,0,s,2,9,0,14,0,0,0,0,1,0,0
I543,0,3,33,0,4,3,0,8,s,10,0,3,0,0,0,21,s,0,s,2,9,0,14,0,0,0,0,1,0,0
2047,0,d,33,0,4,3,0,8,s,10,0,3,0,0,0,21,s,0,s,d,9,d,14,0,0,0,31,1,0,0
I552,0,3,33,0,4,3,0,8,s,10,0,3,0,0,0,21,s,0,s,2,9,0,14,0,0,0,0,1,0,0
I553,0,3,33,0,4,3,38,8,s,10,0,3,0,0,0,21,s,10,s,2,9,2,14,0,0,1,0,1,0,0
1089,0,3,33,d,4,3,38,8,s,10,0,3,0,2,1,21,s,10,s,d,d,d,14,0,6,1,0,1,0,0
1202,0,3,33,0,4,3,38,d,s,10,0,d,0,0,d,21,s,d,s,2,9,2,14,0,2,1,0,1,0,0
I557,0,3,33,s,4,3,6,8,s,10,0,3,0,0,1,s,s,0,s,2,9,0,14,0,0,0,0,1,0,0
1267,0,3,33,s,d,d,d,8,s,10,0,3,0,0,1,s,s,d,s,2,d,0,14,0,d,0,12,1,d,0
1266,0,3,33,s,d,3,6,d,s,10,0,3,0,2,d,s,s,d,s,2,d,0,14,0,0,0,0,1,0,0
I561,0,3,33,0,4,3,0,8,s,10,0,3,0,0,0,21,s,0,s,2,9,1,14,0,0,1,0,1,2,0
I562,0,3,33,0,4,3,0,8,s,10,0,3,0,0,0,21,s,0,s,2,9,1,14,0,0,1,0,1,2,0
1194,d,3,d,0,4,3,0,d,s,d,0,d,d,d,d,d,s,0,s,2,9,1,14,25,0,1,0,1,d,0
I567,0,3,33,0,4,3,0,8,s,10,19,3,0,0,0,21,s,0,s,2,9,1,14,0,s,1,0,1,2,10
1401,0,3,d,0,d,3,0,d,s,10,19,3,0,d,0,d,s,0,s,2,9,1,14,0,s,1,0,1,2,10
1400,d,3,d,d,4,3,0,8,s,10,19,3,0,d,0,21,s,0,s,2,d,1,d,d,s,1,0,1,2,10
I569,s,3,33,0,4,3,0,8,s,10,0,3,0,0,1,21,s,0,s,2,9,1,14,17,0,1,0,1,2,10
I570,s,3,33,0,4,3,0,8,s,10,0,3,0,0,1,21,s,0,s,2,9,1,14,17,0,1,0,1,2,10
I571,s,3,33,0,4,s,0,8,s,10,0,3,0,0,1,21,s,0,s,2,9,1,14,17,0,1,0,1,2,10
1295,s,3,33,0,d,s,0,8,s,10,0,d,d,d,1,21,s,0,s,2,d,1,14,17,0,s,d,1,d,10
1294,s,3,33,0,d,s,0,8,s,10,0,3,0,0,1,21,s,0,s,d,9,1,d,d,0,1,d,1,2,10
1353,s,3,d,0,4,3,0,d,s,10,2,3,0,0,d,d,s,0,s,2,d,1,14,17,0,d,31,1,2,10
I573,s,3,33,0,4,3,0,8,s,10,0,3,0,0,1,21,s,0,s,2,9,1,14,17,0,1,0,1,2,10
1551,s,3,33,d,4,3,s,8,s,10,0,3,0,0,d,21,s,0,s,2,9,1,14,17,2,1,9,1,2,10
1197,s,3,33,0,4,3,0,8,s,10,0,3,0,0,1,21,s,d,s,2,9,1,14,d,0,1,0,1,2,10
I576,0,0,0,2,0,3,0,8,s,0,0,0,14,0,0,21,s,0,s,2,9,0,14,0,0,0,0,0,0,13
I577,0,0,0,2,0,3,0,8,s,0,0,0,14,0,0,21,s,0,s,2,9,0,14,0,0,0,0,0,0,13
I578,0,0,0,2,0,3,0,8,s,0,0,0,14,0,0,21,s,0,s,2,9,0,14,0,0,0,0,0,0,13
I579,0,5,0,2,0,3,0,8,s,10,31,0,14,0,0,21,s,0,s,2,9,0,14,0,0,0,0,0,0,13
I580,0,5,0,2,0,3,0,8,s,10,31,0,14,0,0,21,s,0,s,2,9,0,14,0,0,0,0,0,0,13
1835,0,5,0,d,9,3,0,8,s,10,31,0,14,0,d,21,s,0,s,2,9,d,14,0,2,0,0,0,0,13
1671,0,5,0,2,d,3,0,8,s,10,31,0,14,0,0,21,s,0,s,2,9,0,14,0,0,0,0,0,0,d
I583,0,5,0,2,0,3,0,8,s,10,31,0,14,0,0,21,s,22,s,2,9,0,s,0,0,0,0,1,0,13
1949,0,5,0,d,0,3,0,8,s,10,31,0,14,0,d,21,s,22,s,2,9,d,s,0,0,0,0,1,0,13
I585,0,5,0,2,0,3,0,8,s,10,31,0,14,21,0,21,s,22,s,2,9,0,s,0,0,0,0,1,0,13
1749,0,5,d,d,0,3,0,8,s,10,31,0,14,21,0,21,s,22,s,2,9,0,s,0,d,0,0,1,0,13
1748,0,d,0,2,0,3,0,d,s,10,31,0,14,21,0,21,s,22,s,2,9,0,s,0,d,0,d,1,2,13
I586,0,0,0,2,0,3,0,8,s,0,0,0,14,s,0,21,s,0,s,2,9,0,14,0,0,1,0,0,0,13
1268,0,d,0,2,16,d,0,8,s,2,0,0,s,s,d,21,s,0,s,2,d,0,14,0,d,1,0,0,0,s
1340,0,0,0,2,0,3,0,8,s,0,0,0,d,s,0,21,s,0,s,2,9,d,s,0,0,1,d,0,d,13
I593,0,0,0,2,0,3,0,8,s,10,0,0,14,0,0,21,s,0,s,2,s,0,14,0,0,0,0,0,0,13
I594,0,0,10,2,0,3,0,8,s,10,0,0,14,0,0,21,s,3,s,2,s,0,14,0,s,0,0,0,0,13
I595,1,0,10,2,0,3,0,8,s,10,0,0,14,0,0,21,s,3,s,2,s,0,14,0,s,0,0,0,0,13
I596,1,0,10,2,0,3,0,8,s,10,0,3,14,0,1,21,s,3,s,2,s,0,14,0,s,0,0,0,0,s
1199,1,0,10,2,0,d,0,8,s,10,0,3,d,0,1,21,s,3,s,2,s,0,14,0,s,0,0,d,d,s
1198,1,d,10,2,0,3,0,8,s,10,0,3,14,0,1,21,s,3,s,2,s,0,14,0,s,0,0,0,0,s
I597,1,0,10,2,0,3,0,8,s,10,0,0,14,0,0,21,s,3,s,2,s,0,14,0,s,0,s,0,0,13
2010,1,0,10,2,0,3,0,8,s,s,0,3,14,0,0,21,s,3,s,2,s,0,14,0,s,0,s,0,0,13
2002,1,d,10,2,0,3,0,d,s,10,0,0,14,0,0,21,s,3,s,2,s,0,14,0,s,0,s,0,0,d
I600,0,0,10,2,0,3,0,8,s,10,0,0,14,0,0,21,s,3,s,2,s,0,14,0,s,0,0,0,0,13
I601,0,0,10,2,0,3,0,8,s,10,0,0,14,0,0,21,s,3,s,2,s,0,14,0,s,0,0,0,0,13
1217,0,0,10,d,0,3,0,8,s,s,0,3,14,8,0,21,s,d,s,2,s,d,14,0,s,0,0,0,0,13
1216,0,0,10,2,d,3,0,8,s,10,0,0,14,0,0,d,s,3,s,2,s,0,14,0,s,0,0,0,0,13
1326,0,0,10,2,0,3,0,8,s,10,d,0,14,0,0,21,s,d,s,2,s,0,14,17,s,0,0,1,2,13
I603,0,0,6,2,0,3,0,8,s,10,3,0,14,0,0,21,s,0,s,2,s,0,14,24,0,0,0,0,0,13
1418,0,d,d,2,16,3,0,8,s,10,3,0,14,0,0,21,s,0,s,2,s,0,14,24,s,0,0,0,2,13
I608,0,0,6,2,17,3,0,8,s,10,3,0,14,0,0,21,s,s,s,2,s,0,14,24,0,0,7,0,0,13
1207,0,0,6,2,17,d,2,8,s,10,3,d,14,0,0,21,s,s,s,d,s,0,14,24,0,0,7,0,0,13
1206,0,0,6,2,17,3,0,8,s,10,3,d,14,0,0,21,s,s,s,2,s,0,14,24,0,0,7,0,0,13
I610,0,26,0,2,0,3,0,8,s,0,0,0,14,0,s,21,s,0,s,2,9,0,14,0,0,0,0,0,0,13
I611,0,26,0,2,0,3,0,8,s,0,0,0,14,0,s,21,s,0,s,s,9,0,14,0,0,1,0,0,0,13
I612,0,26,0,2,0,3,0,8,s,0,0,0,14,0,s,21,s,0,s,s,9,0,14,0,0,1,4,0,0,13
1382,d,d,6,2,0,3,0,8,s,7,d,0,14,0,s,21,s,0,s,s,9,0,14,26,0,1,4,0,2,13
I616,0,26,0,2,0,3,0,8,s,0,0,0,14,0,s,21,s,0,s,s,9,0,14,0,0,1,4,1,0,13
1452,0,26,0,2,0,d,0,8,s,0,14,0,14,0,s,21,s,0,s,s,9,0,14,0,2,1,4,1,0,13
1533,0,d,d,2,d,3,0,8,s,0,0,3,d,0,s,21,s,26,s,s,9,1,14,0,0,1,s,1,0,13
I619,0,26,0,2,9,3,0,s,s,0,0,0,14,0,s,21,s,0,s,s,9,0,14,0,0,1,0,0,0,13
1460,0,26,0,2,9,3,d,s,s,0,0,0,14,11,s,d,s,19,s,s,9,0,14,26,0,d,1,0,0,13
I624,0,26,0,2,9,3,0,s,s,0,0,0,14,0,s,21,s,0,s,s,9,1,14,0,0,1,0,0,0,13
1325,0,26,0,d,d,3,0,s,s,0,0,0,14,0,s,21,s,0,s,s,9,1,14,0,0,1,d,0,0,13
1324,0,d,0,2,9,3,0,s,s,0,d,0,14,d,s,21,s,0,s,s,9,1,14,0,0,1,d,d,d,13
I626,0,26,0,2,0,3,0,8,s,9,0,0,14,0,s,21,s,0,s,2,9,0,14,0,0,0,0,1,0,13
I627,0,26,0,2,10,3,0,8,s,9,0,0,14,0,s,21,s,0,s,2,9,0,14,0,0,0,0,1,0,13
I628,0,26,0,2,10,3,17,8,s,9,0,0,14,0,s,21,s,0,s,2,9,0,14,0,0,0,2,1,0,13
1185,d,26,0,s,d,3,17,8,s,9,0,0,14,0,s,21,s,0,s,2,9,0,d,d,0,0,2,1,2,13
1316,d,26,0,d,10,d,17,8,s,9,0,d,14,s,s,21,s,0,s,2,9,0,14,d,d,1,2,1,2,13
1385,0,26,0,2,d,3,s,8,s,9,0,0,14,21,s,21,s,0,s,d,9,d,14,0,d,0,0,1,0,d
I634,0,26,0,2,0,3,0,8,s,9,0,0,14,0,s,21,s,0,s,2,9,0,14,0,0,1,0,1,0,13
I635,0,26,0,2,0,3,0,8,s,9,0,0,14,0,s,21,s,0,s,2,9,0,14,0,0,1,0,1,2,13
I636,0,26,0,2,0,3,0,8,s,9,0,0,14,0,s,s,s,0,s,2,9,1,14,0,1,1,0,1,2,13
1335,d,26,d,2,0,3,0,8,s,d,19,0,14,0,s,s,s,d,s,2,9,s,14,0,s,1,0,d,2,13
1334,d,26,0,2,0,3,0,s,s,9,0,0,14,21,s,s,s,d,s,d,9,1,14,0,1,1,0,1,2,d
1485,0,26,0,2,17,3,0,8,s,d,0,0,14,0,s,21,s,0,s,2,9,d,14,0,0,d,0,1,2,13
I639,0,26,8,2,0,3,0,8,s,9,0,0,14,0,s,21,s,0,s,2,9,0,14,0,0,1,0,1,s,13
1469,0,26,8,2,0,3,0,8,s,9,0,0,14,0,s,21,s,0,s,2,9,0,d,d,0,1,0,1,s,13
1468,0,d,8,2,0,3,0,8,s,9,19,0,14,0,s,21,s,0,s,2,9,0,14,0,0,1,0,d,s,13
I641,1,0,0,0,0,3,0,8,s,0,0,0,0,0,1,21,0,0,s,2,9,0,14,0,0,0,14,0,0,0
I642,1,0,0,0,0,3,0,8,s,0,0,0,0,0,1,21,0,0,s,2,9,0,14,0,0,0,14,0,2,0
I643,1,0,3,0,0,3,0,8,s,0,0,0,0,0,1,21,0,0,s,2,9,0,14,0,0,0,14,0,2,0
I644,1,0,3,0,0,3,0,8,s,0,0,0,0,0,1,21,0,0,s,2,9,0,14,0,2,0,14,0,2,0
I645,1,0,3,s,0,3,0,8,s,7,0,0,0,0,1,21,0,0,s,2,9,0,14,0,2,0,s,0,2,0
I646,1,0,3,s,0,3,0,8,s,7,3,0,0,0,1,21,0,14,s,2,9,0,14,0,2,0,s,0,s,0
1882,1,0,3,s,0,3,d,8,s,7,3,0,d,0,1,d,0,14,s,2,9,1,14,0,2,0,s,1,s,3
1861,1,0,d,s,0,3,0,8,s,7,3,d,0,d,1,21,0,14,s,2,9,2,14,0,2,1,s,0,s,d
I651,1,21,3,s,0,3,9,8,s,7,0,0,0,21,s,21,0,s,s,2,9,1,14,0,2,0,s,0,2,0
1559,1,21,3,s,0,3,d,8,s,7,0,0,0,21,s,d,0,s,s,2,9,1,14,0,2,0,s,0,2,0
1558,1,21,d,s,0,3,9,8,s,7,0,d,0,21,s,d,0,s,s,2,9,1,14,0,2,1,s,0,2,0
I652,1,0,3,0,0,3,0,8,s,0,0,0,0,0,1,21,0,0,s,2,9,0,14,0,2,0,14,0,2,0
1518,1,0,3,d,0,3,27,d,s,0,0,0,0,0,1,d,2,0,s,d,9,2,14,0,2,0,14,d,2,0
I656,1,4,3,0,0,3,0,8,s,0,0,0,0,0,1,21,0,0,s,2,9,0,14,4,2,0,14,0,2,0
1636,1,d,3,0,0,3,s,8,s,0,0,0,0,0,1,21,0,26,s,s,9,1,14,4,2,0,14,0,2,6
1700,1,d,3,d,0,s,0,8,s,0,0,0,0,d,1,21,13,d,s,d,9,d,d,4,2,0,14,0,2,0
I659,1,0,3,26,0,3,0,8,s,0,0,0,0,s,1,21,0,0,s,2,9,0,14,0,0,0,14,0,2,0
I660,1,0,3,26,0,3,0,8,s,0,0,0,0,s,1,21,0,0,s,2,9,0,14,0,2,0,14,0,2,0
I661,1,0,3,26,0,3,0,8,s,0,0,0,0,s,1,21,0,0,s,2,9,0,14,0,2,0,14,0,2,0
1229,1,0,3,26,0,3,0,d,s,0,0,0,0,s,1,21,0,0,s,2,d,d,d,0,2,0,14,0,s,0
1221,1,0,3,d,0,3,0,8,s,0,0,6,0,s,1,21,0,0,s,2,9,d,14,0,2,1,14,0,2,0
I664,1,0,3,26,0,3,0,8,s,0,3,0,0,s,1,21,0,0,s,2,9,0,14,0,2,0,14,0,2,0
1471,d,0,3,26,0,s,0,8,s,2,3,0,0,s,1,21,0,0,s,2,d,0,14,0,2,d,14,0,2,d
1402,1,0,3,26,0,d,0,8,s,0,3,0,0,s,d,21,0,0,s,2,9,d,14,17,2,0,14,0,2,0
I667,1,0,3,26,0,3,0,8,s,0,0,0,0,s,1,21,4,0,s,2,9,0,14,0,0,0,14,0,2,17
I668,1,0,3,26,0,3,0,8,s,0,0,0,0,s,1,21,4,0,s,2,9,s,14,0,0,0,14,0,2,17
1560,1,16,3,26,0,3,8,8,s,0,0,0,0,s,1,21,4,d,s,2,9,s,d,0,2,0,d,0,2,17
I670,1,0,3,26,0,3,0,8,s,0,0,s,0,s,1,21,4,0,s,2,9,s,14,0,0,0,14,0,2,17
1621,1,0,3,26,0,3,0,8,s,d,0,s,0,s,1,21,4,0,s,d,9,s,14,0,0,0,14,0,2,d
1620,d,0,3,26,0,d,0,8,s,0,0,s,0,s,1,21,4,28,s,2,9,s,14,0,d,d,14,0,2,17
I672,1,0,3,26,0,3,0,s,s,0,0,0,0,s,1,21,4,0,s,2,9,0,14,0,2,0,14,0,2,17
1631,d,d,3,26,0,d,0,s,s,0,0,0,0,s,1,21,4,d,s,2,9,0,14,0,2,0,14,0,2,17
1630,1,0,3,26,d,3,0,s,s,0,0,0,0,s,1,d,4,0,s,2,d,d,14,d,2,1,14,1,d,17
I674,1,0,0,0,0,3,0,8,s,0,0,0,0,11,1,21,0,0,s,2,9,0,14,0,0,0,14,0,2,0
I675,1,0,10,0,13,3,0,8,s,0,0,0,0,11,1,21,0,0,s,2,9,1,14,0,s,0,14,0,2,0
I676,1,14,10,0,13,3,0,8,s,0,0,0,0,11,1,21,0,0,s,2,9,1,14,0,s,0,14,0,2,0
I677,1,14,10,s,13,3,0,8,s,0,0,0,0,11,1,21,4,0,s,2,9,1,14,0,s,0,14,0,2,0
1541,s,14,10,s,13,3,0,d,s,0,0,3,0,11,d,21,4,d,s,2,9,d,14,0,s,0,14,0,2,0
1464,1,14,10,s,d,3,d,8,s,0,0,0,0,11,1,21,4,0,s,d,9,1,14,d,s,0,d,s,2,14
I680,1,14,10,0,13,3,0,8,s,0,0,0,0,11,1,21,0,0,s,2,9,1,14,0,s,0,14,0,2,0
I681,1,14,10,0,13,3,0,8,s,0,0,0,0,11,1,21,0,0,s,2,9,1,14,0,s,0,s,0,2,0
1297,d,d,10,0,13,3,0,8,s,0,0,0,0,11,d,21,0,0,s,2,9,1,14,0,s,0,s,0,2,0
1296,1,14,10,0,13,3,0,8,s,0,0,0,0,11,1,21,3,0,s,2,9,1,14,0,s,0,s,0,2,d
1134,1,14,10,0,s,3,d,8,s,0,0,6,0,11,d,21,1,d,s,2,d,1,14,0,s,0,14,d,2,0
I683,1,0,10,s,13,3,0,8,s,0,0,0,0,11,1,21,0,9,s,2,9,1,14,0,s,0,14,0,2,0
I684,1,0,10,s,13,3,0,8,s,0,0,0,0,11,1,21,0,9,s,2,9,1,14,0,s,0,14,1,2,0
1855,1,0,10,s,13,3,0,d,s,0,0,0,0,d,1,21,d,9,s,d,9,1,s,0,s,0,14,1,d,0
I686,1,0,10,s,13,3,0,8,s,0,19,0,23,11,1,21,0,9,s,2,9,1,14,0,s,0,14,1,2,0
1795,d,0,10,s,13,d,0,8,s,0,19,0,23,d,1,21,0,9,s,2,9,1,14,0,s,0,14,1,2,0
1794,1,0,10,s,13,3,0,8,s,0,19,0,d,d,d,21,0,9,s,2,9,1,14,0,s,0,14,1,2,0
1526,1,0,10,s,13,d,d,8,s,0,0,3,0,11,1,21,0,9,s,d,d,1,14,0,s,d,14,1,2,1
I690,1,0,0,0,0,3,0,8,s,0,0,0,0,11,1,21,1,0,s,2,9,0,14,0,0,0,14,0,2,0
I691,1,17,0,0,0,3,0,8,s,0,0,0,0,11,1,21,1,0,s,2,9,0,14,0,0,0,14,0,2,0
1188,1,17,s,0,d,d,9,8,s,0,0,d,0,d,1,21,1,0,s,d,9,0,14,0,0,0,14,d,2,d
I695,s,17,0,0,0,3,0,8,s,0,0,0,0,11,1,21,1,0,s,2,9,0,14,0,0,0,14,0,2,4
I696,s,17,0,0,0,3,0,8,s,0,0,0,0,11,1,21,1,0,s,2,9,0,14,0,0,0,14,0,2,4
1463,s,17,0,0,d,3,0,8,s,0,d,0,0,11,1,21,1,0,s,2,d,d,14,0,0,0,14,0,2,d
1462,s,17,0,0,0,3,0,8,s,d,d,0,23,11,1,21,d,0,s,2,d,0,d,0,0,0,14,0,d,d
I697,s,17,33,0,9,3,0,8,s,0,0,0,0,11,1,21,1,0,s,s,9,0,14,0,0,s,14,1,2,4
1511,s,17,33,34,d,d,d,8,s,0,0,0,0,11,1,21,1,0,s,s,9,0,14,0,0,s,14,1,2,4
1510,s,17,d,0,d,3,0,d,s,0,0,0,0,11,1,21,1,0,s,s,d,0,14,0,0,s,14,1,2,d
I698,1,0,0,0,0,3,0,8,s,0,0,0,0,11,1,21,1,0,s,2,9,0,14,0,0,0,14,0,2,0
I699,1,0,0,0,0,3,31,8,s,0,0,0,0,11,1,21,1,0,s,2,9,0,14,0,2,0,14,0,2,0
1356,d,0,0,d,0,3,31,8,s,0,d,0,0,11,1,d,1,d,s,2,9,s,14,1,2,0,14,0,d,0
I701,1,0,0,0,0,3,31,8,s,0,0,0,0,11,1,s,1,0,s,2,9,0,14,0,2,0,14,0,2,0
1275,d,0,0,0,0,3,31,d,s,0,d,0,0,11,1,s,1,0,s,d,9,0,14,0,2,0,14,0,2,0
1274,1,0,0,0,0,3,31,8,s,0,s,0,0,11,1,s,1,0,s,2,9,0,14,0,2,0,14,0,2,0
I702,1,0,0,0,13,3,0,8,s,0,0,5,0,11,1,21,1,0,s,2,s,0,14,0,0,0,14,0,2,0
1306,1,0,0,0,13,3,0,8,s,0,0,d,0,d,d,d,1,d,s,2,s,0,14,d,0,s,14,d,2,0
1270,1,0,0,0,13,3,0,8,s,0,d,d,0,11,1,21,1,0,s,2,s,d,14,0,0,0,14,0,d,0
I705,1,0,0,0,0,3,0,8,s,0,0,4,0,s,1,21,0,0,s,2,9,1,14,0,0,0,14,0,0,0
I706,1,0,0,0,10,3,42,8,s,0,0,4,0,s,1,21,0,0,s,2,9,1,14,s,0,0,14,1,0,10
I707,1,0,0,0,10,3,42,8,s,0,0,4,0,s,1,21,0,0,s,2,9,1,14,s,0,0,14,1,0,10
I708,1,0,0,0,10,3,42,8,s,0,0,4,0,s,1,21,0,0,s,2,9,1,14,s,0,0,14,1,0,10
1554,1,0,0,0,10,3,42,8,s,0,0,4,6,s,1,21,0,0,s,2,9,1,14,s,0,0,d,1,0,10
I712,1,0,0,0,10,3,s,8,s,s,0,4,0,s,1,21,0,0,s,2,9,1,14,s,0,0,14,1,3,10
1387,1,0,0,0,d,3,s,8,s,s,5,s,d,s,1,21,0,0,s,2,d,1,14,s,0,1,14,1,3,10
1672,1,0,0,0,10,3,s,8,s,s,0,4,6,s,1,21,0,0,s,2,9,1,14,s,0,0,14,d,3,10
I715,1,0,0,0,10,3,42,8,s,0,0,4,0,s,1,21,3,0,s,2,9,1,14,s,2,0,14,1,s,10
I716,1,0,0,0,10,3,42,8,s,7,0,4,0,s,1,21,3,0,s,2,9,1,14,s,2,0,14,1,s,10
I717,1,0,0,0,10,3,42,8,s,7,0,4,0,s,1,21,3,0,s,2,9,1,14,s,2,0,14,1,s,10
1723,1,0,0,0,10,3,42,8,s,7,0,4,d,s,1,21,3,0,s,d,9,1,14,s,2,0,d,1,s,10
1722,1,0,0,0,10,3,42,8,s,7,0,4,0,s,1,21,3,0,s,2,9,1,14,s,2,0,14,1,s,10
1816,1,d,0,7,10,3,42,d,s,7,0,4,0,s,d,21,3,24,s,2,9,1,14,s,2,0,14,1,s,10
1856,1,0,13,0,10,d,42,8,s,0,0,4,0,s,d,21,3,0,s,2,9,1,14,s,d,0,d,d,s,10
I722,1,0,0,0,10,3,42,8,s,0,0,4,0,s,1,21,0,0,s,2,9,1,14,s,0,0,14,1,0,10
I723,1,0,0,0,s,3,42,8,s,0,0,4,0,s,1,21,0,0,s,2,9,1,14,s,0,0,14,1,0,10
I726,1,0,0,0,s,3,42,8,s,0,0,4,0,s,1,21,0,0,s,2,9,1,14,s,2,0,14,1,0,10
1647,d,0,0,0,s,3,42,8,s,0,d,4,d,s,1,21,0,0,s,2,9,1,14,s,2,0,14,1,d,d
1646,d,0,d,0,s,3,42,8,s,0,0,4,0,s,1,21,0,0,s,2,9,d,14,s,2,0,14,1,0,10
I727,1,s,0,0,s,3,42,8,s,4,0,4,3,s,1,21,0,0,s,2,9,1,14,s,0,0,14,1,0,10
1947,1,s,0,0,s,3,42,8,s,4,d,4,3,s,1,21,0,1,s,2,d,1,14,s,2,0,d,1,d,10
2034,1,s,0,0,s,3,42,8,s,d,0,4,3,s,1,21,0,0,s,2,9,1,14,s,0,0,14,d,0,10
I734,1,17,0,37,10,3,42,8,s,0,0,s,0,s,1,21,0,2,s,2,9,1,14,s,0,0,14,1,0,10
I735,1,17,0,37,10,3,42,8,s,0,0,s,0,s,1,21,0,2,s,2,9,1,14,s,0,0,s,1,0,10
1989,1,17,0,d,10,d,42,8,s,0,d,s,d,s,d,21,0,2,s,2,d,1,14,s,0,d,s,1,0,d
1988,d,17,d,37,10,3,42,d,s,0,0,s,0,s,1,21,0,2,s,2,9,1,14,s,d,0,s,1,0,10
I736,1,17,0,37,10,3,42,8,s,0,0,s,0,s,1,21,0,2,s,2,9,1,14,s,2,0,14,1,0,10
2019,1,17,0,d,10,3,42,8,s,0,0,s,0,s,1,21,d,2,s,2,9,d,d,s,2,0,d,1,d,10
2018,1,17,0,37,10,3,42,8,s,0,0,s,0,s,1,21,d,2,s,2,9,1,d,s,2,0,d,1,0,10
I737,1,0,0,0,0,3,17,8,s,0,0,4,0,s,1,21,0,0,s,2,9,1,14,0,0,1,14,0,0,0
I738,1,0,17,0,0,3,17,8,s,0,0,4,0,s,1,21,0,0,s,2,9,1,14,0,0,1,14,0,0,0
I739,1,0,17,0,0,3,17,8,s,0,0,4,0,s,1,21,0,0,s,2,9,1,14,0,0,1,14,0,0,0
1437,1,d,17,0,13,3,17,8,s,0,0,4,18,s,1,21,0,0,s,2,9,1,14,0,0,1,14,0,0,d
I743,1,0,17,0,0,3,17,8,s,0,0,4,0,s,1,21,0,0,s,2,9,1,14,0,0,1,14,0,0,4
1589,1,0,17,0,0,3,17,d,s,4,0,4,d,s,1,21,6,0,s,2,9,1,14,0,0,d,14,1,0,4
I745,1,0,17,0,0,3,17,8,s,0,0,4,0,s,1,21,0,0,s,2,9,1,14,0,0,1,14,0,0,4
1367,1,0,d,0,0,3,17,8,s,0,31,4,0,s,1,d,0,0,s,2,9,s,d,d,0,1,14,0,0,4
1366,1,0,17,s,s,3,17,d,s,0,d,4,0,s,1,21,0,0,s,2,9,1,14,31,0,1,d,0,2,d
I746,1,0,17,0,0,3,17,8,s,0,0,4,0,s,1,21,0,0,s,2,9,1,14,0,0,1,14,0,0,0
I748,1,s,17,26,0,3,17,8,s,0,0,4,0,s,1,21,0,0,s,2,9,1,14,0,0,1,14,0,2,0
1497,1,s,17,26,0,3,17,8,s,d,0,d,0,s,1,21,0,0,s,2,9,1,14,0,0,1,14,0,2,d
1496,1,s,d,26,d,d,17,8,s,0,d,4,0,s,1,21,0,0,s,2,9,1,14,d,0,1,14,0,2,0
I750,1,0,17,0,0,3,17,8,s,0,0,4,8,s,1,21,0,0,s,2,9,1,14,2,0,1,14,0,0,0
1363,1,d,d,0,0,3,17,8,s,0,0,d,8,s,d,21,0,0,s,2,9,1,d,2,0,1,14,0,0,0
I752,1,0,17,0,s,3,17,8,s,0,0,4,8,s,1,21,0,0,s,2,9,1,14,2,0,1,14,0,0,0
1105,1,0,17,0,s,3,d,8,s,0,d,4,8,s,1,21,0,0,s,2,s,1,14,d,0,d,14,0,0,0
1104,1,0,17,d,s,3,17,8,s,0,0,4,8,s,1,21,0,0,s,2,9,1,14,2,0,1,14,0,0,0
I753,1,0,0,0,0,3,17,8,s,0,0,4,0,s,1,21,0,0,s,s,9,1,14,12,0,1,14,0,0,0
I754,1,0,0,0,0,3,17,8,s,0,0,s,0,s,1,21,0,0,s,s,9,1,14,12,2,1,14,0,0,0
I755,1,0,0,0,1,3,17,8,s,0,0,s,0,s,1,21,0,0,s,s,9,1,14,12,2,1,14,0,0,0
I756,1,0,0,0,1,3,17,8,s,0,0,s,14,s,1,21,0,0,s,s,9,1,14,12,s,1,14,0,0,0
1215,1,0,d,d,1,3,d,8,s,0,0,s,d,s,1,21,0,3,s,s,9,1,14,12,s,d,14,0,0,0
1214,1,0,0,0,1,3,17,8,s,0,0,s,14,s,1,21,0,0,s,s,9,1,14,12,s,1,d,0,3,0
I757,1,0,0,0,1,3,17,8,s,0,0,s,0,s,1,21,0,0,s,s,9,1,14,12,2,1,14,0,0,0
1171,1,0,0,0,1,3,17,8,s,0,0,s,0,s,1,d,0,d,s,s,d,1,14,12,d,1,d,d,0,d
1170,1,d,0,0,1,3,d,8,s,0,2,s,0,s,1,21,d,d,s,s,9,1,14,12,2,1,14,0,2,0
I758,1,0,28,7,0,3,17,8,s,0,0,s,0,s,1,21,0,0,s,s,9,1,14,12,2,1,14,0,0,0
1205,1,0,28,7,0,3,17,d,s,0,0,s,d,s,1,21,0,0,s,s,9,d,14,12,2,1,14,0,0,d
1235,1,0,28,7,0,3,17,8,s,6,0,s,0,s,1,21,13,17,s,s,9,d,14,12,2,1,d,0,2,d
I761,1,7,0,0,0,3,17,8,s,0,0,4,0,s,1,21,0,0,s,s,9,1,14,12,0,1,14,0,0,0
I764,1,7,0,0,0,3,17,8,s,0,0,4,0,s,1,21,0,22,s,s,9,1,14,12,2,1,14,0,0,s
1063,1,7,0,0,0,3,17,8,s,0,0,4,0,s,1,21,0,22,s,s,9,d,14,d,2,d,14,0,d,s
1062,1,d,12,0,0,3,17,8,s,0,0,4,d,s,d,21,0,22,s,s,9,1,d,12,2,1,14,0,0,s
1131,1,7,s,0,d,3,17,8,s,d,4,4,14,s,1,d,0,0,s,s,9,1,14,12,2,1,d,0,0,0
I768,0,0,0,0,13,3,0,0,s,0,0,0,0,0,0,21,0,0,s,s,0,0,14,0,0,0,s,0,0,0
I769,s,0,0,0,13,3,0,0,s,0,0,3,0,0,1,21,0,0,s,s,0,0,14,8,0,0,s,0,3,0
I770,s,s,0,0,13,3,41,0,s,0,0,3,0,0,1,21,0,0,s,s,0,0,14,8,0,0,s,0,3,4
I771,s,s,0,0,13,3,41,0,s,0,0,3,0,0,1,21,13,0,s,s,0,0,14,8,2,0,s,0,3,4
I772,s,s,0,0,13,3,41,0,s,0,0,3,0,0,1,21,13,0,s,s,s,0,14,8,2,0,s,0,3,4
I773,s,s,0,0,13,3,41,0,s,2,32,3,0,0,1,21,13,0,s,s,s,0,14,8,2,0,s,0,3,4
I774,s,s,0,s,13,3,41,11,s,2,32,3,0,0,1,21,13,0,s,s,s,0,14,8,2,0,s,0,3,4
1870,s,s,0,s,13,3,d,d,s,d,32,3,0,0,1,d,13,0,s,s,s,d,14,8,d,0,s,0,3,4
1954,s,s,d,s,13,3,41,11,s,2,32,3,d,0,1,21,d,0,s,s,s,0,14,8,2,0,s,0,3,4
I777,s,s,0,0,13,3,41,0,s,2,32,3,0,0,1,21,13,0,s,s,s,0,14,8,2,1,s,0,3,4
I778,s,s,0,0,13,3,41,0,s,2,32,3,0,0,1,21,13,0,s,s,s,0,14,8,2,1,s,0,3,4
1225,s,s,d,0,13,3,41,0,s,2,32,3,0,0,d,21,d,0,s,s,s,0,14,8,2,1,s,0,3,4
1224,s,s,d,0,d,3,41,0,s,2,32,3,0,d,d,21,13,d,s,s,s,0,14,8,2,1,s,0,3,4
1641,s,s,0,s,d,3,d,2,s,2,32,3,0,21,1,21,13,0,s,s,s,0,14,8,2,1,s,0,3,4
I780,s,s,0,0,13,3,41,0,s,0,21,3,0,0,1,21,13,0,s,s,s,0,14,8,2,0,s,0,3,4
I781,s,s,0,0,13,3,41,0,s,0,21,3,0,0,1,21,13,0,s,s,s,1,14,8,2,0,s,0,3,4
1431,s,s,3,0,d,3,41,0,s,0,21,d,0,0,1,21,13,0,s,s,s,1,14,8,d,0,s,d,3,4
1360,s,s,0,6,d,3,41,0,s,0,21,3,0,d,1,21,d,0,s,s,s,1,d,8,2,1,s,0,3,4
I784,s,s,0,0,13,3,41,6,s,0,21,3,0,0,s,s,13,0,s,s,s,0,14,8,2,0,s,0,3,4
I785,s,s,0,0,13,3,41,6,s,0,21,3,3,5,s,s,13,0,s,s,s,1,14,8,2,0,s,0,3,4
1623,s,s,0,0,13,3,41,6,s,0,21,3,3,5,s,s,13,0,s,s,s,1,14,8,2,0,s,0,3,4
1622,s,s,d,0,13,3,d,6,s,0,d,3,3,5,s,s,13,0,s,s,s,1,14,8,2,0,s,0,3,4
1697,s,s,0,0,13,3,41,6,s,d,21,3,14,0,s,s,13,19,s,s,s,d,d,8,2,0,s,d,3,4
I787,s,s,0,0,13,3,41,0,s,0,0,3,0,0,1,21,13,0,s,s,0,0,14,8,2,0,s,0,3,4
I789,s,s,0,0,13,3,41,0,s,0,0,3,1,0,1,21,13,0,s,s,0,0,14,8,2,0,s,0,3,4
1998,s,s,0,0,13,3,d,0,s,d,0,3,1,0,1,21,13,d,s,s,0,0,14,8,2,0,s,0,3,4
998,s,s,10,0,13,3,41,0,s,0,19,3,1,11,1,21,13,0,s,s,0,1,14,8,2,0,s,d,3,4
I794,s,s,0,0,13,3,41,0,s,0,30,3,0,0,1,21,13,18,s,s,0,0,14,8,2,1,s,0,3,4
1021,s,s,0,0,13,3,41,11,s,0,s,3,0,8,1,21,13,18,s,s,0,1,14,8,2,d,s,0,d,4
I798,s,s,0,s,13,3,41,0,s,0,30,3,0,0,1,21,13,s,s,s,s,0,14,8,2,1,s,0,3,4
1939,s,s,0,s,13,3,41,d,s,0,30,3,0,0,1,21,13,s,s,s,s,0,14,8,2,1,s,0,3,4
1938,s,s,0,s,13,3,41,0,s,d,30,3,0,d,1,d,13,s,s,s,s,0,14,8,2,1,s,0,3,d
I799,s,s,0,0,13,3,s,0,s,0,0,3,0,0,1,21,1,0,s,s,0,0,s,8,0,0,s,0,3,4
I800,s,s,0,0,13,3,s,0,s,0,0,3,0,0,1,21,1,0,s,s,7,0,s,8,0,0,s,0,3,4
I802,s,s,0,0,13,s,s,2,s,3,29,3,14,0,1,21,1,0,s,s,7,s,s,8,0,0,s,1,3,4
I803,s,s,0,0,13,s,s,2,s,3,29,3,14,0,1,21,1,0,s,s,7,s,s,8,0,0,s,1,3,4
1845,s,s,0,d,13,s,s,2,s,3,29,3,14,0,1,21,1,0,s,s,7,s,s,8,0,0,s,1,d,4
1844,s,s,d,0,d,s,s,2,s,3,29,3,14,0,1,21,1,0,s,s,7,s,s,8,0,d,s,1,3,4
I804,s,s,0,0,13,s,s,2,s,3,29,3,14,0,1,21,1,0,s,s,7,s,s,8,0,0,s,1,3,4
1775,s,s,0,d,13,s,s,2,s,3,29,3,14,0,1,21,1,0,s,s,7,s,s,8,0,0,s,1,3,s
1774,s,s,0,0,13,s,s,2,s,3,29,3,14,0,1,21,1,0,s,s,7,s,s,8,0,d,s,1,3,4
I808,s,s,0,0,s,3,s,0,s,0,0,3,0,0,1,21,1,0,s,s,7,0,s,8,0,0,s,0,3,4
I809,s,s,0,0,s,3,s,0,s,0,0,3,2,0,1,21,1,0,s,s,7,0,s,8,0,0,s,0,3,4
I810,s,s,0,0,s,3,s,0,s,0,0,3,2,11,1,21,1,0,s,s,7,0,s,8,0,0,s,0,3,4
1813,s,s,0,0,s,3,s,0,s,d,0,3,2,11,1,d,1,0,s,s,7,d,s,8,d,0,s,0,3,4
1812,s,s,10,0,s,3,s,0,s,d,0,3,2,11,1,d,1,0,s,s,7,0,s,8,0,0,s,0,3,4
1823,s,s,36,d,s,3,s,0,s,0,d,3,2,21,1,21,1,0,s,s,d,d,s,8,0,d,s,0,3,4
1925,s,s,0,0,s,3,s,s,s,0,0,3,0,0,1,21,1,10,s,s,s,0,s,8,0,1,s,d,3,d
I815,s,s,0,18,13,3,s,0,s,0,0,3,0,0,1,21,1,0,s,s,0,0,s,8,0,0,s,0,3,4
I816,s,s,0,18,13,3,s,0,s,0,0,3,0,3,1,21,1,0,s,s,0,0,s,8,2,0,s,0,3,4
I817,s,s,0,s,13,3,s,0,s,0,0,3,0,3,1,21,1,0,s,s,0,0,s,8,2,0,s,0,3,4
I818,s,s,0,s,13,s,s,0,s,0,0,3,1,3,1,21,1,26,s,s,0,0,s,8,2,0,s,0,3,4
1919,s,s,0,s,13,s,s,d,s,0,0,3,d,3,1,d,1,26,s,s,0,d,s,8,2,0,s,0,3,4
1918,s,s,d,s,13,s,s,d,s,0,0,d,1,d,1,21,1,26,s,s,0,0,s,8,2,0,s,0,d,4
I819,s,s,0,s,13,3,s,0,s,7,2,3,0,3,1,21,1,0,s,s,0,1,s,8,2,1,s,0,3,4
2027,s,s,0,s,13,3,s,0,s,7,2,3,d,3,1,21,1,d,s,s,0,1,s,8,2,1,s,d,3,4
2026,s,s,0,s,13,3,s,0,s,7,2,3,0,3,1,21,1,0,s,s,0,1,s,d,2,1,s,d,3,4
1966,s,s,3,18,13,3,s,0,s,d,0,s,0,3,1,d,1,0,s,s,0,d,s,8,2,1,s,0,d,4
I823,s,s,0,18,13,3,s,0,s,0,0,3,0,0,s,21,1,22,s,s,0,0,s,8,0,0,s,0,3,4
I824,s,s,0,18,13,3,s,0,s,0,0,3,0,0,s,21,1,22,s,s,0,0,s,8,0,0,s,0,3,4
I825,s,s,0,18,13,3,s,0,s,4,0,3,0,3,s,21,1,22,s,s,0,0,s,8,0,0,s,0,3,4
1459,s,s,0,18,13,3,s,11,s,4,0,d,0,d,s,21,1,22,s,s,0,0,s,8,0,0,s,0,3,4
1458,s,s,0,18,13,3,s,0,s,4,0,3,0,3,s,21,1,22,s,s,0,1,s,8,0,0,s,d,d,4
1534,s,s,0,18,13,3,s,0,s,0,0,3,0,0,s,21,1,d,s,s,0,0,s,8,0,1,s,0,3,4
1707,s,s,0,s,13,3,s,0,s,0,25,3,0,d,s,21,1,22,s,s,0,0,s,8,0,1,s,d,3,4
I830,s,0,0,0,13,3,0,0,s,0,0,3,0,0,1,21,0,0,s,s,0,0,14,8,0,1,s,0,3,0
I831,s,0,26,0,13,3,0,0,s,0,0,3,0,0,1,21,0,0,s,s,0,0,14,8,2,1,s,0,3,0
I832,s,0,26,0,13,3,0,0,s,0,0,3,0,0,1,21,0,0,s,s,0,1,14,8,2,1,s,0,3,0
I833,s,0,26,0,13,3,0,0,s,0,0,3,0,0,1,21,0,0,s,s,7,1,14,8,2,1,s,0,3,0
I834,s,0,26,0,13,3,27,0,s,0,0,3,14,0,1,21,0,0,s,s,7,1,14,8,2,1,s,1,s,0
I835,s,0,26,0,13,3,27,0,s,0,0,3,14,0,1,21,0,0,s,s,7,1,14,8,2,1,s,1,s,0
1515,s,0,26,d,13,3,27,0,s,0,0,3,14,0,1,21,0,0,s,s,7,1,14,d,d,1,s,1,s,0
1514,s,0,26,0,13,3,27,0,s,d,d,3,d,0,1,21,0,0,s,s,7,1,d,8,2,1,s,1,s,0
1687,s,0,26,26,13,d,27,0,s,0,5,3,d,d,1,21,0,d,s,s,7,1,14,d,2,1,s,1,s,18
1678,s,0,26,19,13,3,0,0,s,0,0,3,15,0,1,s,0,0,s,s,7,d,14,8,2,s,s,d,3,0
I840,s,0,26,0,13,3,s,0,s,0,0,3,0,3,1,21,0,0,s,s,0,1,14,8,2,1,s,0,3,0
I842,s,0,26,0,13,3,s,0,s,6,30,3,0,3,1,21,5,22,s,s,0,1,14,8,2,1,s,0,3,0
1677,s,0,26,d,13,3,s,0,s,d,30,3,0,d,1,21,5,22,s,s,0,1,d,8,2,1,s,0,3,0
1676,s,0,26,0,13,3,s,0,s,6,30,3,d,3,d,21,5,22,s,s,d,1,14,8,2,1,s,0,3,0
I846,s,0,26,0,13,3,s,0,s,0,0,3,0,3,1,21,0,25,s,s,0,1,14,8,2,1,s,0,s,0
1681,s,d,26,0,13,3,s,0,s,0,d,3,d,3,1,d,0,25,s,s,0,1,14,8,2,1,s,0,s,0
1680,s,0,26,0,13,3,s,0,s,0,0,3,0,3,1,21,0,25,s,s,0,1,14,8,2,1,s,0,s,0
I847,s,0,26,0,13,3,0,0,s,0,0,3,0,0,1,21,0,0,s,s,0,0,14,8,2,1,s,0,3,0
I848,s,4,26,0,13,3,0,9,s,0,0,3,0,0,1,21,0,0,s,s,0,0,14,8,2,1,s,0,3,0
1776,s,d,26,16,13,3,0,9,s,0,2,3,0,0,d,21,1,0,s,s,0,0,14,8,2,1,s,0,d,0
1569,s,4,26,0,13,3,d,9,s,0,0,d,0,7,1,21,0,0,s,s,7,0,14,8,2,1,s,d,3,0
I855,s,0,26,0,13,3,0,0,s,0,0,3,0,0,1,21,0,0,s,s,0,0,14,8,2,1,s,0,3,0
1767,s,0,26,d,13,d,s,0,s,d,0,3,0,0,d,21,0,d,s,s,0,1,14,8,2,1,s,0,3,0
I859,s,0,26,0,13,3,42,0,s,0,3,3,0,0,1,21,0,0,s,s,0,0,14,8,2,1,s,0,3,0
I860,s,0,26,0,13,3,42,0,s,0,3,3,1,0,1,21,13,0,s,s,0,0,14,8,2,1,s,0,3,0
1757,s,0,26,0,13,3,42,d,s,0,3,3,1,0,1,21,13,0,s,s,0,d,14,8,2,1,s,d,3,0
1756,s,0,26,0,d,3,42,0,s,0,3,d,1,0,1,d,13,0,s,s,s,0,14,d,d,1,s,0,d,0
I861,s,0,26,0,13,3,s,0,s,0,3,3,0,0,1,21,0,0,s,s,7,0,14,8,2,1,s,0,3,0
1571,s,0,26,d,13,3,s,0,s,0,d,3,0,0,d,d,0,0,s,s,d,0,14,d,2,1,s,d,3,0
1570,s,0,26,0,13,3,s,0,s,0,d,3,d,0,1,21,0,0,s,s,7,d,14,8,2,d,s,d,3,0
I862,s,0,0,0,13,3,0,11,s,0,0,3,0,8,1,21,0,0,s,s,0,0,14,8,0,1,s,1,3,0
I863,s,0,0,0,13,3,0,11,s,0,0,3,19,8,1,21,0,0,s,s,0,0,14,8,6,1,s,1,3,0
I864,s,0,0,0,13,3,0,11,s,0,0,3,19,8,1,21,0,0,s,s,5,0,14,8,6,1,s,1,3,0
I865,s,0,0,0,13,3,0,11,s,0,0,3,19,8,1,21,0,0,s,s,5,0,14,8,6,1,s,1,3,6
1245,s,0,d,0,13,3,d,11,s,d,0,3,19,d,1,21,0,d,s,s,5,0,14,8,6,1,s,1,3,6
1265,s,0,0,0,13,3,0,11,s,0,0,d,d,d,d,21,11,s,s,s,5,0,14,8,d,1,s,1,3,6
I868,s,0,0,0,13,3,0,11,s,0,0,3,19,8,1,21,0,17,s,s,5,0,14,8,6,1,s,1,3,3
I869,s,0,0,0,13,3,0,11,s,0,0,3,19,8,1,21,0,17,s,s,5,1,14,8,6,1,s,1,3,3
1117,s,0,0,0,13,d,1,11,s,0,21,3,19,8,1,21,0,d,s,s,5,1,d,8,6,1,s,d,3,d
1116,s,0,0,0,13,3,0,11,s,d,0,3,d,8,1,21,0,17,s,s,5,1,14,8,6,1,s,1,3,3
1122,s,10,0,0,d,3,0,d,s,0,0,3,d,s,1,21,0,17,s,s,5,0,14,8,6,1,s,1,3,3
I871,s,0,12,0,13,3,0,11,s,0,0,3,19,8,1,21,0,0,s,s,0,0,14,8,6,1,s,1,3,0
1423,s,5,12,0,13,3,s,d,s,7,0,3,19,8,1,21,s,0,s,s,3,0,14,8,6,1,s,1,3,0
I875,s,0,12,0,13,3,31,11,s,12,0,3,19,8,1,21,0,0,s,s,s,0,14,8,6,1,s,1,3,0
1811,s,0,12,0,13,3,31,11,s,12,d,3,19,8,d,21,0,0,s,s,s,0,14,8,6,1,s,1,3,d
1758,s,1,12,0,d,3,31,11,s,12,0,d,d,8,1,21,0,0,s,s,s,0,14,8,6,s,s,1,d,0
I878,s,18,0,0,13,3,0,11,s,4,0,3,0,8,1,21,0,0,s,s,s,0,14,8,0,1,s,1,3,0
I879,s,18,3,42,13,3,0,11,s,4,s,3,0,8,1,21,s,0,s,s,s,0,14,8,0,1,s,1,3,0
I880,s,18,3,42,13,3,0,11,s,4,s,3,0,8,1,21,s,0,s,s,s,0,14,8,2,1,s,1,3,0
1760,s,18,3,42,d,3,0,d,s,4,s,3,0,8,d,21,s,0,s,s,s,0,14,8,2,1,s,1,3,0
1739,s,d,3,42,13,3,d,11,s,4,s,3,0,8,1,21,s,0,s,s,s,0,14,8,2,d,s,1,3,0
I883,s,18,3,42,13,3,0,11,s,4,s,3,0,8,1,21,s,0,s,s,s,0,14,8,0,1,s,1,3,0
1846,s,18,3,42,d,d,0,11,s,4,s,3,0,8,1,21,s,d,s,s,s,0,d,8,0,1,s,1,3,0
1922,s,18,3,42,13,3,0,11,s,4,s,3,0,8,1,21,s,10,s,s,s,0,d,8,0,1,s,d,3,0
I886,s,18,0,0,13,3,s,11,s,4,0,3,0,8,1,21,0,0,s,s,s,0,14,8,0,1,s,1,3,0
I888,s,18,19,0,13,3,s,11,s,4,0,3,0,8,1,21,0,0,s,s,s,1,14,8,0,1,s,1,3,0
1597,s,18,19,0,13,3,s,11,s,4,0,d,d,d,d,21,d,0,s,s,s,d,14,8,0,1,s,1,3,0
1596,s,18,19,0,13,3,s,d,s,4,0,3,0,8,d,d,0,d,s,s,s,1,14,8,0,d,s,1,d,0
I890,s,18,0,0,13,3,s,11,s,4,0,3,0,8,1,21,0,0,s,s,s,0,14,8,0,1,s,1,3,0
1869,s,d,0,0,d,3,s,11,s,4,0,3,0,8,d,d,0,0,s,s,s,1,14,8,d,1,s,1,3,0
I892,s,18,0,0,13,3,s,11,s,4,0,3,0,8,1,21,0,s,s,s,s,1,14,8,2,1,s,1,3,0
1827,s,18,0,0,13,3,s,11,s,4,0,3,d,8,d,21,0,s,s,s,s,1,d,8,2,1,s,1,d,d
1826,s,18,0,d,13,3,s,11,s,4,d,3,0,8,1,21,0,s,s,s,s,1,14,8,2,1,s,1,3,0
I893,0,0,0,0,13,3,0,0,s,0,0,0,0,0,0,21,0,0,s,s,0,0,14,0,0,0,s,0,3,0
I894,0,0,0,0,13,3,0,0,s,0,30,0,0,0,0,21,s,0,s,s,0,0,14,0,0,0,s,0,3,0
I895,0,0,0,0,13,3,1,6,s,7,30,0,0,11,0,21,s,0,s,s,0,0,14,0,0,0,s,0,3,0
I896,0,0,0,0,13,3,1,6,s,7,30,0,18,11,0,21,s,0,s,s,0,0,14,0,0,0,s,0,3,0
I901,0,0,0,0,13,3,1,6,s,7,30,0,18,11,0,21,s,0,s,s,0,1,14,0,0,0,s,0,3,0
I902,s,0,0,0,13,3,1,6,s,7,30,0,18,11,0,21,s,0,s,s,0,1,14,0,0,0,s,0,3,0
1243,s,0,0,0,d,3,1,6,s,7,30,0,18,11,1,21,s,0,s,s,d,1,14,0,0,0,s,0,3,0
1242,s,0,d,0,13,3,d,6,s,7,30,0,18,11,0,21,s,d,s,s,0,1,14,d,0,0,s,0,3,0
1328,0,0,6,d,13,3,1,6,s,7,d,0,18,d,1,21,s,0,s,s,0,1,14,24,0,d,s,d,3,0
I908,0,14,0,0,13,3,1,6,s,7,30,1,18,11,0,21,s,0,s,s,0,0,14,20,0,0,s,0,3,0
1781,0,14,0,0,13,d,1,6,s,7,30,1,18,d,0,21,s,3,s,s,0,0,14,20,0,0,s,0,3,0
1736,0,14,0,d,d,3,1,6,s,7,30,d,18,11,0,21,s,0,s,s,0,0,14,20,0,0,s,0,3,14
I911,0,0,0,0,13,3,1,6,s,7,30,0,0,11,0,21,s,0,s,s,0,0,14,0,0,0,s,0,3,0
I912,0,0,0,0,13,3,1,6,s,7,30,0,0,11,1,21,s,2,s,s,0,0,14,0,0,0,s,0,3,10
I913,0,0,0,0,13,3,1,6,s,7,30,0,0,11,1,21,s,2,s,s,0,0,14,0,0,0,s,0,3,10
1495,0,0,0,s,13,3,1,6,s,d,30,0,0,11,1,21,s,d,s,s,24,0,s,9,0,0,s,0,d,d
1692,0,0,0,0,13,3,1,6,s,7,30,4,0,d,1,21,s,2,s,s,7,1,14,s,d,0,s,0,3,10
1657,1,0,0,18,d,3,1,6,s,7,30,0,d,11,1,21,s,2,s,s,0,0,14,0,0,0,s,0,3,10
I919,1,0,0,0,13,3,1,6,s,7,30,0,0,11,1,21,s,0,s,s,0,0,14,0,2,0,s,0,3,0
I920,1,0,0,0,13,3,1,6,s,7,30,0,0,11,1,21,s,0,s,s,0,0,14,0,2,1,s,s,3,0
I921,1,0,0,0,13,3,1,6,s,7,30,0,6,11,1,21,s,0,s,s,0,0,14,0,2,1,s,s,3,0
1277,1,0,0,0,13,3,1,6,s,7,30,0,6,d,d,d,s,d,s,s,0,0,d,0,2,d,s,s,3,0
1276,1,0,0,0,13,3,1,6,s,7,30,0,6,11,1,21,s,0,s,s,0,0,14,0,2,1,s,s,d,0
I922,1,0,0,0,13,3,1,6,s,7,30,0,0,11,1,21,s,0,s,s,0,0,14,0,2,1,s,s,3,0
1683,1,0,0,0,13,3,1,d,s,7,30,0,0,11,1,21,s,d,s,s,0,0,14,0,2,1,s,s,d,d
1682,1,0,0,0,13,3,1,6,s,7,30,0,d,11,1,d,s,0,s,s,0,0,14,1,2,d,s,s,3,0
1803,d,19,0,d,13,3,1,6,s,7,s,0,0,11,1,d,s,0,s,s,0,0,14,0,d,d,s,0,3,4
I926,0,0,0,20,13,3,0,0,s,0,30,4,0,0,0,21,s,0,s,s,0,0,14,0,0,0,s,0,3,3
I927,2,0,0,20,13,3,0,0,s,0,30,4,1,0,0,21,s,0,s,s,0,0,14,0,0,0,s,0,3,3
I928,2,0,0,20,13,3,0,0,s,0,30,4,1,0,0,21,s,0,s,s,0,0,14,0,0,0,s,0,3,3
1842,2,0,19,20,13,3,0,5,s,0,30,4,d,0,d,21,s,0,s,s,0,0,14,0,0,d,s,0,3,d
I932,s,0,0,20,13,3,0,0,s,0,30,4,1,0,0,21,s,0,s,s,0,0,14,0,0,0,s,0,3,3
I933,s,0,0,20,13,3,0,0,s,0,30,4,1,s,0,21,s,s,s,s,0,0,14,0,0,1,s,0,3,3
1849,s,0,0,20,13,3,0,0,s,0,30,4,d,s,0,21,s,s,s,s,0,0,d,d,0,1,s,0,3,3
1848,s,0,d,20,13,3,d,0,s,0,30,4,1,s,0,21,s,s,s,s,0,0,14,0,0,1,s,1,3,3
1877,s,0,0,20,13,d,0,0,s,0,d,s,1,0,0,21,s,0,s,s,0,0,14,d,0,1,s,0,3,3
I935,2,0,0,20,13,3,0,0,s,0,30,4,1,0,0,21,s,0,s,s,0,0,14,0,0,0,s,0,3,3
I936,2,0,0,20,13,s,0,0,s,0,30,4,1,0,0,21,s,0,s,s,0,0,14,8,0,0,s,0,3,3
I937,2,0,0,20,13,s,0,0,s,0,30,4,1,9,0,21,s,0,s,s,0,0,14,8,0,0,s,0,3,3
1961,2,d,0,20,13,s,0,0,s,0,30,d,1,d,0,21,s,0,s,s,0,d,14,8,d,0,s,0,d,3
1960,2,0,0,20,13,s,0,0,s,0,30,4,1,d,0,d,s,0,s,s,0,0,14,8,0,0,s,0,3,3
1991,2,0,0,20,13,s,0,0,s,0,30,d,1,0,0,21,s,d,s,s,0,0,14,8,0,d,s,0,3,3
I939,2,0,0,20,13,3,0,0,s,0,30,4,1,3,0,s,s,0,s,s,0,0,14,0,2,0,s,0,3,3
1957,2,0,0,d,13,d,0,d,s,d,30,4,1,d,0,s,s,0,s,s,0,0,14,0,2,0,s,d,3,3
I941,2,0,0,20,13,3,17,0,s,0,30,4,1,3,0,s,s,0,s,s,0,1,14,0,2,1,s,0,3,3
1935,2,0,0,d,13,d,17,d,s,0,30,d,1,d,0,s,s,0,s,s,0,d,d,d,2,1,s,0,3,3
1934,d,0,0,20,13,3,17,d,s,d,30,4,1,3,0,s,s,0,s,s,0,1,14,0,2,d,s,0,d,3
I942,0,16,10,20,13,3,0,0,s,0,30,4,0,0,0,21,s,0,s,s,0,1,14,0,0,0,s,0,3,3
I943,0,16,10,20,13,3,0,0,s,0,30,4,0,0,0,21,s,0,s,s,0,1,14,0,0,0,s,0,3,3
I944,0,16,10,20,13,3,0,0,s,0,30,4,0,0,0,21,s,0,s,s,s,1,14,0,0,0,s,0,3,3
1717,s,16,10,20,13,d,27,0,s,0,d,4,18,0,0,21,s,0,s,s,s,1,14,0,2,0,s,0,3,3
I946,0,16,10,20,13,3,0,0,s,0,30,4,0,0,0,21,s,0,s,s,s,1,14,0,0,0,s,0,3,3
1913,0,16,10,20,13,3,0,0,s,0,30,4,d,0,0,21,s,0,s,s,s,1,14,0,d,0,s,0,3,3
1912,0,16,10,20,13,3,0,0,s,d,30,4,d,0,0,d,s,0,s,s,s,1,14,0,0,0,s,0,3,3
1616,0,16,10,d,13,3,d,0,s,0,s,d,0,0,0,21,s,0,s,s,8,1,14,s,0,0,s,s,3,3
I950,0,16,10,20,13,3,0,0,s,0,30,4,18,0,0,21,s,14,s,s,0,1,14,0,0,0,s,0,3,3
I952,0,16,10,20,s,3,0,0,s,0,30,4,18,0,1,21,s,14,s,s,0,s,14,0,0,0,s,0,3,3
1629,d,16,10,20,s,3,0,0,s,0,30,4,18,0,1,21,s,d,s,s,0,s,d,0,0,0,s,0,d,3
1628,0,16,d,20,s,d,0,0,s,0,d,4,d,0,1,21,s,14,s,s,0,s,d,0,d,0,s,0,3,3
I954,0,16,10,20,13,3,8,0,s,0,s,4,18,17,0,21,s,14,s,s,0,1,14,0,0,0,s,1,3,3
1944,0,16,10,d,13,3,8,0,s,0,s,d,18,d,0,21,s,14,s,s,0,1,14,0,0,0,s,1,3,3
1862,0,16,d,d,13,3,8,0,s,0,s,4,18,17,0,d,s,14,s,s,0,1,d,0,0,0,s,1,3,3
I957,0,0,0,2,13,3,0,0,s,0,0,0,0,0,0,21,0,0,s,s,0,0,14,0,0,0,s,0,3,0
I958,0,0,0,2,13,3,0,0,s,0,0,0,0,0,0,21,0,0,s,s,12,0,14,0,0,0,s,0,3,0
I959,0,0,0,2,13,3,0,s,s,0,23,0,0,0,0,21,0,0,s,s,12,0,14,0,0,0,s,0,3,0
I960,0,0,0,2,13,3,0,s,s,0,23,0,0,0,0,21,0,0,s,s,12,0,14,0,0,0,s,0,3,0
1213,0,0,0,s,13,3,0,s,s,0,d,0,0,0,0,21,d,22,s,s,12,0,14,0,0,1,s,0,3,0
I965,0,0,0,2,13,3,0,s,s,3,23,0,1,0,0,21,0,0,s,s,12,0,s,24,0,1,s,0,3,0
1075,0,0,0,2,13,3,d,s,s,3,d,0,d,0,0,21,0,0,s,s,12,s,s,24,0,1,s,1,d,0
1074,0,d,0,2,13,3,23,s,s,d,23,0,1,0,0,d,4,d,s,s,12,0,s,24,2,1,s,0,3,0
I971,0,0,s,2,13,3,0,s,s,2,23,0,0,0,0,s,0,0,s,s,12,0,14,0,0,1,s,0,3,0
1314,0,0,s,2,13,3,0,s,s,d,23,0,0,2,0,s,0,0,s,s,d,0,14,0,0,1,s,1,3,0
1446,0,0,s,2,13,3,0,s,s,2,23,d,0,0,0,s,0,0,s,s,d,0,14,0,d,1,s,1,3,0
I974,0,0,0,2,13,3,0,0,s,0,0,0,0,11,0,21,0,1,s,s,12,0,14,0,0,0,s,0,3,0
I975,1,0,0,2,13,3,0,2,s,0,0,0,0,11,0,21,0,1,s,s,s,0,14,0,0,0,s,0,3,0
I976,1,0,0,2,13,3,0,2,s,0,0,0,18,11,0,21,10,1,s,s,s,0,14,8,0,0,s,0,3,0
1309,1,3,0,2,13,3,17,2,s,0,d,d,d,11,0,21,10,d,s,s,s,0,14,8,0,0,s,s,3,d
1612,1,0,0,2,13,3,d,2,s,0,0,0,18,11,1,21,10,1,s,s,s,d,d,8,0,0,s,0,3,0
I980,1,0,0,2,13,3,0,2,s,1,0,0,0,11,0,21,0,1,s,s,s,0,14,8,0,0,s,1,3,0
1513,d,0,0,2,d,d,0,2,s,1,1,0,d,11,0,21,0,d,s,s,s,1,14,8,0,d,s,1,3,0
1512,1,0,0,2,13,3,0,2,s,1,d,0,0,11,0,21,0,d,s,s,s,0,14,8,d,0,s,1,3,0
I982,0,0,0,2,13,3,0,0,s,0,0,0,0,11,0,21,0,1,s,s,12,0,14,0,0,0,s,0,3,0
I983,0,0,0,2,13,3,0,0,s,0,0,0,0,11,0,21,0,1,s,s,12,0,14,0,0,0,s,0,3,0
1728,d,0,0,2,13,3,0,d,s,0,28,6,15,11,0,21,d,1,s,s,12,0,d,0,0,0,s,0,3,0
1633,0,5,0,2,13,3,d,0,s,0,0,0,0,11,0,21,0,1,s,s,12,0,14,0,0,0,s,0,d,0
I986,0,0,0,2,13,3,5,0,s,0,0,0,0,11,0,21,0,s,s,s,12,0,14,0,0,0,s,0,3,0
I987,s,11,26,2,13,3,5,0,s,0,0,0,0,11,s,21,0,s,s,s,12,0,14,0,0,s,s,0,3,0
1259,s,11,26,2,13,3,5,0,s,0,0,d,0,11,s,21,0,s,s,s,12,0,14,0,0,s,s,0,3,0
1258,s,d,26,2,13,3,d,0,s,0,0,3,0,11,s,21,0,s,s,s,12,0,14,0,0,s,s,0,3,0
1591,d,0,0,2,13,d,5,0,s,0,0,0,d,d,0,21,d,s,s,s,d,0,d,0,0,0,s,0,3,0
I989,0,0,0,2,13,3,0,0,s,0,0,0,0,0,0,21,0,0,s,s,7,1,14,0,0,0,s,0,3,0
I990,0,0,0,2,13,3,0,0,s,0,s,0,0,0,0,21,0,0,s,s,s,1,14,0,0,0,s,0,3,0
I991,0,0,25,2,13,3,0,0,s,0,s,0,0,0,0,21,0,0,s,s,s,1,14,0,0,s,s,0,3,0
I992,0,0,s,2,13,3,0,0,s,0,s,0,0,0,0,21,0,10,s,s,s,1,14,0,0,s,s,0,3,0
1313,0,0,s,2,13,3,0,0,s,0,s,d,0,d,2,21,d,10,s,s,s,1,s,0,0,s,s,0,3,17
1231,0,0,s,d,13,d,0,0,s,0,s,d,0,0,0,d,3,10,s,s,s,1,14,0,0,s,s,0,3,0
I995,0,0,25,2,13,3,0,6,s,3,s,0,0,0,0,21,0,0,s,s,s,1,14,0,0,s,s,0,3,0
I996,0,0,25,2,13,3,0,6,s,3,s,3,0,8,0,21,0,0,s,s,s,1,14,0,0,s,s,0,s,0
1509,0,0,d,2,13,3,0,6,s,3,s,3,3,8,0,21,0,0,s,s,s,1,d,0,0,s,s,0,s,0
1508,0,0,25,2,13,3,0,6,s,d,s,3,0,8,0,21,0,d,s,s,s,1,14,d,d,s,s,1,s,0
1394,0,0,25,d,13,3,0,6,s,3,s,0,0,d,0,21,0,d,s,s,s,1,14,0,0,s,s,0,d,0
I998,0,0,0,2,13,3,0,0,s,0,s,0,0,11,0,21,0,0,s,s,s,1,14,0,0,0,s,0,3,0
I1000,0,20,0,2,13,3,0,0,s,0,s,0,0,11,0,21,0,0,s,s,s,1,14,0,2,0,s,0,3,0
2015,0,20,0,2,13,s,0,d,s,0,s,0,0,11,0,21,0,0,s,s,s,d,14,0,2,0,s,0,3,0
1032,0,20,6,d,d,3,0,0,s,0,s,0,d,d,d,21,0,0,s,s,s,1,d,0,2,0,s,0,3,0
I1004,0,0,0,2,13,3,0,s,s,0,s,0,0,11,0,21,0,0,s,s,s,1,14,0,0,0,s,1,3,0
2004,0,d,0,2,13,3,0,s,s,d,s,0,0,d,0,21,0,0,s,s,s,1,14,0,0,1,s,1,3,0
I1007,0,0,0,2,13,3,0,s,s,0,s,3,0,11,0,21,0,0,s,s,s,1,14,0,0,0,s,1,3,0
1979,0,0,34,2,13,3,d,s,s,0,s,3,0,11,0,21,0,0,s,s,s,1,14,0,0,0,s,1,3,d
1038,d,0,0,2,13,d,0,s,s,0,s,3,0,d,0,21,0,d,s,s,s,1,14,8,0,0,s,1,3,0
I1009,0,0,0,2,13,3,0,0,s,0,11,0,0,0,0,21,0,0,s,s,7,1,14,0,0,0,s,0,3,7
I1010,0,0,0,2,13,3,0,0,s,9,11,0,0,0,0,21,0,0,s,s,7,1,14,2,0,0,s,0,3,7
1114,d,0,0,d,s,3,0,0,s,9,11,0,d,0,1,21,0,13,s,s,7,d,14,2,0,d,s,1,3,7
1121,0,0,0,d,13,3,5,d,s,9,11,0,0,0,0,d,0,d,s,s,7,1,14,2,0,0,s,1,3,7
I1017,0,0,0,2,13,3,40,0,s,0,11,s,0,0,0,21,0,0,s,s,7,1,14,0,0,0,s,0,3,7
1443,d,27,0,2,13,3,40,0,s,0,11,s,0,0,d,21,0,0,s,s,7,d,14,0,0,0,s,1,3,7
I1021,0,0,0,2,13,3,40,0,s,0,11,s,15,17,0,21,0,0,s,s,7,1,14,0,0,0,s,0,s,7
I1022,0,0,0,2,13,3,40,0,s,7,11,s,15,17,0,21,0,0,s,s,7,1,14,0,0,0,s,0,s,7
1097,0,0,0,2,s,3,d,0,s,7,11,s,15,17,0,21,0,0,s,s,7,1,14,0,0,d,s,0,s,7
1096,0,0,0,2,13,3,40,0,s,7,11,s,15,17,0,21,0,0,s,s,7,1,d,0,d,0,s,0,s,7
1336,0,17,0,2,13,3,40,0,s,0,11,s,d,17,0,21,0,0,s,s,7,1,s,0,0,0,s,d,s,d
