cell,r1,r2,r3,r4,r5,r6,r7,r8,r9,r10,r11,r12,r13,r14,r15,r16,r17,r18,r19,r20,r21,r22,r23,r24,r25,r26,r27,r28,r29,r30
I1,0,0,0,0,0,0,0,0,0,0,0,3,0,0,0,0,0,0,0,0,0,0,0,0,0,0,0,0,0,0
I2,0,0,0,0,0,0,0,0,0,0,0,3,0,0,0,0,0,0,0,0,0,0,0,0,0,0,22,0,0,0
I3,0,0,0,0,0,16,0,0,0,0,5,3,0,0,0,4,0,0,0,0,0,0,0,0,10,0,22,0,1,0
I4,0,0,0,0,0,16,0,0,0,0,5,3,0,0,0,4,0,0,0,0,1,0,0,0,10,0,22,0,1,0
I5,0,0,0,0,0,16,0,0,0,0,5,3,0,0,0,4,0,0,0,41,1,0,0,0,10,0,22,0,1,0
I6,0,0,0,1,0,16,0,0,0,0,5,3,0,0,2,4,0,0,0,41,1,0,0,0,10,0,22,0,1,0
I7,0,0,0,1,0,16,0,0,0,0,5,3,0,0,2,4,0,0,0,41,1,0,0,0,10,0,22,2,1,0
I8,2,0,0,1,0,16,0,0,0,0,5,3,0,0,2,4,0,2,0,41,1,0,0,0,s,s,22,2,1,0
I9,2,0,0,1,1,16,3,0,0,0,5,3,0,0,2,4,0,2,0,41,1,0,0,0,s,s,22,2,1,0
1506,2,0,0,1,1,16,3,0,0,d,d,3,0,0,2,4,0,2,0,41,d,1,0,7,s,s,d,2,1,0
1981,d,d,0,1,1,d,3,0,0,5,5,3,0,0,2,4,0,2,0,d,1,0,0,0,s,s,22,d,1,d
I12,2,0,0,1,0,16,0,0,0,0,5,3,0,0,2,4,0,2,0,41,1,0,0,0,s,s,22,2,1,0
1425,2,0,d,d,0,16,31,0,d,0,5,3,d,d,2,d,0,2,0,41,1,0,0,0,s,s,22,2,1,d
1627,2,0,0,1,0,16,d,0,0,0,5,3,d,0,2,4,0,2,0,41,1,0,0,s,s,s,22,2,1,0
1283,s,2,4,d,d,d,5,d,0,0,5,3,d,0,2,d,3,0,0,41,1,0,0,d,10,s,22,2,s,0
I22,0,0,0,1,1,16,0,0,0,0,5,3,0,0,2,4,0,0,0,41,1,0,0,0,10,0,22,0,1,0
I23,0,0,0,1,1,16,0,0,0,0,5,3,0,0,2,4,0,2,0,41,1,0,0,0,10,0,22,0,1,0
1607,0,0,5,s,1,16,s,d,0,0,5,3,0,0,2,4,0,2,0,41,d,d,0,0,10,0,22,0,d,0
I27,0,0,0,1,1,16,0,s,0,0,5,3,0,0,2,4,0,2,0,41,1,0,0,0,10,0,22,0,1,0
I28,0,0,s,1,1,16,0,s,26,0,5,3,0,0,2,4,0,2,0,41,1,0,0,0,10,2,22,0,1,0
1435,0,0,s,1,d,16,0,s,26,0,5,3,0,d,d,4,0,2,d,41,1,0,0,0,10,2,22,0,1,0
1434,0,0,s,1,1,16,d,s,26,0,d,3,0,0,2,4,0,2,0,41,1,0,d,0,10,2,22,0,1,0
I29,0,0,0,1,1,16,41,s,0,0,5,3,0,0,2,4,0,2,0,41,1,0,1,0,10,0,22,0,1,0
1333,0,0,0,1,1,d,41,s,d,0,5,3,3,0,2,4,0,2,0,41,1,0,1,0,d,0,d,0,1,0
1332,0,d,0,1,d,16,41,s,0,0,5,s,0,d,2,4,0,2,0,41,d,0,1,d,10,0,d,0,1,0
I30,s,0,0,1,1,16,0,17,0,0,5,3,0,0,2,4,0,0,0,41,1,0,0,0,10,0,22,2,1,0
I31,s,0,0,1,1,16,0,17,0,0,5,3,0,0,2,4,0,0,0,41,s,0,0,0,10,0,22,2,1,0
I32,s,0,0,1,1,16,0,17,0,0,s,3,0,0,2,4,0,0,0,41,s,0,0,0,10,0,22,2,1,0
1521,s,0,d,d,1,d,0,17,0,d,s,3,d,0,2,4,0,0,0,41,s,0,0,0,10,d,22,d,1,0
1520,s,0,d,1,1,16,0,17,d,0,s,3,0,9,2,4,0,0,0,41,s,0,0,0,10,0,22,2,1,0
1505,s,0,0,1,1,16,0,17,0,0,5,3,0,0,2,d,0,0,0,41,s,1,0,0,10,0,22,d,d,10
I34,s,0,0,1,1,16,0,17,0,5,5,3,0,0,2,4,0,0,0,s,1,0,0,0,10,0,22,2,1,0
1490,s,0,0,1,1,16,0,17,d,5,5,3,0,0,s,4,0,0,0,s,1,0,0,1,10,0,22,2,1,0
1754,s,0,0,1,d,16,0,17,0,5,5,3,d,0,2,4,1,1,0,s,1,0,0,2,d,0,22,2,1,d
I37,0,0,0,0,0,16,2,0,0,0,5,3,0,0,0,4,0,0,0,41,1,0,0,0,10,0,22,0,1,0
I38,0,0,0,0,0,16,2,0,0,0,5,3,0,0,0,4,0,0,0,41,1,0,0,0,10,0,22,0,1,0
I39,0,0,s,0,0,16,2,0,0,0,5,3,0,0,0,4,0,0,1,41,1,0,8,0,10,0,22,0,1,2
I40,0,0,s,0,0,16,2,0,0,0,5,3,0,0,0,4,0,0,1,41,1,0,8,0,10,0,22,0,1,2
1303,0,2,s,0,0,16,2,0,0,0,d,3,0,0,0,4,1,0,1,41,1,d,8,0,10,0,22,0,1,2
1522,0,d,s,s,0,16,2,0,0,0,5,3,0,0,0,4,0,0,1,41,1,0,8,0,10,0,22,0,1,d
I43,0,0,s,0,0,16,2,0,0,0,5,3,0,0,0,4,0,0,1,41,1,0,8,0,10,0,22,0,1,2
1449,s,0,s,0,0,16,2,s,d,0,d,3,0,0,0,d,0,0,d,41,1,0,8,0,10,0,d,2,1,2
1348,0,d,s,0,0,d,2,0,0,0,5,3,d,0,0,4,0,0,1,41,s,0,8,0,s,2,22,0,1,s
I46,0,0,0,0,0,16,2,7,0,0,5,3,0,0,0,4,0,0,0,41,1,0,0,0,10,0,22,0,1,0
I47,2,0,0,0,0,16,2,7,0,0,5,3,0,0,0,s,0,0,0,41,1,0,0,0,10,2,22,0,1,0
1970,d,d,0,0,1,d,2,7,10,0,5,3,0,0,0,s,0,2,d,41,s,0,0,2,10,2,22,2,1,d
1193,2,0,0,0,s,16,2,7,0,0,5,d,0,0,d,s,0,d,0,41,1,0,1,1,10,2,22,0,1,0
1035,2,2,d,0,1,16,d,7,0,d,d,3,0,0,0,4,0,0,0,41,1,d,8,0,d,0,22,6,1,3
I54,0,0,0,0,0,16,2,s,0,0,5,3,0,15,2,4,0,0,0,41,1,0,5,1,10,0,22,2,1,0
1160,d,s,d,0,0,d,2,s,8,0,5,3,d,15,2,4,1,0,0,41,d,1,5,1,10,2,22,2,d,0
I66,2,0,0,0,1,16,2,s,10,0,5,3,0,15,2,4,0,0,16,41,1,0,5,1,10,0,22,2,1,0
1456,2,0,s,d,1,d,2,s,10,0,5,d,0,15,2,4,0,2,d,41,1,d,5,d,10,2,22,2,s,0
1338,2,0,0,d,1,16,2,s,d,0,5,3,3,d,d,4,0,0,16,41,1,d,5,d,d,0,22,2,1,0
I69,0,0,4,0,0,16,0,0,0,0,5,3,0,0,0,s,0,0,21,0,1,0,0,0,10,0,22,0,1,0
I70,0,0,4,0,0,16,0,0,0,0,5,3,0,0,0,s,0,0,21,0,1,0,0,0,10,0,22,0,1,0
I71,0,0,4,0,0,16,0,0,0,0,5,3,0,0,0,s,0,0,21,0,1,0,0,0,10,2,22,0,1,0
I72,0,0,4,0,0,16,0,0,0,0,5,3,0,0,0,s,0,0,21,0,1,0,0,0,10,2,22,0,1,0
I73,0,0,4,0,0,16,0,8,0,0,5,3,3,0,0,s,0,0,21,0,1,0,0,0,10,2,22,0,1,0
1287,0,0,4,d,0,16,0,8,0,0,5,3,3,0,d,s,0,0,21,0,d,d,0,2,10,2,22,0,d,0
1151,0,0,d,0,d,d,0,8,d,0,5,d,d,0,0,s,0,0,21,0,1,d,0,0,10,2,22,0,1,5
1158,0,2,d,0,1,16,0,0,0,0,5,3,d,0,0,s,0,0,21,0,1,0,0,0,10,2,22,0,d,27
I79,0,0,4,0,0,s,0,0,0,0,5,3,0,0,0,s,0,0,21,0,1,0,2,0,10,2,22,0,1,0
I80,0,0,4,0,0,s,0,1,0,0,5,3,0,0,0,s,0,0,21,0,1,0,2,0,10,2,22,0,1,0
1343,0,0,4,0,0,s,0,1,10,0,5,3,d,0,d,s,0,2,d,d,1,0,2,0,10,2,22,d,1,0
1719,d,0,4,0,0,s,d,1,0,5,5,3,0,0,0,s,1,d,d,d,1,0,2,0,10,2,22,d,1,28
1071,0,0,4,d,0,s,0,7,0,5,5,3,3,0,0,s,0,2,21,d,1,2,2,0,d,2,22,0,1,0
I87,2,0,4,0,0,16,0,0,0,0,5,3,0,27,0,s,0,0,21,0,1,1,0,0,10,2,22,0,1,0
I88,2,0,4,0,1,16,0,0,0,0,5,3,0,27,2,s,0,0,21,0,1,1,0,0,10,2,22,0,1,0
I89,2,0,4,0,1,16,0,0,0,0,5,3,0,27,2,s,0,0,21,0,1,1,0,5,10,2,22,0,1,0
I90,2,0,4,0,1,16,0,0,0,0,5,3,0,27,2,s,0,0,21,0,1,1,0,s,10,2,22,0,1,0
1191,2,d,4,0,1,16,0,7,0,d,5,3,d,27,2,s,0,0,21,0,1,d,0,s,10,2,22,0,1,0
1190,2,d,4,d,d,d,0,0,0,0,5,d,0,27,2,s,d,0,21,0,1,1,1,s,d,2,22,0,1,0
1298,2,0,d,0,1,16,0,0,0,0,5,3,0,27,d,s,s,d,21,0,1,1,0,5,10,2,22,0,d,0
I93,2,0,4,0,1,16,0,0,0,0,5,3,2,27,s,s,0,2,21,0,1,1,0,0,10,2,22,0,1,0
1263,2,0,4,0,1,16,0,0,0,0,5,d,2,27,s,s,d,2,21,0,d,1,8,d,d,2,d,0,1,0
1262,2,0,d,0,1,16,6,0,0,0,5,3,2,27,s,s,0,s,21,0,1,1,0,0,d,2,22,0,1,0
I95,2,0,4,1,1,16,0,0,0,0,5,3,0,27,0,s,0,0,21,0,1,1,0,0,10,2,22,0,1,0
I96,2,0,4,1,1,16,0,0,0,0,5,3,0,27,0,s,0,0,21,0,1,1,0,0,10,2,22,0,1,0
1251,2,0,4,1,1,16,0,0,0,0,5,3,0,27,d,s,0,0,21,4,1,1,d,0,10,2,22,0,1,27
1079,2,d,4,1,d,16,d,0,0,0,5,3,0,27,0,s,d,0,21,5,1,1,0,0,10,2,d,0,1,0
1406,2,2,4,1,1,s,0,0,d,0,5,3,0,27,0,s,0,0,21,0,d,1,0,0,10,2,22,0,1,0
I102,0,0,4,0,0,16,27,0,0,0,5,3,0,17,0,s,0,0,21,0,1,0,0,0,10,0,22,0,1,0
I103,0,0,4,0,0,16,27,0,14,0,5,3,0,17,0,s,0,0,21,0,1,0,0,0,10,3,22,0,1,0
I104,0,0,4,0,0,16,27,0,14,0,5,3,0,17,0,s,0,0,21,0,1,0,0,0,10,3,22,0,1,0
I107,0,0,4,0,1,16,27,0,14,0,5,3,7,17,0,s,0,0,21,7,1,1,2,0,10,3,22,2,1,0
1973,d,0,4,0,1,16,27,0,d,0,5,3,7,d,d,s,d,0,21,d,1,1,2,0,10,3,22,2,1,0
1972,d,0,d,0,1,16,d,0,d,d,5,d,7,d,0,s,d,0,21,d,1,1,d,0,10,3,22,2,1,0
I109,0,0,4,0,0,16,27,0,14,0,5,3,3,17,0,s,0,0,21,0,1,0,0,0,10,3,22,0,1,0
I110,0,0,4,0,0,16,27,0,14,0,5,3,3,17,0,s,0,2,21,0,1,0,0,0,10,3,22,0,1,0
1867,0,0,4,0,0,16,27,5,14,0,5,3,3,17,d,s,0,2,21,0,1,0,d,0,10,3,22,2,1,0
1884,0,0,4,0,0,16,27,0,14,0,d,3,d,17,0,s,0,2,21,0,1,d,0,0,10,3,d,0,d,0
I113,0,0,4,0,1,16,27,0,14,0,5,3,3,17,0,s,0,0,21,7,1,0,1,0,10,3,22,0,1,0
2044,0,0,4,0,d,16,27,0,14,0,5,d,3,17,0,s,d,0,d,7,1,0,1,0,10,3,22,0,1,0
2031,0,0,4,0,1,16,27,0,14,0,5,3,3,17,0,s,0,0,21,7,1,d,1,0,10,3,d,0,1,0
I116,0,0,4,3,0,16,27,0,14,0,5,3,0,17,0,s,0,0,21,3,1,1,0,0,10,3,22,0,1,0
I117,0,0,4,3,0,16,27,6,14,0,5,3,0,17,0,s,0,0,21,3,1,1,0,0,10,3,22,0,1,0
1098,0,2,d,3,d,16,27,6,14,0,5,3,0,17,0,s,0,0,21,d,1,1,2,d,10,3,22,0,1,0
1049,s,0,4,3,0,16,27,6,d,0,5,3,0,d,0,s,0,0,21,d,1,1,0,0,10,d,s,0,1,d
I120,0,0,4,3,0,16,27,0,14,0,5,3,3,17,0,s,0,0,21,3,1,1,0,0,10,3,22,0,1,0
1022,2,2,4,3,0,16,27,0,14,0,d,d,d,17,0,s,0,0,21,3,s,1,0,d,10,d,22,0,1,d
1964,0,0,4,d,0,d,27,0,14,0,5,3,3,17,0,s,1,0,21,3,1,1,0,0,10,3,22,d,1,1
I124,0,0,4,0,0,16,27,0,0,0,5,3,0,17,0,s,0,0,21,0,1,0,0,0,10,0,22,0,1,0
I125,s,0,4,0,1,16,27,0,0,5,5,3,0,17,0,s,0,0,21,0,1,0,0,0,10,0,22,2,1,0
I126,s,0,4,0,1,16,27,0,0,5,5,3,0,17,0,s,0,0,21,0,1,s,0,0,10,2,22,2,1,0
1300,s,1,4,0,1,16,27,0,0,5,5,3,0,17,d,s,0,0,d,0,1,s,2,0,d,2,22,2,1,0
I128,s,0,4,1,1,16,s,0,0,5,5,3,0,17,0,s,0,0,21,0,1,s,0,0,10,2,22,2,1,0
1133,s,d,4,1,1,16,s,0,0,5,5,3,0,d,2,s,d,0,21,0,1,s,0,0,10,2,22,2,1,0
1132,s,0,4,1,1,16,s,0,0,5,5,3,0,17,0,s,0,0,21,0,d,s,0,0,d,2,22,2,1,d
I131,s,0,4,0,1,16,27,0,0,5,5,3,3,17,s,s,1,0,21,22,1,0,0,5,10,0,22,2,1,0
1727,s,0,4,0,1,16,27,d,0,5,5,d,d,d,s,s,1,0,21,22,1,0,0,d,10,2,22,2,1,6
1726,s,d,4,d,1,16,27,0,d,5,5,3,3,d,s,s,1,0,21,22,d,0,0,d,10,0,22,2,1,0
I132,0,0,4,0,0,16,27,0,0,0,5,3,0,17,0,s,0,1,21,0,1,0,0,2,10,0,22,0,1,0
I133,0,0,4,0,0,16,27,0,0,0,5,s,0,17,0,s,0,1,21,0,1,0,0,2,10,0,22,0,1,0
1095,0,0,4,d,0,16,27,0,0,0,5,s,3,17,0,s,0,s,21,0,s,0,0,2,10,0,d,0,d,1
1044,0,0,4,0,0,16,27,0,8,5,5,s,0,17,0,s,0,1,21,0,1,0,0,s,10,0,22,0,1,d
I136,0,0,4,0,0,16,27,0,0,0,5,3,0,17,2,s,1,1,21,0,1,0,0,2,10,0,22,0,1,0
I137,0,0,4,0,0,16,27,0,0,0,5,3,3,17,2,s,1,1,21,6,1,1,0,2,10,0,22,0,1,0
1165,0,0,4,0,0,d,d,0,0,d,5,3,3,17,2,s,1,1,21,6,1,1,0,2,10,0,22,0,1,d
1164,0,0,4,0,0,16,27,0,0,0,5,3,3,17,d,s,1,1,21,6,1,1,0,2,10,d,d,0,1,17
1081,0,0,4,1,0,16,27,0,0,d,5,3,0,d,2,s,1,1,d,3,1,0,0,2,10,2,22,0,1,21
I139,0,0,0,0,0,16,0,0,0,0,5,3,3,0,0,4,0,0,0,0,1,0,0,0,10,0,22,2,1,0
I140,0,0,s,0,0,16,5,7,0,0,5,3,3,0,0,4,0,0,0,0,1,0,0,0,10,0,22,2,1,0
I141,2,0,s,0,0,16,5,7,0,0,5,3,3,0,0,4,0,0,0,0,1,0,0,0,10,0,22,2,1,0
I142,2,0,s,0,0,16,5,7,0,0,5,3,3,0,0,4,0,0,0,0,1,0,0,0,10,0,22,s,1,0
I149,2,2,s,3,0,16,5,7,6,5,5,3,3,0,2,4,0,0,12,0,1,0,0,0,10,2,22,s,1,0
1805,2,2,s,3,0,16,5,d,6,5,5,3,d,d,2,4,0,0,12,0,1,d,0,d,10,2,22,s,1,0
1804,2,2,s,3,0,16,5,7,d,5,5,3,3,0,2,4,0,0,12,0,1,0,0,0,10,2,22,s,1,d
I150,2,0,s,0,0,16,5,7,0,0,5,3,3,0,1,4,0,0,0,0,1,0,0,0,10,2,22,s,1,0
I151,2,0,s,0,1,16,5,7,0,0,5,3,3,0,1,4,0,0,0,0,1,0,0,0,10,2,22,s,1,0
1746,2,0,s,d,1,s,5,7,0,0,5,3,d,d,1,d,0,0,0,0,d,0,0,d,10,2,22,s,d,0
988,2,0,s,0,1,16,5,7,0,0,5,3,3,0,1,4,0,2,d,0,1,0,0,0,10,2,22,s,1,0
1092,2,d,s,0,d,16,5,7,0,0,5,d,d,0,1,4,0,0,s,0,1,0,0,0,10,2,d,s,1,s
I154,2,0,s,3,0,16,5,7,0,0,5,3,3,0,0,4,0,0,0,0,1,0,0,0,10,0,22,2,1,0
I155,2,0,s,3,0,16,5,7,0,0,5,3,3,0,0,4,0,0,0,0,1,0,0,0,10,0,22,2,s,0
976,2,0,s,3,0,d,5,7,d,0,5,d,3,0,0,4,0,0,0,0,1,d,0,0,10,0,22,2,s,0
1578,2,0,s,3,0,16,5,7,d,0,5,3,d,0,2,4,0,0,6,20,d,d,s,d,10,0,22,2,s,0
I161,2,0,s,3,0,16,5,7,0,0,5,3,3,0,0,4,0,0,0,0,1,0,0,0,10,0,22,2,1,11
I162,2,0,s,3,0,16,5,7,0,0,5,3,3,0,0,4,0,2,0,0,1,1,0,0,10,0,22,2,1,11
1364,2,0,s,3,d,d,5,7,0,0,5,3,3,s,0,d,0,d,0,d,1,1,d,0,10,0,22,2,1,d
I164,2,0,s,3,0,16,5,7,0,5,5,3,3,0,0,4,0,2,0,0,1,1,0,0,10,0,22,2,1,11
1669,2,0,s,3,0,16,5,7,0,5,d,3,3,0,0,4,0,d,0,0,1,1,0,0,10,0,22,2,1,11
1668,2,0,s,3,0,16,5,7,0,5,5,3,3,0,0,d,0,2,0,d,1,1,0,0,d,0,22,2,1,11
1667,2,0,s,3,0,16,5,d,0,d,5,3,3,d,2,4,0,0,0,0,1,0,0,s,d,2,22,2,1,d
I168,0,0,s,0,0,16,5,7,0,0,5,3,3,0,0,4,0,0,0,0,1,0,0,0,10,0,22,2,1,0
I169,0,0,s,0,0,16,5,7,14,0,5,3,3,0,0,4,0,0,0,0,1,0,0,0,10,0,22,2,1,0
I170,0,0,s,0,1,16,5,7,14,1,5,3,3,0,0,4,0,0,21,0,1,0,0,0,10,0,22,2,1,0
1887,2,0,s,d,d,16,5,7,14,1,5,3,3,0,0,4,1,0,21,0,1,0,12,0,10,0,d,2,1,0
I175,0,0,s,0,1,16,5,7,14,s,5,3,3,0,0,4,0,0,21,0,1,0,0,0,10,2,22,2,1,13
1943,0,0,s,0,1,d,5,7,14,s,5,3,3,0,0,4,0,0,21,0,1,d,0,0,10,2,d,2,1,13
1942,0,0,s,0,1,16,5,d,14,s,5,3,3,d,0,4,0,0,d,0,d,0,0,0,10,2,22,s,1,13
I182,2,2,s,0,1,16,5,7,14,0,5,3,3,0,0,4,3,2,0,0,1,0,10,2,10,s,22,2,1,0
2043,2,2,s,0,1,d,5,7,14,d,5,3,3,0,0,4,3,2,0,0,1,0,10,2,10,s,22,2,1,0
2042,2,2,s,0,1,16,5,7,14,0,5,3,3,0,0,4,3,2,0,0,1,0,10,2,10,s,22,d,1,d
I183,0,0,s,0,0,16,5,7,0,5,5,3,3,0,0,4,0,2,0,0,1,0,0,0,10,1,22,2,1,0
I184,0,0,s,0,0,16,5,7,0,5,5,3,3,0,0,4,0,2,0,0,1,0,0,0,10,1,22,2,1,5
1575,2,0,s,0,0,s,5,7,0,5,5,3,3,0,d,4,3,2,0,0,1,1,0,0,10,1,22,2,1,5
I188,0,0,s,0,0,16,5,7,0,5,5,3,3,0,0,4,1,2,0,0,1,0,0,10,10,1,22,2,1,5
1764,0,0,s,0,0,16,s,7,d,5,5,3,d,15,0,4,1,2,0,0,d,0,0,10,10,d,22,2,1,5
1786,0,d,s,d,0,s,5,7,0,5,5,3,d,0,0,d,d,d,0,0,1,0,8,10,10,1,22,2,1,5
I194,0,0,s,1,0,16,5,7,0,5,5,3,3,0,0,4,0,2,22,0,1,0,0,0,10,1,22,2,1,0
1545,0,2,s,1,0,16,5,7,0,5,5,d,3,0,0,4,d,2,22,0,1,d,0,0,10,1,22,2,1,0
1544,0,0,s,1,0,16,5,7,d,5,5,3,3,0,0,4,0,2,d,0,1,0,12,d,10,1,22,2,s,0
I198,0,0,0,0,0,16,0,0,0,0,5,3,3,0,2,4,0,0,0,0,1,0,0,0,10,0,22,2,1,0
I199,0,0,0,0,0,16,0,8,0,0,5,3,3,0,2,4,0,2,0,0,1,0,0,0,10,0,22,2,1,0
1952,0,2,4,1,1,16,0,8,11,5,5,3,3,0,2,4,d,2,12,0,d,d,s,0,10,0,d,2,d,0
I210,0,0,0,0,0,s,0,8,22,0,5,3,3,10,2,4,0,2,0,0,1,0,12,0,10,0,22,2,1,0
I211,0,0,0,0,0,s,0,8,22,0,5,3,3,10,2,4,0,2,0,0,1,0,12,0,10,0,22,s,1,0
I212,0,0,0,0,0,s,0,8,22,0,5,3,3,10,2,4,0,2,4,0,1,0,12,0,10,0,22,s,1,0
1041,0,d,0,0,0,s,0,8,22,0,5,3,d,d,2,d,0,2,d,6,1,0,d,d,d,0,22,s,1,0
1040,0,0,0,0,0,s,d,8,22,0,5,d,3,10,2,4,d,2,4,0,1,0,d,d,10,0,22,s,1,0
I213,0,0,0,0,0,s,0,8,22,0,5,3,3,10,2,4,0,2,4,0,1,0,12,0,10,0,22,s,1,0
2006,0,0,0,0,0,s,0,8,22,0,5,3,s,10,2,4,0,2,4,0,1,0,d,1,10,0,22,s,1,d
I215,0,0,0,2,0,s,0,8,22,0,5,3,3,10,2,4,0,2,4,0,1,0,12,0,10,0,22,s,1,0
2013,0,0,0,2,0,s,0,d,d,0,5,3,3,10,d,4,0,2,4,0,1,0,d,0,10,d,22,s,1,0
2012,0,d,0,d,0,s,d,8,22,0,5,3,3,10,2,4,d,2,4,0,1,0,12,0,d,0,22,s,1,0
I216,0,0,0,0,1,s,0,8,22,0,5,3,3,10,2,4,0,2,0,0,1,1,12,0,10,0,22,2,1,0
1985,2,d,0,0,1,s,0,8,22,0,5,3,3,10,2,4,1,2,12,5,1,1,12,0,10,0,d,d,d,0
I220,0,2,0,0,1,s,0,8,22,2,5,3,3,10,2,4,0,2,0,0,1,1,12,0,10,0,22,2,1,0
I221,0,2,0,0,1,s,0,8,22,2,5,3,3,10,2,4,0,2,0,0,1,1,12,0,10,0,22,2,1,0
1583,d,2,0,0,1,s,0,8,22,2,5,d,3,10,2,4,0,s,0,0,d,1,12,5,10,0,22,2,1,0
1582,d,2,0,0,1,s,0,8,22,2,5,3,3,10,2,4,0,2,d,0,1,1,12,d,10,0,22,2,1,0
I222,2,2,0,1,1,s,17,8,22,2,5,3,3,10,2,4,0,2,0,0,1,1,12,0,10,0,22,2,1,0
1427,2,2,0,1,1,s,17,8,22,2,5,3,3,10,2,4,d,2,0,0,1,1,12,0,10,0,22,2,1,0
1426,2,d,0,s,1,s,17,8,22,2,5,3,3,10,d,4,0,2,0,0,1,1,12,0,10,0,22,2,1,0
I223,0,0,0,0,0,16,0,0,0,0,5,3,3,0,2,4,0,0,0,10,1,0,0,0,10,2,22,2,1,0
I224,2,0,0,0,0,16,0,0,0,0,5,3,3,0,2,4,0,1,0,10,1,0,0,0,10,2,22,2,1,0
I225,2,0,0,0,0,16,0,12,0,0,5,3,3,0,2,4,0,1,0,10,1,1,0,0,10,2,22,2,1,2
1549,2,0,0,0,1,16,0,12,0,0,5,3,d,0,2,4,0,d,24,10,1,1,0,0,10,2,22,2,1,2
1660,s,0,0,0,1,d,d,12,0,d,5,d,3,0,2,4,1,1,0,10,1,1,0,2,10,d,22,2,1,2
I233,2,0,6,s,1,16,0,0,0,5,5,s,3,0,2,4,0,1,0,10,1,0,0,5,10,2,22,2,1,0
1486,2,2,6,s,1,16,0,0,0,5,d,s,3,d,d,4,0,1,0,10,1,0,d,5,10,2,22,2,1,0
1562,d,0,6,s,1,16,d,0,0,5,5,s,3,d,d,4,0,1,d,10,1,0,0,5,d,2,22,2,1,2
I239,0,0,0,0,0,16,0,0,0,0,5,3,3,0,2,4,0,0,0,10,1,0,8,0,10,2,22,2,1,0
I240,0,0,0,0,0,16,0,12,0,0,5,3,3,0,2,4,0,0,0,10,1,s,8,0,10,2,22,2,1,0
1951,0,0,0,0,0,16,0,d,d,d,5,3,3,0,2,4,d,2,d,10,1,s,d,0,10,2,22,2,1,d
I244,0,0,0,0,0,16,0,12,0,0,5,3,3,0,2,4,0,0,0,10,1,s,8,0,10,2,22,2,1,0
985,0,0,0,0,d,16,d,12,0,0,5,3,d,0,2,4,0,0,0,d,1,s,8,d,10,2,22,2,1,0
2033,0,0,0,0,0,16,0,d,0,0,d,3,3,0,2,4,0,0,0,10,1,s,8,0,d,2,22,2,1,0
I249,0,0,0,3,0,16,0,0,8,0,5,3,3,0,2,4,s,1,0,10,1,0,8,0,10,2,22,2,1,0
1997,0,2,d,3,0,16,0,0,8,d,5,3,3,0,d,4,s,1,0,10,1,0,s,0,10,2,d,2,1,0
1030,0,2,0,3,1,16,0,d,8,0,5,3,3,d,2,4,s,1,19,10,d,0,8,2,10,2,22,2,1,0
I251,0,0,0,0,s,0,0,0,0,0,0,3,0,0,0,0,0,0,0,0,0,0,0,0,0,0,22,0,0,0
I252,s,0,8,0,s,0,0,0,0,0,0,3,0,0,2,5,1,0,0,0,0,0,0,2,0,0,22,0,0,0
I253,s,0,8,0,s,0,0,0,0,0,0,3,0,0,2,5,1,0,0,0,1,0,0,2,0,0,22,0,0,0
I254,s,0,8,0,s,0,0,0,0,0,0,3,0,0,s,5,1,0,0,3,1,s,0,2,0,0,22,0,0,0
I255,s,0,8,0,s,0,0,0,0,0,0,3,0,0,s,5,1,0,0,3,1,s,0,2,0,2,22,0,0,0
I256,s,0,8,0,s,0,0,0,11,s,0,3,0,0,s,5,1,0,0,3,1,s,0,2,0,2,s,2,0,0
I257,s,0,8,0,s,0,0,0,11,s,0,3,0,0,s,5,1,0,0,3,1,s,0,2,0,2,s,2,0,0
I258,s,0,8,0,s,0,40,0,11,s,0,3,0,0,s,5,1,0,0,3,1,s,0,2,0,2,s,2,0,0
1223,s,0,8,0,s,0,40,0,11,s,0,d,0,0,s,5,1,0,0,3,1,s,0,d,d,2,s,2,0,d
1222,s,0,8,0,s,0,d,0,11,s,0,3,0,0,s,5,1,2,0,3,1,s,0,2,0,2,s,d,0,0
1379,s,2,8,0,s,0,d,0,11,s,0,3,0,3,s,5,1,0,d,3,1,s,0,2,11,2,s,2,0,0
1359,s,s,8,0,s,d,0,0,11,s,0,d,0,0,s,5,1,s,0,3,1,s,0,2,5,2,s,2,0,10
I263,s,0,8,0,s,0,0,0,0,0,0,3,2,0,s,5,1,0,0,3,1,s,0,2,0,2,22,0,0,0
I264,s,0,8,0,s,0,0,0,0,0,0,3,2,10,s,5,1,0,0,3,1,s,0,2,0,2,22,0,0,0
I265,s,0,8,0,s,0,0,0,0,0,0,3,2,10,s,5,1,0,0,3,1,s,0,2,0,2,22,0,0,0
1101,s,0,8,0,s,d,0,0,s,0,0,3,2,10,s,5,1,0,0,d,1,s,8,2,0,2,22,d,0,0
1100,s,0,8,0,s,0,d,0,0,0,0,3,d,10,s,5,1,0,0,3,1,s,0,2,12,2,d,0,0,0
1254,s,0,8,0,s,0,d,0,14,0,0,3,2,10,s,5,1,0,0,3,1,s,0,2,0,2,22,0,0,0
I267,s,0,8,0,s,0,0,5,0,5,0,3,2,0,s,5,1,0,0,3,1,s,0,2,0,2,22,0,0,28
1054,s,0,8,0,s,0,0,d,0,5,0,3,2,27,s,5,1,0,0,3,1,s,0,d,d,2,22,0,6,28
1278,s,0,s,0,s,d,5,5,d,5,0,3,2,0,s,5,d,0,0,3,1,s,d,2,0,2,22,0,0,28
I270,s,0,8,0,s,0,0,0,3,0,0,3,0,10,s,5,1,0,0,3,1,s,0,2,8,0,22,0,0,0
I271,s,0,8,0,s,0,0,0,3,0,0,3,0,10,s,5,1,2,0,3,1,s,0,2,8,0,22,0,0,30
I272,s,0,8,0,s,0,0,0,3,0,0,3,0,10,s,5,1,2,0,3,1,s,0,2,8,0,22,0,0,30
1004,s,2,d,0,s,0,0,2,3,5,0,3,d,10,s,5,1,2,0,3,1,s,0,d,8,d,22,d,0,30
1909,s,2,8,0,s,0,0,1,3,0,0,3,3,10,s,5,1,d,0,3,1,s,d,d,8,0,22,0,0,30
1186,s,2,8,d,s,0,0,d,3,5,0,3,d,10,s,5,1,d,0,3,1,s,0,2,8,0,22,0,0,d
I280,s,0,8,0,s,0,0,2,3,0,0,3,0,10,s,5,1,0,0,3,1,s,0,2,8,0,22,0,0,0
I281,s,0,8,0,s,0,0,2,3,0,0,3,0,10,s,5,1,0,0,3,1,s,0,2,8,0,22,0,0,0
1318,s,2,8,1,s,0,0,d,d,0,0,3,3,10,s,5,1,0,0,3,1,s,0,2,8,2,22,s,0,1
1180,s,d,d,0,s,30,1,2,d,1,0,3,6,10,s,5,1,1,12,3,1,s,0,2,d,0,22,0,0,0
I284,s,0,8,0,s,0,0,2,3,0,0,3,0,10,s,5,1,0,0,3,1,s,0,2,8,2,22,0,0,0
1772,s,d,8,d,s,0,d,2,3,0,2,3,d,10,s,d,1,0,0,3,1,s,0,2,8,2,22,0,1,0
1475,s,0,d,0,s,0,0,2,3,0,0,3,0,d,s,5,1,0,0,d,1,s,0,2,d,2,22,s,0,0
I287,s,0,8,0,s,0,0,0,6,0,0,3,0,5,2,5,1,0,s,0,1,0,s,2,0,0,22,0,0,0
I288,s,0,8,0,s,0,0,0,6,1,0,3,0,5,2,5,1,0,s,0,1,0,s,2,0,0,22,0,0,0
I289,s,0,8,0,s,0,0,0,6,1,0,3,0,5,2,5,1,0,s,0,1,0,s,2,5,0,22,2,0,0
1145,s,d,8,0,s,d,0,0,6,1,0,3,0,5,2,5,1,0,s,d,1,0,s,d,5,0,d,2,0,0
I293,s,0,8,0,s,0,0,0,6,1,0,3,0,5,2,5,1,0,s,0,1,1,s,2,5,2,22,2,0,0
1605,s,2,8,d,s,0,s,0,6,1,0,d,0,5,2,5,d,d,s,0,1,1,s,2,5,2,22,2,0,0
1416,s,0,8,1,s,d,0,0,d,1,d,3,d,5,2,5,1,0,s,0,1,1,s,2,d,2,22,2,0,0
I296,s,0,8,0,s,0,5,0,6,1,0,3,0,5,2,5,1,0,s,0,1,0,s,2,1,0,22,0,0,0
I298,s,0,8,0,s,6,5,s,6,1,0,3,6,5,2,5,1,0,s,0,1,0,s,2,1,0,22,0,0,0
1733,s,0,8,0,s,6,5,s,6,1,0,3,d,5,2,5,d,0,s,d,1,0,s,2,d,0,22,0,0,0
1732,s,0,8,0,s,6,5,s,d,1,0,3,6,5,2,5,1,0,s,d,1,0,s,2,1,d,22,0,0,d
I300,s,0,8,0,s,2,5,0,6,1,0,3,0,5,2,5,1,0,s,0,1,0,s,2,1,1,22,0,0,0
1493,s,2,8,0,s,2,5,0,6,1,0,3,0,d,2,s,1,0,s,0,d,0,s,2,1,1,22,0,1,0
1238,s,2,8,0,s,2,5,0,6,1,0,3,6,5,d,5,1,0,s,d,1,0,s,2,1,1,22,0,d,0
I303,s,0,8,0,s,0,0,0,6,0,0,3,0,5,2,5,1,0,s,6,1,0,s,2,0,0,22,0,0,0
I304,s,0,8,0,s,0,2,0,6,0,0,3,0,5,2,5,1,0,s,6,1,0,s,2,0,2,22,0,0,0
1807,s,0,8,1,s,20,2,0,6,d,0,3,0,5,2,5,1,0,s,6,1,0,s,2,1,2,22,0,0,1
I309,s,0,8,0,s,0,2,17,6,0,0,s,0,5,2,5,1,0,s,6,1,1,s,s,1,2,22,0,0,s
1841,s,0,d,0,s,0,2,d,6,d,d,s,0,5,2,5,1,0,s,6,1,1,s,s,d,2,22,0,0,s
1840,s,0,8,0,s,0,d,17,6,0,0,s,0,5,2,5,1,d,s,d,1,1,s,s,1,2,22,0,0,s
I310,s,0,8,0,s,0,0,0,6,0,0,3,0,5,2,5,1,0,s,6,1,0,s,2,0,0,22,0,0,0
I311,s,2,8,0,s,0,0,0,6,0,0,3,6,5,2,5,1,2,s,6,1,0,s,2,0,0,22,0,1,2
1745,s,d,8,0,s,0,d,0,6,0,d,3,6,5,2,5,1,2,s,6,1,0,s,2,0,0,22,d,1,2
I313,s,2,8,0,s,12,0,0,6,0,0,3,6,5,2,5,1,2,s,6,1,0,s,2,0,0,22,0,1,2
1369,s,2,8,0,s,12,0,0,d,0,0,d,6,5,2,5,1,2,s,6,1,0,s,2,d,0,22,0,1,2
1368,s,2,8,0,s,d,0,0,6,0,0,d,6,5,2,5,1,2,s,6,1,0,s,2,0,0,22,d,1,2
I314,s,3,8,0,s,0,0,0,6,0,0,3,0,5,2,5,1,0,s,6,1,0,s,2,0,2,22,2,0,19
1783,s,3,8,0,s,30,d,0,6,0,d,d,0,5,2,5,1,0,s,6,1,d,s,d,0,d,22,d,d,19
I316,s,3,8,0,s,0,0,0,6,0,0,3,0,5,2,5,1,2,s,6,1,0,s,2,0,2,22,2,0,19
1889,s,3,8,d,s,0,0,d,6,d,0,3,0,5,2,5,1,2,s,6,d,0,s,2,0,d,d,2,0,19
1888,s,3,8,0,s,d,0,0,6,0,d,d,0,5,2,5,d,2,s,6,1,0,s,2,0,2,22,2,0,19
I317,s,0,8,s,s,0,1,0,0,0,0,3,0,0,2,5,1,0,0,0,0,0,0,2,0,6,22,0,0,0
I318,s,0,8,s,s,0,1,12,0,0,0,3,0,32,2,5,1,0,0,0,0,1,0,2,0,6,22,0,0,0
I319,s,0,8,s,s,0,s,12,0,0,0,3,0,32,2,5,1,0,0,0,0,1,0,2,0,6,22,0,0,0
I320,s,0,8,s,s,5,s,12,s,0,0,3,0,32,2,5,1,0,0,0,0,1,0,2,0,6,22,0,0,0
1801,s,0,8,s,s,5,s,12,s,d,0,3,0,32,2,5,d,0,d,0,0,1,0,2,0,d,22,0,1,0
1428,s,0,8,s,s,5,s,12,s,5,0,d,0,32,2,5,1,2,0,20,0,1,d,2,0,6,s,0,d,0
I327,s,0,8,s,s,0,s,12,0,0,0,3,0,32,2,5,1,0,s,0,0,1,0,2,0,6,22,0,0,s
I328,s,0,8,s,s,s,s,12,14,0,5,3,0,32,2,5,1,0,s,0,0,1,8,2,0,6,22,0,0,s
I329,s,0,8,s,s,s,s,12,14,0,5,3,0,32,2,5,1,2,s,0,0,1,8,2,1,6,22,0,0,s
1129,s,0,8,s,s,s,s,12,14,0,5,3,0,32,2,5,d,2,s,0,0,d,d,2,1,6,22,0,0,s
1128,s,0,8,s,s,s,s,12,14,0,5,3,0,32,2,5,d,2,s,0,3,1,d,d,1,6,22,0,0,s
1293,s,0,d,s,s,s,s,d,14,0,5,3,6,32,2,5,1,0,s,41,0,1,8,d,0,6,22,2,d,s
I331,s,0,8,s,s,0,s,12,0,0,0,3,0,32,2,5,1,0,s,0,0,1,0,2,0,6,22,0,0,s
1140,s,0,8,s,s,0,s,12,0,1,0,3,d,32,2,5,1,0,s,0,0,1,0,2,0,6,22,s,0,s
1538,s,s,8,s,s,7,s,12,0,0,0,3,d,32,2,5,1,0,s,0,d,1,d,2,0,6,22,0,1,s
I334,s,0,8,s,s,0,1,12,0,5,0,3,0,32,2,5,1,0,0,0,0,1,0,2,0,6,22,0,0,0
I335,s,0,8,s,s,0,1,12,0,5,0,3,0,32,2,5,1,0,0,0,0,1,0,2,0,6,22,0,0,13
I336,s,0,8,s,s,1,1,12,0,5,2,3,0,32,2,5,1,0,0,0,0,1,0,2,1,6,22,0,0,13
I337,s,0,8,s,s,1,1,12,0,5,2,3,0,32,2,5,1,0,0,0,0,1,0,2,1,6,22,0,0,13
1977,s,0,8,s,s,d,1,12,0,5,2,3,0,32,2,5,d,0,0,d,d,1,d,d,1,6,22,d,0,13
1976,s,0,d,s,s,1,1,12,0,5,2,3,0,32,2,5,1,d,0,0,0,1,0,2,d,6,22,0,0,13
1897,s,d,d,s,s,1,d,12,0,5,2,3,d,32,2,5,1,0,d,0,4,d,0,2,1,6,d,0,0,d
I339,s,0,8,s,s,0,1,12,0,5,0,3,2,32,2,5,1,0,0,0,0,1,0,2,0,6,22,s,0,13
I340,s,0,8,s,s,0,1,12,0,5,0,3,2,32,2,5,1,0,0,0,0,1,0,2,0,6,22,s,0,13
1665,s,0,8,s,s,0,1,d,0,5,0,3,2,32,2,d,1,2,0,0,0,d,0,d,0,6,22,s,0,13
1664,s,0,d,s,s,d,1,d,d,5,0,3,2,32,2,5,1,0,0,0,d,1,d,2,0,6,22,s,0,13
1899,s,0,8,s,s,12,1,d,0,5,0,d,2,32,d,5,d,d,d,d,0,1,0,2,d,6,22,s,0,13
I342,s,0,8,s,s,0,1,12,0,5,0,3,0,32,2,5,1,0,0,0,0,1,0,2,0,6,22,0,0,0
I343,s,0,8,s,s,0,s,12,0,5,0,3,0,32,2,5,1,0,0,0,0,1,0,2,s,6,22,0,0,0
I344,s,0,8,s,s,0,s,12,0,5,0,3,3,32,2,5,1,0,0,0,0,1,0,2,s,6,22,0,0,0
1735,s,0,d,s,s,0,s,12,0,5,d,3,3,32,2,5,1,d,d,0,0,1,0,2,s,6,22,0,0,0
1734,s,0,8,s,s,0,s,d,0,5,0,3,3,32,2,5,d,0,0,0,0,1,0,2,s,6,22,0,0,0
1695,s,0,8,s,s,0,s,12,0,5,2,3,0,32,2,5,1,0,d,0,0,1,0,2,s,6,22,2,0,0
I348,s,0,8,s,s,0,1,12,0,5,0,3,0,32,2,5,1,0,0,0,0,1,0,2,0,6,22,0,0,0
1499,s,d,8,s,s,d,1,12,d,5,0,3,0,s,2,5,1,d,0,d,0,1,0,2,d,6,22,d,0,0
1498,s,s,d,s,s,0,d,d,0,5,2,3,0,d,2,5,d,d,0,d,0,d,0,2,0,6,22,d,0,0
I349,s,0,8,s,s,0,1,0,0,0,2,3,0,5,2,5,1,0,0,0,0,0,0,2,0,s,22,0,0,0
I350,s,0,8,s,s,0,1,0,0,0,2,3,0,5,2,5,1,0,0,7,0,0,0,2,0,s,22,0,0,0
1601,s,s,d,s,s,0,1,0,0,5,2,d,0,5,2,5,s,d,d,d,0,s,0,2,0,s,22,d,d,1
I358,s,0,8,s,s,0,1,0,0,0,2,3,0,5,2,5,1,0,0,7,3,0,0,2,0,s,22,0,0,0
I359,s,0,8,s,s,6,1,0,0,0,2,3,0,5,2,5,1,0,0,7,3,0,0,2,0,s,22,0,0,0
1166,s,0,8,s,s,6,1,d,0,0,2,d,0,5,d,5,1,2,0,7,d,d,0,2,0,s,22,0,0,d
1137,s,0,8,s,s,6,1,d,0,0,2,3,0,5,2,5,1,0,12,d,3,0,0,2,0,s,22,0,0,d
I363,s,0,8,s,s,27,1,0,0,0,2,3,0,5,2,5,1,2,0,7,3,0,0,2,0,s,22,0,0,s
1219,s,0,8,s,s,27,1,0,0,0,d,3,0,d,2,5,1,2,0,7,3,0,0,2,0,s,22,0,0,s
1218,s,0,8,s,s,27,1,0,0,0,2,3,0,5,2,5,1,2,0,7,d,2,0,2,0,s,22,2,0,s
I365,s,0,8,s,s,0,1,0,0,0,2,3,0,5,2,5,1,0,0,0,0,0,0,2,0,s,22,0,0,0
I366,s,0,8,s,s,0,1,0,0,0,2,3,0,5,2,s,1,0,0,10,0,0,0,2,0,s,22,0,0,11
I367,s,2,8,s,s,0,1,0,0,0,2,3,0,5,2,s,1,0,0,10,0,0,0,2,0,s,22,0,0,11
1650,s,2,8,s,s,d,d,0,0,d,2,3,0,5,2,s,1,d,0,d,0,0,d,2,0,s,22,0,0,11
I369,s,2,8,s,s,0,1,0,0,0,2,3,0,5,2,s,1,0,12,10,0,0,0,2,0,s,22,2,0,11
1525,s,2,8,s,s,0,1,0,0,0,2,3,0,5,2,s,1,0,d,10,0,0,0,2,0,s,22,2,d,11
1524,s,2,8,s,s,0,1,0,0,d,2,3,2,5,2,s,1,0,12,10,0,0,0,2,d,s,22,2,0,11
I371,s,0,8,s,s,0,1,0,0,5,2,3,0,5,2,s,1,0,0,10,0,0,0,2,s,s,22,0,1,11
1941,s,0,8,s,s,0,1,0,0,5,2,3,0,5,2,s,1,0,0,10,0,0,0,2,s,s,d,d,1,11
1940,s,0,8,s,s,0,1,0,0,5,d,3,0,5,2,s,1,0,d,d,0,0,0,2,s,s,22,0,1,11
I373,s,0,8,s,s,0,1,0,0,0,2,3,0,5,2,5,1,0,0,0,0,0,s,2,0,s,22,0,0,0
I374,s,0,8,s,s,0,1,0,0,0,2,3,0,5,2,5,1,0,0,0,0,0,s,2,0,s,22,0,0,0
1346,s,d,8,s,s,0,1,15,0,0,2,3,0,5,2,5,1,d,d,0,0,0,s,2,0,s,d,0,d,0
I376,s,0,8,s,s,0,1,0,0,0,2,3,0,5,2,5,1,0,0,10,0,0,s,2,0,s,22,0,1,0
1085,s,0,d,s,s,0,1,0,d,0,2,3,0,5,2,5,1,0,0,10,1,0,s,2,0,s,22,0,1,30
1084,s,0,8,s,s,0,1,d,0,0,2,3,0,s,2,5,1,0,0,10,0,1,s,2,0,s,22,0,1,0
1391,s,2,8,s,s,0,1,0,0,0,2,d,0,5,2,d,1,0,0,0,0,0,s,2,0,s,22,0,0,13
I380,0,0,0,0,s,0,0,0,0,0,0,3,0,0,0,0,0,0,0,0,0,0,2,0,0,0,22,0,0,0
I381,2,0,0,0,s,0,0,0,0,0,2,3,2,0,0,32,0,0,0,0,0,0,2,0,0,0,22,0,0,s
I382,2,0,0,0,s,0,0,0,0,s,2,3,2,0,0,32,0,0,0,0,0,0,2,0,0,0,22,0,0,s
I383,2,0,4,0,s,0,0,0,0,s,2,3,2,0,0,32,0,0,0,0,0,0,2,0,0,0,22,0,0,s
I384,2,0,4,0,s,0,2,0,0,s,2,3,2,0,0,32,4,0,0,0,0,0,2,0,0,0,22,0,0,s
I385,2,0,4,0,s,0,2,0,0,s,2,3,2,0,0,32,4,0,0,0,0,0,2,0,0,0,22,0,0,s
1839,d,0,4,0,s,0,2,0,0,s,2,3,2,0,0,32,4,0,d,5,0,0,d,0,0,3,22,d,0,s
1567,2,0,4,0,s,16,2,1,8,s,2,3,d,0,0,32,4,0,0,0,0,s,2,0,8,0,22,0,0,s
I390,2,0,4,0,s,0,2,0,0,s,2,3,2,0,2,32,4,2,0,0,0,s,2,0,0,0,22,0,0,s
1699,d,0,4,0,s,d,2,0,0,s,2,3,2,0,d,32,4,d,0,0,0,s,2,0,0,0,22,0,0,s
1698,2,0,4,d,s,d,d,0,d,s,d,d,2,0,2,32,4,2,0,0,0,s,2,d,0,0,22,0,d,s
I391,2,0,4,0,s,0,0,0,0,s,2,3,2,0,2,32,0,0,0,0,0,0,2,0,0,2,22,0,0,s
I392,2,0,4,0,s,0,0,0,0,s,2,3,2,0,2,32,0,0,0,22,0,0,2,0,0,2,22,0,0,s
I393,2,0,4,0,s,0,0,0,0,s,2,3,2,0,2,32,0,0,0,22,0,0,2,0,0,2,22,0,0,s
1675,2,0,4,0,s,0,0,0,0,s,d,3,2,0,d,32,0,s,0,22,0,0,2,0,0,2,22,0,0,s
1674,2,0,4,0,s,0,0,d,0,s,2,3,2,0,2,d,3,0,d,22,0,0,2,0,0,2,22,0,0,s
I394,2,0,4,0,s,0,0,0,0,s,2,3,2,0,2,32,0,0,0,22,0,0,2,0,0,2,22,s,0,s
1741,d,0,4,0,s,0,s,0,0,s,2,3,2,0,2,32,0,0,0,22,0,0,2,0,0,2,22,s,d,s
1740,2,0,4,0,s,0,0,0,0,s,2,3,2,0,2,32,0,0,d,22,0,0,2,0,0,2,22,s,0,s
I395,2,2,4,0,s,16,0,0,0,s,2,3,2,0,2,32,0,0,0,0,3,0,2,0,1,2,22,0,0,s
I396,s,2,4,0,s,16,0,0,0,s,2,3,s,0,2,32,s,0,0,0,3,0,2,0,1,2,22,0,0,s
1593,s,2,4,0,s,16,d,0,0,s,2,3,s,0,2,32,s,0,0,0,3,0,2,0,1,d,22,0,0,s
1592,s,2,4,0,s,16,0,0,0,s,2,3,s,0,d,32,s,0,d,0,3,d,2,0,1,2,22,0,0,s
1711,d,2,4,0,s,16,0,5,0,s,s,3,2,0,2,d,0,0,0,0,3,0,2,0,1,2,22,0,1,s
I398,2,s,0,0,s,0,0,0,0,s,2,3,2,0,0,32,0,0,0,0,0,0,2,0,0,0,22,0,0,s
I399,2,s,0,0,s,0,0,0,0,s,2,3,2,0,0,32,0,1,0,0,0,0,2,7,0,0,22,0,0,s
I402,2,s,4,0,s,0,0,0,s,s,2,3,2,5,s,32,0,1,s,0,0,1,2,7,1,0,22,0,1,s
1895,2,s,d,0,s,d,0,0,s,s,2,3,2,5,s,d,0,1,s,d,0,1,2,d,1,0,s,0,d,s
1894,2,s,4,0,s,d,d,d,s,s,2,3,2,5,s,32,0,1,s,d,0,1,2,7,1,0,22,0,d,s
I403,2,s,0,0,s,0,0,2,0,s,2,3,2,0,0,32,0,s,0,3,0,0,2,7,0,0,22,0,1,s
I404,2,s,0,0,s,0,0,2,0,s,2,3,2,0,0,32,0,s,0,3,0,0,2,7,0,0,22,0,1,s
1789,2,s,0,2,s,0,0,2,0,s,2,3,2,0,0,32,0,s,0,3,0,0,2,7,0,d,22,0,1,s
1788,s,s,0,0,s,0,d,2,14,s,2,3,2,0,0,32,0,s,0,d,0,0,d,7,0,0,22,d,1,s
1880,d,s,s,0,s,d,d,2,0,s,2,d,2,0,0,32,0,s,12,3,d,0,2,7,0,0,22,0,d,s
I411,2,s,4,0,s,0,0,0,0,s,2,3,2,0,0,32,1,0,0,0,0,0,2,0,1,0,22,2,1,s
1829,2,s,4,0,s,0,0,0,0,s,2,3,2,0,0,32,1,0,0,0,0,0,2,d,1,0,22,2,d,s
1828,2,s,4,0,s,0,0,0,0,s,2,3,2,0,0,32,d,d,0,0,0,0,2,0,1,0,22,2,d,s
I413,2,0,0,0,s,0,0,0,0,0,2,3,2,0,0,32,1,0,0,10,0,0,2,0,0,0,22,0,0,s
I414,2,0,5,0,s,0,0,0,0,0,2,3,2,0,0,32,1,0,0,10,0,1,2,0,0,0,22,0,0,s
I415,2,0,5,0,s,0,0,0,0,0,2,3,2,0,0,32,1,0,0,10,0,1,2,0,0,0,22,0,0,s
1415,2,d,5,0,s,6,0,0,0,0,2,3,s,0,d,32,1,0,0,10,0,d,2,0,11,0,22,0,d,s
I419,2,s,5,0,s,0,9,0,0,0,2,s,2,0,0,32,1,0,0,10,0,1,2,0,0,0,22,0,0,s
1291,2,s,5,0,s,0,d,0,0,0,2,s,d,0,2,32,1,0,d,10,0,1,2,0,0,0,22,0,0,s
I421,2,s,5,0,s,0,9,12,0,0,2,s,2,0,0,32,1,0,0,10,0,1,2,0,0,0,22,0,0,s
1285,2,s,5,0,s,0,9,d,0,0,2,s,2,0,0,32,1,0,0,10,0,1,2,d,0,0,22,0,d,s
1284,2,s,5,0,s,0,9,12,0,0,2,s,2,0,0,d,1,d,d,10,0,1,2,0,0,0,22,d,0,s
1108,s,2,5,0,s,0,0,12,0,5,s,3,2,0,0,d,1,0,3,10,1,1,2,3,0,0,22,d,1,s
I429,2,0,0,0,s,0,0,0,0,0,2,3,2,0,0,32,1,0,0,10,0,0,2,0,0,0,22,0,0,s
I430,2,0,0,2,s,0,0,0,0,0,2,3,s,0,0,32,1,0,0,10,0,0,2,2,0,0,22,0,0,s
I432,2,0,0,2,s,0,0,1,0,5,2,3,s,0,0,32,1,0,0,10,0,1,2,2,0,0,22,0,0,s
1409,2,0,0,2,s,0,16,1,d,5,d,3,s,0,d,32,d,d,0,d,3,1,2,2,0,0,22,0,0,s
1408,2,0,0,2,s,0,d,1,0,5,2,3,s,d,0,32,1,0,0,10,0,1,2,d,0,0,22,0,d,s
I434,2,0,0,2,s,0,0,0,0,0,2,3,s,36,0,32,1,0,0,10,0,0,2,2,0,0,22,0,s,s
1663,2,0,0,2,s,0,5,d,0,0,2,3,s,36,d,32,1,0,d,10,0,0,2,2,0,0,22,2,s,s
I436,2,0,0,2,s,0,0,0,0,0,2,3,s,36,0,s,1,2,0,10,0,0,2,2,0,0,22,2,s,s
1585,2,0,d,2,s,0,d,0,0,0,2,3,s,36,0,s,1,2,0,10,0,0,2,2,0,0,22,d,s,s
1584,2,0,0,2,s,0,0,0,0,0,2,3,s,36,d,s,1,2,0,10,0,0,2,2,0,0,22,d,s,s
I437,2,0,0,0,s,7,0,0,0,0,2,3,2,0,0,32,1,0,0,10,0,0,2,s,0,0,22,0,1,s
I438,2,0,0,0,s,7,0,0,0,5,2,3,2,0,0,32,1,2,0,10,0,1,2,s,0,0,22,0,1,s
1528,2,d,0,0,s,7,0,0,0,5,2,3,2,0,0,32,1,2,9,10,0,1,2,s,s,0,22,0,1,s
1602,2,0,0,0,s,7,0,0,0,5,2,3,2,0,0,32,1,2,0,10,0,1,2,s,0,d,22,2,1,s
1543,2,0,d,0,s,d,0,11,0,5,2,3,2,0,0,32,1,0,0,10,s,1,2,s,0,0,22,d,1,s
I444,0,0,s,0,s,0,6,0,0,0,0,3,0,0,0,0,0,0,0,0,0,0,2,0,0,0,22,0,0,11
I445,0,0,s,0,s,0,6,0,0,5,0,3,0,0,0,0,1,0,0,0,0,0,2,0,0,0,22,0,0,11
I446,0,0,s,0,s,0,6,8,0,5,0,3,0,0,0,8,1,0,0,0,0,0,2,0,0,0,22,0,0,11
I447,0,0,s,0,s,0,6,8,0,5,0,3,0,0,0,8,1,0,0,0,0,0,2,0,0,0,22,0,0,11
I448,0,0,s,0,s,0,6,8,0,5,0,3,s,0,0,8,1,0,0,0,0,0,2,0,0,2,s,0,0,11
1481,2,d,s,0,s,0,6,8,0,5,0,3,s,0,0,8,1,0,0,0,0,0,2,d,d,2,s,s,0,11
I450,2,0,s,0,s,0,6,8,0,5,0,3,s,0,0,8,1,0,0,0,0,0,2,0,0,2,s,0,0,11
1273,2,0,s,0,s,0,6,8,0,5,0,3,s,0,0,d,1,0,0,0,0,d,2,0,0,2,s,d,0,11
1272,2,0,s,0,s,0,6,d,d,5,0,3,s,0,0,8,1,d,0,0,0,1,2,d,0,2,s,0,0,11
I451,0,0,s,0,s,0,6,8,0,5,0,3,0,0,0,8,1,0,16,0,0,0,2,0,0,0,22,0,0,11
I452,0,0,s,0,s,0,6,8,10,5,0,3,3,0,0,s,1,2,16,0,0,0,2,0,0,0,22,0,0,11
1143,0,d,s,0,s,0,6,8,10,5,0,3,3,0,0,s,1,2,16,0,0,0,d,0,0,d,d,d,d,11
1142,0,0,s,0,s,d,6,8,d,5,0,3,d,0,0,s,1,d,16,0,0,0,2,1,d,d,22,0,1,11
1152,s,0,s,0,s,0,s,8,11,5,0,3,3,d,0,8,1,d,16,0,0,0,2,0,d,0,22,2,0,11
I454,0,0,s,0,s,0,6,8,0,5,0,3,0,0,0,8,1,2,s,0,0,0,2,0,0,3,22,0,0,11
I455,0,0,s,0,s,5,6,8,0,5,0,3,0,0,2,8,1,2,s,15,0,0,2,0,0,3,22,2,0,11
1907,0,0,s,0,s,5,6,8,0,5,0,3,s,d,2,d,1,2,s,15,0,0,2,0,0,3,22,2,0,11
1820,0,0,s,d,s,5,6,d,0,5,0,d,0,0,d,d,1,2,s,15,0,0,d,0,0,3,22,2,0,11
1874,s,0,s,d,s,0,6,8,0,5,0,3,4,s,0,8,1,d,s,0,1,0,2,1,0,3,22,0,0,d
I461,0,0,s,0,s,0,6,0,6,5,8,3,0,0,0,0,1,0,0,0,0,0,2,0,0,0,22,0,0,11
I462,0,0,s,1,s,0,6,0,6,5,8,3,0,0,0,0,1,2,0,0,s,1,2,5,0,0,22,0,0,11
I463,2,0,s,1,s,0,6,0,6,5,8,3,0,0,0,0,1,2,0,0,s,1,2,5,0,0,22,0,0,11
1466,2,0,s,d,s,0,6,d,6,5,8,3,0,0,0,0,1,2,0,0,s,d,2,5,0,0,d,0,1,d
I465,2,s,s,1,s,0,6,0,6,5,8,3,0,0,s,0,1,2,0,0,s,1,2,5,0,0,22,0,0,11
1565,2,s,s,1,s,d,6,0,6,d,8,3,0,0,s,d,1,2,0,0,s,1,d,5,0,0,22,0,0,11
1564,d,s,s,1,s,0,d,0,6,5,d,3,0,0,s,d,1,2,0,0,s,1,2,5,0,0,22,0,d,11
I466,0,2,s,1,s,0,6,0,6,5,8,3,0,0,0,0,1,2,0,0,s,1,2,5,5,0,22,0,0,11
1890,0,2,s,1,s,0,6,0,6,5,8,3,0,0,2,0,1,2,0,0,s,1,d,5,d,0,d,0,0,d
I468,0,2,s,1,s,0,6,0,6,5,8,3,0,0,0,0,1,2,0,0,s,1,2,5,5,0,22,0,0,11
1771,0,2,s,1,s,0,6,0,d,5,8,3,0,0,0,0,d,2,0,0,s,1,d,5,5,0,22,0,0,d
1770,0,2,s,1,s,0,6,d,6,5,d,3,d,0,0,0,1,2,0,0,s,1,d,5,5,2,22,0,1,11
I469,0,2,s,0,s,0,6,0,6,5,8,3,0,0,0,0,1,0,0,4,1,1,2,0,0,0,22,0,0,11
1618,2,2,s,0,s,0,6,0,6,d,8,3,2,0,2,0,1,0,0,4,1,1,d,d,0,0,22,0,0,11
I473,0,2,s,0,s,0,6,0,6,5,8,3,7,0,0,s,1,0,0,4,1,1,2,0,0,0,22,s,0,11
I474,0,2,s,0,s,0,6,0,6,5,8,3,7,0,0,s,1,0,0,4,1,1,2,0,0,0,22,s,0,11
1853,0,2,s,0,s,0,6,0,6,5,d,d,d,0,d,s,1,d,0,d,1,1,2,0,0,0,22,s,0,11
1852,0,2,s,0,s,d,d,0,6,d,8,3,7,d,d,s,1,0,0,4,1,d,d,0,0,0,22,s,0,11
1915,d,2,s,0,s,0,6,1,6,5,8,d,7,0,s,s,1,0,0,4,1,1,2,0,0,0,22,s,1,11
I476,0,0,s,0,s,0,6,0,16,5,0,3,0,0,2,0,0,0,0,0,1,0,2,7,0,0,22,0,0,s
I477,0,0,s,0,s,0,6,0,16,5,0,3,0,0,2,0,0,0,0,0,1,0,2,7,0,0,22,0,0,s
I478,0,0,s,0,s,0,6,0,16,5,0,3,0,0,2,0,0,0,0,0,1,0,2,7,0,0,22,0,0,s
1609,0,0,s,0,s,8,6,0,d,5,d,3,0,0,d,0,d,0,22,3,1,0,2,7,3,2,22,d,0,s
1705,d,s,s,0,s,0,6,0,16,5,0,3,0,0,2,0,0,0,16,25,1,0,s,7,0,0,22,0,0,s
I485,0,0,s,0,s,0,6,0,16,5,0,3,3,0,2,0,0,0,0,0,1,0,2,7,0,0,22,0,0,s
1809,2,0,s,0,s,5,6,0,16,5,2,3,d,22,d,0,1,d,0,0,1,0,2,7,0,0,s,d,d,s
1969,0,0,s,0,s,6,6,0,16,5,0,3,3,0,d,0,0,0,d,0,1,0,2,7,0,0,22,0,d,s
I492,0,2,s,0,s,0,6,0,16,5,0,3,0,0,2,0,0,0,0,0,1,1,2,7,0,0,22,0,1,s
I493,0,2,s,0,s,0,6,0,16,5,0,3,0,5,2,0,0,0,0,0,1,1,2,7,0,3,22,0,1,s
I494,0,2,s,0,s,0,6,8,16,5,0,3,0,5,2,0,1,0,0,0,1,1,2,7,0,3,22,0,1,s
1865,0,2,s,0,s,0,d,8,16,5,0,3,0,5,d,0,1,d,0,0,1,1,2,7,0,3,22,0,1,s
1958,0,2,s,0,s,0,6,8,16,5,0,3,0,5,2,0,1,0,0,0,1,1,2,d,0,d,d,0,1,s
I497,0,2,s,0,s,0,6,0,16,5,0,3,0,s,2,0,0,0,0,0,1,1,2,7,0,3,22,0,1,s
1611,0,2,s,0,s,0,6,0,16,5,0,3,0,s,2,0,0,d,0,0,d,1,2,7,d,3,d,0,1,s
I499,0,2,s,0,s,0,6,0,16,5,0,3,0,s,2,0,0,0,0,0,1,1,2,7,0,3,22,0,1,s
1479,0,d,s,0,s,0,s,0,16,5,0,3,0,s,2,7,1,0,d,0,1,d,d,7,0,3,22,0,1,s
1478,0,2,s,0,s,0,d,0,16,5,0,3,0,s,2,0,0,0,0,0,1,1,2,7,d,3,22,0,1,s
I500,0,2,s,s,s,0,6,0,16,5,0,3,0,0,2,0,0,0,0,21,1,1,2,7,0,0,22,0,1,s
I501,2,2,s,s,s,25,6,5,16,5,0,3,0,0,2,0,0,0,0,21,s,1,2,7,0,0,22,0,1,s
2040,2,2,s,s,s,25,d,d,d,5,d,3,d,d,2,s,0,0,0,d,s,1,2,7,0,0,22,0,1,s
2001,2,2,s,s,s,25,6,5,16,5,0,3,0,0,d,0,0,0,0,21,s,d,2,7,0,0,s,0,1,s
I506,2,2,s,s,s,0,6,0,16,5,0,s,0,0,2,0,0,0,16,21,1,1,2,7,0,2,22,0,1,s
1905,2,2,s,s,s,0,6,0,16,5,0,s,d,d,2,0,0,0,16,21,1,1,2,7,0,d,22,0,1,s
1904,d,2,s,s,s,0,6,d,16,5,0,s,0,0,2,0,d,d,16,21,1,1,2,7,0,2,22,0,1,s
I507,0,0,0,0,0,0,0,12,0,0,s,3,0,0,0,0,0,0,0,0,0,0,0,0,0,0,0,0,0,0
I508,0,s,0,0,0,0,0,12,0,0,s,s,0,0,0,0,0,1,0,s,1,0,0,0,0,0,0,0,0,s
I509,0,s,0,0,0,0,0,12,0,0,s,s,0,0,0,0,0,1,0,s,1,1,0,0,0,0,0,0,1,s
I510,0,s,0,0,0,0,0,12,0,0,s,s,0,15,0,0,0,1,0,s,1,1,0,0,0,0,0,2,1,s
I511,0,s,2,0,0,0,0,12,0,0,s,s,0,15,0,19,0,1,19,s,1,1,0,0,0,0,0,2,1,s
I512,0,s,2,0,0,0,0,12,17,0,s,s,0,15,0,19,0,1,19,s,1,1,0,0,0,0,0,2,1,s
I513,0,s,2,0,1,0,0,12,17,0,s,s,0,15,0,19,0,1,19,s,1,s,0,0,1,0,0,2,1,s
I514,0,s,2,0,1,0,0,12,17,0,s,s,0,15,0,19,0,1,19,s,1,s,0,0,1,0,0,2,1,s
1066,2,s,2,0,1,0,s,12,17,0,s,s,0,d,0,19,1,1,19,s,s,s,0,0,d,0,0,2,1,s
1064,0,s,2,0,1,0,12,12,17,0,s,s,0,15,2,19,0,1,19,s,1,s,0,0,1,0,15,2,1,s
1107,2,s,2,0,s,d,d,12,17,0,s,s,0,15,0,19,0,1,19,s,d,s,0,0,1,0,10,2,d,s
I520,0,s,2,0,0,0,0,12,17,0,s,s,0,15,0,19,0,1,19,s,1,1,0,0,0,s,0,2,1,s
I521,0,s,2,0,0,0,0,12,17,0,s,s,0,15,0,s,0,1,19,s,1,1,0,0,0,s,0,2,1,s
1323,0,s,2,0,0,0,0,12,17,d,s,s,2,15,0,s,0,1,19,s,1,1,0,0,0,s,0,s,1,s
1257,0,s,2,0,d,0,0,12,17,d,s,s,d,s,0,s,s,1,19,s,1,1,0,d,0,s,d,d,1,s
1355,0,s,2,0,1,0,0,12,17,0,s,s,2,15,0,19,d,1,19,s,1,1,0,0,0,s,6,2,1,s
I527,0,s,2,1,0,0,0,12,0,5,s,s,0,15,0,19,0,1,19,s,1,1,0,0,0,0,0,2,1,s
I528,0,s,2,1,0,0,0,12,0,5,s,s,0,15,0,19,0,1,19,s,1,1,0,0,0,0,0,2,1,s
I530,0,s,2,1,0,0,0,12,s,5,s,s,0,15,0,19,0,1,19,s,1,1,0,0,0,0,0,2,1,s
1381,0,s,2,1,0,0,0,d,s,5,s,s,0,d,0,19,0,1,19,s,1,1,0,0,0,0,d,2,1,s
1380,0,s,2,1,0,0,0,12,s,5,s,s,d,15,0,19,0,d,19,s,s,d,0,0,0,0,0,2,1,s
1392,2,s,2,1,0,0,0,12,d,5,s,s,0,d,2,19,0,1,19,s,1,1,0,0,0,0,0,2,1,s
I535,0,s,2,1,0,0,0,12,0,5,s,s,0,15,0,19,0,1,19,s,1,1,0,2,0,0,0,2,1,s
I536,0,s,2,1,0,0,0,12,0,5,s,s,0,15,0,19,0,1,19,s,1,1,0,2,0,0,0,2,1,s
1210,0,s,2,1,0,1,0,12,0,5,s,s,0,s,d,19,d,1,d,s,d,1,11,2,0,0,0,2,1,s
I538,0,s,2,1,0,0,1,12,0,5,s,s,0,15,0,19,0,1,19,s,1,1,0,2,0,0,0,2,1,s
1237,0,s,2,1,0,0,1,12,d,d,s,s,0,d,2,d,d,1,d,s,1,d,0,d,0,0,0,2,1,s
1236,d,s,2,1,0,0,1,12,0,5,s,s,0,15,0,d,0,d,19,s,1,1,0,2,0,0,0,2,1,s
1154,2,s,2,1,1,0,0,12,0,5,s,s,0,15,2,d,0,1,19,s,1,1,2,2,0,0,1,2,1,s
I542,0,s,0,0,0,0,0,12,0,0,s,s,0,15,0,0,0,1,0,s,1,1,0,0,0,0,0,2,1,s
I543,0,s,5,0,0,0,0,12,0,0,s,s,0,15,0,0,0,1,0,s,1,1,0,0,0,0,0,2,1,s
1082,0,s,5,1,0,d,0,12,0,3,s,s,0,d,0,0,d,1,0,s,1,1,d,0,d,0,d,s,1,s
I552,0,s,5,0,0,0,0,12,0,0,s,s,0,15,0,0,0,1,0,s,1,1,8,0,0,0,0,2,1,s
1089,0,s,5,0,0,0,40,12,0,0,s,s,0,15,0,27,0,1,0,s,s,1,8,0,d,0,0,2,1,s
I556,0,s,5,0,0,0,0,12,0,0,s,s,3,15,0,0,0,1,0,s,1,1,8,0,0,0,0,2,1,s
1266,0,s,5,0,0,0,0,12,0,d,s,s,d,15,0,0,0,1,0,s,1,d,8,0,0,0,0,2,d,s
I558,0,s,5,0,0,0,0,12,0,0,s,s,3,15,s,0,0,1,0,s,1,1,8,0,0,0,0,2,1,s
2017,0,s,5,0,0,0,0,12,s,0,s,s,3,15,s,0,0,1,0,s,1,1,8,0,0,0,d,2,1,s
2039,0,s,5,0,0,0,0,12,0,d,s,s,3,15,s,d,0,1,0,s,1,1,8,0,1,0,0,2,1,s
I561,0,s,5,0,0,0,6,12,0,0,s,s,0,15,0,25,0,1,0,s,1,1,0,0,0,0,0,2,1,s
I562,0,s,5,0,0,0,6,12,0,0,s,s,0,15,0,25,0,1,0,s,1,1,0,0,0,0,0,2,1,s
I563,0,s,5,s,1,0,6,12,0,0,s,s,0,15,0,s,0,1,0,s,1,1,9,2,0,0,0,2,1,s
I564,0,s,5,s,1,16,6,12,16,0,s,s,0,15,2,s,0,1,0,s,1,1,9,2,0,0,0,2,1,s
1195,0,s,5,s,1,16,6,12,16,d,s,s,0,15,2,s,d,1,0,s,d,1,9,2,d,d,d,2,1,s
1194,0,s,5,s,1,16,6,12,16,0,s,s,3,15,2,s,0,d,d,s,1,d,9,2,0,d,0,d,d,s
1168,0,s,5,s,1,d,6,12,20,0,s,s,2,15,0,s,1,1,0,s,1,1,9,2,d,0,4,2,1,s
I566,0,s,5,3,1,13,6,12,0,0,s,s,3,15,0,25,s,1,0,s,1,1,0,0,0,0,0,2,1,s
1400,0,s,5,3,1,13,d,d,0,0,s,s,d,s,0,25,s,d,0,s,1,1,0,0,0,0,0,2,1,s
1516,0,s,s,3,d,13,d,12,0,5,s,s,3,15,0,25,s,1,0,s,d,1,0,0,0,2,6,2,1,s
I569,0,s,5,0,0,0,6,12,0,0,s,s,0,15,0,25,0,1,22,s,1,1,0,0,0,2,0,2,1,s
I570,0,s,5,0,0,0,6,12,0,0,s,s,0,15,0,25,0,1,22,s,1,1,0,0,0,2,0,2,1,s
1295,0,s,5,0,0,0,6,d,0,0,s,s,0,15,d,25,0,1,22,s,1,1,10,0,0,2,0,2,1,s
1352,0,s,5,0,0,0,6,12,d,0,s,s,0,15,0,25,4,1,22,s,1,d,0,0,8,2,25,2,1,s
I574,0,s,5,0,0,0,6,12,0,0,s,s,0,15,0,25,3,1,22,s,1,1,0,0,1,2,22,2,1,s
1551,0,s,5,0,d,0,6,d,0,0,s,s,0,15,0,25,3,1,22,s,1,1,0,d,1,2,d,d,1,s
1550,0,s,d,0,d,0,6,12,0,0,s,s,4,s,d,25,3,1,22,s,1,1,0,0,1,2,22,2,1,s
I576,0,s,0,0,0,0,0,12,0,0,s,s,0,0,0,0,0,1,0,s,1,1,8,0,5,0,0,0,1,s
I577,0,s,0,0,0,0,3,12,0,0,s,s,0,0,0,0,1,1,0,s,1,1,8,s,5,0,0,0,1,s
I578,0,s,4,0,0,0,3,12,0,0,s,s,0,0,0,0,1,1,0,s,1,1,8,s,5,0,0,0,1,s
I579,0,s,4,0,0,0,3,12,0,0,s,s,0,0,0,18,1,1,0,s,1,1,8,s,s,0,0,0,1,s
1834,d,s,4,d,0,0,3,12,0,0,s,s,0,5,0,18,1,1,0,s,1,1,8,s,s,0,0,2,1,s
I583,0,s,4,0,1,0,3,12,0,s,s,s,0,0,2,18,1,1,0,s,1,1,8,s,s,0,0,0,1,s
1948,0,s,d,0,1,0,3,12,d,s,s,s,0,0,2,18,1,1,0,s,1,1,8,s,s,0,0,0,1,s
1748,2,s,4,0,1,0,3,12,d,s,s,s,0,0,2,18,1,1,0,s,1,d,8,s,s,0,0,0,1,s
I586,0,s,4,1,0,0,3,12,0,0,s,s,0,0,0,0,1,1,0,s,1,1,8,s,5,6,0,0,1,s
I587,0,s,4,1,1,0,3,12,0,0,s,s,0,0,0,0,1,1,0,s,1,1,8,s,5,6,0,0,1,s
1269,1,s,4,1,1,31,3,d,0,d,s,s,7,0,0,0,1,1,0,s,1,1,8,s,5,6,0,0,1,s
1176,d,s,4,1,1,0,3,12,0,0,s,s,0,0,1,0,1,1,8,s,1,1,d,s,5,6,0,0,1,s
I590,0,s,s,1,0,0,3,12,0,0,s,s,0,0,0,0,1,1,0,s,1,1,8,s,5,6,0,0,1,s
1910,d,s,s,1,1,25,3,12,0,0,s,s,0,0,0,0,1,1,d,s,s,s,d,s,d,6,10,0,1,s
1341,d,s,s,1,0,d,3,d,0,d,s,s,0,d,0,0,1,1,0,s,1,1,d,s,5,6,0,0,1,s
I593,0,s,0,0,0,0,3,12,0,0,s,s,0,0,0,0,1,1,0,s,1,1,8,s,5,0,22,0,1,s
I594,2,s,0,0,1,0,3,12,0,0,s,s,0,0,0,0,1,1,3,s,1,1,8,s,5,0,22,0,1,s
I595,2,s,5,0,1,5,3,12,0,0,s,s,0,0,0,0,1,1,3,s,1,1,8,s,5,0,22,0,1,s
1198,2,s,5,0,1,5,3,12,20,0,s,s,0,0,0,0,1,1,3,s,1,1,8,s,5,0,22,0,1,s
I597,2,s,5,0,1,5,3,12,8,5,s,s,3,0,0,0,1,1,3,s,1,1,8,s,5,0,22,0,1,s
2011,2,s,d,0,1,d,3,12,8,5,s,s,3,0,s,0,1,1,3,s,d,1,d,s,5,2,22,0,1,s
2002,2,s,5,0,1,5,3,d,8,5,s,s,3,0,0,d,d,1,d,s,d,1,8,s,5,0,22,0,1,s
I600,2,s,0,0,1,0,3,12,0,5,s,s,0,0,0,0,1,1,3,s,s,1,8,s,5,0,22,0,1,s
1216,2,s,4,1,1,0,3,d,0,5,s,s,0,d,d,0,d,d,d,s,s,1,8,s,5,0,22,s,d,s
I602,2,s,0,0,1,0,3,12,0,5,s,s,0,0,0,0,1,1,3,s,s,1,8,s,5,0,22,0,1,s
1327,2,s,0,0,d,d,3,12,d,5,s,s,0,0,0,0,d,1,3,s,s,1,8,s,5,0,22,0,1,s
1326,d,s,0,0,1,0,3,12,d,5,s,s,0,0,2,d,1,1,3,s,s,1,d,s,d,0,22,0,d,s
I603,0,s,0,0,1,0,3,12,0,0,s,s,0,0,0,0,1,1,0,s,1,1,8,s,5,0,22,0,1,s
I604,0,s,0,0,1,0,3,12,0,0,s,s,0,0,0,0,1,1,0,s,1,1,8,s,5,0,22,0,1,s
1418,d,s,0,0,1,0,3,12,0,d,s,s,0,0,0,27,1,1,0,s,1,1,8,s,d,s,d,0,1,s
1086,0,s,0,0,1,0,d,12,0,0,s,s,0,0,2,0,1,1,5,s,1,1,8,s,d,0,22,0,1,s
I608,0,s,0,0,1,0,3,12,14,0,s,s,0,0,0,0,1,1,0,s,1,1,8,s,5,0,22,0,1,s
1207,0,s,0,d,1,0,3,12,14,0,s,s,0,3,0,0,1,1,0,s,1,d,8,s,5,d,22,0,1,s
1206,0,s,0,0,1,0,3,d,d,d,s,s,d,0,2,0,1,1,0,s,d,1,8,s,5,0,22,2,1,s
I610,0,s,4,0,0,0,0,12,0,0,s,s,0,0,0,0,0,1,0,s,1,1,8,0,5,2,0,2,1,s
I611,0,s,4,0,0,0,0,12,14,0,s,s,0,0,0,0,0,1,0,s,1,1,8,0,5,2,0,2,1,s
I612,0,s,4,0,0,0,0,12,14,0,s,s,3,0,0,0,0,1,0,s,1,1,8,0,5,s,0,2,1,s
I613,0,s,4,0,0,0,0,12,14,0,s,s,3,0,0,0,0,1,0,s,1,1,8,0,5,s,0,2,1,s
1642,2,s,d,0,d,0,0,12,14,s,s,s,3,0,0,0,0,1,0,s,1,1,d,0,5,s,0,2,1,s
1383,2,s,4,0,0,0,0,12,14,0,s,s,3,0,0,0,1,1,d,s,1,1,8,d,d,s,d,2,d,s
I616,0,s,4,0,0,0,0,12,14,0,s,s,3,0,0,0,0,1,0,s,1,1,8,0,5,s,0,2,1,s
I617,0,s,4,0,0,8,0,12,14,0,s,s,s,0,0,0,0,1,29,s,1,1,8,0,5,s,0,2,1,s
1453,0,s,4,0,0,8,0,12,14,0,s,s,s,d,d,0,0,1,29,s,1,d,8,d,5,s,0,2,d,s
1452,0,s,4,0,1,8,0,12,14,d,s,s,s,0,0,0,0,1,29,s,1,1,d,d,5,s,0,2,1,s
1532,0,s,4,0,d,0,0,12,14,d,s,s,d,0,d,0,0,s,0,s,1,1,8,0,5,s,25,2,d,s
I619,0,s,4,0,0,0,0,12,14,0,s,s,3,0,0,0,0,1,0,s,1,1,8,0,5,2,0,2,1,s
I620,0,s,4,0,0,0,0,12,14,0,s,s,3,0,0,0,0,1,0,s,1,1,8,0,5,2,0,2,1,s
1461,d,s,d,1,d,d,0,12,14,0,s,s,d,0,0,0,0,1,0,s,1,d,8,0,5,2,4,2,1,s
1200,0,s,4,d,d,0,0,12,14,0,s,s,3,0,s,0,0,1,d,s,1,1,8,0,5,2,0,2,1,s
I623,0,s,4,0,0,0,17,12,14,0,s,s,3,5,0,0,0,1,0,s,1,1,8,0,5,2,0,2,1,s
I624,0,s,4,0,0,0,17,12,14,0,s,s,3,s,0,0,0,1,0,s,1,s,8,0,5,2,25,2,1,s
1325,0,s,4,d,0,0,17,12,14,0,s,s,d,s,0,d,0,1,0,s,1,s,8,d,5,2,25,d,d,s
1324,0,s,4,d,0,0,17,12,14,0,s,s,3,s,0,0,d,1,0,s,1,s,8,0,5,2,d,2,d,s
1399,d,s,4,3,0,0,d,d,14,0,s,s,3,5,d,0,0,1,0,s,1,d,8,0,d,d,d,2,1,s
I626,0,s,4,0,1,0,0,12,0,0,s,s,0,0,0,0,1,1,0,s,1,1,8,0,5,2,s,2,1,s
I627,0,s,4,0,1,0,1,12,0,0,s,s,0,0,0,s,1,1,0,s,1,1,8,0,5,2,s,2,1,s
1317,2,s,4,0,s,s,1,12,0,0,s,s,d,0,0,s,1,1,0,s,1,1,8,d,5,s,s,d,1,s
I631,0,s,4,1,1,0,1,12,0,0,s,s,0,0,2,s,1,1,0,s,1,1,8,0,s,2,s,2,1,s
1385,2,s,4,1,1,0,1,12,0,0,s,s,0,34,2,s,1,1,0,s,d,1,8,0,s,d,s,d,1,s
1412,0,s,d,1,1,0,1,12,0,5,s,s,3,0,d,s,1,1,0,s,1,1,s,0,s,d,s,2,1,s
I634,0,s,4,0,1,0,0,12,0,0,s,s,0,0,0,0,1,1,0,s,1,1,8,0,5,2,s,2,1,s
1335,d,s,4,0,1,31,d,s,0,d,s,s,0,0,0,8,1,d,0,s,d,1,8,7,5,s,s,2,1,s
I638,0,s,4,0,1,0,0,12,0,0,s,s,0,0,0,0,1,1,0,s,1,1,8,6,5,2,s,2,1,s
1468,0,s,4,0,1,0,3,12,0,0,s,s,0,0,0,0,1,1,0,s,1,1,8,6,5,2,s,2,1,s
1351,0,s,4,0,1,0,0,12,d,0,s,s,0,0,0,0,1,1,d,s,1,1,8,6,5,d,s,2,1,s
I641,0,s,0,0,s,s,0,12,0,0,s,s,3,0,0,7,0,1,5,s,1,0,0,0,0,0,0,0,0,s
I642,0,s,0,0,s,s,0,12,0,0,s,s,3,0,0,7,0,1,5,s,1,0,0,0,3,4,0,0,0,s
I643,2,s,0,3,s,s,0,12,0,0,s,s,3,0,0,7,0,1,5,s,1,0,0,1,3,4,0,0,0,s
I644,2,s,0,3,s,s,17,12,0,0,s,s,3,0,0,7,0,1,5,s,1,0,0,1,3,4,0,2,0,s
I645,2,s,0,3,s,s,17,12,0,0,s,s,3,0,0,7,0,1,5,s,1,0,0,1,3,4,0,2,0,s
I646,2,s,0,3,s,s,17,12,11,0,s,s,3,0,0,7,0,1,5,s,1,0,0,1,3,4,0,2,0,s
1882,2,s,d,3,s,s,17,12,11,0,s,s,3,0,2,7,1,1,5,s,1,2,s,1,d,4,0,2,d,s
I648,2,s,0,3,s,s,17,12,11,0,s,s,3,0,0,7,0,1,5,s,1,0,0,1,3,4,0,2,0,s
1861,2,s,0,3,s,s,17,12,11,0,s,s,d,0,d,7,0,1,5,s,1,d,0,1,3,4,d,d,0,s
1860,d,s,0,3,s,s,17,12,11,d,s,s,3,0,0,d,0,1,5,s,1,d,0,1,3,4,0,2,d,s
I649,2,s,0,3,s,s,17,12,12,0,s,s,3,6,0,7,0,s,5,s,1,0,0,1,3,4,0,2,0,s
1818,2,s,0,3,s,s,d,12,12,0,s,s,3,6,2,7,0,s,d,s,1,0,0,1,3,4,0,2,0,s
I651,2,s,0,3,s,s,17,12,12,0,s,s,3,6,0,7,0,s,5,s,1,0,0,1,3,4,0,2,0,s
1559,2,s,0,3,s,s,17,12,12,0,s,s,3,6,0,7,0,s,5,s,1,0,9,1,3,4,d,2,d,s
1558,2,s,0,d,s,s,17,12,d,0,s,s,3,6,0,7,0,s,5,s,1,1,0,1,3,4,0,2,0,s
I656,2,s,0,3,s,s,17,12,0,s,s,s,3,0,0,7,0,1,5,s,1,0,0,1,3,4,0,2,0,s
1637,2,s,d,3,s,s,17,12,0,s,s,s,3,0,2,7,0,d,d,s,1,0,0,d,d,4,0,2,0,s
1701,2,s,0,3,s,s,17,d,0,s,s,s,d,0,0,7,0,1,5,s,1,0,0,1,3,4,0,d,0,s
I659,2,s,s,3,s,s,0,12,0,0,s,s,3,0,0,7,0,1,5,s,1,0,0,1,3,4,0,0,0,s
I660,2,s,s,3,s,s,0,12,0,0,s,s,3,0,0,7,0,1,5,s,1,0,0,1,3,4,0,0,0,s
I661,2,s,s,3,s,s,0,12,0,0,s,s,3,0,0,7,0,1,5,s,1,0,0,1,3,4,0,0,0,s
1229,2,s,s,3,s,s,0,12,d,0,s,s,s,0,0,7,0,1,5,s,1,0,0,1,3,d,4,0,1,s
1221,2,s,s,3,s,s,0,12,0,d,s,s,3,0,0,7,0,1,5,s,1,1,0,1,3,d,0,0,0,s
1471,2,s,s,3,s,s,1,d,0,d,s,s,3,0,0,7,0,1,5,s,1,0,0,1,3,4,0,2,0,s
I667,2,s,s,s,s,s,39,12,0,0,s,s,3,0,0,7,0,1,5,s,1,1,9,1,3,4,0,0,0,s
I668,2,s,s,s,s,s,39,12,0,0,s,s,3,0,0,7,0,1,5,s,1,1,9,1,3,4,0,s,1,s
1560,2,s,s,s,s,s,39,d,d,0,s,s,3,0,0,7,0,1,5,s,1,1,9,1,3,4,d,s,1,s
I670,2,s,s,s,s,s,39,12,0,0,s,s,3,0,0,7,0,1,5,s,1,1,9,1,3,4,0,s,1,s
1621,2,s,s,s,s,s,d,12,0,0,s,s,3,0,d,7,0,d,5,s,1,1,9,1,3,4,0,s,1,s
1620,2,s,s,s,s,s,39,12,0,d,s,s,3,d,0,7,d,d,5,s,1,1,9,1,3,4,0,s,1,s
I671,2,s,s,s,s,s,s,12,0,0,s,s,3,0,0,7,0,1,s,s,1,1,9,1,3,4,0,0,0,s
I672,2,s,s,s,s,s,s,12,0,0,s,s,3,0,0,7,0,s,s,s,1,1,9,1,3,4,0,2,0,s
1631,2,s,s,s,s,s,s,12,0,0,s,s,3,0,0,7,0,s,s,s,1,1,9,1,3,4,0,2,d,s
1630,2,s,s,s,s,s,s,d,0,0,s,s,3,5,0,7,0,s,s,s,1,1,d,1,3,4,0,d,0,s
I673,2,s,s,s,s,s,s,12,0,0,s,s,3,0,2,7,0,1,s,s,1,1,9,1,3,4,0,0,0,s
1779,2,s,s,s,s,s,s,12,0,0,s,s,3,0,2,7,0,d,s,s,1,1,9,1,d,4,0,0,0,s
1778,2,s,s,s,s,s,s,12,14,0,s,s,3,0,2,7,d,1,s,s,1,d,9,1,d,4,0,0,1,s
I674,0,s,0,0,s,s,0,12,0,0,s,s,3,0,0,7,0,1,5,s,1,0,11,0,3,4,0,0,0,s
I675,2,s,0,0,s,s,0,12,0,0,s,s,3,0,0,7,0,1,5,s,1,0,11,0,3,4,0,0,0,s
I676,2,s,4,0,s,s,0,12,0,0,s,s,3,0,0,7,0,1,5,s,1,0,11,1,3,4,0,2,0,s
I678,2,s,4,0,s,s,5,12,0,0,s,s,3,0,0,7,1,1,5,s,1,0,11,1,3,4,0,2,0,s
1541,2,s,4,0,s,s,5,d,0,0,s,s,3,26,0,7,1,1,5,s,1,0,11,1,3,4,0,d,0,s
1540,2,s,d,0,s,s,5,12,0,0,s,s,3,d,0,d,1,1,5,s,1,0,d,1,3,4,0,2,0,s
I682,2,s,4,0,s,s,0,12,0,0,s,s,3,0,0,7,0,1,5,s,1,0,11,1,3,4,27,2,1,s
1135,2,s,4,d,s,s,0,12,0,0,s,s,3,0,0,d,0,1,5,s,1,0,11,d,d,d,27,2,1,s
1134,2,s,4,d,s,s,0,12,0,d,s,s,3,0,0,7,0,1,5,s,d,d,d,1,3,4,27,2,d,s
I683,2,s,0,0,s,s,0,12,0,0,s,s,3,0,0,7,0,1,5,s,s,0,11,0,3,4,0,0,0,s
I684,2,s,0,0,s,s,0,12,0,0,s,s,3,0,0,7,0,1,5,s,s,0,s,0,3,4,0,0,0,s
1855,d,s,d,0,s,s,0,12,d,0,s,s,3,0,0,7,0,1,5,s,s,0,s,0,3,4,0,0,0,s
1794,2,s,0,1,s,s,0,12,0,d,s,s,3,10,0,7,0,1,5,s,s,0,s,d,3,4,0,0,5,s
I687,2,s,0,0,s,s,0,12,0,0,s,s,3,0,0,7,0,1,5,s,s,0,11,0,3,4,0,0,0,s
I688,2,s,0,0,s,s,0,12,0,0,s,s,3,0,0,7,3,1,5,s,s,0,11,2,3,4,15,s,0,s
1531,2,s,d,0,s,s,d,12,0,0,s,s,3,0,0,7,3,1,d,s,s,0,11,2,d,4,15,s,0,s
1530,2,s,0,0,s,s,0,12,0,0,s,s,3,0,0,d,d,1,5,s,s,0,d,2,d,4,15,s,0,s
I689,2,s,0,0,s,s,0,12,0,0,s,s,3,0,0,7,0,1,5,s,s,0,11,0,3,4,0,0,0,s
1527,2,s,0,0,s,s,0,12,0,0,s,s,3,d,0,7,0,d,5,s,s,0,11,0,3,4,0,2,0,s
1526,2,s,0,0,s,s,0,12,d,0,s,s,3,0,0,d,0,d,5,s,s,0,11,0,3,4,0,0,d,s
I690,0,s,0,1,s,s,0,12,0,0,s,s,3,0,0,7,0,1,5,s,1,0,11,0,3,4,0,5,0,s
I691,0,s,0,1,s,s,17,12,0,5,s,s,3,0,0,7,0,1,5,s,1,0,11,0,3,4,0,5,0,s
I692,0,s,0,1,s,s,17,12,0,5,s,s,3,0,0,7,0,1,5,s,1,0,11,0,3,4,0,5,0,s
I693,2,s,0,1,s,s,17,12,0,5,s,s,3,0,0,7,0,1,5,s,1,0,11,0,3,4,0,5,0,s
1149,2,s,0,1,s,s,d,d,0,d,s,s,3,0,0,7,0,1,5,s,1,0,11,0,3,4,d,5,0,s
1148,2,s,0,1,s,s,17,12,0,5,s,s,3,0,0,7,0,1,5,s,1,0,11,d,3,d,1,5,0,s
1189,0,s,0,1,s,s,17,12,d,5,s,s,3,1,2,7,1,1,5,s,1,0,11,0,3,4,10,5,d,s
I695,2,s,0,1,s,s,17,12,8,5,s,s,3,0,0,s,0,1,5,s,1,0,11,0,3,4,19,5,1,s
I696,2,s,0,1,s,s,17,12,8,5,s,s,3,0,0,s,0,1,5,s,1,0,11,0,3,4,19,5,1,s
1463,2,s,0,d,s,s,17,12,8,5,s,s,3,0,0,s,0,1,d,s,1,0,11,0,3,4,19,5,1,s
1462,2,s,0,1,s,s,17,12,8,5,s,s,3,0,2,s,0,1,5,s,1,0,11,0,d,4,19,5,d,s
1510,2,s,0,1,s,s,d,12,8,5,s,s,3,0,s,s,0,1,5,s,1,0,d,0,3,4,19,5,1,s
I698,0,s,0,1,s,s,0,12,0,0,s,s,3,10,0,7,0,1,5,s,1,1,11,0,3,4,0,5,0,s
I699,0,s,0,1,s,s,0,12,0,0,s,s,3,10,0,7,0,1,5,s,1,1,11,0,3,4,0,5,0,s
I700,0,s,0,1,s,s,0,12,0,0,s,s,3,10,0,7,0,1,5,s,1,1,11,0,3,4,0,5,0,s
1357,d,s,0,1,s,s,0,12,0,0,s,s,3,10,0,d,1,1,5,s,1,1,d,0,3,4,0,d,0,s
1356,d,s,0,1,s,s,0,12,10,0,s,s,3,10,0,7,0,1,5,s,d,1,d,0,3,4,6,5,0,s
I701,0,s,0,1,s,s,0,12,0,0,s,s,3,10,2,7,0,1,5,s,1,1,11,0,3,4,0,5,0,s
1275,0,s,0,1,s,s,0,12,11,0,s,s,3,10,2,7,0,d,5,s,1,1,11,d,3,4,0,5,0,s
1274,d,s,0,d,s,s,d,12,d,0,s,s,3,10,2,7,0,1,5,s,d,1,11,0,d,4,0,d,0,s
1306,0,s,0,1,s,s,0,12,0,d,s,s,3,10,0,7,0,1,5,s,1,1,11,0,3,d,0,5,0,s
I705,0,s,0,0,s,s,0,12,0,0,s,s,3,0,0,7,0,1,5,s,1,0,0,0,0,2,0,0,0,s
I706,0,s,0,0,s,s,0,12,0,0,s,s,3,0,0,7,0,1,5,s,1,0,0,0,0,2,0,0,0,s
I707,0,s,0,0,s,s,0,12,0,0,s,s,3,0,0,7,0,1,5,s,1,0,0,0,0,2,27,0,0,s
I708,0,s,0,0,s,s,0,12,0,0,s,s,3,0,0,7,0,1,5,s,1,0,0,0,0,2,27,0,1,s
I709,0,s,0,0,s,s,0,12,0,5,s,s,3,0,0,7,0,1,5,s,1,0,0,2,0,2,27,0,1,s
1232,0,s,0,0,s,s,0,12,0,5,s,s,3,0,2,d,0,d,5,s,1,1,d,2,0,d,27,0,1,s
I711,0,s,0,0,s,s,0,12,0,5,s,s,3,0,0,7,0,1,5,s,1,0,0,2,0,2,27,0,1,s
1555,0,s,0,0,s,s,0,12,0,5,s,s,3,0,0,7,0,1,d,s,1,0,0,2,0,2,27,0,1,s
1554,0,s,d,0,s,s,0,12,0,d,s,s,3,0,d,7,0,1,5,s,1,0,0,2,d,2,d,2,1,s
I712,0,s,0,0,s,s,0,12,0,0,s,s,3,0,0,7,4,1,5,s,1,1,0,0,0,2,27,0,1,s
1387,0,s,0,s,s,s,0,d,0,0,s,s,3,0,0,7,4,d,5,s,1,d,d,0,0,d,27,0,1,s
I714,0,s,0,1,s,s,0,12,0,0,s,s,3,0,0,7,4,1,5,s,1,1,0,0,1,2,27,0,1,s
1673,0,s,0,1,s,s,0,12,0,0,s,s,3,0,0,7,4,1,5,s,1,1,0,0,1,2,27,0,1,s
1672,0,s,d,1,s,s,0,12,d,0,s,s,3,0,2,7,4,1,5,s,1,s,0,0,1,2,27,0,1,s
I715,0,s,0,0,s,s,0,12,0,0,s,s,3,0,0,7,0,1,5,s,1,0,s,0,0,2,27,0,0,s
I718,s,s,0,0,s,s,9,12,14,0,s,s,3,0,2,7,1,1,5,s,1,0,s,0,0,2,27,0,0,s
1817,s,s,0,0,s,s,9,12,d,0,s,s,3,0,2,7,1,1,5,s,1,0,s,0,0,2,27,0,d,s
1816,s,s,0,0,s,s,9,d,14,0,s,s,3,0,2,7,1,1,5,s,1,0,s,0,0,2,27,0,0,s
I719,2,s,0,0,s,s,3,12,0,0,s,s,3,0,0,7,0,1,5,s,1,0,s,0,0,2,27,0,0,s
I720,2,s,0,0,s,s,3,12,24,0,s,s,3,0,0,7,s,1,5,s,1,1,s,0,0,2,27,0,0,s
1857,2,s,0,0,s,s,3,12,24,0,s,s,d,0,0,d,s,1,5,s,1,1,s,d,d,2,27,0,0,s
1856,2,s,0,0,s,s,3,12,24,0,s,s,3,0,0,7,s,1,5,s,d,1,s,0,0,d,27,2,0,s
I721,2,s,0,0,s,s,3,12,8,0,s,s,3,0,0,7,1,1,5,s,1,0,s,0,0,2,27,0,0,s
1831,2,s,0,0,s,s,3,12,8,0,s,s,3,0,d,7,1,1,d,s,1,d,s,0,d,2,d,0,0,s
1830,2,s,0,0,s,s,3,12,d,d,s,s,d,0,0,7,1,d,d,s,1,0,s,0,0,2,d,0,0,s
I722,0,s,0,0,s,s,0,12,0,0,s,s,3,0,0,7,0,1,5,s,1,0,1,0,0,2,0,0,1,s
I723,0,s,0,0,s,s,0,12,0,0,s,s,3,0,0,7,0,1,5,s,1,0,1,0,0,2,0,0,1,s
I724,0,s,0,0,s,s,0,12,0,0,s,s,3,0,0,7,0,1,5,s,1,0,1,0,0,2,0,0,1,s
1576,d,s,d,1,s,s,0,d,d,0,s,s,3,0,d,7,0,1,d,s,1,0,1,0,0,2,0,0,1,s
1646,2,s,0,0,s,s,0,12,0,5,s,s,d,d,d,7,0,1,s,s,d,0,1,d,d,2,0,0,1,s
I728,0,s,0,3,s,s,0,s,0,5,s,s,3,0,0,7,0,1,5,s,1,0,1,0,0,2,0,0,1,s
1947,0,s,0,d,s,s,0,s,d,5,s,s,3,0,0,7,d,1,5,s,1,0,1,0,0,2,0,0,1,s
1946,0,s,0,3,s,s,0,s,0,5,s,s,3,0,0,7,0,1,5,s,1,0,1,0,0,2,0,0,1,s
I730,0,s,0,0,s,s,0,12,0,0,s,s,3,0,0,7,0,1,5,s,1,0,1,0,0,2,0,2,1,s
I731,0,s,0,0,s,s,0,12,0,0,s,s,3,0,0,7,0,1,5,s,1,0,1,0,0,2,0,2,1,s
1873,0,s,0,0,s,s,0,12,0,0,s,s,3,5,d,d,d,1,d,s,1,0,d,0,0,2,0,2,1,s
I733,0,s,0,0,s,s,5,12,0,0,s,s,3,0,0,7,0,1,5,s,1,0,1,0,0,2,0,2,1,s
2023,0,s,0,0,s,s,5,12,0,0,s,s,3,0,0,d,0,1,5,s,1,0,1,0,0,2,0,2,1,s
2022,0,s,0,0,s,s,5,d,0,0,s,s,3,0,0,d,0,d,5,s,1,0,1,0,d,2,0,2,1,s
I734,0,s,0,0,s,s,0,12,0,0,s,s,3,29,0,7,0,1,5,s,1,0,1,2,0,2,1,2,1,s
1988,0,s,0,0,s,s,1,12,0,0,s,s,3,29,d,7,0,d,5,s,1,0,1,d,0,2,1,2,1,s
2018,0,s,d,0,s,s,0,12,0,0,s,s,3,d,0,s,0,1,5,s,1,0,1,2,0,2,1,2,1,s
I737,0,s,0,0,s,s,0,12,0,0,s,s,3,0,0,7,0,1,5,s,1,0,0,0,0,2,15,0,0,s
I738,0,s,s,0,s,s,0,12,0,0,s,s,3,0,0,7,0,1,5,s,1,0,0,0,0,2,15,0,0,s
I739,0,s,s,0,s,s,0,12,0,0,s,s,3,0,0,7,0,1,5,s,1,0,0,0,0,2,15,2,0,s
I740,0,s,s,3,s,s,37,12,0,0,s,s,3,0,0,7,0,1,5,s,1,0,0,0,0,2,15,2,0,s
1260,s,s,s,d,s,s,37,12,0,0,s,s,3,0,0,7,0,1,5,s,1,0,0,0,d,2,15,2,1,s
1436,s,s,s,d,s,s,37,12,0,0,s,s,3,0,2,7,d,1,5,s,1,0,0,0,0,d,15,d,d,s
1367,0,s,s,0,s,s,1,12,0,5,s,s,d,0,2,7,d,d,d,s,d,0,d,0,0,2,15,s,1,s
I746,0,s,s,0,s,s,0,12,0,0,s,s,3,5,0,7,0,1,5,s,1,0,0,0,0,2,15,0,0,s
I747,0,s,s,0,s,s,5,12,0,0,s,s,3,5,0,7,0,1,5,s,1,0,0,0,0,2,15,0,0,s
1497,0,s,s,0,s,s,5,d,0,0,s,s,d,5,0,7,0,1,5,s,1,0,0,0,0,2,15,d,0,s
1320,d,s,s,0,s,s,s,12,0,0,s,s,3,5,0,7,0,1,5,s,d,1,0,0,0,2,d,0,0,s
I750,0,s,s,0,s,s,0,12,0,0,s,s,3,5,0,7,0,1,5,s,1,0,0,0,0,2,15,0,0,s
1363,0,s,s,0,s,s,0,12,0,5,s,s,3,5,0,7,0,1,5,s,1,0,0,0,d,2,15,0,0,s
1104,0,s,s,s,s,s,0,12,d,0,s,s,3,5,d,7,0,1,d,s,1,0,0,d,d,2,15,d,d,s
I753,0,s,0,0,s,s,0,12,0,0,s,s,3,24,0,7,0,s,5,s,1,1,0,0,0,2,15,0,0,s
I754,0,s,0,0,s,s,0,12,0,5,s,s,3,24,0,7,1,s,5,s,1,1,0,0,8,2,15,0,0,s
I755,0,s,0,0,s,s,0,12,0,5,s,s,3,24,0,7,1,s,5,s,1,1,0,0,8,2,15,s,0,s
I756,0,s,0,0,s,s,0,12,0,5,s,s,3,24,0,s,1,s,5,s,1,1,0,0,8,2,15,s,0,s
1215,0,s,0,0,s,s,0,12,0,5,s,s,d,d,0,s,1,s,5,s,1,d,0,0,d,2,15,s,d,s
1214,0,s,0,3,s,s,d,12,0,5,s,s,3,24,0,s,1,s,5,s,1,1,0,0,8,2,15,s,0,s
1171,0,s,d,d,s,s,0,12,14,5,s,s,3,24,0,7,1,s,5,s,1,d,15,0,8,2,15,s,0,s
I758,0,s,0,0,s,s,0,12,0,5,s,s,3,24,0,7,1,s,5,s,1,1,1,0,8,2,15,0,1,s
1204,1,s,0,3,s,s,0,12,0,5,s,s,3,d,0,7,d,s,5,s,1,1,1,d,d,2,15,0,1,s
I760,0,s,0,3,s,s,0,12,0,5,s,s,3,24,0,7,1,s,5,s,1,1,1,0,8,2,15,0,s,s
1235,d,s,0,3,s,s,0,d,0,5,s,s,3,d,d,7,1,s,5,s,1,1,1,0,8,2,d,0,s,s
1234,0,s,4,3,s,s,0,s,s,5,s,s,d,24,0,7,d,s,5,s,1,1,1,0,d,2,15,0,s,s
I761,0,s,0,0,s,s,0,12,0,5,s,s,3,24,0,7,0,s,5,s,1,1,0,0,0,2,15,0,0,s
I762,0,s,0,0,s,s,0,12,0,5,s,s,3,24,0,7,0,s,5,s,1,1,0,0,0,2,15,0,0,s
1139,0,s,0,0,s,s,s,12,d,5,s,s,3,24,0,7,0,s,5,s,1,d,0,1,0,2,15,2,0,s
1062,2,s,0,0,s,s,0,12,14,5,s,s,3,s,d,7,0,s,5,s,1,1,0,0,0,2,s,0,1,s
I765,0,s,0,0,s,s,0,12,0,5,s,s,3,24,2,7,0,s,5,s,1,1,2,0,1,2,15,0,0,s
1131,d,s,0,0,s,s,0,12,d,d,s,s,3,24,2,s,0,s,5,s,s,1,d,0,1,2,s,0,0,s
I767,0,s,0,0,s,s,0,12,s,5,s,s,3,24,2,7,0,s,5,s,s,1,2,0,1,2,15,0,0,s
1281,0,s,0,0,s,s,0,12,s,5,s,s,3,24,2,7,0,s,5,s,s,1,2,0,1,2,15,d,0,s
1280,0,s,0,0,s,s,0,12,s,5,s,s,3,24,2,7,0,s,5,s,s,1,2,0,1,d,15,0,0,s
I768,0,0,0,0,0,0,0,12,0,0,s,3,0,0,0,0,0,0,0,0,0,0,0,0,0,0,0,0,0,0
I769,0,0,0,0,0,0,0,12,0,0,s,3,0,0,0,0,0,0,0,0,0,0,0,0,0,0,0,0,1,0
I770,s,0,0,0,0,1,0,12,0,0,s,3,3,0,0,8,0,0,0,s,0,0,0,s,0,0,0,0,1,0
I771,s,2,0,0,0,1,0,12,0,0,s,3,3,0,0,8,0,0,0,s,0,0,0,s,0,2,0,0,1,0
I772,s,2,5,0,0,1,0,12,0,0,s,3,3,0,0,8,s,0,0,s,0,0,11,s,0,2,22,0,1,0
I773,s,2,5,0,0,1,0,12,0,0,s,3,3,0,0,8,s,0,0,s,0,0,11,s,0,2,22,0,1,0
I774,s,2,5,0,0,1,0,12,0,0,s,3,3,0,0,8,s,0,0,s,0,0,11,s,0,2,22,0,1,0
1870,s,2,5,0,0,d,0,d,0,d,s,d,3,0,0,8,s,0,d,s,0,0,11,s,0,2,22,0,1,20
I776,s,2,5,0,0,1,0,12,0,0,s,3,3,10,2,8,s,0,0,s,0,0,11,s,0,2,22,0,1,0
1955,s,2,5,0,0,1,0,12,0,0,s,3,3,10,2,8,s,0,0,s,0,0,11,s,0,2,22,0,1,0
1954,s,2,5,0,0,1,0,12,0,0,s,3,3,10,2,8,s,0,0,s,0,0,d,s,0,2,22,0,1,0
I777,s,2,5,0,0,1,0,12,0,0,s,3,3,0,0,8,s,0,0,s,0,1,11,s,0,2,22,0,1,17
I778,s,2,5,0,0,1,0,12,0,0,s,3,3,0,0,8,s,0,0,s,0,1,11,s,0,2,22,0,1,17
1225,s,2,d,0,0,1,0,12,d,0,s,3,3,0,d,8,s,0,0,s,0,1,11,s,0,2,d,0,1,17
1224,s,2,d,0,0,1,0,12,0,0,s,3,3,0,0,d,s,0,d,s,0,d,11,s,0,2,22,0,1,17
I779,s,2,5,0,0,1,0,12,0,0,s,3,3,0,s,8,s,0,0,s,0,1,11,s,0,s,22,0,1,17
1641,s,2,5,d,0,d,0,12,0,0,s,3,3,0,s,8,s,2,0,s,d,1,11,s,11,s,22,d,1,d
1640,s,2,5,0,s,1,0,12,0,0,s,3,3,0,s,8,s,0,d,s,0,d,11,s,0,s,22,0,1,17
I780,s,2,5,0,0,1,3,12,0,0,s,3,3,0,0,8,s,0,0,s,0,1,11,s,0,2,22,0,1,0
1431,s,d,5,d,d,1,3,12,d,5,s,3,3,0,2,8,s,2,0,s,0,1,11,s,0,d,22,3,1,20
I784,s,s,5,2,0,1,3,12,0,0,s,3,3,0,0,8,s,0,0,s,0,1,11,s,0,2,22,0,1,0
1623,s,s,5,2,0,1,3,12,0,0,s,3,3,0,d,8,s,0,0,s,1,1,11,s,d,2,d,0,1,0
1696,s,s,5,2,0,1,3,12,0,0,s,3,3,0,0,8,s,0,0,s,0,1,11,s,0,2,d,0,d,0
I787,s,2,0,0,0,1,0,12,0,0,s,3,3,0,0,8,0,0,0,s,0,0,0,s,0,2,0,0,1,0
I788,s,2,0,0,0,1,0,12,0,0,s,3,s,0,0,8,0,0,0,s,0,0,0,s,0,2,0,0,1,0
1999,s,d,0,d,0,1,5,12,0,5,s,3,s,0,0,8,d,2,0,s,0,2,0,s,1,2,0,0,1,0
I791,s,2,0,0,0,1,0,12,0,0,s,3,s,0,0,8,0,0,0,s,0,0,0,s,0,2,0,0,1,0
1720,s,2,0,0,0,d,d,12,0,0,s,3,s,0,d,8,0,0,0,s,0,0,0,s,1,2,0,0,1,0
I793,s,2,0,0,0,1,0,12,0,0,s,3,s,0,0,8,0,0,0,s,0,0,0,s,0,2,0,0,1,0
1917,s,2,0,0,d,1,0,12,d,0,s,3,s,0,0,8,0,0,0,s,s,0,0,s,0,2,0,0,d,d
1916,s,2,0,0,0,1,3,12,0,0,s,3,s,0,0,8,0,0,d,s,0,d,0,s,d,2,0,d,1,0
I794,s,2,0,0,s,1,0,12,0,0,s,3,3,0,0,8,0,0,0,s,0,0,0,s,0,2,0,0,1,0
1020,s,d,0,d,s,1,0,12,0,1,s,3,3,36,0,8,3,0,0,s,1,2,0,s,0,2,0,0,1,0
I798,s,2,0,0,s,1,0,12,14,0,s,3,3,0,0,8,0,0,0,s,0,0,0,s,0,2,0,0,1,0
1939,s,2,0,d,s,1,d,12,14,0,s,3,3,d,0,d,0,0,0,s,0,0,d,s,0,2,0,0,1,0
1938,s,2,d,0,s,1,0,12,14,0,s,d,d,0,0,8,0,0,0,s,d,0,0,s,0,2,d,0,1,0
I799,s,0,0,0,0,1,15,12,0,0,s,3,3,0,s,8,0,0,0,s,0,0,0,s,0,0,0,0,1,0
I800,s,0,0,0,0,1,15,12,0,0,s,3,3,0,s,8,0,0,0,s,0,1,0,s,0,0,0,0,1,0
I801,s,0,4,0,0,1,15,12,0,0,s,3,3,0,s,8,0,2,0,s,0,1,0,s,0,0,0,0,1,0
I802,s,0,4,0,0,1,15,12,s,0,s,3,3,0,s,8,0,2,0,s,0,1,0,s,0,0,0,0,1,0
I803,s,0,4,0,0,1,15,12,s,0,s,3,3,6,s,8,0,2,28,s,0,1,0,s,5,0,0,0,1,0
1845,s,0,4,d,0,1,15,12,s,0,s,3,3,d,s,8,0,2,28,s,0,1,0,s,5,0,0,0,1,d
1844,s,0,4,3,0,d,15,d,s,0,s,3,3,6,s,8,0,2,28,s,0,1,d,s,5,0,0,0,1,0
1774,s,0,4,0,d,1,d,12,s,0,s,d,3,0,s,8,0,2,12,s,1,1,1,s,0,0,0,0,1,d
1963,s,0,d,0,1,1,15,12,0,0,s,3,3,0,s,d,d,2,0,s,0,1,0,s,0,0,0,0,1,41
I808,s,0,0,0,0,1,15,s,0,0,s,3,3,0,s,8,0,0,0,s,0,1,0,s,0,0,0,2,1,0
I809,s,0,0,0,0,1,15,s,0,0,s,3,3,0,s,8,0,0,0,s,1,1,0,s,0,0,0,2,1,0
1812,s,0,0,0,0,1,15,s,0,5,s,3,3,0,s,8,0,d,0,s,1,1,0,s,0,0,0,2,1,0
I811,s,0,0,0,0,1,15,s,0,0,s,3,3,0,s,8,0,0,0,s,1,1,0,s,0,0,s,2,1,0
1823,s,0,0,0,0,1,15,s,0,5,s,3,3,0,s,8,0,0,0,s,1,1,0,s,0,0,s,2,d,0
1822,s,0,0,0,0,1,15,s,0,0,s,3,d,0,s,8,0,0,0,s,1,1,0,s,0,0,s,2,1,d
I812,s,0,0,0,0,1,15,s,0,0,s,3,3,22,s,8,0,0,0,s,0,1,0,s,0,0,0,2,1,0
I813,s,0,0,0,0,1,15,s,20,0,s,3,3,22,s,8,0,0,1,s,0,1,0,s,0,0,0,2,1,0
1925,s,0,0,d,0,1,15,s,20,0,s,3,3,22,s,8,0,0,1,s,0,1,0,s,0,d,d,2,1,0
1924,s,0,0,d,0,1,15,s,20,0,s,d,3,22,s,8,d,d,1,s,0,d,0,s,0,0,0,2,1,0
1992,s,0,0,0,0,1,15,s,d,0,s,3,3,22,s,8,d,0,s,s,d,1,d,s,0,0,0,2,1,0
I815,s,2,0,0,0,1,15,12,0,0,s,3,3,0,s,8,0,0,0,s,0,0,0,s,0,0,0,0,1,0
I816,s,2,0,0,0,1,15,12,0,0,s,3,3,0,s,8,0,2,0,s,0,0,0,s,s,0,0,0,1,0
I819,s,2,0,0,0,1,15,12,0,0,s,3,3,0,s,8,0,2,0,s,0,0,0,s,s,0,0,2,1,0
2027,s,2,0,0,0,1,15,12,0,0,s,d,3,0,s,d,0,2,0,s,0,0,d,s,s,0,0,2,1,0
2026,s,d,0,0,0,1,d,12,0,0,s,3,3,0,s,8,0,2,0,s,0,0,0,s,s,0,0,2,1,0
I820,s,2,0,0,0,1,15,12,0,s,s,3,3,0,s,8,0,2,0,s,0,2,0,s,s,0,0,2,1,0
1967,s,2,4,0,0,1,s,12,10,s,s,d,3,15,s,8,0,2,0,s,0,2,0,s,s,0,0,2,1,0
1851,s,2,0,d,d,1,15,d,d,s,s,3,3,0,s,8,0,2,0,s,0,d,0,s,s,0,0,2,1,d
I823,s,2,0,0,0,s,15,12,0,0,s,3,3,0,s,8,0,2,0,s,0,0,0,s,0,0,0,0,1,20
I824,s,2,0,0,1,s,15,12,0,0,s,3,3,0,s,8,0,2,0,s,0,0,8,s,0,0,0,2,1,20
1458,s,2,d,0,d,s,15,12,0,0,s,3,3,0,s,8,0,2,0,s,0,d,8,s,d,0,15,2,1,20
1534,s,2,0,d,1,s,15,d,0,0,s,3,3,0,s,8,0,2,0,s,d,s,d,s,0,0,0,2,1,20
I827,s,2,0,1,0,s,15,12,0,0,s,3,3,0,s,8,0,2,0,s,0,0,0,s,0,0,0,0,1,20
I828,s,2,4,1,0,s,15,12,0,0,s,3,3,0,s,8,0,s,0,s,0,0,0,s,0,6,0,0,1,20
1547,s,2,4,1,0,s,15,12,0,0,s,3,3,0,s,8,0,s,0,s,0,0,0,s,1,6,0,d,1,20
1546,s,2,4,d,0,s,15,12,0,5,s,3,3,0,s,8,0,s,0,s,0,0,0,s,1,6,0,0,1,20
I829,s,2,0,1,0,s,15,12,0,0,s,3,3,0,s,8,0,2,0,s,0,0,0,s,0,0,0,0,1,20
1707,s,2,0,1,0,s,15,12,0,0,s,d,3,d,s,8,0,2,4,s,0,0,0,s,0,6,0,d,d,20
1706,s,2,0,d,0,s,d,12,0,0,s,3,3,0,s,8,0,d,0,s,0,0,0,s,1,0,0,0,1,20
I830,0,0,0,0,0,0,0,12,0,0,s,3,0,0,0,0,0,0,0,0,0,0,0,0,0,0,0,0,1,0
I831,0,0,0,0,0,0,0,12,0,0,s,3,4,0,0,0,0,0,0,5,0,0,1,2,0,0,0,0,1,0
I832,0,0,0,0,0,0,0,12,0,0,s,3,4,6,0,0,0,0,0,5,0,0,1,2,0,0,0,2,1,0
I833,0,0,0,1,0,0,0,12,0,0,s,3,4,6,0,5,0,0,0,5,0,0,1,2,11,0,0,2,1,0
I834,0,0,0,1,1,0,0,12,0,0,s,3,4,6,2,5,s,0,0,5,1,1,1,2,11,0,0,2,1,0
I835,0,0,0,1,1,0,0,12,0,0,s,3,4,6,2,5,s,1,0,5,1,1,1,2,11,0,0,2,1,0
1515,0,0,0,1,1,d,0,12,0,0,s,d,4,6,2,5,s,1,0,5,1,1,1,d,11,d,0,d,1,0
1514,0,0,0,1,1,0,0,12,0,0,s,3,4,6,2,5,s,1,0,d,1,1,1,2,11,0,0,2,1,d
1687,0,2,0,1,1,0,0,12,0,0,s,3,4,d,s,d,s,1,0,5,1,1,1,2,11,0,0,2,s,0
I837,0,0,0,1,1,0,0,12,0,0,s,3,4,6,0,5,0,2,0,5,0,0,1,2,11,0,0,2,1,0
I838,0,0,0,1,1,0,0,12,0,0,s,3,4,6,0,5,0,2,0,5,0,0,1,2,11,0,0,2,1,0
1731,0,0,0,1,1,0,0,12,0,0,s,3,4,6,0,5,d,2,0,5,0,0,1,d,11,0,0,d,1,0
1730,0,0,0,1,1,0,d,12,d,0,s,3,4,d,0,5,1,2,22,d,0,0,1,2,11,0,0,2,1,0
I839,0,0,0,1,1,0,0,12,0,0,s,3,4,6,0,5,0,2,0,5,1,0,1,2,11,0,0,2,1,0
1679,0,0,0,1,1,0,0,12,0,0,s,3,4,6,0,5,0,2,0,5,1,0,1,2,11,0,0,2,1,0
1678,0,0,d,1,d,0,d,12,d,0,s,3,4,6,0,5,0,2,d,d,1,0,1,2,s,0,0,2,d,0
I840,0,0,0,0,0,0,0,12,6,0,s,3,4,6,0,0,0,0,0,5,0,s,1,2,0,0,0,2,1,0
1676,0,0,0,d,0,d,0,12,6,5,s,3,4,6,2,0,d,d,0,5,0,s,1,2,0,0,s,2,1,d
I844,0,0,0,0,0,0,0,12,6,5,s,3,4,6,0,33,0,0,6,5,0,s,1,2,5,0,25,2,1,0
I845,0,0,0,0,0,0,0,12,6,5,s,3,4,6,0,33,0,0,6,5,1,s,1,2,5,0,25,2,1,1
1615,0,0,0,0,0,0,0,d,6,d,s,3,4,6,0,d,0,0,6,5,1,s,1,2,5,d,25,2,1,d
1614,0,0,0,0,0,0,0,12,6,5,s,3,4,6,0,33,0,d,6,5,1,s,1,s,5,0,25,2,1,1
1681,0,2,0,0,0,0,0,12,d,d,s,3,d,6,0,33,0,0,6,5,0,s,1,d,5,2,25,2,1,d
I847,0,s,0,0,0,0,0,12,0,0,s,3,4,0,0,0,0,0,0,5,0,0,1,2,s,0,0,0,1,0
I848,0,s,0,0,0,31,0,12,0,0,s,3,4,0,0,0,0,2,0,5,0,0,1,2,s,0,0,0,1,0
I849,0,s,0,0,0,31,6,12,0,0,s,3,4,0,2,s,0,2,0,5,0,0,1,2,s,0,0,0,1,0
1634,0,s,0,0,d,31,6,12,0,0,s,3,4,d,2,s,1,2,0,5,1,0,1,2,s,0,0,d,1,2
1776,d,s,5,d,0,31,6,s,d,0,s,3,4,0,2,s,0,2,d,d,0,0,1,2,s,d,0,0,1,0
1344,2,s,8,0,1,31,0,12,10,0,s,3,s,0,0,0,0,2,16,5,0,0,1,d,s,d,0,0,1,0
I855,0,s,0,0,0,0,0,12,8,0,s,3,4,0,0,20,0,0,0,s,1,0,1,2,s,0,15,0,1,0
I856,0,s,0,0,0,0,0,12,8,5,s,3,4,0,0,20,0,0,0,s,s,0,1,2,s,0,15,0,1,0
1572,0,s,0,0,0,0,9,12,8,d,s,3,4,d,0,20,0,0,0,s,s,0,d,2,s,d,15,0,1,0
1767,0,s,0,d,0,0,0,12,8,5,s,3,4,10,0,d,0,d,0,s,s,0,1,2,s,1,15,0,1,0
I859,0,s,s,0,0,0,0,12,8,0,s,3,4,0,0,20,0,0,0,s,1,0,1,2,s,0,15,0,1,0
1757,0,s,s,0,s,0,0,12,8,0,s,3,4,s,2,20,0,d,0,s,1,1,1,2,s,d,15,0,d,0
1571,0,s,s,d,0,0,6,d,8,0,s,3,4,0,0,20,0,0,6,s,1,0,1,2,s,0,15,0,1,0
I862,0,0,0,0,1,6,0,12,0,0,s,3,0,0,2,0,0,0,0,0,0,0,0,0,0,0,0,0,1,0
I863,0,0,0,0,1,6,0,12,0,5,s,3,0,0,2,0,0,0,0,0,0,0,0,0,0,0,0,0,1,0
I864,0,0,0,0,1,6,0,12,0,5,s,3,0,22,2,0,0,0,0,0,0,0,8,0,0,0,0,0,1,4
1244,d,2,0,0,1,d,0,d,0,d,s,d,d,22,2,d,0,0,0,20,0,0,8,5,s,d,d,0,1,4
I868,0,0,0,0,1,6,0,12,0,5,s,3,0,22,2,0,0,0,0,0,0,0,8,0,1,0,0,0,1,4
1117,0,2,0,0,1,6,0,12,0,5,s,3,0,22,2,d,0,0,5,0,d,1,8,0,1,0,25,0,1,4
I870,0,0,0,0,1,6,0,12,0,5,s,3,0,22,2,0,0,1,0,0,0,0,8,0,1,0,0,0,1,4
1123,0,d,d,0,1,6,d,12,0,5,s,3,0,22,2,0,0,1,0,0,0,d,8,0,1,0,0,0,1,d
1122,0,0,0,d,s,6,d,12,s,5,s,3,0,22,2,0,0,d,0,0,0,0,8,0,1,d,d,0,1,4
I871,0,0,0,0,1,6,0,12,0,5,s,3,0,0,2,0,0,0,0,0,0,0,0,0,0,0,0,0,1,0
I873,s,2,0,0,1,6,0,12,0,5,s,3,0,0,2,0,1,0,0,0,1,0,13,0,0,4,0,2,1,0
1423,s,2,0,0,1,6,0,d,0,5,s,3,0,d,2,d,1,0,0,0,1,0,13,0,0,d,0,2,1,0
1422,s,2,0,d,d,6,0,12,d,5,s,3,0,0,2,0,1,0,0,0,1,d,13,0,0,4,0,2,1,0
1810,d,0,0,0,1,d,0,d,0,d,s,3,5,37,2,5,d,0,s,5,0,0,d,6,0,0,6,0,1,0
I878,0,0,0,1,1,6,0,12,s,0,s,3,0,0,2,0,0,1,0,0,0,0,0,0,0,2,0,2,1,0
I879,s,0,0,1,1,6,0,12,s,0,s,3,3,0,2,0,1,1,0,0,0,s,0,0,0,2,0,2,1,0
1760,s,0,s,1,1,s,0,d,s,5,s,3,d,0,2,8,d,d,0,0,0,s,0,d,0,2,0,2,d,0
I883,s,0,0,1,1,6,0,12,s,0,s,3,3,0,2,0,1,1,0,0,0,s,s,0,0,2,0,2,1,0
1847,s,0,0,d,1,6,0,d,s,0,s,3,3,0,d,0,1,1,0,0,0,s,s,0,1,2,6,d,s,0
1922,s,2,d,1,1,6,0,12,s,0,s,3,3,0,2,d,1,1,0,0,0,s,s,0,0,2,27,2,d,d
I886,0,0,0,1,1,6,0,12,s,0,s,3,0,0,2,0,1,1,0,0,1,0,0,0,0,2,0,2,1,0
I887,0,0,0,1,1,6,0,12,s,0,s,3,0,0,2,0,1,1,0,0,1,s,0,2,0,2,0,2,1,0
1596,0,0,0,1,1,d,0,12,s,0,s,3,s,0,d,s,1,1,0,0,1,s,0,d,0,2,0,2,1,17
I889,0,0,5,1,1,6,0,12,s,0,s,3,0,s,2,0,1,1,0,0,1,s,0,2,0,2,14,2,1,0
1433,0,0,5,1,1,6,0,12,s,0,s,3,0,s,2,0,1,1,0,0,d,s,0,2,0,2,14,2,1,0
1432,d,0,5,1,1,6,d,12,s,5,s,3,0,s,2,0,1,1,0,0,1,s,0,d,0,2,14,2,1,0
I890,0,0,0,1,1,6,0,12,s,0,s,3,8,0,2,0,1,1,0,0,1,0,0,0,1,2,15,2,1,0
1869,0,0,0,1,1,6,6,12,s,d,s,3,8,0,2,0,1,1,0,0,d,0,0,5,1,2,15,2,1,0
1827,0,2,d,1,1,6,0,d,s,0,s,3,8,0,d,0,1,1,d,0,1,1,0,0,1,2,15,2,1,0
I893,0,0,0,0,0,0,0,12,0,0,s,3,0,0,2,0,0,0,0,0,0,s,0,0,0,0,0,0,0,0
I894,0,0,0,0,s,0,0,12,0,0,s,3,0,26,2,0,0,0,0,0,0,s,0,0,0,2,0,0,0,0
I895,0,0,0,0,s,0,0,12,0,0,s,3,0,26,2,0,3,0,0,39,0,s,13,0,0,2,0,0,0,0
I896,0,0,0,0,s,0,0,12,0,5,s,3,0,26,2,0,3,0,0,39,0,s,13,0,1,2,0,0,0,0
I897,0,0,0,0,s,0,0,12,0,5,s,3,3,26,2,0,3,0,0,39,0,s,13,0,1,2,0,0,0,44
1438,0,2,0,0,s,d,0,12,0,5,s,3,d,26,2,8,3,d,16,39,0,s,13,0,1,2,d,0,0,d
I901,0,2,0,0,s,0,0,12,0,5,s,3,3,26,2,0,3,0,0,39,0,s,13,0,1,2,0,0,0,44
I902,0,2,0,0,s,23,0,12,16,5,s,3,3,26,2,0,3,0,0,39,0,s,13,0,1,2,0,2,0,44
1243,0,2,0,0,s,23,s,12,16,5,s,3,3,26,2,0,d,d,0,39,d,s,13,0,1,2,d,2,0,d
1242,0,2,0,0,s,23,0,d,16,5,s,3,3,26,d,0,3,0,0,39,0,s,13,0,d,2,0,d,0,d
1329,0,2,0,0,s,0,0,12,0,5,s,3,3,26,2,0,d,0,0,39,0,s,13,0,1,2,d,0,0,44
I904,2,0,0,0,s,0,0,12,0,5,s,3,3,26,2,0,3,0,0,39,0,s,13,0,1,2,0,0,0,0
1396,2,0,0,0,s,d,d,d,11,5,s,3,d,d,2,0,3,0,0,39,0,s,13,0,d,2,4,d,0,d
I908,2,2,0,0,s,0,0,12,0,5,s,s,3,26,2,0,3,0,0,39,1,s,13,0,1,2,0,0,0,0
1781,2,2,0,1,s,0,0,12,6,5,s,s,3,26,2,0,d,0,0,39,1,s,13,d,1,2,0,0,s,0
I910,2,2,0,0,s,0,0,12,0,5,s,s,3,26,2,0,3,0,0,39,1,s,13,0,1,2,0,0,0,0
1737,2,d,d,d,s,0,0,12,0,5,s,s,d,d,2,0,3,0,0,39,1,s,13,0,1,d,0,0,0,0
1736,2,2,0,0,s,d,d,12,0,5,s,s,3,d,2,0,3,d,0,39,d,s,13,0,1,d,0,d,0,0
I911,0,2,0,0,s,0,0,12,0,0,s,3,0,26,2,0,3,0,0,39,0,s,13,0,1,2,0,0,0,0
I912,0,2,0,0,s,0,0,12,0,0,s,3,0,26,2,0,3,0,0,39,0,s,13,0,1,2,0,0,0,0
I913,0,2,0,0,s,0,0,12,0,0,s,3,0,26,2,0,s,0,0,39,0,s,13,5,1,2,0,0,1,0
1494,0,2,1,0,s,0,37,d,0,0,s,3,d,26,2,0,s,0,0,39,0,s,13,d,1,2,0,2,1,0
I915,0,2,0,0,s,0,0,12,0,0,s,3,0,26,2,5,s,0,22,39,0,s,13,5,1,2,0,0,1,0
1693,0,2,0,0,s,d,d,12,0,0,s,d,0,26,d,5,s,d,22,39,0,s,13,5,1,2,0,s,1,0
1692,0,2,0,0,s,0,0,12,0,0,s,3,0,d,2,5,s,d,22,39,s,s,13,5,1,2,0,0,1,0
I916,0,2,0,0,s,0,0,12,0,5,s,3,0,26,2,0,3,0,0,39,0,s,13,0,1,2,0,0,0,0
1657,0,2,0,0,s,0,0,12,0,5,s,3,0,26,2,0,3,2,0,39,0,s,13,0,1,d,0,6,d,0
I918,0,2,3,0,s,0,40,12,0,5,s,3,0,26,2,0,3,0,0,39,0,s,13,2,1,2,10,0,0,0
1557,d,2,3,0,s,31,40,12,d,5,s,3,d,26,2,27,3,0,0,39,0,s,13,2,1,2,10,0,0,0
1556,0,d,3,0,s,0,40,12,0,5,s,3,0,26,d,d,3,0,d,39,0,s,13,2,1,2,10,0,0,d
I919,0,2,0,0,s,0,0,12,0,0,s,3,0,26,2,25,3,0,0,39,0,s,13,0,1,2,0,0,1,0
I922,0,2,4,0,s,0,0,12,0,0,s,3,0,26,2,25,3,0,0,39,0,s,13,0,1,2,0,0,1,0
1683,s,2,4,0,s,0,0,12,0,0,s,3,0,26,2,25,3,0,0,39,0,s,13,0,1,2,d,0,1,0
1682,0,2,4,0,s,0,0,12,0,0,s,3,d,26,2,25,3,d,0,39,0,s,13,0,d,2,0,0,1,d
1931,0,d,0,0,s,0,s,12,0,5,s,3,3,26,2,25,3,0,0,39,0,s,13,d,1,2,15,0,d,s
I926,0,0,0,0,s,31,0,12,0,0,s,3,0,26,2,13,1,0,4,0,1,s,0,0,0,2,6,0,0,0
I927,0,0,0,0,s,31,0,12,0,0,s,3,0,26,s,13,1,0,4,0,1,s,0,0,0,2,6,0,0,0
I928,0,0,0,0,s,31,0,12,0,0,s,3,0,26,s,13,1,0,4,0,1,s,0,0,0,2,6,0,0,0
I929,0,0,0,0,s,31,0,12,0,0,s,3,0,26,s,13,1,0,4,0,1,s,0,0,0,2,6,0,0,0
1842,0,0,0,0,s,31,0,12,6,0,s,3,d,26,s,13,1,0,4,0,1,s,0,0,0,d,6,2,0,0
1927,0,0,0,0,s,d,d,12,14,0,s,d,0,d,s,13,1,0,4,d,1,s,0,d,0,2,d,0,0,0
1876,0,0,4,d,s,31,0,12,d,d,s,3,0,26,s,13,1,2,4,0,1,s,d,0,0,d,6,0,0,0
I935,0,2,s,0,s,31,0,12,0,0,s,3,0,26,s,13,1,2,4,0,1,s,1,0,1,2,6,0,0,0
I937,0,2,s,3,s,31,0,12,0,0,s,3,0,26,s,13,1,2,4,0,1,s,1,0,1,2,6,0,0,0
1961,0,2,s,3,s,31,0,12,d,0,s,3,0,26,s,13,1,2,4,0,1,s,1,d,d,2,6,0,0,0
1960,0,2,s,3,s,31,0,12,d,d,s,3,0,26,s,13,1,2,4,d,1,s,1,0,1,2,6,d,0,0
I939,0,2,s,0,s,31,0,12,16,0,s,3,0,26,s,13,1,2,4,0,1,s,1,0,1,2,6,0,0,0
1957,0,2,s,0,s,31,0,12,16,0,s,3,0,26,s,13,1,2,4,s,d,s,1,0,1,d,6,0,0,0
1934,0,2,s,0,s,31,0,12,d,5,s,3,0,26,s,13,d,2,4,0,1,s,1,0,1,2,6,d,0,d
I942,0,0,4,0,s,31,2,12,0,5,s,3,0,26,2,13,1,0,4,0,1,s,0,0,0,2,6,0,0,0
I943,0,0,4,0,s,31,2,12,0,5,s,3,0,26,2,13,1,0,4,0,1,s,0,0,0,2,6,0,0,0
I944,0,0,4,0,s,31,2,12,0,5,s,3,0,26,2,13,1,0,4,0,1,s,0,0,0,2,6,0,1,0
1716,0,0,4,1,s,d,d,12,0,5,s,3,0,26,2,d,1,0,4,d,1,s,0,0,0,2,6,2,d,2
I946,0,0,4,0,s,31,2,12,0,5,s,3,0,26,2,13,1,0,4,0,1,s,0,0,0,2,6,0,1,0
1913,d,d,4,0,s,s,2,d,0,5,s,3,d,26,2,13,1,0,4,0,1,s,0,0,0,2,6,0,1,0
1912,0,0,d,0,s,31,d,12,0,5,s,3,d,26,2,13,1,0,4,0,1,s,0,0,0,2,6,0,1,20
I947,0,0,4,1,s,31,2,12,0,5,s,3,0,26,2,13,1,0,4,0,1,s,2,0,0,2,6,0,0,0
1645,2,0,4,1,s,31,2,12,14,5,s,3,0,26,2,13,1,0,4,0,1,s,2,1,1,2,6,0,d,0
1617,0,2,4,1,s,31,2,12,0,d,s,d,0,26,2,13,d,2,4,d,1,s,2,0,0,2,6,0,0,0
I950,0,0,4,0,s,31,2,12,0,5,s,3,0,26,2,13,1,0,4,0,1,s,0,0,0,2,6,0,0,0
1628,0,0,d,d,s,31,2,d,0,5,s,3,0,26,2,13,1,2,4,0,s,s,0,0,2,2,d,0,0,0
I954,0,0,4,0,s,31,2,12,0,5,s,3,0,26,2,13,1,0,4,0,1,s,0,0,s,2,6,0,0,0
I955,0,0,4,0,s,31,2,12,0,5,s,3,0,26,2,13,1,0,4,0,1,s,0,0,s,2,6,4,0,0
1945,d,0,4,0,s,31,2,12,0,5,s,3,0,26,2,13,1,0,4,0,1,s,0,d,s,d,6,4,0,0
1944,0,0,4,0,s,31,2,12,0,5,s,3,d,26,2,13,1,0,4,d,d,s,0,0,s,d,6,4,0,0
1863,0,0,4,d,s,31,2,12,0,5,s,3,0,26,2,13,1,0,4,0,1,s,d,0,s,2,6,2,0,0
I957,0,0,4,1,s,0,0,12,26,0,s,3,0,0,2,0,0,0,0,0,0,s,0,5,0,0,0,0,0,0
I958,0,0,4,1,s,0,0,12,26,0,s,3,0,0,2,0,0,0,24,0,0,s,2,5,1,0,25,0,0,0
I959,0,0,4,1,s,0,0,12,26,s,s,3,0,0,2,27,0,2,24,7,0,s,2,5,1,0,25,0,0,0
I960,0,0,4,1,s,0,17,12,26,s,s,3,0,0,2,27,3,2,24,7,0,s,2,5,1,0,25,0,0,6
I961,0,4,4,1,s,15,17,12,26,s,s,3,0,0,2,27,3,2,24,7,0,s,2,5,1,0,25,0,0,6
1213,0,4,4,1,s,15,17,s,26,s,s,3,0,0,2,27,3,2,24,7,0,s,2,d,1,0,25,0,0,6
1241,d,s,4,1,s,15,17,12,26,s,s,d,0,0,2,27,3,d,24,7,0,s,2,5,1,d,25,0,0,6
I964,0,0,4,1,s,0,17,12,26,s,s,3,0,0,2,27,3,2,24,7,0,s,2,5,1,0,25,0,0,6
1074,0,0,4,1,s,0,17,12,26,s,s,3,0,0,2,27,3,d,24,7,0,s,2,5,1,0,25,0,0,6
1060,0,0,4,1,s,s,17,s,26,s,s,3,3,d,d,27,3,2,24,7,4,s,2,5,1,d,s,0,0,d
I967,0,s,4,1,s,31,0,s,26,s,s,3,0,0,2,27,1,2,24,7,0,s,2,5,1,0,25,0,0,0
I968,0,s,4,1,s,31,0,s,26,s,s,3,0,0,2,27,1,2,24,7,0,s,2,5,1,0,25,2,0,0
I969,0,s,4,1,s,31,0,s,26,s,s,3,0,0,2,27,1,2,24,7,0,s,2,5,1,0,25,2,0,0
1473,0,s,4,1,s,31,0,s,26,s,s,3,d,0,2,27,1,2,24,7,0,s,2,5,1,0,25,2,0,0
1472,d,s,4,1,s,31,0,s,26,s,s,3,0,d,2,27,1,2,24,7,d,s,2,5,d,0,25,2,0,0
I970,0,s,4,1,s,31,0,s,26,s,s,3,0,0,2,27,1,2,24,7,0,s,2,5,1,0,25,2,1,0
1581,0,s,4,1,s,31,0,s,d,s,s,3,0,0,2,27,1,2,24,7,0,s,2,5,1,d,d,2,d,d
1580,d,s,d,1,s,d,d,s,26,s,s,d,0,0,2,27,1,2,24,7,0,s,2,5,d,0,25,d,1,0
1315,0,s,4,1,s,31,d,s,d,s,s,3,2,0,2,27,1,2,24,7,2,s,2,s,1,d,25,0,0,0
I974,0,0,4,1,s,0,0,12,26,0,s,3,0,0,s,0,0,0,24,0,0,s,2,5,1,0,25,0,1,0
I975,0,0,4,1,s,0,0,12,26,0,s,3,0,0,s,0,0,2,24,0,0,s,2,5,1,0,25,0,1,0
I978,0,0,4,1,s,0,0,12,26,0,s,3,s,0,s,0,0,2,24,0,0,s,2,5,1,2,25,0,1,0
1613,2,0,4,1,s,d,0,12,26,0,s,3,s,0,s,0,0,2,d,0,0,s,d,5,1,2,25,0,1,0
1612,0,d,4,d,s,0,0,12,26,0,s,3,s,d,s,0,0,d,24,0,0,s,2,5,1,2,25,0,1,0
I979,0,0,4,1,s,0,9,12,26,0,s,3,3,0,s,0,0,2,24,39,0,s,2,s,1,0,25,0,1,0
1513,0,0,4,1,s,0,9,12,26,d,s,3,d,0,s,0,0,2,24,d,s,s,2,s,1,d,25,2,1,0
1703,0,0,4,1,s,0,9,12,26,0,s,3,3,0,s,0,0,2,24,39,0,s,2,s,s,0,25,0,1,0
I982,0,0,4,1,s,0,0,12,26,0,s,3,0,0,s,0,0,0,24,0,0,s,2,5,1,s,25,0,1,0
1632,0,2,s,1,s,15,d,12,26,s,s,3,d,0,s,0,d,0,24,0,0,s,2,5,1,s,25,0,1,0
I986,0,0,4,1,s,0,0,12,26,0,s,3,3,0,s,0,0,0,24,0,0,s,2,5,1,s,25,0,1,0
1258,0,0,4,1,s,8,0,d,26,0,s,d,3,0,s,0,0,0,24,0,0,s,2,5,d,s,25,0,1,0
I988,0,2,4,s,s,0,0,12,26,0,s,3,3,0,s,33,0,0,24,26,6,s,2,5,1,s,25,0,1,41
1591,0,2,d,s,s,0,0,12,26,0,s,3,3,d,s,33,0,0,24,26,d,s,2,5,1,s,25,0,d,41
1590,0,2,4,s,s,0,0,d,26,d,s,3,3,0,s,33,d,0,24,d,6,s,2,d,1,s,25,0,1,41
I989,0,0,4,1,s,0,0,12,26,0,s,3,0,0,2,0,0,0,0,0,1,s,0,5,0,0,4,0,0,0
I990,s,0,4,1,s,0,0,12,26,0,s,3,0,0,2,0,0,0,0,0,1,s,0,5,0,0,4,0,0,0
I991,s,0,4,1,s,0,0,12,26,0,s,3,0,0,2,0,0,0,0,0,1,s,s,5,0,0,4,0,0,0
1230,s,2,4,1,s,d,0,12,26,0,s,3,2,0,2,0,0,d,0,0,d,s,s,d,1,6,4,0,1,2
I995,s,0,4,1,s,0,0,s,26,0,s,3,0,0,2,0,0,0,10,0,1,s,s,5,0,0,4,0,0,0
1509,s,0,4,1,s,0,0,s,d,0,s,3,0,0,d,d,0,0,10,0,1,s,s,5,11,0,4,0,0,0
I997,s,2,4,1,s,0,0,s,26,0,s,3,0,0,2,0,0,0,10,0,1,s,s,5,0,0,4,2,1,0
1395,s,d,4,1,s,0,0,s,26,0,s,3,s,0,2,0,0,d,10,0,1,s,s,d,0,d,4,2,1,0
1394,s,d,4,1,s,0,0,s,26,0,s,3,0,0,2,d,0,d,d,0,1,s,s,5,d,0,4,2,1,0
I998,s,0,4,1,s,5,21,12,26,0,s,3,0,0,2,10,0,0,0,0,1,s,0,5,0,0,4,0,0,0
I999,s,1,4,s,s,5,21,12,26,0,s,3,0,0,2,10,0,0,0,0,1,s,0,5,0,0,4,0,0,0
1032,s,1,4,s,s,5,21,12,26,0,s,3,d,0,2,10,0,d,0,0,1,s,0,5,0,0,4,0,1,0
I1002,s,1,4,s,s,5,21,12,26,0,s,3,0,0,s,10,0,0,0,0,1,s,0,5,0,0,4,0,0,0
1987,s,1,d,s,s,5,21,12,26,0,s,3,0,d,s,10,d,0,0,0,1,s,d,5,0,0,d,0,d,0
1026,s,1,4,s,s,5,21,d,26,0,s,d,0,36,s,10,0,0,0,0,1,s,s,d,0,0,s,0,0,0
I1005,s,2,4,1,s,5,21,12,26,5,s,3,0,0,2,10,0,1,0,0,1,s,0,5,1,2,4,0,0,0
2005,s,2,4,d,s,5,21,d,26,5,s,3,0,0,2,10,d,1,12,0,1,s,2,5,1,2,4,0,0,s
1010,s,s,d,d,s,5,21,12,26,5,s,d,0,d,2,10,0,1,0,0,s,s,0,5,1,2,4,0,0,0
I1009,0,0,4,1,s,0,0,12,26,0,s,3,0,26,2,0,0,0,0,0,1,s,5,5,0,0,4,0,0,0
I1010,0,0,4,1,s,0,0,12,26,5,s,3,0,26,2,0,0,0,0,0,1,s,5,5,0,0,4,0,0,0
1114,0,0,4,d,s,0,0,12,26,5,s,3,0,26,2,0,1,d,0,0,1,s,d,d,0,0,4,d,0,0
1162,2,0,4,1,s,6,d,12,26,5,s,3,0,d,2,0,0,0,0,s,1,s,d,5,0,d,4,0,0,0
I1017,0,0,4,1,s,0,0,12,26,0,s,3,0,26,2,0,0,0,0,0,1,s,5,5,11,0,4,0,0,0
I1018,0,0,4,1,s,0,0,12,26,0,s,3,0,26,2,0,0,0,0,0,1,s,5,5,11,0,4,0,0,0
I1019,0,0,4,1,s,0,0,12,26,5,s,3,0,26,2,0,0,0,0,0,1,s,5,5,11,0,4,0,0,0
1371,0,0,4,1,s,0,0,12,26,5,s,3,0,26,2,0,0,0,0,0,1,s,5,5,d,0,4,0,0,0
1370,0,d,4,1,s,0,0,d,26,5,s,3,d,26,2,0,0,0,0,0,1,s,5,5,d,0,d,s,0,0
1442,0,2,4,1,s,0,0,12,26,3,s,3,0,26,d,0,0,0,0,d,1,s,5,5,d,d,4,0,s,d
1336,d,2,d,d,s,d,0,d,26,0,s,3,0,26,2,d,d,1,d,0,1,s,5,5,11,0,d,2,d,0
