cell,r1,r2,r3,r4,r5,r6,r7,r8,r9,r10,r11,r12,r13,r14,r15,r16,r17,r18,r19,r20,r21,r22,r23,r24,r25,r26,r27,r28,r29,r30
I1,0,4,1,0,0,0,0,0,0,0,0,0,0,0,0,0,2,0,0,0,0,0,0,0,5,0,0,0,0,0
I2,0,4,1,0,0,0,0,0,0,0,0,0,0,0,0,17,2,0,0,0,0,0,0,0,5,0,0,0,0,0
I3,0,4,1,0,0,0,0,0,0,0,0,0,0,0,0,17,2,0,0,0,0,0,7,0,5,0,9,0,0,0
I4,0,4,1,0,0,0,0,0,0,0,0,0,0,1,0,17,2,0,0,0,0,0,7,0,5,0,9,0,0,0
I5,0,4,1,7,0,0,0,0,0,0,0,0,0,1,2,17,2,0,29,0,0,0,7,0,5,0,9,13,0,0
I6,17,4,1,7,0,0,0,0,0,0,0,0,0,1,2,17,2,0,29,0,0,6,7,0,5,0,9,13,0,0
I7,17,4,1,7,0,0,0,0,0,0,0,0,0,1,2,17,2,0,29,0,0,6,7,0,5,0,9,13,8,5
I8,17,4,1,7,2,0,9,0,0,0,0,0,0,1,2,17,2,0,29,0,0,6,7,0,5,0,9,13,8,5
I9,17,4,1,7,2,0,9,0,s,0,0,0,0,1,2,17,2,0,29,0,0,6,7,0,5,0,9,13,8,5
1507,17,4,1,7,2,0,9,0,s,0,0,0,0,1,d,17,2,0,29,0,0,6,d,0,5,0,d,13,8,5
I11,17,4,1,7,2,0,9,0,s,3,0,0,8,1,2,s,2,0,29,0,0,6,7,0,5,0,9,13,8,5
1981,17,4,d,7,2,0,9,0,s,3,0,0,8,1,2,s,2,0,29,0,0,6,7,0,5,0,9,13,8,5
1980,17,4,1,7,2,0,9,d,s,3,0,0,8,d,2,s,2,0,29,0,0,6,7,0,5,0,9,13,8,5
I12,17,4,1,7,2,0,9,0,0,0,0,0,0,1,2,17,2,0,29,0,0,6,7,0,5,0,s,13,8,5
I13,17,4,1,7,2,0,9,0,0,0,7,0,0,1,2,17,2,5,29,0,0,6,7,0,5,0,s,13,8,5
1425,17,s,d,7,2,0,9,0,0,0,7,0,0,1,2,d,2,5,29,0,0,6,7,d,5,0,s,13,8,5
1424,17,4,1,7,2,3,9,d,0,0,7,0,0,1,2,d,2,5,29,d,0,6,7,5,5,0,s,13,8,5
1626,17,s,1,7,2,35,9,0,d,0,0,d,8,1,2,s,2,d,29,0,0,6,7,0,5,0,s,13,8,5
I15,17,4,1,7,0,0,3,0,0,3,0,0,0,1,2,17,2,0,29,0,0,6,7,0,5,0,9,13,8,5
I16,17,4,1,7,0,0,3,0,2,3,0,0,0,1,2,17,2,0,29,0,0,6,7,0,5,0,9,13,8,5
1310,17,4,d,7,0,0,d,0,2,3,34,0,5,s,2,17,2,d,29,d,0,6,7,5,5,s,d,13,d,5
1421,d,d,d,7,d,0,d,0,d,3,0,0,d,1,2,17,s,0,29,6,2,6,s,0,5,0,9,13,8,5
I19,17,4,1,7,0,0,3,2,0,3,0,0,0,1,2,17,2,0,29,0,0,6,7,5,5,0,9,13,8,5
I20,17,4,1,7,0,0,3,2,0,3,0,0,0,1,2,17,2,0,29,0,0,6,7,5,5,0,9,13,8,5
1283,17,d,1,7,0,0,3,2,0,3,0,4,0,1,2,17,2,d,29,d,d,6,7,5,5,0,9,13,8,5
1282,d,4,1,7,d,0,3,2,0,3,0,0,8,1,2,17,2,0,29,0,0,6,d,5,5,d,d,13,8,5
1598,d,d,1,7,d,10,3,2,2,d,2,0,0,1,2,17,2,0,29,0,d,6,7,5,5,0,9,13,8,d
I22,17,4,1,7,0,0,11,0,0,0,0,0,0,1,2,17,2,0,29,0,0,6,7,0,5,0,9,13,14,0
I23,17,4,1,7,1,0,11,0,0,0,0,0,0,1,2,17,2,0,29,3,0,6,7,0,5,0,9,13,14,0
I24,17,4,1,7,1,0,11,0,0,0,27,0,0,1,2,17,2,0,29,3,0,6,7,0,5,0,9,13,14,0
I25,17,4,1,7,1,0,11,0,2,0,27,0,0,1,2,17,2,0,29,3,2,6,7,0,5,0,9,13,14,10
1607,d,d,d,7,1,0,d,0,2,0,27,0,0,1,2,17,d,0,29,3,2,d,7,d,5,0,9,d,14,10
1606,17,4,1,7,d,0,11,0,2,0,27,0,0,1,2,17,d,0,29,3,2,6,7,0,5,0,9,d,d,10
1639,17,4,1,7,1,d,d,0,0,0,27,4,0,1,d,17,2,4,d,3,0,6,7,s,5,0,9,d,d,0
I29,17,4,1,7,1,27,11,0,0,3,12,4,0,1,2,17,2,0,29,3,0,6,7,0,5,1,9,13,14,0
1333,17,4,1,7,1,27,11,0,0,3,12,d,d,1,2,17,2,0,29,3,0,6,7,0,5,1,9,13,14,10
1332,17,4,d,7,d,27,11,0,0,3,d,4,0,d,2,17,2,0,29,d,0,6,7,0,d,1,d,13,14,0
I30,17,4,1,7,0,0,11,0,0,0,0,0,0,1,2,17,2,0,29,0,0,6,7,0,5,1,9,13,14,0
I33,17,4,1,7,0,0,11,0,0,0,0,0,0,1,2,17,2,15,29,0,0,6,7,0,5,1,9,13,14,0
1505,17,4,1,7,0,d,11,0,0,0,0,0,0,1,2,17,d,15,29,0,0,6,7,d,5,1,9,13,14,0
1504,s,4,1,d,0,0,d,0,0,0,0,0,0,1,2,17,2,15,29,0,2,6,7,0,d,1,9,13,14,0
I34,17,4,1,7,0,0,11,0,0,0,0,0,0,1,2,17,2,0,29,0,0,6,7,0,5,1,9,13,14,0
1491,17,4,1,d,d,d,d,0,0,0,18,0,0,1,2,s,2,0,29,0,2,6,7,0,5,1,9,d,14,d
1755,17,4,1,7,0,d,11,0,2,8,4,0,0,1,2,d,2,19,29,0,0,6,7,0,5,1,d,13,14,0
I37,0,4,1,7,1,0,0,0,0,3,0,3,0,1,2,17,2,0,29,0,0,0,7,0,5,0,9,13,0,0
I38,0,4,1,7,1,0,0,0,0,3,0,3,0,1,2,17,2,0,29,0,0,0,7,5,5,0,9,13,0,0
I39,0,4,1,7,1,0,0,0,2,3,0,3,0,1,2,17,2,0,29,0,0,0,7,5,5,0,9,s,19,0
I40,0,4,1,7,1,0,0,7,2,3,0,3,0,1,2,17,2,0,29,0,0,0,7,5,5,0,9,s,19,0
I41,0,4,1,7,1,0,8,7,2,3,0,3,0,1,2,17,2,0,29,15,0,0,7,5,5,0,9,s,19,0
1303,d,s,1,7,1,0,8,7,2,3,0,3,0,1,2,d,d,0,29,15,0,0,7,5,5,0,9,s,19,0
1302,0,4,1,7,d,0,8,7,2,3,0,3,0,1,d,17,2,0,29,15,0,0,7,5,5,0,9,s,19,d
1522,0,4,1,7,1,10,0,7,2,3,0,d,0,1,2,17,2,0,d,d,0,0,7,5,5,0,9,s,19,0
I45,0,4,1,7,1,0,0,0,2,3,0,3,0,1,2,17,2,16,29,0,0,0,7,5,5,0,9,s,19,0
1349,0,4,1,7,1,d,s,2,2,3,0,3,0,1,2,17,2,16,29,0,0,0,d,5,d,d,9,s,19,0
1348,d,4,1,7,1,0,d,0,2,3,0,3,0,1,2,d,d,d,29,0,d,d,7,d,5,d,9,s,d,0
I46,0,4,1,7,1,0,0,0,0,3,0,3,0,1,2,17,2,0,29,0,0,0,7,5,5,0,9,13,0,0
I47,0,4,1,7,1,0,0,0,0,3,0,3,0,1,2,17,2,0,29,0,0,0,7,5,5,0,9,13,0,0
1052,d,s,1,7,1,0,5,0,0,d,0,3,8,d,2,17,2,0,29,s,2,0,7,5,d,d,9,d,d,0
1193,0,4,1,d,1,d,s,0,0,3,0,3,0,1,2,17,d,0,29,0,0,d,7,5,5,0,9,13,0,0
1034,0,4,1,s,1,0,0,0,2,3,0,3,0,1,2,17,2,3,29,0,0,d,7,5,5,0,9,d,0,0
I54,0,4,1,7,1,34,0,0,2,3,0,3,0,1,2,17,2,0,29,0,0,0,7,0,5,0,9,13,0,1
I56,0,4,1,7,1,34,0,0,2,3,0,3,0,1,2,17,2,0,29,0,0,0,7,0,5,1,9,13,0,1
1118,s,4,1,7,d,34,0,d,2,d,0,3,0,1,2,17,2,0,29,24,0,0,7,0,5,1,9,13,d,1
I58,0,4,1,7,1,34,0,0,2,3,0,3,0,1,2,17,2,0,29,0,0,0,7,0,5,1,9,13,0,1
1161,0,4,1,7,1,34,0,0,2,3,0,3,8,1,d,d,2,0,29,0,0,0,7,0,5,1,9,13,d,1
1160,13,4,d,s,1,34,0,d,d,3,0,s,0,1,2,17,2,d,29,0,d,d,7,0,5,d,9,13,0,1
I62,0,4,1,7,1,34,0,0,2,3,0,3,0,1,2,17,2,0,29,0,0,0,7,0,5,0,9,13,0,1
I63,0,4,1,7,1,34,5,0,2,3,0,3,0,1,2,17,2,0,29,0,0,0,7,0,5,0,9,13,0,1
1113,0,4,1,7,1,34,d,0,2,3,0,3,0,1,2,17,2,0,29,d,d,d,7,d,5,0,9,13,d,1
I65,0,4,1,7,1,34,5,0,2,3,0,3,0,1,2,s,2,0,29,0,0,0,7,0,5,0,9,13,0,1
1405,0,4,1,7,1,34,5,2,2,3,0,3,0,1,2,s,2,0,29,d,0,0,7,d,d,d,9,d,0,1
1404,0,4,1,7,1,34,d,0,2,3,0,3,0,1,2,s,2,0,29,0,0,0,7,0,d,d,9,13,0,1
1339,7,d,1,7,1,34,5,0,2,3,0,3,0,1,2,17,2,0,29,0,d,6,7,0,s,0,9,13,0,1
I69,0,4,1,0,0,28,0,0,0,0,0,0,0,s,0,17,2,1,0,0,2,0,7,0,5,0,9,0,0,0
I70,0,4,1,19,0,28,0,7,0,0,0,0,0,s,0,17,2,1,0,0,2,0,s,0,5,0,9,0,0,1
I71,0,4,1,19,0,28,0,7,0,0,25,0,0,s,0,17,2,1,0,0,2,3,s,0,5,0,9,9,0,1
I72,0,4,1,19,0,28,0,7,0,8,25,0,0,s,0,17,2,1,0,0,2,3,s,5,5,0,9,9,0,1
I74,0,4,1,19,1,28,0,7,2,8,25,0,8,s,0,17,2,1,0,0,2,3,s,5,5,0,9,9,0,1
1287,0,4,1,19,1,28,0,7,2,8,25,0,8,s,0,17,2,1,0,0,2,3,s,5,5,0,9,9,0,1
1286,d,4,1,19,1,28,0,d,2,d,25,0,8,s,0,17,d,1,0,0,2,3,s,5,5,d,9,9,0,1
I77,0,4,1,19,0,28,0,7,0,8,25,4,0,s,0,17,2,1,0,0,2,3,s,5,5,0,9,9,0,1
1159,0,4,1,19,d,28,0,7,0,8,25,4,0,s,0,s,2,1,0,d,2,3,s,5,d,0,9,9,0,1
1158,0,4,1,19,0,28,d,7,0,8,25,4,0,s,0,17,2,1,0,0,2,d,s,5,5,0,9,9,d,1
I79,0,4,1,19,0,28,0,7,0,0,25,0,0,s,0,17,2,1,0,0,2,3,s,0,5,0,9,9,0,1
I80,0,4,1,s,0,28,0,7,0,0,25,0,0,s,0,17,2,1,0,0,2,3,s,s,5,0,9,9,0,1
1343,6,4,1,s,d,28,0,7,0,8,25,0,0,s,0,17,2,1,0,0,2,3,s,s,5,d,9,9,0,1
1719,0,4,1,s,0,28,0,7,0,s,25,0,0,s,0,17,2,d,8,0,d,3,s,s,d,0,d,9,0,1
1111,d,4,1,19,0,28,6,7,0,s,25,0,0,s,0,17,2,s,d,0,d,3,s,0,5,0,9,9,0,1
I87,0,4,1,s,0,28,0,7,0,0,0,0,0,s,0,17,2,1,0,0,2,3,s,5,5,5,9,0,9,1
I88,0,4,1,s,0,28,0,7,0,0,0,0,0,s,0,17,s,1,0,0,2,3,s,5,5,5,9,9,9,1
1299,d,4,1,s,0,28,5,s,d,3,0,2,0,s,0,17,s,1,0,18,2,3,s,5,d,5,9,9,9,1
I93,0,4,1,s,0,28,0,7,0,0,0,0,0,s,2,17,s,1,0,0,2,3,s,5,5,5,9,9,9,1
1263,0,4,1,s,0,28,0,7,0,d,0,0,0,s,d,17,s,1,0,d,2,3,s,5,5,5,9,9,9,1
1262,0,d,1,s,1,28,0,7,0,d,0,0,0,s,2,17,s,1,d,0,2,s,s,5,5,5,9,9,9,1
I95,0,4,1,s,0,28,0,7,0,0,0,0,0,s,0,17,2,1,0,s,2,3,s,5,5,5,9,0,9,1
I96,0,4,1,s,0,28,0,7,0,0,0,s,1,s,0,17,s,1,2,s,2,3,s,5,5,5,9,13,9,1
1251,0,4,1,s,d,28,0,d,0,0,0,s,1,s,0,17,s,1,d,s,2,3,s,5,5,5,9,13,9,1
1079,0,4,1,s,0,28,d,7,0,d,0,s,1,s,0,17,s,1,2,s,2,3,s,5,5,5,d,13,d,d
I100,0,4,1,s,0,28,0,s,0,0,6,0,0,s,0,17,2,1,0,s,2,3,s,5,5,5,9,0,9,1
1173,d,4,1,s,1,28,0,s,0,d,6,0,0,s,0,17,2,1,d,s,2,3,s,5,5,5,9,0,9,d
1172,d,4,1,s,0,28,0,s,0,0,6,0,0,s,d,17,2,1,0,s,2,3,s,5,5,d,9,d,d,1
I102,0,4,1,0,0,28,0,0,0,0,0,0,0,s,0,17,2,1,0,0,2,0,7,0,5,0,9,0,11,0
I103,0,4,1,0,0,28,0,0,0,3,0,0,0,s,0,17,2,1,5,0,2,0,7,0,5,0,9,0,11,0
I104,0,4,1,0,0,28,0,0,0,3,0,2,0,s,0,17,2,1,5,26,2,0,7,0,5,0,9,0,11,1
I105,0,4,1,0,0,28,0,7,2,3,0,2,0,s,0,17,2,1,5,26,2,0,7,0,5,0,9,0,11,1
I107,9,4,1,0,1,28,5,7,2,s,0,2,0,s,2,17,2,1,5,26,2,0,7,0,s,0,s,0,11,1
1973,9,4,1,d,1,28,5,7,2,s,0,2,0,s,2,17,2,d,5,d,2,0,7,0,s,1,s,0,11,1
1972,9,d,1,0,1,28,5,7,2,s,d,2,0,s,2,17,2,1,5,d,2,d,7,0,s,0,s,0,11,1
1058,0,4,1,0,0,28,s,7,2,3,7,2,0,s,d,17,2,1,5,26,2,d,d,0,5,0,9,0,d,1
I109,0,4,1,0,0,28,0,8,0,3,0,2,0,s,0,17,2,1,s,26,2,0,7,0,5,0,9,0,11,1
I110,0,4,1,0,0,28,4,8,0,3,0,2,0,s,0,17,2,1,s,26,2,3,7,0,5,0,9,0,11,1
I111,0,4,1,0,0,28,4,8,0,3,0,2,0,s,0,17,2,1,s,26,2,3,7,5,5,0,9,0,11,1
1867,0,4,1,0,0,28,4,8,0,3,0,d,0,s,0,17,d,1,s,26,2,3,7,5,5,0,9,0,d,1
1866,0,4,1,0,0,28,4,8,0,3,0,2,0,s,0,17,2,1,s,26,2,3,7,5,5,0,9,d,d,1
1884,0,4,1,0,0,28,4,8,0,3,d,2,d,s,0,17,2,1,s,26,2,3,7,d,5,0,9,0,11,1
I113,0,4,1,0,0,28,0,8,0,3,0,2,0,s,4,17,2,1,s,26,2,0,7,0,5,0,9,0,11,1
2044,0,4,1,0,1,28,d,8,0,3,0,2,s,s,d,17,2,1,s,26,2,d,d,0,5,0,9,0,11,1
2030,0,d,1,3,0,28,0,8,0,3,0,2,12,s,4,17,2,1,s,26,2,0,7,0,5,0,9,s,11,1
I116,0,4,1,0,0,28,0,0,2,3,0,0,0,s,0,17,2,1,5,0,2,0,7,0,5,1,9,0,11,0
I117,0,4,1,0,0,28,0,0,2,3,0,2,0,s,s,17,2,1,5,0,2,0,7,5,5,1,9,0,11,0
1098,0,4,1,0,0,d,0,0,2,3,0,2,0,s,s,17,2,1,5,0,2,0,d,5,5,1,9,d,11,0
1049,0,4,1,0,0,28,0,0,2,3,0,2,0,s,s,17,2,1,5,30,2,0,7,d,5,1,9,0,11,0
I122,4,4,1,0,0,28,0,0,2,3,0,0,0,s,0,17,2,1,5,0,s,0,7,0,5,1,9,0,11,0
983,4,4,1,0,0,d,0,0,2,3,0,0,0,s,0,17,2,d,5,1,s,0,7,0,5,1,d,d,11,0
1965,4,4,1,0,0,28,0,0,2,3,0,0,0,s,0,17,d,1,5,0,s,0,7,0,d,1,9,0,11,0
I124,0,4,1,0,0,28,0,0,0,0,0,0,8,s,0,17,2,1,0,0,2,0,7,0,5,0,9,0,11,0
I125,7,4,1,0,0,28,0,0,0,0,0,4,8,s,0,17,2,1,0,0,2,0,7,0,5,0,9,7,11,0
I126,7,4,1,0,1,28,0,0,0,0,0,4,8,s,0,17,2,1,0,0,2,0,7,0,5,0,9,7,11,0
I127,7,4,1,0,1,28,0,0,0,0,0,4,8,s,0,17,2,1,0,0,2,0,7,0,5,0,9,s,11,0
1301,7,4,d,0,s,28,0,0,0,0,0,4,8,s,0,d,d,1,0,0,2,0,7,0,5,0,d,s,11,0
1300,7,4,1,0,d,d,d,0,0,0,0,4,8,s,d,17,s,1,0,0,2,0,d,5,5,0,9,s,11,0
1132,7,4,1,0,1,d,0,0,0,3,0,4,8,s,0,17,2,1,0,0,2,0,7,d,5,0,9,7,11,0
I130,7,4,1,0,0,28,11,0,0,3,0,4,8,s,0,17,2,1,0,9,2,0,7,0,5,0,9,7,11,0
1477,7,4,1,0,d,d,11,0,0,3,0,d,8,s,2,17,2,1,d,9,2,5,7,0,5,0,d,7,11,d
1476,7,4,d,0,d,d,11,0,0,3,0,4,8,s,0,17,2,1,0,d,2,0,7,0,5,0,9,7,11,0
I132,0,4,1,0,1,28,0,0,0,0,0,0,8,s,0,17,2,1,0,0,2,0,7,0,5,0,9,0,11,0
1094,0,4,1,0,1,28,0,3,0,3,16,0,d,s,0,17,2,1,0,0,2,0,d,0,d,d,9,0,d,1
1164,d,4,1,9,1,s,0,0,0,3,d,0,d,s,0,17,2,d,0,24,2,3,7,0,5,0,d,0,11,0
I139,0,4,1,0,1,0,0,0,2,0,0,0,0,13,0,17,2,0,15,0,0,0,7,5,5,1,9,0,0,0
I140,0,4,1,0,1,34,0,0,2,0,0,0,0,13,0,17,2,0,15,0,0,0,7,5,5,1,9,0,0,0
I141,0,4,1,0,1,34,9,0,2,3,0,1,0,13,0,17,2,0,15,s,0,0,7,5,5,1,9,0,0,0
I142,0,4,1,0,1,34,9,0,2,3,0,1,0,13,0,17,2,0,15,s,0,0,7,5,5,1,9,0,0,0
I143,0,4,1,0,1,34,9,0,2,3,0,1,0,13,0,17,2,0,15,s,0,0,7,5,5,1,9,0,0,0
I144,0,4,1,0,1,34,9,0,2,3,0,1,0,13,0,17,2,0,15,s,0,0,7,5,5,1,9,0,0,0
I145,0,4,1,0,1,34,9,0,2,3,0,1,0,13,2,17,2,0,15,s,0,0,7,5,5,1,9,9,0,0
1763,0,d,1,0,1,d,9,0,2,3,0,1,0,13,2,17,2,d,15,s,0,0,7,5,5,1,9,9,0,d
1762,0,4,d,d,1,34,9,d,2,d,0,1,0,13,2,d,2,0,15,s,0,0,7,5,d,1,9,9,d,0
1784,0,4,1,0,d,34,9,d,2,d,0,1,d,13,d,17,2,8,15,s,0,0,7,5,5,1,9,0,d,0
I147,0,4,1,0,1,34,9,0,2,3,14,1,0,13,0,17,2,0,15,s,0,0,7,5,5,1,9,0,0,0
1893,0,d,1,0,d,34,d,0,2,3,14,d,d,13,0,17,2,0,15,s,d,0,d,5,5,d,9,0,0,0
1805,0,4,d,0,1,34,d,0,d,3,14,1,0,13,1,d,2,0,15,s,s,0,7,d,d,1,9,0,0,0
I153,7,4,1,0,1,34,9,8,2,3,0,1,0,13,0,17,2,15,15,s,0,2,7,5,5,1,9,0,0,0
1093,7,4,1,0,1,d,9,d,d,3,0,d,0,d,0,17,2,15,15,s,d,2,s,d,5,1,9,d,d,1
1092,7,4,1,0,1,34,9,8,2,3,0,1,8,13,0,17,2,15,15,s,0,2,7,5,5,1,d,0,0,0
I154,0,4,1,0,1,34,9,0,2,3,0,1,0,13,0,17,2,0,15,s,0,0,7,5,5,1,9,0,0,0
I155,0,4,1,0,1,34,9,8,2,3,0,1,0,13,0,17,2,0,15,s,0,0,7,5,5,1,9,0,0,0
I156,0,4,1,s,1,34,9,8,s,3,0,1,0,13,0,17,2,0,15,s,0,0,7,5,5,1,9,0,0,0
1743,0,4,1,s,1,34,9,8,s,3,0,1,0,13,d,17,2,0,15,s,0,0,7,5,5,1,9,d,0,d
976,d,4,1,s,1,34,9,d,s,3,d,1,0,13,0,17,s,0,15,s,0,0,7,5,5,d,9,d,0,d
I158,0,4,1,0,1,34,9,8,2,3,0,1,8,13,0,17,2,0,15,s,2,0,7,5,5,1,9,0,0,0
1579,0,4,1,0,1,34,9,8,2,3,0,1,8,13,0,17,d,0,d,s,d,0,d,5,5,1,9,0,0,0
I160,0,4,1,0,1,34,9,8,2,3,0,1,8,13,0,17,2,6,15,s,2,0,7,5,5,1,9,0,0,0
1725,d,4,1,0,1,34,9,8,d,3,0,1,8,13,d,17,2,d,15,s,d,0,7,d,5,d,9,0,0,0
1724,d,4,1,0,1,34,9,8,2,d,d,1,d,d,0,17,2,6,15,s,2,d,d,5,d,1,9,0,d,0
I161,0,4,1,0,1,34,9,0,2,3,0,1,0,13,0,17,2,0,15,s,0,3,7,5,5,1,9,0,0,0
1669,0,4,1,0,1,34,9,8,2,3,d,1,0,13,0,17,2,0,15,s,0,3,7,5,5,1,9,0,0,0
I165,0,4,1,0,1,34,9,0,2,3,0,1,0,13,0,17,2,1,15,s,0,3,7,5,5,1,9,0,0,1
I166,0,4,1,0,1,34,s,0,2,3,0,1,0,13,0,17,2,1,15,s,0,3,7,5,5,1,9,0,7,1
1903,0,4,1,0,1,d,s,0,2,3,s,1,0,13,0,17,2,1,d,s,0,3,7,5,5,1,d,0,7,1
1902,0,4,1,0,1,d,s,d,2,3,d,d,0,13,0,17,2,1,15,s,0,3,7,5,5,1,9,0,7,d
1666,0,4,1,0,1,d,9,0,d,3,0,1,0,d,0,17,2,1,15,s,0,3,d,5,5,1,9,0,0,s
I168,0,4,1,0,1,s,5,0,2,0,0,0,7,13,0,17,2,0,15,0,0,0,7,5,5,1,9,0,0,0
I169,0,4,s,0,1,s,5,2,2,3,0,0,s,13,0,17,2,0,15,0,0,0,7,5,5,1,9,13,0,0
I174,0,4,s,0,s,s,5,2,2,3,0,0,s,13,0,17,2,0,15,0,0,0,7,5,5,1,9,13,0,0
1943,0,4,s,0,s,s,5,2,2,3,0,2,s,13,0,17,2,0,d,0,0,0,7,5,d,1,9,13,0,0
2009,0,4,s,0,s,s,5,2,2,3,d,0,s,d,0,17,2,0,15,0,0,0,7,5,5,1,9,13,0,0
I179,0,4,s,15,1,s,5,2,2,3,0,0,s,13,0,17,2,0,15,3,2,0,7,5,5,1,9,13,0,0
1859,0,4,s,d,1,s,5,2,2,3,0,0,s,13,0,17,2,0,15,3,2,0,d,5,5,1,9,13,0,0
1858,d,4,s,15,1,s,5,2,2,3,0,0,s,13,0,17,d,0,15,3,d,0,d,5,5,1,9,13,0,0
I183,0,4,1,0,1,s,5,0,2,0,s,0,7,13,0,17,2,0,15,0,0,0,7,5,5,1,9,0,0,0
I184,0,4,1,0,1,s,5,0,2,0,s,0,7,13,0,17,2,0,15,0,0,0,7,5,5,1,9,0,0,0
I185,0,4,1,0,1,s,5,0,2,0,s,0,7,13,0,17,2,0,15,0,0,6,7,5,5,1,9,0,0,0
I186,0,4,1,17,1,s,5,0,2,0,s,0,7,13,0,17,2,0,15,0,2,6,7,5,5,1,9,0,0,0
1575,d,4,1,17,s,s,5,0,d,0,s,0,7,13,0,17,2,0,15,0,s,6,7,5,5,1,9,0,0,0
1574,0,4,1,17,1,s,5,d,d,0,s,d,d,13,0,17,d,0,15,0,2,6,7,5,5,1,9,0,0,0
1715,7,4,1,3,1,s,5,7,2,d,s,0,7,13,0,17,2,0,15,0,0,6,7,5,5,1,9,13,0,0
I188,0,4,1,0,1,s,5,0,2,0,s,0,7,13,0,17,2,0,15,10,0,0,7,5,5,1,9,0,0,0
1764,0,4,1,s,1,s,5,0,2,d,s,0,d,13,0,17,2,d,15,s,0,1,7,5,5,d,9,0,0,0
I190,0,4,1,0,1,s,5,0,2,0,s,0,7,13,0,17,2,5,15,10,0,0,7,5,5,1,9,9,0,0
1787,0,4,d,0,1,s,d,0,2,0,s,0,7,13,0,17,2,5,15,10,2,0,7,d,5,1,9,9,0,0
1786,0,4,1,0,1,s,5,0,2,0,s,0,7,13,0,17,2,d,15,10,0,0,7,5,5,1,9,9,0,0
I191,0,4,1,0,1,s,5,0,2,0,s,0,7,13,0,17,2,0,15,12,0,0,7,5,5,1,9,13,0,0
I192,0,4,1,7,1,s,5,0,2,0,s,0,7,13,0,17,2,0,15,12,0,0,7,5,5,1,9,13,2,0
1793,0,d,1,7,d,s,5,0,2,0,s,4,7,13,0,17,2,0,d,12,0,0,7,5,5,1,9,13,2,d
I194,s,4,1,7,1,s,5,2,2,0,s,0,7,13,0,17,2,6,15,12,0,0,7,5,5,1,9,13,2,0
1545,s,4,1,d,1,s,5,2,2,0,s,0,7,13,0,17,2,6,15,12,0,0,7,5,d,1,9,13,2,0
1544,s,4,1,7,1,s,5,2,2,d,s,0,7,13,0,17,2,6,15,12,0,0,d,d,d,1,9,13,2,0
I196,7,4,1,3,1,s,5,0,2,3,s,0,7,13,0,17,2,0,15,12,0,0,7,5,5,1,9,13,0,0
1537,7,4,1,3,1,s,5,0,2,3,s,0,7,d,0,d,d,s,15,12,0,0,7,5,5,1,9,13,0,0
1536,7,4,1,d,s,s,5,0,2,d,s,d,7,13,0,d,2,0,15,12,d,0,7,5,d,1,9,13,0,0
I198,4,s,1,0,1,0,0,0,2,0,s,0,8,13,0,17,2,0,15,0,s,0,7,5,5,1,9,0,0,0
I199,4,s,1,6,1,0,0,7,2,0,s,0,8,13,0,17,2,0,15,3,s,0,7,5,5,1,9,0,0,0
I200,4,s,1,6,1,0,0,7,2,0,s,0,8,13,0,17,2,0,15,3,s,0,7,5,5,1,9,0,0,0
I201,4,s,1,6,1,0,s,7,2,0,s,0,8,13,0,17,2,2,15,3,s,0,7,5,5,1,9,0,0,0
1043,4,s,d,6,1,0,s,7,2,d,s,2,d,d,0,17,2,2,15,3,s,3,7,5,5,1,9,d,0,0
I203,4,s,1,6,1,0,s,7,2,0,s,0,8,13,0,17,2,2,15,3,s,0,7,5,5,1,9,0,0,0
I204,4,s,1,6,1,8,s,7,2,0,s,0,8,13,0,17,2,2,15,3,s,0,s,5,5,1,9,0,0,0
2037,4,s,1,6,1,8,s,7,2,0,s,0,8,13,0,d,2,2,15,3,s,0,s,5,5,1,d,0,d,0
2036,4,s,1,6,1,8,s,7,2,0,s,0,8,13,0,17,2,2,15,3,s,0,s,5,5,1,9,0,0,0
1056,4,s,d,6,1,d,s,7,2,0,s,0,8,13,0,17,2,2,15,3,s,0,7,5,d,1,9,0,0,0
I205,4,s,1,6,1,0,0,7,2,0,s,0,8,13,0,17,2,4,15,3,s,0,7,5,5,1,9,16,0,0
I206,4,s,1,6,1,0,0,7,2,0,s,0,8,13,0,17,2,4,15,3,s,0,7,5,5,1,9,16,0,0
1920,d,s,1,6,1,0,8,7,2,7,s,0,8,13,0,s,2,4,15,3,s,6,7,5,5,1,9,16,0,0
1952,4,s,1,6,1,0,4,7,2,0,s,0,8,13,0,17,2,d,15,3,s,0,7,5,5,1,9,d,0,0
1024,4,s,1,6,1,0,d,7,2,0,s,0,8,13,2,17,2,4,d,3,s,0,7,5,d,d,9,16,0,1
I210,4,s,1,6,1,0,0,7,2,0,s,0,8,13,0,17,2,0,15,3,s,0,7,5,5,1,9,0,0,0
I212,4,s,1,6,1,0,0,7,2,6,s,4,8,13,s,17,2,0,15,3,s,0,7,s,s,1,9,0,0,0
1041,4,s,1,6,1,0,d,7,2,6,s,4,d,13,s,d,2,0,15,3,s,0,7,s,s,1,9,d,0,0
1040,4,s,d,6,1,0,0,7,2,6,s,4,8,13,s,17,2,d,d,3,s,0,7,s,s,1,9,d,0,0
I216,4,s,1,6,1,0,0,7,2,3,s,0,8,13,0,17,2,0,15,3,s,0,7,5,5,1,9,0,0,0
1984,d,s,1,6,1,20,0,7,2,3,s,0,8,13,0,17,d,0,15,d,s,0,7,5,5,1,9,0,0,0
I220,4,s,1,6,1,0,0,7,2,3,s,0,s,13,0,17,2,0,15,3,s,0,7,5,5,1,9,0,0,0
I221,4,s,1,6,1,8,0,7,2,3,s,0,s,13,2,17,2,0,15,3,s,0,7,5,5,1,9,0,0,0
1583,4,s,1,6,1,8,0,7,2,3,s,0,s,13,2,17,2,0,15,3,s,0,7,5,5,d,9,d,0,0
1582,d,s,1,d,1,8,0,7,2,3,s,d,s,13,2,17,2,0,d,3,s,d,7,d,5,1,9,0,d,0
I222,4,s,1,6,1,0,0,7,2,3,s,0,s,13,0,17,2,0,15,3,s,0,7,5,5,1,9,0,0,0
1427,4,s,1,6,1,0,0,7,2,3,s,0,s,d,0,17,2,0,d,3,s,0,7,5,d,1,9,13,0,0
1426,4,s,1,6,1,0,0,7,2,3,s,0,s,13,0,17,2,d,15,3,s,0,7,5,d,d,9,0,0,0
I223,4,s,1,0,1,0,8,1,2,3,s,0,8,13,0,17,2,0,15,0,s,6,7,5,5,1,9,11,0,0
I224,4,s,1,0,1,0,8,1,2,3,s,0,8,13,0,17,2,0,15,0,s,6,s,5,5,1,9,11,0,0
I225,4,s,1,0,1,0,8,1,2,3,s,0,8,13,0,17,2,0,15,0,s,6,s,5,5,1,9,11,0,0
I226,4,s,1,0,1,0,8,1,2,3,s,0,8,13,0,17,2,0,15,0,s,6,s,5,5,1,9,11,0,0
I227,4,s,1,0,1,0,8,1,2,3,s,0,8,13,0,17,2,0,15,s,s,6,s,5,5,1,9,11,0,0
1549,4,s,1,0,d,0,8,1,2,3,s,d,8,13,0,17,2,0,15,s,s,d,s,5,5,d,9,11,0,0
1548,4,s,1,0,1,27,8,1,2,3,s,0,8,13,0,d,d,0,15,s,s,6,s,5,5,1,9,11,d,0
1595,4,s,d,0,1,0,8,1,2,3,s,0,8,d,0,d,2,0,15,0,s,6,s,5,5,d,9,d,0,0
I229,4,s,1,0,1,0,8,1,2,3,s,0,8,13,0,17,2,0,15,0,s,6,s,5,5,1,9,11,0,0
1833,4,s,1,7,d,d,8,1,2,3,s,0,8,13,0,17,2,0,d,13,s,6,s,d,d,1,9,11,0,0
I231,4,s,1,s,1,0,8,1,2,3,s,0,8,13,0,17,2,0,15,0,s,6,s,5,5,1,9,11,0,0
1661,4,s,1,s,1,0,8,1,2,3,s,0,d,13,0,17,2,0,15,0,s,6,s,5,5,1,9,11,d,0
1660,4,s,1,s,d,0,d,1,2,3,s,0,8,13,0,17,2,d,15,0,s,6,s,5,5,d,d,11,0,0
I232,4,s,1,0,1,8,8,1,2,3,s,4,8,13,0,s,2,0,15,15,s,6,s,5,5,1,9,11,0,0
I234,4,s,1,6,1,8,8,s,2,3,s,4,8,13,0,s,2,0,15,15,s,6,s,5,5,1,9,11,0,0
1487,4,s,d,6,1,8,d,s,2,3,s,4,8,13,0,s,2,d,d,15,s,6,s,5,5,1,9,11,0,0
1486,4,s,1,6,1,d,8,s,2,s,s,d,8,13,0,s,d,d,15,15,s,d,s,5,5,1,9,11,0,0
I236,4,s,1,0,1,8,8,1,2,3,s,4,8,13,0,s,2,0,15,15,s,6,s,5,5,1,9,11,0,0
I237,4,s,1,0,1,8,8,1,2,3,s,4,8,13,0,s,2,0,15,15,s,6,s,5,5,s,9,11,0,1
1625,4,s,d,d,1,8,d,1,2,3,s,4,8,13,0,s,2,0,15,15,s,6,s,5,5,s,9,11,0,1
1624,4,s,1,0,1,d,8,d,s,d,s,4,8,13,0,s,d,0,d,15,s,6,s,5,d,s,9,11,0,d
1441,d,s,1,0,1,8,d,1,d,3,s,4,8,13,0,s,2,0,s,15,s,6,s,5,5,1,9,11,0,0
I239,4,s,1,0,1,0,8,1,2,3,s,0,s,13,0,17,2,0,15,0,s,s,7,5,5,1,9,11,0,0
I240,4,s,1,0,1,0,8,1,2,3,s,s,s,13,0,17,2,0,15,0,s,s,7,5,5,1,9,11,0,0
I241,4,s,1,0,1,0,8,1,2,3,s,s,s,13,0,17,2,0,15,0,s,s,7,5,5,1,9,11,0,0
1950,4,s,d,0,1,d,8,1,2,3,s,s,s,13,d,17,2,0,15,0,s,s,7,5,5,1,9,d,2,0
1797,4,s,1,19,d,0,8,1,2,d,s,s,s,13,0,d,2,0,d,d,s,s,s,5,5,1,9,11,0,0
985,4,s,1,0,d,d,8,1,2,3,s,s,s,13,2,17,d,0,15,d,s,s,7,5,5,1,9,11,0,0
I246,4,s,1,0,1,0,8,1,2,3,s,0,s,13,0,17,2,0,15,0,s,s,7,5,5,1,9,11,0,0
2020,4,s,1,0,1,s,8,1,d,3,s,s,s,d,0,17,2,0,15,10,s,s,7,5,5,1,9,11,d,d
I250,4,s,1,0,1,8,8,1,2,3,s,0,s,13,0,17,2,s,15,0,s,s,7,5,5,s,9,11,8,1
1997,4,s,1,0,d,8,8,1,2,3,s,0,s,13,0,17,2,s,15,0,s,s,d,5,d,s,9,11,8,1
1996,4,s,1,0,1,8,8,1,d,d,s,0,s,13,0,17,2,s,15,0,s,s,7,d,d,s,9,11,8,1
I251,0,4,1,0,1,0,0,0,0,3,0,0,0,0,0,17,2,0,0,0,0,0,0,0,5,0,0,0,0,0
I252,0,4,1,0,1,0,0,0,2,3,0,0,0,12,0,17,2,0,8,0,0,0,0,0,5,0,0,0,0,0
I253,0,4,1,0,1,0,0,0,2,3,0,0,0,12,0,17,2,0,8,0,0,0,0,0,5,0,0,0,0,0
I254,15,4,1,3,1,0,0,0,2,3,0,0,0,12,0,17,2,0,8,6,0,0,0,5,5,0,25,0,0,0
I255,15,4,1,s,1,0,0,0,2,3,0,0,8,12,0,17,2,0,8,6,0,0,0,5,5,0,s,0,0,0
I256,15,4,1,s,1,0,0,0,2,3,0,0,8,12,0,17,2,0,8,6,0,3,7,5,5,0,s,0,0,0
I257,15,4,1,s,1,0,3,0,2,3,0,0,8,12,2,17,2,0,s,6,2,3,7,5,5,0,s,0,0,3
1223,15,4,1,s,1,s,3,0,2,3,1,d,8,12,d,17,2,6,s,6,2,3,7,5,5,1,s,0,11,3
I259,15,4,1,s,1,0,3,0,2,3,0,0,8,12,2,17,2,0,s,6,2,3,7,5,5,0,s,0,0,3
1379,d,4,d,s,1,0,3,0,2,3,0,d,8,12,2,17,2,0,s,6,2,3,7,5,d,0,s,d,0,d
1378,15,4,1,s,1,0,3,0,2,3,0,3,8,12,2,17,2,0,s,6,2,3,7,5,5,0,s,d,0,3
I260,15,4,1,s,1,0,0,0,2,3,0,0,8,12,0,17,2,0,8,6,0,3,7,5,5,0,s,0,11,0
1068,15,4,1,s,1,0,0,d,d,3,1,0,8,d,2,17,d,0,8,s,0,3,7,5,5,0,s,0,11,0
1358,15,4,d,s,1,13,0,0,2,3,0,s,8,d,0,17,2,0,8,d,0,3,7,5,5,d,s,0,11,0
I263,15,4,1,s,1,0,0,0,2,3,0,0,8,12,0,17,2,0,8,6,0,0,0,5,5,0,s,0,8,0
I264,15,4,1,s,s,0,0,0,2,3,0,0,8,12,0,17,2,0,8,6,2,0,0,5,5,0,s,0,8,0
1101,15,4,1,s,s,0,0,0,2,3,0,1,d,d,0,17,2,d,8,d,s,0,0,5,5,d,s,0,d,0
1255,15,4,1,s,s,0,3,0,d,3,0,0,s,12,0,17,2,0,8,6,2,d,13,5,5,1,s,0,8,1
I267,15,4,1,s,1,0,0,0,2,3,0,0,8,12,0,17,2,0,8,6,0,0,0,5,5,0,s,0,8,5
I268,15,4,1,s,1,0,0,0,2,3,0,0,8,12,0,17,2,0,8,6,s,0,0,5,5,0,s,0,8,5
1055,15,4,1,s,1,0,0,0,2,3,0,0,8,12,0,17,2,0,8,6,s,0,0,d,5,0,s,0,8,5
1054,15,d,1,s,1,0,0,0,2,3,0,0,8,d,0,17,2,d,d,6,s,d,d,5,5,0,s,0,8,5
1278,15,4,d,s,1,0,d,0,2,d,d,0,d,12,0,17,2,d,d,6,2,3,22,5,5,0,s,0,8,s
I270,15,4,1,3,1,0,0,0,2,3,0,0,0,12,0,17,2,0,8,6,2,0,0,5,5,0,25,0,0,1
I271,15,4,1,3,1,0,4,0,2,3,0,0,0,12,0,17,2,0,8,6,2,0,0,5,5,0,25,0,0,1
I272,15,4,1,3,1,0,4,0,2,3,0,0,0,12,0,17,2,0,8,6,2,0,0,5,5,0,25,0,0,1
I273,15,4,1,3,1,0,4,0,2,3,0,0,0,12,0,17,2,0,8,6,2,0,0,s,5,0,25,7,0,1
1005,15,4,1,3,d,0,4,d,2,3,0,0,8,12,0,17,2,0,s,d,d,0,0,s,5,0,25,7,0,1
1004,15,4,1,3,1,2,4,0,2,3,d,0,0,12,0,17,2,0,8,6,2,3,0,s,5,0,25,7,8,1
1995,15,4,1,3,1,0,4,d,d,3,d,0,0,12,0,s,s,d,8,d,2,0,0,5,5,0,25,0,d,1
I277,15,4,1,3,1,0,4,0,2,3,0,4,0,12,0,17,2,0,8,6,2,0,0,5,5,0,25,0,0,1
I278,15,4,1,3,1,0,4,0,2,3,s,4,0,12,0,17,2,0,8,6,2,0,0,5,5,0,25,0,0,1
1073,d,4,1,3,1,0,4,0,2,3,s,d,0,12,0,17,2,0,d,6,d,0,0,5,5,0,25,0,0,1
1072,15,4,d,3,d,13,4,0,2,3,s,4,0,d,0,d,d,0,8,6,2,0,d,5,5,0,25,0,0,1
1187,15,4,1,3,1,0,4,0,2,3,0,4,0,12,0,d,2,0,8,6,2,0,0,d,5,0,25,0,3,1
I280,15,4,1,3,1,0,0,0,2,3,0,0,0,12,0,17,2,0,8,6,2,0,0,5,5,0,25,0,0,1
I281,15,4,1,3,1,0,8,0,2,3,0,s,0,12,0,17,2,0,8,6,2,0,0,5,5,0,25,0,0,1
1318,15,4,1,s,1,31,8,2,2,3,0,s,0,12,6,17,2,0,8,d,2,0,0,d,5,0,d,0,d,1
1180,15,4,1,3,d,0,8,7,2,3,18,s,0,12,d,17,2,0,8,6,d,0,0,5,5,0,25,0,0,1
I284,15,4,1,3,1,0,0,2,2,3,0,2,0,12,0,17,2,0,8,6,s,5,0,5,5,0,25,0,0,1
1772,15,4,1,d,1,0,0,2,2,3,0,2,0,12,0,17,2,d,8,6,s,5,0,5,5,0,25,0,0,1
1475,15,4,1,3,1,d,0,2,d,3,0,2,0,d,0,17,2,0,8,6,s,5,0,5,5,1,25,0,8,1
I287,0,4,1,0,1,0,0,0,2,3,0,s,0,12,0,17,s,0,8,0,0,0,0,5,5,0,0,0,0,0
I288,0,4,1,7,1,0,0,0,2,3,0,s,0,12,0,17,s,0,8,0,0,0,0,5,5,0,0,0,0,0
I289,0,4,1,7,1,4,0,2,2,3,0,s,0,12,5,17,s,0,8,0,0,0,0,5,5,0,0,0,0,0
I290,0,4,1,7,1,4,0,2,2,3,0,s,0,12,5,17,s,0,8,0,0,0,0,5,5,0,8,0,0,0
1145,4,s,1,7,1,4,0,2,2,3,0,s,d,12,5,d,s,0,8,0,2,0,0,5,5,0,8,d,0,0
I292,0,4,1,7,1,4,1,2,2,3,0,s,0,12,5,17,s,0,8,0,0,6,0,5,5,0,8,0,0,0
1489,0,4,1,7,1,4,d,2,2,3,d,s,1,12,d,17,s,0,8,0,2,6,0,d,5,0,8,0,0,0
1488,0,d,d,7,1,4,1,2,2,3,0,s,s,12,5,17,s,0,d,0,0,6,0,5,5,0,8,0,d,0
1604,0,4,d,7,1,4,5,2,2,d,0,s,0,12,5,17,s,0,8,0,0,0,0,5,5,0,0,0,0,0
I296,0,4,1,7,1,0,0,3,2,3,0,s,0,12,0,17,s,1,8,0,0,0,0,5,5,0,0,8,0,0
I299,0,4,1,7,1,10,0,3,2,3,6,s,0,12,0,17,s,1,8,0,0,0,0,5,5,0,0,8,0,0
1147,0,4,1,7,1,10,0,3,d,3,6,s,0,12,0,17,s,1,8,0,0,0,0,5,5,0,0,d,0,0
1146,s,4,1,7,1,10,3,3,2,3,6,s,0,d,0,17,s,1,8,0,d,0,0,5,s,0,36,8,0,0
I302,0,4,1,7,1,16,11,3,2,3,0,s,0,12,0,17,s,1,8,0,0,0,8,5,5,0,0,8,0,s
1239,0,4,1,7,1,16,11,d,2,3,0,s,0,12,0,17,s,1,8,2,0,0,8,5,5,0,0,8,0,s
1238,d,4,1,7,d,16,11,3,2,3,0,s,0,12,0,17,s,1,8,0,0,0,8,5,5,0,0,8,0,s
I303,0,4,1,0,1,s,0,0,2,3,0,s,0,12,0,17,s,0,8,0,0,0,0,5,5,0,0,0,0,0
I309,4,4,1,0,1,s,0,0,2,3,0,s,s,12,0,17,s,0,8,21,0,4,0,5,5,1,2,0,0,0
1841,4,4,1,0,d,s,0,0,2,3,0,s,s,12,d,17,s,0,d,21,0,4,0,5,5,1,2,0,0,d
1840,4,4,1,d,1,s,0,0,2,3,0,s,s,12,0,d,s,0,d,21,0,4,0,5,5,d,2,0,d,0
I310,0,4,1,0,1,s,0,0,2,3,0,s,0,12,0,17,s,0,8,0,0,0,0,5,5,0,0,0,0,0
1369,0,4,1,d,1,s,0,0,2,3,0,s,0,12,d,17,s,0,8,1,0,0,0,5,5,1,0,4,0,0
1783,7,4,s,0,1,s,0,d,2,d,7,s,0,s,0,d,s,0,8,0,d,0,d,5,5,0,0,d,2,1
I317,0,4,1,0,1,0,0,8,2,3,0,0,0,12,2,17,2,2,8,0,0,0,0,0,5,0,0,0,0,s
I318,0,4,1,0,1,0,11,8,2,3,0,0,8,12,2,17,2,2,8,0,0,0,9,0,5,0,0,0,0,s
I319,0,4,1,0,1,1,11,8,2,3,0,0,8,12,2,17,2,2,8,0,0,0,9,0,5,1,0,13,0,s
I324,0,4,1,0,1,1,11,8,2,3,0,0,8,12,2,17,2,2,8,0,0,0,9,0,5,1,0,13,0,s
I325,0,4,1,0,1,1,11,8,2,3,0,0,8,12,2,17,2,2,8,0,0,0,9,0,5,1,0,13,9,s
1455,0,d,1,0,1,1,11,8,d,3,d,d,8,12,2,17,2,2,8,0,0,0,9,0,5,1,0,13,d,s
1454,s,4,1,0,1,1,11,8,2,3,0,0,8,12,2,17,2,2,8,0,0,0,9,0,5,1,d,d,9,s
I326,0,s,1,7,1,1,11,s,2,3,0,0,8,12,2,17,2,2,8,0,0,0,9,5,5,1,1,13,0,s
1429,7,s,1,d,d,1,11,s,2,d,0,0,8,12,2,17,2,2,8,s,0,0,9,5,5,1,d,13,d,s
1428,0,s,1,7,1,1,11,s,2,3,0,0,8,12,2,d,2,2,8,0,d,0,9,5,5,1,1,13,0,s
I327,0,4,1,6,1,1,11,8,2,3,0,0,8,12,2,17,2,2,8,0,0,0,9,0,5,1,0,13,0,s
1129,0,4,1,6,1,1,11,8,2,d,d,0,8,12,2,17,2,d,8,18,0,d,9,0,5,1,19,13,0,s
I331,0,4,1,6,1,1,11,8,2,3,0,0,8,12,2,17,2,2,8,0,2,0,9,0,5,1,0,13,0,s
1140,0,4,1,6,1,1,11,8,2,3,0,2,8,12,2,17,d,2,8,0,2,1,d,0,5,1,0,13,11,s
I333,0,4,1,6,1,1,11,8,2,3,37,0,8,s,2,17,2,2,8,0,2,0,9,5,5,1,0,13,0,s
1539,0,4,d,d,1,1,d,8,2,3,37,0,8,s,2,17,2,2,8,0,2,0,9,d,5,1,0,13,d,s
1538,0,4,1,6,1,d,11,d,2,3,37,0,8,s,2,17,2,2,8,0,2,0,d,d,5,d,0,13,0,s
I334,0,4,1,13,1,0,11,8,2,3,0,0,8,12,2,17,2,2,8,0,0,0,9,0,5,0,0,0,0,s
I335,0,4,1,13,1,0,11,8,2,3,0,0,8,12,2,17,2,2,8,0,0,0,9,0,5,0,0,0,0,s
1976,4,4,d,13,1,0,11,8,2,d,0,0,8,12,2,17,2,d,8,0,0,0,9,3,5,0,d,0,0,s
I339,0,4,1,13,1,0,11,8,2,3,0,0,8,12,2,17,2,2,8,0,0,0,9,0,5,0,0,0,0,s
1664,0,4,1,13,1,0,11,8,d,3,0,0,8,12,2,17,2,2,d,0,0,0,9,0,5,0,0,d,0,s
I341,0,4,1,13,1,0,11,8,2,3,s,0,8,12,2,s,2,2,8,0,0,0,9,0,5,0,8,0,0,s
1899,d,4,1,13,1,d,11,8,d,d,s,0,d,d,2,s,2,2,8,0,d,0,9,0,5,0,d,0,0,s
1898,0,4,1,13,1,0,11,8,2,3,s,0,8,12,d,s,2,2,8,0,0,0,9,0,d,0,8,0,0,s
I342,0,4,1,13,1,0,11,8,2,3,7,0,8,12,2,17,2,2,8,0,0,0,9,0,5,0,0,0,0,s
1735,0,4,1,d,1,d,11,8,2,3,d,0,8,12,2,17,d,2,8,0,0,3,9,3,s,0,0,0,0,s
I346,0,4,1,13,1,37,11,8,2,3,7,0,8,12,2,17,2,s,8,43,0,0,9,0,5,1,0,0,0,s
I347,0,4,1,13,1,37,11,8,2,3,7,0,8,12,2,17,2,s,8,43,0,0,9,0,5,1,0,0,0,s
1937,0,4,1,13,1,37,11,8,2,3,7,0,8,12,d,17,2,s,8,43,0,5,9,0,5,1,0,0,0,s
1936,0,4,1,13,1,37,11,d,2,3,7,0,8,d,2,17,2,s,8,43,0,0,d,0,5,d,0,0,d,s
1499,0,4,1,d,d,37,11,8,2,3,7,0,8,12,2,17,2,s,8,43,2,s,9,5,s,1,0,0,0,s
I349,0,4,1,7,1,0,0,8,2,3,0,0,8,12,2,17,2,2,8,0,0,0,0,0,5,0,0,0,0,s
I350,0,4,1,7,1,0,8,8,2,3,7,0,8,12,2,17,2,2,8,0,0,3,0,0,5,s,0,0,0,s
I351,0,4,1,7,1,0,8,8,2,3,7,0,8,12,2,17,2,2,8,0,0,3,0,0,5,s,1,0,9,s
I352,0,4,1,7,1,13,8,8,2,3,7,0,8,12,2,17,2,2,8,0,0,3,0,0,5,s,1,0,9,s
1713,0,4,d,7,d,d,8,8,2,s,7,d,8,d,2,17,2,2,8,0,0,3,0,d,5,s,1,d,9,s
1769,0,4,1,7,1,13,8,8,d,s,7,d,8,12,2,17,2,d,8,0,2,3,0,0,5,s,1,0,d,s
1600,d,d,1,7,1,0,8,8,2,d,7,d,d,12,2,17,d,2,8,0,0,3,0,5,5,s,1,0,9,s
I358,0,4,1,7,1,0,8,8,2,3,7,0,8,12,2,17,2,2,8,0,0,3,0,0,5,s,0,0,0,s
I359,0,4,1,7,1,0,8,8,2,3,7,0,8,12,2,17,s,2,8,0,0,s,0,0,5,s,3,0,0,s
1167,0,4,1,d,1,0,8,8,2,d,7,s,8,d,2,d,s,2,8,0,d,s,d,0,5,s,3,0,0,s
1136,0,4,1,s,1,0,8,8,d,3,7,4,8,12,2,17,s,2,8,1,d,s,0,5,5,s,3,13,0,s
1219,0,4,1,7,d,0,8,8,2,d,7,0,8,12,2,17,2,d,8,0,0,3,0,0,s,s,0,d,0,s
I365,7,4,1,7,1,0,0,8,2,3,0,0,s,12,2,17,2,2,8,0,0,0,0,0,5,0,0,0,3,s
I366,7,4,1,7,1,0,0,8,2,3,0,0,s,12,2,17,2,2,8,18,0,0,0,0,5,0,0,0,3,s
I367,7,4,1,7,1,0,0,8,2,3,0,0,s,12,2,17,2,2,8,18,0,0,0,0,5,0,0,0,3,s
1650,d,4,1,7,1,27,0,8,d,3,0,0,s,12,d,17,2,2,8,18,0,0,0,0,5,0,0,0,3,s
1525,d,4,1,7,d,0,0,d,2,3,0,0,s,12,2,d,2,2,d,18,0,0,d,5,5,0,0,0,3,s
I372,7,4,1,7,1,0,0,8,2,3,16,0,s,12,2,17,2,2,8,18,0,0,0,0,5,0,0,13,3,s
1445,d,4,1,7,1,0,0,8,2,3,16,d,s,12,2,17,2,2,8,18,0,0,0,0,5,0,0,13,3,s
1444,7,4,1,7,1,0,0,8,2,d,16,d,s,12,2,17,2,2,8,18,0,0,0,0,5,0,0,13,3,s
I373,7,4,1,7,1,0,0,8,2,3,0,0,s,12,2,17,2,2,8,0,2,6,0,0,5,1,19,0,3,s
I374,7,4,1,7,1,0,0,8,2,3,12,0,s,12,2,17,2,2,8,18,2,6,0,0,5,1,19,0,3,s
1347,d,d,1,7,1,d,0,8,d,3,12,0,s,d,2,d,d,2,8,18,2,s,0,0,d,s,19,0,3,s
I376,7,4,1,7,1,0,0,8,2,3,12,s,s,12,2,17,2,2,8,18,2,6,0,0,5,1,19,0,3,s
1085,7,4,1,7,1,0,0,8,2,3,12,s,s,12,2,d,2,2,8,18,d,6,0,d,5,1,19,4,3,s
1084,7,4,1,7,1,0,d,8,2,3,12,s,s,12,2,17,2,2,8,d,d,6,0,0,5,d,19,0,3,s
I378,7,4,1,7,1,0,0,8,2,s,0,0,s,12,2,17,2,2,8,0,2,6,0,0,5,1,19,0,3,s
1391,7,4,1,7,1,0,0,8,2,s,d,0,s,12,2,17,2,2,d,0,2,6,0,0,5,1,19,0,3,s
1390,7,4,d,7,1,0,0,8,2,s,0,0,s,12,2,d,2,d,8,0,2,6,0,0,5,1,d,0,3,s
I380,0,4,1,0,1,0,0,0,0,3,0,0,0,0,2,17,2,0,0,s,0,0,0,0,5,0,0,3,0,0
I381,0,4,1,0,1,0,0,0,0,3,0,4,0,0,2,17,2,0,0,s,0,0,0,0,5,0,0,3,0,0
I382,0,4,1,0,1,0,0,0,0,3,0,4,8,0,2,17,2,0,0,s,0,0,0,0,5,0,0,3,0,0
I383,0,4,1,3,1,0,0,0,1,3,0,4,8,15,2,17,2,0,0,s,0,0,0,0,5,1,0,3,0,0
I388,0,4,1,3,1,0,0,2,1,3,0,4,8,15,2,17,2,0,0,s,0,0,0,0,5,1,0,3,0,0
1791,0,4,1,d,d,0,0,2,1,3,1,d,8,15,d,17,d,0,s,s,2,0,0,d,5,1,0,d,0,5
1699,0,4,1,s,1,d,0,2,1,3,0,4,8,15,2,17,2,1,0,s,0,0,d,5,5,1,0,3,0,d
I391,0,s,1,3,1,0,0,0,1,3,0,4,8,15,2,17,2,4,2,s,2,0,11,0,5,1,0,3,0,0
I392,0,s,1,3,1,0,0,0,1,3,0,4,8,15,2,17,2,4,2,s,2,0,11,0,5,1,s,3,0,0
I393,6,s,1,3,1,3,0,0,1,3,0,4,8,15,2,17,2,4,2,s,2,3,11,0,5,1,s,3,0,0
1675,6,s,1,3,1,3,0,0,1,3,0,4,8,15,d,17,2,4,2,s,2,3,11,0,5,1,s,3,d,d
1674,6,s,1,3,1,3,0,0,1,3,0,4,8,15,2,17,2,4,2,s,2,3,11,d,5,1,s,d,0,0
1740,0,s,1,3,d,0,d,0,1,3,d,4,d,15,2,17,2,4,2,s,2,0,d,0,5,1,s,3,d,0
I396,0,s,1,3,1,0,0,0,1,3,0,4,8,15,2,17,s,4,2,s,2,0,11,0,5,1,0,3,s,0
1593,0,s,1,3,1,0,0,0,1,3,0,4,8,15,2,17,s,4,d,s,d,0,11,0,5,1,0,3,s,0
1592,d,s,d,3,1,0,0,0,1,3,0,4,8,15,2,17,s,4,d,s,d,d,11,0,5,1,0,d,s,0
I398,0,4,1,0,1,0,0,0,2,3,0,4,8,0,2,17,2,0,0,s,0,0,0,0,5,0,0,3,0,0
I399,0,4,1,0,1,0,0,0,2,3,0,4,8,0,2,17,2,0,0,s,0,0,0,0,5,0,0,3,0,0
1933,0,4,1,25,1,0,0,0,2,3,47,4,8,0,2,17,2,0,0,s,0,0,0,0,d,0,d,3,0,d
I403,0,4,1,0,1,0,0,s,2,3,0,4,s,0,2,17,2,0,0,s,s,3,0,5,5,0,0,3,0,1
I404,0,4,1,0,1,0,8,s,2,3,0,4,s,6,2,17,2,0,0,s,s,3,0,5,5,s,0,3,0,1
1789,0,4,1,0,1,0,8,s,d,3,0,4,s,6,2,17,2,0,0,s,s,3,0,5,5,s,0,3,0,1
1788,0,4,1,0,d,0,8,s,2,3,0,4,s,6,2,17,2,0,0,s,s,3,0,5,5,s,0,d,d,1
I405,0,4,1,0,1,27,0,s,2,3,0,4,s,0,2,17,2,0,0,s,s,3,0,5,5,0,0,3,0,1
1881,17,4,1,0,1,27,0,s,2,3,0,4,s,0,2,17,d,0,0,s,s,d,0,5,d,0,0,3,0,1
1880,0,d,1,d,1,27,0,s,2,3,0,4,s,0,2,17,2,0,0,s,s,d,0,5,d,0,0,3,0,d
I406,0,4,1,0,1,s,0,0,2,3,0,4,8,0,2,17,s,0,0,s,1,0,4,0,5,0,0,3,0,0
I407,7,4,1,0,1,s,0,s,2,3,0,4,8,0,2,17,s,0,0,s,1,0,4,0,s,1,0,3,0,0
1688,7,4,1,0,1,s,0,s,2,3,d,4,8,0,2,17,s,0,0,s,1,0,4,5,s,1,0,d,d,0
1901,7,4,1,0,1,s,0,s,2,3,0,s,8,0,2,17,s,0,6,s,1,0,4,0,s,1,0,3,0,0
1829,0,4,1,0,1,s,0,0,2,3,0,4,d,d,2,d,s,0,0,s,1,0,4,0,5,1,0,3,0,0
I413,0,4,1,0,1,0,0,0,0,3,0,4,5,0,2,17,2,0,0,s,0,0,0,0,5,0,0,3,0,0
I414,s,4,1,0,1,0,0,0,0,3,0,4,5,0,2,17,2,0,0,s,0,0,0,0,5,0,0,3,0,0
I415,s,4,1,0,1,0,0,7,0,3,0,4,5,0,2,17,2,0,5,s,0,0,0,5,5,0,0,3,0,0
I418,s,4,1,3,1,0,0,s,0,3,0,4,5,0,2,17,2,0,5,s,0,0,0,5,5,0,0,3,9,1
1415,s,4,1,d,1,0,0,s,0,d,0,4,5,s,2,17,2,0,5,s,0,0,0,5,5,0,0,3,9,1
1414,s,4,1,3,1,d,0,s,0,3,0,4,5,0,2,17,2,0,5,s,0,0,0,5,5,0,0,3,9,1
I419,s,4,1,0,1,0,0,7,0,3,0,4,5,0,2,17,2,0,5,s,0,0,0,5,5,0,0,3,0,1
1290,s,4,1,0,1,10,0,7,0,3,d,4,5,0,2,17,2,0,5,s,0,0,0,5,5,d,d,s,0,d
1285,s,4,d,0,1,0,0,7,0,3,0,d,d,d,2,17,2,0,5,s,0,0,d,5,5,d,d,3,0,1
I422,s,4,1,0,1,0,0,0,0,3,1,4,5,0,2,17,2,0,0,s,0,0,0,0,5,0,0,3,0,0
1451,s,4,1,0,1,0,0,0,2,3,1,4,s,d,2,17,2,0,0,s,2,0,7,5,5,0,d,3,18,0
I426,s,4,1,0,1,0,0,0,0,3,1,4,5,0,2,17,2,0,0,s,0,0,0,0,5,0,0,3,0,0
I427,s,4,1,32,1,0,0,0,0,3,1,4,5,0,2,17,2,0,0,s,0,0,0,0,5,0,0,3,0,0
1157,s,4,1,32,1,0,11,0,d,d,1,4,5,0,2,17,d,0,0,s,0,0,0,d,5,s,0,3,0,0
1156,s,4,d,32,1,0,0,0,d,d,1,4,5,0,2,17,d,d,0,s,0,0,0,0,5,0,0,3,0,0
1108,s,4,1,d,d,d,0,0,0,3,d,4,5,0,2,17,2,0,s,s,0,0,d,0,5,0,0,3,s,0
I429,0,4,1,0,1,0,0,0,0,3,0,4,5,0,2,17,2,0,0,s,0,0,0,0,5,0,0,3,0,0
I430,0,4,1,0,1,0,0,4,0,3,0,4,5,18,2,17,s,0,0,s,0,0,0,0,5,0,0,3,0,0
1690,0,4,1,0,d,0,0,d,d,d,0,4,d,18,2,17,s,0,0,s,0,0,0,d,5,0,d,3,14,0
I435,0,4,1,0,1,0,0,4,0,3,0,4,5,18,2,17,s,0,0,s,2,0,0,3,5,0,0,3,0,0
1663,0,4,1,d,1,0,0,d,0,3,0,4,5,18,2,d,s,d,0,s,2,0,0,3,5,0,0,d,0,0
1662,0,4,1,0,1,d,0,4,d,3,0,4,5,18,2,d,s,0,d,s,2,0,0,3,5,0,d,3,0,0
I437,0,4,1,0,1,0,0,0,0,3,0,4,5,0,2,s,2,0,0,s,0,0,0,0,5,0,0,3,0,0
I438,0,4,1,0,1,30,0,0,0,3,0,4,5,0,2,s,2,0,21,s,0,0,0,0,5,0,0,3,0,0
1528,0,4,1,0,1,30,0,0,2,3,d,4,5,0,2,s,2,0,d,s,d,0,0,d,5,0,0,3,0,0
I440,0,4,1,0,1,30,0,0,0,3,0,4,5,0,2,s,2,0,21,s,0,0,0,0,5,0,0,3,0,0
1603,0,4,1,0,1,30,d,0,0,3,0,d,5,d,2,s,2,0,21,s,0,0,d,0,5,1,0,3,0,0
1602,0,4,1,0,1,30,0,0,0,3,0,d,5,0,2,s,2,0,21,s,0,0,0,0,5,0,0,d,0,0
1542,0,4,1,25,1,s,s,d,0,3,d,4,5,d,2,s,2,d,s,s,0,0,d,0,5,0,d,d,d,0
I444,0,4,1,0,1,0,0,0,0,3,43,0,s,0,2,17,2,0,0,s,0,0,0,0,5,0,0,3,0,0
I445,0,4,1,0,1,0,8,0,0,3,43,0,s,0,2,17,2,0,0,s,0,0,0,0,5,0,12,3,0,1
I446,0,4,1,0,1,0,8,0,0,3,43,0,s,0,2,17,2,0,0,s,2,0,0,0,5,0,12,3,0,1
I447,0,4,1,0,1,0,8,0,0,3,43,0,s,0,2,17,2,0,0,s,2,0,0,0,5,1,12,3,0,1
I448,0,4,1,0,1,0,8,0,0,3,43,0,s,0,2,17,2,0,0,s,2,0,0,0,5,1,12,3,0,1
1481,0,4,1,0,1,0,8,d,0,d,d,0,s,0,2,17,2,0,29,s,2,0,0,0,5,1,d,d,11,1
I450,0,4,1,0,1,0,8,0,0,3,43,0,s,0,2,17,2,0,0,s,2,0,0,0,5,1,12,3,0,1
1273,0,4,d,0,1,0,8,d,0,3,d,0,s,0,2,17,2,0,0,s,2,0,0,d,5,1,12,3,0,1
1272,0,4,1,0,1,0,8,0,0,s,43,0,s,0,2,17,2,0,0,s,2,0,0,d,5,1,12,3,0,1
I453,0,4,1,0,1,0,8,2,0,3,43,0,s,0,2,17,2,0,0,s,2,0,0,0,5,1,12,3,s,1
1153,0,d,1,0,1,0,8,2,d,3,43,2,s,d,2,17,2,0,d,s,2,0,0,0,5,d,d,3,s,1
1152,s,4,1,0,1,0,8,2,d,3,43,0,s,0,2,17,2,0,0,s,d,0,0,0,5,1,12,3,s,1
I454,0,4,1,0,1,0,8,0,0,3,43,0,s,0,2,17,2,0,4,s,2,0,0,0,5,0,12,3,9,1
I457,0,4,1,0,1,0,8,0,0,3,43,0,s,0,2,17,2,0,4,s,2,0,0,5,5,0,12,3,9,1
1821,0,4,1,0,1,0,8,0,d,3,d,0,s,0,2,17,2,0,4,s,2,d,0,5,5,0,d,3,9,1
1820,0,4,1,0,1,0,8,0,0,3,43,0,s,0,2,17,2,0,4,s,2,0,0,5,5,0,12,3,9,1
2025,7,4,1,0,1,0,8,0,0,3,43,0,s,d,2,17,2,0,4,s,2,0,7,0,5,0,12,3,9,d
I461,0,4,1,0,1,0,8,0,0,3,43,0,s,0,2,17,s,5,0,s,0,0,0,0,5,0,12,3,0,1
I462,0,4,1,0,1,0,8,8,2,3,43,0,s,0,2,17,s,5,0,s,0,0,0,0,5,0,12,3,0,1
I463,0,4,1,0,1,0,8,8,2,3,43,0,s,0,2,17,s,5,0,s,0,0,0,0,5,0,12,3,0,1
1466,0,4,1,0,1,0,8,8,2,d,43,d,s,0,2,d,s,5,0,s,0,0,11,0,5,0,12,3,d,1
1565,0,s,1,0,d,s,d,8,2,3,d,d,s,0,d,17,s,5,d,s,0,s,10,0,5,0,12,d,0,1
1890,0,4,1,s,1,0,8,d,2,3,d,0,s,0,2,17,s,5,0,s,0,0,0,0,5,0,d,3,0,1
I469,0,4,1,0,1,0,8,0,0,3,43,0,s,0,2,17,s,5,0,s,0,0,0,0,5,0,12,3,0,1
1618,0,4,1,0,1,30,8,0,2,s,43,0,s,0,2,17,s,5,4,s,0,3,0,0,5,0,d,3,0,1
I473,0,4,1,0,1,0,8,0,0,3,43,2,s,0,2,17,s,5,4,s,0,0,0,5,5,0,12,3,0,1
1852,0,4,1,0,1,38,8,d,0,d,d,2,s,0,2,17,s,5,4,s,0,0,11,5,5,0,12,3,0,1
1915,11,4,1,0,1,0,8,0,0,3,43,d,s,0,2,17,s,5,4,s,0,0,10,5,5,0,12,3,0,1
I476,0,4,1,0,1,0,0,0,0,3,43,0,s,1,2,17,2,0,0,s,0,0,0,0,5,0,0,3,0,0
I477,0,s,1,0,1,0,0,0,0,3,43,0,s,1,2,17,2,0,0,s,0,s,0,s,5,1,0,3,0,0
1824,0,s,1,d,1,0,0,0,0,3,43,0,s,1,2,17,2,2,0,s,0,s,0,s,5,1,0,3,0,0
I485,0,s,1,0,1,0,0,0,0,3,43,0,s,1,2,17,2,0,0,s,0,s,0,s,5,1,0,3,0,0
I486,0,s,1,0,1,0,11,7,0,3,43,0,s,1,2,17,2,0,0,s,0,s,15,s,5,1,0,3,0,0
I487,0,s,1,0,1,0,11,7,2,3,43,0,s,s,2,17,2,0,0,s,0,s,15,s,5,1,0,3,0,0
1809,0,s,1,0,1,0,11,7,2,3,43,0,s,s,2,17,2,0,0,s,0,s,15,s,5,1,0,3,0,0
1808,0,s,d,0,1,0,11,7,2,3,43,d,s,s,2,17,2,0,d,s,0,s,15,s,d,1,13,3,0,0
1708,0,s,1,d,1,0,11,7,s,3,d,0,s,1,2,17,2,d,13,s,0,s,15,s,5,d,0,3,0,0
I489,0,s,1,7,1,0,11,0,0,3,43,0,s,1,2,17,2,0,0,s,0,s,0,s,5,1,0,3,0,0
1751,d,s,1,d,1,13,11,0,0,d,43,0,s,1,2,17,2,0,0,s,0,s,0,s,5,1,0,3,0,0
1969,0,s,1,7,1,2,11,0,2,3,43,d,s,1,d,17,2,0,8,s,0,s,d,s,5,1,0,3,0,0
I492,0,4,1,0,1,0,0,0,2,3,43,4,s,1,2,17,2,19,0,s,0,0,0,s,5,0,0,3,0,0
I493,0,4,1,32,1,0,0,8,2,3,43,4,s,1,2,17,2,19,0,s,0,s,0,s,5,0,0,3,0,0
I495,0,4,1,32,1,0,0,8,2,s,43,4,s,1,2,17,2,19,0,s,0,s,0,s,5,0,0,3,0,0
1865,0,4,s,32,1,0,0,8,2,s,43,4,s,1,2,17,2,19,0,s,0,s,0,s,5,0,0,d,0,0
1864,0,d,1,32,1,0,0,8,d,s,d,d,s,1,2,d,2,19,0,s,0,s,0,s,5,0,0,3,0,0
I499,0,4,1,32,1,0,0,8,2,3,43,4,s,1,2,17,2,19,0,s,0,s,0,s,5,0,0,3,0,0
1479,0,4,1,32,1,0,0,8,2,3,43,4,s,1,2,17,2,d,0,s,0,s,0,s,5,0,0,3,0,d
1478,0,4,1,32,1,0,0,8,2,3,43,4,s,1,2,17,2,d,0,s,0,s,0,s,5,0,0,3,0,0
I500,0,4,1,0,1,27,0,0,2,3,43,4,s,1,2,17,2,19,0,s,0,0,0,s,5,0,0,3,0,0
I502,s,4,1,19,1,27,8,0,2,3,43,4,s,1,2,17,2,19,0,s,2,0,0,s,5,0,1,3,0,0
2041,s,4,1,19,1,27,8,0,2,3,d,4,s,1,2,17,d,19,0,s,d,0,0,s,5,d,1,3,0,0
2040,s,4,1,19,1,27,8,0,2,3,43,4,s,1,2,17,d,d,0,s,2,0,d,s,5,0,1,3,0,0
I504,0,4,1,0,1,27,11,0,2,3,43,4,s,1,2,17,2,19,0,s,0,0,0,s,5,0,0,3,0,0
1659,d,4,1,0,1,27,d,0,d,3,43,4,s,1,2,17,2,19,0,s,0,0,d,s,5,d,0,3,0,0
1905,0,4,1,0,1,27,d,0,2,3,43,4,s,d,2,17,2,19,0,s,0,0,9,s,5,0,0,3,0,0
I507,7,4,1,0,0,2,0,0,0,0,0,4,0,0,2,0,2,0,0,0,0,0,0,0,5,0,0,0,0,0
I508,7,4,1,0,0,2,0,0,0,0,18,4,0,0,2,0,2,0,0,0,0,0,0,0,5,0,0,0,0,0
I509,7,4,1,0,1,2,0,0,0,0,18,4,0,0,2,0,2,0,0,0,0,0,0,0,5,0,0,0,0,0
I510,7,4,1,0,1,2,0,0,0,0,18,4,8,0,2,13,2,0,0,0,0,0,0,0,5,0,0,0,0,0
I511,7,4,1,0,1,2,0,0,0,0,18,4,8,0,2,13,2,0,0,9,0,0,23,0,5,0,0,0,0,0
I512,7,4,1,0,1,2,0,0,0,0,18,4,8,0,2,13,2,0,0,9,0,0,23,5,5,0,0,0,0,0
I513,7,4,1,0,1,2,0,0,0,0,18,4,8,0,s,13,2,0,0,9,2,0,23,5,5,0,0,0,0,0
I514,7,4,1,0,1,2,0,0,0,0,18,4,8,0,s,13,2,0,0,9,2,0,23,5,5,0,0,0,0,0
1067,7,4,1,0,1,2,0,0,0,0,18,4,8,0,s,13,2,d,0,9,2,6,23,5,5,0,d,d,3,0
1064,7,4,s,0,1,2,0,d,0,d,18,4,d,1,s,d,2,0,0,9,d,0,23,5,5,d,d,0,0,d
I517,7,4,1,7,1,2,0,0,0,0,18,4,8,s,s,13,2,0,0,9,2,0,23,5,5,0,0,0,0,0
1091,7,4,1,7,1,2,0,d,0,d,18,4,8,s,s,13,2,3,15,9,2,d,23,5,5,0,0,d,0,d
1106,7,s,d,7,1,s,0,0,0,0,18,4,8,s,s,d,2,0,0,9,d,d,23,5,5,1,0,0,0,d
I520,7,4,1,0,1,2,0,0,0,3,18,4,8,0,2,13,2,0,0,9,0,0,23,5,5,0,0,0,0,1
I521,7,4,1,0,1,2,0,0,0,s,18,4,8,0,2,13,2,0,0,9,0,0,23,5,5,0,0,0,0,1
1322,7,d,1,0,1,2,0,0,0,s,18,4,8,0,d,13,2,0,0,9,0,0,23,5,5,0,0,0,0,1
I523,7,4,1,0,1,2,0,0,0,s,18,4,8,0,2,13,2,0,0,9,0,0,23,5,5,0,0,0,0,1
1257,7,4,1,0,1,2,0,0,0,s,d,4,8,0,d,13,2,0,0,9,0,d,23,5,d,0,0,0,0,1
1256,7,4,d,0,1,2,0,0,0,s,18,d,8,0,2,13,2,d,0,9,d,0,23,5,5,0,0,0,0,1
1586,7,d,1,6,1,2,0,0,d,3,18,4,8,0,2,13,2,0,0,9,0,3,23,d,5,0,0,11,11,1
I527,7,4,1,32,1,2,0,0,0,0,18,4,8,0,2,13,2,4,0,9,0,0,23,0,5,0,0,0,9,0
I528,7,4,1,32,1,2,0,0,0,0,18,4,8,0,2,13,2,4,13,9,0,0,23,0,5,0,0,0,9,5
I530,7,4,1,32,1,2,0,3,0,0,18,4,8,42,2,13,2,4,13,9,0,0,23,0,5,0,20,0,s,5
1381,7,4,1,32,1,d,0,d,2,0,18,4,8,d,2,d,2,d,13,9,d,0,23,0,5,0,20,d,s,5
1380,s,4,1,32,1,2,0,3,d,0,18,4,8,42,2,13,2,4,13,9,0,d,23,d,5,0,s,0,s,5
1389,7,4,1,32,1,2,5,0,0,0,18,4,8,s,2,13,2,4,13,9,0,d,23,d,d,s,d,0,9,5
I535,7,4,1,32,1,2,0,0,0,0,18,4,8,1,2,13,2,4,0,9,0,0,23,0,5,1,1,0,9,0
I537,7,4,1,32,1,2,0,7,2,0,18,4,8,1,2,13,2,4,0,9,0,0,23,0,5,1,1,0,9,1
1211,d,4,1,32,1,s,0,7,2,d,18,4,8,1,s,13,2,4,0,9,0,0,d,0,5,1,1,0,d,1
1210,7,d,1,32,1,2,0,7,2,d,d,4,8,1,2,13,2,4,0,9,0,d,23,0,d,1,1,0,9,1
I539,7,4,1,32,1,2,0,0,0,0,18,4,8,1,2,13,2,s,0,9,0,0,23,0,5,1,1,16,9,0
I540,7,4,1,32,1,2,0,0,0,0,18,4,8,1,2,13,2,s,0,9,0,4,23,5,5,1,1,16,9,0
1155,7,4,1,32,1,2,0,0,0,d,18,4,8,1,2,d,2,s,0,9,0,4,23,5,5,1,1,d,9,0
1154,7,4,s,d,1,2,0,0,0,0,18,4,8,1,2,13,2,s,0,9,d,4,23,d,5,1,d,16,9,0
I541,7,4,1,32,1,2,0,0,0,3,18,4,8,1,2,13,2,s,0,9,0,0,23,0,5,1,1,16,9,0
1175,7,4,1,32,d,2,0,d,0,3,18,4,8,d,2,13,2,s,0,9,0,0,d,d,5,1,d,16,9,0
1174,7,4,1,32,1,2,0,0,0,3,d,4,8,d,2,13,2,s,0,d,0,0,23,0,5,1,1,16,9,0
I542,7,4,1,0,1,2,0,0,0,0,18,4,8,0,2,13,2,0,0,0,0,0,0,0,5,0,0,0,0,0
I543,7,4,1,0,1,2,0,0,0,0,18,4,8,0,2,13,2,0,8,0,0,0,0,0,5,0,0,0,0,0
I544,7,4,1,0,1,2,5,0,0,0,18,4,8,0,2,13,2,0,8,0,0,4,0,0,5,0,0,0,0,0
I545,7,4,1,6,1,2,5,0,0,0,18,4,8,0,2,13,2,0,8,0,0,4,0,0,5,0,0,0,0,0
1182,7,4,d,d,1,2,5,0,0,0,18,4,8,0,2,13,2,0,8,0,d,d,0,5,5,0,0,0,0,0
1083,7,4,1,6,1,2,5,0,2,0,d,4,8,0,2,13,2,0,8,13,2,4,d,0,5,0,0,0,0,0
I548,7,4,1,0,1,2,5,0,0,0,s,4,8,11,2,13,2,0,8,9,0,4,0,0,5,1,0,0,0,0
I550,7,4,1,0,1,2,5,0,0,0,s,4,8,11,2,13,2,0,8,9,0,4,0,5,5,1,0,0,0,1
2047,7,4,1,d,1,2,5,0,0,0,s,d,d,11,2,13,2,0,8,d,0,4,0,d,d,d,0,0,0,1
2046,7,4,1,0,1,2,5,0,0,0,s,4,8,11,d,13,2,0,8,9,0,d,0,5,5,1,0,d,d,1
1126,d,4,1,7,1,2,5,0,0,3,s,4,8,11,2,13,d,d,8,9,d,d,0,0,5,1,0,0,0,1
I552,7,4,1,0,1,2,0,0,0,3,18,4,8,0,2,13,2,0,8,0,0,0,0,0,5,0,0,0,0,0
I554,7,4,1,0,1,2,0,3,0,3,18,4,8,30,2,13,2,11,8,0,0,0,0,0,5,0,0,0,0,1
1089,7,d,1,5,1,2,0,3,0,3,d,4,d,d,2,13,2,d,8,0,0,0,0,0,d,d,0,0,0,1
1088,7,4,1,d,1,2,0,d,0,3,18,4,8,30,2,13,2,d,d,d,0,0,0,0,5,d,0,0,0,1
I556,7,4,1,0,1,2,3,3,0,3,18,4,8,0,2,13,2,0,8,0,0,0,0,0,5,0,0,0,14,0
I557,7,s,1,0,1,2,3,3,2,3,18,4,8,0,2,13,2,0,8,0,0,6,0,5,5,0,20,0,14,0
1267,7,s,1,0,1,2,3,d,2,3,18,4,8,0,2,d,2,0,8,0,0,6,0,5,5,0,20,d,d,d
1266,7,s,1,0,1,2,3,3,2,3,18,d,8,0,2,13,2,0,8,11,0,6,0,5,5,0,d,0,d,0
2038,7,4,s,0,1,2,3,s,0,3,18,4,8,0,2,13,2,4,8,0,0,3,0,5,5,1,0,0,d,0
I561,7,4,1,0,1,2,5,0,0,0,18,4,8,0,s,13,2,0,5,0,0,0,0,0,5,1,3,0,0,0
I562,7,4,1,0,1,2,5,0,0,0,18,4,8,0,s,13,2,0,5,0,0,0,0,0,5,1,3,0,0,0
I565,7,4,1,0,1,2,5,0,0,0,18,4,8,s,s,13,2,0,5,0,0,0,0,5,5,1,3,0,0,1
1169,7,4,1,0,1,2,5,0,0,0,d,4,8,s,s,13,2,0,d,0,s,1,0,5,5,1,d,0,d,1
1168,7,4,1,0,1,2,5,0,0,0,18,d,8,s,s,13,2,0,5,0,0,0,11,d,5,d,d,0,0,1
I566,7,4,1,0,1,2,5,0,2,0,18,4,8,4,s,13,2,0,5,0,0,0,15,0,5,1,3,0,0,0
1401,7,4,1,0,1,d,5,0,2,0,18,4,d,d,s,13,2,0,5,0,2,0,15,0,5,d,3,0,0,1
1516,7,d,1,d,1,2,5,0,d,0,18,4,8,4,s,13,2,0,5,s,0,3,15,d,5,s,3,0,0,0
I569,7,4,1,0,1,2,5,3,0,0,18,4,8,0,s,13,2,6,5,0,2,0,0,0,5,1,3,0,0,0
1353,7,4,1,0,1,2,5,d,2,0,18,4,d,0,s,13,d,6,5,0,2,0,10,0,5,1,3,0,d,1
I573,7,4,1,0,1,2,5,3,1,0,18,4,8,0,s,13,2,6,5,0,2,0,0,0,5,1,3,0,0,0
1550,7,4,1,0,1,2,d,3,1,0,d,4,8,0,s,13,2,6,5,0,2,0,0,d,5,1,3,s,14,0
1196,7,4,1,0,1,2,5,3,1,0,18,d,8,0,s,13,2,d,5,d,d,0,0,0,d,1,s,0,0,0
I576,7,4,1,0,1,2,0,0,0,0,18,4,0,0,2,0,2,0,0,0,0,0,0,0,5,0,0,0,0,0
I577,7,4,1,0,1,2,0,0,0,0,18,4,0,0,2,0,2,0,0,0,0,0,0,0,5,0,0,0,0,0
I578,7,4,1,0,1,2,0,0,0,0,18,4,0,0,2,0,2,0,0,0,0,0,0,0,5,0,0,0,0,0
I583,7,4,1,0,1,2,0,0,0,0,18,4,0,0,2,0,2,0,13,1,0,0,0,0,5,0,0,0,0,0
1948,7,4,1,0,1,2,0,0,0,0,18,d,0,0,2,0,2,19,13,1,d,d,d,0,5,0,d,0,0,0
1748,7,4,1,0,1,2,0,0,1,0,18,4,8,0,2,28,2,4,13,1,d,d,0,0,5,d,0,0,14,1
I586,7,4,1,0,1,2,0,0,0,0,18,4,0,0,2,0,2,0,0,0,0,3,0,0,5,0,0,0,0,0
1268,7,4,1,3,1,2,4,0,0,s,18,4,0,0,2,0,2,0,8,3,0,3,7,d,5,0,0,0,0,1
I590,7,4,1,0,1,s,0,2,0,0,18,4,0,0,2,0,2,0,0,0,0,3,0,5,5,0,0,0,0,1
I591,7,4,1,0,1,s,0,2,0,0,18,4,0,0,2,0,2,0,0,6,0,3,0,5,5,0,0,0,0,1
1911,s,4,1,0,1,s,0,d,0,d,d,4,0,d,2,0,2,0,0,6,d,3,d,5,5,0,0,0,0,1
1910,d,4,1,0,d,s,0,2,0,d,18,d,d,0,2,0,d,0,d,6,d,3,0,5,5,0,0,0,0,d
I592,7,4,1,0,1,s,0,2,0,0,18,4,0,0,2,0,2,0,0,0,0,3,0,5,5,0,22,0,0,1
1341,7,4,1,0,d,s,0,d,d,0,18,4,0,0,s,s,2,d,0,0,0,3,0,d,5,d,22,0,0,d
1340,7,d,1,0,1,s,8,2,0,0,18,4,0,d,2,0,2,0,0,0,0,3,0,5,5,0,22,0,0,1
I593,7,4,1,0,1,2,0,0,0,0,18,4,0,0,2,0,2,0,0,0,0,0,0,0,5,0,0,0,0,0
I594,7,4,1,0,1,2,0,0,0,0,18,4,0,0,2,0,2,0,7,0,0,0,0,0,5,0,0,0,0,0
I595,7,4,1,0,1,2,0,0,0,0,18,4,0,0,2,0,2,s,7,0,0,0,0,0,5,0,0,0,0,5
1198,7,4,1,6,1,2,0,0,2,0,18,d,0,0,2,0,2,s,7,0,0,0,0,d,5,d,0,0,0,5
I597,7,4,1,0,1,2,0,0,0,0,18,4,0,0,2,0,2,s,s,0,2,0,0,0,5,0,0,3,0,5
I598,7,4,1,0,1,2,0,0,0,0,18,4,8,0,2,0,2,s,s,3,2,0,0,0,5,0,0,3,0,5
2011,d,4,1,0,1,2,0,d,0,0,18,4,8,0,2,0,2,s,s,3,d,0,0,0,5,0,0,3,0,5
2010,d,4,d,0,1,2,0,0,0,0,d,4,8,d,2,0,2,s,s,3,2,0,0,d,5,0,0,3,0,5
I599,7,4,1,0,1,2,0,0,2,0,18,4,0,0,2,0,2,s,s,0,2,0,0,0,5,0,0,3,0,5
2003,d,4,1,0,1,d,0,0,2,0,18,4,0,d,2,d,2,s,s,0,2,0,0,0,5,0,0,3,0,5
2002,7,4,d,0,1,2,0,0,2,0,18,4,0,0,2,d,2,s,s,0,2,0,0,d,5,0,0,d,0,d
I600,7,4,1,0,1,2,0,0,0,0,18,4,0,0,2,0,2,0,7,0,0,0,0,0,5,0,12,0,0,0
1217,7,4,1,0,1,2,0,0,0,6,d,4,s,0,2,0,2,0,7,9,0,0,d,0,5,0,12,16,11,0
1326,7,d,1,d,s,2,d,2,0,0,18,4,0,0,2,0,2,0,7,0,0,0,0,5,5,0,12,0,0,0
I606,7,4,1,6,1,2,0,0,0,0,18,4,0,0,2,0,2,0,0,2,0,0,0,0,5,0,s,11,0,5
1087,d,4,1,6,d,2,0,0,0,0,18,4,0,0,d,0,2,0,d,2,0,0,0,0,d,0,s,11,0,5
1086,7,4,d,6,1,2,d,0,d,0,18,4,0,0,2,0,2,0,0,2,0,0,0,d,5,0,s,11,2,5
I610,7,4,1,0,1,2,0,0,0,0,18,4,0,0,2,0,2,0,0,0,0,0,0,0,5,0,0,0,0,0
I611,7,4,1,0,1,2,0,0,0,0,18,4,0,0,2,0,2,0,0,0,0,0,0,5,5,1,0,0,0,0
I612,7,4,1,0,1,2,0,0,0,0,18,4,0,0,2,0,2,0,0,0,2,0,0,5,5,1,3,0,0,5
I613,7,4,1,0,1,2,0,0,0,0,18,4,0,42,2,0,2,0,0,0,2,0,0,5,5,1,3,0,11,5
1643,7,4,1,d,1,d,0,d,0,0,d,4,0,42,d,d,d,0,0,0,2,0,d,5,5,1,d,0,11,5
I615,7,4,1,0,1,2,0,2,0,0,18,4,8,42,2,0,2,0,0,0,2,0,0,5,5,1,3,0,11,5
1383,7,4,d,0,1,2,0,2,d,0,d,4,8,42,d,0,2,0,0,0,2,0,0,5,5,1,3,s,11,5
1382,7,4,1,0,1,d,0,2,0,0,18,4,8,42,2,0,2,0,8,0,2,0,7,5,5,d,3,15,11,5
I616,7,4,1,0,1,2,s,0,0,0,18,4,0,6,2,0,2,0,0,0,2,0,s,5,5,1,3,4,0,5
1453,7,4,d,0,1,2,s,0,0,0,18,d,5,6,2,12,2,0,0,0,2,d,s,5,5,d,s,4,0,5
1533,7,4,1,0,1,2,s,0,d,0,d,4,d,6,2,0,2,5,0,d,2,3,s,5,5,d,3,4,0,5
I619,7,4,1,0,1,2,0,0,0,0,18,4,0,0,2,0,2,0,0,0,0,0,0,5,5,1,0,0,0,0
1200,7,4,1,7,s,d,0,0,0,0,d,4,0,0,2,8,2,s,0,0,d,5,0,5,5,1,0,s,0,1
1325,7,4,d,0,1,2,0,0,0,3,d,4,d,d,2,0,2,0,0,0,0,d,0,5,5,1,0,s,0,0
I626,7,4,1,0,1,2,0,0,0,3,18,4,0,0,2,0,2,0,5,0,0,0,0,0,5,0,0,0,0,0
I627,7,4,1,0,1,2,0,0,0,3,18,4,1,0,2,0,2,0,5,0,0,0,0,0,5,0,0,0,0,11
I628,7,4,1,0,1,2,0,0,0,3,18,4,1,0,2,0,2,0,5,0,0,0,25,0,5,0,20,4,0,11
1185,7,4,d,0,1,d,0,7,0,d,18,4,1,0,2,0,d,0,5,0,2,0,25,d,5,0,20,4,0,11
1316,d,4,1,d,1,2,d,s,d,3,18,4,1,0,2,0,s,0,d,0,0,0,25,d,5,0,20,4,s,11
1412,7,4,s,0,1,2,0,d,0,3,18,4,1,0,2,d,2,0,5,0,0,0,0,5,5,d,d,0,0,11
I634,7,4,1,0,1,2,0,0,0,3,18,4,0,0,2,0,2,0,5,0,0,0,0,0,5,0,0,0,0,0
1484,7,4,1,0,1,2,0,0,0,3,18,4,d,0,2,0,2,0,5,0,0,0,0,0,5,0,1,0,0,d
1350,7,4,1,0,1,2,8,0,0,3,18,d,0,0,2,0,2,0,5,43,0,0,0,0,5,0,d,0,0,0
I641,7,4,1,17,0,2,0,0,0,0,18,4,0,0,2,24,2,0,0,0,0,3,0,0,5,0,0,0,0,0
I642,7,4,1,17,0,2,0,0,0,0,18,4,0,0,2,s,2,0,0,0,2,3,0,0,5,0,2,0,0,0
I643,7,4,1,17,0,2,4,0,0,0,18,4,0,0,2,s,2,5,0,0,2,3,0,0,5,1,2,0,0,0
I644,7,4,1,17,0,2,4,0,0,0,18,4,0,6,2,s,2,5,0,0,2,3,0,0,5,1,2,0,0,0
I649,7,4,1,17,0,2,4,7,2,3,18,4,1,6,2,s,2,5,0,0,2,3,11,0,5,1,2,0,0,1
1818,7,4,1,17,0,2,s,7,2,3,18,4,1,6,2,s,2,5,d,0,2,3,11,0,d,1,2,0,0,1
1559,d,4,1,17,0,2,4,7,2,3,18,4,1,6,2,s,d,5,0,0,2,3,11,0,5,d,2,0,0,1
I652,7,4,1,17,0,2,s,0,0,0,18,4,0,6,2,s,2,5,0,0,2,3,0,0,5,1,2,0,0,0
I653,7,4,1,17,0,2,s,0,0,0,18,4,0,6,2,s,2,5,0,0,2,3,0,0,5,1,2,0,0,0
1289,7,4,1,17,1,d,s,d,0,0,18,4,0,d,d,s,2,5,0,6,d,3,0,0,5,1,2,d,0,d
I655,7,4,1,17,1,2,s,0,s,0,18,4,0,6,2,s,2,5,0,0,2,3,0,0,5,1,2,0,0,0
1519,7,s,1,17,1,2,s,2,s,0,18,d,0,6,2,s,2,5,d,0,2,3,0,0,d,1,2,0,0,0
1518,7,4,d,17,d,2,s,0,s,d,18,4,0,6,2,s,2,5,0,0,2,d,0,0,5,d,2,0,0,0
1700,7,4,1,17,0,2,s,0,d,0,18,d,0,6,2,s,2,s,0,0,d,3,0,0,5,d,d,s,0,0
I659,7,4,1,17,0,2,4,7,0,0,18,4,0,0,2,s,2,5,0,0,2,3,0,0,5,1,2,0,0,0
I660,7,4,1,17,2,2,4,7,0,0,18,4,0,0,2,s,2,5,0,0,2,3,0,0,5,1,2,0,0,0
I661,7,4,1,17,2,2,4,7,0,0,18,4,0,0,2,s,2,5,0,0,2,3,0,0,5,1,2,0,0,0
I662,7,4,1,17,2,2,4,7,0,0,18,4,0,0,2,s,2,5,0,0,2,3,4,0,5,1,2,0,0,0
1229,7,4,1,17,2,2,4,7,0,0,d,4,d,0,s,s,2,5,0,0,2,3,4,0,5,1,2,d,0,0
1228,7,4,1,17,2,2,4,7,0,0,18,4,0,0,2,s,2,d,0,0,2,d,4,0,5,1,2,0,d,0
I663,7,4,1,17,2,2,4,7,0,0,18,4,0,0,2,s,2,5,18,0,2,3,0,0,5,1,2,4,0,0
1221,7,s,1,17,2,2,4,7,d,0,18,4,d,0,2,s,2,5,d,0,2,3,0,0,5,1,2,4,0,0
1220,7,4,1,17,2,2,4,7,0,0,18,4,d,d,2,s,2,d,18,0,2,3,0,d,d,d,2,4,0,d
I664,7,4,1,17,2,s,4,7,0,0,18,4,0,0,2,s,2,5,0,0,2,3,0,0,5,1,2,16,2,0
I665,7,4,1,17,2,s,4,7,0,0,18,4,0,0,2,s,2,5,0,0,s,3,0,0,5,1,2,16,2,0
1471,7,d,1,17,d,s,d,7,d,0,18,4,0,0,2,s,2,5,d,0,s,3,0,0,5,1,2,16,d,d
1470,7,4,d,d,d,s,d,7,0,0,18,4,0,0,2,s,2,s,0,d,s,3,0,0,5,1,2,16,2,0
I666,s,4,1,17,2,s,4,7,0,0,18,4,0,0,2,s,2,5,0,0,2,3,0,0,5,1,2,16,2,0
1403,s,4,1,17,2,s,4,7,0,0,18,4,d,0,2,s,2,5,14,0,d,3,0,d,5,1,2,16,2,1
1402,s,4,1,17,2,s,4,7,0,0,d,d,0,0,2,s,2,5,0,0,2,3,0,0,5,1,2,16,2,0
I667,7,4,1,17,0,2,4,s,0,0,18,4,0,0,2,s,2,5,0,0,2,3,0,0,5,1,2,0,0,0
I668,7,4,1,17,0,2,4,s,0,0,18,4,0,33,2,s,2,5,0,0,2,3,0,0,5,1,2,0,0,s
1561,d,4,d,17,0,2,4,s,s,0,d,d,0,d,2,s,2,d,0,0,s,3,0,0,5,1,2,0,0,s
1621,7,4,1,17,0,2,4,s,2,0,18,4,d,d,2,s,2,5,0,11,d,3,0,0,5,1,2,d,d,s
1630,7,4,1,17,d,2,4,s,0,0,18,4,7,17,s,s,2,5,d,0,2,3,d,d,5,1,2,0,8,0
I674,7,4,1,17,0,2,0,0,0,0,18,4,0,0,2,s,2,0,0,0,2,3,0,0,5,0,2,0,0,0
I675,7,4,1,17,0,s,0,0,0,0,18,4,0,0,2,s,2,3,0,34,2,3,11,5,5,0,2,0,0,0
I676,7,4,1,17,0,s,0,0,0,0,18,4,0,0,2,s,2,3,0,34,2,3,11,5,5,0,2,0,0,0
I677,7,4,1,17,1,s,0,0,0,0,18,4,8,0,2,s,2,3,0,34,2,3,11,5,5,0,2,0,14,0
1541,7,4,1,17,1,s,0,0,0,0,d,4,8,0,2,s,2,3,0,34,2,3,d,5,5,0,2,d,14,d
1465,7,4,1,17,1,s,0,0,0,0,18,4,8,3,2,s,s,3,0,34,2,3,11,5,5,0,2,0,14,d
1134,d,4,1,17,0,s,0,7,0,0,18,4,0,18,d,s,2,3,d,34,2,3,11,5,5,0,2,0,0,d
I683,7,4,s,17,0,s,0,0,0,7,18,4,0,0,2,s,2,3,0,34,2,3,11,5,5,0,2,0,0,0
1854,7,d,s,17,0,s,d,0,0,7,18,4,9,d,s,s,2,3,d,34,2,3,11,s,d,0,2,2,0,0
I687,7,4,s,17,0,s,s,0,0,7,18,4,0,0,2,s,2,3,0,34,2,3,11,5,5,0,2,0,0,0
1530,7,4,s,17,1,s,s,2,d,7,18,4,d,0,2,s,d,3,0,34,2,d,11,5,5,1,2,d,0,0
1527,7,4,s,17,0,s,s,0,2,s,18,4,d,0,2,s,2,3,14,34,2,3,11,5,5,d,2,0,0,0
I690,7,4,1,17,0,2,0,0,2,0,18,4,0,0,2,s,2,0,0,0,2,3,0,0,5,0,2,0,0,0
I691,7,4,1,17,0,2,0,7,2,0,18,4,0,0,2,s,2,0,0,24,s,3,0,0,5,0,2,0,0,0
I692,7,4,1,17,0,2,0,7,2,0,18,4,0,0,2,s,2,3,0,24,s,3,0,0,5,0,2,0,0,1
I693,7,4,1,17,0,2,0,7,2,0,18,4,0,0,2,s,2,3,0,24,s,3,0,0,5,1,2,0,0,1
1149,7,4,d,17,0,2,d,d,2,0,18,d,0,d,d,s,2,3,0,24,s,3,0,0,d,d,2,d,0,1
1148,7,4,1,17,0,2,0,7,d,d,18,4,0,0,d,s,2,3,0,24,s,3,d,0,5,1,2,0,d,1
1189,d,d,1,17,0,2,0,d,2,0,18,4,s,0,d,s,2,3,d,24,s,3,0,0,5,0,s,13,0,d
I697,7,4,1,17,0,2,0,7,2,8,18,4,0,0,2,s,2,4,0,24,s,3,0,0,5,0,2,0,3,0
1511,7,4,1,17,0,2,0,d,2,8,18,d,d,d,2,s,2,4,0,24,s,d,0,0,5,0,2,0,3,0
1510,7,4,1,d,0,2,0,7,d,8,18,4,d,0,2,s,2,4,0,24,s,3,d,0,d,d,2,d,3,0
I698,7,4,1,17,0,2,0,0,2,0,18,4,0,0,2,s,2,0,0,0,2,3,0,0,5,0,2,0,0,0
1275,s,4,1,17,0,2,0,7,d,0,18,d,0,0,2,s,2,0,4,13,d,3,d,0,5,0,2,0,0,d
I702,7,4,1,17,0,2,3,0,2,0,18,4,0,0,s,s,2,0,0,0,2,3,0,0,5,0,2,0,0,0
1307,d,s,1,17,1,2,3,0,2,d,18,4,0,0,s,s,2,0,0,0,2,3,0,0,d,0,2,0,d,11
1270,7,4,1,17,0,2,3,0,2,0,18,4,0,0,s,s,2,d,0,0,2,d,d,0,5,0,2,0,d,0
I705,7,4,1,17,3,2,0,0,0,0,18,4,0,0,2,24,2,0,0,0,0,3,0,0,5,0,0,0,0,0
I706,7,4,1,17,3,2,0,0,2,0,18,4,0,21,2,24,2,0,17,13,0,3,0,3,5,0,0,0,0,0
I707,7,4,1,17,3,2,0,0,2,0,18,s,0,21,2,24,2,0,17,13,0,3,0,3,5,1,0,0,0,1
I708,7,4,1,17,3,2,0,7,2,0,18,s,0,21,2,24,2,19,17,13,0,3,0,3,5,1,0,0,14,1
1555,7,4,d,17,d,2,0,d,2,0,18,s,d,21,2,24,2,d,17,d,0,3,0,3,d,1,d,d,14,1
1672,7,d,1,17,3,2,0,d,2,0,18,s,d,21,2,24,d,19,17,13,0,3,0,3,5,1,0,0,14,1
I715,7,4,1,17,3,2,0,0,2,0,18,s,0,21,2,24,2,0,17,13,0,3,0,3,5,1,0,0,0,1
I716,s,4,1,17,3,2,0,0,2,0,18,s,0,21,2,24,2,0,17,13,0,3,0,3,5,1,0,0,0,1
1723,s,4,1,17,3,2,0,2,s,d,18,s,0,d,2,24,2,0,d,13,d,3,0,3,d,d,0,0,11,1
1816,s,4,1,17,3,2,0,0,2,0,18,s,0,21,2,24,d,d,17,d,0,3,0,3,5,d,0,0,0,1
I719,7,4,1,17,3,2,0,0,2,0,18,s,0,21,2,24,2,0,17,13,0,3,0,3,5,1,0,0,0,1
1856,7,d,d,17,s,2,d,0,2,0,18,s,d,21,2,d,2,0,17,13,d,d,0,d,5,s,0,0,0,1
I721,7,4,1,17,3,2,0,0,2,0,18,s,0,21,2,24,2,0,17,13,0,3,0,3,5,1,0,0,0,1
1831,7,4,d,17,3,2,d,0,d,0,18,s,0,21,d,24,2,0,17,13,0,3,d,3,d,1,0,0,0,1
1830,7,4,1,17,3,d,0,0,d,0,d,s,0,21,2,24,2,0,s,13,0,3,d,3,5,1,0,0,0,1
I722,7,4,1,17,3,2,0,0,2,0,18,4,0,21,2,24,2,s,17,13,0,3,0,3,5,0,0,0,0,0
I723,7,4,1,17,3,2,0,0,2,0,18,4,0,21,2,24,s,s,17,13,0,3,0,3,5,0,0,0,3,0
I724,7,4,1,17,3,2,0,0,2,3,18,4,5,21,2,24,s,s,17,13,2,3,0,3,5,0,0,0,3,0
1576,7,d,1,17,3,2,0,0,2,d,18,4,5,21,2,24,s,s,17,13,2,3,d,3,5,0,12,0,3,0
1646,7,4,d,17,3,d,0,2,d,d,d,4,5,21,2,24,s,s,17,s,2,3,0,3,5,0,0,11,3,0
I727,7,4,1,17,3,2,0,0,2,0,18,4,0,21,2,24,s,s,17,13,2,3,0,3,5,0,0,0,3,0
1946,7,4,d,17,3,2,0,s,2,0,d,4,0,d,2,24,s,s,17,13,2,3,0,3,5,0,0,0,3,0
I729,7,4,1,17,3,2,9,0,2,0,18,4,0,21,2,24,s,s,17,13,2,3,15,3,5,s,0,0,3,0
2035,7,4,1,17,3,2,d,0,2,0,18,4,0,21,d,d,s,s,17,13,d,3,15,3,5,s,d,0,3,0
2034,7,4,1,17,3,2,9,0,2,0,18,4,0,21,2,24,s,s,17,13,2,3,15,3,d,s,0,d,3,0
I730,7,4,1,17,3,2,0,0,2,0,18,4,0,21,2,24,2,s,17,13,0,3,0,3,5,0,0,0,s,1
1872,7,4,1,d,3,s,s,0,2,0,18,4,8,21,2,24,2,s,17,13,0,3,11,3,5,1,0,0,s,1
I735,7,4,1,17,3,2,0,0,2,0,18,4,9,21,2,24,2,s,17,13,0,3,0,3,5,0,0,0,s,1
1989,7,4,1,17,3,2,0,0,2,0,d,4,9,21,2,24,d,s,17,13,0,3,0,3,d,0,0,0,s,d
1988,7,4,1,17,3,d,0,0,2,d,18,4,9,21,2,24,2,s,17,d,0,3,0,3,5,0,d,0,s,1
I737,7,4,1,17,3,2,0,0,0,0,18,4,8,0,2,24,2,1,8,0,0,3,0,5,5,0,0,0,0,s
I738,7,4,1,17,3,2,5,0,0,0,18,4,8,s,2,24,2,1,8,0,0,3,0,5,5,0,0,0,0,s
I739,7,4,1,17,3,2,5,0,0,0,18,4,8,s,2,24,2,1,8,0,0,3,0,5,5,0,0,0,0,s
I740,7,4,1,17,3,2,5,0,0,0,18,4,8,s,2,24,2,1,8,0,0,3,0,5,5,0,0,0,0,s
1260,7,4,1,d,3,s,5,0,0,0,18,4,8,s,2,24,2,s,8,0,0,3,12,5,5,0,0,0,0,s
1436,7,4,1,17,d,2,5,0,0,0,18,4,8,s,2,d,2,1,8,0,0,3,0,5,5,d,d,d,0,s
I743,7,4,1,17,3,2,5,0,0,0,18,4,8,s,2,24,2,1,8,0,0,3,0,5,5,0,0,0,8,s
1589,7,4,1,17,3,2,5,d,0,0,d,4,d,s,2,24,2,1,d,0,0,d,0,5,5,d,0,0,8,s
I745,7,4,1,17,3,2,5,0,0,0,18,4,8,s,2,24,2,1,8,0,0,3,0,5,s,0,0,0,8,s
1367,7,4,1,17,3,d,d,0,0,0,18,4,d,s,2,24,2,1,8,d,d,3,0,5,s,0,d,d,8,s
1366,7,4,1,17,3,2,5,0,0,0,18,4,8,s,2,24,d,1,8,0,0,3,d,5,s,0,2,0,d,s
I746,7,4,1,17,3,2,5,0,0,0,18,4,8,s,2,24,2,1,8,0,2,3,0,5,5,0,4,0,0,s
1321,7,4,1,17,3,2,5,0,d,d,18,4,8,s,2,24,2,d,8,15,2,s,0,5,5,1,d,0,0,s
1362,7,d,1,17,3,2,5,0,d,4,18,4,8,s,2,24,2,1,8,0,2,3,d,5,5,0,4,0,0,s
I753,7,4,1,17,3,2,0,s,0,0,18,4,8,s,2,24,2,1,8,0,0,3,4,5,5,0,0,0,0,s
I754,7,4,1,17,3,2,0,s,0,0,18,4,8,s,2,24,2,1,8,0,0,3,4,5,5,0,0,0,0,s
I756,7,4,1,17,3,2,0,s,0,0,18,4,8,s,2,24,2,1,8,0,0,3,4,5,5,1,0,0,0,s
1215,7,4,1,d,3,2,d,s,0,0,18,4,8,s,2,d,s,1,8,0,0,3,4,5,5,s,0,0,0,s
1214,7,4,1,17,3,2,0,s,0,0,d,4,8,s,2,24,d,1,8,0,0,3,4,5,d,1,0,0,0,s
I758,7,4,1,17,3,2,0,s,0,0,18,4,8,s,2,24,2,1,8,0,0,3,4,5,5,0,0,0,0,s
1204,7,4,1,17,3,2,0,s,0,0,18,4,8,s,2,s,2,1,8,d,0,3,4,5,5,0,d,0,8,s
1234,d,4,1,d,3,2,0,s,2,0,18,d,8,s,2,d,d,1,8,0,0,d,4,5,5,0,0,0,0,s
I761,7,4,1,17,3,2,0,s,0,0,18,4,8,s,2,24,2,1,8,s,0,3,4,5,5,0,0,0,0,s
I762,7,4,1,17,3,2,0,s,0,0,18,4,8,s,2,24,2,1,8,s,0,3,4,5,5,1,0,0,14,s
1138,d,4,d,17,3,s,0,s,0,d,18,d,8,s,2,24,2,1,8,s,d,3,4,5,d,d,0,0,d,s
I764,7,4,1,17,3,2,0,s,0,6,18,4,s,s,2,24,2,1,8,s,0,3,4,5,5,1,2,0,14,s
1063,7,4,1,17,3,2,0,s,0,d,18,4,s,s,2,24,2,1,8,s,0,3,4,5,5,1,2,0,14,s
1062,7,4,1,17,3,2,0,s,0,6,18,4,s,s,2,24,2,1,s,s,d,3,4,5,5,d,2,0,14,s
1281,7,4,1,17,3,2,0,s,d,0,d,4,8,s,2,24,2,1,8,s,0,3,4,5,5,0,1,0,0,s
I768,7,4,1,0,1,2,0,0,0,0,0,4,0,0,2,0,2,6,s,0,0,0,0,s,5,0,0,0,0,0
I769,7,4,1,17,1,2,0,0,0,s,0,4,0,0,2,12,s,6,s,34,0,4,10,s,5,0,0,0,0,0
I770,7,4,1,17,1,2,0,0,0,s,0,4,0,0,2,12,s,6,s,34,0,4,10,s,5,0,0,0,0,0
I771,7,4,1,17,1,2,0,0,0,s,0,4,0,0,2,12,s,6,s,34,0,4,10,s,5,0,0,0,0,0
I772,7,4,1,17,1,2,0,0,0,s,0,4,0,0,2,12,s,6,s,34,0,4,10,s,5,0,0,0,0,1
1954,s,4,1,17,1,2,0,0,1,s,0,4,8,0,2,12,s,6,s,s,2,4,10,s,d,0,0,d,d,d
I780,7,4,1,17,1,2,0,7,0,s,0,4,0,0,2,12,s,6,s,34,0,4,10,s,5,0,0,0,0,1
1360,7,4,1,17,1,2,5,d,0,s,0,4,s,0,2,12,s,6,s,34,0,4,d,s,5,0,0,4,0,1
I784,7,4,1,17,1,2,0,7,0,s,0,4,0,0,2,12,s,6,s,34,0,4,10,s,5,0,0,0,0,1
1623,7,4,d,d,1,s,d,7,0,s,0,s,8,0,2,d,s,d,s,34,2,4,10,s,5,1,0,0,0,1
I786,7,4,s,17,1,2,0,7,0,s,0,4,0,0,2,12,s,6,s,34,0,4,10,s,5,0,0,4,9,1
1697,7,4,s,17,1,d,0,d,d,s,0,4,0,0,2,12,s,6,s,d,2,4,10,s,5,0,0,4,9,1
1696,7,4,s,17,1,2,0,7,0,s,0,4,0,0,2,d,s,6,s,34,0,4,10,s,5,0,0,4,9,1
I787,7,4,1,17,1,2,0,0,0,s,0,4,0,42,2,12,s,6,s,34,0,4,10,s,5,0,0,0,0,0
I788,7,4,1,17,1,2,0,0,0,s,0,4,0,42,2,12,s,6,s,34,0,4,10,s,5,0,0,0,0,0
1999,7,4,1,17,1,2,0,d,0,s,0,d,0,42,d,12,s,6,s,s,2,4,d,s,5,1,0,0,0,0
I791,7,4,1,17,1,2,0,0,0,s,43,4,0,42,2,12,s,6,s,34,0,4,10,s,5,1,0,0,0,0
1721,7,d,d,17,d,2,0,d,0,s,43,4,0,42,2,12,s,d,s,34,d,4,10,s,5,d,d,d,0,0
I793,7,4,1,17,1,2,0,2,0,s,43,4,0,42,2,12,s,6,s,34,0,4,10,s,5,1,0,13,0,0
1917,7,4,1,17,1,2,0,2,0,s,43,4,0,42,2,12,s,d,s,34,d,4,10,s,5,1,0,13,0,0
1916,7,4,d,17,d,2,0,d,0,s,d,4,0,42,2,12,s,6,s,34,0,4,10,s,5,1,0,13,0,0
I794,7,4,1,17,1,2,0,0,0,s,s,4,0,42,2,12,s,6,s,34,0,4,10,s,5,0,0,0,8,0
I795,7,4,1,17,1,2,0,0,0,s,s,4,0,42,2,12,s,6,s,34,0,4,10,s,5,s,0,0,8,0
1021,7,4,1,17,1,2,0,0,2,s,s,d,0,42,2,12,s,6,s,34,0,4,d,s,5,s,0,9,d,0
1020,7,d,1,17,1,2,0,0,0,s,s,4,0,42,2,12,s,d,s,34,0,4,10,s,d,s,d,0,8,0
I796,7,4,1,17,1,2,0,0,0,s,s,4,0,42,2,12,s,6,s,34,0,4,10,s,5,1,0,0,8,0
1836,7,4,d,17,1,2,8,0,0,s,s,4,s,42,2,12,s,6,s,34,0,4,d,s,5,1,0,d,d,0
1939,s,4,1,17,1,2,d,0,d,s,s,4,0,42,2,d,s,6,s,34,0,d,10,s,5,1,0,16,8,0
I799,7,4,1,17,1,2,3,0,0,s,7,4,0,0,2,12,s,6,s,34,0,4,10,s,5,0,0,0,0,0
I800,7,4,1,17,1,2,3,0,0,s,7,4,0,0,2,s,s,6,s,34,2,4,10,s,5,0,0,0,0,11
I801,7,4,1,17,1,2,3,0,0,s,7,4,0,0,2,s,s,6,s,34,2,4,10,s,5,0,0,0,0,11
I802,7,4,1,17,1,2,3,0,0,s,7,4,0,0,2,s,s,6,s,34,2,4,10,s,5,s,0,0,0,11
1845,7,4,1,17,1,2,3,0,0,s,7,4,0,0,2,s,s,6,s,34,2,4,10,s,5,s,0,16,0,11
1775,s,d,1,17,1,2,3,0,d,s,7,4,d,0,2,s,s,6,s,34,2,4,10,s,5,s,0,16,0,11
1963,d,d,1,17,1,2,3,0,0,s,7,s,0,0,d,s,s,6,s,34,2,d,10,s,5,1,0,0,0,11
I808,7,4,1,17,1,2,3,0,0,s,7,4,0,0,2,s,s,6,s,34,2,4,10,s,5,0,0,0,0,11
I811,7,4,1,17,1,2,3,2,0,s,7,4,s,0,2,s,s,6,s,34,2,4,10,s,5,0,0,0,0,11
1823,7,4,1,17,d,d,3,2,0,s,7,4,s,0,2,s,s,6,s,34,d,4,d,s,5,0,0,0,0,11
1822,7,4,1,17,1,2,3,2,0,s,7,4,s,d,d,s,s,6,s,34,2,4,10,s,5,0,0,0,0,11
1924,7,4,s,17,1,2,3,d,0,s,7,4,0,0,2,s,s,6,s,34,2,4,10,s,5,s,0,s,0,11
I815,7,4,1,17,1,2,3,0,0,s,7,4,0,0,2,12,s,6,s,34,0,4,10,s,5,0,0,0,0,0
I816,7,4,1,17,1,2,s,0,0,s,7,4,0,0,2,12,s,6,s,34,0,4,10,s,5,1,0,0,0,0
I817,7,4,1,17,1,2,s,0,0,s,7,4,8,0,2,12,s,6,s,34,0,4,10,s,5,1,0,0,0,9
I818,s,4,1,17,1,2,s,0,0,s,7,4,8,0,2,12,s,6,s,34,0,4,10,s,5,1,0,0,0,9
1919,s,4,1,17,1,2,s,0,0,s,7,4,8,0,2,d,s,6,s,34,0,4,10,s,5,1,d,d,0,9
1918,s,d,1,d,1,2,s,0,0,s,7,d,8,d,2,12,s,6,s,34,0,4,10,s,5,1,d,0,0,9
2026,7,4,1,17,1,2,s,0,d,s,7,4,8,0,2,12,s,6,s,34,0,4,10,s,5,d,0,0,0,9
1967,d,4,d,17,s,2,s,0,0,s,7,4,0,0,2,d,s,6,s,34,2,4,10,s,5,s,0,d,0,0
I823,7,4,1,17,1,2,3,0,0,s,7,4,0,0,2,12,s,6,s,34,0,4,10,s,5,0,0,0,0,11
I824,7,4,1,17,1,2,3,0,0,s,7,4,0,0,2,12,s,6,s,34,0,4,10,s,5,0,0,0,0,11
I825,7,4,1,17,1,2,3,0,0,s,7,4,0,0,2,12,s,6,s,34,0,4,10,s,5,0,0,0,0,11
1459,7,d,1,17,d,2,3,0,0,s,7,d,0,0,2,12,s,6,s,34,0,4,10,s,5,0,0,0,0,d
1458,7,4,1,17,1,2,d,0,d,s,d,4,d,0,2,12,s,6,s,34,0,4,d,s,5,0,d,0,d,11
1535,7,4,1,17,1,d,3,0,2,s,7,d,0,0,2,12,s,6,s,34,2,4,10,s,5,d,0,0,0,11
I827,7,4,1,17,1,2,3,0,0,s,7,4,0,0,2,12,s,6,s,34,0,4,10,s,5,0,0,3,0,11
I828,7,4,1,17,1,2,3,0,0,s,7,4,0,0,2,12,s,6,s,34,0,4,10,s,5,0,0,3,0,11
1547,7,4,1,17,1,2,d,0,0,s,7,4,0,0,2,d,s,6,s,34,0,d,10,s,5,0,0,3,0,11
1546,7,4,1,17,1,d,3,0,0,s,d,d,0,d,2,12,s,6,s,34,0,4,10,s,5,0,d,3,0,11
1706,7,4,1,17,1,2,d,0,0,s,7,4,0,0,2,d,s,6,s,34,0,4,10,s,5,2,0,3,2,11
I830,7,4,1,17,1,2,0,0,0,s,0,4,0,0,2,12,s,6,s,34,0,4,10,s,5,0,0,0,13,0
I831,7,4,1,17,1,2,0,0,0,s,0,4,0,0,2,12,s,6,s,34,0,4,10,s,5,0,0,0,13,0
I832,7,4,1,17,1,2,0,0,0,s,0,4,0,0,2,12,s,6,s,34,0,4,10,s,5,0,0,0,13,0
I833,7,4,1,17,1,2,3,0,0,s,0,4,0,0,2,12,s,6,s,34,0,4,10,s,5,0,0,0,13,0
I834,7,4,1,17,1,2,3,0,0,s,0,4,0,0,2,12,s,6,s,34,2,4,10,s,5,0,0,0,13,0
1515,d,4,1,17,1,2,3,d,0,s,0,4,0,0,2,12,s,6,s,34,2,4,10,s,5,0,0,0,13,0
1686,7,4,1,17,1,2,3,0,0,s,0,d,0,d,2,12,s,6,s,d,2,4,10,s,5,0,d,d,13,0
I837,7,4,1,17,1,2,3,0,0,s,0,4,9,0,2,12,s,s,s,34,0,4,10,s,5,0,0,0,13,6
1730,7,4,1,d,1,2,3,0,0,s,0,4,9,0,2,12,s,s,s,34,0,4,d,s,5,0,0,0,d,6
I839,7,4,1,17,1,2,3,0,0,s,0,4,9,1,2,12,s,s,s,34,0,4,10,s,5,0,0,0,13,6
1679,7,4,1,17,1,2,3,d,d,s,0,4,9,1,2,12,s,s,s,d,0,4,10,s,d,d,0,0,13,6
1678,7,4,1,17,1,2,3,0,0,s,0,4,9,1,2,12,s,s,s,34,0,4,10,s,5,0,0,0,13,6
I840,7,4,1,17,1,2,0,s,0,s,0,4,0,0,2,12,s,6,s,34,2,4,10,s,5,0,0,0,13,0
I842,7,4,1,17,1,2,0,s,0,s,0,4,0,0,2,s,s,6,s,34,2,4,10,s,5,1,31,0,13,0
1677,d,4,1,17,1,d,0,s,0,s,0,d,0,0,2,s,s,6,s,34,d,4,10,s,5,1,31,0,13,0
1676,7,4,1,17,1,2,d,s,0,s,0,d,0,0,2,s,s,6,s,34,2,d,10,s,5,1,d,0,13,0
1614,7,4,1,17,1,2,8,s,0,s,0,4,d,17,2,12,s,6,s,34,s,4,10,s,5,0,0,0,13,d
I847,7,4,1,17,1,2,0,0,0,s,0,4,0,12,2,12,s,6,s,34,0,4,10,s,5,0,0,16,13,0
I848,7,4,1,17,1,s,0,0,0,s,0,4,0,12,2,12,s,6,s,34,0,4,10,s,5,0,0,16,13,0
I849,7,4,1,17,1,s,0,0,0,s,0,4,0,12,2,12,s,6,s,34,0,4,10,s,5,0,0,16,13,0
I850,7,4,1,17,1,s,0,0,0,s,0,4,0,12,2,12,s,6,s,34,0,4,10,s,5,0,0,16,13,0
1635,7,4,1,17,1,s,d,0,0,s,0,4,0,12,2,12,s,6,s,34,0,d,10,s,5,s,0,16,13,0
1634,7,4,1,17,1,s,0,0,0,s,0,4,d,12,2,d,s,6,s,34,0,4,10,s,5,d,0,d,13,0
1777,7,4,1,17,1,s,0,4,0,s,0,4,0,d,2,12,s,6,s,s,d,4,10,s,5,d,0,16,d,0
I854,7,4,1,17,1,s,0,0,0,s,0,4,0,12,2,12,s,6,s,34,0,4,10,s,5,0,0,16,13,0
1569,7,4,d,17,1,s,0,0,0,s,d,4,0,12,2,12,s,6,s,34,0,4,10,s,5,0,0,16,13,0
1568,7,4,1,17,1,s,0,0,0,s,0,4,0,12,2,s,s,6,s,34,0,4,10,s,5,0,0,16,13,0
I855,7,4,1,17,1,2,0,0,0,s,0,4,0,12,2,12,s,6,s,34,0,4,10,s,5,0,0,16,13,0
I856,7,4,1,17,1,2,0,0,0,s,0,4,0,12,2,12,s,6,s,34,0,4,s,s,5,0,0,16,13,0
1573,7,d,1,17,1,d,0,0,2,s,0,4,0,12,2,d,s,6,s,34,0,4,s,s,5,0,0,16,13,0
1767,d,4,1,d,1,d,0,d,0,s,0,4,0,12,2,12,s,6,s,d,0,d,s,s,d,d,d,d,13,0
1756,d,4,1,17,1,2,0,7,0,s,0,4,0,12,2,12,s,6,s,d,0,s,d,s,5,s,0,16,d,0
I862,7,4,1,17,1,2,0,0,0,s,12,4,0,0,2,12,s,6,s,34,0,4,10,s,5,0,0,0,13,0
I863,7,4,1,17,1,2,0,2,0,s,12,4,0,0,2,12,s,6,s,34,0,4,10,s,5,0,0,16,13,0
I864,7,4,1,17,1,2,0,2,0,s,12,4,0,0,2,12,s,6,s,34,0,4,10,s,5,0,0,16,13,s
I865,7,4,1,17,1,2,0,2,0,s,12,4,0,0,2,12,s,6,s,34,0,4,10,s,5,0,0,16,13,s
1244,7,4,1,17,1,2,0,2,d,s,12,d,0,0,2,12,s,6,s,34,2,4,10,s,5,0,0,16,13,s
1265,7,d,1,17,1,2,d,s,0,s,12,4,d,0,2,12,s,6,s,d,0,s,d,s,5,1,0,16,13,s
I868,7,4,1,17,1,2,0,2,0,s,12,4,0,0,2,12,s,6,s,34,0,4,10,s,5,0,0,16,13,s
1116,7,4,1,d,1,2,0,2,d,s,12,4,d,0,2,12,s,6,s,34,0,4,s,s,5,0,0,16,13,s
1123,d,4,1,d,1,d,11,2,s,s,12,d,0,0,2,d,s,6,s,34,d,4,10,s,5,0,0,16,13,s
I871,7,4,1,17,1,2,0,2,0,s,12,4,0,0,2,12,s,6,s,34,0,4,10,s,5,0,25,16,13,0
I872,7,4,1,17,1,2,0,2,0,s,12,4,0,0,2,12,s,6,s,34,0,4,10,s,5,0,25,16,13,0
I873,7,s,1,17,1,2,0,2,0,s,s,4,0,0,2,12,s,6,s,34,0,4,10,s,5,0,25,16,13,0
1423,7,s,1,17,1,2,0,2,0,s,s,4,0,0,2,12,s,6,s,34,0,4,10,s,5,1,25,d,13,0
1422,7,s,1,17,1,2,0,2,0,s,s,4,d,d,2,12,s,6,s,s,0,d,10,s,5,0,25,d,13,0
I874,7,4,1,17,1,2,0,2,0,s,12,4,0,0,2,12,s,6,s,34,0,4,10,s,5,0,25,16,13,0
1553,7,d,1,17,1,2,0,2,0,s,12,4,0,0,2,12,s,6,s,34,0,4,10,s,5,0,25,16,13,0
1552,7,4,1,17,1,2,0,2,0,s,12,d,0,0,2,12,s,6,s,34,0,d,10,s,5,1,25,16,13,0
1759,d,d,1,17,1,d,11,2,0,s,12,4,s,15,d,12,s,6,s,34,2,s,10,s,5,0,d,16,13,0
I878,7,4,1,17,1,2,0,0,0,s,12,4,0,0,2,12,s,6,s,34,0,4,10,s,5,0,0,0,13,0
I879,7,4,1,17,1,2,3,0,0,s,12,4,0,0,2,12,s,6,s,s,0,4,10,s,5,0,0,0,13,0
I880,7,4,1,17,1,2,3,0,0,s,12,4,0,0,2,12,s,6,s,s,0,4,10,s,5,0,3,0,13,0
1761,7,4,1,17,1,d,3,5,0,s,d,4,0,s,2,12,s,6,s,s,0,4,10,s,5,0,d,0,13,0
1739,7,4,1,d,d,2,3,0,0,s,12,4,0,0,2,12,s,6,s,s,0,4,10,s,s,d,3,0,13,0
I883,7,4,1,17,1,2,3,2,0,s,12,4,0,0,2,12,s,6,s,s,0,4,10,s,5,0,0,0,13,0
1847,7,4,1,17,1,2,3,2,0,s,12,4,0,0,2,12,s,6,s,s,0,d,10,s,5,1,0,0,13,10
1922,7,4,d,17,1,2,3,d,0,s,12,4,d,0,2,12,s,6,s,s,0,4,10,s,5,d,d,0,13,0
I890,7,4,1,17,1,2,0,0,0,s,12,4,0,0,2,12,s,6,s,34,2,4,10,s,5,0,0,s,13,1
I891,7,4,1,17,1,2,0,0,0,s,12,4,0,0,2,12,s,6,s,34,2,4,10,s,5,0,0,s,13,1
1869,7,4,1,17,d,2,0,0,0,s,12,d,d,d,d,12,s,6,s,34,2,4,10,s,s,0,d,s,d,1
1868,7,4,1,17,1,2,0,d,0,s,12,4,0,0,2,12,s,6,s,34,2,4,10,s,d,0,0,s,13,1
I892,7,4,1,17,1,2,0,2,0,s,12,4,0,0,2,12,s,6,s,34,2,4,10,s,5,0,0,s,13,1
1827,d,4,1,17,1,d,0,d,0,s,12,4,0,0,2,12,s,d,s,34,2,4,10,s,5,0,0,s,13,1
1826,7,4,1,17,1,2,0,2,0,s,12,d,0,0,2,12,s,6,s,34,2,d,10,s,5,0,d,s,13,1
I893,7,4,1,0,1,2,0,7,0,0,0,4,0,0,2,19,2,6,s,0,0,0,0,s,5,0,0,0,0,0
I894,7,4,1,0,1,2,0,7,2,0,0,4,0,0,2,s,2,6,s,0,0,0,0,s,5,0,0,0,0,0
I895,7,4,1,6,1,2,0,7,2,0,0,4,0,0,2,s,2,6,s,0,0,0,0,s,5,0,0,0,0,0
I896,7,4,1,6,1,2,5,7,2,3,0,4,0,0,2,s,2,6,s,0,0,0,0,s,5,0,0,0,0,0
I897,7,s,1,6,1,2,5,7,2,3,0,4,0,0,2,s,2,6,s,0,0,0,0,s,5,0,0,s,0,0
I898,7,s,1,6,1,2,5,7,2,3,0,4,0,0,2,s,2,6,s,0,0,0,0,s,5,0,0,s,0,0
I899,7,s,1,6,1,2,5,7,2,3,0,4,0,0,2,s,2,6,s,0,0,0,0,s,5,0,0,s,0,0
1439,7,s,1,d,1,2,5,7,d,3,0,4,0,0,d,s,2,6,s,0,0,0,0,s,d,0,0,s,0,0
1438,7,s,1,6,d,2,5,7,2,3,0,d,0,0,2,s,2,6,s,0,0,0,d,s,5,0,0,s,0,0
1227,7,s,1,s,1,d,5,d,d,3,s,4,7,22,2,s,2,6,s,0,0,3,0,s,d,d,0,s,3,0
I901,7,s,1,6,1,2,5,7,2,3,0,4,0,0,2,s,2,6,s,34,0,0,0,s,5,1,0,s,0,0
1243,7,s,1,6,1,2,5,7,2,3,0,4,0,0,d,s,2,d,s,34,0,d,8,s,5,1,9,s,0,0
I903,7,s,1,6,1,2,5,7,2,3,0,4,0,0,2,s,2,6,s,34,0,0,0,s,5,1,0,s,9,12
1329,d,s,d,6,d,2,5,d,2,d,s,d,d,15,2,s,2,6,s,34,0,0,s,s,d,1,0,s,9,12
1328,7,s,1,6,1,d,5,d,2,3,0,4,0,0,2,s,2,6,s,34,0,0,0,s,d,1,0,s,9,12
I904,7,4,1,6,1,s,5,7,2,3,0,4,0,21,2,s,2,6,s,0,0,0,0,s,5,0,0,0,0,0
I905,7,4,1,6,1,s,5,7,2,3,0,4,0,21,2,s,2,6,s,0,0,0,0,s,5,0,0,0,2,0
I906,7,4,1,6,1,s,5,7,2,3,0,4,0,21,2,s,2,s,s,0,0,0,0,s,s,0,0,0,2,0
1397,d,4,d,6,1,s,5,7,2,3,0,4,0,21,2,s,2,s,s,0,0,0,0,s,s,0,0,0,2,d
1396,7,4,1,6,1,s,d,7,2,3,0,s,0,21,2,s,2,s,s,0,d,0,d,s,s,0,0,0,2,0
1248,7,s,1,d,1,s,5,7,2,d,37,4,0,21,2,s,2,6,s,s,0,0,0,s,5,0,9,0,2,0
I909,7,4,1,6,1,s,5,7,2,3,1,4,10,21,s,s,2,6,s,0,0,3,0,s,5,0,0,0,0,0
1781,7,4,1,6,1,s,d,7,2,3,1,4,d,21,s,s,2,6,s,0,d,3,d,s,5,0,0,d,0,0
1780,7,4,1,6,1,s,d,7,2,3,1,4,d,21,s,s,d,6,s,0,0,3,d,s,d,0,0,d,0,d
I911,7,4,1,6,1,2,0,7,2,0,0,4,0,0,2,s,2,6,s,0,0,3,0,s,5,0,0,4,s,0
I912,7,4,1,6,1,s,0,7,2,0,0,s,0,0,2,s,2,6,s,0,0,3,0,s,5,0,0,4,s,3
I913,7,s,1,6,1,s,0,7,2,0,0,s,0,0,2,s,2,6,s,0,0,3,0,s,5,5,0,4,s,3
I914,7,s,1,6,1,s,0,7,2,0,0,s,8,0,2,s,2,s,s,0,0,3,0,s,5,5,28,4,s,3
1495,7,s,1,6,1,s,0,7,2,0,0,s,8,0,2,s,2,s,s,2,0,3,0,s,5,5,28,4,s,3
1494,7,s,1,6,1,s,0,7,2,0,0,s,8,0,2,s,d,s,s,0,0,3,0,s,5,5,28,d,s,d
1692,7,s,1,d,1,s,4,7,2,0,0,s,0,0,2,s,2,6,s,0,2,s,0,s,5,5,d,4,s,3
1657,7,d,1,6,1,s,0,7,d,d,0,s,0,1,s,s,2,6,s,43,0,3,0,s,5,d,0,s,s,3
I919,7,4,1,6,1,2,0,7,2,0,0,4,1,0,2,s,2,6,s,0,0,3,0,s,5,0,0,4,s,0
1276,7,4,1,6,1,2,0,7,2,0,45,4,1,0,2,s,2,6,s,0,0,3,0,s,5,0,19,d,s,d
I923,7,4,1,6,1,2,0,7,2,3,0,4,1,0,2,s,2,s,s,38,0,3,s,s,5,0,0,4,s,0
1931,7,4,1,s,1,2,0,7,2,3,0,4,1,1,2,s,2,s,s,38,0,d,s,s,d,d,0,4,s,0
1802,7,4,1,6,1,2,0,7,2,3,0,4,1,0,d,s,d,s,s,38,0,3,s,s,5,0,0,4,s,d
I926,7,4,1,3,1,2,3,s,2,0,0,4,0,0,2,s,2,6,s,33,s,0,0,s,5,0,0,0,0,0
I927,7,4,1,3,1,2,3,s,2,0,0,4,0,0,2,s,2,6,s,33,s,0,0,s,5,0,0,0,0,0
I928,7,4,1,3,1,2,3,s,2,0,0,4,0,0,2,s,2,6,s,33,s,0,0,s,5,0,0,4,0,0
1927,7,4,1,3,s,2,3,s,2,0,0,4,8,d,2,s,2,6,s,33,s,0,0,s,5,0,0,4,0,0
1849,7,4,d,3,1,2,3,s,2,0,6,4,0,0,2,s,2,6,s,33,s,0,0,s,5,0,d,4,19,0
I935,7,4,1,3,1,2,3,s,2,0,0,4,0,16,2,s,2,6,s,33,s,0,0,s,5,0,0,0,0,0
I938,7,4,1,3,1,s,3,s,2,0,0,4,8,16,2,s,2,6,s,33,s,0,0,s,5,0,18,0,0,0
1991,7,4,d,d,1,s,3,s,d,0,0,4,d,16,2,s,2,d,s,33,s,0,0,s,5,0,d,0,0,s
1990,7,4,1,3,1,s,d,s,2,0,0,4,d,16,2,s,2,6,s,33,s,0,0,s,d,0,d,0,0,0
I939,7,4,1,3,1,2,3,s,2,0,0,4,0,16,2,s,2,6,s,33,s,0,0,s,5,0,0,13,0,0
I940,7,4,1,3,1,2,3,s,2,3,0,4,0,16,2,s,2,6,s,33,s,0,0,s,5,0,31,13,0,0
1957,d,d,1,d,1,2,3,s,2,3,0,4,0,d,d,s,2,6,s,d,s,0,d,s,d,0,31,13,0,d
1956,7,4,d,3,1,2,3,s,2,d,0,4,0,16,2,s,2,6,s,33,s,0,0,s,5,0,31,13,0,0
I941,7,4,1,3,1,2,3,s,2,0,29,4,0,16,2,s,2,6,s,33,s,0,0,s,5,0,0,13,0,0
1935,7,4,d,3,1,2,3,s,d,0,29,4,0,d,2,s,2,6,s,33,s,0,0,s,5,0,0,d,0,0
1934,7,4,1,3,1,2,d,s,2,d,29,4,0,d,2,s,d,6,s,33,s,0,0,s,5,0,0,13,0,0
I942,7,4,1,3,1,2,3,s,2,0,0,4,0,0,2,s,2,6,s,33,s,0,0,s,5,0,0,0,0,0
I943,7,4,1,3,1,2,3,s,2,0,0,4,0,14,2,s,2,6,s,33,s,0,0,s,5,0,0,0,0,0
I944,7,s,1,3,1,s,3,s,2,0,0,4,8,14,2,s,2,6,s,33,s,0,0,s,5,0,0,0,0,0
I945,7,s,1,s,1,s,3,s,2,0,0,4,8,14,2,s,2,6,s,33,s,0,0,s,5,0,0,0,0,0
1717,7,s,1,s,1,s,3,s,2,0,0,4,8,d,2,s,2,6,s,33,s,0,0,s,5,0,0,d,0,d
1716,7,s,1,s,d,s,d,s,2,0,3,4,8,14,2,s,d,d,s,d,s,0,0,s,5,0,0,0,0,0
1913,7,s,1,3,s,s,3,s,2,0,0,4,8,d,2,s,2,6,s,33,s,0,0,s,5,0,0,0,0,0
I947,7,4,1,3,1,2,3,s,2,0,0,4,0,14,2,s,2,6,s,33,s,0,0,s,5,0,0,0,0,0
1645,7,4,1,3,1,2,d,s,2,0,1,4,0,14,2,s,d,6,s,33,s,d,22,s,5,0,0,9,0,0
I949,7,4,1,3,1,2,3,s,2,0,0,4,0,14,2,s,2,6,s,33,s,0,0,s,5,0,0,0,0,0
1617,7,4,1,3,1,d,3,s,2,0,d,d,0,s,2,s,2,6,s,33,s,d,d,s,5,d,0,0,0,0
1616,7,4,1,3,1,2,3,s,2,0,0,4,d,14,2,s,2,6,s,33,s,d,0,s,5,0,0,0,0,0
I950,7,4,1,3,1,2,3,s,2,0,0,4,0,0,2,s,2,6,s,33,s,3,0,s,5,0,0,0,0,0
I951,7,4,1,3,1,2,3,s,2,6,0,4,0,0,2,s,2,6,s,33,s,3,0,s,5,0,0,0,0,0
1629,7,4,1,3,1,d,d,s,2,6,0,d,0,16,2,s,2,6,s,33,s,3,0,s,5,0,0,0,0,0
1928,7,4,1,3,1,2,d,s,2,6,0,d,0,0,2,s,2,6,s,33,s,d,d,s,5,d,0,0,s,0
1863,s,4,1,3,1,s,3,s,2,0,d,4,d,18,2,s,2,6,s,33,s,3,0,s,5,1,0,15,0,1
I957,7,4,1,0,1,2,0,7,2,0,0,4,0,0,2,19,2,6,s,0,0,0,0,s,5,3,0,0,0,0
I958,7,4,1,0,1,2,0,7,2,0,0,4,0,0,2,19,2,6,s,0,0,0,0,s,5,3,0,0,0,0
I959,7,4,1,0,1,2,0,7,2,0,0,4,0,0,2,19,2,s,s,0,0,0,0,s,5,3,0,0,0,0
I961,7,4,1,0,1,2,0,7,2,0,0,4,0,0,2,19,2,s,s,0,0,0,0,s,5,3,0,0,8,0
I962,7,4,1,0,1,2,0,7,2,3,0,4,0,0,2,19,2,s,s,34,0,0,0,s,5,3,46,0,8,0
1213,7,4,1,0,1,2,0,7,2,3,0,d,0,0,2,19,2,s,s,34,d,0,7,s,5,3,46,0,8,d
1212,7,d,1,0,1,2,0,7,2,3,0,4,0,0,2,d,2,s,s,34,0,0,0,s,5,3,46,0,8,0
1240,7,4,1,9,d,2,0,7,d,0,0,4,7,0,2,19,d,s,s,d,0,d,0,s,d,3,0,3,8,0
I967,7,4,1,0,1,2,0,7,2,0,34,4,0,0,2,19,2,s,s,0,0,0,0,s,5,3,0,0,s,0
I968,7,4,1,0,1,2,0,7,2,0,34,4,0,0,2,19,2,s,s,0,0,0,0,s,5,3,0,0,s,0
1473,7,4,1,0,1,2,0,7,2,3,d,4,0,0,d,d,2,s,s,0,0,0,0,s,5,3,0,0,s,0
1581,7,4,d,0,1,2,0,7,2,0,d,4,0,0,2,19,2,s,s,0,0,0,0,s,5,3,0,0,s,0
1315,d,d,1,0,1,2,0,d,2,d,34,4,0,d,2,19,2,s,s,0,2,0,0,s,d,3,0,d,s,0
I974,7,4,1,0,1,2,0,7,2,0,37,4,0,0,2,19,2,6,s,0,0,0,0,s,5,3,0,0,0,0
I975,7,4,1,0,1,2,0,7,2,0,37,4,0,0,2,19,2,6,s,0,0,0,0,s,5,3,0,0,0,0
I976,7,4,1,0,1,2,0,7,2,0,37,4,0,0,2,19,2,6,s,0,0,0,16,s,5,3,0,0,19,1
1308,7,4,1,0,s,2,0,7,2,3,37,d,0,0,2,19,2,6,s,0,0,0,16,s,d,3,0,0,19,1
I978,7,4,1,0,1,2,0,7,2,0,37,4,0,0,2,19,2,6,s,0,0,0,16,s,5,3,0,3,19,1
1613,7,4,1,0,1,2,0,d,2,0,d,4,0,0,2,19,2,6,s,4,0,0,16,s,5,3,0,3,19,1
1612,7,4,1,0,1,2,0,7,2,0,37,4,0,0,2,19,2,6,s,d,0,d,16,s,5,d,0,3,19,1
I979,7,4,s,0,1,2,0,7,2,0,37,4,0,0,2,19,2,6,s,0,0,0,15,s,5,3,0,0,0,0
1513,7,4,s,0,1,2,d,7,2,d,37,4,0,0,2,19,2,6,s,0,s,0,15,s,5,d,0,0,0,0
I981,7,4,s,0,1,2,0,7,2,0,s,4,0,0,2,19,2,6,s,0,0,0,15,s,5,3,0,0,0,5
1703,7,4,s,d,1,2,0,7,2,0,s,4,0,0,d,d,2,d,s,0,0,0,15,s,5,3,0,0,0,5
1702,7,4,s,3,1,2,0,7,2,0,s,4,0,0,2,19,d,6,s,0,0,0,d,s,5,3,0,3,0,5
I986,7,4,1,0,s,2,0,7,2,0,37,4,0,0,2,19,2,6,s,0,2,0,0,s,5,3,0,s,0,0
I987,7,4,1,0,s,2,0,7,2,0,37,4,8,3,2,19,2,s,s,32,2,0,0,s,5,3,0,s,0,0
1259,7,4,1,d,s,2,d,7,2,0,37,4,8,3,2,d,2,s,s,32,2,0,0,s,5,3,0,s,0,0
1258,7,4,1,0,s,2,0,7,2,0,37,d,8,3,d,19,2,s,s,d,2,0,0,s,5,d,0,s,0,0
I988,7,4,1,0,s,2,0,7,2,3,37,4,0,0,2,19,2,6,s,0,2,0,0,s,5,3,19,s,0,0
1591,d,4,1,0,s,d,0,7,2,3,37,4,d,0,2,19,2,d,s,0,2,0,0,s,5,3,d,s,d,0
1590,7,4,1,0,s,2,0,7,2,3,37,4,0,0,2,19,2,6,s,0,2,d,0,s,5,3,19,s,0,0
I989,7,4,1,0,1,2,0,7,2,0,0,4,0,0,s,19,2,6,s,0,0,0,0,s,5,3,0,0,0,0
I990,7,4,1,0,1,2,0,7,2,0,0,4,0,0,s,19,2,6,s,0,0,0,0,s,5,3,0,0,0,0
I991,7,4,1,0,1,2,0,7,2,0,0,4,0,0,s,19,2,6,s,0,0,0,0,s,5,3,0,13,0,0
I992,7,4,1,0,1,2,0,7,2,0,1,4,5,0,s,19,2,6,s,0,0,0,0,s,5,3,19,13,s,0
1313,d,d,d,0,d,d,d,7,2,0,1,4,d,0,s,19,2,s,s,0,0,0,s,s,5,3,19,13,s,s
1231,7,d,1,0,1,2,0,7,2,d,1,4,5,0,s,19,2,6,s,24,0,0,0,s,5,3,d,13,s,d
I995,7,4,1,0,1,2,0,7,2,0,1,4,0,0,s,19,2,6,s,0,0,0,0,s,5,3,0,13,0,0
1509,7,4,1,s,1,2,0,7,2,3,1,4,0,0,s,d,2,d,s,d,0,0,0,s,d,3,0,13,2,0
1395,7,4,d,0,1,2,0,7,2,0,1,4,0,d,s,19,2,6,s,0,0,6,s,s,5,3,0,13,0,0
2015,7,d,1,s,1,2,0,7,2,0,16,4,8,0,s,19,2,6,s,0,2,d,11,s,5,3,0,0,14,0
I1009,7,4,1,0,1,2,0,7,2,0,0,4,0,0,s,s,2,6,s,0,0,0,0,s,5,3,3,0,0,0
I1010,7,4,1,0,1,2,0,7,2,0,0,4,0,0,s,s,2,6,s,0,0,0,0,s,5,3,3,0,0,0
I1011,7,4,1,0,1,2,3,7,2,0,0,4,0,0,s,s,2,6,s,0,0,0,0,s,5,3,3,0,0,0
1305,d,4,1,0,d,2,3,7,d,0,0,4,0,0,s,s,2,6,s,0,d,5,d,s,5,3,3,0,3,0
I1013,7,4,1,0,1,2,3,7,2,0,0,4,0,0,s,s,2,6,s,0,0,0,0,s,5,3,3,0,0,0
1115,7,4,1,d,1,d,3,7,2,0,0,d,0,0,s,s,2,6,s,4,0,0,0,s,d,3,3,0,0,0
1114,7,4,d,0,1,2,3,7,2,0,0,4,s,0,s,s,2,6,s,d,0,0,0,s,5,d,3,0,0,0
I1014,7,4,1,0,1,2,0,7,2,0,0,4,0,22,s,s,2,6,s,0,2,3,0,s,5,3,3,0,s,0
1121,7,4,1,0,1,2,0,7,2,0,1,4,d,22,s,s,2,6,s,0,2,3,0,s,5,d,3,0,s,0
I1016,7,4,1,0,1,2,0,7,2,0,0,4,0,22,s,s,2,6,s,0,2,3,0,s,5,3,3,0,s,0
1163,7,4,d,0,1,2,0,d,2,0,0,4,0,22,s,s,2,6,s,0,2,3,0,s,d,3,3,0,s,0
1162,7,4,d,0,1,2,0,7,2,0,0,4,0,22,s,s,2,6,s,0,2,3,0,s,5,3,3,0,s,0
I1020,7,4,1,0,1,2,0,7,2,0,0,4,8,0,s,s,2,6,s,0,0,0,7,s,5,3,3,s,0,0
1443,7,4,1,d,1,d,0,7,2,0,0,d,8,0,s,s,d,6,s,0,0,d,7,s,5,3,3,s,0,0
1442,7,4,1,0,1,2,0,7,2,0,0,d,8,0,s,s,2,6,s,0,0,0,7,s,5,3,3,s,0,0
