cell,r1,r2,r3,r4,r5,r6,r7,r8,r9,r10,r11,r12,r13,r14,r15,r16,r17,r18,r19,r20,r21,r22,r23,r24,r25,r26,r27,r28,r29,r30
I1,0,0,0,0,0,0,2,0,0,0,0,0,0,0,0,0,0,0,0,0,0,0,1,0,0,0,0,0,0,14
I2,0,0,0,0,1,0,2,0,0,0,6,0,0,0,16,0,0,0,0,0,0,8,1,0,0,0,0,0,0,14
I3,0,0,0,0,1,0,2,0,0,0,6,0,0,0,16,7,12,0,0,2,0,8,1,0,0,0,0,3,0,14
I4,0,0,0,0,1,0,2,0,0,0,6,11,0,5,16,s,12,0,0,2,0,8,1,0,0,0,0,3,0,14
I5,0,3,0,0,1,0,2,0,0,3,6,11,0,5,16,s,12,0,0,2,0,8,1,0,0,0,0,3,0,14
I6,0,3,0,0,1,0,2,0,0,3,6,11,0,5,16,s,12,0,0,2,0,8,1,0,0,0,0,3,0,14
I7,0,3,0,0,1,0,2,0,1,3,6,11,0,5,16,s,12,0,0,2,0,8,1,0,0,0,0,3,0,14
I8,1,s,0,0,1,0,2,0,1,3,6,11,0,5,16,s,12,0,1,2,0,8,1,s,2,0,0,3,0,14
1506,s,s,11,0,1,0,2,0,1,3,6,11,0,5,s,s,12,0,1,2,0,8,1,s,2,0,d,d,0,14
I12,1,s,0,0,1,0,2,0,s,3,6,11,0,5,16,s,12,0,1,2,s,8,1,s,2,0,11,3,0,14
I13,1,s,0,0,1,0,2,0,s,3,6,11,0,5,16,s,12,0,1,2,s,8,1,s,2,0,s,3,0,14
1425,1,s,0,0,1,0,2,3,s,s,6,11,d,5,d,s,12,s,1,2,s,8,1,s,2,0,s,3,0,14
1424,1,s,0,0,1,0,2,d,s,3,6,11,0,5,16,s,12,0,1,2,s,8,1,s,d,0,s,d,0,d
1627,1,s,0,0,1,0,2,0,s,3,d,d,d,5,16,s,12,d,1,d,s,d,1,s,2,10,d,3,0,14
I15,0,3,0,12,1,0,2,0,1,3,6,11,2,5,16,s,12,0,0,2,0,8,1,0,0,0,0,3,0,14
I16,0,3,0,12,1,0,2,0,1,3,6,11,2,5,16,s,12,0,0,2,0,8,1,0,0,0,s,3,0,14
1311,0,d,0,12,d,0,2,0,1,3,6,11,2,5,16,s,12,0,0,2,0,8,1,0,0,0,s,d,0,14
I18,0,3,0,12,1,0,2,0,1,3,6,11,2,5,16,s,12,22,0,2,0,8,1,0,0,0,s,3,13,14
1421,0,3,0,d,d,0,2,0,1,3,6,11,2,5,16,s,12,22,0,2,0,8,1,0,0,0,s,3,13,d
1420,0,3,0,12,1,0,2,0,1,3,6,11,2,5,16,s,12,22,0,2,0,8,1,0,0,0,s,3,13,14
I19,0,3,0,12,1,0,2,3,1,3,6,s,2,5,16,s,12,0,0,2,0,8,1,0,0,0,0,3,0,14
1283,0,d,0,d,1,0,2,3,d,3,6,s,2,5,d,s,12,0,0,2,0,8,1,0,0,0,0,3,0,14
I21,0,3,0,12,1,3,2,3,1,3,6,s,2,5,16,s,12,0,0,2,0,8,1,0,0,0,0,3,13,14
1599,0,3,0,12,1,3,2,3,1,3,6,s,s,5,16,s,12,0,0,2,0,s,1,d,0,d,0,3,13,14
1598,d,3,0,12,1,3,2,d,1,3,6,s,2,5,16,s,12,0,0,2,0,8,1,0,d,0,0,3,13,14
I22,0,3,0,0,1,0,2,0,0,3,6,s,0,5,16,s,12,0,0,s,0,8,1,0,0,0,0,3,0,14
I23,0,3,0,0,1,0,2,0,0,3,6,s,2,5,16,s,12,0,0,s,0,8,1,15,0,0,0,3,0,14
I26,0,3,47,0,1,0,2,0,4,3,6,s,2,5,16,s,12,3,0,s,0,8,1,15,0,0,0,3,0,14
1639,0,3,47,0,1,0,2,0,4,3,6,s,2,5,16,s,12,3,1,s,0,8,1,d,0,d,0,d,0,14
1638,0,3,47,d,1,0,2,0,d,3,6,s,2,5,16,s,12,3,0,s,0,8,1,15,0,0,0,3,0,14
I27,s,3,0,0,1,0,2,0,0,3,6,s,2,5,16,s,12,0,s,s,0,8,1,15,0,0,0,3,0,14
1434,s,d,42,0,1,0,2,0,0,3,6,s,d,5,16,s,12,d,s,s,s,8,1,15,0,0,0,3,0,14
1332,s,d,0,0,1,0,2,0,0,3,d,s,2,5,16,s,12,0,s,s,0,8,1,d,0,9,4,d,d,14
I30,0,3,0,0,1,0,2,0,0,3,6,s,2,5,16,s,12,0,0,s,0,8,1,0,0,0,0,3,0,14
I31,0,3,0,0,1,0,2,0,0,3,6,s,2,5,16,s,12,0,0,s,0,8,1,0,0,0,0,3,0,14
1521,0,d,0,0,1,0,2,0,0,3,6,s,2,5,16,s,12,d,0,s,0,8,1,0,0,0,0,3,0,14
1505,0,3,0,0,1,0,2,0,d,3,6,s,2,5,16,s,12,0,0,s,0,8,s,18,d,0,d,3,0,d
I34,0,3,0,0,1,0,2,0,0,3,6,s,2,5,16,s,12,0,0,s,0,8,1,0,0,0,0,3,13,14
I35,0,3,0,0,1,0,2,0,0,3,6,s,2,5,16,s,12,0,0,s,0,8,1,31,0,0,0,3,13,14
1491,d,3,0,0,1,0,d,0,0,3,6,s,2,d,16,s,d,0,0,s,0,8,1,31,0,0,3,3,13,14
1490,0,3,0,0,d,0,2,0,0,3,s,s,2,d,16,s,12,d,d,s,0,8,1,31,0,0,0,3,13,14
1755,0,d,0,7,d,0,d,0,d,3,6,s,2,5,16,s,12,0,d,s,d,d,1,2,0,0,4,3,13,14
I37,0,3,0,0,1,0,2,0,0,3,6,11,0,5,16,s,12,0,0,2,0,8,1,0,0,0,0,3,13,14
I38,0,3,0,0,1,0,2,0,0,3,6,11,0,5,16,s,12,0,1,2,0,8,1,0,12,0,0,3,13,14
I39,0,3,0,16,1,0,2,0,0,3,6,11,0,5,16,s,12,0,1,2,0,8,1,0,12,0,0,3,13,14
I40,0,3,0,16,1,0,2,0,0,3,6,11,0,5,16,s,12,0,1,2,0,8,1,0,12,0,0,3,13,14
1302,0,d,0,16,1,0,2,4,0,3,6,11,0,5,16,s,12,0,1,2,0,8,1,0,d,0,0,d,s,14
I42,0,3,0,16,1,0,2,3,0,3,6,11,0,5,16,s,12,5,1,2,0,8,1,0,12,0,0,3,13,14
1523,0,3,0,d,1,d,2,3,0,3,6,11,0,d,16,s,12,5,1,2,d,8,1,0,12,0,0,3,13,14
1522,0,3,0,16,1,0,2,3,0,3,d,11,0,5,16,s,12,5,1,2,d,8,1,0,12,0,0,3,13,14
1448,1,3,0,16,1,0,2,1,0,3,6,11,0,5,16,s,12,0,d,2,3,8,1,d,12,0,0,d,13,14
I46,0,3,0,0,1,0,2,0,0,3,6,11,0,5,16,s,12,0,1,2,0,8,1,0,12,0,0,3,13,14
1971,0,d,0,16,1,0,2,0,0,3,6,11,0,5,16,s,12,d,1,d,d,8,1,0,12,0,0,d,d,14
1035,d,3,0,0,1,0,2,0,0,3,6,11,2,5,d,s,12,26,1,2,0,8,1,0,12,0,4,3,13,14
I54,0,3,0,0,1,0,2,0,0,3,6,11,0,5,16,s,12,0,1,2,0,8,1,0,0,0,0,3,13,14
I55,0,3,0,0,1,0,2,0,0,3,6,11,0,5,16,s,12,0,1,2,0,8,1,0,0,0,0,3,13,14
I56,0,3,0,0,1,3,2,0,0,3,6,11,0,5,16,s,12,3,1,2,0,8,1,0,0,0,0,3,13,14
I57,1,3,0,0,1,3,2,0,0,3,6,11,0,5,16,s,12,3,1,2,0,8,1,0,0,0,0,3,13,14
1119,1,3,0,0,1,3,2,0,0,3,6,11,0,5,16,s,12,3,1,2,0,d,1,0,0,d,0,3,13,14
1118,d,3,0,0,d,3,2,3,0,3,6,11,0,d,d,s,12,3,1,2,d,8,d,0,0,0,0,3,13,14
1161,0,d,45,0,1,3,2,0,0,3,6,d,0,5,16,s,12,3,1,2,0,8,1,0,0,0,d,3,13,d
1411,1,d,0,0,d,0,2,0,0,3,6,11,0,5,16,s,12,0,1,d,0,8,1,0,0,0,0,3,13,14
1457,0,3,0,0,1,1,2,0,0,d,d,11,0,5,16,s,12,s,1,2,0,8,d,0,0,0,0,3,13,d
I69,0,0,0,0,1,0,2,0,0,0,6,11,0,5,16,s,12,0,0,2,0,8,1,0,0,31,0,3,0,14
I70,0,0,0,0,1,0,2,0,0,0,6,11,0,5,16,s,12,0,0,2,0,8,1,0,0,31,0,3,0,14
I71,0,0,0,12,1,0,2,0,0,0,6,11,0,5,16,s,12,0,1,2,0,8,1,0,8,31,0,3,0,14
I72,0,0,0,12,1,0,2,0,0,3,6,11,2,5,16,s,12,0,1,2,0,8,1,0,8,31,0,s,0,14
I73,0,0,0,12,1,0,2,0,0,s,6,11,2,5,16,s,12,0,1,2,0,8,1,0,8,31,25,s,0,14
I74,0,0,0,12,1,0,2,0,0,s,6,11,2,5,16,s,12,0,1,2,0,8,1,0,8,31,25,s,0,14
1287,0,0,0,12,1,0,2,d,0,s,6,11,2,d,16,s,12,0,1,2,0,8,1,0,d,31,25,s,13,14
1286,0,0,0,d,1,0,2,0,0,s,6,d,2,d,16,s,12,0,1,2,d,8,1,0,8,31,25,s,0,14
I75,0,0,0,12,1,0,2,0,0,s,6,11,2,5,16,s,12,0,1,2,0,8,1,0,8,31,25,s,0,14
1151,0,0,0,12,1,0,2,0,d,s,6,11,2,5,16,s,12,d,d,2,0,8,1,0,8,31,d,s,0,14
1150,0,0,0,12,1,0,2,0,d,s,6,11,2,d,16,s,12,0,d,2,0,8,d,0,8,31,25,s,0,d
1252,1,0,d,d,1,0,2,1,0,3,6,11,2,5,16,s,d,0,1,2,0,d,1,2,8,31,0,s,0,14
I79,0,0,0,12,1,0,2,0,0,0,6,11,2,5,16,s,12,0,1,2,0,8,1,0,8,31,0,3,0,14
I80,0,0,0,12,1,3,2,0,0,0,6,11,2,5,16,s,12,18,1,2,0,8,1,0,8,31,0,3,0,14
I81,0,3,0,12,1,3,2,0,0,0,s,11,2,5,16,s,12,18,1,2,3,8,1,0,8,31,0,3,0,14
1343,0,d,d,12,1,3,2,d,0,0,s,11,2,d,16,s,12,18,1,2,3,8,1,10,8,31,0,3,0,14
1342,d,3,0,12,1,3,2,0,0,0,s,11,2,5,16,s,12,18,1,d,3,8,d,d,8,d,0,3,0,14
1719,0,0,1,12,1,3,2,0,0,d,6,11,d,d,16,s,12,18,d,2,1,d,1,s,s,31,0,3,0,14
I83,0,0,0,12,1,0,2,0,0,0,6,11,2,s,16,s,12,s,1,2,0,8,1,0,8,31,0,3,0,14
1111,1,d,0,12,s,0,2,0,0,s,6,11,2,s,16,s,12,s,1,2,d,8,1,0,8,31,0,s,d,14
2029,d,0,0,12,1,0,2,0,0,0,6,11,2,s,16,s,12,s,1,2,0,8,1,0,8,31,0,3,13,14
I87,0,3,0,0,1,0,2,0,0,3,6,11,0,5,16,s,12,0,3,2,0,8,1,0,0,31,0,3,0,14
I92,1,3,46,0,1,0,2,0,10,3,6,11,0,5,16,s,12,15,3,2,0,8,1,0,0,31,0,3,0,14
I93,1,3,46,0,1,0,2,0,10,3,s,11,0,5,16,s,12,s,3,2,0,8,1,0,0,31,0,3,0,14
1263,1,3,46,0,1,0,2,0,10,3,s,11,0,5,16,s,12,s,3,2,d,8,d,d,0,31,d,d,0,14
1262,1,3,46,0,1,0,d,0,10,3,s,11,0,5,16,s,12,s,3,2,0,d,d,18,d,d,d,3,0,14
1377,1,3,46,16,1,0,2,d,10,3,6,11,0,5,16,s,12,15,3,2,0,8,1,0,d,31,s,3,13,14
I95,0,3,0,0,1,0,2,0,0,3,6,11,0,5,16,s,12,0,3,2,0,8,1,0,2,31,0,3,0,14
I98,0,3,0,0,1,0,2,0,0,3,6,11,0,5,16,s,12,0,3,2,0,8,1,0,2,31,0,3,0,14
1079,0,3,0,0,1,d,2,d,15,3,6,11,0,d,16,s,12,0,3,s,0,8,1,0,2,31,0,3,0,14
1078,0,3,d,0,1,0,2,3,0,3,6,11,0,5,d,s,d,0,3,2,0,8,d,2,d,31,d,3,0,14
I99,0,3,0,0,1,0,2,0,4,3,6,11,2,5,16,s,12,0,3,2,0,8,1,5,2,31,0,3,0,14
1172,0,3,0,0,1,0,d,0,4,3,6,11,2,5,16,s,12,0,3,2,0,8,1,5,2,31,d,d,s,14
1407,0,d,0,18,d,d,d,0,4,3,6,11,2,5,16,s,12,0,3,2,0,8,1,5,2,d,d,3,d,14
I102,0,0,0,0,1,0,2,0,0,0,6,11,0,5,16,s,12,0,0,2,0,8,1,0,0,31,0,3,15,14
I103,0,0,0,0,1,3,2,0,0,0,6,11,0,5,16,s,12,0,0,2,0,8,1,0,s,31,0,3,15,14
I104,0,0,0,0,1,3,2,0,0,3,6,11,0,5,16,s,12,0,s,2,0,8,1,0,s,31,0,3,15,14
I105,0,0,0,0,1,3,2,1,0,3,6,11,0,5,16,s,12,0,s,2,0,8,1,0,s,31,0,3,15,14
1973,0,0,0,0,1,3,2,1,0,3,6,d,d,s,d,s,12,0,s,2,0,8,1,0,s,31,0,3,d,14
I108,0,0,0,0,1,3,2,1,0,3,6,11,0,5,16,s,12,0,s,2,0,8,1,0,s,31,0,3,15,14
1059,0,s,0,0,1,3,d,1,0,3,6,11,0,5,16,s,12,0,s,2,0,8,1,0,s,d,d,3,15,14
1058,0,0,0,0,1,3,2,1,0,d,6,11,0,5,16,s,d,0,s,2,0,8,1,d,s,31,d,d,d,14
I109,0,1,1,0,s,3,2,1,0,3,6,11,0,5,16,s,12,0,s,2,0,8,1,0,s,31,4,3,15,14
I111,0,1,1,33,s,3,2,1,0,3,6,11,0,5,16,s,12,0,s,2,0,8,1,0,s,31,4,3,15,14
1867,0,1,1,33,s,3,2,d,0,3,6,11,2,5,16,s,12,d,s,2,0,8,1,0,s,31,4,d,15,14
1866,d,1,1,33,s,3,2,1,0,3,d,11,0,5,16,s,12,0,s,2,0,8,1,d,s,31,4,3,15,14
2044,0,1,d,0,s,3,2,1,0,3,6,11,s,5,16,s,12,0,s,2,0,8,d,0,s,31,4,3,d,14
I116,0,0,0,0,1,3,2,0,0,0,6,11,0,5,16,s,12,0,1,2,0,8,1,0,s,31,0,3,15,14
I117,0,0,0,0,1,3,2,0,10,0,6,11,0,5,16,s,12,0,1,2,0,8,1,16,s,s,0,3,15,14
1098,0,0,0,5,1,3,2,0,10,0,6,11,d,5,16,s,12,d,d,2,0,8,1,16,s,s,0,3,15,14
1048,0,0,0,d,d,3,2,0,10,0,6,11,0,s,16,s,12,0,1,2,0,8,1,16,s,s,d,3,15,14
I120,0,0,0,0,1,3,2,0,0,0,6,11,0,5,16,s,12,0,1,2,0,8,1,31,s,31,0,3,15,14
1022,d,0,0,0,1,3,2,0,d,d,6,11,0,5,16,s,12,s,1,2,0,8,1,31,s,31,0,3,15,14
1964,0,0,0,0,1,3,d,0,16,0,6,11,0,5,16,s,d,0,1,2,0,8,1,31,s,31,0,3,s,d
I124,0,0,0,0,1,3,2,0,0,0,6,11,0,5,16,s,12,0,0,2,0,8,1,0,0,31,0,3,15,14
I125,0,0,0,0,1,3,2,0,0,0,6,11,0,5,16,s,12,0,0,2,0,8,1,0,0,31,0,3,15,14
1300,0,0,s,7,s,3,2,0,0,0,6,11,0,5,16,s,12,0,0,s,0,8,1,10,s,31,0,3,15,14
I129,0,0,0,s,1,3,2,0,0,8,6,11,0,5,16,s,12,0,0,2,4,8,1,2,0,31,0,3,15,14
1477,0,d,d,s,1,3,2,d,d,8,6,11,d,5,16,s,12,0,1,2,4,d,1,2,0,s,8,3,15,14
1726,0,1,0,s,1,d,2,0,0,8,d,d,0,5,16,s,d,0,0,2,4,8,1,2,0,31,d,3,15,14
I132,0,0,0,0,1,3,2,0,0,0,s,11,0,5,16,s,12,0,0,2,0,8,1,0,s,s,0,3,15,s
I133,0,0,0,0,1,3,2,0,0,0,s,11,0,5,16,s,12,0,0,2,0,8,1,0,s,s,0,3,s,s
1095,0,0,0,0,1,3,d,0,0,0,s,11,0,5,16,s,d,d,0,s,0,8,1,0,s,s,0,d,s,s
1044,0,0,0,0,1,3,2,1,0,0,s,11,d,5,16,s,12,0,0,2,0,d,1,0,s,s,26,3,s,s
I136,0,0,0,0,1,3,2,0,0,3,s,11,0,5,16,s,12,0,0,2,0,8,1,0,s,s,0,3,15,s
I137,0,0,29,0,1,3,2,0,0,3,s,11,0,5,16,s,12,0,0,2,0,s,1,0,s,s,0,3,15,s
1165,1,d,29,0,1,3,d,0,0,3,s,11,0,d,16,s,12,0,0,d,d,s,1,d,s,s,0,d,15,s
1164,0,0,29,0,1,3,2,0,0,3,s,11,0,5,d,s,12,0,0,2,0,s,1,0,s,s,0,3,15,s
1080,0,d,0,d,d,3,2,d,0,3,s,11,d,5,16,s,12,d,0,2,0,d,1,0,s,s,0,3,15,s
I139,0,0,0,0,1,0,2,0,0,3,6,0,0,0,16,7,12,0,0,2,0,8,1,0,0,0,0,3,s,14
I140,0,0,0,0,1,0,2,0,0,3,6,13,5,0,16,7,12,0,0,s,0,8,1,0,0,0,0,3,s,14
I141,0,0,s,0,1,0,2,0,0,3,6,13,5,0,16,7,12,0,0,s,0,8,1,0,0,0,0,3,s,14
I142,0,0,s,0,1,0,2,s,0,3,6,13,5,0,16,7,12,0,0,s,0,8,1,0,0,0,0,3,s,14
I143,1,0,s,0,1,0,2,s,0,3,6,13,5,s,16,7,12,0,0,s,0,8,1,0,0,0,0,3,s,14
I144,1,0,s,0,1,0,2,s,0,3,6,13,5,s,16,7,12,0,0,s,0,8,1,0,12,1,0,s,s,14
1763,1,d,s,s,1,0,d,s,0,3,s,13,5,s,16,7,12,0,0,s,0,8,1,0,12,1,d,s,s,14
1785,1,0,s,0,1,0,2,s,0,3,6,13,5,s,16,d,d,0,0,s,0,8,1,0,12,1,0,s,s,14
1893,1,3,s,2,1,3,2,s,0,d,6,s,5,s,d,7,12,0,0,s,4,8,1,0,13,d,s,3,s,14
I150,0,0,s,0,1,0,2,s,0,3,6,13,5,0,16,7,12,0,0,s,0,8,1,0,0,0,0,3,s,14
988,0,3,s,0,1,3,2,s,24,3,6,13,5,0,16,7,d,0,0,s,d,8,1,0,0,0,0,3,s,14
1093,d,0,s,0,1,3,2,s,d,3,6,13,5,0,16,7,12,d,0,s,0,8,1,31,0,25,s,3,s,14
I154,0,0,s,s,1,3,2,0,0,3,6,13,5,0,16,7,12,0,0,s,0,8,1,0,0,18,0,3,s,14
I155,0,0,s,s,1,3,2,0,0,3,6,13,5,0,16,7,12,0,0,s,0,8,1,0,0,18,0,3,s,14
1743,0,d,s,s,1,3,2,0,0,d,s,13,5,0,16,7,d,s,0,s,0,8,1,0,0,18,0,3,s,14
I158,0,0,s,s,1,3,2,0,0,3,6,13,5,0,16,7,12,0,0,s,0,8,1,0,11,18,0,3,s,14
1578,0,0,s,s,1,3,2,0,0,d,6,13,5,0,d,7,12,0,0,s,0,8,1,0,11,18,0,3,s,d
1724,0,0,s,s,1,3,2,0,19,3,6,13,5,d,16,s,12,14,1,s,0,d,1,5,d,18,0,3,s,14
I161,0,s,s,s,1,3,2,0,0,3,6,13,5,0,16,7,12,0,0,s,0,8,1,0,0,18,0,3,s,14
I162,0,s,s,s,1,3,2,0,0,3,6,13,5,0,16,7,12,0,0,s,0,8,1,0,0,18,0,3,s,14
1364,1,s,s,s,1,3,2,0,10,3,6,13,5,0,16,7,12,0,0,s,0,8,1,0,0,18,8,3,s,d
1668,0,s,s,s,1,3,d,0,3,3,6,13,5,0,16,7,12,0,0,s,0,8,d,d,0,d,0,3,s,14
I165,0,s,s,s,1,3,2,0,0,3,6,13,5,0,16,7,12,0,3,s,0,8,1,0,0,18,0,3,s,14
1902,0,s,s,s,1,3,2,0,0,3,6,13,5,0,16,7,d,0,d,s,1,8,1,0,0,18,0,3,s,14
1667,0,s,s,s,1,3,2,d,0,3,6,13,5,3,16,7,d,0,3,s,d,8,1,0,0,d,d,d,s,14
I168,0,0,0,0,s,0,2,0,0,3,6,13,5,0,16,7,12,0,0,s,0,8,1,0,0,0,0,3,s,14
I169,0,3,0,0,s,0,2,0,11,3,6,13,5,0,16,7,12,0,0,s,0,8,1,0,0,0,0,3,s,14
I170,0,3,0,0,s,0,2,0,11,3,6,13,5,0,16,7,12,0,0,s,0,8,1,0,0,0,0,3,s,14
I171,1,3,0,0,s,0,s,0,s,3,6,13,5,0,16,7,12,0,0,s,0,8,1,0,0,0,0,3,s,14
1814,1,3,0,0,s,0,s,0,s,s,6,13,5,0,s,7,12,0,0,s,0,8,1,0,d,0,0,3,s,14
1886,1,d,0,0,s,3,s,0,s,3,6,d,5,0,16,7,12,0,0,s,0,d,1,d,0,d,0,3,s,14
1943,0,d,22,d,s,0,2,0,11,3,6,13,d,0,16,7,12,0,s,s,0,8,1,0,0,0,d,3,s,14
1029,d,3,d,12,s,d,d,0,11,3,6,13,d,d,16,s,12,0,1,s,0,8,1,0,0,0,0,3,s,d
I183,0,0,0,0,s,0,2,0,0,3,6,13,5,5,16,7,12,12,0,s,1,8,1,0,0,0,0,3,s,14
I184,0,0,0,0,s,0,2,0,0,3,6,13,5,5,16,s,12,12,0,s,1,8,1,0,0,0,0,3,s,14
1574,d,s,0,0,s,3,2,0,25,3,6,13,d,5,d,s,12,12,1,s,d,d,1,d,0,d,0,3,s,14
I189,1,0,31,0,s,2,2,0,24,3,6,13,5,5,16,s,12,12,0,s,1,8,1,0,0,0,0,3,s,14
1765,1,0,31,0,s,2,d,0,24,3,6,13,5,5,d,s,12,12,0,s,1,8,1,d,0,0,0,3,s,14
1764,d,0,31,d,s,2,2,0,24,3,6,d,5,5,16,s,12,12,0,s,d,8,1,0,0,0,d,3,s,14
I191,0,0,0,0,s,0,2,0,4,3,6,13,5,5,16,7,12,12,0,s,1,8,1,0,0,0,0,3,s,14
I192,0,0,0,0,s,3,2,0,4,3,6,13,5,5,16,7,12,12,0,s,1,8,1,9,0,0,0,3,s,14
1792,s,d,0,0,s,3,d,0,4,3,d,d,5,5,16,7,12,12,0,s,d,8,1,d,0,19,0,3,s,d
1545,d,0,0,0,s,3,2,1,4,3,6,13,5,d,16,d,12,12,d,s,1,8,1,9,0,0,0,3,s,14
I195,0,0,0,0,s,0,2,0,4,3,6,13,5,5,16,7,12,12,0,s,1,8,1,0,0,0,0,s,s,14
1536,0,3,0,d,s,3,2,0,4,3,6,13,5,5,16,7,12,12,0,s,1,8,1,0,2,0,0,s,s,d
1372,1,0,d,0,s,0,d,0,4,3,6,13,5,5,d,7,d,12,d,s,1,8,1,0,12,d,0,s,s,14
I198,0,0,0,0,1,3,2,0,0,3,6,0,0,0,16,7,12,0,0,2,0,8,1,0,0,0,0,3,s,14
I199,0,0,0,0,1,3,2,1,0,3,6,0,0,0,16,7,12,0,0,2,0,8,1,0,0,0,0,3,s,14
I200,0,0,0,0,1,3,2,1,0,3,6,0,0,0,16,7,12,0,0,2,0,8,1,0,0,0,0,3,s,14
1043,0,0,4,2,1,3,2,1,0,d,6,d,d,0,d,7,12,0,0,d,0,8,s,0,d,d,0,3,s,14
I205,0,0,0,0,1,3,2,1,19,3,6,0,0,0,16,7,12,0,0,2,4,8,1,0,0,0,0,3,s,14
1952,0,0,22,0,1,3,2,1,19,3,d,0,0,0,16,7,12,0,1,d,4,8,d,0,d,d,0,3,s,14
I209,0,0,0,0,1,3,2,1,19,3,6,0,0,0,16,7,12,0,0,2,4,8,1,0,0,0,0,3,s,14
1025,0,0,0,0,1,d,d,1,19,3,6,0,0,0,16,7,12,0,0,2,4,8,d,10,0,0,d,d,s,14
1024,0,s,d,7,1,3,2,1,19,3,6,0,d,0,16,7,12,0,0,d,d,8,1,0,12,s,0,3,s,14
I210,0,s,0,0,1,3,2,1,0,3,6,0,2,0,16,7,12,0,0,2,0,8,1,0,0,0,0,3,s,14
I213,0,s,0,0,1,3,2,1,0,3,6,0,2,3,16,7,12,0,0,2,1,8,1,0,0,0,11,3,s,14
2007,0,s,0,0,1,3,2,d,0,3,6,0,2,3,d,7,12,d,d,2,1,8,1,0,0,0,11,3,s,14
2012,0,s,0,16,1,3,2,1,3,3,6,7,2,d,16,7,12,0,0,2,1,8,1,0,0,0,11,3,s,d
I216,0,s,0,5,1,3,2,1,11,3,6,0,2,0,16,7,12,0,0,2,1,8,1,0,6,0,0,3,s,14
1648,0,s,0,5,1,3,2,1,11,3,6,0,d,0,16,7,d,0,0,d,1,8,1,0,6,d,0,3,s,d
1427,0,s,0,5,d,3,d,1,11,3,6,1,2,s,d,d,12,d,d,d,1,8,1,0,6,0,d,3,s,14
I223,1,0,0,0,1,3,2,0,0,3,6,0,0,0,16,7,12,0,0,2,7,8,1,0,0,18,0,3,s,14
I224,1,0,0,0,1,3,2,0,0,3,s,0,0,0,16,7,12,0,0,2,7,8,1,s,0,18,0,3,s,14
I225,1,0,0,0,1,3,2,0,0,3,s,0,0,0,16,7,12,0,0,2,7,8,1,s,2,18,0,3,s,14
I227,1,0,22,0,1,3,2,0,0,3,s,0,2,0,16,7,12,0,0,2,7,8,1,s,2,18,0,3,s,14
1549,1,d,22,0,d,3,2,0,0,d,s,d,2,0,16,7,12,d,0,2,7,8,1,s,d,d,0,d,s,14
1548,1,0,22,0,1,3,2,0,0,3,s,0,2,0,16,7,12,0,0,2,7,8,d,s,2,18,0,3,s,14
1660,1,d,22,2,1,3,2,0,0,3,s,s,0,0,d,7,12,d,d,2,7,8,d,s,2,18,0,3,s,14
I232,1,0,0,0,1,3,2,0,0,3,s,14,0,0,16,7,12,0,0,2,7,8,1,s,0,18,0,3,s,14
I233,1,0,0,25,1,3,2,0,0,3,s,14,0,0,16,7,12,0,0,2,7,8,1,s,0,18,0,3,s,14
1487,d,0,0,25,1,3,2,0,0,3,s,14,d,0,d,7,12,0,0,2,7,8,1,s,7,18,4,3,s,14
1563,1,0,0,25,1,3,2,0,0,3,s,14,0,0,16,d,12,0,0,2,d,8,1,s,0,18,0,3,s,d
1441,1,0,0,13,1,3,2,0,0,3,s,14,d,3,16,7,s,d,s,2,7,8,1,s,0,18,0,3,s,14
I239,1,0,6,0,1,3,2,0,0,3,6,0,0,0,16,7,12,0,0,2,7,8,1,0,0,18,0,3,s,14
I240,1,0,6,0,1,3,2,0,0,3,6,0,0,0,16,7,12,0,0,2,7,8,1,0,0,18,0,3,s,14
1797,d,0,6,0,1,3,2,0,d,3,6,0,0,0,d,7,s,0,0,2,7,8,d,0,0,18,0,3,s,14
I245,1,3,6,0,1,3,2,0,0,s,6,0,0,0,16,7,12,0,0,2,7,8,1,0,0,18,0,3,s,14
2033,1,3,6,0,1,3,2,0,0,s,d,0,0,0,16,7,12,0,0,2,7,8,1,0,0,18,0,3,s,14
2032,1,3,6,0,1,3,2,0,0,s,6,d,0,d,16,7,12,0,0,2,d,8,1,0,d,d,0,3,s,14
I246,1,0,6,2,1,3,2,0,0,3,6,34,0,0,16,7,12,0,0,2,7,8,1,0,0,18,25,3,s,14
1050,1,2,6,2,1,3,2,0,0,3,6,34,0,3,16,7,12,41,0,2,d,8,d,0,d,18,25,3,s,14
I249,1,0,6,2,1,3,2,0,0,3,6,34,0,0,16,7,12,0,0,2,7,8,1,0,0,18,25,3,s,14
1997,1,d,d,d,1,3,2,0,0,3,6,34,0,0,16,d,d,0,0,2,7,8,1,0,0,d,d,3,s,14
1030,1,0,6,2,1,d,2,1,0,3,6,34,d,0,16,7,12,1,0,2,d,8,1,0,0,18,25,3,s,14
I251,0,0,0,0,1,0,2,0,0,0,6,0,0,0,16,0,0,0,1,4,0,8,1,0,0,0,0,0,0,14
I252,0,0,0,0,1,0,2,0,0,0,6,0,0,3,16,0,0,0,1,4,0,8,1,0,0,0,0,0,0,14
I253,0,0,0,0,1,0,2,0,0,0,6,32,0,3,16,0,1,0,1,4,0,8,1,0,0,0,0,0,0,14
I254,0,0,0,0,s,0,2,0,0,0,6,32,0,3,16,0,1,0,1,4,0,8,1,0,0,0,0,0,0,14
I255,0,0,0,0,s,0,2,1,0,0,6,32,0,3,16,0,1,0,1,4,0,8,1,0,0,0,0,0,0,14
I256,0,0,0,0,s,0,2,1,0,0,6,32,0,3,16,0,1,0,1,4,3,8,1,0,0,0,0,0,0,14
I257,0,0,0,0,s,0,2,1,s,0,6,32,0,3,16,0,1,0,1,4,3,8,1,0,11,0,0,0,0,14
I258,1,0,0,20,s,0,2,1,s,0,6,32,0,3,16,0,1,25,s,4,3,8,1,0,11,0,3,0,0,14
1223,1,0,0,d,s,0,2,1,s,s,6,32,d,3,16,0,1,25,s,4,d,8,1,0,11,d,d,0,0,14
1222,1,0,0,20,s,0,2,1,s,0,6,d,0,3,16,0,1,25,s,4,3,8,1,0,11,0,3,0,0,14
I259,0,0,0,0,s,0,2,1,s,0,6,32,0,3,16,0,1,0,1,4,3,8,1,0,11,0,0,0,s,14
1379,0,0,31,0,s,0,2,1,s,0,6,32,0,3,d,0,1,0,d,4,3,8,1,0,11,0,0,0,s,14
1378,0,0,0,0,s,0,2,1,s,0,6,32,0,d,16,0,1,0,1,4,3,8,1,0,11,d,0,0,s,14
I260,0,0,0,0,s,0,2,1,0,0,6,32,0,3,16,0,1,33,1,4,3,8,1,0,0,0,10,0,0,14
1068,d,0,11,27,s,0,2,1,s,4,s,32,0,d,16,d,1,33,1,4,s,8,1,0,0,0,d,0,0,14
1359,0,1,0,0,s,0,2,1,0,0,6,32,0,3,16,0,1,33,d,4,3,8,1,0,13,d,10,0,0,14
I263,0,0,0,0,s,0,2,1,0,0,6,32,0,3,16,0,1,43,1,4,0,8,1,0,0,0,0,0,0,14
I265,0,0,0,0,s,4,2,1,18,0,6,32,0,3,16,14,1,43,1,4,s,8,1,0,0,0,0,0,0,14
1101,0,d,0,0,s,4,d,1,18,0,d,32,0,3,16,d,1,43,1,4,s,8,1,0,0,14,25,0,0,14
1100,0,d,0,0,s,4,2,1,d,0,6,32,0,3,16,14,1,43,1,4,s,8,1,0,0,d,0,0,0,14
I267,0,0,0,0,s,0,2,1,0,0,6,32,0,3,16,0,1,43,1,4,0,8,1,0,0,0,0,0,0,14
1054,0,d,0,0,s,0,d,s,30,3,d,32,2,3,16,7,1,43,1,4,0,8,1,0,0,s,0,16,0,14
1278,0,0,0,0,s,d,2,1,0,0,d,32,0,3,16,0,1,43,1,d,0,d,1,0,0,23,0,0,0,14
I270,0,0,0,0,s,0,2,0,0,3,6,32,0,3,16,0,1,0,1,4,0,8,s,0,0,0,0,0,0,14
I271,1,0,0,0,s,0,2,0,0,3,6,32,0,3,16,0,1,0,1,4,0,8,s,0,0,18,0,0,0,14
I272,1,2,0,0,s,0,2,0,10,3,6,32,0,3,16,0,1,0,1,4,0,8,s,0,0,18,0,13,0,14
I273,1,2,0,0,s,0,2,0,10,3,6,32,0,3,16,0,1,0,1,4,0,8,s,0,0,18,0,13,0,14
1005,1,2,0,0,s,d,2,1,10,3,6,32,0,d,d,0,1,d,1,4,0,8,s,d,0,18,0,13,0,14
1004,1,2,0,2,s,0,2,0,10,3,6,d,d,3,16,0,d,0,d,4,0,8,s,20,0,18,0,13,0,14
I274,1,2,0,0,s,0,2,0,10,3,6,32,0,3,16,0,1,0,1,4,0,8,s,14,0,18,0,13,0,14
I275,1,2,0,0,s,0,2,0,10,3,6,32,0,3,16,0,1,0,1,4,0,8,s,14,0,18,0,13,0,14
1995,1,2,d,0,s,0,2,0,10,3,6,32,0,3,16,0,1,0,1,d,0,8,s,14,0,18,0,13,0,14
1994,1,2,0,0,s,0,2,0,d,3,6,d,0,d,16,0,1,0,1,4,0,8,s,14,0,18,0,13,0,14
1908,1,2,0,0,s,0,2,0,10,3,6,32,0,3,16,0,1,0,1,4,0,8,s,14,0,18,15,13,d,14
1187,1,0,0,6,s,0,2,d,1,3,6,s,0,3,16,0,1,0,1,s,0,8,s,d,6,d,4,5,0,s
I280,0,0,0,0,s,0,2,1,0,3,6,32,0,3,16,0,1,0,1,4,0,8,s,0,0,0,0,0,0,14
I281,0,0,0,0,s,0,2,1,0,3,6,32,0,3,16,0,1,0,1,4,0,8,s,0,s,0,0,0,0,14
1318,0,d,0,0,s,d,2,1,0,3,6,32,0,3,s,0,1,0,s,4,3,8,s,0,s,0,0,0,0,14
1181,0,0,0,6,s,0,2,s,d,3,6,32,0,3,d,0,1,0,1,4,0,d,s,0,s,0,0,0,0,d
I284,0,0,0,0,s,0,2,1,0,3,6,32,2,3,16,0,1,0,1,4,0,8,s,0,7,0,0,0,0,14
1772,0,0,0,0,s,0,2,1,0,3,6,d,2,3,16,0,1,0,1,4,d,8,s,0,7,0,25,0,0,d
1474,0,d,0,0,s,0,2,1,0,3,6,32,2,3,16,0,1,0,1,d,s,8,s,0,7,0,0,0,0,14
I287,0,0,0,0,1,0,2,0,0,0,6,32,0,3,16,0,1,0,1,4,0,8,1,0,0,0,0,0,4,14
I288,0,0,0,0,1,0,2,0,0,3,6,32,0,3,16,0,1,0,1,4,0,8,1,0,0,0,0,3,4,14
I289,0,0,0,0,1,0,2,0,0,3,6,32,0,3,16,0,1,0,1,4,0,8,1,15,0,0,0,3,4,14
I290,1,0,0,0,1,0,2,1,0,3,6,32,0,3,16,0,1,s,1,4,0,8,1,15,0,0,0,3,4,14
1144,1,0,0,0,1,0,2,1,0,3,6,32,0,d,d,0,1,s,1,4,0,8,1,d,0,0,0,3,4,14
I292,1,0,0,s,s,0,2,1,0,3,6,32,0,3,16,0,1,s,1,4,0,8,1,15,0,21,0,3,4,14
1489,1,0,0,s,s,2,2,1,0,3,6,32,0,3,16,0,1,s,1,4,0,8,1,d,0,21,0,3,4,s
1488,1,0,0,s,s,0,2,1,d,d,6,32,0,3,16,0,1,s,1,4,0,8,1,15,0,21,0,3,4,14
I293,0,0,0,2,1,0,2,0,0,3,6,32,0,3,16,0,1,0,1,4,0,8,1,15,0,0,0,3,4,14
I294,0,0,s,2,1,0,2,0,0,3,6,32,2,3,16,0,1,0,1,4,0,8,1,15,0,0,0,3,4,14
1605,0,0,s,d,1,0,2,d,0,3,6,d,2,d,16,0,1,0,1,4,0,8,1,15,0,0,0,3,4,d
1604,0,0,s,2,1,0,2,0,0,3,6,32,2,3,d,0,1,d,1,4,0,d,1,15,0,0,0,3,4,14
1417,1,d,0,d,1,d,2,0,0,s,6,32,0,d,16,0,1,0,d,4,0,8,1,15,0,0,d,3,d,s
I296,0,0,0,0,1,0,2,0,0,3,6,32,0,3,16,11,1,0,1,4,0,8,1,0,0,0,0,3,4,14
1732,0,d,d,0,d,0,d,0,s,3,6,32,0,s,16,d,d,0,1,4,0,8,1,0,0,25,s,3,4,14
I300,0,0,3,0,1,0,2,0,0,3,6,32,0,3,16,11,1,0,1,4,0,8,1,0,0,0,0,3,4,14
1493,1,0,3,0,1,0,2,1,0,3,d,32,0,s,16,11,1,0,s,d,0,s,1,0,d,0,0,3,4,14
1239,0,0,3,0,1,3,2,0,d,3,6,32,d,3,16,11,1,0,1,4,0,8,1,0,0,0,15,3,d,14
I303,0,0,0,0,1,0,2,0,0,0,6,32,0,3,16,0,1,0,1,4,0,8,1,0,0,0,0,41,4,14
I304,1,0,0,0,1,0,2,0,0,0,6,32,0,3,16,0,1,0,1,4,3,8,1,0,0,21,24,41,4,14
1806,1,0,s,0,1,0,2,0,11,0,6,32,0,3,16,0,d,0,s,4,3,8,1,0,0,21,24,41,d,14
1841,1,0,0,d,1,d,2,1,11,0,6,32,0,3,16,11,1,8,1,4,3,8,1,0,d,d,24,41,4,14
I310,0,0,0,0,1,0,2,0,0,3,6,32,0,3,16,0,1,0,1,4,0,8,1,0,0,25,0,41,4,14
I311,0,3,0,0,1,0,2,0,s,3,6,32,0,3,16,0,1,0,1,4,0,8,1,0,0,25,0,41,4,14
I312,0,3,0,0,1,0,2,0,s,3,6,32,0,3,16,0,1,0,1,4,0,8,1,0,0,25,0,41,4,14
1745,1,3,0,d,d,0,2,0,s,3,6,d,d,3,d,0,1,0,1,4,0,8,1,0,0,25,0,41,4,14
1744,d,3,0,0,d,0,d,0,s,3,6,32,0,3,16,0,1,0,1,4,0,8,d,0,0,25,0,d,4,14
I313,0,3,0,0,1,0,2,0,s,3,6,32,0,3,16,0,1,0,1,4,0,8,1,0,0,25,0,41,4,14
1369,0,3,0,0,1,3,2,0,s,d,6,d,0,3,d,0,1,0,1,4,0,8,1,0,0,25,0,41,d,14
1368,0,d,0,0,d,0,2,0,s,d,6,32,0,3,16,0,1,0,1,4,0,8,1,0,0,d,0,41,4,14
1888,d,0,0,0,d,0,s,0,6,3,6,32,6,3,16,11,1,0,1,4,1,s,1,0,0,25,0,s,4,14
I317,0,3,0,0,1,0,2,0,0,3,6,0,0,3,16,0,0,0,1,4,0,8,1,0,0,0,0,0,0,14
I318,0,3,0,0,1,0,2,0,27,3,6,0,0,3,16,0,0,0,1,4,s,8,1,0,0,0,0,3,0,14
I319,0,3,0,0,1,0,2,0,27,3,6,0,0,3,16,0,0,0,1,4,s,8,1,1,0,0,0,3,0,14
I320,0,3,0,0,1,0,2,0,27,3,6,0,0,3,16,0,0,0,1,4,s,8,1,1,0,0,19,3,0,14
I321,0,3,0,0,1,0,2,0,27,3,6,19,2,3,16,0,0,0,1,4,s,8,1,1,s,0,19,3,0,14
1801,s,3,d,0,d,0,d,0,d,3,d,19,2,3,16,0,0,0,1,d,s,8,d,1,s,0,19,3,0,14
1375,0,3,0,d,1,0,d,0,27,3,6,19,2,3,16,0,0,0,d,4,s,d,1,1,s,0,19,3,0,14
1429,0,3,22,0,1,0,s,1,d,3,6,0,0,d,16,0,6,0,1,4,s,d,1,1,d,d,19,3,0,d
I327,s,3,0,0,1,0,2,0,27,3,6,0,0,3,16,5,0,0,1,4,s,8,1,1,0,0,0,3,0,14
1128,s,3,28,0,1,0,2,0,d,3,6,29,0,3,16,5,0,14,1,4,s,8,1,1,d,s,0,3,d,14
1538,s,3,0,2,1,0,2,0,27,3,6,34,0,3,16,5,0,0,1,4,s,8,1,1,0,0,0,3,0,14
I334,0,3,0,0,1,0,2,0,27,3,6,0,0,3,16,0,0,0,1,s,s,8,1,0,0,0,0,3,0,14
I335,0,3,0,0,1,0,2,0,27,3,6,0,0,3,16,0,0,0,1,s,s,8,1,0,0,0,0,3,0,14
I336,0,3,0,0,1,0,2,0,27,3,6,6,0,3,16,0,0,0,1,s,s,8,1,0,0,0,0,3,0,14
I337,0,3,0,0,1,0,2,0,27,3,6,6,0,3,16,0,0,0,1,s,s,s,1,0,0,0,4,3,0,14
1977,0,3,0,0,1,0,2,0,27,d,6,6,0,3,16,0,0,0,1,s,s,s,1,0,0,0,d,d,0,14
1976,0,3,0,0,1,0,d,0,27,3,d,6,0,3,16,0,0,d,1,s,s,s,1,0,0,d,4,d,0,14
1897,d,3,0,0,1,0,2,0,27,3,d,6,0,s,16,0,0,s,1,s,s,8,d,13,0,0,0,d,0,14
I339,0,3,0,0,1,0,2,0,27,3,6,40,0,3,16,0,0,0,1,s,s,8,1,0,0,0,0,3,0,14
I340,0,3,0,0,1,0,2,0,27,3,6,40,0,3,16,0,0,0,1,s,s,8,1,0,0,0,0,3,0,14
1665,0,3,d,0,1,0,2,0,27,3,6,40,2,3,16,0,0,0,1,s,s,d,1,0,0,0,0,3,0,14
1664,d,3,0,0,1,0,2,0,d,3,6,40,0,3,16,0,0,0,d,s,s,8,1,0,0,0,d,3,0,14
1899,0,3,0,0,1,3,2,0,d,d,6,40,0,3,16,0,0,0,1,s,s,8,1,d,d,0,0,3,2,d
I342,0,3,6,0,1,0,2,0,27,3,6,0,0,3,16,9,0,0,1,s,s,8,1,0,0,0,0,3,0,14
1735,1,3,6,0,1,d,2,0,27,d,d,0,0,3,16,9,0,33,1,s,s,8,1,0,12,0,0,3,d,14
I348,0,3,6,0,s,0,2,0,27,3,6,0,2,3,16,9,0,0,1,s,s,8,1,0,0,21,0,3,13,14
1499,0,3,d,0,s,0,d,0,27,d,d,0,2,3,16,9,0,0,1,s,s,8,1,0,0,d,d,3,13,14
1498,0,3,6,0,s,0,d,0,27,3,6,0,2,3,16,9,0,0,1,s,s,8,d,0,0,21,d,d,13,14
I349,1,3,22,0,1,s,2,0,0,3,6,0,0,3,16,0,0,0,1,4,0,8,1,0,0,0,0,0,0,s
I350,1,3,22,0,1,s,2,0,20,3,6,0,0,3,16,0,0,0,1,4,0,8,1,0,0,0,0,0,0,s
I351,1,3,22,0,1,s,2,0,20,3,6,0,0,3,16,5,0,18,1,4,0,8,1,0,0,0,0,0,0,s
I352,1,3,22,0,1,s,2,0,20,3,6,0,2,3,16,5,0,18,1,4,0,8,1,0,0,0,0,0,0,s
1712,d,d,22,0,1,s,2,d,20,3,6,0,2,3,16,5,17,18,1,4,0,8,1,0,0,0,0,0,0,s
1769,d,3,22,29,1,s,2,0,20,3,6,0,2,3,16,d,0,s,1,d,0,8,1,31,0,0,d,0,0,s
1684,d,3,22,0,1,s,2,0,d,3,d,s,d,3,16,d,0,18,s,s,0,8,1,0,8,d,16,0,0,s
I358,1,3,22,0,1,s,2,0,20,3,6,0,0,3,16,0,0,0,1,4,0,8,1,0,0,0,0,0,15,s
I359,1,3,22,0,1,s,2,0,20,3,6,0,0,3,16,0,0,0,1,4,4,8,1,0,0,0,6,0,15,s
I360,1,3,22,0,1,s,2,0,20,3,6,0,0,3,16,0,0,0,1,4,s,8,1,10,0,0,6,0,15,s
1167,1,3,22,0,1,s,2,0,20,3,d,0,0,3,16,0,0,0,1,4,s,8,1,10,0,0,6,0,15,s
1166,1,d,22,d,1,s,2,0,20,3,6,0,d,3,16,d,0,0,1,4,s,d,d,d,0,0,6,0,s,s
I361,1,3,22,0,1,s,2,0,20,3,6,0,0,3,16,0,0,0,1,4,4,s,1,1,0,0,6,0,15,s
1137,d,3,22,0,d,s,2,0,20,3,6,40,0,3,16,0,0,0,d,4,d,s,1,1,0,0,6,0,15,s
1136,1,3,22,0,d,s,d,0,20,3,6,0,0,3,d,d,0,0,1,4,4,s,1,1,0,d,6,0,15,s
I362,1,3,22,0,1,s,2,0,20,3,6,0,0,3,16,0,0,0,1,4,7,8,1,0,0,0,0,0,15,s
I363,1,3,22,0,1,s,2,0,20,3,6,0,0,3,16,0,0,23,1,4,7,8,1,0,0,31,0,0,15,s
1219,1,3,22,0,1,s,d,d,20,3,d,0,d,3,16,0,0,23,1,4,d,8,1,0,0,31,0,0,15,s
1218,1,3,22,0,1,s,2,0,20,3,d,0,d,3,16,0,d,23,1,4,7,8,1,0,0,31,0,d,15,s
1247,1,3,d,0,1,s,2,0,20,3,6,0,2,3,16,0,0,0,1,4,7,8,s,0,11,0,0,0,d,s
I365,1,3,22,0,1,s,2,0,0,3,6,0,0,3,16,6,13,0,1,4,0,8,1,0,0,0,0,0,0,s
I366,1,3,22,0,1,s,2,0,0,3,6,0,0,3,16,6,13,0,1,4,0,8,1,0,0,0,0,0,0,s
I367,1,3,22,0,1,s,2,0,24,3,6,0,0,3,16,6,13,0,1,4,0,8,1,0,0,0,0,0,4,s
I368,1,3,22,0,1,s,2,0,s,3,6,0,0,3,16,6,13,0,1,4,0,8,1,0,7,0,0,0,4,s
1651,1,3,22,0,1,s,d,0,s,3,6,0,0,3,16,d,d,0,1,4,d,8,1,0,7,0,0,0,d,s
1650,d,3,d,0,1,s,2,0,s,d,6,0,0,3,16,6,13,0,1,4,0,d,1,0,7,0,0,0,4,s
1524,1,3,22,d,1,s,2,0,24,3,6,0,2,3,16,6,13,16,1,d,0,8,d,0,0,23,0,d,4,s
1444,d,3,22,0,1,s,d,0,3,3,6,d,0,3,16,6,13,d,s,4,0,8,1,0,d,0,s,0,6,s
I373,1,3,22,0,1,s,2,0,0,3,6,0,0,3,16,6,13,0,1,4,0,8,1,9,0,28,0,0,0,s
I376,1,3,22,0,1,s,2,0,0,3,6,0,0,s,16,6,13,0,1,4,0,8,1,9,6,28,0,0,13,s
1085,1,3,22,0,1,s,2,0,d,3,6,0,0,s,16,6,13,0,1,d,0,8,1,9,6,28,d,0,13,s
1084,1,3,22,d,1,s,2,0,0,3,6,0,0,s,16,6,13,0,d,4,0,d,1,9,6,28,0,0,13,s
I377,1,3,22,0,1,s,2,0,0,3,6,0,0,3,16,6,13,0,1,4,0,8,1,9,0,28,0,0,0,s
1390,1,s,d,0,1,s,2,0,0,3,6,0,0,3,16,6,d,0,1,4,0,8,1,9,0,28,0,0,0,s
1076,1,3,22,0,1,s,2,1,0,3,6,0,2,3,16,6,s,14,1,4,0,8,1,9,0,28,0,5,0,s
I380,0,0,42,8,1,0,2,0,0,0,6,0,0,0,16,0,0,0,1,4,0,8,1,0,0,0,0,0,0,14
I381,0,0,42,8,1,0,2,0,0,0,6,0,0,0,16,0,0,0,1,4,4,8,1,0,0,1,0,0,0,14
I382,0,0,42,8,1,0,2,0,0,0,6,0,0,0,16,0,0,0,1,4,4,8,1,0,0,1,0,0,0,14
I383,0,0,42,8,1,0,2,0,0,0,6,0,0,0,16,0,0,0,1,4,4,8,1,0,0,1,0,0,0,14
I384,0,0,42,8,1,0,2,0,1,0,6,14,0,0,16,2,0,0,1,4,4,8,1,0,0,1,0,s,0,14
I385,0,0,42,8,1,0,2,1,1,0,6,14,0,0,16,2,0,0,1,4,4,8,1,0,0,1,0,s,0,14
1839,0,0,d,8,1,0,2,1,1,0,6,14,0,0,16,d,0,0,1,4,4,8,d,0,0,1,0,s,0,14
I387,0,0,42,8,1,0,2,1,1,0,6,14,0,0,16,2,0,0,1,4,4,8,1,0,0,1,0,s,0,14
1567,0,0,42,d,1,0,2,1,1,0,6,14,0,0,16,2,0,0,1,4,4,d,1,0,d,1,0,s,d,14
1566,0,0,42,8,1,0,d,1,1,0,d,14,0,0,16,2,d,0,1,4,4,8,1,0,0,d,d,s,d,d
I388,0,0,42,8,1,0,2,0,1,2,6,14,0,0,16,2,0,0,1,4,4,8,1,0,0,1,0,s,0,14
I389,0,0,42,8,1,0,2,0,1,2,6,14,9,0,16,2,0,0,1,4,4,8,1,s,0,1,0,s,0,14
1791,0,0,42,8,1,0,d,0,1,2,d,d,d,0,16,2,0,0,1,4,4,8,1,s,0,1,d,s,0,14
1790,0,0,42,8,1,0,2,0,1,2,6,14,d,s,d,2,0,0,1,4,4,d,1,s,0,1,0,s,0,14
I390,0,0,42,8,1,0,2,0,1,2,6,14,0,0,16,2,0,0,1,4,4,8,1,0,0,1,0,s,0,14
1699,0,d,42,8,1,0,d,d,1,d,6,14,0,0,16,2,0,0,1,4,4,d,1,0,d,1,0,s,d,14
1698,0,0,42,8,1,0,d,0,1,2,6,14,0,0,d,2,0,d,1,4,4,8,1,0,0,d,0,s,0,14
I395,1,0,42,8,1,0,2,0,0,0,6,0,0,0,16,3,6,22,1,4,4,8,s,0,0,1,11,0,0,14
I396,1,0,42,8,1,4,2,0,0,0,6,0,0,0,16,s,6,22,1,4,4,8,s,0,0,1,11,0,0,14
1593,1,0,42,8,1,d,2,0,d,d,6,0,0,0,16,s,6,22,1,4,4,8,s,0,0,1,d,0,0,14
1592,1,0,d,8,d,4,d,d,0,0,6,0,8,0,16,s,6,22,1,4,4,8,s,0,d,1,11,d,0,14
I397,1,0,42,8,1,0,2,0,0,0,6,0,0,0,16,3,6,22,1,4,4,8,s,0,0,1,11,0,0,14
1711,1,0,42,d,1,0,2,0,0,0,6,0,0,0,16,3,6,22,d,4,d,8,s,0,0,1,d,0,0,14
1710,1,0,d,8,1,0,2,0,d,3,6,d,0,0,16,3,6,d,1,4,d,8,s,0,0,1,11,0,0,14
I398,0,0,42,8,1,0,2,0,0,0,6,0,0,0,16,0,0,0,1,4,4,8,1,0,0,1,0,0,0,14
I399,0,0,42,8,1,s,2,0,0,0,6,0,0,0,16,0,0,0,1,4,4,8,1,0,0,1,10,0,0,14
I401,0,0,42,8,1,s,2,0,0,0,6,19,2,0,16,0,0,0,1,4,4,8,1,0,0,1,10,0,13,14
1933,0,0,42,8,1,s,d,d,0,0,6,d,2,0,d,2,0,0,1,d,4,d,1,0,0,1,10,0,13,d
1932,0,0,d,8,1,s,2,d,d,0,6,19,2,0,16,0,d,0,1,4,4,8,1,0,d,1,10,0,d,14
1880,0,0,42,8,1,s,2,d,0,d,6,0,0,d,d,0,0,0,1,4,s,8,1,0,d,d,10,0,0,14
I410,0,0,42,8,1,0,2,0,0,5,6,0,2,0,16,0,0,25,1,4,4,8,1,0,0,1,0,0,0,14
1828,0,3,42,8,1,0,2,0,0,5,6,0,2,0,16,d,0,25,1,4,4,8,1,0,d,1,0,0,0,14
1982,0,0,42,8,1,0,2,d,d,5,6,0,2,0,s,0,0,d,1,4,4,8,1,0,d,1,0,0,0,s
I413,0,0,42,8,1,0,2,0,0,0,6,s,0,0,16,0,0,0,1,4,4,8,1,0,0,1,0,0,0,14
I414,0,0,42,8,1,0,s,0,0,0,6,s,0,3,16,0,s,12,s,4,s,8,1,0,0,1,0,0,0,14
I415,1,0,42,8,1,0,s,0,0,0,6,s,0,3,16,0,s,12,s,4,s,8,1,0,0,1,0,0,0,14
I416,1,0,42,8,1,0,s,0,0,3,6,s,0,3,16,0,s,12,s,4,s,8,1,0,0,1,18,0,0,14
1331,1,d,42,8,1,0,s,0,d,3,6,s,0,3,d,0,s,12,s,4,s,8,1,0,7,1,18,0,0,14
I418,1,3,42,8,1,0,s,0,19,3,6,s,0,3,16,0,s,12,s,4,s,8,1,0,0,1,18,0,0,14
1415,1,3,42,8,d,0,s,0,19,3,6,s,0,3,16,0,s,12,s,4,s,8,1,0,0,1,18,0,d,d
1414,d,3,42,8,1,3,s,d,19,3,d,s,0,3,d,0,s,12,s,4,s,8,1,0,0,1,18,0,0,14
I419,1,0,42,s,1,0,s,3,0,3,6,s,0,3,16,0,s,12,s,4,s,8,1,0,0,1,0,0,10,14
I420,1,0,42,s,1,0,s,3,3,3,6,s,0,3,16,0,s,12,s,4,s,8,1,0,0,1,0,0,10,14
1291,1,3,42,s,1,3,s,3,3,3,d,s,0,3,16,0,s,12,s,4,s,8,1,0,0,1,16,0,10,14
1290,1,d,42,s,1,0,s,3,3,3,6,s,0,d,16,0,s,12,s,4,s,8,1,0,0,1,0,d,d,14
I421,1,0,42,s,1,0,s,3,0,3,6,s,0,3,16,0,s,12,s,4,s,8,1,0,0,1,0,0,10,14
1285,1,0,42,s,1,0,s,3,0,3,6,s,d,3,16,0,s,12,s,4,s,8,1,d,0,1,0,32,10,d
1284,1,0,42,s,1,d,s,d,0,3,6,s,0,3,16,0,s,12,s,d,s,8,1,10,12,1,0,0,10,14
I422,0,0,42,8,1,0,s,1,0,s,6,s,s,3,16,0,s,12,s,4,s,8,1,0,0,1,0,4,0,14
I423,0,0,42,8,1,0,s,1,0,s,6,s,s,3,16,0,s,12,s,4,s,8,1,0,0,1,0,4,0,14
I424,0,0,42,8,1,0,s,1,0,s,6,s,s,3,16,0,s,12,s,4,s,8,1,0,0,1,0,4,0,14
1451,0,0,42,8,1,0,s,1,0,s,d,s,s,3,16,0,s,12,s,4,s,8,d,0,0,1,0,4,0,14
1450,0,0,42,8,1,0,s,1,0,s,6,s,s,3,16,0,s,12,s,4,s,8,1,0,0,1,0,4,0,14
I425,0,0,42,8,1,0,s,1,0,s,s,s,s,3,16,0,s,12,s,4,s,8,1,0,0,1,0,4,14,14
1209,d,0,42,8,1,0,s,1,0,s,s,s,s,3,16,11,s,12,s,4,s,8,1,0,d,1,0,4,14,14
1208,d,0,42,8,1,0,s,1,0,s,s,s,s,3,16,d,s,12,s,d,s,8,1,d,0,d,d,4,14,14
1109,1,3,42,8,1,0,s,1,18,s,6,s,s,3,16,s,s,12,s,4,s,8,1,0,0,1,0,4,0,d
I429,0,0,42,8,1,0,2,0,0,0,6,s,0,0,16,0,0,0,1,4,4,s,1,0,13,s,0,41,0,14
I430,1,0,42,8,1,0,2,0,3,0,6,s,0,0,16,0,0,0,1,4,4,s,1,0,13,s,0,41,0,14
1690,1,3,d,8,1,0,2,1,3,0,d,s,0,5,16,0,0,0,1,4,4,s,d,d,13,s,0,s,0,d
1585,d,0,42,8,1,3,2,d,d,0,6,s,0,0,d,0,3,0,1,4,4,s,1,0,13,s,0,41,3,14
I437,0,0,42,8,1,0,2,0,0,0,6,s,0,0,16,0,0,33,1,4,4,s,1,0,13,s,0,41,0,14
I438,0,1,42,8,1,0,2,0,0,0,6,s,0,0,16,0,0,33,1,4,4,s,1,0,13,s,0,41,0,14
I439,0,1,42,8,1,0,2,0,0,0,6,s,s,3,16,0,0,33,1,4,4,s,s,0,13,s,0,41,0,14
1529,0,1,42,8,1,0,2,d,0,0,6,s,s,3,16,0,0,33,1,4,4,s,s,0,d,s,0,41,0,d
1528,0,1,42,d,1,0,2,0,0,3,6,s,s,3,16,0,0,33,1,4,4,s,s,0,13,s,0,41,0,14
I440,0,1,42,8,1,0,2,0,0,0,6,s,0,0,16,0,0,33,1,4,4,s,1,0,13,s,0,41,0,14
1603,0,1,42,8,1,0,d,0,0,3,6,s,0,0,16,0,4,33,1,d,d,s,1,0,13,s,0,41,0,14
1602,d,1,42,8,1,0,2,0,0,0,6,s,0,0,d,d,0,33,1,4,4,s,1,0,13,s,0,41,0,14
I441,0,1,42,8,1,0,2,0,0,0,6,s,0,0,16,7,0,33,1,4,4,s,1,0,13,s,0,41,13,14
1975,0,1,42,8,1,0,2,d,0,0,d,s,0,3,16,d,0,33,1,4,4,s,1,0,13,s,0,41,13,14
I443,0,1,42,8,1,0,2,0,0,0,6,s,0,3,16,7,s,33,1,4,4,s,1,0,13,s,3,41,13,14
1543,0,1,42,8,1,0,2,0,0,0,6,s,0,3,16,7,s,33,d,4,4,s,1,d,13,s,3,41,13,s
1542,0,1,42,8,1,0,d,0,0,0,6,s,d,d,16,7,s,33,1,4,4,s,1,14,13,s,3,d,13,14
I444,0,3,42,8,1,0,2,0,0,0,6,0,0,0,16,0,0,0,1,4,0,8,1,0,0,0,0,0,0,14
I445,0,3,42,8,1,3,2,0,0,0,6,0,0,0,16,0,0,0,1,4,s,8,1,0,0,0,0,0,0,14
I446,0,3,42,8,1,3,2,0,0,0,6,0,0,0,16,0,0,0,1,4,s,8,1,0,0,0,0,0,0,14
I447,0,3,42,8,1,3,2,0,0,0,6,0,0,0,s,0,0,14,1,4,s,8,1,0,0,0,0,0,0,14
I448,0,3,42,8,s,3,2,1,0,0,6,0,s,0,s,0,0,14,1,4,s,8,1,0,0,0,0,0,0,14
1480,0,3,42,8,s,3,2,1,0,s,s,d,s,0,s,0,0,14,1,4,s,8,s,0,0,0,0,d,0,14
1272,0,3,42,d,s,3,2,1,0,3,6,0,s,0,s,0,0,14,1,4,s,8,1,0,0,0,0,0,0,14
I453,0,3,42,8,1,3,2,0,0,0,6,0,2,0,s,0,0,14,1,4,s,8,1,0,0,14,6,0,13,14
1153,0,3,42,8,1,3,2,0,0,0,6,0,2,0,s,0,0,d,1,4,s,8,1,0,0,14,6,0,13,14
1152,0,3,42,8,1,d,2,0,0,0,6,0,2,0,s,0,0,14,1,4,s,8,1,d,6,14,6,0,13,14
I455,1,3,42,8,1,s,2,0,0,0,6,0,2,0,16,5,0,0,1,4,s,8,1,0,0,21,0,0,0,14
1906,d,3,42,8,1,s,2,0,0,0,6,0,d,0,16,5,0,0,1,4,s,8,1,0,12,21,0,0,0,14
1820,1,3,42,8,d,s,d,0,d,0,d,0,2,0,16,5,s,0,d,d,s,8,1,0,0,21,0,d,0,d
I461,0,3,42,8,1,3,2,0,0,0,6,0,0,0,16,0,0,0,1,4,s,8,1,0,0,0,0,0,13,14
I462,0,3,42,8,1,3,2,0,10,0,6,0,0,0,16,0,0,0,1,4,s,8,1,0,0,14,0,10,13,14
I463,0,3,42,8,1,3,2,1,10,0,6,0,0,0,16,0,41,0,1,4,s,8,1,0,0,14,11,10,13,s
1467,0,3,42,8,d,3,2,1,10,d,6,6,0,0,16,0,41,0,1,4,s,8,1,15,0,d,11,10,d,s
1565,0,3,42,8,1,3,2,1,d,0,6,0,0,d,d,0,41,0,1,4,s,8,1,0,d,14,11,10,13,s
I466,0,3,42,8,1,3,2,0,10,0,6,0,0,0,16,0,0,0,1,4,s,8,s,0,8,14,0,10,13,14
I467,0,3,42,8,1,3,2,1,10,0,6,0,0,0,16,0,0,0,1,4,s,8,s,0,8,14,0,10,13,14
1891,0,d,42,8,1,3,2,d,d,0,6,0,0,0,d,0,0,0,1,4,s,8,s,0,8,14,0,10,13,14
1890,0,3,d,d,d,3,2,1,d,0,6,0,0,0,16,d,d,0,1,4,s,8,s,0,8,14,d,d,13,14
1771,0,3,42,d,1,3,d,0,10,d,6,0,0,0,16,d,0,0,1,4,s,8,s,0,8,14,0,10,13,d
I469,0,3,42,8,1,3,2,0,0,0,6,0,0,0,16,0,0,0,1,4,s,8,1,0,s,0,0,0,13,14
I470,0,3,42,8,1,3,2,0,0,0,6,0,0,0,16,0,0,0,1,4,s,8,1,0,s,0,25,0,13,14
I471,0,3,42,8,1,3,2,0,0,0,6,0,0,s,16,0,0,0,1,4,s,8,1,0,s,0,25,0,13,14
1653,0,3,d,8,1,3,2,0,0,d,6,0,0,s,16,0,0,0,1,4,s,8,d,0,s,0,25,0,13,14
1652,0,3,42,8,1,3,2,0,0,0,6,0,0,s,16,0,0,0,1,4,s,d,1,0,s,0,25,0,13,d
1618,d,d,42,8,1,3,2,0,0,0,6,0,2,0,16,0,d,0,1,4,s,8,1,0,s,0,25,5,13,d
1914,0,3,42,8,1,d,2,0,0,0,6,0,2,0,16,0,0,0,1,d,s,8,d,d,s,0,0,0,13,14
I476,0,3,42,8,1,0,2,0,0,0,6,0,0,0,16,0,0,0,1,4,0,8,1,0,0,0,s,0,0,14
I477,0,3,42,8,1,3,2,0,0,0,6,0,0,0,16,0,0,0,1,4,0,8,1,0,0,0,s,0,0,14
I478,0,3,42,8,1,3,2,0,0,0,6,0,0,0,16,0,0,0,1,4,0,8,1,0,0,0,s,0,0,14
I479,0,3,42,8,1,3,2,0,0,0,6,0,0,0,16,0,0,0,1,4,0,8,1,5,0,0,s,0,0,14
1503,d,3,42,8,1,3,d,0,0,0,6,0,0,0,16,0,0,0,d,4,0,8,1,d,0,0,s,6,0,d
1608,0,3,42,8,1,3,2,d,15,0,d,0,d,0,d,0,0,0,1,4,0,8,1,5,0,0,s,0,13,14
I482,s,3,42,8,1,3,2,0,0,0,6,0,0,0,16,0,0,0,1,4,0,8,1,0,0,0,s,0,0,14
I483,s,3,42,8,1,3,2,4,0,0,6,0,0,0,16,0,37,0,1,4,0,8,1,5,0,0,s,0,0,14
1825,s,3,42,8,1,3,2,4,0,0,6,0,0,d,d,0,37,0,1,4,0,8,1,5,0,0,s,0,0,14
1824,s,d,42,8,1,3,2,4,0,0,6,0,0,0,16,d,d,0,1,d,0,8,1,5,d,0,s,0,0,14
I484,s,3,42,8,1,3,2,1,0,0,6,0,0,0,16,0,0,0,1,4,0,8,1,5,0,0,s,0,0,14
1705,s,3,42,d,1,3,2,d,d,0,6,0,0,d,16,5,0,d,1,4,0,8,1,5,d,d,s,0,0,14
1704,s,3,42,8,1,3,d,d,0,0,6,0,0,0,16,0,0,0,1,4,0,8,1,5,0,25,s,0,d,14
I485,0,3,42,8,1,3,2,0,0,3,6,0,0,0,16,0,0,0,1,4,0,8,1,0,0,0,s,0,13,14
I486,0,3,42,8,1,3,2,0,6,3,6,0,2,0,16,0,0,0,1,4,0,8,1,0,0,0,s,0,13,14
I487,0,3,42,8,1,3,2,0,6,3,6,0,2,0,16,0,s,5,1,4,0,8,1,0,12,0,s,0,13,14
1809,0,d,42,8,d,3,2,0,6,3,d,0,2,0,16,0,s,5,1,4,0,8,1,0,d,0,s,d,13,14
1808,d,3,42,8,1,3,2,d,6,3,d,0,2,d,16,0,s,5,1,4,0,8,1,0,12,0,s,0,13,14
1708,0,3,42,8,1,3,d,0,6,3,6,0,d,0,16,0,0,0,1,4,0,8,1,d,s,0,s,0,13,d
I489,0,3,42,8,1,3,2,0,0,3,6,0,0,0,16,0,0,0,1,4,0,8,1,0,0,0,s,0,13,14
1751,0,3,42,8,1,3,2,d,0,3,6,0,0,0,16,11,0,0,1,4,0,8,1,12,0,0,s,0,13,14
I491,1,3,42,8,1,3,2,0,0,3,6,0,0,0,16,0,0,0,1,4,0,8,1,8,0,0,s,0,13,14
1969,1,3,42,8,1,3,2,0,0,3,6,d,0,0,16,0,0,d,1,4,0,8,1,8,0,0,s,0,13,14
1968,1,3,42,d,1,3,2,0,0,d,6,0,0,0,d,0,0,0,1,4,0,8,1,d,0,0,s,0,13,d
I492,0,3,42,8,1,0,2,0,0,0,6,0,0,0,16,11,0,0,1,4,1,8,1,0,0,0,s,0,0,14
I493,0,3,42,8,1,3,2,0,0,0,6,0,0,0,16,11,0,0,1,4,1,8,1,0,0,0,s,0,0,14
I494,0,3,42,8,1,s,2,0,0,0,6,0,0,0,16,11,0,0,1,4,1,8,1,0,0,0,s,0,0,14
1865,d,3,d,8,1,s,2,0,0,0,d,0,0,0,16,11,0,0,1,d,1,8,1,0,0,0,s,0,d,d
1958,0,3,42,8,1,s,2,0,10,0,6,40,0,0,16,11,0,0,1,4,1,8,s,0,0,0,s,0,0,14
I497,0,3,42,8,1,3,2,0,s,0,6,0,0,0,16,11,0,0,1,4,1,8,1,0,0,0,s,0,0,14
1610,d,3,42,d,d,3,2,0,s,0,6,0,0,3,16,11,d,d,1,4,1,8,1,0,0,0,s,d,0,14
I499,0,3,42,8,1,3,2,0,s,0,6,22,0,0,16,11,0,0,1,4,1,8,1,0,0,0,s,0,17,14
1479,0,3,42,8,1,d,2,0,s,0,d,22,d,0,16,d,0,0,1,4,d,8,1,0,0,0,s,0,d,14
1478,0,3,42,d,1,3,2,0,s,d,6,22,0,0,16,11,0,0,d,4,d,8,d,0,0,0,s,0,17,14
I502,0,3,42,8,1,3,2,s,0,0,6,0,0,0,16,11,0,3,1,4,1,8,1,0,0,2,s,0,0,s
2041,0,d,d,8,1,3,2,s,0,0,d,0,0,0,16,d,0,3,1,4,1,8,1,0,0,2,s,0,0,s
2040,0,d,42,d,1,3,2,s,0,d,6,0,0,0,16,11,0,3,1,4,1,d,1,0,d,2,s,0,0,s
I507,0,0,0,0,3,0,2,0,0,0,0,0,0,0,0,0,17,0,0,0,0,0,1,0,0,0,0,s,0,14
I508,0,0,0,0,s,3,2,0,22,0,10,0,0,0,0,0,17,0,0,0,0,0,1,0,8,0,0,s,0,14
I509,0,0,6,0,s,3,2,0,22,0,10,0,0,0,0,0,17,0,4,0,0,0,1,0,8,0,0,s,13,14
I510,0,0,6,0,s,3,2,1,22,3,10,0,0,0,0,s,17,0,4,0,0,0,1,0,8,0,0,s,13,14
I511,0,3,6,0,s,3,2,1,22,3,10,25,0,0,0,s,17,0,4,0,0,0,1,0,8,0,0,s,13,14
I512,0,3,6,0,s,3,2,1,22,3,10,25,0,0,0,s,17,0,4,0,0,0,1,0,8,0,0,s,13,14
I513,0,3,6,0,s,3,2,1,22,3,10,25,5,0,0,s,17,0,4,0,0,0,1,0,8,0,0,s,13,14
I514,0,3,6,0,s,3,2,1,22,3,10,25,5,0,0,s,17,0,4,0,0,0,1,0,8,0,0,s,13,14
I515,0,3,6,0,s,3,2,1,22,3,10,25,5,0,0,s,17,15,4,0,0,0,1,29,8,0,0,s,13,14
1067,0,3,6,0,s,d,2,1,22,3,10,25,5,4,0,s,s,15,d,0,0,0,1,29,8,0,0,s,13,14
1066,0,3,6,0,s,3,2,d,22,3,10,d,5,5,d,s,17,d,4,0,0,d,1,29,8,0,0,s,13,14
1064,d,3,d,d,s,3,2,1,22,3,10,25,5,0,0,s,17,0,4,0,2,1,1,0,8,0,0,s,d,14
1091,0,d,6,0,s,3,2,1,22,3,d,25,5,s,10,s,17,0,4,3,0,0,1,d,8,s,0,s,13,14
I520,0,3,6,15,s,3,2,1,22,3,10,25,0,0,0,s,17,0,4,0,s,0,1,15,8,0,0,s,13,14
I521,0,3,6,15,s,3,2,1,22,3,10,25,0,3,0,s,17,0,4,0,s,0,1,15,8,0,0,s,13,14
1322,0,3,6,15,s,3,2,1,22,3,10,25,0,3,0,s,17,0,4,0,s,0,d,d,8,13,10,s,13,14
I523,0,3,6,15,s,3,2,1,22,3,10,25,0,3,0,s,17,0,4,0,s,0,1,15,8,0,0,s,13,14
1257,0,3,6,15,s,3,s,1,22,3,10,25,0,3,s,s,d,0,4,0,s,0,1,d,8,0,0,s,13,14
1256,0,3,6,15,s,3,d,1,22,3,10,d,0,3,d,s,17,0,4,0,s,5,1,15,8,0,0,s,13,14
I524,0,3,6,15,s,3,2,1,22,3,10,25,0,0,0,s,17,0,4,4,s,0,1,15,8,0,0,s,13,14
I525,0,3,6,15,s,3,2,1,22,3,10,25,s,0,0,s,17,0,4,4,s,0,1,15,8,0,0,s,13,14
1355,0,3,d,15,s,3,d,1,22,d,10,s,s,d,0,s,17,0,d,4,s,0,d,d,8,0,d,s,13,14
1354,0,3,6,d,s,3,2,1,22,3,10,25,s,0,0,s,17,0,4,4,s,0,d,15,8,0,d,s,13,d
1586,s,3,6,d,s,3,2,1,22,3,10,25,2,0,0,s,17,d,4,d,s,0,1,15,8,d,0,s,13,d
I527,0,3,6,0,s,3,2,1,22,3,10,25,0,0,0,s,17,0,4,0,0,0,1,0,8,0,0,s,13,14
I528,0,3,6,0,s,3,2,1,22,3,10,25,0,0,0,s,17,0,4,0,0,0,1,0,8,0,0,s,13,s
1381,0,3,6,0,s,3,2,1,d,3,10,25,2,0,0,s,17,d,4,0,d,0,1,0,s,0,s,s,d,s
I532,0,3,6,0,s,3,2,1,22,3,10,25,0,0,0,s,17,0,4,0,0,0,1,0,8,0,0,s,13,s
1388,0,3,d,30,s,3,2,1,d,3,10,s,2,0,d,s,17,0,4,d,d,0,1,0,8,d,0,s,13,s
I534,0,3,6,0,s,3,2,1,22,3,10,25,0,0,0,s,17,2,4,0,4,0,1,0,8,0,0,s,13,s
1393,d,3,6,0,s,3,d,d,22,d,10,25,d,0,d,s,17,2,4,d,4,0,1,0,d,0,0,s,d,s
1392,0,3,6,0,s,3,2,1,22,3,d,25,0,0,0,s,17,2,4,0,4,0,1,0,d,0,0,s,13,s
I539,0,3,6,0,s,3,2,1,22,3,10,25,0,0,0,s,17,11,4,0,0,0,1,0,8,0,0,s,13,14
1155,0,3,6,d,s,3,2,1,d,3,10,25,s,3,0,s,s,s,4,0,7,0,1,0,8,d,0,s,13,14
I541,0,3,6,0,s,3,2,1,22,3,10,25,0,0,0,s,17,11,4,0,0,0,1,0,8,0,0,s,13,14
1175,0,3,6,0,s,3,2,d,22,3,10,d,5,0,0,s,17,11,4,0,0,0,1,0,8,0,0,s,d,14
1174,0,3,6,0,s,3,2,d,d,3,10,25,0,0,0,s,17,11,4,d,0,0,1,2,8,d,0,s,13,14
I542,1,0,6,0,s,3,2,1,22,3,10,0,0,0,0,s,17,0,4,0,s,0,1,0,8,0,0,s,13,14
I543,1,0,6,0,s,3,2,1,22,3,10,0,0,0,0,s,17,0,4,0,s,0,1,0,8,0,0,s,13,14
I544,1,0,6,5,s,3,2,1,22,3,10,0,0,0,13,s,17,0,4,0,s,0,1,0,8,0,0,s,13,14
1182,1,d,6,5,s,3,2,1,22,3,10,0,0,0,13,s,17,0,4,s,s,0,1,0,8,0,d,s,13,14
I548,1,0,6,5,s,3,2,1,22,3,10,0,0,0,13,s,17,0,4,4,s,0,1,0,8,0,0,s,13,14
2046,1,0,6,5,s,3,2,1,d,d,10,0,3,0,13,s,17,0,4,d,s,0,1,0,8,0,0,s,13,14
I551,1,0,6,5,s,3,2,1,22,3,10,0,0,0,13,s,17,0,4,4,s,0,1,0,8,1,0,s,13,14
1127,1,0,6,5,s,3,2,1,22,3,10,d,0,0,13,s,17,0,4,d,s,0,1,d,8,1,25,s,13,14
1126,1,d,6,5,s,3,2,d,22,d,10,0,0,0,13,s,17,0,4,4,s,0,1,d,8,d,0,s,13,d
I552,1,0,6,0,s,3,2,s,22,3,10,0,0,0,s,s,17,0,4,0,s,0,1,15,8,0,0,s,13,14
1202,d,0,6,0,s,3,2,s,22,3,10,12,0,0,s,s,17,0,s,2,s,19,1,15,8,0,3,s,13,14
I556,1,0,6,0,s,3,2,s,22,3,10,0,0,0,s,s,17,0,4,0,s,0,1,15,8,0,0,s,13,14
I557,1,0,6,6,s,3,2,s,22,3,10,0,s,0,s,s,17,0,4,0,s,0,1,15,8,0,0,s,13,14
1267,1,0,6,6,s,3,2,s,22,3,10,0,s,0,s,s,17,0,4,d,s,0,1,15,8,0,0,s,d,14
1266,1,0,6,6,s,3,2,s,22,3,10,0,s,0,s,s,17,d,d,0,s,0,1,15,d,0,0,s,13,14
2038,1,0,6,31,s,d,d,s,22,3,10,0,0,0,s,s,d,0,4,0,s,0,1,15,8,1,0,s,13,d
I561,1,0,6,0,s,3,2,1,22,3,10,0,0,0,0,s,17,0,4,0,s,0,1,0,8,0,0,s,13,14
I562,1,0,6,0,s,3,2,1,22,3,10,0,0,0,0,s,17,0,4,0,s,8,1,0,8,0,0,s,13,14
I564,1,0,6,16,s,3,2,1,22,3,10,0,0,0,s,s,17,0,4,0,s,8,1,0,8,0,0,s,13,14
1195,1,0,6,16,s,3,2,1,22,3,10,0,0,0,s,s,17,0,4,1,s,d,1,0,8,0,d,s,13,14
1194,1,d,6,16,s,3,2,s,22,3,10,0,0,0,s,s,17,0,4,0,s,8,1,0,8,0,d,s,13,14
I566,1,0,6,0,s,3,2,1,22,3,10,0,0,0,0,s,17,0,4,0,s,8,1,0,8,0,0,s,13,14
1400,d,0,6,0,s,3,s,1,22,3,10,0,d,d,d,s,17,0,4,s,s,8,1,0,8,23,0,s,13,14
I568,1,0,6,0,s,3,2,1,22,3,10,0,0,0,0,s,17,0,4,0,s,8,1,0,8,0,0,s,13,14
1517,1,0,6,0,s,3,d,1,22,3,10,0,0,0,d,s,17,d,4,0,s,8,d,0,8,0,4,s,d,14
1516,1,d,6,0,s,3,2,1,22,3,10,d,0,d,0,s,17,d,4,0,s,8,1,0,8,0,0,s,d,14
I569,1,s,6,0,s,3,2,1,22,3,10,0,2,0,0,s,17,0,4,0,s,0,1,0,8,21,0,s,13,14
1353,1,s,6,0,s,d,2,1,22,3,10,34,d,0,0,s,17,40,d,0,s,0,d,15,8,21,0,s,d,14
1196,1,s,6,15,s,3,2,1,22,3,10,0,2,d,0,s,17,0,4,0,s,0,1,0,d,21,0,s,13,14
I576,0,0,6,0,s,3,2,0,22,0,10,0,0,0,0,0,17,0,4,0,0,0,1,0,8,0,0,s,13,14
I577,0,0,6,0,s,3,2,0,22,0,10,0,0,0,22,0,17,0,4,0,0,0,1,0,8,0,3,s,13,14
I578,0,0,6,0,s,3,2,0,22,0,10,0,0,0,22,0,17,0,4,0,0,0,1,0,8,0,s,s,13,14
I579,0,0,6,0,s,3,2,0,22,0,10,0,0,5,22,0,17,0,4,0,0,0,1,0,8,0,s,s,13,14
I580,0,0,6,0,s,3,2,0,22,0,10,0,0,5,22,0,17,0,4,0,0,0,1,0,8,0,s,s,13,14
I581,0,0,6,0,s,3,2,1,22,0,10,0,0,5,22,0,17,0,4,0,0,3,1,0,8,0,s,s,13,14
1835,0,0,6,0,s,3,2,1,22,0,10,0,d,5,22,0,17,0,4,0,0,3,1,0,8,0,s,s,13,14
1834,0,d,6,0,s,3,2,1,22,0,d,0,0,5,22,0,17,d,4,0,0,3,d,0,8,0,s,s,13,14
1671,0,0,6,0,s,3,2,0,22,d,10,0,0,5,22,s,17,6,4,0,4,0,1,0,8,d,s,s,13,14
I583,0,0,6,12,s,3,2,0,22,0,10,0,0,5,22,0,17,0,4,0,0,0,1,0,8,0,s,s,13,14
1948,1,0,6,12,s,d,2,0,22,d,10,d,0,5,22,0,d,0,4,0,3,0,1,d,8,2,s,s,13,14
1749,d,0,d,12,s,3,2,0,22,3,10,0,d,5,d,0,17,d,4,0,0,d,1,0,d,d,s,s,13,14
I586,0,0,6,0,s,3,2,0,22,0,10,0,0,0,22,0,17,0,4,0,0,0,1,0,8,3,s,s,13,14
I587,0,0,6,0,s,3,s,0,22,0,10,0,0,0,22,0,17,0,4,0,0,0,1,28,8,3,s,s,13,14
I588,0,s,6,0,s,3,s,s,22,0,10,0,0,0,22,0,17,0,4,0,0,0,1,28,8,3,s,s,13,14
1269,d,s,d,0,s,3,s,s,22,0,s,0,0,0,22,14,17,0,4,0,d,d,1,28,8,3,s,s,13,14
1268,0,s,6,s,s,3,s,s,22,0,10,d,0,0,d,0,17,0,4,d,0,6,1,d,8,3,s,s,d,14
1176,1,d,6,d,s,3,s,0,d,0,10,0,0,0,22,d,d,0,4,0,d,0,1,28,8,3,s,s,13,d
1910,0,3,6,3,s,3,2,0,22,9,10,s,2,0,22,d,17,33,d,d,0,0,1,d,8,3,s,s,13,14
I593,0,0,6,12,s,3,2,0,22,0,10,0,0,0,22,0,17,0,4,0,0,0,1,0,8,0,s,s,13,14
1216,d,3,6,12,s,d,2,d,22,d,10,0,0,3,22,11,17,s,d,4,1,0,1,d,8,0,s,s,13,d
I603,0,0,6,12,s,3,2,0,22,0,10,0,0,0,22,0,17,0,4,0,0,0,1,32,8,0,s,s,13,14
I604,0,0,6,12,s,3,2,0,22,0,10,0,0,0,22,0,17,0,4,4,0,0,1,32,8,0,s,s,13,14
I605,0,0,6,12,s,3,2,0,22,0,10,0,0,0,22,0,17,0,4,4,0,0,1,32,8,0,s,s,13,14
1419,0,0,6,12,s,3,d,0,22,0,10,d,0,4,22,0,17,0,4,4,0,0,1,32,8,0,s,s,13,14
1418,0,0,6,s,s,3,d,0,22,d,10,0,0,0,d,0,d,0,4,4,0,0,1,32,8,0,s,s,d,14
1087,0,0,6,12,s,3,2,0,d,d,s,0,0,d,22,14,d,0,4,4,0,0,1,32,8,0,s,s,13,14
I607,0,0,6,12,s,3,2,0,22,0,10,0,0,0,22,0,17,0,4,0,0,0,1,32,8,0,s,s,13,14
1206,0,0,6,12,s,3,2,0,d,d,10,0,0,0,d,d,17,33,4,d,0,0,1,32,8,0,s,s,s,14
1178,d,3,d,12,s,3,2,0,22,d,d,0,6,0,22,0,17,0,4,0,d,19,1,32,8,0,s,s,13,14
I610,0,0,6,0,s,3,2,0,22,0,10,0,0,3,0,0,17,0,4,0,0,4,1,0,8,0,0,s,13,s
I611,1,0,6,0,s,3,2,0,22,0,10,0,0,3,0,0,17,s,4,0,0,4,1,0,8,3,0,s,13,s
I612,1,s,6,0,s,3,2,0,22,0,10,0,0,3,0,0,17,s,4,0,0,4,1,0,8,3,0,s,13,s
1643,1,s,6,0,s,3,s,0,22,0,10,0,0,3,0,0,17,s,4,2,0,4,1,0,8,3,0,s,13,s
I616,1,s,6,0,s,3,2,0,s,0,10,0,0,3,0,6,17,s,4,0,0,4,1,0,s,3,0,s,13,s
I617,1,s,6,0,s,3,2,0,s,0,10,20,0,3,0,6,17,s,4,0,0,4,1,0,s,3,0,s,13,s
1453,1,s,6,0,s,3,2,0,s,0,10,20,0,3,0,6,17,s,4,0,0,d,1,0,s,3,d,s,13,s
1452,1,s,6,0,s,3,2,d,s,0,d,20,0,3,0,d,d,s,4,0,0,4,1,0,s,3,0,s,d,s
1532,1,s,6,0,s,3,2,0,s,d,10,d,2,3,0,6,17,s,4,0,1,4,1,0,s,3,d,s,13,s
I619,1,0,6,16,s,3,2,0,22,0,10,0,0,3,0,0,17,s,4,0,0,4,1,0,8,3,0,s,13,s
I622,s,0,6,16,s,3,2,0,22,0,10,0,0,3,8,0,17,s,4,0,0,4,s,0,8,3,0,s,13,s
1201,s,0,6,16,s,3,2,0,22,0,10,0,0,3,8,0,17,s,4,d,0,d,s,0,8,d,0,s,13,s
1200,s,0,6,d,s,3,d,0,d,0,10,0,0,3,8,0,17,s,4,0,d,4,s,0,8,d,0,s,13,s
I623,1,0,6,16,s,3,2,0,22,0,10,0,0,3,0,0,17,s,4,0,0,4,1,0,8,3,0,s,13,s
I624,1,0,6,16,s,s,2,0,22,0,10,0,0,3,0,0,17,s,4,0,0,4,1,0,8,3,0,s,13,s
1325,d,0,6,16,s,s,2,0,d,0,10,0,s,3,0,0,17,s,4,0,s,d,1,d,8,3,0,s,13,s
1324,1,0,d,16,s,s,2,0,22,0,10,0,0,3,0,d,17,s,4,0,0,s,1,13,d,3,0,s,d,s
1398,1,0,6,16,s,3,2,0,22,0,10,0,0,3,0,5,17,s,4,0,0,4,1,0,8,3,1,s,13,s
I626,0,0,6,0,s,3,2,3,22,0,10,0,0,3,0,0,17,0,4,0,s,4,1,0,8,0,0,s,13,s
I627,0,3,6,0,s,3,2,3,22,0,10,0,0,3,0,0,17,0,4,0,s,4,1,0,8,0,0,s,13,s
1184,0,3,6,d,s,3,s,3,22,0,10,0,0,3,34,s,17,0,4,0,s,4,1,0,8,0,0,s,13,s
I631,0,3,6,0,s,3,2,3,22,0,10,0,0,3,0,0,17,0,4,0,s,4,1,5,8,0,0,s,13,s
1384,1,3,6,0,s,3,2,3,22,d,10,0,0,3,0,8,17,12,4,0,s,4,1,5,8,d,0,s,13,s
1413,0,3,6,0,s,3,2,3,22,0,10,0,0,3,0,0,17,0,4,d,s,4,1,5,8,0,0,s,13,s
I634,0,0,6,0,s,3,2,3,22,0,10,41,0,3,0,0,17,0,4,0,s,4,1,0,8,0,0,s,13,s
I635,0,0,6,0,s,3,2,3,22,0,10,41,2,3,0,0,17,0,4,0,s,4,1,0,8,1,10,s,13,s
1335,d,0,6,d,s,3,2,d,22,0,10,41,2,3,0,0,17,0,4,0,s,d,d,0,8,1,10,s,13,s
I637,0,0,6,0,s,3,2,3,22,0,10,41,2,3,0,0,17,0,4,0,s,4,1,0,8,1,10,s,s,s
1485,0,3,6,0,s,3,2,3,22,0,10,d,2,3,0,0,17,11,4,0,s,4,1,0,8,1,10,s,s,s
1484,0,d,6,0,s,3,2,3,d,0,10,41,2,3,0,0,17,0,4,0,s,4,d,0,8,1,10,s,s,s
I640,0,0,6,2,s,3,2,3,s,0,10,41,0,3,0,0,17,31,4,0,s,4,1,0,8,31,0,s,13,s
1351,d,0,6,2,s,3,2,3,s,0,10,41,0,3,0,0,17,d,4,0,s,4,d,0,8,31,0,s,13,s
1350,0,0,6,2,s,d,d,3,s,0,10,d,d,d,d,0,17,31,4,d,s,4,1,0,8,31,3,s,13,s
I641,0,0,0,0,s,3,2,3,22,0,10,0,0,0,0,0,17,0,0,0,0,0,s,0,8,0,0,s,0,14
I642,0,0,0,0,s,3,2,3,22,0,10,2,0,0,0,3,s,0,0,0,0,0,s,0,8,0,0,s,0,14
I643,0,0,0,0,s,3,2,3,22,0,10,2,0,0,5,3,s,0,0,0,0,0,s,0,8,0,0,s,0,14
I644,0,0,0,0,s,3,2,3,22,0,10,2,0,0,5,3,s,0,0,0,0,0,s,0,8,0,4,s,0,14
I645,0,0,0,0,s,3,2,3,22,0,10,2,0,0,5,3,s,0,0,0,4,0,s,0,8,0,4,s,0,14
I646,0,0,0,0,s,3,2,3,22,0,10,2,0,0,5,3,s,0,0,0,4,0,s,0,8,0,4,s,7,14
I647,0,0,41,0,s,3,2,3,22,0,10,2,0,0,5,3,s,0,0,0,4,0,s,0,8,0,4,s,7,14
1883,0,0,41,0,s,3,2,3,22,0,10,2,d,0,5,3,s,0,0,0,4,0,s,0,d,0,4,s,7,14
1882,d,3,41,0,s,3,2,3,22,0,10,2,0,0,5,3,s,0,0,d,4,2,s,0,8,0,4,s,7,14
1861,1,3,0,1,s,d,d,d,22,0,d,2,0,d,d,3,s,0,1,d,d,0,s,7,8,0,4,s,d,d
I651,0,0,1,0,s,3,2,3,22,0,10,2,10,0,5,s,s,0,s,0,4,0,s,0,8,22,4,s,0,14
1559,0,0,1,5,s,3,2,3,22,0,10,2,10,d,5,s,s,0,s,0,4,d,s,d,8,22,4,s,0,d
1558,0,3,1,0,s,3,2,3,s,0,10,2,d,0,5,s,s,0,s,0,4,0,s,d,8,22,4,s,0,14
I652,0,3,0,0,s,3,2,3,22,0,10,2,0,0,5,3,s,0,0,0,0,0,s,0,8,14,4,s,0,14
I653,0,3,0,0,s,3,2,3,22,0,10,2,0,0,5,3,s,s,1,0,1,0,s,0,8,14,4,s,0,14
I654,0,3,0,0,s,3,2,3,22,0,10,2,0,0,5,3,s,s,1,0,1,0,s,0,8,14,4,s,0,14
1289,0,3,0,0,s,d,2,3,22,3,10,2,0,0,5,3,s,s,1,d,1,0,s,d,8,14,4,s,0,14
1288,0,d,0,d,s,3,2,3,22,0,10,2,0,0,5,3,s,s,1,d,1,0,s,0,8,d,4,s,0,d
1518,0,3,0,7,s,3,2,3,22,3,10,2,0,5,5,3,s,s,1,0,1,0,s,0,8,14,4,s,0,14
I656,0,3,0,0,s,3,2,3,22,0,10,2,0,0,5,3,s,1,0,0,0,0,s,0,8,14,4,s,0,14
I657,1,3,0,0,s,3,2,3,22,0,10,2,0,0,5,3,s,1,0,0,0,0,s,31,8,14,4,s,0,14
1637,1,3,0,0,s,3,2,3,22,0,10,d,0,0,5,3,s,1,0,0,0,d,s,31,8,14,4,s,0,14
1636,1,3,0,0,s,3,d,3,22,0,10,2,0,0,d,d,s,1,0,0,0,0,s,31,8,14,4,s,0,14
1701,0,d,0,0,s,d,2,3,22,0,10,2,0,d,5,3,s,1,1,0,0,0,s,0,8,14,4,s,0,14
I659,1,0,0,0,s,3,2,3,22,0,10,2,0,0,5,3,s,0,0,0,0,0,s,0,8,0,0,s,0,14
I660,1,0,0,0,s,3,2,3,22,0,10,2,0,0,5,3,s,0,0,0,0,0,s,0,8,0,0,s,0,14
1229,1,d,0,0,s,3,2,3,22,s,10,d,0,s,5,3,s,0,0,0,d,0,s,0,8,d,s,s,13,14
1403,1,0,d,8,s,3,d,3,22,0,10,d,2,3,d,d,s,22,s,0,0,15,s,d,8,21,0,s,0,14
I668,1,0,0,0,s,3,2,3,22,0,10,s,0,0,5,3,s,5,0,0,0,0,s,0,8,0,0,s,0,14
I669,1,0,0,0,s,3,2,3,22,0,10,s,0,0,5,3,s,5,0,0,0,0,s,1,8,0,0,s,0,14
1561,1,0,0,d,s,3,d,3,d,0,10,s,0,0,5,3,s,5,d,0,0,0,s,1,8,0,0,s,d,14
1560,d,3,0,0,s,3,2,3,22,0,10,s,0,0,d,3,s,5,0,0,0,0,s,1,8,d,0,s,0,14
1620,1,0,0,0,s,3,2,3,22,0,10,s,d,0,5,3,s,5,0,d,0,0,s,0,8,0,0,s,0,14
I674,1,0,0,0,s,3,2,3,22,0,10,2,0,0,0,3,s,0,0,0,0,0,s,0,8,0,0,s,0,14
I675,1,0,0,0,s,3,2,3,22,0,10,2,0,0,0,3,s,0,0,0,0,0,s,0,8,0,0,s,13,14
I676,1,0,0,s,s,3,2,3,22,0,10,2,0,0,0,3,s,0,0,0,0,0,s,0,8,0,0,s,13,14
I678,1,0,6,s,s,3,2,3,22,0,10,2,0,0,0,3,s,0,0,0,4,0,s,0,8,0,0,s,13,14
1541,1,0,d,s,s,3,2,3,22,0,10,2,0,0,0,3,s,0,0,0,4,0,s,0,8,0,0,s,13,14
1540,1,3,6,s,s,d,2,3,22,0,d,2,0,d,0,3,s,0,0,0,4,s,s,d,d,0,0,s,13,14
I680,1,0,0,s,s,3,2,3,22,0,10,2,0,0,0,3,s,3,0,0,0,0,s,0,8,0,0,s,13,14
1297,1,d,0,s,s,3,2,3,d,0,10,d,d,0,0,d,s,3,0,d,0,s,s,d,8,0,d,s,d,14
1135,1,0,0,s,s,3,2,d,22,d,d,2,0,0,0,3,s,3,0,0,d,0,s,s,8,0,0,s,13,14
I683,1,0,0,0,s,3,2,3,22,0,10,2,0,0,0,3,s,0,0,0,0,0,s,0,8,0,0,s,13,14
I684,1,0,0,0,s,3,2,3,22,0,10,2,0,0,0,3,s,0,0,0,0,0,s,5,8,0,0,s,13,14
1854,1,d,0,0,s,3,s,s,22,0,10,2,d,0,0,3,s,d,s,d,d,0,s,5,8,d,0,s,13,14
1795,1,0,0,0,s,3,2,3,22,0,10,2,0,d,d,3,s,0,0,0,4,0,s,5,8,0,0,s,13,14
I687,1,3,0,0,s,3,2,3,22,0,10,2,2,0,0,3,s,0,0,4,0,20,s,0,8,0,0,s,13,14
I688,1,3,0,0,s,3,2,3,22,0,10,2,2,0,0,3,s,0,0,4,0,20,s,0,8,0,0,s,13,14
1531,1,3,0,0,s,3,2,3,d,0,10,2,2,0,0,3,s,0,0,4,0,d,s,1,d,0,0,s,13,d
1530,1,3,0,0,s,3,2,3,22,0,10,2,d,3,0,3,s,0,0,4,d,20,s,0,8,0,0,s,13,14
1527,1,d,0,0,s,3,d,3,d,0,10,2,2,0,14,3,s,0,d,4,0,20,s,0,8,0,d,s,13,14
I690,1,0,0,0,s,3,2,3,22,0,10,2,0,0,0,3,s,0,0,0,0,0,s,0,8,0,0,s,0,14
I691,1,0,0,0,s,3,2,3,22,0,10,2,0,0,0,3,s,0,0,2,0,0,s,0,8,0,0,s,0,14
1189,d,d,19,0,s,3,2,3,d,0,d,2,d,3,0,3,s,0,d,d,0,0,s,7,8,d,0,s,13,14
1462,1,0,30,s,s,3,d,3,22,0,10,2,2,0,1,d,s,0,1,s,0,1,s,0,8,0,24,s,0,s
I698,1,0,0,0,s,3,2,3,22,0,10,2,0,0,4,s,s,0,0,0,7,0,s,0,8,0,0,s,13,14
I699,1,0,0,0,s,3,2,3,22,0,10,2,0,0,4,s,s,0,0,0,7,0,s,0,8,0,0,s,13,14
1356,1,0,0,0,s,3,d,3,22,0,10,2,0,0,4,s,s,0,0,0,7,0,s,0,8,0,0,s,13,14
1275,1,0,s,0,s,3,2,3,22,d,10,2,0,d,4,s,s,0,0,0,7,0,s,0,8,0,3,s,13,14
1270,1,0,0,0,s,3,2,d,d,3,10,2,0,3,4,s,s,0,0,0,7,0,s,0,8,d,10,s,13,d
I705,1,0,0,11,s,3,2,3,22,0,10,0,0,0,0,0,17,12,0,0,0,0,s,0,8,0,0,s,0,14
I706,1,0,0,11,s,3,2,3,22,0,10,0,0,0,0,0,17,12,0,0,0,0,s,0,8,22,0,s,0,14
I707,1,0,0,11,s,3,2,3,22,0,10,0,0,0,0,0,17,12,0,0,0,0,s,0,8,22,6,s,0,14
1232,1,s,1,11,s,d,d,3,d,0,d,32,0,0,0,5,17,12,0,0,0,22,s,0,s,22,6,s,13,14
I715,1,0,0,11,s,3,2,3,22,0,10,0,0,0,0,0,17,12,0,0,0,1,s,0,8,22,6,s,0,14
1817,1,0,0,11,s,3,2,3,22,0,10,0,0,0,0,0,17,12,0,0,0,1,s,0,8,22,s,s,8,d
1857,1,0,47,11,s,3,2,3,22,0,10,0,d,3,0,0,17,12,0,d,0,1,s,0,s,s,6,s,0,14
I722,1,0,0,11,s,3,2,3,22,0,10,0,0,0,0,0,17,12,0,0,0,0,s,0,8,22,0,s,s,14
I723,1,0,0,11,s,3,2,3,22,3,10,0,0,0,0,9,17,12,0,0,0,0,s,0,8,22,0,s,s,14
I724,1,0,0,11,s,3,2,3,22,3,10,0,0,0,0,9,17,12,0,0,0,22,s,0,8,22,0,s,s,14
1577,d,0,0,11,s,3,d,s,22,3,10,0,0,0,0,9,17,12,0,0,d,22,s,0,8,22,0,s,s,14
1647,1,0,d,11,s,3,2,d,22,3,10,0,0,0,0,d,17,12,0,0,0,22,s,0,8,d,d,s,s,14
I727,1,0,0,11,s,3,2,3,22,3,10,0,2,0,0,9,17,12,0,0,0,0,s,s,8,22,19,s,s,14
1946,1,0,0,11,s,d,2,3,22,3,10,0,2,0,0,s,d,12,0,0,0,d,s,s,8,22,19,s,s,14
2035,1,0,d,11,s,3,2,3,22,3,10,0,2,0,d,9,17,12,0,0,1,0,s,s,8,22,19,s,s,14
I730,1,0,0,11,s,3,2,3,22,0,10,0,0,0,0,0,17,12,0,0,1,0,s,35,8,22,0,s,s,14
I731,1,3,0,s,s,3,2,3,22,3,10,0,0,0,0,0,17,12,0,4,1,0,s,35,8,s,0,s,s,14
I732,1,3,0,s,s,3,2,3,22,3,10,0,1,0,0,0,17,12,0,4,1,0,s,35,8,s,0,s,s,14
1873,1,3,0,s,s,3,2,3,22,3,10,1,1,0,0,0,d,12,0,4,1,0,s,35,d,s,0,s,s,14
1872,1,3,0,s,s,3,2,d,22,3,d,d,d,0,0,0,17,12,0,4,1,0,s,35,d,s,0,s,s,14
I733,1,3,15,s,s,3,2,3,22,3,10,1,2,0,0,0,17,12,0,4,1,0,s,35,8,s,0,s,s,14
2023,1,3,15,s,s,d,2,d,22,3,10,1,2,0,0,0,17,12,0,4,1,0,s,35,8,s,0,s,s,14
2022,1,3,d,s,s,3,2,3,22,3,10,1,2,0,0,0,17,12,0,4,1,0,s,35,8,s,0,s,s,14
I734,1,0,0,11,s,3,2,3,22,0,10,0,0,0,0,0,17,12,s,s,1,0,s,35,s,22,0,s,s,14
1989,d,0,0,11,s,3,2,d,22,0,10,0,2,0,0,0,17,12,s,s,1,0,s,35,s,22,0,s,s,d
I736,1,0,0,11,s,3,2,3,22,0,10,0,0,0,0,0,17,12,s,s,1,0,s,35,s,22,0,s,s,14
2019,1,d,0,11,s,3,2,d,22,0,10,0,0,0,0,0,17,12,s,s,1,0,s,35,s,22,0,s,s,14
2018,1,d,0,11,s,3,2,3,d,0,10,0,0,d,0,0,17,12,s,s,1,d,s,35,s,22,0,s,s,14
I737,1,0,0,11,s,3,2,3,22,0,10,0,0,0,0,0,17,12,0,4,0,0,s,0,s,0,0,s,0,14
I738,1,1,0,11,s,3,2,3,22,0,10,0,0,0,0,0,17,12,0,4,0,0,s,0,s,0,0,s,0,14
I739,1,1,0,11,s,3,2,3,22,0,10,0,0,0,0,0,17,12,0,4,0,0,s,35,s,2,0,s,0,14
I740,1,1,0,11,s,3,2,3,22,3,10,0,0,0,0,0,17,12,0,4,0,0,s,35,s,2,0,s,0,14
I741,1,1,0,11,s,3,2,3,22,3,10,34,0,0,0,0,17,12,s,4,0,0,s,35,s,2,0,s,0,14
1261,1,1,d,11,s,d,2,3,d,3,10,34,0,0,0,0,17,12,s,4,0,0,s,35,s,2,0,s,s,d
1260,1,1,0,11,s,d,2,3,d,3,10,34,0,d,0,0,d,12,s,4,0,d,s,35,s,d,0,s,0,14
1436,1,1,0,11,s,3,2,3,22,3,10,0,0,0,d,0,17,12,0,d,s,19,s,d,s,2,0,s,0,d
I743,1,1,0,11,s,3,2,3,22,0,10,0,0,0,0,0,17,12,0,4,0,3,s,35,s,2,0,s,0,14
I744,1,1,0,11,s,3,2,3,22,0,10,0,0,0,0,0,17,12,0,4,0,3,s,35,s,2,0,s,0,14
1589,1,1,d,11,s,3,2,3,22,0,10,0,0,0,0,0,17,12,0,4,0,3,s,35,s,2,0,s,0,d
1588,1,1,0,11,s,3,2,3,22,0,10,d,0,0,d,0,17,12,0,4,4,3,s,35,s,2,0,s,d,14
1367,d,1,s,11,s,3,2,3,22,0,10,0,0,5,0,0,17,12,0,4,d,3,s,d,s,2,25,s,d,14
I746,1,1,0,s,s,3,2,3,22,0,10,0,0,0,0,s,17,12,0,4,0,0,s,0,s,0,0,s,0,14
1496,1,1,0,s,s,d,2,3,22,0,10,0,0,0,0,s,17,s,0,4,0,0,s,0,s,0,d,s,13,14
I750,1,1,0,s,s,3,2,3,22,0,10,0,0,0,5,s,17,12,0,4,0,0,s,9,s,0,0,s,0,14
1363,1,d,0,s,s,3,2,3,22,0,10,0,5,0,5,s,17,12,0,d,0,0,s,9,s,0,0,s,0,14
I752,1,1,0,s,s,3,2,3,22,0,10,0,0,0,5,s,17,12,0,4,0,0,s,9,s,0,0,s,0,14
1105,1,1,0,s,s,3,2,3,22,0,10,0,0,0,5,s,17,12,0,4,0,0,s,9,s,0,0,s,0,14
1104,d,d,0,s,s,3,2,3,22,0,10,27,0,0,d,s,17,d,d,4,0,0,s,9,s,d,0,s,s,14
I753,1,0,0,11,s,3,2,3,22,0,10,0,s,0,0,0,17,12,0,4,3,0,s,0,s,0,0,s,0,14
I754,1,0,0,11,s,3,2,3,22,0,10,0,s,0,0,0,17,12,0,4,3,8,s,0,s,0,0,s,0,14
I755,1,0,0,11,s,3,2,3,22,3,10,0,s,0,0,0,17,12,1,4,3,8,s,0,s,0,0,s,0,14
1215,1,d,0,d,s,3,2,3,22,3,d,0,s,0,d,0,17,12,1,4,3,8,s,0,s,d,d,s,0,14
1170,1,3,6,11,s,3,2,3,22,3,10,0,s,d,0,d,17,12,1,4,3,8,s,0,s,0,0,s,17,d
I760,1,0,0,11,s,3,2,3,22,0,10,42,s,0,0,0,17,12,0,4,3,8,s,0,s,0,s,s,0,14
1235,1,0,30,11,s,d,2,3,22,0,10,42,s,d,0,0,17,12,0,4,3,8,s,0,s,0,s,s,0,14
1234,1,0,d,11,s,3,2,3,22,0,10,42,s,s,0,0,d,12,0,4,d,8,s,d,s,0,s,s,0,14
I761,1,0,0,11,s,3,2,3,22,0,10,0,s,0,0,0,17,12,0,4,3,0,s,0,s,0,0,s,0,14
I762,1,0,0,11,s,3,2,3,22,0,10,0,s,0,0,0,17,12,0,4,3,0,s,0,s,0,0,s,0,14
1138,1,0,0,11,s,3,2,3,22,3,10,d,s,0,0,s,17,12,d,4,3,0,s,0,s,d,0,s,0,14
I764,1,0,47,11,s,3,2,3,22,0,10,0,s,0,0,0,17,12,0,4,3,s,s,13,s,14,0,s,0,14
1063,1,d,47,11,s,3,2,3,d,0,10,0,s,d,0,d,d,12,0,4,3,s,s,13,s,d,0,s,0,14
1062,1,d,47,11,s,3,2,3,22,0,10,d,s,0,0,0,17,12,0,4,3,s,s,13,s,14,0,s,0,14
I765,1,0,0,11,s,3,2,3,22,0,10,14,s,0,0,0,17,12,0,4,3,5,s,0,s,0,0,s,0,14
1130,d,0,31,11,s,3,2,d,d,d,10,14,s,d,0,0,17,12,0,4,3,5,s,d,s,d,11,s,0,14
I767,1,0,0,11,s,3,2,3,22,0,10,14,s,0,0,0,17,12,0,4,3,5,s,0,s,0,0,s,0,14
1281,1,0,0,11,s,3,2,3,22,0,10,14,s,0,0,0,17,12,d,4,3,5,s,0,s,0,0,s,0,d
1280,1,d,3,11,s,3,2,3,22,d,10,d,s,d,0,0,d,12,0,4,3,5,s,0,s,d,0,s,0,s
I768,0,0,0,0,3,0,2,0,0,0,0,16,0,0,34,0,17,0,2,0,0,0,1,0,0,0,0,s,0,14
I769,0,0,0,0,3,0,2,0,0,0,0,16,0,5,34,0,17,0,2,4,0,0,1,0,0,0,0,s,0,14
I770,0,0,0,0,3,0,2,0,0,0,0,16,0,5,34,0,17,0,2,4,0,0,1,0,0,0,0,s,0,14
I771,0,0,0,0,3,0,2,s,0,0,0,16,0,5,34,0,17,0,2,4,0,0,1,0,0,0,0,s,0,14
I772,0,0,0,0,3,0,2,s,0,3,0,16,0,5,34,5,17,26,s,4,0,0,1,0,0,0,0,s,0,14
I773,1,0,0,0,3,0,2,s,0,3,0,16,0,5,34,5,17,26,s,4,0,0,1,0,0,0,0,s,0,14
I774,1,0,3,0,3,0,2,s,0,3,0,16,0,5,34,5,17,26,s,4,0,0,1,0,0,3,0,s,0,14
1871,1,0,d,0,3,0,2,s,4,3,0,16,0,d,34,5,17,26,s,4,1,0,1,0,0,3,0,s,0,s
1954,1,d,3,0,d,0,2,s,0,3,0,16,0,5,34,5,d,26,s,d,d,d,1,0,d,3,0,s,0,14
I777,1,0,0,0,3,0,2,s,0,3,0,16,0,5,34,5,17,26,s,4,0,0,1,0,0,8,0,s,0,14
I778,1,0,4,0,3,0,2,s,0,3,0,16,0,5,34,5,17,26,s,4,0,0,1,0,0,8,0,s,0,14
1225,d,0,d,15,3,s,2,s,0,3,d,d,0,d,34,5,17,26,s,4,0,0,d,0,0,8,0,s,0,d
1224,1,0,4,0,3,0,2,s,0,d,0,16,2,d,34,5,17,26,s,4,d,0,1,0,0,8,0,s,0,14
1641,1,0,0,0,3,d,2,s,0,3,0,16,0,d,34,5,17,26,s,4,0,0,d,0,d,8,0,s,0,14
I784,0,0,0,0,3,0,2,s,0,3,0,16,0,5,34,5,17,26,s,4,0,0,1,28,0,0,0,s,0,14
1622,d,d,0,d,3,d,2,s,0,3,0,s,s,d,34,5,17,26,s,4,0,d,1,28,0,0,0,s,d,14
1696,0,3,0,0,3,0,2,s,0,3,s,16,0,5,34,5,17,26,s,4,0,0,1,28,0,0,0,s,13,14
I787,0,3,0,0,3,0,2,s,0,0,0,16,0,5,34,0,17,0,2,4,0,0,1,0,6,0,17,s,0,14
I788,0,3,0,0,3,0,2,s,0,0,0,16,0,5,34,0,17,22,2,4,0,0,1,0,6,0,17,s,0,14
I789,0,3,0,0,3,0,2,s,0,0,0,16,0,5,34,0,17,22,2,4,0,0,s,0,6,0,17,s,0,14
1998,0,3,0,0,3,d,d,s,0,0,0,16,0,d,34,d,d,22,2,4,0,0,s,0,6,0,17,s,0,d
998,0,3,0,0,3,0,d,s,0,d,0,s,0,5,34,2,17,22,2,4,0,0,s,0,6,0,17,s,0,14
1917,1,3,19,0,3,0,2,s,d,0,0,16,0,5,34,0,17,22,2,4,3,0,d,d,6,0,17,s,d,14
I794,0,3,0,0,3,0,2,s,0,0,0,16,0,5,34,0,17,0,2,4,0,0,1,0,6,0,17,s,0,14
I795,0,3,0,0,3,0,2,s,0,0,0,16,0,5,34,0,17,0,2,4,0,0,1,0,6,0,17,s,0,14
1021,0,3,0,0,3,d,d,s,0,0,0,d,0,5,34,0,17,0,2,4,d,0,1,0,6,0,17,s,0,d
1020,0,3,0,0,3,0,2,s,0,0,0,16,0,5,34,0,17,0,2,4,4,0,1,0,6,0,17,s,0,14
I798,1,3,0,6,3,3,2,s,0,0,3,16,0,5,34,0,17,0,2,4,0,0,s,9,s,0,17,s,0,14
1939,d,d,0,6,3,3,2,s,0,0,3,16,0,s,34,0,17,0,2,d,0,0,s,9,s,0,17,s,0,14
1938,1,3,0,6,3,d,d,s,4,0,3,16,0,5,34,0,17,0,2,4,d,0,s,9,s,d,d,s,0,14
I799,1,0,0,0,3,0,2,0,0,0,0,16,0,5,34,0,17,0,2,4,0,0,1,0,0,0,4,s,0,14
I800,1,0,30,0,3,0,2,0,0,0,0,16,2,5,34,0,17,0,2,4,0,0,1,0,0,0,4,s,0,14
I801,1,1,30,0,3,3,2,0,0,0,0,16,2,5,34,0,17,2,2,4,0,0,1,0,0,0,4,s,0,14
I802,1,1,30,0,3,3,2,0,0,0,0,16,2,5,34,0,17,2,2,4,0,0,1,0,0,0,4,s,0,14
1845,1,1,30,0,d,3,2,0,0,3,d,16,2,5,34,0,17,2,2,4,d,0,d,5,d,0,4,s,0,d
I804,1,1,30,0,3,3,2,0,0,0,0,16,2,5,34,0,17,2,2,4,0,3,1,0,0,23,4,s,0,14
1775,1,1,30,0,3,3,2,0,0,0,0,16,2,d,34,0,17,2,2,4,0,d,d,0,0,23,4,s,0,d
1774,1,1,30,0,d,3,d,0,0,0,27,d,2,5,34,0,17,2,2,4,0,3,1,0,0,23,d,s,0,14
1963,1,1,30,0,3,3,2,0,0,3,0,16,2,d,34,5,17,d,2,4,0,0,1,2,0,0,4,s,0,14
I808,1,0,30,0,3,0,2,0,0,0,0,16,2,5,34,0,17,0,2,4,0,0,1,0,0,3,4,s,0,14
I809,1,0,30,s,3,3,2,0,19,3,0,16,2,5,34,0,17,0,2,4,0,0,1,0,0,3,4,s,0,14
1813,d,d,d,s,3,3,2,0,d,3,0,16,2,5,34,11,17,0,2,d,0,0,1,0,0,d,4,s,6,14
I811,1,0,30,s,3,3,2,0,19,3,0,16,2,5,34,0,17,0,2,4,0,0,1,0,0,3,4,s,0,14
1823,1,0,30,s,3,3,2,0,d,3,0,16,2,5,34,0,17,0,2,4,0,0,1,0,d,3,4,s,0,14
1822,d,0,30,s,3,d,2,0,19,3,0,16,2,5,34,d,17,0,2,4,0,0,1,0,0,3,4,s,0,14
1993,1,0,30,d,3,0,d,0,0,0,0,16,2,s,34,11,17,0,2,4,0,d,1,0,0,3,d,s,d,14
I815,1,0,0,0,3,s,2,0,0,0,0,16,0,5,34,0,17,0,2,4,0,5,1,0,0,0,4,s,0,14
I816,1,0,0,0,3,s,2,0,0,0,0,16,0,5,34,0,17,0,2,4,0,5,1,0,0,0,4,s,0,14
I817,1,0,0,0,3,s,2,0,0,0,0,16,0,5,34,0,17,14,2,4,0,5,1,0,0,0,4,s,0,14
I818,1,3,0,0,3,s,2,0,0,0,0,16,0,5,34,0,17,14,2,4,0,5,1,0,0,0,4,s,0,14
1919,1,d,d,0,3,s,2,0,0,0,0,16,0,5,34,d,d,14,2,4,0,5,d,d,0,0,4,s,0,14
1918,1,3,0,0,3,s,2,0,0,0,0,16,0,5,34,0,17,14,d,4,0,5,1,0,0,0,4,s,0,14
2026,1,3,d,0,3,s,2,0,0,0,0,16,0,5,34,0,17,d,d,4,0,5,1,0,12,d,4,s,0,14
I820,s,0,0,0,3,s,2,0,1,0,0,16,0,5,34,0,17,0,2,4,0,5,1,0,0,0,4,s,0,14
I821,s,0,0,0,3,s,2,1,1,0,0,16,0,5,34,0,17,0,2,4,0,5,1,0,0,0,4,s,0,14
1967,s,0,0,0,3,s,2,1,1,0,0,d,0,d,34,0,17,0,2,4,0,5,1,0,0,0,4,s,d,14
1966,s,0,0,d,3,s,2,1,1,0,d,16,0,5,34,0,17,0,2,4,0,d,1,0,0,0,d,s,0,14
1851,s,d,d,0,3,s,2,d,d,0,0,16,0,5,34,0,17,d,2,4,0,d,d,0,0,0,4,s,d,14
I824,1,0,0,0,3,s,2,0,7,6,0,16,10,5,34,0,17,s,2,4,0,5,1,0,0,0,4,s,15,14
I825,1,0,22,0,3,s,2,0,7,6,0,16,10,5,34,0,17,s,2,4,0,5,1,0,0,0,4,s,15,14
1459,1,0,22,0,3,s,d,0,7,d,0,16,10,5,34,11,17,s,2,4,0,5,s,0,d,0,4,s,15,d
1458,1,0,22,0,3,s,2,0,7,6,0,d,10,5,34,0,17,s,2,4,d,5,1,0,0,d,s,s,15,d
1535,1,d,44,7,d,s,2,0,7,6,0,16,10,5,34,d,17,s,2,4,0,5,1,18,6,0,4,s,15,14
I830,0,0,0,2,3,3,2,0,0,0,0,16,0,5,34,0,17,22,2,s,0,0,1,0,0,0,0,s,0,14
I831,0,0,0,2,3,3,2,1,24,0,0,16,0,5,34,0,17,22,2,s,0,0,1,1,0,0,3,s,0,14
I832,0,0,0,2,3,3,2,1,24,0,0,16,0,5,34,0,17,22,2,s,0,0,1,1,0,0,3,s,0,14
I833,0,0,0,2,3,3,2,1,24,0,17,16,0,5,34,0,17,22,2,s,0,0,1,1,0,0,3,s,0,14
I834,0,0,0,2,3,3,2,1,24,0,s,16,0,5,34,0,17,22,2,s,0,6,1,1,0,0,3,s,0,14
1514,0,0,0,d,s,3,2,1,24,d,s,16,6,s,d,5,d,22,2,s,0,6,1,1,0,s,3,s,0,d
I836,0,0,0,2,3,3,2,1,24,0,s,16,0,5,34,0,17,22,2,s,0,6,1,1,0,0,3,s,0,14
1687,d,0,0,2,3,3,2,d,24,d,s,16,0,5,d,0,17,d,2,s,d,6,1,1,d,0,d,s,0,14
1686,0,d,0,2,3,3,2,1,24,0,s,16,0,5,34,0,d,22,d,s,0,6,1,d,0,0,3,s,0,d
I837,0,3,0,2,3,3,2,1,24,0,17,16,0,5,34,0,17,22,2,s,4,0,1,1,0,s,3,s,0,14
I838,0,3,0,2,3,3,2,1,24,0,17,16,0,5,34,0,17,s,2,s,4,0,1,1,0,s,3,s,0,14
1731,d,3,d,2,3,3,2,1,24,s,17,d,0,5,34,d,17,s,2,s,4,0,1,d,0,s,3,s,0,14
1730,0,3,0,d,3,3,2,1,24,0,17,16,0,5,34,0,17,s,2,s,s,0,1,1,0,s,d,s,0,14
1679,0,3,0,2,3,3,2,1,24,0,17,16,0,d,34,0,17,22,2,s,4,0,1,1,0,s,3,s,0,d
I840,0,0,0,2,3,3,2,1,24,3,0,16,2,5,34,0,17,22,2,s,0,0,1,1,0,0,3,s,0,14
I841,0,0,0,2,3,3,2,1,24,3,0,16,2,5,34,0,17,22,2,s,0,0,1,1,0,0,3,s,0,14
1677,d,0,0,2,3,3,2,1,24,d,0,16,2,5,34,d,d,22,d,s,0,d,1,1,6,0,d,s,0,14
1753,0,0,31,2,3,3,2,1,24,s,0,d,2,5,34,7,17,22,2,s,0,d,1,1,d,d,3,s,0,14
I844,0,1,44,2,3,3,2,1,24,s,0,16,2,5,34,0,17,22,2,s,0,0,1,1,0,0,3,s,0,14
I845,0,1,44,2,3,3,2,1,24,s,0,16,2,5,34,0,17,22,2,s,0,0,1,1,13,0,3,s,0,14
1615,d,1,44,2,3,3,2,1,24,s,0,16,2,5,34,0,17,22,2,s,0,0,1,1,13,0,3,s,0,14
1614,0,1,d,2,3,3,2,1,24,s,0,16,2,5,34,0,17,d,d,s,0,0,1,1,13,0,3,s,d,d
I846,0,1,44,2,3,3,2,1,24,s,0,16,2,5,34,0,17,22,2,s,0,0,1,1,0,0,3,s,13,14
1681,0,1,44,2,3,3,2,1,d,s,0,16,2,5,34,0,d,22,2,s,0,0,d,1,0,0,3,s,13,14
1680,d,1,d,2,d,3,2,1,24,s,0,16,2,5,34,0,17,22,2,s,d,0,1,1,0,0,3,s,13,14
I847,0,0,0,2,3,3,2,1,24,0,0,16,0,5,34,0,17,22,2,s,0,0,1,1,0,0,3,s,0,14
I848,0,0,0,2,3,3,2,1,24,0,s,16,0,5,34,0,17,22,2,s,0,0,1,1,0,0,3,s,0,14
I849,0,0,0,2,3,3,2,1,24,0,s,16,0,5,34,0,17,22,2,s,4,0,1,1,0,0,3,s,0,14
I850,0,0,0,2,3,3,2,1,24,0,s,16,2,5,34,0,17,22,2,s,4,0,1,1,0,0,3,s,13,14
1635,0,d,0,2,3,3,2,d,24,0,s,16,2,5,34,0,17,22,2,s,4,0,1,1,0,0,3,s,d,14
1634,0,0,0,2,3,3,2,1,24,0,s,16,2,5,34,d,17,22,d,s,4,0,1,1,0,0,d,s,13,14
1777,0,0,d,d,3,3,d,s,24,7,s,16,2,5,34,0,17,22,2,s,4,0,1,1,0,0,3,s,0,14
1569,s,d,0,2,3,s,2,1,24,d,s,16,2,5,34,0,17,22,2,s,0,d,1,1,0,0,d,s,0,14
I855,0,0,6,2,3,3,2,1,24,3,0,16,0,5,34,0,17,22,2,s,0,0,1,1,0,0,3,s,0,14
I856,1,0,6,2,3,3,2,1,24,3,0,16,0,5,34,14,17,22,2,s,0,0,s,1,6,0,3,s,4,14
1572,1,0,d,2,3,3,2,1,24,3,0,16,0,5,34,14,17,22,2,s,0,0,s,1,6,0,3,s,4,14
I858,1,0,6,2,3,3,2,1,24,3,0,16,0,5,34,14,17,22,2,s,1,0,s,1,6,0,3,s,4,14
1767,1,0,6,2,3,3,2,1,24,d,0,16,0,5,34,14,17,d,2,s,1,0,s,1,6,23,3,s,4,14
1766,1,d,d,d,3,3,2,1,24,3,0,16,d,d,34,14,17,22,2,s,1,0,s,1,6,0,3,s,4,14
I859,0,0,6,2,3,3,2,1,24,3,0,16,0,5,34,0,17,22,2,s,0,0,1,1,0,0,3,s,0,14
1756,0,3,6,2,3,3,2,1,24,3,d,16,0,5,34,0,17,22,2,s,7,0,1,1,0,0,3,s,0,14
1571,0,0,6,2,3,3,2,1,24,3,0,16,0,5,34,0,17,22,2,s,0,0,1,1,d,0,3,s,0,14
I862,0,0,0,2,3,3,2,0,0,0,0,16,0,5,34,0,17,22,2,s,0,5,1,0,0,0,0,s,0,14
I863,0,0,0,2,3,3,2,0,0,0,0,16,0,5,34,0,17,22,2,s,4,5,1,0,0,0,0,s,0,14
I865,0,0,6,2,3,3,2,0,3,0,0,16,0,5,34,9,17,22,2,s,4,5,1,0,0,0,0,s,0,14
I866,0,0,6,2,3,3,2,0,3,0,0,16,0,5,34,9,17,22,2,s,4,5,1,35,0,0,0,s,0,14
1245,d,d,6,2,d,3,d,d,3,0,d,16,0,5,34,9,d,22,2,s,4,5,1,35,0,0,0,s,0,14
1244,0,0,6,2,3,3,2,0,3,d,0,16,0,5,34,d,17,22,2,s,4,5,1,35,0,0,d,s,0,14
1265,0,0,6,2,d,3,d,d,3,0,0,16,0,5,34,9,17,22,2,s,d,5,1,0,12,0,0,s,0,14
I871,0,0,0,2,3,3,2,1,10,0,6,16,0,5,34,0,17,22,2,s,4,5,1,0,0,0,0,s,0,14
1552,0,3,0,s,3,d,2,1,10,0,6,16,0,5,34,0,17,22,2,s,4,5,1,35,d,0,0,s,d,14
I875,0,0,0,2,3,3,2,1,10,0,6,16,0,5,34,0,17,22,2,s,4,s,1,0,0,0,0,s,0,14
I876,0,s,0,2,3,3,2,1,s,4,6,16,0,5,34,0,17,22,2,s,4,s,1,0,0,0,0,s,0,14
1811,1,s,0,2,3,3,d,1,s,4,6,16,0,5,34,0,17,22,2,s,4,s,d,0,0,0,0,s,0,14
1810,0,s,0,2,3,3,2,1,s,4,6,16,0,5,34,0,17,d,2,s,4,s,1,d,0,d,0,s,0,d
1759,1,0,0,2,3,3,2,1,d,0,6,16,0,5,34,d,17,d,2,s,4,s,1,d,0,0,d,s,15,d
I878,0,0,0,2,3,3,2,0,0,0,0,16,0,5,34,0,17,22,2,s,0,5,1,0,0,0,0,s,0,14
I879,0,0,0,2,3,3,2,0,0,0,0,16,0,5,34,0,17,22,2,s,0,5,1,0,1,22,0,s,0,14
I880,0,0,0,2,3,3,2,0,0,3,0,16,2,5,34,0,17,22,2,s,0,5,1,s,1,22,0,s,15,14
I881,0,0,0,2,3,3,2,0,0,3,0,16,2,5,34,0,s,22,2,s,0,5,1,s,1,22,0,s,15,14
1761,0,0,d,d,3,3,d,0,0,3,0,16,2,5,d,0,s,22,2,s,0,5,1,s,d,22,0,s,15,14
1760,0,0,0,2,3,3,2,0,0,s,0,16,2,5,34,0,s,22,d,s,0,5,1,s,d,d,25,s,d,d
1738,1,d,0,2,3,d,2,d,0,3,0,16,2,5,34,d,17,22,d,s,0,d,1,s,1,22,0,s,15,14
I884,0,s,0,2,3,3,2,2,0,5,0,16,3,5,34,0,17,22,2,s,1,5,1,0,1,22,0,s,13,14
1847,0,s,0,2,3,3,2,2,0,5,0,16,3,d,34,0,17,22,2,s,1,5,1,0,1,22,d,s,13,14
1846,d,s,0,2,3,3,2,2,0,5,0,16,d,5,34,0,d,22,2,s,d,5,1,0,1,22,0,s,13,14
I890,0,0,17,2,3,3,2,0,0,3,0,16,0,5,34,0,17,22,2,s,0,5,1,0,0,s,10,s,17,14
1869,s,0,17,2,3,3,2,0,0,d,0,16,0,5,34,0,17,22,2,s,0,5,1,0,0,s,10,s,17,14
I892,0,2,17,2,3,3,2,0,0,3,0,16,0,5,34,0,17,22,2,s,0,5,1,0,0,s,10,s,17,14
1827,0,2,17,2,3,3,2,0,0,d,0,16,0,5,34,0,17,22,2,s,0,d,1,0,0,s,10,s,17,14
1826,d,2,17,2,d,3,2,0,d,d,0,d,0,5,34,0,17,22,2,s,0,5,d,0,0,s,10,s,d,14
I893,0,0,0,0,3,0,2,0,0,0,0,16,2,0,34,0,17,0,2,0,3,0,1,0,0,0,0,s,0,14
I894,0,s,0,0,3,0,2,0,0,0,0,16,2,0,34,0,17,0,2,0,3,0,1,0,0,0,0,s,0,14
I895,0,s,0,0,3,0,2,0,0,0,0,16,2,0,34,0,17,0,2,0,3,0,1,0,0,0,0,s,0,14
I896,0,s,0,0,3,0,2,0,0,0,10,16,2,0,34,0,17,0,2,0,3,0,1,0,0,0,0,s,0,14
I897,0,s,0,0,3,0,2,0,s,0,10,16,2,3,34,0,17,0,2,0,3,10,1,0,0,1,0,s,0,14
I900,0,s,1,0,3,3,2,0,s,0,10,16,2,3,34,0,17,s,2,0,3,10,1,1,0,1,0,s,0,14
1227,0,s,1,0,3,3,2,0,s,0,10,16,d,3,34,0,17,s,2,0,3,d,1,1,0,1,d,s,0,14
1226,0,s,s,0,3,3,2,0,s,0,10,16,d,3,34,0,17,s,2,0,3,10,1,1,0,1,0,s,0,14
I901,0,s,0,0,3,0,2,0,s,0,10,16,2,3,34,0,17,0,s,0,3,10,1,0,0,1,0,s,0,14
1243,0,s,0,0,3,0,d,0,s,0,10,16,2,3,34,0,17,0,s,0,3,10,1,14,0,1,s,s,d,14
1329,d,s,s,d,d,3,d,d,s,d,10,16,d,d,34,0,17,0,s,0,3,10,1,d,0,1,0,s,0,14
I904,0,s,0,0,3,0,2,0,0,0,10,16,2,0,34,0,17,0,2,0,3,0,1,0,0,0,0,s,0,14
1248,s,s,0,0,3,0,2,d,0,0,10,16,2,0,34,5,17,d,d,0,3,0,d,22,0,s,0,s,0,14
I908,0,s,0,7,3,0,2,0,0,0,10,16,2,0,34,0,17,0,2,0,3,0,1,0,0,0,15,s,0,14
1780,0,s,0,7,d,0,2,d,0,0,10,16,2,0,34,d,17,0,2,0,3,0,1,10,12,0,15,s,0,14
1736,0,s,0,d,d,0,2,0,0,0,s,16,2,0,d,0,17,0,s,0,3,0,1,d,0,0,15,s,0,14
I911,1,s,0,0,s,0,2,0,0,0,0,16,2,0,34,0,17,0,2,0,3,0,1,0,0,0,0,s,0,14
I912,1,s,0,5,s,0,s,0,0,0,0,16,2,0,34,0,17,0,2,0,3,10,1,0,0,0,0,s,13,14
1693,1,s,20,5,s,0,s,1,d,0,0,16,2,0,34,0,17,14,2,4,3,10,1,0,0,d,0,s,13,14
I916,1,s,0,5,s,0,s,0,8,0,0,16,2,0,34,0,17,0,2,0,3,10,1,0,0,0,0,s,13,14
1657,1,s,44,5,s,0,s,0,8,0,12,16,2,0,34,0,17,0,d,0,3,10,1,0,7,s,0,s,13,14
I918,1,s,0,5,s,s,s,0,8,0,0,16,2,0,34,0,17,0,2,0,3,10,1,0,0,0,0,s,13,14
1557,1,s,d,5,s,s,s,0,d,0,0,16,d,0,34,0,d,0,d,0,3,d,1,0,0,0,0,s,13,14
1556,1,s,d,5,s,s,s,0,8,0,0,d,2,0,34,0,17,0,2,0,3,10,1,0,d,0,0,s,13,14
I919,1,s,0,0,s,0,2,0,0,3,0,16,2,0,34,0,17,0,2,0,3,16,1,0,0,0,0,s,0,14
1276,1,s,d,0,s,0,2,d,0,3,0,d,2,0,34,0,17,d,2,0,3,16,s,0,d,0,24,s,0,14
I923,1,s,0,s,s,0,2,0,23,3,0,16,2,0,34,0,17,0,2,4,3,16,1,0,0,0,0,s,14,14
1930,1,s,0,s,s,0,2,0,23,3,0,16,2,0,34,0,17,0,2,4,3,16,1,d,0,14,d,s,14,14
1802,1,s,0,s,s,0,2,0,d,3,0,16,2,3,34,0,17,d,2,d,3,16,1,0,0,0,0,s,14,14
I926,0,s,3,0,3,0,s,3,0,0,0,16,2,0,34,0,17,21,2,0,3,0,1,0,0,23,3,s,13,14
I927,0,s,3,0,3,0,s,3,0,3,17,16,2,0,34,0,17,21,2,0,3,0,1,0,0,23,3,s,13,14
I928,0,s,3,0,3,0,s,3,0,s,17,16,2,0,34,0,17,21,2,0,3,0,1,0,0,23,3,s,13,14
1842,d,s,3,0,3,0,s,3,0,s,17,16,2,0,34,0,17,21,2,0,3,0,1,0,0,23,3,s,13,14
1877,0,s,3,0,3,0,s,s,0,s,17,16,2,0,34,0,d,d,2,0,3,0,1,0,13,23,3,s,13,14
I936,1,s,3,s,3,0,s,3,0,3,17,16,2,2,34,0,17,21,2,0,3,0,1,0,0,23,3,s,13,14
1960,1,s,3,s,3,3,s,3,0,3,17,16,2,d,34,d,17,21,2,0,3,d,1,0,0,23,3,s,13,14
1991,1,s,3,s,3,0,s,3,0,3,17,16,d,2,34,0,17,21,2,3,d,d,1,d,11,23,3,s,13,14
I942,0,s,3,0,3,0,s,3,0,0,0,16,2,0,34,0,s,21,2,0,3,3,1,0,0,23,3,s,13,14
I943,0,s,3,0,3,0,s,3,0,0,0,16,2,0,34,0,s,21,2,0,3,3,1,0,0,23,3,s,13,14
1913,0,s,d,0,3,0,s,3,d,0,d,16,2,s,34,11,s,21,2,3,3,s,1,0,0,d,3,s,13,d
I947,0,s,3,0,s,0,s,3,0,0,0,16,2,0,34,0,s,21,2,0,3,3,1,12,0,23,3,s,13,14
I948,0,s,3,0,s,0,s,3,0,0,0,16,2,0,34,0,s,21,2,0,3,3,1,12,0,23,3,s,13,14
1645,0,s,3,d,s,0,s,3,s,8,0,16,d,0,34,0,s,21,2,d,3,d,1,12,0,23,3,s,13,14
1644,0,s,3,0,s,0,s,3,0,0,0,16,2,0,d,d,s,21,2,0,3,3,1,12,d,d,3,s,13,14
1616,0,s,3,0,s,0,s,d,0,d,0,16,2,0,34,s,s,21,2,s,3,3,d,12,0,d,3,s,13,14
I950,0,s,3,5,3,s,s,3,0,0,0,16,2,3,34,6,s,21,2,0,3,3,1,0,0,23,3,s,13,14
I951,0,s,3,5,3,s,s,3,0,5,0,16,2,3,34,6,s,21,2,0,3,3,1,0,6,23,3,s,13,14
1629,0,s,3,5,3,s,s,3,0,5,0,d,2,3,34,6,s,21,2,0,3,3,1,0,6,23,s,s,13,14
1929,0,s,s,5,d,s,s,3,0,5,0,16,2,3,34,6,s,21,2,0,3,3,d,0,d,23,3,s,13,14
I954,0,s,3,5,3,s,s,3,0,0,0,16,2,3,34,6,s,21,2,0,3,3,1,0,0,23,3,s,13,14
I955,0,s,3,5,3,s,s,3,0,0,0,16,2,3,34,6,s,21,2,0,3,3,1,0,0,23,3,s,13,14
1945,0,s,3,5,3,s,s,3,0,0,0,16,2,3,34,6,s,21,2,0,3,3,1,0,0,23,3,s,13,14
1944,0,s,3,d,3,s,s,3,0,d,0,16,2,d,34,6,s,21,2,d,3,3,1,d,0,23,3,s,13,14
1862,0,s,3,d,d,s,s,d,0,0,0,16,2,3,34,d,s,21,2,2,3,d,1,0,0,d,3,s,13,14
I957,0,0,0,0,3,0,2,0,0,0,0,16,2,0,34,s,17,0,2,0,3,0,1,0,0,0,0,s,0,14
I958,1,0,6,31,3,0,2,0,0,3,0,16,2,0,34,s,17,0,2,0,3,0,1,0,0,0,0,s,0,14
I959,1,0,6,31,3,3,2,1,0,3,0,16,2,0,34,s,17,0,2,0,3,0,1,0,0,0,0,s,0,14
I960,1,0,6,31,3,3,2,1,0,3,0,16,2,0,34,s,17,0,2,0,3,0,1,0,0,0,0,s,0,14
I962,1,s,6,31,3,3,2,1,0,3,6,16,2,0,34,s,17,0,2,0,3,0,1,2,0,14,0,s,0,14
1213,1,s,6,31,3,3,2,1,0,3,d,16,2,0,34,s,17,d,2,0,3,0,1,d,d,14,0,s,0,14
1212,1,s,6,d,d,3,2,1,0,3,6,16,2,0,34,s,17,0,2,0,3,d,d,2,0,14,0,s,0,14
I964,1,0,6,31,3,3,2,1,0,3,0,16,2,0,34,s,17,0,2,4,3,0,1,0,0,0,0,s,0,14
1075,1,0,6,31,d,d,2,1,0,3,0,16,2,0,34,s,17,0,2,4,3,0,1,s,s,9,3,s,0,14
I966,1,0,6,31,3,3,2,1,0,3,0,16,2,0,34,s,17,0,2,4,3,0,1,0,8,0,0,s,0,14
1061,1,0,d,31,3,3,2,1,d,3,0,d,2,0,34,s,17,0,2,4,3,0,1,0,8,0,0,s,0,14
1060,1,d,6,31,3,3,2,d,10,3,0,d,2,0,34,s,17,0,2,4,3,0,1,d,8,0,0,s,0,14
I967,1,3,6,31,3,3,2,1,0,s,0,16,2,0,34,s,17,0,2,0,3,0,1,0,0,0,0,s,0,14
I968,1,3,6,31,3,3,2,1,0,s,0,16,2,3,34,s,17,0,2,0,3,0,1,0,0,0,0,s,0,14
I969,1,3,6,31,3,3,2,1,0,s,0,16,2,3,34,s,17,s,2,0,3,1,1,0,0,0,0,s,0,14
1473,1,d,6,31,d,3,2,1,0,s,19,s,2,3,34,s,17,s,2,2,d,1,d,0,0,0,0,s,0,14
1472,1,3,6,31,3,d,d,d,d,s,0,16,2,3,d,s,17,s,2,0,3,d,1,1,0,23,0,s,0,14
I970,1,3,6,31,3,3,2,1,0,s,0,16,2,3,34,s,17,0,2,2,3,0,1,0,0,0,0,s,0,14
1581,1,3,6,31,3,3,2,d,0,s,0,d,d,3,34,s,17,0,2,2,3,19,1,0,0,0,0,s,d,d
1580,1,d,6,31,3,3,d,1,0,s,0,16,2,3,34,s,17,0,2,2,3,19,d,s,0,0,0,s,d,d
I971,1,3,6,31,3,3,2,1,0,s,0,16,2,0,34,s,17,0,2,0,3,0,1,0,0,0,0,s,0,14
1315,1,3,6,31,3,3,2,1,0,s,0,16,2,5,34,s,17,0,2,0,d,0,1,0,0,0,0,s,0,14
I973,1,3,6,31,3,3,2,1,0,s,9,16,2,0,34,s,17,0,2,0,3,22,1,0,0,0,11,s,0,14
1447,1,3,6,31,3,3,2,1,0,s,d,16,2,0,34,s,17,23,2,0,3,22,d,s,0,0,11,s,0,14
1446,d,3,6,d,3,3,2,1,25,s,9,16,2,0,34,s,17,0,2,0,3,22,1,d,0,0,11,s,0,14
I974,1,0,6,31,3,0,2,0,0,3,6,16,2,0,34,s,17,33,2,0,s,0,1,0,0,0,0,s,0,14
I979,1,0,6,31,s,2,2,0,3,3,6,16,2,0,34,s,17,33,2,0,s,0,1,0,0,0,0,s,0,14
1513,1,0,6,31,s,2,2,0,3,3,d,16,2,0,34,s,17,33,d,0,s,0,d,0,0,0,d,s,0,14
1702,1,0,6,31,s,d,2,d,3,d,6,16,2,3,d,s,17,33,2,0,s,0,1,0,6,d,0,s,0,14
I988,1,0,6,31,3,0,2,0,0,3,6,16,2,0,34,s,17,33,2,s,s,0,1,0,0,0,0,s,12,14
1591,1,0,d,31,d,0,2,0,0,s,6,16,2,0,34,s,17,33,2,s,s,0,1,0,0,0,0,s,d,14
1590,1,0,6,d,3,0,2,0,d,3,d,d,2,0,34,s,17,d,2,s,s,0,1,s,0,0,0,s,12,14
I989,1,3,0,0,3,0,2,0,0,0,0,16,2,0,34,s,17,0,2,0,3,0,1,0,0,0,0,s,0,14
I990,1,3,0,0,3,0,2,0,0,0,0,16,2,0,34,s,17,0,2,0,3,0,1,0,0,0,4,s,0,14
I991,1,3,0,0,3,0,2,s,10,0,0,16,2,0,34,s,17,0,2,0,3,5,1,0,0,0,4,s,0,14
1231,1,3,11,2,3,0,2,s,10,0,0,16,2,0,34,s,17,d,2,0,d,5,1,0,0,0,s,s,0,14
I995,1,3,0,0,3,0,2,s,10,3,0,16,2,0,34,s,17,0,2,0,3,5,1,0,0,0,4,s,0,14
1508,1,3,0,0,d,0,2,s,10,d,0,16,2,d,34,s,17,d,2,0,3,5,1,0,5,0,4,s,0,14
1394,1,3,0,0,3,d,2,s,10,3,0,d,2,0,34,s,17,0,2,d,3,5,d,0,d,d,d,s,0,14
I998,1,3,0,0,3,0,s,0,0,0,0,16,2,0,34,s,17,0,2,0,3,0,1,0,0,0,4,s,0,14
2015,1,d,d,d,3,5,s,0,0,0,12,16,2,0,34,s,d,0,2,0,3,0,1,0,d,0,4,s,0,14
I1005,1,3,0,0,3,0,s,1,0,0,0,16,2,0,34,s,17,0,2,0,3,0,1,0,0,18,4,s,0,14
I1006,1,3,38,0,3,0,s,1,11,0,0,16,2,0,34,s,17,0,2,0,3,0,1,0,0,18,4,s,0,14
2005,1,3,38,0,d,0,s,1,d,3,0,16,2,0,d,s,17,0,2,0,3,0,1,0,0,18,4,s,0,14
2004,1,d,38,d,3,0,s,1,11,0,0,16,2,0,34,s,d,0,2,0,3,0,1,0,0,18,4,s,0,14
1010,1,3,0,0,3,0,s,1,0,0,0,16,2,0,34,s,17,0,2,0,3,0,1,0,0,18,4,s,0,14
I1009,1,3,0,0,3,0,2,0,0,0,0,16,2,3,34,s,17,0,2,0,3,19,1,0,0,0,8,s,0,14
I1010,s,3,0,7,3,s,2,0,0,0,12,16,2,3,34,s,17,0,2,0,3,19,1,0,0,0,8,s,0,14
I1012,s,3,0,7,3,s,2,0,0,0,12,16,2,3,34,s,17,0,2,0,3,19,1,s,0,s,8,s,0,14
1305,s,3,29,7,3,s,2,0,0,0,12,16,d,3,34,s,17,0,2,0,3,19,1,s,0,s,8,s,0,14
1304,s,3,0,7,3,s,2,0,0,3,12,s,2,d,34,s,17,d,2,d,3,19,1,s,0,s,8,s,0,14
I1014,s,3,0,7,3,s,2,0,0,0,12,16,2,3,34,s,17,0,2,4,3,19,1,0,0,0,8,s,0,14
1120,s,3,0,7,3,s,2,0,0,0,12,16,d,3,d,s,17,0,2,4,d,19,1,0,0,0,d,s,0,d
1162,s,d,0,7,3,s,2,0,0,0,12,d,2,3,d,s,d,d,2,4,3,19,1,0,0,23,8,s,13,14
I1017,1,3,29,0,3,0,2,0,0,0,0,16,2,3,34,s,17,0,2,0,3,19,1,0,0,0,8,s,0,14
1370,1,3,29,0,s,d,2,0,0,0,d,d,2,3,34,s,d,0,2,s,d,19,1,29,d,0,8,s,0,s
I1021,1,3,29,0,3,0,2,0,0,0,0,16,2,3,34,s,17,0,2,2,3,19,1,0,0,0,8,s,0,14
I1022,1,3,29,0,3,0,2,0,0,0,0,16,2,3,34,s,17,0,2,2,3,19,1,0,0,0,8,s,0,14
1097,1,3,29,0,3,0,2,0,0,0,d,16,2,d,34,s,17,0,2,2,3,19,1,13,0,0,8,s,d,14
1096,1,d,29,0,3,0,2,0,d,6,3,16,d,3,34,s,17,d,2,d,3,19,1,0,0,d,8,s,0,14
1337,1,3,29,30,3,0,2,0,0,0,d,16,2,3,d,s,17,d,2,d,3,d,1,0,0,2,d,s,0,14
