cell,r1,r2,r3,r4,r5,r6,r7,r8,r9,r10,r11,r12,r13,r14,r15,r16,r17,r18,r19,r20,r21,r22,r23,r24,r25,r26,r27,r28,r29,r30
I1,0,0,0,0,0,3,0,0,0,0,0,0,0,0,0,0,0,0,s,0,0,0,0,0,0,0,0,0,0,0
I2,0,0,0,0,0,3,0,0,0,11,0,0,0,0,0,0,0,0,s,0,0,0,0,0,0,0,0,0,0,0
I3,0,0,3,7,0,3,0,9,0,11,0,0,0,0,0,6,0,0,s,0,0,0,0,0,s,0,0,0,0,0
I4,0,0,3,7,0,3,0,9,0,11,0,0,0,0,0,6,s,0,s,0,0,0,0,0,s,0,s,0,0,0
I5,0,0,3,7,0,3,0,9,0,11,0,0,0,0,0,6,s,0,s,0,0,0,0,0,s,0,s,0,0,0
I6,1,0,3,7,0,3,0,9,0,11,0,0,14,8,0,6,s,0,s,0,0,0,0,1,s,0,s,0,0,0
I7,1,0,3,7,0,3,0,9,0,11,0,3,14,8,0,6,s,0,s,0,20,0,0,1,s,0,s,0,0,14
I8,1,0,3,7,0,3,0,9,0,11,0,3,14,8,0,6,s,0,s,0,20,1,0,1,s,0,s,1,0,14
I9,1,14,3,7,0,3,0,9,0,11,0,3,14,8,0,6,s,0,s,0,20,1,20,1,s,0,s,1,0,s
I10,1,14,3,7,0,3,0,9,0,11,27,3,14,8,0,6,s,0,s,0,20,1,20,1,s,0,s,1,0,s
1507,d,14,3,7,0,3,0,d,0,11,27,3,14,8,0,6,s,0,s,d,20,1,20,1,s,0,s,1,0,s
1506,1,14,d,7,d,3,0,d,0,11,27,3,14,d,0,6,s,d,s,d,20,d,20,1,s,0,s,1,0,s
1980,1,14,3,7,0,3,0,9,0,11,0,3,14,8,0,6,s,0,s,0,20,1,20,1,s,0,s,1,0,s
I12,1,20,3,7,0,3,0,9,0,11,0,3,14,8,0,6,s,0,s,0,20,1,0,1,s,0,s,1,0,14
1425,1,20,3,7,0,3,0,9,1,11,0,3,14,8,0,d,s,d,s,0,20,1,0,1,s,0,s,d,0,14
1627,1,20,d,7,0,s,27,9,0,11,0,d,14,8,1,d,s,0,s,d,s,1,3,1,s,d,s,1,2,14
I15,1,0,3,7,0,3,0,9,0,11,0,3,14,8,0,6,s,0,s,0,20,0,0,1,s,0,s,0,0,14
I16,1,0,3,7,0,3,0,9,7,11,5,3,14,8,1,6,s,0,s,0,20,0,0,1,s,0,s,0,0,14
1310,1,d,3,7,0,3,0,9,7,11,5,d,14,8,1,6,s,0,s,0,20,0,3,1,s,1,s,0,0,14
1420,1,0,3,7,s,3,0,9,7,11,5,d,14,8,1,d,s,d,s,d,d,0,d,1,s,0,s,d,0,14
1283,d,4,3,7,6,3,0,9,0,11,0,3,d,d,0,d,s,s,s,d,20,0,0,1,s,1,s,d,0,14
I22,1,12,3,7,0,3,0,9,0,11,0,0,14,8,0,6,s,0,s,0,7,0,0,1,s,0,s,0,0,0
I23,1,12,3,7,0,3,0,9,0,11,0,3,14,8,0,6,s,0,s,0,7,0,9,1,s,0,s,0,0,0
I24,1,12,3,7,0,3,0,9,0,11,0,3,14,8,0,6,s,0,s,0,7,0,9,1,s,0,s,0,0,0
1606,1,12,3,7,1,d,8,9,0,11,d,3,14,d,0,6,s,0,s,0,7,1,9,1,s,0,s,0,0,d
I26,1,12,3,7,0,3,s,9,0,11,0,3,14,8,s,6,s,1,s,0,7,1,9,1,s,0,s,0,2,0
1639,1,12,3,7,0,3,s,9,0,d,0,3,14,8,s,6,s,1,s,0,7,1,d,1,s,0,s,0,d,0
1638,1,12,3,7,0,3,s,d,d,11,0,d,14,8,s,6,s,1,s,0,7,1,d,d,s,0,s,0,2,0
I27,1,12,3,7,s,3,0,9,0,11,0,3,14,8,0,6,s,0,s,0,7,1,9,1,s,0,s,s,0,0
1435,1,12,3,7,s,3,s,9,0,11,0,3,d,8,0,6,s,0,s,0,d,1,9,1,s,0,s,s,0,0
I29,1,12,3,7,s,3,0,9,0,11,0,3,14,8,0,6,s,14,s,0,7,1,9,1,s,0,s,s,0,0
1333,1,12,3,7,s,3,0,9,0,11,0,3,d,8,0,6,s,14,s,d,d,1,9,1,s,0,s,s,0,d
1332,1,12,3,7,s,3,0,9,0,11,0,3,14,8,0,6,s,14,s,0,7,d,9,1,s,0,s,s,d,0
I30,1,12,3,7,0,3,0,9,0,11,27,0,14,8,0,6,s,0,s,2,7,0,0,1,s,1,s,0,0,0
1504,1,12,3,7,0,3,0,9,0,11,27,0,14,8,0,6,s,0,s,2,7,0,d,1,s,1,s,0,0,6
1490,1,12,3,7,d,3,0,9,0,11,27,s,d,8,0,6,s,14,s,2,7,1,0,1,s,1,s,0,0,0
I37,0,0,3,7,0,3,0,9,0,11,0,0,0,9,0,6,s,0,s,0,0,0,0,0,s,0,s,0,0,0
I38,0,0,3,7,0,3,0,9,0,11,0,0,11,9,0,6,s,0,s,0,0,0,0,0,s,0,s,0,0,3
I39,0,s,3,7,7,3,8,9,0,11,0,6,11,9,0,6,s,0,s,0,0,0,0,0,s,s,s,0,0,3
I40,0,s,3,7,7,3,8,9,0,11,0,6,11,9,0,6,s,0,s,0,0,0,0,0,s,s,s,0,0,3
1302,0,s,3,7,7,d,8,d,0,11,25,6,d,9,0,6,s,0,s,0,10,0,d,4,s,s,s,0,0,3
I42,0,s,3,7,7,3,8,9,0,11,0,6,11,9,0,6,s,0,s,0,0,1,0,0,s,s,s,0,0,3
1523,0,s,3,7,d,3,8,9,11,11,0,6,11,9,0,6,s,d,s,0,0,1,0,0,s,s,s,0,0,3
1522,0,s,d,d,d,3,8,9,0,11,0,d,11,9,d,6,s,d,s,2,0,1,0,0,s,s,s,0,0,3
I43,1,s,3,7,7,3,8,9,0,11,0,6,11,9,0,6,s,0,s,0,0,0,0,0,s,s,s,0,0,3
1449,1,s,3,d,7,d,8,9,0,11,0,6,11,d,0,6,s,0,s,0,0,0,d,0,s,s,s,0,0,3
I45,1,s,3,7,7,3,8,9,0,11,0,6,11,9,0,6,s,0,s,0,0,0,0,s,s,s,s,0,0,3
1349,1,s,3,7,7,3,8,9,0,11,0,6,11,9,d,6,s,0,s,0,0,0,0,s,s,s,s,d,0,3
1348,1,s,3,7,7,3,8,d,0,11,0,6,11,9,0,6,s,0,s,0,0,0,0,s,s,s,s,d,0,3
I46,1,0,3,7,0,3,0,9,0,11,0,3,11,9,0,6,s,0,s,0,0,0,0,0,s,0,s,1,0,3
I47,1,0,3,7,0,3,5,9,0,11,0,3,11,9,0,6,s,0,s,1,0,0,0,0,s,0,s,1,2,3
1970,1,d,3,7,0,3,5,s,0,d,d,3,11,9,1,6,s,23,s,1,0,1,0,0,s,0,s,d,s,3
1193,d,0,3,7,0,3,d,d,0,11,0,3,d,9,d,6,s,0,s,1,3,0,d,d,s,0,s,1,2,3
I51,1,0,3,7,0,3,0,9,0,11,19,3,11,9,0,6,s,0,s,0,0,0,0,0,s,0,s,1,0,3
1125,d,0,3,7,0,s,20,9,0,11,19,3,d,9,0,6,s,0,s,d,0,0,0,s,s,1,s,1,0,3
1035,1,d,3,7,17,3,0,9,d,11,19,3,11,9,0,6,s,d,s,1,0,d,0,0,s,0,s,1,3,3
I54,0,0,3,7,0,3,0,9,0,11,0,0,0,9,0,6,s,0,s,1,0,0,0,0,s,0,s,0,0,0
I55,0,0,3,7,0,3,0,9,0,11,32,0,0,9,0,6,s,0,s,1,0,0,0,0,s,0,s,s,0,0
1161,0,0,s,7,18,3,0,9,d,11,32,0,0,9,s,6,s,0,s,1,16,0,s,13,s,0,s,s,0,0
I61,0,0,3,7,0,3,0,9,0,11,32,s,4,9,0,6,s,8,s,1,6,0,0,0,s,0,s,s,0,0
1483,d,0,d,7,s,3,0,9,0,11,32,s,4,9,d,6,s,d,s,1,6,d,0,0,s,0,s,s,d,0
1482,d,d,3,7,d,3,0,9,0,11,d,s,4,9,0,6,s,8,s,1,6,0,0,0,s,0,s,s,0,0
I62,0,0,3,7,0,3,0,9,2,11,0,3,0,9,0,6,s,0,s,1,0,0,0,0,s,0,s,0,0,0
I64,0,0,3,7,0,3,5,9,2,11,0,3,0,9,0,6,s,0,s,1,0,1,4,0,s,0,s,0,0,0
1113,0,0,d,s,d,3,5,9,2,d,0,3,0,9,0,6,s,0,s,d,s,d,4,0,s,0,s,0,d,0
1112,d,0,3,7,0,3,5,9,2,11,0,d,9,9,1,6,s,0,s,1,0,1,d,0,s,0,s,1,0,d
I66,0,0,3,7,0,3,0,s,2,11,0,3,0,9,0,6,s,0,s,1,0,0,0,0,s,0,s,0,0,0
1457,0,d,d,7,0,d,0,s,d,d,0,3,0,9,0,6,s,0,s,1,0,0,20,0,s,0,s,0,0,0
1339,0,14,3,7,17,d,23,s,2,11,0,3,0,9,0,6,s,27,s,d,0,0,21,d,s,0,s,0,0,0
I69,0,0,3,7,0,3,0,9,0,11,0,0,19,0,0,6,s,0,s,0,0,0,0,0,s,0,s,0,0,0
I70,0,0,3,7,0,3,0,9,0,11,0,0,19,0,0,6,s,0,s,0,19,0,0,0,s,0,s,0,0,0
I71,0,0,3,7,0,3,0,9,0,11,0,0,19,21,0,6,s,0,s,0,19,0,0,0,s,0,s,0,3,0
I72,0,0,3,7,0,3,0,9,0,11,0,3,19,21,1,6,s,0,s,2,19,0,2,0,s,0,s,0,3,0
I73,0,0,3,7,0,3,3,9,11,11,0,3,19,21,1,6,s,0,s,2,19,0,2,0,s,0,s,1,3,0
1286,d,0,3,7,0,3,3,d,11,d,d,d,19,21,1,6,s,0,s,2,19,0,2,0,s,1,s,1,d,0
1151,0,3,3,7,d,3,3,9,11,d,0,3,d,21,d,6,s,10,s,2,19,0,2,0,s,0,s,d,3,0
I76,0,0,3,7,6,3,0,9,0,11,0,3,19,21,1,6,s,0,s,2,19,0,s,4,s,0,s,0,3,0
I77,0,0,3,7,6,3,0,9,0,11,0,3,19,21,1,6,s,0,s,2,19,0,s,4,s,0,s,0,3,0
1159,d,0,s,7,6,d,0,9,23,11,0,3,s,21,1,6,s,0,s,2,19,0,s,4,s,0,s,0,d,d
1158,0,0,3,7,6,3,23,d,0,11,0,d,19,21,1,6,s,0,s,2,19,0,s,4,s,0,s,d,3,0
I78,0,0,3,7,6,3,0,s,0,11,0,3,19,21,1,6,s,0,s,2,19,0,s,4,s,0,s,0,3,0
1253,0,0,3,7,d,3,0,s,0,11,0,3,19,21,1,6,s,0,s,2,19,0,s,4,s,0,s,0,3,0
1252,0,0,3,7,6,3,0,s,0,11,0,3,19,21,1,6,s,0,s,2,19,d,s,d,s,0,s,1,3,0
I79,0,0,3,7,0,3,0,9,0,11,11,0,19,21,0,6,s,0,s,0,19,0,0,0,s,0,s,0,3,0
1718,0,0,3,7,0,3,0,d,23,11,11,0,19,21,0,6,s,0,s,d,19,1,19,s,s,0,s,0,3,0
I83,0,0,3,7,0,3,8,9,0,11,11,0,19,21,0,6,s,10,s,0,19,0,0,0,s,0,s,0,3,s
1110,d,0,3,7,0,d,8,9,0,11,11,0,d,21,1,6,s,10,s,0,19,0,15,0,s,0,s,0,3,s
I86,1,0,3,7,13,3,8,9,0,11,11,0,19,21,2,6,s,10,s,0,19,0,0,0,s,0,s,0,3,s
2029,1,0,3,7,13,3,8,9,0,11,11,0,d,21,2,6,s,10,s,0,19,0,0,0,s,d,s,0,d,s
2028,1,0,3,7,13,3,8,9,0,11,d,0,19,21,2,d,s,10,s,0,19,0,0,0,s,0,s,d,3,s
I87,1,0,3,7,0,3,0,9,0,11,0,0,19,0,1,6,s,0,s,0,19,0,0,0,s,0,s,1,0,0
I88,1,0,3,7,0,3,0,9,0,11,0,0,19,0,1,6,s,0,s,0,19,0,0,0,s,0,s,1,0,0
1299,d,0,3,7,0,3,0,9,4,11,d,0,19,0,1,6,s,0,s,0,19,0,0,29,s,0,s,1,0,0
I92,s,0,3,7,0,3,0,9,0,11,0,3,19,0,1,6,s,0,s,0,19,0,14,0,s,0,s,1,0,0
1263,s,0,d,7,0,3,0,9,s,11,0,3,19,0,1,6,s,0,s,2,d,0,14,d,s,0,s,1,0,12
I94,s,0,3,7,0,3,0,9,0,11,9,3,19,0,1,6,s,0,s,0,19,0,14,0,s,0,s,1,0,0
1377,s,0,3,d,0,3,0,9,7,11,9,3,19,0,1,d,s,0,s,0,19,0,14,0,s,0,s,1,0,10
1376,s,0,3,7,0,3,d,9,0,11,9,3,19,0,1,6,s,0,s,0,19,0,14,0,s,d,s,1,d,d
I95,1,0,3,7,0,3,0,9,0,11,0,0,19,0,1,6,s,0,s,0,19,0,0,0,s,0,s,1,0,0
I96,1,0,3,7,0,3,0,9,0,11,0,0,19,13,1,6,s,0,s,0,19,0,0,0,s,1,s,1,0,0
1251,1,23,3,7,4,d,0,9,0,11,0,0,19,13,1,6,s,0,s,0,19,0,0,0,s,d,s,1,0,0
1078,1,0,3,7,0,3,0,9,0,11,d,0,19,13,1,6,s,13,s,0,19,0,0,0,s,s,s,1,0,0
I99,1,0,3,7,0,3,0,9,0,11,0,0,19,0,1,6,s,0,s,0,19,0,16,0,s,0,s,1,2,0
I100,1,0,3,7,0,3,0,9,0,11,4,0,19,0,1,6,s,0,s,0,19,0,16,0,s,0,s,1,2,0
1173,1,18,s,7,0,3,36,d,d,d,4,d,19,0,d,6,s,0,s,s,19,d,d,8,s,0,s,1,2,0
1172,1,0,3,7,0,3,5,9,23,11,4,d,19,d,1,6,s,0,s,0,d,0,16,0,s,0,s,d,d,0
1407,1,d,3,7,0,3,0,9,0,11,0,d,19,0,d,6,s,0,s,0,19,0,16,0,s,0,s,1,2,0
I102,0,0,3,7,0,3,0,9,11,11,0,0,19,0,0,6,s,3,s,0,0,0,0,0,s,0,s,0,0,0
I103,0,0,3,7,0,3,0,9,11,11,0,0,19,0,0,s,s,3,s,0,0,0,0,0,s,0,s,0,0,4
I104,0,0,3,7,0,3,0,9,11,11,0,0,19,0,0,s,s,3,s,0,0,0,0,0,s,0,s,0,0,4
I105,0,0,3,7,0,3,0,9,11,11,0,0,19,0,0,s,s,3,s,0,0,0,0,0,s,0,s,0,0,4
I106,0,16,3,7,0,3,0,9,11,11,0,0,19,0,0,s,s,3,s,0,0,0,0,0,s,0,s,0,0,4
1007,0,16,d,7,0,3,0,9,11,d,0,d,19,21,0,s,s,3,s,0,0,d,0,0,s,d,s,0,d,4
1973,0,16,d,7,d,3,d,9,11,d,0,0,19,0,0,s,s,3,s,0,0,d,0,16,s,0,s,0,0,4
I108,s,0,3,7,0,3,0,9,11,11,0,0,19,s,0,s,s,3,s,0,3,0,6,8,s,0,s,0,0,4
1059,s,0,d,d,0,3,21,9,11,11,0,0,19,s,0,s,s,3,s,0,s,0,6,8,s,0,s,0,d,4
1058,s,0,3,7,0,3,0,d,d,11,0,0,19,s,0,s,s,3,s,0,3,0,6,8,s,0,s,0,d,4
I109,0,16,3,7,0,3,0,9,11,11,22,0,19,0,0,s,s,3,s,2,0,0,0,0,s,0,s,0,0,4
I110,0,16,3,7,0,3,0,9,11,11,22,0,19,0,0,s,s,3,s,2,0,0,0,0,s,0,s,1,0,4
I111,0,s,3,7,0,3,41,9,11,11,22,0,19,0,0,s,s,3,s,2,0,0,0,0,s,0,s,1,0,4
1867,0,s,d,7,d,3,41,d,11,11,22,0,19,0,0,s,s,3,s,2,0,0,0,0,s,0,s,1,0,4
1866,0,s,3,7,0,3,d,9,11,11,22,0,19,0,0,s,s,3,s,2,d,0,0,0,s,0,s,d,0,4
I112,0,16,3,7,0,3,1,9,11,s,22,0,19,0,0,s,s,3,s,2,0,0,0,0,s,0,s,1,3,4
1885,0,16,3,d,0,3,1,9,d,s,22,0,19,0,0,s,s,d,s,2,0,0,14,0,s,0,s,1,3,4
1884,0,16,d,d,0,3,1,d,11,s,22,d,19,0,d,s,s,3,s,2,d,0,0,0,s,0,s,1,3,4
I113,0,16,3,7,0,3,0,9,11,11,22,0,19,0,0,s,s,s,s,2,0,0,0,0,s,1,s,0,0,4
2044,0,16,3,7,0,3,0,9,d,11,22,0,d,0,0,s,s,s,s,2,16,1,0,0,s,1,s,d,0,4
I115,1,16,3,7,0,3,5,9,11,11,22,0,19,0,1,s,s,s,s,2,0,0,0,0,s,1,s,0,0,4
2031,1,16,3,7,0,3,5,9,11,11,22,0,19,0,d,s,s,s,s,2,0,0,0,d,s,1,s,0,0,d
2030,1,16,3,7,0,3,5,9,11,11,22,0,19,0,1,s,s,s,s,2,0,0,0,0,s,1,s,d,0,4
I116,0,0,3,7,0,3,0,9,11,11,0,0,19,8,0,s,s,3,s,0,0,0,0,0,s,0,s,0,0,4
I118,1,0,3,s,0,3,0,9,11,11,0,3,19,8,0,s,s,3,s,0,19,1,0,0,s,0,s,0,0,4
1099,1,0,3,s,0,3,d,9,11,11,0,3,19,8,s,s,s,3,s,0,19,1,d,0,s,0,s,0,0,d
1098,1,0,3,s,0,3,31,9,11,11,d,3,19,8,0,s,s,3,s,0,d,1,0,s,s,d,s,0,0,4
I120,0,0,s,7,0,3,0,9,11,11,29,0,19,8,0,s,s,3,s,0,0,0,0,0,s,0,s,0,0,4
1023,d,0,s,7,18,3,35,9,11,11,29,0,19,8,0,s,s,3,s,0,0,1,0,0,s,d,s,d,0,4
1965,0,d,s,7,9,d,0,9,11,11,29,d,19,8,0,s,s,3,s,0,0,0,s,0,s,0,s,d,0,s
I124,1,0,3,7,0,3,0,9,11,11,0,0,19,17,0,6,s,3,s,0,0,0,0,0,s,0,s,0,0,0
I125,1,0,3,7,0,3,0,9,11,11,0,0,19,17,0,6,s,3,s,0,0,0,0,0,s,0,s,0,0,0
1132,1,0,3,7,d,3,s,9,11,11,0,0,19,d,0,6,s,s,s,0,0,0,0,d,s,0,s,0,d,0
I129,1,0,3,7,0,3,0,9,11,11,0,0,19,17,s,6,s,3,s,0,0,0,0,0,s,0,s,0,0,0
1476,s,0,3,d,0,3,0,9,d,11,d,0,19,17,s,6,s,3,s,0,0,0,0,0,s,0,s,1,d,0
1726,1,d,3,7,0,d,0,d,11,d,0,0,d,s,s,6,s,3,s,d,0,2,0,4,s,0,s,1,0,0
I132,1,0,3,7,0,3,0,9,11,11,0,0,19,17,0,6,s,3,s,0,0,0,0,0,s,0,s,0,0,0
I133,1,5,3,7,0,3,0,9,11,11,0,0,19,17,0,6,s,3,s,0,0,0,0,0,s,0,s,0,0,0
I134,1,5,3,7,0,3,0,9,11,11,0,0,19,17,0,6,s,3,s,0,0,0,0,0,s,0,s,1,0,4
1095,1,5,3,7,0,3,0,9,11,11,14,d,19,17,0,6,s,3,s,0,0,0,0,0,s,0,s,1,0,4
1094,1,5,3,7,d,3,s,d,11,d,0,0,19,17,0,6,s,3,s,0,0,d,0,0,s,0,s,1,0,4
1044,1,5,3,7,0,3,0,9,d,11,d,0,19,17,0,d,s,s,s,0,8,d,0,d,s,d,s,s,0,0
I136,1,0,3,7,0,3,0,9,11,11,0,0,19,17,0,6,s,3,s,0,32,0,0,4,s,0,s,0,0,6
1165,1,0,3,7,0,3,0,d,11,11,0,0,d,17,0,6,s,3,s,0,32,0,0,4,s,0,s,d,0,d
1081,d,0,3,7,0,3,0,9,11,11,0,d,19,17,0,d,s,3,s,d,32,0,0,4,s,0,s,0,0,6
I139,0,0,3,7,0,3,0,9,0,11,0,0,0,0,0,6,0,10,s,0,0,0,0,0,s,0,0,1,0,0
I140,1,0,3,7,0,3,0,9,0,11,0,0,19,3,0,6,0,10,s,2,0,1,0,0,s,0,s,1,0,0
I141,1,0,3,7,0,3,0,9,0,11,0,0,19,3,0,6,0,10,s,2,0,1,0,0,s,0,s,1,0,0
I142,1,0,3,7,0,3,0,9,0,11,0,6,s,3,0,6,0,10,s,2,5,1,0,0,s,0,s,1,0,10
I149,1,0,3,7,0,3,0,9,0,11,0,6,s,3,0,6,0,10,s,2,5,1,0,1,s,0,s,1,0,10
1805,1,d,3,7,d,3,0,9,0,11,0,d,s,3,d,6,0,10,s,2,5,1,0,1,s,0,s,1,0,10
1804,d,0,3,7,0,3,0,9,0,11,0,d,s,d,0,6,0,10,s,2,5,1,0,1,s,d,s,1,0,d
I150,1,0,3,7,0,3,0,9,0,11,0,6,s,3,1,6,0,10,s,2,5,1,0,0,s,0,s,1,0,10
1747,1,25,d,7,0,3,0,9,3,11,27,6,s,3,1,6,d,10,s,2,5,1,0,0,s,0,s,1,0,d
I153,1,0,3,7,0,3,0,9,36,11,0,6,s,3,1,6,8,10,s,2,5,1,0,0,s,1,s,1,0,10
1093,1,0,d,7,16,3,0,9,36,11,0,d,s,3,1,6,8,10,s,d,5,1,0,0,s,1,s,1,0,10
1092,1,0,3,7,0,3,0,9,36,11,0,6,s,d,1,6,8,10,s,2,5,1,0,0,s,1,s,1,2,10
I154,1,15,3,7,0,3,0,9,0,11,19,0,s,3,0,6,0,10,s,2,0,1,0,0,s,0,s,1,0,0
I155,1,15,3,7,0,3,0,9,0,11,19,0,s,3,0,6,0,10,s,2,0,1,0,4,s,0,s,1,0,0
I156,1,15,3,7,0,s,0,9,0,11,19,0,s,3,0,6,0,10,s,2,0,1,0,4,s,1,s,1,0,0
1743,1,15,3,d,4,s,0,9,0,11,19,d,s,3,0,6,0,10,s,2,0,1,3,4,s,1,s,1,d,d
976,1,15,3,7,0,s,0,9,11,11,19,0,s,3,0,6,0,10,s,2,0,1,0,4,s,d,s,1,0,d
I158,1,15,3,7,0,3,0,9,0,11,19,6,s,3,0,6,0,10,s,2,0,1,0,s,s,0,s,1,0,0
I159,1,15,3,7,0,3,0,9,0,11,19,6,s,3,0,6,0,10,s,2,0,1,0,s,s,0,s,1,0,0
1579,1,15,3,7,0,3,0,9,0,11,19,6,s,3,0,6,0,d,s,2,0,1,0,s,s,0,s,1,0,0
1578,1,d,d,7,0,3,0,9,0,11,19,6,s,d,0,6,0,10,s,d,0,d,d,s,s,0,s,1,0,0
1724,d,15,3,7,0,3,1,9,d,11,19,6,s,d,0,6,0,10,s,2,0,1,0,s,s,0,s,1,0,0
I161,1,15,3,7,0,3,0,9,0,11,19,0,s,3,0,6,0,10,s,2,0,1,0,0,s,0,s,1,0,0
I162,1,15,3,7,0,3,0,9,0,11,19,0,s,3,1,6,0,10,s,2,0,1,0,0,s,0,s,1,0,0
I163,1,15,3,7,0,3,0,9,0,11,19,0,s,3,1,6,0,10,s,2,0,1,0,0,s,0,s,1,0,14
1365,d,15,3,7,0,d,0,9,0,11,19,0,s,d,1,6,0,d,s,2,0,1,0,0,s,0,s,1,d,14
1364,d,d,3,7,0,d,0,9,0,11,19,0,s,3,d,6,0,10,s,2,0,1,0,d,s,0,s,d,0,14
1669,1,15,3,7,0,3,0,9,0,11,19,0,s,3,1,6,0,10,s,d,0,d,0,0,s,0,s,1,0,0
I165,1,15,3,7,0,3,0,9,0,11,19,0,s,3,0,6,2,10,s,2,0,1,0,0,s,0,s,1,0,0
I166,1,15,3,7,0,3,0,9,0,11,19,0,s,3,0,6,2,10,s,2,0,1,0,0,s,0,s,1,s,12
1903,1,15,s,7,0,3,0,9,0,11,19,d,s,3,0,6,2,d,s,2,0,1,0,d,s,0,s,1,s,12
1902,s,15,3,7,0,3,0,9,0,11,19,0,s,3,0,6,2,10,s,2,0,1,0,0,s,0,s,1,s,d
1666,d,d,3,7,0,3,0,9,0,11,19,0,s,3,0,6,2,10,s,d,d,d,0,0,s,0,s,1,0,0
I168,1,0,3,7,0,3,0,9,4,11,0,0,19,3,0,6,0,10,s,2,0,1,0,0,s,0,s,1,2,0
I169,1,0,3,7,0,3,0,s,4,11,0,3,19,3,0,6,0,10,s,2,0,1,0,0,s,0,s,1,2,0
I170,1,0,3,7,0,3,0,s,4,11,0,3,19,3,0,6,0,10,s,2,0,1,0,0,s,0,s,1,2,0
I171,1,0,3,7,0,3,0,s,4,11,0,3,19,3,0,6,0,10,s,2,0,1,3,0,s,0,s,1,2,0
1815,1,0,d,7,0,3,0,s,4,11,d,3,19,3,0,6,0,10,s,2,0,1,3,0,s,0,s,1,2,0
1886,1,0,d,7,0,3,0,s,4,11,0,3,19,d,d,d,0,10,s,2,d,d,3,0,s,1,s,1,2,0
I174,1,0,3,7,0,3,0,s,4,11,0,3,19,3,0,6,0,10,s,2,s,1,0,0,s,1,s,1,2,0
I175,1,0,3,s,0,3,0,s,4,11,0,3,19,3,0,6,0,10,s,2,s,1,0,0,s,1,s,1,2,0
1943,1,0,d,s,0,3,0,s,4,11,0,d,19,3,0,6,0,10,s,2,s,1,0,0,s,1,s,1,2,0
1942,d,d,3,s,0,3,0,s,4,11,0,3,19,3,0,6,0,10,s,d,s,1,0,0,s,1,s,1,2,0
2009,1,d,d,7,d,3,0,s,4,d,0,d,19,3,0,d,0,10,s,2,s,s,16,0,s,d,s,1,d,0
I177,1,0,3,7,0,3,0,s,4,11,0,3,19,3,0,6,0,10,s,2,0,1,0,27,s,0,s,1,2,4
1858,1,19,3,7,10,d,0,s,4,11,0,d,19,3,0,s,0,10,s,2,7,1,15,27,s,0,s,1,2,4
1029,1,0,3,7,d,3,0,s,4,11,0,3,s,3,0,6,0,10,s,2,3,1,0,27,s,0,s,1,2,4
I183,1,0,3,7,0,3,0,9,4,11,3,0,19,3,0,6,s,10,s,2,0,1,0,0,s,0,s,1,2,0
I184,1,0,3,7,0,3,0,9,4,11,3,0,19,3,0,6,s,10,s,2,0,1,0,0,s,0,s,1,2,4
I185,1,0,3,7,13,3,1,9,4,11,3,6,19,3,0,6,s,10,s,2,0,1,0,0,s,0,s,1,2,4
1574,1,20,3,7,13,3,1,d,4,11,3,6,19,3,0,6,s,10,s,2,d,1,0,d,s,0,s,d,2,4
1714,1,0,3,7,13,d,1,9,4,11,3,d,19,d,0,6,s,10,s,2,0,1,0,d,s,d,s,1,2,4
1786,1,0,3,7,0,3,0,9,4,11,d,0,19,3,0,6,s,10,s,2,0,1,0,0,s,0,s,1,2,4
I191,1,0,3,7,0,3,0,9,4,11,3,0,19,3,1,6,s,10,s,2,s,1,0,0,s,0,s,1,2,0
1793,d,0,3,7,0,3,0,9,d,11,3,3,19,3,1,6,s,10,s,d,s,s,0,0,s,0,s,1,2,d
1373,d,s,3,7,0,3,42,9,4,11,3,d,d,3,1,d,s,10,s,d,s,1,0,0,s,0,s,1,2,s
I198,0,0,3,7,0,3,0,9,0,11,0,0,0,0,0,6,0,10,s,0,0,0,0,0,s,0,12,1,0,0
I199,0,23,3,7,0,3,0,9,0,11,21,0,0,0,0,6,0,10,s,0,0,0,0,2,s,0,12,1,0,0
I200,0,23,3,7,s,3,0,9,0,11,21,0,0,0,0,6,0,10,s,0,0,0,0,2,s,0,12,1,0,0
I201,0,23,3,7,s,3,0,9,0,11,21,0,0,11,0,6,0,10,s,2,0,0,0,2,s,0,12,1,0,0
1042,0,23,d,7,s,3,0,9,0,11,21,s,0,11,d,6,0,10,s,2,0,d,0,2,s,1,12,d,0,s
2036,0,23,3,7,s,3,0,9,0,11,21,d,0,11,0,6,d,10,s,2,24,0,s,2,s,0,12,1,0,0
I205,0,23,3,7,s,3,7,9,0,11,21,0,0,0,1,6,0,10,s,0,0,0,0,2,s,0,12,1,0,0
I206,0,23,3,7,s,3,7,9,0,11,21,0,0,0,1,6,0,10,s,0,0,1,0,2,s,0,12,1,0,0
I207,0,23,3,7,s,3,7,9,0,11,21,0,0,0,1,6,0,10,s,0,0,1,0,2,s,0,12,1,0,0
1921,0,23,3,7,s,3,7,9,0,11,21,0,0,0,1,d,d,d,s,0,0,1,0,2,s,0,12,1,0,0
1920,0,23,3,7,s,3,7,9,0,11,21,0,0,0,1,6,0,10,s,d,0,1,0,2,s,0,12,1,0,0
1952,0,23,3,d,s,3,7,9,d,11,21,0,3,0,1,6,0,d,s,0,0,1,0,d,s,0,12,1,0,d
1024,1,23,3,7,s,3,d,9,0,11,d,0,0,0,1,6,d,10,s,0,0,d,0,d,s,0,d,1,0,0
I210,0,23,3,7,0,3,0,9,0,11,21,0,0,0,0,6,0,10,s,0,0,1,0,2,s,0,12,1,0,0
I213,1,23,3,7,0,3,0,9,s,11,21,5,0,0,0,6,0,10,s,0,0,1,0,2,s,1,12,1,0,0
2006,1,23,d,7,0,3,d,9,s,11,21,5,d,0,d,d,6,10,s,0,0,1,0,2,s,1,d,1,0,0
2012,d,23,3,7,d,3,0,9,s,11,d,5,0,0,d,6,0,10,s,0,0,1,0,2,s,1,d,1,d,0
I216,0,23,3,7,0,3,0,9,0,11,21,0,0,0,0,6,0,10,s,0,0,1,0,2,s,0,12,1,0,0
I217,0,23,3,7,0,3,0,9,0,11,21,0,0,0,0,6,0,10,s,0,0,1,0,2,s,0,12,1,0,12
1649,0,23,3,7,0,3,0,9,0,11,21,0,0,0,0,6,d,10,s,0,d,1,0,2,s,0,12,1,0,12
1984,0,d,3,d,0,3,0,9,s,11,21,d,15,0,0,6,0,10,s,0,0,1,0,2,s,0,12,1,0,12
I220,0,23,3,7,0,s,0,9,0,11,21,0,0,0,0,6,0,10,s,0,0,1,0,2,s,0,12,1,0,0
I221,0,23,3,7,0,s,20,9,0,11,21,0,0,0,0,6,5,10,s,0,0,1,0,2,s,0,12,1,0,0
1583,0,23,3,7,d,s,20,9,0,11,21,0,0,0,0,d,d,10,s,0,d,1,0,d,s,0,12,1,0,0
1582,0,23,3,7,0,s,20,d,0,11,21,0,d,0,0,6,5,10,s,d,0,1,0,2,s,d,d,1,0,d
1427,1,d,3,d,0,s,0,9,7,s,21,d,0,17,0,6,0,10,s,d,0,1,0,2,s,0,12,1,0,0
I223,0,0,3,7,0,3,31,9,0,11,0,0,0,0,0,6,0,10,s,0,0,1,0,0,s,0,12,1,0,0
I224,0,0,3,7,0,3,31,9,0,s,0,0,0,0,0,6,0,10,s,0,0,1,0,0,s,0,12,1,0,0
I226,0,0,s,7,0,3,31,9,0,s,0,0,0,0,s,6,0,10,s,0,0,1,20,0,s,0,12,1,0,0
I227,1,0,s,7,0,3,31,9,0,s,0,0,0,0,s,6,0,10,s,0,0,1,20,0,s,0,12,1,0,0
1549,1,0,s,d,0,3,d,9,0,s,0,0,0,0,s,d,0,10,s,d,0,1,20,0,s,0,d,1,0,0
1548,1,d,s,7,0,3,31,9,0,s,0,0,0,0,s,6,0,10,s,0,d,d,20,0,s,0,12,1,0,0
1594,0,d,s,7,0,3,31,d,0,s,s,3,0,0,s,6,0,10,s,d,5,1,20,0,s,0,12,1,2,0
I232,0,0,3,7,0,3,31,9,0,s,0,0,0,0,0,6,0,10,s,0,0,1,0,0,s,4,12,1,0,0
1562,d,15,3,7,0,3,d,9,1,s,d,0,15,0,0,6,0,10,s,0,0,1,0,d,s,4,12,1,s,0
1625,0,11,3,d,7,3,31,9,0,s,0,0,0,9,1,6,0,d,s,0,0,1,0,0,s,4,12,1,d,0
I239,0,0,3,7,0,3,31,9,0,11,0,6,19,0,0,6,s,10,s,0,0,1,21,0,s,0,12,1,0,0
I240,0,0,3,7,0,3,31,9,0,11,0,6,19,11,0,6,s,10,s,0,0,1,21,0,s,0,12,1,0,0
I241,0,0,3,7,0,3,31,9,0,11,0,6,19,11,0,6,s,10,s,0,0,1,21,8,s,0,12,1,0,0
I242,0,18,3,7,0,3,31,9,0,11,0,6,19,11,1,6,s,10,s,0,0,1,21,8,s,0,12,1,0,0
1951,0,18,3,7,d,3,31,9,0,11,0,6,19,11,1,6,s,10,s,0,0,1,21,8,s,0,12,1,0,0
1950,0,18,3,7,0,3,31,d,d,11,0,6,19,11,d,6,s,10,s,d,0,1,21,8,s,0,12,1,d,0
1796,d,0,3,7,0,3,d,9,0,11,d,6,d,11,4,6,s,10,s,0,0,1,s,8,s,0,d,1,0,0
2033,0,0,3,d,0,3,d,9,0,11,0,6,19,11,0,6,s,10,s,2,19,1,21,0,s,1,12,1,0,6
I246,0,0,3,7,13,3,31,9,0,11,0,6,19,0,0,6,s,10,s,0,0,1,21,0,s,0,12,1,0,0
I247,0,0,3,7,13,3,31,9,0,11,0,6,19,0,0,6,s,10,s,0,0,1,21,0,s,0,12,1,0,0
2021,0,0,3,7,13,s,31,9,0,11,d,6,19,0,0,6,s,10,s,0,d,1,21,0,s,0,12,1,0,d
1050,0,0,3,7,d,3,d,9,0,11,0,6,d,d,0,6,s,10,s,0,0,1,21,0,s,0,12,1,0,0
I249,0,1,3,7,13,3,31,9,0,11,0,6,19,0,2,6,s,10,s,0,0,s,21,0,s,0,12,1,0,0
1996,0,1,3,7,13,d,31,9,0,11,0,6,19,0,2,d,s,10,s,0,0,s,21,0,s,0,12,1,0,0
1030,0,1,3,7,d,3,31,9,0,11,0,6,d,0,2,6,s,10,s,0,0,s,21,s,s,0,12,1,0,0
I251,0,0,0,0,0,3,0,0,0,11,0,s,s,0,0,0,0,0,s,0,0,1,0,12,0,0,0,0,0,0
I252,0,0,0,0,0,3,0,0,0,11,0,s,s,6,0,0,0,0,s,1,0,1,0,12,0,0,0,0,0,0
I253,0,0,0,0,0,3,0,0,0,11,0,s,s,6,1,0,0,0,s,1,s,1,0,12,0,0,0,0,0,0
I254,1,0,26,0,0,3,0,0,0,11,29,s,s,6,1,0,0,0,s,1,s,1,0,12,0,1,0,0,0,0
I255,1,0,26,0,0,3,0,0,0,11,29,s,s,6,1,0,0,0,s,1,s,1,0,12,0,1,0,0,0,0
I256,1,0,26,0,0,3,17,0,0,11,29,s,s,6,1,0,0,0,s,1,s,1,0,12,0,1,0,0,0,0
1378,1,d,26,0,0,3,s,0,0,d,29,s,s,6,d,0,0,0,s,1,s,1,0,12,0,1,0,0,2,0
I260,1,16,26,0,0,3,17,0,0,11,29,s,s,6,1,0,0,0,s,1,s,1,0,12,0,1,0,0,0,0
1068,1,16,d,0,13,3,17,0,s,11,29,s,s,6,1,0,0,0,s,1,s,1,0,12,0,1,31,0,2,14
1358,1,16,26,16,0,3,17,0,0,11,29,s,s,d,1,0,0,28,s,1,s,1,0,d,0,1,0,d,0,0
I263,1,0,26,26,0,3,0,0,0,11,29,s,s,6,1,0,0,0,s,1,s,1,0,12,0,1,0,0,0,12
I264,1,25,26,26,0,3,0,0,0,11,29,s,s,6,1,0,0,27,s,1,s,1,0,12,0,1,30,0,0,12
1101,1,25,26,26,0,3,d,0,0,d,29,s,s,6,1,0,d,27,s,1,s,1,0,12,0,1,30,d,0,d
1255,1,25,d,26,0,3,0,0,0,s,29,s,s,6,1,0,d,d,s,1,s,d,0,12,0,1,30,0,0,12
I267,1,0,26,26,0,3,0,0,0,11,29,s,s,6,1,3,0,0,s,1,s,1,0,12,0,1,0,0,0,12
1054,1,0,26,26,6,3,0,d,36,11,29,s,s,6,1,d,0,21,s,1,s,1,0,12,0,1,0,0,0,12
I269,1,0,26,26,0,3,0,0,0,11,29,s,s,6,1,3,0,3,s,1,s,1,0,12,2,1,0,1,0,12
1279,1,0,26,26,0,3,0,0,0,11,d,s,s,6,d,3,0,3,s,1,s,1,0,12,2,1,0,1,0,12
1278,1,0,26,26,0,3,0,0,d,11,29,s,s,6,1,3,0,3,s,1,s,1,0,12,d,1,0,d,0,12
I270,1,0,26,0,0,3,0,0,36,11,29,s,s,6,1,0,0,0,s,1,s,1,0,12,0,1,0,0,0,0
I271,1,0,26,18,0,3,0,0,36,11,29,s,s,6,1,0,0,0,s,1,s,1,0,12,2,1,0,0,0,0
I272,1,0,26,18,0,3,8,0,36,11,29,s,s,6,1,0,0,0,s,1,s,1,0,12,2,1,0,1,0,0
1004,1,0,26,18,0,3,d,12,36,11,29,s,s,6,d,s,0,0,s,1,s,1,0,12,2,1,0,1,3,3
1909,d,d,d,18,0,3,8,0,36,11,29,s,s,6,1,0,0,0,s,1,s,1,d,12,d,1,0,d,2,0
I277,1,0,26,18,0,3,0,0,36,11,29,s,s,6,1,0,0,1,s,1,s,1,21,12,2,1,0,0,0,0
I278,1,0,26,18,0,3,0,0,36,11,29,s,s,6,1,0,0,1,s,1,s,1,21,12,2,1,7,0,0,0
1073,1,0,26,d,0,3,0,2,36,11,29,s,s,d,1,0,0,1,s,1,s,1,d,12,2,1,d,0,0,0
1072,1,0,26,d,0,d,0,0,36,11,29,s,s,6,1,0,0,1,s,1,s,1,21,12,2,1,7,0,3,0
1187,1,0,26,18,0,s,0,0,36,d,29,s,s,6,1,d,0,1,s,1,s,1,21,12,2,d,0,1,2,0
I280,1,0,26,0,0,3,0,0,36,11,29,s,s,6,1,0,1,0,s,1,s,1,0,12,0,1,0,0,0,0
1319,1,0,26,0,s,3,5,0,36,11,29,s,s,d,1,0,1,d,s,1,s,1,d,d,0,1,0,0,d,d
1474,1,0,26,0,0,d,4,0,36,11,29,s,s,6,1,0,1,0,s,1,s,1,15,12,0,1,0,1,0,0
I287,0,0,0,0,0,3,0,0,0,11,0,s,s,6,1,0,0,0,s,1,s,1,14,12,0,0,0,0,0,0
I288,0,0,0,0,0,3,0,0,0,11,0,s,s,6,1,0,0,0,s,1,s,1,14,12,0,0,0,0,0,0
I289,0,0,0,0,0,3,0,0,0,11,0,s,s,6,1,0,1,0,s,1,s,1,14,12,2,0,s,0,0,0
I290,0,0,0,0,0,3,0,0,0,11,0,s,s,6,1,0,1,0,s,1,s,1,14,12,2,0,s,0,0,0
I291,0,0,0,0,0,3,0,0,0,11,0,s,s,6,1,0,1,0,s,1,s,1,14,12,2,0,s,0,0,0
1145,0,0,0,0,0,3,s,d,0,11,0,s,s,6,1,0,1,0,s,1,s,1,14,12,2,0,s,0,0,0
1144,0,d,0,0,0,3,0,0,0,d,0,s,s,6,1,0,1,0,s,1,s,1,d,12,2,0,s,0,0,0
I292,0,0,0,0,0,3,0,0,0,11,0,s,s,6,1,15,1,0,s,1,s,1,14,12,2,0,s,0,0,0
1489,0,0,d,31,0,3,0,d,23,11,0,s,s,6,1,15,1,0,s,1,s,1,14,12,2,0,s,0,0,0
1488,0,0,0,d,0,3,0,0,0,11,0,s,s,6,1,d,1,0,s,d,s,1,d,12,2,0,s,0,0,0
I295,0,0,0,0,0,3,0,0,0,11,16,s,s,6,1,0,1,0,s,1,s,1,14,12,2,0,s,0,0,0
1417,0,0,0,0,0,3,0,0,0,11,16,s,s,6,1,d,1,0,s,1,s,d,14,12,2,0,s,0,0,0
1416,0,d,0,0,0,3,0,0,0,11,16,s,s,6,1,0,1,d,s,1,s,1,14,12,2,0,s,d,2,0
I296,0,0,0,0,0,3,0,0,0,11,2,s,s,6,1,0,0,20,s,1,s,1,14,12,0,0,0,0,0,0
I297,1,0,0,0,0,3,0,0,0,11,2,s,s,6,1,0,0,20,s,1,s,1,14,12,0,0,0,0,0,0
1733,1,0,26,0,0,3,17,d,0,11,d,s,s,6,1,0,d,20,s,1,s,1,14,12,d,0,0,1,0,0
I299,1,0,0,0,0,3,0,0,0,11,2,s,s,6,1,0,0,20,s,1,s,1,14,12,0,0,0,0,0,0
1147,1,0,0,0,d,d,0,0,0,11,2,s,s,s,1,0,0,20,s,s,s,1,14,12,0,0,9,0,d,0
1146,1,1,0,0,0,3,0,s,0,11,2,s,s,6,1,0,0,d,s,1,s,1,d,12,0,0,s,0,d,0
1239,1,0,0,0,0,3,0,0,1,11,d,s,s,6,1,0,0,s,s,d,s,d,14,12,0,d,31,1,0,13
I303,0,0,0,0,0,3,1,0,0,11,9,s,s,6,1,0,0,0,s,1,s,1,14,12,0,0,4,0,0,0
I304,0,0,0,s,0,3,1,0,0,11,9,s,s,6,1,0,0,5,s,1,s,1,14,12,0,0,4,0,0,0
1798,0,s,0,s,d,3,d,0,0,11,9,s,s,6,1,0,4,5,s,1,s,d,14,d,0,0,4,0,3,0
I308,0,0,0,s,0,3,1,0,0,11,9,s,s,6,1,0,s,5,s,1,s,1,14,12,0,0,4,0,0,0
947,0,0,0,s,0,d,1,0,0,11,9,s,s,d,1,0,s,5,s,1,s,1,14,12,0,0,4,0,0,d
I309,0,0,0,s,0,3,1,0,0,11,9,s,s,6,1,0,s,5,s,1,s,1,14,12,0,0,4,0,0,0
1841,0,d,0,s,0,3,1,0,0,11,9,s,s,6,1,d,s,s,s,1,s,1,14,12,0,0,d,0,0,0
1840,0,d,0,s,d,3,d,d,d,11,9,s,s,6,1,d,s,5,s,1,s,1,14,12,0,0,4,0,d,0
I314,0,0,0,0,0,3,1,s,28,11,9,s,s,6,1,14,0,0,s,1,s,1,14,12,0,0,4,1,0,0
1783,0,0,0,1,0,3,1,s,28,11,9,s,s,6,d,14,4,0,s,1,s,1,14,12,0,0,4,1,0,0
I316,1,0,0,0,0,3,1,s,28,11,9,s,s,6,1,14,0,0,s,1,s,1,14,12,0,0,4,1,0,0
1889,d,0,0,0,0,3,1,s,28,11,9,s,s,6,1,d,0,0,s,1,s,1,14,d,0,0,4,1,0,d
1888,1,19,0,0,0,3,1,s,28,11,9,s,s,6,1,14,0,0,s,d,s,1,14,s,d,0,4,1,0,0
I317,0,0,0,0,0,3,0,2,0,11,0,s,s,6,1,0,0,0,s,1,0,1,0,12,0,0,0,0,0,0
I318,0,0,0,0,0,3,0,2,0,11,0,s,s,6,1,0,0,0,s,s,0,1,0,12,0,0,0,0,0,0
I319,0,0,0,0,0,3,0,2,0,11,0,s,s,6,1,0,2,0,s,s,0,1,0,12,0,0,0,0,0,0
I320,0,0,0,0,0,3,0,2,0,11,5,s,s,6,1,0,2,0,s,s,8,1,0,12,0,1,0,1,0,0
1800,1,0,0,0,1,3,d,2,d,11,d,s,s,6,1,0,2,14,s,s,d,1,0,12,0,1,0,1,s,0
I324,0,0,0,0,0,3,0,s,0,11,5,s,s,6,1,0,2,0,s,s,8,1,2,12,0,1,0,1,0,0
1455,0,0,0,12,0,3,26,s,0,d,5,s,s,d,1,0,d,14,s,s,8,s,2,12,0,1,0,1,0,d
1429,0,17,0,0,0,3,23,s,d,11,5,s,s,6,1,0,2,14,s,s,8,d,2,12,0,1,0,d,0,d
I327,2,0,10,0,0,3,0,2,0,11,0,s,s,6,1,27,2,0,s,s,0,1,0,12,0,0,0,0,3,0
1129,2,0,d,0,0,3,0,2,0,11,0,s,s,6,1,27,2,0,s,s,0,1,0,12,d,d,21,1,d,d
I331,2,15,10,0,0,3,0,2,0,11,0,s,s,6,1,27,2,0,s,s,24,1,0,12,0,0,0,0,3,6
I332,2,15,10,0,0,3,0,2,19,11,0,s,s,6,1,27,2,0,s,s,24,1,0,12,0,0,0,0,3,6
1141,2,d,10,0,0,3,0,2,19,11,0,s,s,6,1,27,2,0,s,s,24,1,0,12,0,0,d,0,3,6
1140,2,d,10,0,0,d,d,d,19,11,0,s,s,6,1,27,s,0,s,s,d,1,0,12,0,0,0,0,3,6
1538,2,15,10,0,0,3,12,2,0,11,s,s,s,6,1,27,2,d,s,s,d,1,0,d,0,0,0,1,3,6
I334,0,0,0,0,0,3,0,2,s,11,0,s,s,6,1,0,0,0,s,s,0,1,0,12,0,1,0,0,2,0
I335,0,0,0,0,0,3,0,2,s,11,0,s,s,6,1,0,0,0,s,s,0,1,0,12,0,1,0,0,2,4
1977,0,d,0,d,0,3,0,2,s,d,0,s,s,6,1,0,d,0,s,s,0,1,d,d,0,1,0,d,d,4
I339,0,0,0,0,0,3,0,2,s,11,0,s,s,6,1,0,0,0,s,s,0,1,0,12,0,1,0,0,s,4
I340,0,0,0,0,0,3,0,2,s,11,0,s,s,6,1,0,0,0,s,s,0,1,0,12,0,1,0,0,s,4
1665,d,0,0,d,0,3,0,2,s,11,0,s,s,d,1,0,0,d,s,s,0,1,0,12,0,1,0,0,s,4
1664,0,0,0,0,d,3,d,2,s,11,0,s,s,6,1,d,0,0,s,s,0,d,d,12,d,1,d,0,s,d
1898,0,0,0,0,0,3,0,d,s,11,0,s,s,6,1,d,0,0,s,s,0,1,0,12,0,1,0,0,s,4
I342,0,0,s,27,0,3,0,2,s,11,0,s,s,6,1,0,0,0,s,s,0,1,0,12,0,1,0,0,2,0
1734,0,0,s,d,0,3,0,2,s,11,s,s,s,6,1,d,0,0,s,s,0,d,0,d,0,1,d,0,2,s
I346,0,0,s,27,0,3,17,2,s,11,0,s,s,6,1,0,0,0,s,s,0,1,0,12,6,1,0,0,2,0
1936,0,d,s,27,d,d,17,2,s,11,30,s,s,6,1,0,0,0,s,s,0,1,d,12,6,1,0,0,d,0
I348,1,0,s,27,0,3,17,2,s,11,0,s,s,6,1,15,0,0,s,s,0,1,0,12,6,1,0,0,2,0
1499,1,0,s,27,d,3,17,2,s,11,0,s,s,6,1,15,0,0,s,s,0,1,0,d,6,1,0,1,2,0
1498,1,0,s,d,d,3,17,2,s,d,d,s,s,6,1,15,0,0,s,s,0,1,0,12,d,1,4,0,2,0
I349,0,0,0,0,0,3,0,2,0,11,0,s,s,6,1,0,5,0,s,1,0,1,0,12,0,0,0,0,0,0
I350,0,23,0,0,0,3,0,2,0,11,0,s,s,6,1,0,5,1,s,1,0,1,20,12,0,0,0,0,2,0
I351,0,23,3,0,0,3,0,2,0,11,0,s,s,6,1,38,5,1,s,1,0,1,20,12,0,0,0,0,2,0
1768,0,23,3,0,0,3,d,2,0,11,d,s,s,6,1,38,5,1,s,1,0,d,20,12,0,0,9,d,2,0
1684,0,d,3,0,0,3,0,2,3,11,0,s,s,6,d,38,5,1,s,1,d,1,20,12,s,0,0,0,2,0
I358,0,23,0,0,0,3,0,2,0,11,5,s,s,s,1,0,5,1,s,1,5,1,20,12,0,0,0,s,s,0
I360,0,23,0,7,12,3,0,2,0,11,5,s,s,s,1,0,5,1,s,1,5,1,20,12,0,0,0,s,s,0
1167,1,23,0,7,12,3,0,2,0,11,d,s,s,s,1,0,5,1,s,1,5,1,d,d,0,0,0,s,s,d
1166,0,d,0,7,12,3,0,d,0,11,5,s,s,s,1,0,5,1,s,1,5,1,20,12,0,d,0,s,s,0
I363,1,23,0,0,0,3,0,2,0,11,5,s,s,s,1,2,5,1,s,1,5,1,20,12,0,0,0,s,s,0
1219,d,23,0,s,0,3,39,2,0,11,5,s,s,s,1,d,5,1,s,1,5,1,20,12,0,0,0,s,s,0
1218,1,23,d,0,0,3,0,2,0,11,d,s,s,s,1,2,5,1,s,d,5,1,20,12,2,0,d,s,s,0
I365,0,0,0,9,0,3,7,2,0,11,0,s,s,6,1,0,5,0,s,1,0,1,0,s,0,0,27,0,0,0
I366,0,0,0,9,0,3,7,2,0,11,0,s,s,6,1,0,5,0,s,1,24,1,0,s,0,0,27,0,0,12
1525,0,d,0,9,0,3,d,2,0,11,d,s,s,d,1,0,5,0,s,1,24,1,d,s,2,0,d,0,0,12
1941,d,16,d,s,0,3,7,2,0,11,0,s,s,6,1,d,5,d,s,1,24,1,0,s,2,0,27,0,2,12
I377,0,5,0,9,0,3,7,2,0,11,0,s,s,6,1,0,s,0,s,1,0,1,14,s,2,0,27,0,0,0
I378,1,5,0,9,0,3,7,2,0,11,0,s,s,6,1,0,s,0,s,1,0,1,14,s,2,0,27,0,0,12
1391,1,5,0,9,0,3,7,2,0,11,d,s,s,6,1,0,s,0,s,1,0,d,14,s,2,0,27,0,0,d
1390,1,d,0,9,0,3,7,2,0,11,0,s,s,6,1,d,s,0,s,1,d,1,d,s,2,0,27,0,d,12
I379,0,5,0,9,0,3,7,2,0,11,0,s,s,6,1,0,s,0,s,1,0,1,14,s,2,0,27,0,0,0
1077,1,5,0,9,0,3,7,2,0,11,0,s,s,6,1,d,s,d,s,d,0,1,14,s,2,0,27,1,0,0
1076,0,5,0,9,0,3,7,d,40,d,19,s,s,6,1,0,s,0,s,1,d,1,14,s,2,0,27,0,0,d
I380,1,1,34,0,0,3,0,0,4,11,0,s,s,0,0,0,0,0,s,0,0,1,8,12,4,0,0,0,2,0
I381,s,1,34,0,0,3,0,0,4,11,0,s,s,0,0,0,0,16,s,0,6,1,8,12,4,0,0,0,2,0
I382,s,1,34,0,0,3,0,0,4,11,0,s,s,0,0,16,0,16,s,1,6,1,8,12,4,0,0,0,2,0
I383,s,1,34,0,0,3,0,0,4,11,0,s,s,0,0,16,0,16,s,1,6,1,8,12,4,0,0,0,2,0
I384,s,1,34,0,0,3,0,11,4,11,0,s,s,0,0,16,0,16,s,1,6,1,8,12,4,0,0,1,2,0
I385,s,1,34,0,16,3,0,11,4,11,0,s,s,0,0,16,0,16,s,1,6,1,8,12,4,0,0,1,2,0
I386,s,1,34,0,16,3,0,11,4,11,0,s,s,0,0,16,0,16,s,1,6,1,8,12,4,0,0,1,s,0
1839,s,1,d,0,16,3,0,11,4,11,0,s,s,0,0,16,0,16,s,1,6,d,8,d,4,d,0,1,s,0
1838,s,1,d,0,16,3,0,11,4,11,0,s,s,0,0,16,0,16,s,1,6,1,d,d,4,0,d,1,s,0
1566,s,1,34,0,16,d,0,11,4,11,0,s,s,0,0,16,0,16,s,1,6,d,s,d,4,1,0,d,2,0
I388,s,1,34,0,0,3,0,11,4,11,0,s,s,0,0,16,0,16,s,1,6,1,8,12,4,0,0,1,2,0
1791,s,1,34,0,0,3,1,d,4,11,0,s,s,d,0,16,0,d,s,1,6,1,8,12,d,1,9,1,d,0
I390,s,1,34,0,0,3,0,11,4,11,0,s,s,0,0,16,0,16,s,1,6,1,8,12,4,0,0,1,2,0
1699,s,d,34,0,0,3,0,11,d,11,0,s,s,0,0,d,0,16,s,d,d,1,8,d,4,d,0,1,2,d
1698,s,1,34,28,0,3,0,d,4,11,14,s,s,0,0,d,0,16,s,1,d,1,8,12,4,0,0,1,2,d
I391,s,1,34,0,0,3,0,0,4,11,3,s,s,0,0,16,0,16,s,1,6,1,8,12,4,0,0,0,2,s
I392,s,1,34,0,10,3,0,0,4,11,3,s,s,8,0,16,0,16,s,1,6,1,8,12,4,0,0,1,2,s
I393,s,1,34,0,10,3,8,0,4,11,3,s,s,8,0,16,0,16,s,1,6,1,8,12,4,0,0,1,2,s
1675,s,1,34,0,10,3,d,0,d,11,3,s,s,s,0,16,0,16,s,d,6,1,8,12,4,0,d,1,2,s
1674,s,1,34,0,10,3,8,0,4,d,3,s,s,8,d,16,0,16,s,1,6,1,8,12,4,0,0,1,d,s
I394,s,1,34,0,10,3,0,0,4,11,3,s,s,8,0,16,0,16,s,1,6,1,8,12,4,0,0,1,2,s
1741,s,1,34,0,10,3,0,0,d,d,3,s,s,8,d,16,0,16,s,s,6,1,8,d,4,0,0,1,2,s
1740,s,1,34,0,10,3,0,0,4,11,3,s,s,8,0,16,0,16,s,1,6,1,8,12,4,0,0,1,2,s
I395,s,1,34,0,0,3,0,0,4,11,3,s,s,0,0,16,0,16,s,1,6,1,8,12,4,0,0,0,2,s
1592,s,1,34,0,0,3,d,0,4,11,3,s,s,0,d,16,0,16,s,1,6,d,8,12,4,0,0,0,2,s
1711,s,1,34,0,0,3,d,0,4,11,3,s,s,0,0,16,d,16,s,1,d,d,8,12,4,0,0,0,2,s
I398,s,1,34,0,0,3,0,6,4,11,0,s,s,0,0,16,0,16,s,1,6,1,8,12,4,0,0,1,2,0
I399,s,1,34,0,0,3,0,6,4,11,0,s,s,21,0,16,0,16,s,1,6,1,8,12,4,0,0,1,2,14
I400,s,1,34,0,0,3,0,6,4,11,0,s,s,21,0,16,0,16,s,1,6,1,8,12,4,0,0,1,2,14
1933,s,1,d,d,0,3,0,6,4,11,0,s,s,21,0,16,3,16,s,1,6,1,8,12,4,1,31,1,2,14
I402,s,1,34,0,0,3,0,6,4,11,0,s,s,21,0,16,0,16,s,1,6,1,8,12,4,1,0,1,2,14
1895,s,1,34,0,0,3,0,6,4,11,d,s,s,21,0,16,d,d,s,1,6,1,8,d,4,d,0,1,2,14
1894,s,1,34,0,0,3,0,6,4,11,0,s,s,21,d,16,0,16,s,1,6,1,8,12,d,1,d,d,2,14
I405,s,1,34,0,0,3,0,6,4,11,2,s,s,21,0,s,13,16,s,1,6,1,8,12,4,0,0,1,2,14
1881,s,1,34,0,0,3,0,6,4,d,2,s,s,21,d,s,13,16,s,d,6,1,8,12,4,d,0,1,2,14
1880,s,1,34,d,0,d,0,6,d,11,2,s,s,d,d,s,13,16,s,1,6,1,8,d,d,0,7,1,d,14
I406,s,1,34,0,0,3,0,6,4,11,0,s,s,0,2,16,5,16,s,1,6,1,8,12,4,0,0,1,2,0
1689,s,1,34,0,0,d,0,6,4,s,0,s,s,s,s,16,d,16,s,1,6,1,8,d,4,1,0,1,d,6
1982,s,1,34,d,0,3,0,6,4,11,d,s,s,0,2,16,5,16,s,1,s,1,d,12,4,0,0,s,2,0
I413,s,1,34,0,0,3,0,0,4,11,0,s,s,2,0,36,13,16,s,0,6,1,8,12,4,0,0,0,2,0
I414,s,1,34,0,0,3,0,0,4,11,0,s,s,2,0,36,13,16,s,0,6,1,8,12,4,0,0,0,2,0
I415,s,1,34,0,0,3,0,0,4,11,0,s,s,2,0,36,13,16,s,0,6,1,8,12,4,0,0,0,2,0
I417,s,1,34,0,0,3,0,0,4,11,31,s,s,2,1,36,13,16,s,0,6,1,8,12,4,0,0,1,2,6
1331,s,1,34,0,d,3,0,0,4,11,31,s,s,2,1,36,13,16,s,0,6,1,8,12,4,0,0,1,2,6
1330,s,1,34,0,0,3,0,0,4,d,31,s,s,2,d,36,13,16,s,0,6,1,d,12,4,0,7,d,2,6
1290,s,1,34,0,d,3,0,0,d,11,0,s,s,2,0,36,d,16,s,0,6,1,8,d,4,0,0,0,2,10
I422,s,1,34,0,0,3,0,0,4,11,s,s,s,2,0,36,13,16,s,0,6,1,8,12,4,0,0,0,2,0
1209,s,1,34,0,s,3,0,d,4,11,s,s,s,2,d,36,d,16,s,2,6,1,8,12,4,1,9,0,d,d
I426,s,1,34,0,0,3,0,0,4,11,s,s,s,2,0,36,13,16,s,0,6,1,8,12,4,0,0,0,2,0
1156,s,d,d,d,0,3,0,0,s,11,s,s,s,2,s,36,13,16,s,0,6,d,8,12,4,0,d,0,2,0
I428,s,1,34,0,0,3,0,0,4,11,s,s,s,2,0,36,s,16,s,0,6,1,8,12,4,0,0,0,2,0
1109,s,1,34,0,0,3,0,0,4,11,s,s,s,2,d,d,s,16,s,0,6,1,8,12,4,0,0,0,2,0
1108,s,1,34,0,d,d,0,0,4,11,s,s,s,2,0,36,s,d,s,d,6,1,d,12,4,0,0,0,d,0
I429,s,1,34,0,0,3,0,0,4,11,0,s,s,2,0,36,13,16,s,0,6,1,8,12,4,0,0,0,2,0
I430,s,1,34,0,0,3,0,0,4,11,0,s,s,2,0,36,13,16,s,1,6,1,8,12,4,0,0,0,2,0
1409,s,1,34,d,0,3,0,d,4,d,4,s,s,2,0,36,d,16,s,1,6,1,8,d,4,0,0,d,2,12
I434,s,1,34,0,0,3,0,0,4,11,0,s,s,2,0,36,13,16,s,1,6,1,8,12,4,s,0,0,2,0
1662,s,1,34,0,0,3,0,0,s,11,0,s,s,d,0,36,13,16,s,1,d,1,8,d,4,s,0,0,2,0
1585,s,1,34,0,0,3,0,0,4,11,0,s,s,2,0,36,13,16,s,1,6,1,8,12,4,s,0,0,2,0
I437,s,1,34,0,0,3,0,0,4,11,0,s,s,2,0,36,s,16,s,0,6,1,8,12,4,0,0,0,s,0
I438,s,1,34,0,0,3,0,0,4,11,0,s,s,2,1,36,s,16,s,0,6,1,8,12,4,0,s,0,s,0
I439,s,1,34,0,0,3,0,0,4,11,0,s,s,2,1,36,s,16,s,0,6,1,8,12,4,0,s,0,s,0
1529,s,d,34,0,0,3,0,0,4,11,0,s,s,d,1,36,s,d,s,0,d,1,8,12,4,d,s,d,s,0
1528,s,1,34,0,0,3,0,0,4,11,0,s,s,d,1,36,s,d,s,0,6,1,8,12,4,0,s,0,s,0
1602,s,1,34,0,d,3,0,0,4,11,d,s,s,2,d,36,s,16,s,0,6,1,d,12,d,d,s,0,s,0
I441,s,1,34,19,4,3,0,6,4,11,0,s,s,2,0,36,s,s,s,2,6,1,8,12,4,0,0,0,s,0
1975,s,1,34,d,4,3,s,6,4,11,0,s,s,2,0,36,s,s,s,2,6,1,8,s,4,0,0,d,s,0
I443,s,1,34,19,4,3,0,6,4,11,0,s,s,2,0,36,s,s,s,2,6,1,8,12,4,0,0,0,s,0
1543,s,d,34,19,4,3,0,6,4,11,0,s,s,2,0,36,s,s,s,2,6,1,8,12,4,0,4,0,s,0
1542,s,1,34,19,4,3,d,6,4,11,0,s,s,2,0,36,s,s,s,2,6,1,8,12,4,0,0,0,s,0
I444,1,1,34,0,0,3,0,0,4,11,0,s,s,0,0,0,0,3,s,s,0,1,8,12,4,0,0,0,2,0
I445,1,1,34,0,0,3,0,0,4,11,0,s,s,0,0,0,0,3,s,s,0,1,8,12,4,0,0,0,2,s
I446,1,1,34,0,0,3,16,0,4,11,0,s,s,0,0,0,0,3,s,s,0,1,8,12,4,1,0,0,2,s
I447,1,1,34,0,0,3,16,0,4,11,0,s,s,0,0,0,0,3,s,s,0,1,8,12,4,1,0,0,2,s
1273,1,1,34,0,1,d,16,d,4,11,3,s,s,11,0,36,0,3,s,s,0,1,8,d,4,d,0,0,2,s
I451,1,1,34,12,0,3,16,0,4,11,0,s,s,11,0,16,0,3,s,s,19,1,8,12,4,1,0,0,2,s
1142,1,1,34,12,0,3,16,0,4,11,0,s,s,11,0,16,0,3,s,s,19,d,8,12,4,1,0,0,2,s
I453,1,1,34,12,0,3,16,0,4,11,0,s,s,11,0,16,0,3,s,s,19,1,8,s,4,s,0,0,2,s
1153,1,d,34,12,0,3,16,0,d,11,d,s,s,11,d,16,0,3,s,s,19,1,8,s,4,s,0,d,2,s
1152,1,1,34,12,0,3,16,0,4,11,0,s,s,11,0,16,d,3,s,s,19,1,8,s,4,s,d,0,s,s
I454,1,1,34,0,12,3,16,0,4,11,0,s,s,0,0,0,0,3,s,s,0,1,8,12,4,1,0,1,2,s
I455,1,1,34,0,12,3,16,0,4,11,0,s,s,0,0,0,0,3,s,s,0,1,8,12,4,1,0,1,2,s
I456,1,1,34,0,12,3,16,6,4,11,0,s,s,0,0,0,0,3,s,s,7,1,8,s,4,1,0,1,2,s
1907,1,d,34,0,12,3,16,6,4,11,0,s,s,0,0,0,0,d,s,s,7,1,8,s,4,d,0,1,2,s
1906,1,1,34,d,12,3,16,6,4,11,0,s,s,0,0,d,0,3,s,s,7,1,d,s,d,1,0,1,2,s
I457,1,1,34,0,12,3,16,0,4,11,7,s,s,0,1,0,0,3,s,s,0,1,8,12,4,1,0,1,2,s
1821,1,1,34,0,12,3,16,0,4,11,7,s,s,d,1,0,0,3,s,s,0,1,8,12,4,1,0,1,2,s
1820,1,1,34,0,12,3,16,0,4,11,7,s,s,0,1,0,d,3,s,s,0,1,8,12,4,1,0,d,2,s
2025,1,1,34,0,12,3,16,d,4,11,0,s,s,d,0,2,0,3,s,s,0,d,8,12,d,1,0,1,2,s
I461,1,1,34,0,0,3,0,0,4,11,0,s,s,0,0,0,2,3,s,s,13,1,8,12,4,0,0,0,2,s
I462,1,1,34,0,0,3,0,0,4,11,0,s,s,0,0,0,2,3,s,s,13,1,8,12,4,0,0,0,2,s
1565,1,1,34,d,0,d,0,d,s,11,0,s,s,0,0,0,d,3,s,s,d,1,8,12,4,0,0,0,2,s
1771,1,1,34,0,0,3,42,8,4,d,0,s,s,0,0,0,2,3,s,s,13,1,8,12,4,1,4,0,2,s
I469,1,1,34,7,0,3,0,0,4,11,0,s,s,0,0,0,2,3,s,s,13,1,8,12,4,0,0,0,2,s
I470,1,1,34,7,0,3,0,0,4,11,0,s,s,0,0,0,2,3,s,s,13,1,8,12,4,0,0,0,2,s
1652,d,1,d,7,0,3,0,0,4,11,0,s,s,0,0,0,2,3,s,s,13,1,8,12,4,0,d,0,2,s
1619,d,1,34,7,10,3,s,5,4,11,4,s,s,0,0,0,2,3,s,s,13,1,8,12,4,0,0,0,d,s
I473,1,1,34,7,0,3,0,0,4,11,0,s,s,0,0,0,2,3,s,s,13,1,8,12,4,0,0,0,2,s
1852,1,1,34,7,0,3,0,0,4,11,d,s,s,0,d,0,d,3,s,s,13,1,8,d,4,0,0,d,2,s
1914,1,1,34,7,0,3,0,0,4,11,0,s,s,0,0,0,d,3,s,s,13,1,8,12,4,1,d,0,2,s
I476,1,1,34,0,0,3,0,0,4,11,0,s,s,0,0,0,0,3,s,s,0,1,8,12,4,0,0,0,2,0
I477,1,1,34,0,0,3,0,0,4,11,0,s,s,0,1,0,0,3,s,s,0,1,8,12,4,1,12,0,2,0
I478,1,1,34,0,0,3,0,0,4,11,0,s,s,0,1,0,1,3,s,s,0,1,8,12,4,1,12,0,2,0
I481,1,1,34,0,0,3,0,0,4,11,0,s,s,8,1,0,1,3,s,s,0,1,8,12,4,1,12,0,2,0
1609,1,1,34,0,0,3,0,0,4,11,0,s,s,d,1,0,1,3,s,s,0,d,8,12,4,s,d,0,2,0
1608,1,1,d,0,0,3,0,0,4,d,0,s,s,8,1,0,1,3,s,s,d,1,8,12,d,1,12,0,2,0
I482,1,1,34,0,0,3,0,0,4,11,27,s,s,0,1,0,1,3,s,s,0,1,8,12,4,1,12,0,2,0
1825,1,1,d,0,0,d,0,8,4,11,d,s,s,0,1,0,1,d,s,s,0,1,8,12,d,1,12,d,2,0
1705,1,1,34,0,0,3,0,0,4,11,27,s,s,d,1,0,1,3,s,s,0,1,d,12,4,1,12,0,2,0
I485,1,1,34,0,0,3,0,0,4,s,0,s,s,0,1,0,0,3,s,s,0,1,8,12,4,1,12,0,2,0
I486,1,1,34,24,13,3,0,0,4,s,0,s,s,0,1,0,0,3,s,s,0,1,8,12,4,1,12,0,2,0
1808,1,1,34,24,13,3,d,0,4,s,0,s,s,0,1,0,0,3,s,s,d,1,8,12,4,1,d,d,2,0
I488,1,1,34,24,13,3,0,0,4,s,0,s,s,0,1,0,0,3,s,s,0,1,8,12,4,1,12,0,2,4
1709,1,1,34,d,13,3,0,d,4,s,0,s,s,0,1,0,0,3,s,s,0,1,8,12,4,1,12,0,2,4
1708,1,1,34,24,13,3,0,0,4,s,0,s,s,d,d,0,0,3,s,s,0,d,8,12,4,d,d,d,2,4
I489,1,1,34,0,0,3,20,0,4,s,0,s,s,0,1,0,0,3,s,s,19,1,8,12,4,1,12,0,2,0
I490,1,1,34,0,0,3,20,0,4,s,0,s,s,0,1,25,0,3,s,s,19,1,8,12,4,s,12,0,2,0
1751,1,d,34,0,0,3,20,0,4,s,0,s,s,0,1,25,0,d,s,s,19,1,8,12,4,s,12,0,2,0
1750,1,1,34,0,0,3,20,0,4,s,0,s,s,0,1,25,0,3,s,s,d,1,8,12,4,s,d,0,2,0
I491,1,1,34,0,0,3,20,0,4,s,0,s,s,17,1,38,0,3,s,s,19,1,8,12,4,1,12,1,2,0
1969,1,1,34,0,0,3,20,0,d,s,d,s,s,17,1,38,0,3,s,s,d,1,8,12,4,1,12,1,2,0
1968,1,1,34,0,0,d,20,0,4,s,0,s,s,17,1,38,0,d,s,s,19,1,8,12,4,1,12,1,2,d
I492,1,1,34,0,0,3,0,0,4,11,0,s,s,0,0,0,5,3,s,s,0,1,8,12,4,0,0,0,2,0
I493,1,1,34,0,0,3,0,0,4,11,0,s,s,0,0,0,5,3,s,s,0,1,8,s,4,1,0,0,2,0
I495,1,1,34,5,12,3,0,0,4,11,0,s,s,0,0,16,s,3,s,s,0,1,8,s,4,1,4,0,2,0
1865,1,1,34,5,12,3,0,0,4,11,0,s,s,0,0,16,s,3,s,s,0,1,8,s,4,1,4,d,2,14
1864,1,1,34,5,d,3,0,0,4,d,31,s,s,0,0,16,s,3,s,s,0,1,8,s,4,1,4,0,2,0
I497,1,1,34,0,0,3,s,0,4,11,0,s,s,0,0,27,5,3,s,s,0,1,8,s,4,1,0,0,2,0
1611,1,1,d,d,0,3,s,0,4,11,0,s,s,0,0,27,5,3,s,s,0,1,8,s,4,d,0,d,2,0
1479,1,1,34,0,13,3,s,0,4,11,d,s,s,d,d,27,d,3,s,s,s,1,8,s,4,d,0,0,2,d
I500,1,1,34,0,0,3,0,0,4,11,0,s,s,0,0,0,5,3,s,s,30,1,8,12,4,0,0,0,2,0
I503,1,1,34,0,0,3,0,0,4,11,0,s,s,0,0,0,5,3,s,s,30,1,8,12,4,0,0,0,2,0
2001,1,1,34,0,0,d,0,0,4,11,0,s,s,0,d,0,5,3,s,s,30,1,8,12,4,0,0,0,d,d
2000,1,1,d,0,0,3,0,0,4,11,0,s,s,0,0,0,5,3,s,s,30,1,8,12,4,0,0,0,2,0
I504,1,1,34,0,0,3,0,0,4,11,0,s,s,0,0,0,5,3,s,s,s,1,8,12,4,0,0,0,2,0
I505,1,1,34,0,0,3,0,0,4,11,0,s,s,0,0,0,5,3,s,s,s,1,8,12,4,0,0,0,2,s
1659,1,1,34,0,0,3,d,0,4,11,0,s,s,0,0,0,5,3,s,s,s,1,8,12,d,d,0,0,d,s
1658,1,1,34,0,0,3,0,0,4,d,0,s,s,0,0,0,5,3,s,s,s,1,8,12,4,0,0,d,2,s
1904,1,1,34,0,13,3,0,0,d,d,0,s,s,d,0,0,5,3,s,s,s,d,8,12,4,0,0,0,2,0
I507,0,0,0,0,0,3,0,0,s,0,0,0,0,0,0,21,0,0,s,2,0,0,14,0,0,0,0,0,0,0
I508,0,0,0,0,0,3,0,8,s,0,0,0,0,0,0,21,0,0,s,2,9,0,14,0,0,0,0,0,0,0
I509,0,0,0,0,0,3,0,8,s,0,0,0,0,0,0,21,s,0,s,2,9,0,14,0,0,0,0,0,0,0
I510,0,3,0,0,4,3,0,8,s,10,0,0,0,0,0,21,s,0,s,2,9,0,14,0,0,0,0,1,0,0
I511,0,3,0,0,4,3,0,8,s,10,0,0,0,0,0,21,s,0,s,2,9,0,s,s,s,0,0,1,0,0
I512,0,3,0,5,4,3,0,8,s,10,0,0,0,0,0,21,s,0,s,2,9,0,s,s,s,0,0,1,0,0
I513,1,3,0,5,4,3,0,8,s,10,0,0,0,0,0,21,s,26,s,2,9,0,s,s,s,0,0,1,0,0
1067,1,3,0,5,4,s,0,8,s,10,0,0,0,8,d,21,s,26,s,2,9,0,s,s,s,1,0,1,0,0
I518,1,3,s,5,4,3,0,8,s,10,0,0,0,0,1,21,s,26,s,2,9,0,s,s,s,0,0,1,0,0
1091,1,3,s,d,4,3,0,d,s,10,0,0,0,0,1,21,s,26,s,2,9,0,s,s,s,d,0,1,0,0
1090,1,d,s,5,4,3,d,8,s,10,0,0,0,0,1,21,s,26,s,s,9,0,s,s,s,0,0,1,0,3
I520,0,3,0,5,4,3,0,8,s,10,0,0,0,0,0,21,s,0,s,2,9,0,s,s,s,1,0,1,0,0
1323,0,d,d,5,4,3,0,8,s,10,0,0,0,d,0,21,s,0,s,2,9,0,s,s,s,1,0,d,0,0
I525,0,3,0,5,4,3,1,8,s,10,0,0,1,0,1,21,s,0,s,s,9,0,s,s,s,1,0,1,0,0
1355,0,3,0,d,4,d,1,8,s,10,0,0,1,0,1,21,s,0,s,s,9,0,s,s,s,1,0,d,0,0
1354,d,3,d,d,4,3,1,8,s,10,0,0,1,d,d,21,s,0,s,s,9,0,s,s,s,1,0,1,0,0
I527,0,3,0,0,4,3,0,8,s,10,0,0,0,0,0,21,s,0,s,2,9,0,s,s,s,0,9,1,0,0
I528,0,3,0,0,4,3,0,8,s,10,0,0,0,0,0,21,s,0,s,2,9,0,s,s,s,0,9,1,0,14
I529,0,3,0,0,4,3,5,8,s,10,5,0,0,0,0,21,s,0,s,2,9,0,s,s,s,0,9,1,0,14
1381,0,3,d,0,4,3,5,8,s,10,5,0,0,0,0,21,s,0,s,2,9,0,s,s,s,s,9,1,0,14
1655,s,3,0,0,4,d,5,8,s,10,5,0,0,0,d,21,s,0,s,2,9,0,s,s,s,0,9,1,0,14
1389,0,3,0,d,4,3,0,8,s,10,0,0,0,0,0,d,s,d,s,s,d,d,s,s,s,0,9,1,0,14
I535,0,3,0,0,4,3,0,8,s,10,0,0,0,0,0,21,s,9,s,2,9,0,s,s,s,0,9,1,0,10
I536,0,3,0,0,4,3,0,8,s,10,0,0,0,17,0,21,s,9,s,2,9,0,s,s,s,0,9,1,0,10
1211,0,3,0,0,4,3,d,8,s,10,29,0,0,17,0,21,s,9,s,d,9,0,s,s,s,0,9,d,0,d
1236,s,3,0,0,d,3,0,8,s,10,s,0,0,17,0,21,s,9,s,2,9,0,s,s,s,1,9,1,0,10
1155,0,d,28,0,s,3,0,8,s,10,0,0,0,0,0,21,s,d,s,2,9,0,s,s,s,0,9,1,0,10
I542,0,3,33,0,4,3,0,8,s,10,0,3,0,0,0,21,s,0,s,2,9,0,14,0,0,0,0,1,0,0
I543,0,3,33,0,4,3,0,8,s,10,0,3,0,0,0,21,s,0,s,2,9,0,14,0,0,0,0,1,0,0
I544,0,3,33,0,4,3,0,8,s,10,0,3,0,0,0,21,s,0,s,2,9,0,14,0,0,0,31,1,0,0
I545,0,3,33,0,4,3,0,8,s,10,0,3,0,0,1,21,s,0,s,2,9,0,14,0,0,0,31,1,0,0
1183,0,3,33,0,4,3,0,8,s,10,d,d,d,0,d,21,s,0,s,2,9,d,14,d,0,0,31,1,0,0
I547,0,3,33,0,4,3,0,8,s,10,0,3,0,0,1,21,s,0,s,2,9,0,14,0,0,0,31,1,0,4
1083,0,3,33,0,4,3,31,8,s,10,0,3,0,0,1,21,s,0,s,2,s,0,14,0,0,0,31,1,0,4
1082,d,d,33,0,s,3,d,d,s,10,0,3,0,0,1,21,s,d,s,2,9,0,14,0,0,0,31,1,0,4
I548,0,3,33,0,4,3,0,8,s,10,0,3,0,0,0,21,s,0,s,2,9,0,14,0,0,0,31,1,0,0
2046,0,3,33,d,d,3,0,d,s,10,0,d,0,0,0,21,s,d,s,2,9,0,14,0,0,0,31,1,0,0
1127,0,3,33,0,d,3,0,8,s,10,0,3,0,0,d,d,s,18,s,2,d,0,14,d,2,0,31,1,0,0
I552,0,3,33,0,4,3,0,8,s,10,0,3,0,0,0,21,s,0,s,2,9,0,14,0,0,0,0,1,0,0
I554,0,3,33,0,4,3,38,8,s,10,0,3,0,0,1,21,s,10,s,2,9,2,14,0,6,1,0,1,0,0
1089,0,3,33,d,4,3,38,8,s,10,0,3,0,2,1,21,s,10,s,d,d,d,14,0,6,1,0,1,0,0
1088,0,d,33,0,4,d,38,8,s,d,0,3,0,0,d,s,s,10,s,d,9,s,14,0,6,1,d,1,d,0
2039,0,3,33,0,4,3,6,8,s,10,d,3,0,0,1,s,s,9,s,2,d,0,14,0,s,0,0,d,0,0
I561,0,3,33,0,4,3,0,8,s,10,0,3,0,0,0,21,s,0,s,2,9,1,14,0,0,1,0,1,2,0
I562,0,3,33,0,4,3,0,8,s,10,0,3,0,0,0,21,s,0,s,2,9,1,14,0,0,1,0,1,2,0
I563,1,3,33,0,4,3,0,8,s,10,0,3,0,0,0,21,s,0,s,2,9,1,14,25,0,1,0,1,2,0
1194,d,3,d,0,4,3,0,d,s,d,0,d,d,d,d,d,s,0,s,2,9,1,14,25,0,1,0,1,d,0
1169,1,3,33,0,4,3,0,8,s,10,0,3,0,0,0,21,s,0,s,2,9,1,14,25,0,1,6,1,2,0
I566,0,3,33,0,4,3,0,8,s,10,0,3,0,0,0,21,s,0,s,2,9,1,14,0,s,1,0,1,2,0
I567,0,3,33,0,4,3,0,8,s,10,19,3,0,0,0,21,s,0,s,2,9,1,14,0,s,1,0,1,2,10
1401,0,3,d,0,d,3,0,d,s,10,19,3,0,d,0,d,s,0,s,2,9,1,14,0,s,1,0,1,2,10
1400,d,3,d,d,4,3,0,8,s,10,19,3,0,d,0,21,s,0,s,2,d,1,d,d,s,1,0,1,2,10
1516,1,3,33,0,4,3,0,8,s,s,0,3,0,11,0,21,s,0,s,2,d,1,14,0,s,1,31,1,2,0
I569,s,3,33,0,4,3,0,8,s,10,0,3,0,0,1,21,s,0,s,2,9,1,14,17,0,1,0,1,2,10
1294,s,3,33,0,d,s,0,8,s,10,0,3,0,0,1,21,s,0,s,d,9,1,d,d,0,1,d,1,2,10
I573,s,3,33,0,4,3,0,8,s,10,0,3,0,0,1,21,s,0,s,2,9,1,14,17,0,1,0,1,2,10
1551,s,3,33,d,4,3,s,8,s,10,0,3,0,0,d,21,s,0,s,2,9,1,14,17,2,1,9,1,2,10
I575,s,3,33,0,4,3,0,8,s,10,0,3,0,0,1,21,s,0,s,2,9,1,14,17,0,1,0,1,2,10
1197,s,3,33,0,4,3,0,8,s,10,0,3,0,0,1,21,s,d,s,2,9,1,14,d,0,1,0,1,2,10
1196,s,3,33,d,4,3,0,8,s,10,18,3,0,d,1,21,s,0,s,2,9,1,14,d,0,1,2,1,2,10
I576,0,0,0,2,0,3,0,8,s,0,0,0,14,0,0,21,s,0,s,2,9,0,14,0,0,0,0,0,0,13
I577,0,0,0,2,0,3,0,8,s,0,0,0,14,0,0,21,s,0,s,2,9,0,14,0,0,0,0,0,0,13
I578,0,0,0,2,0,3,0,8,s,0,0,0,14,0,0,21,s,0,s,2,9,0,14,0,0,0,0,0,0,13
I579,0,5,0,2,0,3,0,8,s,10,31,0,14,0,0,21,s,0,s,2,9,0,14,0,0,0,0,0,0,13
I580,0,5,0,2,0,3,0,8,s,10,31,0,14,0,0,21,s,0,s,2,9,0,14,0,0,0,0,0,0,13
I581,0,5,0,2,9,3,0,8,s,10,31,0,14,0,0,21,s,0,s,2,9,1,14,0,2,0,0,0,0,13
1835,0,5,0,d,9,3,0,8,s,10,31,0,14,0,d,21,s,0,s,2,9,d,14,0,2,0,0,0,0,13
1834,d,5,d,2,9,3,0,8,s,10,31,d,14,0,0,21,s,0,s,2,9,1,14,0,2,0,0,0,0,13
1671,0,5,0,2,d,3,0,8,s,10,31,0,14,0,0,21,s,0,s,2,9,0,14,0,0,0,0,0,0,d
1949,0,5,0,d,0,3,0,8,s,10,31,0,14,0,d,21,s,22,s,2,9,d,s,0,0,0,0,1,0,13
1268,0,d,0,2,16,d,0,8,s,2,0,0,s,s,d,21,s,0,s,2,d,0,14,0,d,1,0,0,0,s
I593,0,0,0,2,0,3,0,8,s,10,0,0,14,0,0,21,s,0,s,2,s,0,14,0,0,0,0,0,0,13
I594,0,0,10,2,0,3,0,8,s,10,0,0,14,0,0,21,s,3,s,2,s,0,14,0,s,0,0,0,0,13
I595,1,0,10,2,0,3,0,8,s,10,0,0,14,0,0,21,s,3,s,2,s,0,14,0,s,0,0,0,0,13
I596,1,0,10,2,0,3,0,8,s,10,0,3,14,0,1,21,s,3,s,2,s,0,14,0,s,0,0,0,0,s
1199,1,0,10,2,0,d,0,8,s,10,0,3,d,0,1,21,s,3,s,2,s,0,14,0,s,0,0,d,d,s
1198,1,d,10,2,0,3,0,8,s,10,0,3,14,0,1,21,s,3,s,2,s,0,14,0,s,0,0,0,0,s
I597,1,0,10,2,0,3,0,8,s,10,0,0,14,0,0,21,s,3,s,2,s,0,14,0,s,0,s,0,0,13
I598,1,0,10,2,0,3,0,8,s,s,0,3,14,0,0,21,s,3,s,2,s,0,14,0,s,0,s,0,0,13
2011,1,0,10,2,0,3,d,d,s,s,d,3,14,0,0,21,s,3,s,2,s,0,14,0,s,0,s,0,0,13
2010,1,0,10,2,0,3,0,8,s,s,0,3,14,0,0,21,s,3,s,2,s,0,14,0,s,0,s,0,0,13
2002,1,d,10,2,0,3,0,d,s,10,0,0,14,0,0,21,s,3,s,2,s,0,14,0,s,0,s,0,0,d
I600,0,0,10,2,0,3,0,8,s,10,0,0,14,0,0,21,s,3,s,2,s,0,14,0,s,0,0,0,0,13
1216,0,0,10,2,d,3,0,8,s,10,0,0,14,0,0,d,s,3,s,2,s,0,14,0,s,0,0,0,0,13
I602,0,0,10,2,0,3,0,8,s,10,0,0,14,0,0,21,s,3,s,2,s,0,14,0,s,0,0,1,2,13
1327,0,0,10,2,0,3,0,8,s,10,0,0,14,0,0,21,s,3,s,d,s,0,14,8,s,0,0,1,2,13
1326,0,0,10,2,0,3,0,8,s,10,d,0,14,0,0,21,s,d,s,2,s,0,14,17,s,0,0,1,2,13
I603,0,0,6,2,0,3,0,8,s,10,3,0,14,0,0,21,s,0,s,2,s,0,14,24,0,0,0,0,0,13
I604,0,0,6,2,16,3,0,8,s,10,3,0,14,0,0,21,s,0,s,2,s,0,14,24,0,0,0,0,0,13
1419,d,0,6,2,16,3,0,8,s,10,3,0,14,0,0,21,s,0,s,2,s,1,d,24,s,0,0,0,2,d
I606,0,0,6,2,s,3,31,8,s,10,3,0,14,0,0,21,s,0,s,2,s,0,14,24,2,0,0,1,0,13
1087,0,0,6,d,s,3,31,8,s,10,3,5,14,d,0,21,s,0,s,d,s,d,14,24,2,0,0,1,d,13
1086,0,0,6,d,s,3,31,8,s,d,3,0,14,0,0,21,s,0,s,2,s,0,14,24,2,0,0,d,0,13
1206,0,0,6,2,17,3,0,8,s,10,3,d,14,0,0,21,s,s,s,2,s,0,14,24,0,0,7,0,0,13
I610,0,26,0,2,0,3,0,8,s,0,0,0,14,0,s,21,s,0,s,2,9,0,14,0,0,0,0,0,0,13
I611,0,26,0,2,0,3,0,8,s,0,0,0,14,0,s,21,s,0,s,s,9,0,14,0,0,1,0,0,0,13
I612,0,26,0,2,0,3,0,8,s,0,0,0,14,0,s,21,s,0,s,s,9,0,14,0,0,1,4,0,0,13
I613,0,26,0,2,0,3,0,8,s,0,2,0,14,0,s,21,s,0,s,s,9,0,14,26,0,1,4,0,2,13
1642,d,26,d,2,d,d,0,8,s,0,d,0,14,0,s,21,s,14,s,s,9,0,14,26,0,d,4,1,2,13
1383,0,26,6,d,0,3,0,8,s,6,2,0,14,0,s,21,s,0,s,s,9,d,14,26,d,1,d,0,2,13
I616,0,26,0,2,0,3,0,8,s,0,0,0,14,0,s,21,s,0,s,s,9,0,14,0,0,1,4,1,0,13
I617,0,26,0,2,0,3,0,8,s,0,14,0,14,0,s,21,s,0,s,s,9,0,14,0,2,1,4,1,0,13
1453,0,26,0,d,0,3,0,8,s,0,14,0,14,0,s,21,s,0,s,s,9,0,14,0,2,1,4,1,0,13
1452,0,26,0,2,0,d,0,8,s,0,14,0,14,0,s,21,s,0,s,s,9,0,14,0,2,1,4,1,0,13
1532,d,26,0,2,17,3,0,8,s,0,0,3,d,0,s,21,s,26,s,s,9,1,14,0,0,1,s,1,0,13
I619,0,26,0,2,9,3,0,s,s,0,0,0,14,0,s,21,s,0,s,s,9,0,14,0,0,1,0,0,0,13
I620,0,26,0,2,9,3,0,s,s,0,0,0,14,11,s,21,s,0,s,s,9,0,14,26,0,1,1,0,0,13
1461,0,26,0,2,9,d,0,s,s,0,d,0,14,11,s,21,s,19,s,s,9,0,14,26,0,1,1,0,d,13
1201,0,d,0,2,9,3,0,s,s,d,0,0,14,11,s,21,s,0,s,s,9,0,14,26,0,1,1,0,0,13
I623,0,26,0,2,9,3,0,s,s,0,0,0,14,0,s,21,s,0,s,s,9,0,14,0,0,1,0,0,0,13
1324,0,d,0,2,9,3,0,s,s,0,d,0,14,d,s,21,s,0,s,s,9,1,14,0,0,1,d,d,d,13
1399,1,26,d,2,9,3,d,s,s,0,0,0,s,0,s,21,s,d,s,s,d,d,d,0,0,1,d,0,3,13
I626,0,26,0,2,0,3,0,8,s,9,0,0,14,0,s,21,s,0,s,2,9,0,14,0,0,0,0,1,0,13
I627,0,26,0,2,10,3,0,8,s,9,0,0,14,0,s,21,s,0,s,2,9,0,14,0,0,0,0,1,0,13
1316,d,26,0,d,10,d,17,8,s,9,0,d,14,s,s,21,s,0,s,2,9,0,14,d,d,1,2,1,2,13
I631,0,26,0,2,10,3,s,8,s,9,0,0,14,21,s,21,s,0,s,2,9,0,14,0,0,0,0,1,0,13
1384,1,26,0,2,10,3,s,8,s,9,0,0,14,21,s,21,s,0,s,2,9,d,d,0,2,d,0,1,0,13
1413,0,26,0,2,10,3,s,8,s,9,0,3,14,21,s,21,s,0,s,d,d,0,14,d,0,0,0,1,d,13
I634,0,26,0,2,0,3,0,8,s,9,0,0,14,0,s,21,s,0,s,2,9,0,14,0,0,1,0,1,0,13
I635,0,26,0,2,0,3,0,8,s,9,0,0,14,0,s,21,s,0,s,2,9,0,14,0,0,1,0,1,2,13
I636,0,26,0,2,0,3,0,8,s,9,0,0,14,0,s,s,s,0,s,2,9,1,14,0,1,1,0,1,2,13
1335,d,26,d,2,0,3,0,8,s,d,19,0,14,0,s,s,s,d,s,2,9,s,14,0,s,1,0,d,2,13
1334,d,26,0,2,0,3,0,s,s,9,0,0,14,21,s,s,s,d,s,d,9,1,14,0,1,1,0,1,2,d
1484,0,d,0,s,17,3,d,8,s,9,0,0,14,0,s,21,s,0,s,d,d,0,14,0,0,d,0,1,2,13
I638,0,26,8,2,0,3,0,8,s,9,0,0,14,0,s,21,s,0,s,2,9,0,14,0,0,1,0,1,0,13
1469,0,26,8,2,0,3,0,8,s,9,0,0,14,0,s,21,s,0,s,2,9,0,d,d,0,1,0,1,s,13
1350,0,26,8,2,10,3,0,8,s,d,0,d,14,0,s,21,s,0,s,2,d,0,14,0,0,1,0,1,0,13
I641,1,0,0,0,0,3,0,8,s,0,0,0,0,0,1,21,0,0,s,2,9,0,14,0,0,0,14,0,0,0
I642,1,0,0,0,0,3,0,8,s,0,0,0,0,0,1,21,0,0,s,2,9,0,14,0,0,0,14,0,2,0
I643,1,0,3,0,0,3,0,8,s,0,0,0,0,0,1,21,0,0,s,2,9,0,14,0,0,0,14,0,2,0
I644,1,0,3,0,0,3,0,8,s,0,0,0,0,0,1,21,0,0,s,2,9,0,14,0,2,0,14,0,2,0
I646,1,0,3,s,0,3,0,8,s,7,3,0,0,0,1,21,0,14,s,2,9,0,14,0,2,0,s,0,s,0
I647,1,0,3,s,0,3,0,8,s,7,3,0,0,0,1,21,0,14,s,2,9,1,14,0,2,0,s,1,s,3
1883,d,d,3,s,d,3,0,8,s,7,3,0,0,d,1,21,0,14,s,2,9,1,14,0,2,0,s,d,s,3
1882,1,0,3,s,0,3,d,8,s,7,3,0,d,0,1,d,0,14,s,2,9,1,14,0,2,0,s,1,s,3
1860,1,3,3,s,0,d,0,8,s,d,3,4,0,21,1,21,0,14,s,2,9,d,14,0,2,1,s,0,s,0
I652,1,0,3,0,0,3,0,8,s,0,0,0,0,0,1,21,0,0,s,2,9,0,14,0,2,0,14,0,2,0
I653,1,0,3,0,0,3,0,8,s,0,0,0,0,0,1,21,2,0,s,2,9,2,14,0,2,0,14,0,2,0
I654,1,0,3,0,17,3,0,8,s,0,0,0,0,0,1,21,2,0,s,2,9,2,14,0,2,0,14,0,2,0
1289,1,0,d,0,17,3,0,8,s,d,0,0,0,0,1,21,d,d,s,2,9,d,14,0,2,d,14,0,2,0
1288,1,0,3,18,17,3,0,8,s,0,0,0,0,0,d,21,2,0,s,2,d,2,d,0,2,0,14,0,2,d
1518,1,0,3,d,0,3,27,d,s,0,0,0,0,0,1,d,2,0,s,d,9,2,14,0,2,0,14,d,2,0
I656,1,4,3,0,0,3,0,8,s,0,0,0,0,0,1,21,0,0,s,2,9,0,14,4,2,0,14,0,2,0
1636,1,d,3,0,0,3,s,8,s,0,0,0,0,0,1,21,0,26,s,s,9,1,14,4,2,0,14,0,2,6
I658,1,4,3,0,0,s,0,8,s,0,0,0,0,0,1,21,13,0,s,2,9,0,14,4,2,0,14,0,2,0
1701,1,d,3,0,0,s,0,8,s,3,0,0,0,d,d,21,13,d,s,2,s,0,d,4,2,0,14,0,2,0
1700,1,d,3,d,0,s,0,8,s,0,0,0,0,d,1,21,13,d,s,d,9,d,d,4,2,0,14,0,2,0
I659,1,0,3,26,0,3,0,8,s,0,0,0,0,s,1,21,0,0,s,2,9,0,14,0,0,0,14,0,2,0
I660,1,0,3,26,0,3,0,8,s,0,0,0,0,s,1,21,0,0,s,2,9,0,14,0,2,0,14,0,2,0
1221,1,0,3,d,0,3,0,8,s,0,0,6,0,s,1,21,0,0,s,2,9,d,14,0,2,1,14,0,2,0
I664,1,0,3,26,0,3,0,8,s,0,3,0,0,s,1,21,0,0,s,2,9,0,14,0,2,0,14,0,2,0
1471,d,0,3,26,0,s,0,8,s,2,3,0,0,s,1,21,0,0,s,2,d,0,14,0,2,d,14,0,2,d
1403,1,d,3,26,0,3,0,8,s,0,d,0,d,s,d,21,0,0,s,2,9,0,14,17,2,d,14,d,2,6
I667,1,0,3,26,0,3,0,8,s,0,0,0,0,s,1,21,4,0,s,2,9,0,14,0,0,0,14,0,2,17
I668,1,0,3,26,0,3,0,8,s,0,0,0,0,s,1,21,4,0,s,2,9,s,14,0,0,0,14,0,2,17
1560,1,16,3,26,0,3,8,8,s,0,0,0,0,s,1,21,4,d,s,2,9,s,d,0,2,0,d,0,2,17
1620,d,0,3,26,0,d,0,8,s,0,0,s,0,s,1,21,4,28,s,2,9,s,14,0,d,d,14,0,2,17
I671,1,0,3,26,0,3,0,s,s,0,0,0,0,s,1,21,4,0,s,2,9,0,14,0,0,0,14,0,2,17
1631,d,d,3,26,0,d,0,s,s,0,0,0,0,s,1,21,4,d,s,2,9,0,14,0,2,0,14,0,2,17
1778,1,0,3,26,d,3,0,s,s,0,0,0,18,s,1,21,4,0,s,2,9,0,14,0,0,1,14,0,2,17
I674,1,0,0,0,0,3,0,8,s,0,0,0,0,11,1,21,0,0,s,2,9,0,14,0,0,0,14,0,2,0
I675,1,0,10,0,13,3,0,8,s,0,0,0,0,11,1,21,0,0,s,2,9,1,14,0,s,0,14,0,2,0
I676,1,14,10,0,13,3,0,8,s,0,0,0,0,11,1,21,0,0,s,2,9,1,14,0,s,0,14,0,2,0
I678,s,14,10,s,13,3,0,8,s,0,0,3,0,11,1,21,4,0,s,2,9,1,14,0,s,0,14,0,2,0
1541,s,14,10,s,13,3,0,d,s,0,0,3,0,11,d,21,4,d,s,2,9,d,14,0,s,0,14,0,2,0
1540,s,14,10,s,13,3,0,8,s,0,0,3,0,11,1,d,4,0,s,2,d,1,14,0,s,0,14,d,2,0
I680,1,14,10,0,13,3,0,8,s,0,0,0,0,11,1,21,0,0,s,2,9,1,14,0,s,0,14,0,2,0
1296,1,14,10,0,13,3,0,8,s,0,0,0,0,11,1,21,3,0,s,2,9,1,14,0,s,0,s,0,2,d
I682,1,14,10,0,s,3,0,8,s,0,0,6,0,11,1,21,0,0,s,2,9,1,14,0,s,0,14,0,2,0
1135,1,14,10,0,s,3,0,8,s,0,d,6,0,11,d,21,0,9,s,2,9,1,14,0,s,0,d,0,d,0
1134,1,14,10,0,s,3,d,8,s,0,0,6,0,11,d,21,1,d,s,2,d,1,14,0,s,0,14,d,2,0
I683,1,0,10,s,13,3,0,8,s,0,0,0,0,11,1,21,0,9,s,2,9,1,14,0,s,0,14,0,2,0
I684,1,0,10,s,13,3,0,8,s,0,0,0,0,11,1,21,0,9,s,2,9,1,14,0,s,0,14,1,2,0
I685,1,0,10,s,13,3,0,8,s,0,0,0,0,11,1,21,0,9,s,2,9,1,s,0,s,0,14,1,2,0
1855,1,0,10,s,13,3,0,d,s,0,0,0,0,d,1,21,d,9,s,d,9,1,s,0,s,0,14,1,d,0
1854,d,0,10,s,d,d,0,8,s,0,0,0,d,11,1,21,0,9,s,2,d,1,s,0,s,0,14,1,2,d
1795,d,0,10,s,13,d,0,8,s,0,19,0,23,d,1,21,0,9,s,2,9,1,14,0,s,0,14,1,2,0
I688,1,0,10,s,13,3,0,8,s,0,0,3,0,11,1,21,0,9,s,2,9,1,14,0,s,0,14,0,2,1
1531,1,15,10,s,13,3,0,8,s,0,0,3,0,11,1,21,0,9,s,2,9,1,14,d,s,0,14,0,2,1
1530,1,0,10,s,13,d,0,8,s,0,0,3,0,11,1,21,0,9,s,2,9,1,14,d,s,0,14,0,d,1
I690,1,0,0,0,0,3,0,8,s,0,0,0,0,11,1,21,1,0,s,2,9,0,14,0,0,0,14,0,2,0
I691,1,17,0,0,0,3,0,8,s,0,0,0,0,11,1,21,1,0,s,2,9,0,14,0,0,0,14,0,2,0
I693,1,17,0,0,0,3,9,8,s,0,0,0,0,11,1,21,1,0,s,2,9,0,14,0,0,0,14,0,2,0
1149,1,17,0,0,s,3,9,8,s,d,0,0,0,11,1,21,1,0,s,2,9,0,14,0,0,0,14,d,2,0
1148,1,d,0,35,d,3,9,8,s,d,0,0,0,11,1,21,1,0,s,2,9,d,14,0,0,0,14,0,2,0
1463,s,17,0,0,d,3,0,8,s,0,d,0,0,11,1,21,1,0,s,2,d,d,14,0,0,0,14,0,2,d
I698,1,0,0,0,0,3,0,8,s,0,0,0,0,11,1,21,1,0,s,2,9,0,14,0,0,0,14,0,2,0
I699,1,0,0,0,0,3,31,8,s,0,0,0,0,11,1,21,1,0,s,2,9,0,14,0,2,0,14,0,2,0
1357,1,0,0,d,0,3,31,d,s,0,31,0,d,11,1,21,1,0,s,2,9,s,14,d,d,0,d,0,2,0
1274,1,0,0,0,0,3,31,8,s,0,s,0,0,11,1,s,1,0,s,2,9,0,14,0,2,0,14,0,2,0
I702,1,0,0,0,13,3,0,8,s,0,0,5,0,11,1,21,1,0,s,2,s,0,14,0,0,0,14,0,2,0
1306,1,0,0,0,13,3,0,8,s,0,0,d,0,d,d,d,1,d,s,2,s,0,14,d,0,s,14,d,2,0
1270,1,0,0,0,13,3,0,8,s,0,d,d,0,11,1,21,1,0,s,2,s,d,14,0,0,0,14,0,d,0
I705,1,0,0,0,0,3,0,8,s,0,0,4,0,s,1,21,0,0,s,2,9,1,14,0,0,0,14,0,0,0
I706,1,0,0,0,10,3,42,8,s,0,0,4,0,s,1,21,0,0,s,2,9,1,14,s,0,0,14,1,0,10
I707,1,0,0,0,10,3,42,8,s,0,0,4,0,s,1,21,0,0,s,2,9,1,14,s,0,0,14,1,0,10
I709,1,0,0,0,10,3,42,8,s,0,0,4,0,s,1,21,0,0,s,2,9,1,14,s,0,0,14,1,0,10
1233,1,0,0,d,10,3,42,8,s,0,d,4,0,s,1,21,0,9,s,2,9,d,14,s,0,0,14,1,d,10
1555,1,0,0,0,10,3,d,d,s,0,d,4,0,s,1,21,0,d,s,d,9,1,d,s,0,0,14,1,0,10
I715,1,0,0,0,10,3,42,8,s,0,0,4,0,s,1,21,3,0,s,2,9,1,14,s,2,0,14,1,s,10
I716,1,0,0,0,10,3,42,8,s,7,0,4,0,s,1,21,3,0,s,2,9,1,14,s,2,0,14,1,s,10
1722,1,0,0,0,10,3,42,8,s,7,0,4,0,s,1,21,3,0,s,2,9,1,14,s,2,0,14,1,s,10
1816,1,d,0,7,10,3,42,d,s,7,0,4,0,s,d,21,3,24,s,2,9,1,14,s,2,0,14,1,s,10
I721,1,s,0,0,10,3,42,8,s,0,0,s,0,s,1,21,3,10,s,2,9,1,14,s,2,0,14,1,s,10
1831,1,s,0,0,10,3,42,8,s,0,0,s,0,s,1,d,d,10,s,d,9,1,14,s,2,0,14,1,s,10
1830,1,s,0,0,10,3,42,8,s,d,0,s,0,s,d,21,3,d,s,2,9,1,14,s,2,0,d,d,s,10
I723,1,0,0,0,s,3,42,8,s,0,0,4,0,s,1,21,0,0,s,2,9,1,14,s,0,0,14,1,0,10
1646,d,0,d,0,s,3,42,8,s,0,0,4,0,s,1,21,0,0,s,2,9,d,14,s,2,0,14,1,0,10
I727,1,s,0,0,s,3,42,8,s,4,0,4,3,s,1,21,0,0,s,2,9,1,14,s,0,0,14,1,0,10
1946,d,s,d,d,s,d,42,8,s,4,0,4,3,s,1,21,0,1,s,2,9,1,14,s,d,0,14,d,0,10
2034,1,s,0,0,s,3,42,8,s,d,0,4,3,s,1,21,0,0,s,2,9,1,14,s,0,0,14,d,0,10
I737,1,0,0,0,0,3,17,8,s,0,0,4,0,s,1,21,0,0,s,2,9,1,14,0,0,1,14,0,0,0
I738,1,0,17,0,0,3,17,8,s,0,0,4,0,s,1,21,0,0,s,2,9,1,14,0,0,1,14,0,0,0
I739,1,0,17,0,0,3,17,8,s,0,0,4,0,s,1,21,0,0,s,2,9,1,14,0,0,1,14,0,0,0
I740,1,0,17,0,13,3,17,8,s,0,0,4,18,s,1,21,0,0,s,2,9,1,14,0,0,1,14,0,0,0
1261,1,0,d,40,13,3,17,8,s,d,0,4,18,s,1,21,d,0,s,2,d,1,14,0,d,1,d,1,0,0
I742,1,0,17,0,13,3,17,8,s,0,0,4,18,s,1,21,0,0,s,2,9,1,14,0,0,1,14,0,0,6
1437,1,d,17,0,13,3,17,8,s,0,0,4,18,s,1,21,0,0,s,2,9,1,14,0,0,1,14,0,0,d
1436,1,0,17,0,13,3,17,8,s,0,0,4,18,s,1,21,3,0,s,2,9,d,14,0,0,1,14,0,0,6
I743,1,0,17,0,0,3,17,8,s,0,0,4,0,s,1,21,0,0,s,2,9,1,14,0,0,1,14,0,0,4
1588,1,0,17,0,0,3,17,8,s,4,0,4,0,s,1,d,6,1,s,d,9,d,14,0,0,1,14,0,0,4
1366,1,0,17,s,s,3,17,d,s,0,d,4,0,s,1,21,0,0,s,2,9,1,14,31,0,1,d,0,2,d
I746,1,0,17,0,0,3,17,8,s,0,0,4,0,s,1,21,0,0,s,2,9,1,14,0,0,1,14,0,0,0
I749,1,0,17,0,0,3,17,8,s,0,0,4,0,s,1,21,11,0,s,2,9,1,14,0,0,1,14,0,2,0
1321,1,15,17,d,d,3,d,8,s,0,5,4,d,s,1,21,11,d,s,2,9,1,14,0,d,1,14,d,2,0
1320,d,0,17,41,d,3,17,8,s,0,0,4,0,s,1,d,11,0,s,2,9,1,14,0,d,1,d,s,2,14
I750,1,0,17,0,0,3,17,8,s,0,0,4,8,s,1,21,0,0,s,2,9,1,14,2,0,1,14,0,0,0
1362,1,18,d,d,0,d,s,8,s,d,25,4,d,s,1,21,0,0,s,2,9,1,14,2,0,1,14,0,0,d
I752,1,0,17,0,s,3,17,8,s,0,0,4,8,s,1,21,0,0,s,2,9,1,14,2,0,1,14,0,0,0
1105,1,0,17,0,s,3,d,8,s,0,d,4,8,s,1,21,0,0,s,2,s,1,14,d,0,d,14,0,0,0
1104,1,0,17,d,s,3,17,8,s,0,0,4,8,s,1,21,0,0,s,2,9,1,14,2,0,1,14,0,0,0
I753,1,0,0,0,0,3,17,8,s,0,0,4,0,s,1,21,0,0,s,s,9,1,14,12,0,1,14,0,0,0
I754,1,0,0,0,0,3,17,8,s,0,0,s,0,s,1,21,0,0,s,s,9,1,14,12,2,1,14,0,0,0
1170,1,d,0,0,1,3,d,8,s,0,2,s,0,s,1,21,d,d,s,s,9,1,14,12,2,1,14,0,2,0
I759,1,0,28,7,0,3,17,8,s,0,0,s,0,s,1,21,0,0,s,s,9,1,14,12,2,1,14,0,0,0
1205,1,0,28,7,0,3,17,d,s,0,0,s,d,s,1,21,0,0,s,s,9,d,14,12,2,1,14,0,0,d
1204,1,0,28,7,0,3,17,8,s,d,0,s,1,s,1,21,0,0,s,s,9,1,14,12,d,1,14,0,d,0
I761,1,7,0,0,0,3,17,8,s,0,0,4,0,s,1,21,0,0,s,s,9,1,14,12,0,1,14,0,0,0
I762,1,7,0,0,0,3,17,8,s,0,0,4,0,s,1,21,0,22,s,s,9,1,14,12,0,1,14,0,0,s
1138,1,7,0,0,s,3,17,8,s,6,0,4,0,s,1,21,0,22,s,s,9,1,14,12,0,1,14,0,3,s
1063,1,7,0,0,0,3,17,8,s,0,0,4,0,s,1,21,0,22,s,s,9,d,14,d,2,d,14,0,d,s
1130,1,d,s,26,0,3,17,8,s,0,4,4,14,s,1,d,d,0,s,s,9,1,14,12,0,d,14,0,0,0
I768,0,0,0,0,13,3,0,0,s,0,0,0,0,0,0,21,0,0,s,s,0,0,14,0,0,0,s,0,0,0
I769,s,0,0,0,13,3,0,0,s,0,0,3,0,0,1,21,0,0,s,s,0,0,14,8,0,0,s,0,3,0
I770,s,s,0,0,13,3,41,0,s,0,0,3,0,0,1,21,0,0,s,s,0,0,14,8,0,0,s,0,3,4
I771,s,s,0,0,13,3,41,0,s,0,0,3,0,0,1,21,13,0,s,s,0,0,14,8,2,0,s,0,3,4
I772,s,s,0,0,13,3,41,0,s,0,0,3,0,0,1,21,13,0,s,s,s,0,14,8,2,0,s,0,3,4
I773,s,s,0,0,13,3,41,0,s,2,32,3,0,0,1,21,13,0,s,s,s,0,14,8,2,0,s,0,3,4
I774,s,s,0,s,13,3,41,11,s,2,32,3,0,0,1,21,13,0,s,s,s,0,14,8,2,0,s,0,3,4
1871,s,s,0,s,13,3,41,11,s,2,32,3,0,0,1,21,13,0,s,s,s,0,14,8,2,d,s,0,3,4
I776,s,s,0,s,13,3,41,11,s,2,32,3,0,0,1,21,13,0,s,s,s,0,14,8,2,0,s,0,3,4
1955,s,s,0,s,13,3,41,11,s,2,d,3,0,0,1,21,13,0,s,s,s,0,14,8,2,d,s,0,3,4
1954,s,s,d,s,13,3,41,11,s,2,32,3,d,0,1,21,d,0,s,s,s,0,14,8,2,0,s,0,3,4
I778,s,s,0,0,13,3,41,0,s,2,32,3,0,0,1,21,13,0,s,s,s,0,14,8,2,1,s,0,3,4
1225,s,s,d,0,13,3,41,0,s,2,32,3,0,0,d,21,d,0,s,s,s,0,14,8,2,1,s,0,3,4
1224,s,s,d,0,d,3,41,0,s,2,32,3,0,d,d,21,13,d,s,s,s,0,14,8,2,1,s,0,3,4
I780,s,s,0,0,13,3,41,0,s,0,21,3,0,0,1,21,13,0,s,s,s,0,14,8,2,0,s,0,3,4
1431,s,s,3,0,d,3,41,0,s,0,21,d,0,0,1,21,13,0,s,s,s,1,14,8,d,0,s,d,3,4
I784,s,s,0,0,13,3,41,6,s,0,21,3,0,0,s,s,13,0,s,s,s,0,14,8,2,0,s,0,3,4
1622,s,s,d,0,13,3,d,6,s,0,d,3,3,5,s,s,13,0,s,s,s,1,14,8,2,0,s,0,3,4
1696,s,s,0,0,13,3,41,6,s,3,21,3,14,0,s,s,13,19,s,s,s,1,14,8,2,0,s,0,3,4
I787,s,s,0,0,13,3,41,0,s,0,0,3,0,0,1,21,13,0,s,s,0,0,14,8,2,0,s,0,3,4
I789,s,s,0,0,13,3,41,0,s,0,0,3,1,0,1,21,13,0,s,s,0,0,14,8,2,0,s,0,3,4
1998,s,s,0,0,13,3,d,0,s,d,0,3,1,0,1,21,13,d,s,s,0,0,14,8,2,0,s,0,3,4
998,s,s,10,0,13,3,41,0,s,0,19,3,1,11,1,21,13,0,s,s,0,1,14,8,2,0,s,d,3,4
I794,s,s,0,0,13,3,41,0,s,0,30,3,0,0,1,21,13,18,s,s,0,0,14,8,2,1,s,0,3,4
1020,s,s,d,0,13,3,41,11,s,0,s,3,0,d,d,21,13,18,s,s,0,0,14,8,2,1,s,1,3,d
1836,s,s,0,41,13,3,41,d,s,0,30,3,0,d,1,21,d,18,s,s,s,0,14,8,2,1,s,0,3,4
I799,s,s,0,0,13,3,s,0,s,0,0,3,0,0,1,21,1,0,s,s,0,0,s,8,0,0,s,0,3,4
I800,s,s,0,0,13,3,s,0,s,0,0,3,0,0,1,21,1,0,s,s,7,0,s,8,0,0,s,0,3,4
I801,s,s,0,0,13,3,s,2,s,3,29,3,14,0,1,21,1,0,s,s,7,s,s,8,0,0,s,1,3,4
1774,s,s,0,0,13,s,s,2,s,3,29,3,14,0,1,21,1,0,s,s,7,s,s,8,0,d,s,1,3,4
I807,s,s,0,0,13,3,s,2,s,3,29,3,14,9,s,21,1,0,s,s,7,s,s,8,0,0,s,1,3,4
1501,s,s,0,45,13,3,s,2,s,3,29,3,d,9,s,21,1,0,s,s,7,s,s,8,0,d,s,d,3,4
1500,s,s,0,0,13,3,s,2,s,3,d,3,14,9,s,21,1,10,s,s,d,s,s,8,0,0,s,1,3,4
I808,s,s,0,0,s,3,s,0,s,0,0,3,0,0,1,21,1,0,s,s,7,0,s,8,0,0,s,0,3,4
1823,s,s,36,d,s,3,s,0,s,0,d,3,2,21,1,21,1,0,s,s,d,d,s,8,0,d,s,0,3,4
I812,s,s,0,0,s,3,s,0,s,0,0,3,0,0,1,21,1,10,s,s,s,0,s,8,0,0,s,0,3,4
1925,s,s,0,0,s,3,s,s,s,0,0,3,0,0,1,21,1,10,s,s,s,0,s,8,0,1,s,d,3,d
I814,s,s,0,0,s,3,s,0,s,0,0,3,0,0,1,21,1,10,s,s,s,0,s,8,0,0,s,0,3,4
1993,s,s,0,0,s,3,s,0,s,d,0,3,0,0,1,21,1,10,s,s,s,0,s,8,0,0,s,0,d,4
1992,s,s,0,0,s,3,s,d,s,0,0,3,0,0,1,21,1,10,s,s,s,0,s,8,0,d,s,0,3,4
I815,s,s,0,18,13,3,s,0,s,0,0,3,0,0,1,21,1,0,s,s,0,0,s,8,0,0,s,0,3,4
I819,s,s,0,s,13,3,s,0,s,7,2,3,0,3,1,21,1,0,s,s,0,1,s,8,2,1,s,0,3,4
2027,s,s,0,s,13,3,s,0,s,7,2,3,d,3,1,21,1,d,s,s,0,1,s,8,2,1,s,d,3,4
2026,s,s,0,s,13,3,s,0,s,7,2,3,0,3,1,21,1,0,s,s,0,1,s,d,2,1,s,d,3,4
I824,s,s,0,18,13,3,s,0,s,0,0,3,0,0,s,21,1,22,s,s,0,0,s,8,0,0,s,0,3,4
1458,s,s,0,18,13,3,s,0,s,4,0,3,0,3,s,21,1,22,s,s,0,1,s,8,0,0,s,d,d,4
I826,s,s,0,18,13,3,s,0,s,0,0,3,0,0,s,21,1,22,s,s,0,0,s,8,0,1,s,0,3,4
1535,s,s,0,d,13,3,s,0,s,0,0,3,0,0,s,21,1,22,s,s,0,0,s,8,0,1,s,d,3,4
1534,s,s,0,18,13,3,s,0,s,0,0,3,0,0,s,21,1,d,s,s,0,0,s,8,0,1,s,0,3,4
I830,s,0,0,0,13,3,0,0,s,0,0,3,0,0,1,21,0,0,s,s,0,0,14,8,0,1,s,0,3,0
I831,s,0,26,0,13,3,0,0,s,0,0,3,0,0,1,21,0,0,s,s,0,0,14,8,2,1,s,0,3,0
I832,s,0,26,0,13,3,0,0,s,0,0,3,0,0,1,21,0,0,s,s,0,1,14,8,2,1,s,0,3,0
I833,s,0,26,0,13,3,0,0,s,0,0,3,0,0,1,21,0,0,s,s,7,1,14,8,2,1,s,0,3,0
I834,s,0,26,0,13,3,27,0,s,0,0,3,14,0,1,21,0,0,s,s,7,1,14,8,2,1,s,1,s,0
1515,s,0,26,d,13,3,27,0,s,0,0,3,14,0,1,21,0,0,s,s,7,1,14,d,d,1,s,1,s,0
1687,s,0,26,26,13,d,27,0,s,0,5,3,d,d,1,21,0,d,s,s,7,1,14,d,2,1,s,1,s,18
I839,s,0,26,19,13,3,0,0,s,0,0,3,0,0,1,s,0,0,s,s,7,1,14,8,2,s,s,0,3,0
1679,s,0,26,19,13,3,0,0,s,0,0,3,0,d,d,s,0,0,s,s,7,1,14,8,2,s,s,0,3,0
1678,s,0,26,19,13,3,0,0,s,0,0,3,15,0,1,s,0,0,s,s,7,d,14,8,2,s,s,d,3,0
I841,s,0,26,0,13,3,s,0,s,0,0,3,0,3,1,21,5,22,s,s,0,1,14,8,2,1,s,0,3,0
1676,s,0,26,0,13,3,s,0,s,6,30,3,d,3,d,21,5,22,s,s,d,1,14,8,2,1,s,0,3,0
1752,s,s,26,0,13,3,s,0,s,0,0,3,d,3,1,21,5,22,s,s,0,1,14,8,d,1,s,0,3,d
I847,s,0,26,0,13,3,0,0,s,0,0,3,0,0,1,21,0,0,s,s,0,0,14,8,2,1,s,0,3,0
I848,s,4,26,0,13,3,0,9,s,0,0,3,0,0,1,21,0,0,s,s,0,0,14,8,2,1,s,0,3,0
I849,s,4,26,16,13,3,0,9,s,0,0,3,0,0,1,21,1,0,s,s,0,0,14,8,2,1,s,0,3,0
1634,s,4,26,s,13,d,0,9,s,0,0,3,0,5,1,21,d,9,s,s,0,0,14,8,2,1,s,0,3,0
1776,s,d,26,16,13,3,0,9,s,0,2,3,0,0,d,21,1,0,s,s,0,0,14,8,2,1,s,0,d,0
I852,s,4,26,0,13,3,0,9,s,0,0,3,0,7,1,21,0,0,s,s,0,0,14,8,2,1,s,0,3,0
I853,s,4,26,0,13,3,5,9,s,0,0,3,0,7,1,21,0,0,s,s,0,1,14,8,2,1,s,0,3,0
1345,s,4,26,d,13,3,5,9,s,0,0,3,0,d,1,21,0,0,s,s,d,1,14,8,2,1,s,0,3,0
1344,s,d,d,0,13,3,d,9,s,0,0,3,14,7,1,21,d,0,s,s,d,d,14,8,2,1,s,0,3,0
1568,s,4,26,d,13,3,7,9,s,0,0,3,0,7,1,21,d,0,s,s,0,0,14,8,2,1,s,0,3,0
I855,s,0,26,0,13,3,0,0,s,0,0,3,0,0,1,21,0,0,s,s,0,0,14,8,2,1,s,0,3,0
I856,s,0,26,0,13,3,s,0,s,0,0,3,0,0,1,21,0,0,s,s,0,1,14,8,2,1,s,0,3,0
1572,s,0,26,0,13,3,s,0,s,0,0,3,0,0,d,21,0,9,s,s,0,1,d,8,2,1,s,0,3,0
1767,s,0,26,d,13,d,s,0,s,d,0,3,0,0,d,21,0,d,s,s,0,1,14,8,2,1,s,0,3,0
I859,s,0,26,0,13,3,42,0,s,0,3,3,0,0,1,21,0,0,s,s,0,0,14,8,2,1,s,0,3,0
I860,s,0,26,0,13,3,42,0,s,0,3,3,1,0,1,21,13,0,s,s,0,0,14,8,2,1,s,0,3,0
1757,s,0,26,0,13,3,42,d,s,0,3,3,1,0,1,21,13,0,s,s,0,d,14,8,2,1,s,d,3,0
1756,s,0,26,0,d,3,42,0,s,0,3,d,1,0,1,d,13,0,s,s,s,0,14,d,d,1,s,0,d,0
I861,s,0,26,0,13,3,s,0,s,0,3,3,0,0,1,21,0,0,s,s,7,0,14,8,2,1,s,0,3,0
1571,s,0,26,d,13,3,s,0,s,0,d,3,0,0,d,d,0,0,s,s,d,0,14,d,2,1,s,d,3,0
1570,s,0,26,0,13,3,s,0,s,0,d,3,d,0,1,21,0,0,s,s,7,d,14,8,2,d,s,d,3,0
I862,s,0,0,0,13,3,0,11,s,0,0,3,0,8,1,21,0,0,s,s,0,0,14,8,0,1,s,1,3,0
I863,s,0,0,0,13,3,0,11,s,0,0,3,19,8,1,21,0,0,s,s,0,0,14,8,6,1,s,1,3,0
1122,s,10,0,0,d,3,0,d,s,0,0,3,d,s,1,21,0,17,s,s,5,0,14,8,6,1,s,1,3,3
I871,s,0,12,0,13,3,0,11,s,0,0,3,19,8,1,21,0,0,s,s,0,0,14,8,6,1,s,1,3,0
I874,s,5,12,0,13,3,0,11,s,7,0,3,19,8,1,21,s,0,s,s,0,0,14,8,6,1,s,1,3,0
1553,s,5,d,0,13,3,0,11,s,7,0,3,19,8,1,21,s,0,s,s,0,d,14,d,6,1,s,1,3,0
1552,s,5,12,0,13,3,0,d,s,7,0,3,19,8,1,d,s,0,s,s,d,0,d,8,6,1,s,d,3,0
1811,s,0,12,0,13,3,31,11,s,12,d,3,19,8,d,21,0,0,s,s,s,0,14,8,6,1,s,1,3,d
I878,s,18,0,0,13,3,0,11,s,4,0,3,0,8,1,21,0,0,s,s,s,0,14,8,0,1,s,1,3,0
I879,s,18,3,42,13,3,0,11,s,4,s,3,0,8,1,21,s,0,s,s,s,0,14,8,0,1,s,1,3,0
1760,s,18,3,42,d,3,0,d,s,4,s,3,0,8,d,21,s,0,s,s,s,0,14,8,2,1,s,1,3,0
I883,s,18,3,42,13,3,0,11,s,4,s,3,0,8,1,21,s,0,s,s,s,0,14,8,0,1,s,1,3,0
1847,s,18,3,42,13,3,0,11,s,4,s,3,0,8,1,21,s,0,s,s,s,0,14,d,0,1,s,1,3,0
1923,s,18,d,42,13,3,0,d,s,4,s,3,3,8,1,21,s,10,s,s,s,0,14,8,d,1,s,1,3,0
I886,s,18,0,0,13,3,s,11,s,4,0,3,0,8,1,21,0,0,s,s,s,0,14,8,0,1,s,1,3,0
1433,s,18,d,0,13,3,s,11,s,4,0,3,0,8,1,21,0,6,s,s,s,0,14,8,6,1,s,1,3,d
I890,s,18,0,0,13,3,s,11,s,4,0,3,0,8,1,21,0,0,s,s,s,0,14,8,0,1,s,1,3,0
I891,s,18,0,0,13,3,s,11,s,4,0,3,0,8,1,21,0,0,s,s,s,1,14,8,2,1,s,1,3,0
1869,s,d,0,0,d,3,s,11,s,4,0,3,0,8,d,d,0,0,s,s,s,1,14,8,d,1,s,1,3,0
1868,s,18,0,0,13,3,s,11,s,4,0,3,0,d,d,21,0,0,s,s,s,1,14,8,d,1,s,d,3,0
1827,s,18,0,0,13,3,s,11,s,4,0,3,d,8,d,21,0,s,s,s,s,1,d,8,2,1,s,1,d,d
I893,0,0,0,0,13,3,0,0,s,0,0,0,0,0,0,21,0,0,s,s,0,0,14,0,0,0,s,0,3,0
I894,0,0,0,0,13,3,0,0,s,0,30,0,0,0,0,21,s,0,s,s,0,0,14,0,0,0,s,0,3,0
I895,0,0,0,0,13,3,1,6,s,7,30,0,0,11,0,21,s,0,s,s,0,0,14,0,0,0,s,0,3,0
I896,0,0,0,0,13,3,1,6,s,7,30,0,18,11,0,21,s,0,s,s,0,0,14,0,0,0,s,0,3,0
I897,0,0,0,0,13,3,1,6,s,7,30,0,18,11,0,21,s,0,s,s,0,0,14,0,0,0,s,0,3,0
I898,0,0,0,0,13,3,1,6,s,7,s,0,18,11,0,21,s,0,s,s,0,0,14,0,0,0,s,0,3,0
I899,0,0,0,0,13,3,1,6,s,7,s,0,18,11,0,21,s,s,s,s,0,0,14,0,0,0,s,0,3,0
1439,d,0,d,0,13,3,1,6,s,7,s,0,18,d,0,21,s,s,s,s,d,d,14,0,0,s,s,0,3,0
1438,0,d,0,0,13,s,1,6,s,7,s,d,18,11,d,21,s,s,s,s,0,0,d,0,0,0,s,d,3,d
1227,0,26,0,0,13,3,1,6,s,7,s,0,18,11,d,21,s,0,s,s,d,2,14,d,0,0,s,d,d,0
I901,0,0,0,0,13,3,1,6,s,7,30,0,18,11,0,21,s,0,s,s,0,1,14,0,0,0,s,0,3,0
1242,s,0,d,0,13,3,d,6,s,7,30,0,18,11,0,21,s,d,s,s,0,1,14,d,0,0,s,0,3,0
I903,0,0,0,0,13,3,1,6,s,7,30,0,18,11,0,21,s,0,s,s,0,1,14,24,0,1,s,0,3,0
1329,0,0,0,d,13,3,1,6,s,7,d,0,18,11,0,21,s,0,s,s,d,1,14,24,d,1,s,0,3,d
1328,0,0,6,d,13,3,1,6,s,7,d,0,18,d,1,21,s,0,s,s,0,1,14,24,0,d,s,d,3,0
I904,0,14,0,0,13,3,1,6,s,7,30,0,18,11,0,21,s,0,s,s,0,0,14,20,0,0,s,0,3,0
I905,0,14,0,0,13,3,1,6,s,7,30,0,18,11,0,21,s,0,s,s,0,0,14,20,0,0,s,0,3,0
1397,0,14,28,0,13,3,1,6,s,7,s,6,18,11,0,d,s,0,s,s,0,0,d,d,d,0,s,0,3,0
1249,0,14,0,d,13,3,1,d,s,7,30,d,18,11,0,21,s,0,s,s,d,d,d,20,d,0,s,d,3,d
1736,0,14,0,d,d,3,1,6,s,7,30,d,18,11,0,21,s,0,s,s,0,0,14,20,0,0,s,0,3,14
I911,0,0,0,0,13,3,1,6,s,7,30,0,0,11,0,21,s,0,s,s,0,0,14,0,0,0,s,0,3,0
I912,0,0,0,0,13,3,1,6,s,7,30,0,0,11,1,21,s,2,s,s,0,0,14,0,0,0,s,0,3,10
I913,0,0,0,0,13,3,1,6,s,7,30,0,0,11,1,21,s,2,s,s,0,0,14,0,0,0,s,0,3,10
1494,0,0,0,d,13,3,1,6,s,7,30,0,s,11,1,21,s,2,s,s,24,0,14,9,2,d,s,0,3,10
1693,0,0,0,0,13,3,1,6,s,7,30,4,d,11,1,21,s,2,s,s,0,1,14,s,0,0,s,0,3,10
1657,1,0,0,18,d,3,1,6,s,7,30,0,d,11,1,21,s,2,s,s,0,0,14,0,0,0,s,0,3,10
I919,1,0,0,0,13,3,1,6,s,7,30,0,0,11,1,21,s,0,s,s,0,0,14,0,2,0,s,0,3,0
1683,1,0,0,0,13,3,1,d,s,7,30,0,0,11,1,21,s,d,s,s,0,0,14,0,2,1,s,s,d,d
I925,1,19,0,0,13,3,1,6,s,7,s,0,0,11,1,21,s,0,s,s,0,0,14,0,2,0,s,0,3,4
1803,d,19,0,d,13,3,1,6,s,7,s,0,0,11,1,d,s,0,s,s,0,0,14,0,d,d,s,0,3,4
1802,1,19,0,0,13,3,1,d,s,7,s,0,0,11,1,21,s,0,s,s,d,0,14,d,2,0,s,1,3,4
I926,0,0,0,20,13,3,0,0,s,0,30,4,0,0,0,21,s,0,s,s,0,0,14,0,0,0,s,0,3,3
I927,2,0,0,20,13,3,0,0,s,0,30,4,1,0,0,21,s,0,s,s,0,0,14,0,0,0,s,0,3,3
I928,2,0,0,20,13,3,0,0,s,0,30,4,1,0,0,21,s,0,s,s,0,0,14,0,0,0,s,0,3,3
I930,2,0,0,20,13,3,0,5,s,0,30,4,1,0,0,21,s,0,s,s,0,0,14,0,0,0,s,0,3,3
1843,2,0,0,20,13,3,0,5,s,0,30,4,1,d,0,21,s,d,s,s,0,0,14,0,0,0,s,0,d,d
1842,2,0,19,20,13,3,0,5,s,0,30,4,d,0,d,21,s,0,s,s,0,0,14,0,0,d,s,0,3,d
I932,s,0,0,20,13,3,0,0,s,0,30,4,1,0,0,21,s,0,s,s,0,0,14,0,0,0,s,0,3,3
1848,s,0,d,20,13,3,d,0,s,0,30,4,1,s,0,21,s,s,s,s,0,0,14,0,0,1,s,1,3,3
1876,s,16,0,20,13,3,0,0,s,0,d,s,d,d,0,21,s,0,s,s,0,d,14,0,0,1,s,0,3,3
I935,2,0,0,20,13,3,0,0,s,0,30,4,1,0,0,21,s,0,s,s,0,0,14,0,0,0,s,0,3,3
1990,2,0,d,20,13,s,0,0,s,0,30,d,1,0,0,21,s,d,s,s,0,0,14,8,0,0,s,d,3,d
I941,2,0,0,20,13,3,17,0,s,0,30,4,1,3,0,s,s,0,s,s,0,1,14,0,2,1,s,0,3,3
1935,2,0,0,d,13,d,17,d,s,0,30,d,1,d,0,s,s,0,s,s,0,d,d,d,2,1,s,0,3,3
1934,d,0,0,20,13,3,17,d,s,d,30,4,1,3,0,s,s,0,s,s,0,1,14,0,2,d,s,0,d,3
I942,0,16,10,20,13,3,0,0,s,0,30,4,0,0,0,21,s,0,s,s,0,1,14,0,0,0,s,0,3,3
I943,0,16,10,20,13,3,0,0,s,0,30,4,0,0,0,21,s,0,s,s,0,1,14,0,0,0,s,0,3,3
I944,0,16,10,20,13,3,0,0,s,0,30,4,0,0,0,21,s,0,s,s,s,1,14,0,0,0,s,0,3,3
1717,s,16,10,20,13,d,27,0,s,0,d,4,18,0,0,21,s,0,s,s,s,1,14,0,2,0,s,0,3,3
I946,0,16,10,20,13,3,0,0,s,0,30,4,0,0,0,21,s,0,s,s,s,1,14,0,0,0,s,0,3,3
1913,0,16,10,20,13,3,0,0,s,0,30,4,d,0,0,21,s,0,s,s,s,1,14,0,d,0,s,0,3,3
1912,0,16,10,20,13,3,0,0,s,d,30,4,d,0,0,d,s,0,s,s,s,1,14,0,0,0,s,0,3,3
I947,0,16,10,20,13,3,31,0,s,0,30,4,0,0,0,21,s,0,s,s,8,1,14,24,0,0,s,0,3,3
1645,2,16,10,20,13,3,31,0,s,0,30,4,0,0,0,d,s,0,s,s,8,1,14,24,0,d,s,d,d,3
1617,0,16,10,20,13,d,31,0,s,0,s,4,0,0,d,d,s,0,s,s,8,1,14,s,0,0,s,s,3,3
I950,0,16,10,20,13,3,0,0,s,0,30,4,18,0,0,21,s,14,s,s,0,1,14,0,0,0,s,0,3,3
I952,0,16,10,20,s,3,0,0,s,0,30,4,18,0,1,21,s,14,s,s,0,s,14,0,0,0,s,0,3,3
1629,d,16,10,20,s,3,0,0,s,0,30,4,18,0,1,21,s,d,s,s,0,s,d,0,0,0,s,0,d,3
1628,0,16,d,20,s,d,0,0,s,0,d,4,d,0,1,21,s,14,s,s,0,s,d,0,d,0,s,0,3,3
I954,0,16,10,20,13,3,8,0,s,0,s,4,18,17,0,21,s,14,s,s,0,1,14,0,0,0,s,1,3,3
1944,0,16,10,d,13,3,8,0,s,0,s,d,18,d,0,21,s,14,s,s,0,1,14,0,0,0,s,1,3,3
1863,0,16,10,20,13,3,d,0,s,0,s,4,18,17,d,21,s,14,s,s,0,d,14,0,0,0,s,1,3,3
I957,0,0,0,2,13,3,0,0,s,0,0,0,0,0,0,21,0,0,s,s,0,0,14,0,0,0,s,0,3,0
I958,0,0,0,2,13,3,0,0,s,0,0,0,0,0,0,21,0,0,s,s,12,0,14,0,0,0,s,0,3,0
I959,0,0,0,2,13,3,0,s,s,0,23,0,0,0,0,21,0,0,s,s,12,0,14,0,0,0,s,0,3,0
I960,0,0,0,2,13,3,0,s,s,0,23,0,0,0,0,21,0,0,s,s,12,0,14,0,0,0,s,0,3,0
I961,0,0,0,2,13,3,0,s,s,0,23,0,0,0,0,21,0,0,s,s,12,0,14,0,0,0,s,0,3,0
1212,0,0,0,s,d,3,0,s,s,0,s,0,0,0,0,21,0,22,s,s,12,0,14,0,0,d,s,d,3,0
1241,0,0,0,d,13,3,0,s,s,0,23,0,d,0,0,21,0,0,s,s,12,0,d,0,0,0,s,0,3,0
I964,0,0,0,2,13,3,0,s,s,0,23,0,1,0,0,21,0,0,s,s,12,0,14,0,0,0,s,0,3,0
I965,0,0,0,2,13,3,0,s,s,3,23,0,1,0,0,21,0,0,s,s,12,0,s,24,0,1,s,0,3,0
1075,0,0,0,2,13,3,d,s,s,3,d,0,d,0,0,21,0,0,s,s,12,s,s,24,0,1,s,1,d,0
1074,0,d,0,2,13,3,23,s,s,d,23,0,1,0,0,d,4,d,s,s,12,0,s,24,2,1,s,0,3,0
1061,0,0,0,2,13,3,d,s,s,0,23,0,1,0,0,21,0,0,s,s,12,0,14,0,0,0,s,0,3,d
I967,0,0,0,2,13,3,0,s,s,2,23,0,0,0,0,s,0,0,s,s,12,0,14,0,0,1,s,0,3,0
I968,0,25,0,2,13,3,0,s,s,2,23,0,0,0,0,s,0,0,s,s,12,0,14,0,0,1,s,0,3,0
1473,1,25,d,d,13,3,d,s,s,2,23,0,0,0,0,s,d,0,s,s,12,0,14,0,0,1,s,0,3,0
1580,d,25,3,d,13,3,0,s,s,2,d,0,0,0,0,s,0,0,s,s,12,d,14,0,0,d,s,s,3,0
I971,0,0,s,2,13,3,0,s,s,2,23,0,0,0,0,s,0,0,s,s,12,0,14,0,0,1,s,0,3,0
1314,0,0,s,2,13,3,0,s,s,d,23,0,0,2,0,s,0,0,s,s,d,0,14,0,0,1,s,1,3,0
I973,0,0,s,2,13,3,0,s,s,2,23,0,0,0,0,s,0,0,s,s,12,0,14,0,0,1,s,0,3,0
1447,0,0,s,2,d,d,0,s,s,2,23,0,0,d,0,s,0,0,s,s,12,0,14,d,0,1,s,0,d,12
1446,0,0,s,2,13,3,0,s,s,2,23,d,0,0,0,s,0,0,s,s,d,0,14,0,d,1,s,1,3,0
I974,0,0,0,2,13,3,0,0,s,0,0,0,0,11,0,21,0,1,s,s,12,0,14,0,0,0,s,0,3,0
I975,1,0,0,2,13,3,0,2,s,0,0,0,0,11,0,21,0,1,s,s,s,0,14,0,0,0,s,0,3,0
I977,1,0,0,2,13,3,17,2,s,0,0,0,18,11,0,21,10,1,s,s,s,0,14,8,0,0,s,0,3,12
1309,1,3,0,2,13,3,17,2,s,0,d,d,d,11,0,21,10,d,s,s,s,0,14,8,0,0,s,s,3,d
1308,1,0,0,2,13,3,17,2,s,0,0,0,18,11,0,21,d,1,s,s,s,0,14,8,0,1,s,0,3,12
I980,1,0,0,2,13,3,0,2,s,1,0,0,0,11,0,21,0,1,s,s,s,0,14,8,0,0,s,1,3,0
1513,d,0,0,2,d,d,0,2,s,1,1,0,d,11,0,21,0,d,s,s,s,1,14,8,0,d,s,1,3,0
1512,1,0,0,2,13,3,0,2,s,1,d,0,0,11,0,21,0,d,s,s,s,0,14,8,d,0,s,1,3,0
I982,0,0,0,2,13,3,0,0,s,0,0,0,0,11,0,21,0,1,s,s,12,0,14,0,0,0,s,0,3,0
1729,0,0,0,2,13,3,d,0,s,0,28,6,0,d,0,21,0,1,s,s,12,0,14,0,0,0,s,0,3,d
1259,s,11,26,2,13,3,5,0,s,0,0,d,0,11,s,21,0,s,s,s,12,0,14,0,0,s,s,0,3,0
I989,0,0,0,2,13,3,0,0,s,0,0,0,0,0,0,21,0,0,s,s,7,1,14,0,0,0,s,0,3,0
I990,0,0,0,2,13,3,0,0,s,0,s,0,0,0,0,21,0,0,s,s,s,1,14,0,0,0,s,0,3,0
I991,0,0,25,2,13,3,0,0,s,0,s,0,0,0,0,21,0,0,s,s,s,1,14,0,0,s,s,0,3,0
I992,0,0,s,2,13,3,0,0,s,0,s,0,0,0,0,21,0,10,s,s,s,1,14,0,0,s,s,0,3,0
1312,0,0,s,2,13,3,0,0,s,0,s,d,0,0,2,21,d,10,s,s,s,d,s,d,0,s,s,0,3,17
1231,0,0,s,d,13,d,0,0,s,0,s,d,0,0,0,d,3,10,s,s,s,1,14,0,0,s,s,0,3,0
I995,0,0,25,2,13,3,0,6,s,3,s,0,0,0,0,21,0,0,s,s,s,1,14,0,0,s,s,0,3,0
1508,0,0,25,2,13,3,0,6,s,d,s,3,0,8,0,21,0,d,s,s,s,1,14,d,d,s,s,1,s,0
1395,0,0,25,2,13,3,0,6,s,d,s,0,0,0,0,21,0,0,s,s,s,1,14,0,0,s,s,0,3,0
I998,0,0,0,2,13,3,0,0,s,0,s,0,0,11,0,21,0,0,s,s,s,1,14,0,0,0,s,0,3,0
I999,0,20,0,2,13,3,0,0,s,0,s,0,0,11,0,21,0,0,s,s,s,1,14,0,0,0,s,0,3,0
I1000,0,20,0,2,13,3,0,0,s,0,s,0,0,11,0,21,0,0,s,s,s,1,14,0,2,0,s,0,3,0
I1001,0,20,0,2,13,s,0,0,s,0,s,0,0,11,0,21,0,0,s,s,s,1,14,0,2,0,s,0,3,0
2015,0,20,0,2,13,s,0,d,s,0,s,0,0,11,0,21,0,0,s,s,s,d,14,0,2,0,s,0,3,0
2014,0,20,0,d,13,s,0,0,s,0,s,d,0,d,0,21,0,d,s,s,s,1,14,0,2,0,s,0,3,0
1032,0,20,6,d,d,3,0,0,s,0,s,0,d,d,d,21,0,0,s,s,s,1,d,0,2,0,s,0,3,0
1026,0,20,0,2,13,3,9,0,s,0,s,s,0,d,0,21,0,0,s,s,s,1,14,0,d,d,s,1,d,d
I1004,0,0,0,2,13,3,0,s,s,0,s,0,0,11,0,21,0,0,s,s,s,1,14,0,0,0,s,1,3,0
I1005,0,0,0,2,13,3,0,s,s,0,s,0,0,11,0,21,0,0,s,s,s,1,14,0,0,1,s,1,3,0
2004,0,d,0,2,13,3,0,s,s,d,s,0,0,d,0,21,0,0,s,s,s,1,14,0,0,1,s,1,3,0
1010,0,27,3,2,13,d,16,s,s,0,s,d,0,11,0,21,0,0,s,s,s,d,14,d,0,1,s,d,3,0
1038,d,0,0,2,13,d,0,s,s,0,s,3,0,d,0,21,0,d,s,s,s,1,14,8,0,0,s,1,3,0
I1009,0,0,0,2,13,3,0,0,s,0,11,0,0,0,0,21,0,0,s,s,7,1,14,0,0,0,s,0,3,7
I1010,0,0,0,2,13,3,0,0,s,9,11,0,0,0,0,21,0,0,s,s,7,1,14,2,0,0,s,0,3,7
I1011,0,0,0,2,s,3,0,0,s,9,11,0,0,0,0,21,0,0,s,s,7,1,14,2,0,0,s,1,3,7
1304,0,0,0,2,s,3,s,0,s,9,11,0,0,0,0,21,0,0,s,s,7,1,14,2,0,0,s,1,d,7
I1013,1,0,0,2,s,3,0,0,s,9,11,0,0,0,0,21,0,13,s,s,7,1,14,2,0,0,s,1,3,7
1115,1,0,0,2,s,3,0,0,s,9,11,0,0,0,0,21,0,13,s,s,7,1,14,2,0,0,s,1,3,7
1114,d,0,0,d,s,3,0,0,s,9,11,0,d,0,1,21,0,13,s,s,7,d,14,2,0,d,s,1,3,7
I1014,0,0,0,2,13,3,5,0,s,9,11,0,0,0,0,21,0,1,s,s,7,1,14,2,0,0,s,1,3,7
I1015,0,0,0,2,13,3,5,0,s,9,11,0,0,0,0,21,0,1,s,s,7,1,14,2,0,0,s,1,3,7
1121,0,0,0,d,13,3,5,d,s,9,11,0,0,0,0,d,0,d,s,s,7,1,14,2,0,0,s,1,3,7
1120,0,0,0,2,13,3,5,0,s,d,11,0,0,d,1,21,0,1,s,s,7,d,14,2,d,0,s,1,3,7
1162,0,0,0,2,13,d,5,0,s,9,11,3,0,d,0,21,0,1,s,s,7,1,14,2,0,d,s,1,3,7
I1017,0,0,0,2,13,3,40,0,s,0,11,s,0,0,0,21,0,0,s,s,7,1,14,0,0,0,s,0,3,7
I1018,0,0,0,2,13,3,40,0,s,0,11,s,0,0,0,21,0,0,s,s,7,1,14,0,0,0,s,1,3,7
1371,0,0,d,2,13,3,40,d,s,0,11,s,0,0,0,21,0,0,s,s,7,1,14,0,s,d,s,1,d,7
1442,0,27,0,2,13,3,40,0,s,0,11,s,d,0,0,21,0,0,s,s,7,1,14,d,0,0,s,1,3,7
I1021,0,0,0,2,13,3,40,0,s,0,11,s,15,17,0,21,0,0,s,s,7,1,14,0,0,0,s,0,s,7
1097,0,0,0,2,s,3,d,0,s,7,11,s,15,17,0,21,0,0,s,s,7,1,14,0,0,d,s,0,s,7
I1023,0,17,0,2,13,3,40,0,s,0,11,s,15,17,0,21,0,0,s,s,7,1,s,0,0,0,s,0,s,7
1337,d,17,d,2,d,3,d,0,s,0,11,s,15,17,d,21,0,0,s,s,7,d,s,d,0,d,s,0,s,7
1336,0,17,0,2,13,3,40,0,s,0,11,s,d,17,0,21,0,0,s,s,7,1,s,0,0,0,s,d,s,d
