cell,r1,r2,r3,r4,r5,r6,r7,r8,r9,r10,r11,r12,r13,r14,r15,r16,r17,r18,r19,r20,r21,r22,r23,r24,r25,r26,r27,r28,r29,r30
I1,0,0,0,0,0,0,0,0,0,0,0,4,0,0,0,0,0,3,0,0,0,0,0,0,0,0,0,0,0,0
I2,s,0,0,18,3,0,0,0,0,0,0,4,0,2,0,0,2,3,0,0,8,0,0,0,0,0,0,0,s,0
I3,s,0,0,18,3,0,0,s,0,0,0,4,3,2,0,0,2,3,0,0,8,0,0,0,0,0,0,0,s,0
I4,s,0,0,18,3,0,0,s,0,0,0,4,3,2,0,0,2,3,0,0,8,0,0,0,0,0,0,0,s,0
I5,s,0,0,18,3,0,0,s,0,0,0,4,3,2,0,0,2,3,0,0,8,0,0,0,0,0,0,0,s,0
I6,s,0,0,18,3,0,0,s,0,0,0,4,3,2,0,0,2,3,0,0,8,0,0,0,0,0,0,0,s,0
I7,s,0,0,18,3,0,0,s,0,0,0,4,3,2,0,0,2,3,11,0,8,0,0,0,0,0,0,0,s,0
I8,s,0,0,18,3,0,0,s,0,0,0,4,3,2,0,0,2,3,11,20,8,0,0,0,0,s,0,0,s,0
1507,s,0,4,18,3,0,0,s,3,0,7,4,3,2,0,2,2,3,11,20,8,0,0,0,0,s,0,0,s,0
I12,s,0,0,18,3,0,0,s,0,0,0,4,3,2,0,0,2,3,11,20,8,0,0,0,0,s,0,0,s,0
1424,s,d,0,18,3,0,s,s,0,0,0,4,3,2,d,0,2,d,11,20,8,0,0,0,0,s,0,d,s,d
1627,s,0,d,18,3,0,0,s,0,0,0,4,3,d,0,0,2,3,11,d,8,0,0,0,0,s,0,0,s,0
I15,s,0,0,18,3,0,s,s,0,0,0,4,3,2,0,0,2,3,11,0,8,0,16,0,1,0,0,9,s,0
1421,s,d,0,18,3,0,s,s,3,0,0,4,3,2,28,0,2,d,s,d,8,0,16,0,1,0,1,9,s,0
I19,s,0,4,18,3,0,s,s,0,0,0,4,3,2,0,0,2,3,11,0,8,0,16,0,1,0,0,9,s,0
1283,s,d,d,18,3,0,s,s,0,1,0,4,3,2,0,0,2,3,11,0,8,0,d,18,1,0,0,9,s,0
I21,s,18,4,18,3,0,s,s,0,0,0,4,3,2,28,0,2,3,11,0,8,0,16,0,1,0,0,9,s,0
1599,s,18,4,18,3,0,s,s,0,0,0,4,3,2,d,0,2,3,11,0,8,0,16,0,1,0,0,9,s,0
1598,s,18,4,18,3,0,s,s,0,0,0,4,3,d,28,0,2,3,11,0,d,0,16,0,1,0,0,d,s,d
I22,s,0,0,18,3,0,0,s,0,0,0,4,3,2,0,0,2,3,0,2,8,0,0,0,0,0,0,0,s,0
I23,s,0,0,18,3,0,0,s,0,0,0,4,3,2,0,0,2,3,11,2,8,0,0,0,0,0,0,0,s,0
I26,s,10,4,18,3,4,0,s,0,0,0,4,3,2,0,0,2,3,11,2,8,0,0,0,0,0,0,0,s,0
1639,s,10,d,18,3,4,0,s,0,d,d,4,3,2,0,0,2,3,11,2,8,0,d,0,8,0,0,0,s,0
1638,s,10,4,18,3,4,0,s,0,d,0,4,3,2,d,0,2,3,11,2,d,0,0,0,0,0,0,0,s,0
1333,s,0,0,d,3,0,3,s,0,d,0,4,3,2,0,0,2,d,11,2,s,0,d,d,0,0,1,0,s,4
I30,s,0,0,18,3,0,0,s,0,0,0,4,3,2,0,0,2,3,9,2,8,0,0,0,0,5,0,0,s,0
I33,s,0,4,18,3,4,0,s,0,4,0,4,3,2,0,0,2,3,9,2,8,0,3,0,0,5,1,0,s,0
1505,s,1,4,18,s,4,0,s,s,4,0,4,3,2,0,d,2,3,9,2,8,d,3,0,0,d,d,0,s,0
1504,s,0,4,18,3,4,d,s,0,4,0,4,d,2,0,0,2,3,9,2,8,0,3,0,0,5,1,0,s,0
I34,s,s,0,18,3,0,0,s,0,0,0,4,3,2,4,2,2,3,9,2,8,0,0,0,7,5,0,6,s,0
1490,s,s,0,18,3,0,0,s,0,0,0,4,3,2,4,2,2,3,9,2,8,0,11,0,7,5,0,6,s,0
1755,s,s,2,18,3,3,d,s,0,0,0,4,3,2,4,2,2,3,d,2,8,0,d,0,7,5,0,6,s,0
I37,s,0,0,18,3,4,0,s,0,0,0,4,3,2,0,0,2,3,0,s,8,0,0,0,0,0,0,0,s,0
I38,s,0,4,18,3,4,0,s,0,0,0,4,3,2,0,0,2,3,0,s,8,30,0,4,0,0,0,0,s,0
I42,s,0,4,18,3,4,0,s,0,0,6,4,3,2,4,2,2,3,0,s,8,30,0,4,0,0,s,0,s,0
1523,s,0,4,18,3,4,0,s,0,d,6,4,3,2,4,d,2,d,0,s,8,d,0,4,0,0,s,0,s,0
1522,s,0,4,18,3,4,0,s,d,0,6,4,3,2,4,d,d,d,0,s,8,30,0,4,0,d,s,0,s,0
I46,s,0,4,18,3,4,0,s,0,0,0,4,3,2,0,0,2,3,0,s,8,30,21,4,0,0,0,0,s,0
I47,s,0,4,18,3,4,0,s,0,0,0,4,3,2,0,0,2,3,0,s,8,30,21,4,0,0,0,0,s,0
I49,s,0,4,18,3,4,0,s,0,0,0,4,3,2,0,0,2,3,0,s,8,30,21,4,0,0,0,0,s,0
1971,s,0,4,18,3,4,0,s,0,0,0,d,3,2,0,0,2,3,0,s,8,30,d,4,d,0,0,0,s,0
1970,s,0,4,18,3,4,0,s,0,0,d,d,3,2,0,d,2,3,0,s,d,30,21,4,0,d,d,0,s,0
I50,s,0,4,18,3,4,0,s,0,0,0,4,3,2,0,0,2,3,0,s,8,30,21,4,0,0,3,0,s,0
1193,s,0,4,18,3,4,0,s,0,0,d,4,d,2,0,0,d,3,0,s,8,30,21,4,0,1,3,0,s,0
1192,s,0,d,18,3,4,0,s,0,0,0,4,3,2,0,0,2,3,0,s,8,d,d,4,0,0,3,0,s,0
1124,s,0,4,18,3,4,0,s,0,0,0,4,3,2,d,s,d,3,15,s,8,30,21,4,0,0,0,0,s,0
I54,s,0,0,18,3,4,6,s,0,0,0,4,3,2,0,0,2,3,0,s,8,0,0,0,0,9,0,0,s,0
I55,s,3,0,18,3,4,6,s,0,0,0,4,3,2,0,2,2,3,15,s,8,0,0,0,79,9,1,0,s,0
I56,s,3,0,18,3,4,6,s,0,0,0,4,3,2,0,2,2,3,15,s,8,0,0,0,79,9,1,0,s,0
1119,s,d,0,18,3,4,d,s,0,2,13,4,3,2,0,2,2,3,15,s,8,d,11,0,79,d,1,0,s,d
1161,s,3,0,d,3,4,6,s,0,s,0,d,3,2,0,2,2,3,d,s,8,0,0,d,79,d,1,0,s,0
I59,s,3,0,18,3,4,6,s,0,0,0,4,3,2,0,2,2,3,15,s,8,0,0,0,79,s,1,0,s,0
I60,s,3,4,18,3,4,6,s,0,0,12,4,3,2,0,2,2,3,15,s,8,0,0,3,79,s,1,0,s,0
1411,s,3,4,18,3,d,d,s,3,0,12,4,3,2,0,2,2,3,15,s,8,d,d,3,79,s,1,0,s,0
1410,s,3,4,18,3,4,6,s,0,0,d,d,3,2,0,2,2,3,15,s,d,0,0,3,d,s,1,0,s,0
1483,s,d,s,18,d,4,6,s,0,0,1,d,3,2,0,2,2,3,15,s,8,0,1,0,79,s,1,d,s,d
I62,s,0,0,18,3,4,6,s,2,0,0,4,3,2,0,1,2,3,0,s,8,0,0,0,0,9,0,0,s,0
1112,s,0,0,18,d,4,6,s,2,d,9,d,d,2,28,1,2,d,0,s,s,d,0,0,0,9,0,0,s,d
I66,s,0,0,18,3,4,6,s,2,0,0,4,3,2,0,1,2,3,0,s,8,0,0,0,0,9,0,0,s,0
I67,s,0,0,18,3,4,6,s,2,0,0,4,3,2,0,1,2,3,0,s,8,0,0,0,0,s,0,0,s,6
1457,s,0,0,18,3,4,6,s,2,0,0,4,3,2,d,d,2,d,0,s,8,0,1,0,d,s,0,d,s,6
1456,s,0,0,d,3,d,6,s,2,0,d,4,3,2,d,1,2,3,9,s,8,0,0,0,0,s,d,0,s,6
1339,s,s,0,d,d,4,d,s,2,4,0,4,3,2,0,1,2,3,d,s,8,0,0,0,0,9,0,0,s,0
I69,s,0,0,18,3,0,0,s,0,0,0,4,s,2,0,0,2,3,0,0,8,0,0,0,0,s,0,0,s,0
I70,s,0,0,18,3,0,3,s,0,0,13,4,s,2,0,0,2,3,0,0,8,0,0,0,0,s,0,0,s,0
I71,s,7,0,18,3,0,3,s,0,0,13,4,s,2,0,0,2,3,0,0,8,2,0,0,0,s,0,0,s,0
1286,s,7,0,d,3,0,d,s,0,0,13,s,s,d,0,2,s,3,s,1,8,2,16,4,0,s,d,0,s,0
I79,s,7,0,18,3,0,3,s,0,0,13,4,s,2,0,0,2,3,0,0,8,2,10,0,0,s,0,0,s,0
I80,s,7,0,18,3,0,3,s,1,0,13,4,s,2,0,0,2,3,23,0,8,2,10,0,0,s,0,0,s,0
1343,s,d,d,d,d,d,3,s,1,0,13,4,s,2,0,2,2,3,23,0,8,d,10,0,0,s,0,9,s,d
1718,s,s,0,18,3,4,3,s,1,0,13,4,s,2,0,d,2,3,23,d,8,2,d,0,0,s,d,d,s,d
I83,s,7,0,18,3,0,3,s,0,0,13,4,s,2,0,0,2,3,0,0,8,2,10,0,0,s,0,0,s,0
1111,s,7,0,18,3,0,3,s,0,0,13,4,s,2,0,0,2,3,0,0,8,2,10,d,0,s,0,0,s,0
2028,s,7,0,18,3,0,3,s,0,d,13,4,s,2,0,0,2,3,0,21,d,2,10,0,7,s,0,0,s,0
I87,s,0,0,18,3,0,3,s,0,0,13,4,s,2,0,0,2,3,4,0,8,0,0,0,0,s,0,4,s,0
I88,s,0,0,18,3,0,3,s,0,0,13,4,s,2,0,0,2,3,4,0,8,0,0,0,0,s,0,4,s,0
1298,s,d,4,18,3,4,3,s,0,0,13,4,s,2,0,0,2,3,4,0,8,0,0,0,0,s,1,4,s,0
I92,s,0,0,18,3,0,3,s,0,0,13,4,s,2,0,0,2,3,4,0,8,0,0,0,0,s,0,4,s,0
I93,s,18,2,18,3,0,3,s,0,0,13,4,s,2,7,0,2,3,4,0,8,0,0,0,0,s,0,4,s,0
1263,s,18,d,d,3,0,3,s,0,d,13,4,s,2,7,d,2,d,4,0,8,0,0,0,0,s,0,d,s,0
1262,s,18,2,18,3,0,3,s,0,d,13,4,s,2,7,0,2,3,4,0,8,0,0,0,d,s,0,4,s,0
1376,s,0,0,d,d,0,3,s,0,0,13,d,s,2,0,0,2,3,4,1,8,0,0,0,50,s,0,4,s,0
I95,s,0,0,18,3,4,3,s,0,0,13,4,s,2,0,0,2,3,4,8,8,0,0,0,0,s,0,4,s,0
I96,s,0,0,18,3,4,3,s,0,0,13,4,s,2,0,0,2,3,4,8,8,0,0,0,0,s,0,4,s,0
1250,s,0,0,18,3,4,3,s,0,0,d,4,s,2,0,d,2,3,d,8,8,0,d,0,0,s,0,4,s,0
1078,s,0,4,18,3,4,3,s,d,0,13,4,s,2,0,0,2,3,4,8,8,0,0,d,0,s,0,4,s,d
1407,s,0,0,18,3,4,3,s,0,2,13,d,s,2,d,0,2,3,4,d,8,s,0,0,s,s,1,4,s,14
I102,s,0,0,18,3,0,0,s,s,0,0,4,s,2,0,0,2,3,0,1,8,0,0,0,0,s,0,0,s,0
I103,s,0,0,18,3,0,0,s,s,0,9,4,s,2,0,0,2,3,0,1,8,0,0,0,0,s,0,0,s,0
I109,s,20,0,18,3,0,0,s,s,0,9,4,s,2,0,0,s,3,0,1,8,12,0,0,8,s,s,0,s,0
I110,s,20,0,18,3,0,0,s,s,0,9,4,s,2,0,0,s,3,0,1,8,12,0,0,8,s,s,0,s,0
1866,s,20,0,18,3,0,0,s,s,0,d,4,s,2,0,0,s,3,0,1,8,12,0,0,8,s,s,d,s,0
1885,s,20,d,18,3,0,s,s,s,3,9,d,s,2,d,0,s,3,0,s,8,12,6,d,8,s,s,0,s,0
I113,s,20,0,18,3,0,0,s,s,0,9,4,s,2,0,0,s,3,0,s,8,12,0,0,8,s,s,0,s,0
2045,s,20,0,s,3,4,0,s,s,0,9,4,s,2,d,0,s,d,0,s,d,12,d,0,8,s,s,0,s,0
2031,s,20,d,18,3,0,0,s,s,0,9,4,s,2,0,0,s,d,0,s,8,12,0,d,8,s,s,0,s,0
I116,s,0,0,18,3,0,0,s,s,0,9,4,s,2,0,0,2,3,0,1,8,0,0,0,0,s,0,0,s,5
1099,s,0,2,d,3,d,12,s,s,0,9,4,s,s,d,0,2,3,0,d,8,0,0,0,15,s,0,0,s,s
I120,s,0,0,18,3,0,0,s,s,4,9,4,s,2,0,0,2,3,0,1,8,0,0,0,0,s,0,0,s,5
1022,s,0,d,18,3,0,d,s,s,d,9,4,s,2,0,d,2,3,d,d,8,20,0,0,0,s,0,d,s,5
1964,s,0,0,18,d,0,d,s,s,4,9,4,s,2,0,d,d,3,d,1,s,0,d,0,63,s,1,0,s,5
I124,s,0,0,18,3,0,0,s,s,4,0,4,s,2,1,0,2,3,6,1,8,0,0,0,0,s,0,0,s,0
I125,s,0,0,18,3,0,0,s,s,4,0,4,s,2,1,0,2,3,6,1,8,21,0,0,0,s,0,0,s,0
I128,s,0,0,18,3,0,0,s,s,4,0,4,s,s,s,0,2,3,6,1,s,21,0,0,0,s,1,0,s,0
1133,s,17,d,18,d,0,d,s,s,d,0,d,s,s,s,0,2,3,6,1,s,21,0,0,0,s,d,0,s,d
1132,s,0,0,18,3,0,0,s,s,d,0,4,s,s,s,0,d,3,d,1,s,21,0,0,0,s,s,0,s,0
I131,s,1,4,18,3,0,0,s,s,4,0,4,s,2,1,0,2,3,6,1,8,21,0,0,0,s,0,0,s,0
1727,s,d,4,d,3,0,0,s,s,d,0,d,s,2,1,0,2,3,d,1,8,21,0,0,0,s,0,0,s,d
1726,s,1,4,18,3,0,d,s,s,d,0,4,s,2,1,d,2,3,6,1,8,21,d,0,d,s,0,0,s,0
I132,s,0,4,18,3,0,0,s,s,4,0,4,s,2,1,0,2,3,6,1,8,0,0,0,0,s,0,0,s,0
I133,s,0,4,18,3,0,2,s,s,4,0,4,s,2,1,0,2,3,6,1,8,0,0,0,0,s,0,0,s,0
I134,s,0,4,18,3,0,2,s,s,4,0,4,s,2,1,0,2,3,6,1,8,0,0,0,0,s,0,0,s,0
1095,s,0,4,18,3,d,2,s,s,4,0,d,s,s,1,0,2,3,6,1,8,1,d,d,0,s,0,0,s,0
1094,s,0,4,18,3,0,2,s,s,4,0,4,s,2,1,d,2,d,6,d,8,0,0,0,d,s,2,0,s,0
1044,s,0,d,18,3,4,2,s,s,4,0,d,s,2,d,0,2,d,6,1,8,0,0,0,0,s,0,0,s,13
I136,s,0,4,18,3,0,0,s,s,4,0,4,s,2,1,0,2,3,6,1,8,0,0,0,0,s,2,0,s,14
1165,s,d,4,18,d,0,s,s,s,4,0,4,s,d,1,0,2,3,6,1,8,0,0,0,d,s,d,0,s,14
I138,s,0,4,18,3,0,0,s,s,4,9,4,s,2,1,0,2,3,6,1,8,0,0,0,0,s,2,0,s,14
1081,s,0,4,18,3,0,0,s,s,4,9,4,s,2,1,0,2,3,d,1,8,0,0,d,69,s,2,0,s,d
1080,s,0,d,18,3,0,0,s,s,4,9,4,s,2,1,0,2,3,d,1,8,0,0,0,0,s,2,43,s,14
I139,s,0,0,18,3,0,0,s,0,0,0,4,3,2,0,0,2,3,0,0,8,0,0,0,0,0,3,0,s,0
I140,s,0,4,18,3,0,0,s,0,0,0,4,3,2,0,2,2,3,0,0,8,0,0,0,0,26,3,0,s,0
I141,s,0,4,18,3,0,6,s,0,0,0,4,3,2,0,2,2,3,0,0,8,0,0,0,0,26,3,0,s,2
I142,s,0,4,18,3,0,6,s,s,4,0,4,3,2,0,2,2,3,0,0,8,2,0,0,0,26,3,0,s,2
I143,s,0,4,18,3,0,6,s,s,4,0,4,3,2,0,2,2,s,0,0,8,2,0,0,10,26,3,0,s,2
I144,s,s,4,18,3,0,6,s,s,4,0,4,3,2,0,2,2,s,0,0,8,2,2,0,10,26,3,0,s,2
1762,s,s,4,18,3,0,6,s,s,4,0,4,3,2,d,2,d,s,d,0,8,2,2,0,10,26,d,3,s,2
1785,s,s,4,18,3,0,6,s,s,4,0,4,3,2,0,2,2,s,0,0,8,2,2,0,10,26,s,d,s,2
I147,s,0,4,18,3,0,s,s,s,4,0,4,3,2,3,2,2,s,0,0,8,2,0,0,10,26,3,6,s,2
1892,s,0,4,18,3,0,s,s,s,4,12,4,d,d,3,2,2,s,0,0,8,2,d,0,10,26,3,6,s,2
I149,s,0,4,18,3,0,s,s,s,4,0,4,3,2,3,2,2,s,15,0,8,2,0,0,10,26,3,6,s,2
1805,s,0,4,18,3,0,s,s,s,d,0,4,d,2,3,2,2,s,15,0,8,2,0,0,10,26,3,s,s,2
1804,s,0,4,18,3,0,s,s,s,d,0,4,3,2,3,2,d,s,15,0,8,2,0,0,10,26,3,6,s,2
I150,s,0,4,18,s,0,6,s,s,4,15,4,3,2,0,2,2,3,0,0,8,2,0,0,0,s,3,38,s,2
I152,s,0,4,18,s,0,6,s,s,4,15,4,3,2,0,2,2,3,0,8,8,2,0,0,0,s,3,38,s,2
1747,s,d,4,18,s,0,6,s,s,4,15,s,3,d,3,2,d,3,d,8,8,2,0,0,d,s,s,38,s,2
1746,s,d,4,18,s,0,6,s,s,4,15,4,3,2,0,2,2,3,0,8,8,2,0,s,0,s,d,38,s,2
1092,s,d,4,18,s,4,6,s,s,4,15,4,3,d,0,2,2,d,23,0,8,2,1,0,0,s,3,38,s,2
I154,s,0,4,18,3,0,6,s,0,0,0,4,3,2,0,2,2,3,0,0,8,0,0,0,0,26,3,0,s,2
I155,s,0,4,18,3,0,6,s,0,0,0,4,3,2,0,2,2,3,12,0,8,22,0,13,0,26,3,0,s,2
I156,s,0,4,18,3,0,6,s,0,0,0,4,3,2,0,2,2,3,12,0,8,22,0,13,0,26,3,0,s,2
1742,s,d,4,18,3,0,6,s,d,d,0,4,d,2,0,2,2,3,12,d,8,22,0,13,49,26,3,0,s,2
976,s,0,4,18,3,0,6,s,0,0,0,4,3,2,0,s,2,3,s,2,8,22,0,13,0,26,3,0,s,2
I158,s,0,4,18,3,0,6,s,0,4,15,4,3,2,0,2,2,3,12,0,8,22,0,13,0,26,3,0,s,2
1578,s,0,4,18,d,0,6,s,0,4,15,4,3,2,d,2,2,d,12,0,8,22,0,13,d,26,3,0,s,2
1725,s,0,d,18,3,0,6,s,0,4,15,4,3,2,0,2,2,3,d,0,8,22,0,13,0,26,d,0,s,2
I161,s,0,4,18,3,0,6,s,0,4,0,4,3,2,0,2,2,3,0,0,8,0,0,0,0,26,3,0,s,2
1365,s,0,4,d,3,0,6,s,0,d,0,4,s,2,0,2,2,d,d,0,8,d,0,0,0,26,3,0,s,2
1666,s,0,4,18,3,s,6,s,0,d,0,4,3,2,0,2,2,3,0,d,d,0,d,d,0,26,3,0,s,d
I168,s,0,4,18,3,0,6,s,0,0,0,4,3,2,4,2,2,3,0,0,8,0,3,0,0,26,3,1,s,0
I169,s,0,4,18,3,0,6,s,0,0,9,4,3,2,4,2,2,3,0,0,8,0,3,0,0,26,3,1,s,0
I170,s,0,4,18,3,0,6,s,0,0,9,4,3,2,4,2,2,3,0,0,8,0,3,0,0,26,3,1,s,0
I173,s,0,4,18,3,0,6,s,0,0,9,4,3,2,4,2,2,3,0,14,8,0,3,0,0,26,3,1,s,0
1887,s,0,4,18,3,d,6,s,0,0,9,d,3,2,4,2,2,3,0,14,d,0,3,0,0,26,3,1,s,0
1886,s,0,4,18,3,0,6,s,0,0,d,4,3,2,4,2,2,d,0,14,8,0,d,0,0,26,3,1,s,56
I175,s,0,4,18,3,4,6,s,0,0,9,4,3,2,4,2,2,3,0,25,8,18,3,0,0,26,3,1,s,25
1943,s,0,4,18,3,4,6,s,0,0,9,4,3,2,4,2,2,3,0,25,d,d,3,0,0,26,3,1,s,25
1942,s,0,d,18,3,4,6,s,0,d,9,4,3,2,d,2,2,3,0,25,8,18,3,0,0,26,3,1,s,d
I177,s,0,4,18,3,0,6,s,0,0,9,4,3,2,4,2,2,3,0,0,8,0,3,0,0,26,3,1,s,0
1878,s,0,4,18,3,0,6,s,d,0,9,d,3,2,4,2,2,d,d,d,d,2,3,0,60,s,3,1,s,0
I181,s,0,4,18,3,0,6,s,1,0,9,4,3,2,4,2,2,3,0,0,8,0,3,15,0,26,3,1,s,0
1029,s,7,4,18,3,0,d,s,1,s,9,4,3,2,4,d,2,3,21,0,8,0,3,15,0,s,3,1,s,0
2043,s,0,4,18,3,0,6,s,1,0,9,4,3,2,4,2,2,3,0,d,8,0,3,d,0,d,3,1,s,0
I183,s,0,4,18,3,s,6,s,0,0,0,4,3,2,4,2,2,3,0,11,8,0,s,13,0,26,3,1,s,0
I184,s,0,4,18,3,s,6,s,0,0,0,4,3,2,4,2,2,3,0,11,8,39,s,13,0,26,3,1,s,0
1575,s,1,4,18,3,s,6,s,d,d,s,4,3,2,4,2,2,3,0,11,8,39,s,13,0,26,3,d,s,31
I189,s,s,4,18,3,s,6,s,0,0,0,4,3,2,4,2,2,3,5,11,8,39,s,13,0,26,3,1,s,0
1765,s,s,4,d,3,s,6,s,0,0,0,4,d,d,4,d,2,3,d,11,8,39,s,13,0,26,d,1,s,0
1764,s,s,4,18,3,s,6,s,0,0,0,d,3,2,4,2,d,3,5,11,8,d,s,13,0,26,3,1,s,0
I191,s,0,4,18,3,s,6,s,0,0,0,4,3,2,4,2,2,3,15,11,8,0,s,13,0,26,3,1,s,0
1545,s,0,d,18,3,s,6,s,3,s,0,4,3,2,4,2,2,s,15,d,8,0,s,13,0,26,3,s,s,0
I195,s,0,4,18,3,s,6,s,0,0,0,4,3,2,4,2,2,3,15,11,8,0,s,13,0,26,3,1,s,6
1536,s,0,4,18,3,s,d,s,0,0,0,4,3,d,4,2,2,3,15,d,d,0,s,s,0,26,3,1,s,6
I197,s,0,4,18,3,s,6,s,0,0,12,4,3,2,4,2,2,3,15,11,8,0,s,13,0,26,3,1,s,6
1373,s,0,d,18,3,s,6,s,4,0,d,d,3,d,d,2,d,3,15,11,8,0,s,13,0,26,d,1,s,d
1372,s,0,d,d,3,s,6,s,2,0,12,4,3,2,4,2,2,3,15,d,8,0,s,13,0,26,3,d,s,d
I198,s,0,0,18,3,0,0,s,0,0,0,4,3,2,0,2,2,3,0,0,8,0,0,0,0,s,3,0,s,0
I199,s,18,0,18,3,0,0,s,0,0,0,4,3,2,0,2,2,3,0,0,8,0,0,0,0,s,3,0,s,0
I200,s,18,0,18,3,0,0,s,0,0,0,4,3,2,0,2,2,3,0,0,8,0,0,22,0,s,3,0,s,0
I201,s,18,0,18,3,0,0,s,0,0,0,4,s,2,0,2,2,3,0,0,8,0,0,22,0,s,3,0,s,0
1043,s,18,4,d,3,d,d,s,0,0,0,s,s,2,8,2,2,3,4,d,8,0,0,22,0,s,3,d,s,d
2037,s,18,d,18,3,0,0,s,0,d,0,4,s,2,0,2,2,3,6,s,8,d,0,22,37,s,3,d,s,0
I205,s,18,4,18,3,0,1,s,0,0,0,4,3,2,0,2,2,3,0,0,8,0,7,22,0,s,3,0,s,0
I206,s,18,4,18,3,0,1,s,0,0,0,4,3,2,22,2,2,3,0,0,8,34,7,22,0,s,3,0,s,0
1920,s,18,d,18,3,0,1,s,0,0,0,4,3,2,d,2,2,3,s,d,8,34,7,22,0,s,d,0,s,d
1953,s,18,s,d,3,0,1,s,d,d,0,4,3,2,22,2,2,3,0,d,8,34,d,22,0,s,3,0,s,0
1024,s,18,4,18,3,s,d,s,3,d,0,4,3,2,0,2,2,d,4,s,8,11,7,22,d,s,3,0,s,0
I210,s,18,0,18,s,0,0,s,3,0,0,4,3,2,0,2,2,3,0,0,8,0,0,23,0,s,3,0,s,0
I211,s,18,0,18,s,4,11,s,3,0,0,4,3,2,0,2,2,3,0,0,8,0,0,23,69,s,3,0,s,0
I212,s,18,0,18,s,4,11,s,3,0,0,4,3,2,0,2,2,3,0,0,8,0,0,23,69,s,3,0,s,0
1041,s,18,0,18,s,4,11,s,d,0,0,4,3,2,0,2,2,3,s,0,8,0,0,23,69,s,d,7,s,50
1040,s,18,0,18,s,4,11,s,3,0,0,4,3,s,d,2,2,3,0,0,8,0,0,d,69,s,3,0,s,0
2007,s,d,4,18,s,d,11,s,3,0,0,4,d,2,0,2,2,3,0,0,8,0,0,23,d,s,3,0,s,37
I220,s,18,4,18,s,4,0,s,3,0,0,4,3,2,0,2,2,3,4,0,8,36,17,23,0,s,3,0,s,0
I221,s,18,4,18,s,4,0,s,3,0,0,4,3,2,3,2,2,3,4,0,8,36,17,23,0,s,3,0,s,6
1583,s,d,4,18,s,4,0,s,3,0,0,4,3,2,d,2,d,3,4,0,8,36,17,23,0,s,3,0,s,6
1582,s,18,4,18,s,4,0,s,3,0,0,4,3,2,3,2,d,3,4,s,8,36,17,23,0,s,3,0,s,6
1426,s,18,4,18,s,4,0,s,3,4,0,4,s,2,0,2,2,3,4,0,8,36,17,23,0,s,3,0,s,0
I223,s,0,2,18,3,0,0,s,0,0,0,4,3,2,0,2,2,3,0,0,8,0,0,0,0,s,3,0,s,0
I224,s,18,2,18,3,0,0,s,0,0,10,4,3,2,0,2,2,3,0,21,8,0,0,0,0,s,3,0,s,0
I225,s,s,2,18,3,0,0,s,0,0,10,4,3,2,0,2,2,3,0,21,8,4,13,0,0,s,3,1,s,0
1549,s,s,2,18,3,0,1,s,d,0,10,4,3,2,4,2,2,3,0,21,8,4,13,0,0,s,3,1,s,39
I229,s,s,2,18,3,0,0,s,0,0,10,4,3,2,28,2,2,3,0,21,8,4,13,0,23,s,3,1,s,0
1832,s,s,d,18,3,0,12,s,0,d,10,4,3,d,28,2,2,3,0,d,8,4,13,0,d,s,s,1,s,0
1661,s,s,2,18,3,0,0,s,0,0,10,4,3,2,s,2,2,3,0,21,d,d,13,0,23,s,3,1,s,0
I232,s,18,2,18,3,0,0,s,0,0,10,4,3,2,0,2,2,3,0,21,8,0,0,0,0,s,3,0,s,0
I233,s,18,2,18,3,0,0,s,0,0,10,4,s,2,0,2,2,3,4,21,8,0,0,0,0,s,3,0,s,33
I234,s,18,2,18,3,0,0,s,0,0,10,4,s,2,0,2,2,3,4,21,8,32,0,0,0,s,3,0,s,33
1487,s,18,2,18,3,0,6,s,d,0,10,4,s,2,0,d,2,3,4,21,d,32,0,0,0,s,3,0,s,33
1486,s,18,2,18,3,0,0,s,0,0,10,4,s,2,0,2,2,3,d,21,d,32,0,0,0,s,d,0,s,33
I235,s,s,2,18,3,4,11,s,0,0,10,4,s,2,0,2,2,3,4,21,8,0,0,s,0,s,3,0,s,33
1563,s,s,2,18,d,4,11,s,0,0,10,d,s,2,d,2,2,3,4,21,d,0,0,s,0,s,3,d,s,d
1562,s,s,2,18,3,d,11,s,0,0,10,4,s,2,0,2,2,d,4,21,8,0,d,s,0,s,3,0,s,33
I236,s,18,2,18,3,0,2,s,0,0,10,4,3,2,0,s,2,3,0,21,8,0,0,0,0,s,3,0,s,0
1624,s,18,2,d,3,0,d,s,0,0,10,d,3,2,0,s,d,3,0,21,s,0,0,d,7,s,3,d,s,0
I238,s,18,2,18,3,0,2,s,0,0,10,4,3,2,0,s,2,3,0,21,8,0,1,0,60,s,3,0,s,0
1441,s,18,2,d,d,0,2,s,0,0,d,4,3,2,0,s,2,3,0,d,8,0,1,0,60,s,3,0,s,0
1440,s,18,2,18,3,0,d,s,0,d,10,d,3,2,0,s,2,3,0,21,8,0,1,0,60,s,3,s,s,d
I239,s,0,2,18,3,0,0,s,3,2,0,4,3,2,0,2,2,3,0,0,8,0,0,0,7,s,3,0,s,0
I240,s,0,2,18,3,0,0,s,3,2,0,4,3,2,27,2,2,3,0,0,8,0,0,0,7,s,3,0,s,0
1950,s,0,d,18,3,0,0,s,3,2,0,4,3,2,27,d,2,3,0,0,8,0,0,0,7,s,3,0,s,0
2032,s,d,2,18,3,0,0,s,3,2,9,4,3,2,27,2,2,3,0,0,8,0,d,9,7,s,3,0,s,0
I246,s,0,2,18,3,0,0,s,3,2,0,4,3,2,0,2,s,3,0,0,8,0,0,0,7,s,3,0,s,0
I247,s,0,2,18,3,4,0,s,3,2,1,4,3,2,0,2,s,3,0,0,8,0,0,0,7,s,3,0,s,0
I248,s,0,2,18,3,4,0,s,3,2,1,4,3,2,0,2,s,3,0,0,8,0,0,0,7,s,3,0,s,0
2021,s,d,2,18,3,4,d,s,3,2,1,4,3,2,0,d,s,3,d,0,8,0,d,0,7,s,3,0,s,0
2020,s,0,2,18,3,d,s,s,3,2,1,d,3,2,20,2,s,3,0,0,8,0,0,0,7,s,3,0,s,0
1050,s,0,2,18,3,4,d,s,3,2,1,d,3,2,0,2,s,3,0,0,s,0,0,0,7,s,3,4,s,0
I249,s,0,2,18,3,0,0,s,3,2,13,4,3,2,0,2,s,3,0,0,8,39,0,0,7,s,3,0,s,0
I250,s,0,2,18,3,0,11,s,3,2,13,4,3,2,4,2,s,3,0,0,8,39,0,0,7,s,3,0,s,0
1997,s,0,2,18,3,0,11,s,3,2,13,4,3,2,4,2,s,3,0,0,8,39,0,0,7,s,3,0,s,0
1996,s,d,d,18,3,0,11,s,3,2,13,4,3,2,4,2,s,3,0,0,8,39,0,d,7,s,3,0,s,d
1030,s,d,2,18,3,0,0,s,3,d,13,4,3,2,4,2,s,3,d,d,8,39,0,0,7,s,3,0,s,0
I251,s,0,0,18,3,0,0,0,0,0,0,4,0,2,0,0,2,3,0,0,8,0,0,0,0,0,0,19,s,27
I252,s,0,0,18,3,0,0,0,0,0,12,4,0,2,3,0,2,3,0,0,8,0,0,0,0,s,0,19,s,27
I253,s,0,0,18,s,0,0,0,0,0,12,4,0,2,3,0,2,3,0,0,8,0,0,0,68,s,0,19,s,27
I254,s,0,0,18,s,0,0,0,0,0,12,4,0,2,3,0,2,3,0,2,8,0,0,0,68,s,0,19,s,27
I255,s,7,0,18,s,4,0,0,0,s,12,4,0,2,3,2,2,3,0,2,8,0,0,0,68,s,0,19,s,27
1359,s,7,0,18,s,4,12,1,0,s,12,s,0,d,3,2,2,3,d,2,8,0,d,3,68,s,0,19,s,27
I263,s,7,0,18,s,4,0,0,0,s,12,4,0,2,3,2,2,3,0,2,8,0,0,0,68,s,0,19,s,27
I264,s,7,0,18,s,4,0,0,0,s,12,4,0,2,3,2,2,3,0,2,8,0,0,0,68,s,0,19,s,27
1100,s,7,0,d,s,4,0,d,0,s,12,4,0,2,3,2,s,3,0,2,8,0,0,0,68,s,0,19,s,27
1254,s,7,0,18,s,d,0,d,0,s,12,4,d,2,3,2,2,3,0,2,8,0,0,23,68,s,d,19,s,27
I267,s,7,2,18,s,4,0,0,0,s,12,4,0,2,3,2,2,3,0,2,8,0,0,0,68,s,0,19,s,27
1055,s,7,2,18,s,4,0,0,0,s,d,4,0,2,3,2,2,d,0,2,8,2,0,0,68,s,0,19,s,d
1279,s,7,2,18,s,4,0,0,0,s,12,4,3,2,3,d,2,3,0,2,8,0,0,0,68,s,d,d,s,27
I270,s,0,0,18,s,4,0,0,0,0,12,4,0,2,3,0,2,3,0,2,8,0,15,0,68,s,0,19,s,27
I271,s,0,0,18,s,4,0,0,0,0,12,4,0,2,3,2,2,3,0,2,8,0,15,0,68,s,0,19,s,27
I275,s,0,4,18,s,4,0,0,0,4,12,4,s,2,3,2,2,3,4,2,8,4,15,15,68,s,3,19,s,27
1995,s,0,4,18,s,4,0,0,0,4,12,4,s,2,3,2,2,3,4,2,8,4,15,15,68,s,d,19,s,27
1994,s,0,4,18,s,4,d,d,0,d,12,4,s,2,3,2,2,3,4,2,8,d,15,15,68,s,3,19,s,27
I277,s,0,0,18,s,4,0,0,0,s,12,4,0,2,3,2,2,3,3,2,8,0,15,0,68,s,0,19,s,27
1073,s,0,0,18,s,4,d,0,0,s,12,4,3,2,3,2,2,3,3,2,8,0,15,d,68,s,1,19,s,27
1186,s,s,0,18,s,4,0,0,0,s,d,s,0,2,3,2,2,3,3,2,8,d,15,0,68,s,0,19,s,27
I280,s,20,0,18,s,4,0,0,0,0,12,4,0,2,3,0,2,3,0,2,8,0,15,0,68,s,0,19,s,27
1180,s,20,4,18,s,4,0,0,0,2,12,4,0,2,3,0,2,d,0,d,8,4,15,0,68,s,0,19,s,27
I284,s,20,0,18,s,4,0,0,3,4,12,4,0,2,3,2,2,3,0,2,8,0,15,0,68,s,0,19,s,27
1773,s,20,0,d,s,4,0,0,3,d,12,4,0,2,3,2,2,3,0,2,8,0,15,0,d,s,d,19,s,27
1474,s,20,0,18,s,4,0,3,3,4,12,4,d,2,3,2,2,3,d,2,8,21,15,0,68,s,0,19,s,d
I287,s,0,0,18,s,4,0,0,0,0,12,4,0,2,3,0,2,3,0,3,8,14,0,0,68,s,0,19,s,27
I288,s,0,0,18,s,4,0,0,2,0,12,4,0,2,3,0,2,3,0,3,8,14,0,0,68,s,0,19,s,27
I289,s,0,0,18,s,4,1,s,2,0,12,4,0,2,3,0,2,3,0,3,8,14,0,0,68,s,0,19,s,27
I290,s,0,2,18,s,4,1,s,2,0,12,4,0,2,3,0,2,3,0,3,8,14,0,0,68,s,0,19,s,27
I291,s,0,2,18,s,4,1,s,2,4,12,4,0,2,3,0,2,3,0,3,8,14,0,0,68,s,0,19,s,27
1145,s,0,2,18,s,4,1,s,2,4,12,4,0,d,d,0,2,d,0,3,d,14,0,0,68,s,0,19,s,27
1144,s,0,2,18,s,4,1,s,2,d,12,d,0,2,3,0,2,3,0,3,8,14,d,0,68,s,3,19,s,d
1488,s,0,2,18,s,4,d,s,2,0,12,d,3,d,d,0,2,3,0,d,8,14,5,0,68,s,2,d,s,s
I293,s,2,0,18,s,4,1,s,2,0,12,4,0,2,3,0,2,3,0,3,8,14,0,0,68,s,1,19,s,27
I294,s,2,0,18,s,s,1,s,2,2,12,4,0,2,3,0,2,3,0,3,8,14,17,0,68,s,1,19,s,27
1605,s,2,d,18,s,s,1,s,2,d,12,4,0,d,3,0,2,3,0,3,8,14,17,0,d,s,1,19,s,27
1604,s,2,0,d,s,s,1,s,2,2,12,4,0,2,3,0,2,3,0,d,8,14,17,0,68,s,d,19,s,27
1417,s,2,0,18,s,4,1,s,2,0,12,4,0,2,s,0,2,3,0,d,d,14,d,13,68,s,1,19,s,27
I297,s,0,0,18,s,4,0,0,2,3,12,4,0,2,3,0,2,3,0,3,8,14,0,0,68,s,0,19,s,27
I298,s,0,0,18,s,4,0,0,2,3,12,4,0,2,3,0,2,3,0,s,8,14,0,0,68,s,0,19,s,27
1733,s,0,0,18,s,4,0,0,2,3,12,4,0,2,3,0,2,d,0,s,8,14,s,0,68,s,0,19,s,27
1732,s,0,0,18,s,4,0,0,2,3,12,d,3,2,3,0,2,3,0,s,8,14,0,0,68,s,s,19,s,27
I299,s,0,0,18,s,4,0,0,2,3,12,4,0,2,3,0,2,3,12,3,8,14,0,0,68,s,0,19,s,27
1147,s,0,0,18,s,d,0,0,2,3,12,4,0,2,3,0,2,d,12,3,8,d,d,d,68,s,0,d,s,27
1146,s,0,0,18,s,d,11,d,2,3,12,4,0,2,3,d,2,3,12,3,8,14,0,d,68,s,0,19,s,27
I303,s,0,0,18,s,4,5,0,0,0,12,4,0,2,3,0,2,3,0,3,8,14,0,0,68,s,1,19,s,27
I304,s,0,0,s,s,4,5,s,0,0,12,4,0,2,3,0,2,3,0,3,8,14,0,4,68,s,1,19,s,27
I305,s,0,0,s,s,4,5,s,0,2,12,4,0,2,3,0,2,3,0,3,8,14,0,4,68,s,1,19,s,27
1799,s,0,0,s,s,4,5,s,0,d,d,d,0,2,3,d,d,3,d,3,8,d,d,d,68,s,d,19,s,27
I307,s,0,0,s,s,4,5,s,0,2,12,4,0,2,3,0,2,3,0,3,8,14,0,4,68,s,1,19,s,27
1807,s,0,0,s,s,4,5,s,0,2,d,4,0,2,3,0,2,3,0,3,d,14,0,d,68,s,1,19,s,27
1806,s,0,0,s,s,4,5,s,0,2,12,4,0,2,d,0,2,d,d,3,8,14,0,4,68,s,1,19,s,27
1841,s,0,0,s,s,4,5,s,0,d,12,d,0,2,3,2,2,s,d,3,8,14,0,4,68,s,d,d,s,27
I310,s,0,0,18,s,4,5,0,0,0,12,4,0,2,s,0,2,3,0,3,8,14,0,0,s,s,1,19,s,27
I311,s,0,0,18,s,4,5,s,0,0,12,4,0,2,s,0,2,3,0,3,8,14,0,0,s,s,1,19,s,27
1745,s,0,4,d,s,4,d,s,0,3,12,4,0,2,s,0,d,d,d,3,8,d,0,0,s,s,1,19,s,27
1368,s,d,0,18,s,4,5,s,0,0,12,4,0,2,s,d,2,3,0,3,8,d,7,d,s,s,1,19,s,27
I314,s,0,0,18,s,4,5,0,3,0,12,4,0,2,s,0,2,3,0,3,8,14,0,0,s,s,1,19,s,27
I315,s,0,0,18,s,4,5,0,3,0,12,4,3,2,s,0,2,3,0,s,8,14,0,23,s,s,1,19,s,27
1783,s,0,d,18,s,4,5,0,3,0,12,4,d,2,s,0,2,3,0,s,8,14,0,23,s,s,1,19,s,d
1782,s,0,0,18,s,4,d,0,3,0,s,4,3,2,s,d,2,3,0,s,8,14,0,23,s,s,1,19,s,27
1888,s,0,0,18,s,4,5,0,3,0,d,4,0,2,s,0,2,3,0,d,8,14,0,0,s,s,1,19,s,d
I317,s,0,0,18,3,3,3,0,0,0,12,4,0,2,3,0,2,s,0,0,8,0,0,0,0,s,0,19,s,27
I318,s,0,0,18,3,3,3,0,0,0,12,4,0,2,3,0,2,s,0,21,8,0,0,3,0,s,0,19,s,27
I319,s,0,0,18,3,3,3,0,0,0,12,4,0,2,3,0,2,s,0,21,8,0,0,3,0,s,0,19,s,27
I320,s,0,0,18,3,3,3,0,2,0,12,4,0,2,3,0,2,s,0,21,8,0,0,3,0,s,0,19,s,27
I322,s,0,0,s,3,3,3,0,2,0,12,s,0,2,3,0,2,s,0,21,8,0,s,3,0,s,0,19,s,27
1801,s,0,0,s,3,3,d,0,2,0,12,s,0,d,3,d,d,s,0,21,d,0,s,3,0,s,0,19,s,27
1800,s,0,0,s,s,3,3,0,2,0,12,s,0,2,3,0,2,s,0,21,d,0,s,3,0,s,2,19,s,27
I324,s,0,0,18,3,3,3,0,2,0,12,4,0,2,3,0,2,s,0,21,8,0,0,3,0,s,0,19,s,27
I325,s,0,0,18,3,3,3,3,2,0,12,4,0,2,3,0,2,s,0,21,8,0,0,3,0,s,0,19,s,27
1455,s,0,0,18,3,3,3,3,2,d,12,d,0,2,d,0,2,s,0,21,8,0,0,3,d,s,0,19,s,27
1454,s,0,d,18,3,3,3,3,2,0,12,4,0,2,3,0,2,s,0,21,8,0,d,d,0,s,0,19,s,27
I326,s,11,0,18,3,3,3,0,2,0,12,4,0,2,3,0,2,s,0,21,8,22,0,3,0,s,0,19,s,27
1429,s,11,4,18,3,3,3,d,2,0,12,4,0,2,3,d,d,s,0,21,8,22,0,3,0,s,0,d,s,d
1428,s,d,d,d,3,3,3,0,2,0,12,4,0,2,3,0,2,s,0,21,8,22,0,3,0,s,0,19,s,d
I327,s,0,2,18,3,3,3,0,0,0,12,4,0,2,3,0,2,s,0,21,8,0,0,3,0,s,0,19,s,27
I328,s,0,2,18,3,3,3,0,0,0,12,4,0,2,3,0,2,s,0,21,8,0,0,3,15,s,0,19,s,27
I329,s,0,2,18,3,3,3,0,0,2,12,4,0,2,3,0,2,s,0,21,8,0,0,3,15,s,0,19,s,27
1129,s,0,2,18,3,3,d,0,0,2,d,d,d,2,3,d,2,s,0,21,8,0,0,s,15,s,d,19,s,27
1128,s,0,2,18,d,d,3,0,d,2,12,4,0,2,3,0,2,s,d,21,d,d,0,3,15,s,0,19,s,27
1293,s,0,2,18,3,d,3,0,0,0,12,4,0,2,d,0,2,s,d,21,8,1,0,3,15,s,0,19,s,27
1538,s,0,2,18,3,s,3,0,0,0,12,4,0,2,3,0,2,s,0,21,8,0,0,3,0,s,d,19,s,27
I334,s,0,0,18,3,s,3,0,0,0,12,4,0,2,3,0,2,s,0,21,8,0,0,3,0,s,0,19,s,27
I335,s,0,0,18,3,s,3,0,0,0,12,4,0,2,3,2,2,s,0,21,8,0,0,3,0,s,1,19,s,27
I336,s,0,0,18,3,s,3,0,0,0,12,4,0,2,3,2,2,s,0,21,8,0,24,3,0,s,1,19,s,27
1976,s,d,0,18,3,s,3,0,0,0,12,4,0,s,d,2,2,s,0,d,8,0,24,s,d,s,1,19,s,27
I338,s,0,0,18,3,s,3,0,0,0,12,4,0,2,3,2,2,s,0,21,8,20,24,3,0,s,1,19,s,27
1897,s,0,d,18,3,s,3,0,0,0,12,4,0,2,3,2,2,s,0,21,8,20,d,3,d,s,1,19,s,27
1896,s,0,0,18,3,s,d,0,3,0,12,4,0,2,3,2,d,s,0,d,8,20,24,3,0,s,1,19,s,27
I339,s,0,0,18,3,s,3,0,0,0,12,4,0,2,3,2,2,s,0,21,8,0,0,3,0,s,1,19,s,27
1665,s,d,0,18,d,s,3,0,4,4,12,4,d,2,3,2,2,s,0,21,8,0,0,d,0,s,1,19,s,27
I341,s,2,0,18,3,s,3,0,3,0,12,4,0,2,3,2,2,s,0,21,8,0,0,3,0,s,1,19,s,27
1899,s,2,d,18,d,s,3,0,3,d,12,4,0,d,3,d,2,s,0,21,d,0,0,3,0,s,1,19,s,d
1898,s,2,0,18,3,s,d,0,3,d,12,4,d,2,3,2,2,s,0,21,8,0,0,3,0,s,1,19,s,27
I342,s,0,s,18,3,s,3,0,0,0,12,4,0,2,3,0,2,s,0,21,8,0,0,3,0,s,0,19,s,27
I343,s,0,s,18,3,s,3,0,0,0,12,4,0,2,3,0,2,s,0,21,8,0,0,3,0,s,0,19,s,27
1735,s,0,s,d,d,s,3,0,0,d,12,4,0,2,3,d,2,s,d,d,8,0,0,3,0,s,0,19,s,27
1695,s,d,s,18,3,s,3,0,0,d,12,4,0,2,3,d,2,s,0,21,d,0,0,3,s,s,0,19,s,27
I347,s,0,s,18,3,s,3,0,0,0,12,s,0,2,3,0,2,s,9,21,8,0,0,3,0,s,0,19,s,27
1937,s,0,s,18,3,s,3,0,0,0,d,s,0,2,d,0,d,s,9,21,8,0,0,d,0,s,0,19,s,27
1936,s,0,s,18,3,s,3,0,0,0,12,s,0,2,3,0,2,s,9,21,8,0,d,3,0,s,0,19,s,27
I349,s,0,0,18,3,3,3,0,3,0,12,4,0,2,3,0,2,s,5,0,s,0,0,4,0,s,0,19,s,27
I350,s,s,0,18,3,3,3,0,3,4,12,4,0,2,3,0,2,s,5,0,s,0,19,4,0,s,0,19,s,27
I351,s,s,0,18,3,3,3,0,3,4,12,4,0,2,3,0,2,s,5,0,s,0,19,4,69,s,0,19,s,27
I352,s,s,0,18,3,3,3,0,3,4,12,4,0,2,3,0,2,s,5,0,s,0,19,4,69,s,1,19,s,27
I353,s,s,0,18,3,3,3,0,3,4,12,4,0,2,3,0,2,s,5,0,s,0,19,4,69,s,1,19,s,s
1713,s,s,0,18,3,3,3,d,3,4,12,d,0,d,d,0,2,s,5,0,s,0,19,4,69,s,1,19,s,s
1712,s,s,0,18,3,d,d,0,3,4,12,4,0,2,3,0,2,s,d,1,s,d,19,4,69,s,1,19,s,s
I354,s,s,0,18,3,3,3,0,3,4,12,4,0,2,3,0,2,s,5,14,s,4,19,4,69,s,1,19,s,27
1769,s,s,0,18,3,3,3,0,3,4,d,d,0,2,3,0,2,s,5,14,s,4,19,4,69,s,1,19,s,d
1768,s,s,0,18,3,3,d,d,3,4,12,4,0,2,3,0,d,s,5,14,s,4,19,4,69,s,d,19,s,27
I355,s,s,0,18,3,3,3,0,3,4,12,4,0,2,3,0,2,s,5,0,s,0,19,4,69,s,0,19,s,27
1601,s,s,d,18,3,3,3,0,3,4,12,4,0,d,3,0,2,s,5,0,s,0,19,4,69,s,1,19,s,27
1685,s,s,4,18,3,s,3,0,3,d,12,4,3,2,3,0,2,s,5,0,s,39,19,d,69,s,0,19,s,27
I362,s,s,0,18,3,3,3,0,3,4,12,4,0,2,3,0,2,s,5,0,s,0,19,4,23,s,2,19,s,27
1219,s,s,d,18,3,d,3,0,3,d,12,4,0,2,3,0,2,s,d,0,s,0,19,4,23,s,2,19,s,27
1247,s,s,d,18,d,3,3,0,d,4,12,4,d,2,3,0,2,s,5,0,s,32,19,4,23,s,d,19,s,27
I365,s,0,0,18,3,3,s,0,3,0,12,4,0,2,3,2,2,s,5,2,s,0,0,4,0,s,0,19,s,27
I366,s,0,4,18,3,3,s,0,3,0,12,4,0,2,3,2,2,s,5,2,s,0,11,4,0,s,0,19,s,27
1524,s,0,4,18,3,d,s,18,s,0,12,4,0,2,3,2,2,s,5,2,s,0,11,4,s,s,0,19,s,27
I372,s,0,s,18,3,3,s,0,3,0,12,4,0,2,3,s,2,s,5,2,s,0,11,4,0,s,0,19,s,27
1445,s,0,s,18,3,3,s,0,3,d,12,4,0,2,3,s,2,s,5,d,s,0,11,4,0,s,0,d,s,d
1444,s,2,s,18,d,3,s,d,3,0,12,4,0,2,3,s,2,s,5,2,s,0,11,4,0,s,0,19,s,d
I373,s,0,0,18,3,3,s,8,3,0,12,4,0,2,3,2,2,s,5,2,s,0,0,4,0,s,0,19,s,27
1084,s,0,4,18,3,d,s,8,3,0,12,4,3,2,3,2,2,s,5,2,s,0,0,d,0,s,0,19,s,d
I378,s,0,4,18,3,3,s,8,3,4,12,4,0,2,3,2,2,s,5,2,s,0,0,4,0,s,0,19,s,27
1391,s,0,4,18,3,3,s,8,3,4,12,4,0,2,3,2,2,s,5,2,s,36,0,4,0,s,0,19,s,27
1390,s,d,4,d,3,3,s,8,3,4,12,4,0,2,3,2,2,s,5,2,s,0,0,d,0,s,0,19,s,27
I380,s,0,0,18,3,0,0,8,0,0,0,4,s,2,0,0,2,3,0,0,8,0,0,0,0,0,0,19,s,27
I381,s,2,0,18,3,0,0,8,1,0,0,4,s,2,0,3,2,3,5,s,8,4,0,0,0,0,0,19,s,27
I382,s,2,4,18,3,0,0,8,1,0,0,4,s,2,0,3,2,3,5,s,8,4,0,0,0,0,0,19,s,27
I383,s,2,4,18,3,0,0,8,1,0,0,4,s,2,0,3,2,3,5,s,8,4,0,0,0,0,0,19,s,27
I384,s,2,4,18,3,0,0,8,1,0,7,4,s,2,0,3,2,3,5,s,8,4,0,0,0,26,2,19,s,27
I385,s,2,s,18,3,0,0,8,1,0,7,4,s,2,0,3,2,3,5,s,8,s,0,0,0,26,2,19,s,27
I386,s,2,s,18,3,0,0,8,1,0,7,4,s,2,31,3,2,3,5,s,8,s,0,0,0,26,2,19,s,27
1839,s,2,s,18,3,d,0,8,d,0,7,4,s,2,d,3,2,d,5,s,8,s,0,0,d,26,d,19,s,27
1838,s,2,s,d,3,0,0,8,1,0,7,d,s,2,31,3,2,3,5,s,8,s,0,0,0,26,2,d,s,27
1566,s,2,s,d,3,4,0,d,1,0,7,4,s,2,0,3,2,3,5,s,8,s,5,0,0,d,2,19,s,27
1698,s,2,4,18,3,d,0,8,1,3,7,d,s,2,27,d,2,d,5,s,8,4,0,0,0,26,2,19,s,27
I391,s,2,4,18,3,0,0,8,1,0,0,4,s,2,0,3,2,3,5,s,8,4,0,0,0,0,1,19,s,27
I392,s,2,4,18,3,0,0,8,1,0,0,4,s,2,0,3,2,3,5,s,8,4,0,0,0,0,1,19,s,27
1674,s,2,d,18,3,0,0,8,1,0,0,4,s,2,0,3,2,3,5,s,8,4,d,d,0,d,1,19,s,s
I394,s,2,4,18,3,0,0,8,1,0,0,4,s,2,0,3,2,3,5,s,8,4,0,0,0,0,1,19,s,27
1741,s,2,d,18,3,0,0,8,1,0,0,4,s,2,0,3,2,3,5,s,8,d,19,0,d,0,1,19,s,27
1740,s,d,4,18,3,0,0,8,1,0,0,4,s,2,0,3,2,3,5,s,8,4,0,d,0,0,d,19,s,d
I396,s,2,4,18,3,0,5,8,1,4,0,4,s,2,0,3,2,3,5,s,8,4,0,0,0,0,1,19,s,27
1593,s,d,d,18,3,0,5,8,d,4,0,4,s,s,0,3,2,3,5,s,d,4,0,d,0,0,1,19,s,27
1592,s,2,4,18,d,0,d,8,1,4,d,4,s,2,0,3,d,d,5,s,8,4,0,0,0,d,1,19,s,27
I398,s,2,4,18,3,0,0,8,1,0,0,4,s,2,0,3,2,3,5,s,8,4,0,0,0,0,0,19,s,27
I399,s,2,4,18,3,0,0,8,1,4,0,4,s,2,0,3,2,3,5,s,8,4,0,9,0,0,0,19,s,27
I400,s,2,4,18,3,0,2,8,1,4,0,4,s,2,s,3,2,3,5,s,8,4,0,9,0,0,0,19,s,27
1932,s,d,4,18,3,0,2,s,1,4,0,4,s,2,s,3,2,3,5,s,8,d,0,9,d,0,0,19,s,27
1894,s,s,4,18,d,0,2,8,1,4,0,4,s,2,s,3,2,3,5,s,8,4,0,9,0,0,0,19,s,27
I403,s,2,4,18,3,0,0,8,1,4,0,4,s,2,0,3,2,3,5,s,8,4,15,9,0,0,0,19,s,27
1789,s,2,4,18,3,0,0,8,1,4,0,d,s,2,0,3,s,3,d,s,d,4,15,9,0,0,0,d,s,27
1880,s,d,d,18,3,d,0,8,1,4,0,4,s,2,16,3,2,3,5,s,8,d,15,9,0,d,0,19,s,27
I406,s,2,4,18,3,0,0,8,1,0,0,4,s,2,0,3,2,3,5,s,8,4,0,0,0,0,0,19,s,27
I407,s,2,4,18,3,0,0,8,1,0,0,4,s,2,4,3,2,3,5,s,8,4,0,0,0,0,0,19,s,27
I408,s,2,4,18,3,0,0,8,1,0,0,4,s,2,4,3,2,3,5,s,8,4,0,0,23,0,0,19,s,27
1689,s,2,d,18,3,d,0,8,1,0,d,4,s,2,4,3,2,d,5,s,8,4,0,d,23,0,0,d,s,27
1688,s,2,4,d,3,0,0,d,1,4,0,4,s,s,d,d,2,3,5,s,8,4,0,d,23,0,0,19,s,27
1900,s,2,4,18,3,0,0,s,d,0,d,4,s,d,4,3,d,3,5,s,d,4,0,0,0,0,0,19,s,27
I410,s,2,4,18,3,0,0,8,1,0,0,4,s,2,0,3,2,3,5,s,8,4,0,0,0,0,0,19,s,27
I411,s,2,4,18,3,4,0,8,1,0,0,4,s,2,0,3,2,3,5,s,8,4,0,0,0,0,0,19,s,27
1829,s,2,4,18,3,d,0,8,1,0,0,4,s,2,0,3,2,3,5,s,8,d,0,0,0,d,0,19,s,27
1828,s,2,4,18,3,4,0,8,1,0,d,4,s,2,0,3,d,3,5,s,d,4,0,d,0,d,d,19,s,27
1982,s,2,4,18,d,0,0,8,1,0,12,d,s,2,0,3,2,3,s,s,8,4,0,0,0,0,0,19,s,27
I413,s,2,4,18,3,0,0,8,1,0,0,4,s,2,0,3,2,3,5,s,8,4,0,0,0,0,0,19,s,27
I414,s,2,4,18,3,0,0,8,1,0,0,4,s,2,0,3,2,3,5,s,8,4,0,0,0,0,0,19,s,27
I415,s,2,4,18,3,0,3,8,1,0,0,4,s,2,0,3,s,3,5,s,8,4,0,0,72,0,0,19,s,27
I416,s,2,4,18,3,0,3,8,1,0,0,4,s,2,0,3,s,3,5,s,8,4,0,0,72,0,0,19,s,27
1331,s,2,4,d,3,s,3,8,d,0,d,4,s,d,0,3,s,3,5,s,8,4,19,0,72,0,d,19,s,27
1414,s,2,4,18,3,4,3,8,1,0,15,4,s,s,7,3,s,3,5,s,8,4,0,0,72,0,0,19,s,d
I419,s,2,4,18,3,0,3,8,s,0,0,4,s,2,0,3,s,3,5,s,8,4,s,13,72,0,0,19,s,27
1291,s,2,4,18,3,4,3,8,s,0,0,d,s,2,0,3,s,3,5,s,8,4,s,13,72,13,0,19,s,d
1285,s,2,4,18,3,5,3,8,s,0,0,4,s,2,0,3,s,3,5,s,8,d,s,13,72,0,0,19,s,27
I422,s,2,4,18,3,4,8,8,1,0,0,4,s,2,17,3,2,3,5,s,8,4,0,22,0,0,0,19,s,27
I423,s,2,4,18,3,4,8,8,1,s,12,4,s,2,17,s,2,3,5,s,8,4,0,22,0,0,3,19,s,27
I424,s,2,4,18,3,4,8,8,1,s,12,4,s,2,17,s,2,3,5,s,8,4,0,22,0,14,3,19,s,27
1451,s,2,s,18,d,4,8,d,1,s,12,d,s,2,17,s,2,3,5,s,8,4,0,22,d,d,3,d,s,27
1450,s,d,4,18,3,4,8,8,1,s,12,4,s,2,17,s,2,d,5,s,8,4,d,22,d,14,d,19,s,27
1208,s,s,4,18,3,4,8,8,1,s,12,4,s,2,17,s,d,3,5,s,8,4,16,22,d,0,3,19,s,27
1157,s,2,4,d,3,4,8,8,1,0,d,4,s,2,d,3,2,3,5,s,8,d,0,22,0,0,0,s,s,27
I429,s,2,4,18,3,0,0,8,1,0,0,4,s,2,0,3,2,3,5,s,8,4,0,s,0,0,0,19,s,27
I431,s,2,4,18,3,0,0,8,1,0,0,4,s,2,0,3,2,s,5,s,8,4,4,s,0,0,0,19,s,27
I432,s,2,4,18,3,0,0,8,1,0,0,4,s,2,0,3,2,s,5,s,8,4,4,s,0,14,0,19,s,27
1409,s,2,4,18,d,0,0,8,1,0,0,4,s,2,0,3,2,s,5,s,d,4,4,s,d,14,d,19,s,d
1408,s,2,4,18,3,0,0,8,d,0,d,4,s,d,0,3,d,s,5,s,8,4,4,s,0,d,d,19,s,27
I433,s,2,4,18,3,0,3,8,1,0,0,4,s,2,s,3,2,s,5,s,8,4,s,s,0,0,0,19,s,27
1691,s,2,4,18,3,0,3,8,1,d,0,4,s,d,s,3,2,s,5,s,8,4,s,s,0,22,0,19,s,27
1690,s,2,4,18,3,0,3,8,1,0,0,4,s,2,s,3,2,s,5,s,8,4,s,s,0,0,0,19,s,27
I437,s,2,4,18,3,0,0,8,1,0,0,4,s,2,0,3,2,3,5,s,8,4,0,s,0,s,0,19,s,27
I439,s,2,4,18,3,0,0,8,1,0,0,4,s,2,0,3,2,s,5,s,8,4,0,s,0,s,1,19,s,27
1529,s,d,4,18,3,0,0,8,1,0,0,4,s,2,0,3,2,s,5,s,d,4,0,s,0,s,1,19,s,27
1528,s,2,4,18,3,0,d,8,1,0,0,d,s,2,0,3,d,s,5,s,8,4,0,s,0,s,1,19,s,27
I441,s,2,4,18,3,0,0,8,1,0,0,4,s,2,0,3,2,3,5,s,8,4,0,s,0,s,0,19,s,27
1974,s,2,4,18,3,d,0,8,1,0,4,4,s,2,0,3,2,3,d,s,8,4,0,s,0,s,0,19,s,27
I443,s,2,4,18,3,4,0,8,1,0,0,4,s,2,0,3,2,3,5,s,8,4,0,s,0,s,1,19,s,27
1543,s,2,4,18,3,4,d,8,1,0,d,4,s,2,d,3,2,3,5,s,8,4,0,s,d,s,d,19,s,27
1542,s,2,4,18,3,4,0,8,1,0,0,4,s,2,d,3,2,3,5,s,d,4,0,s,0,s,1,19,s,27
I444,s,0,0,18,3,0,0,8,0,0,0,s,s,2,7,0,2,3,0,0,8,0,0,0,37,0,0,19,s,27
I445,s,0,0,18,3,0,0,8,0,0,0,s,s,2,7,0,2,3,0,0,8,0,0,0,37,0,0,19,s,27
I446,s,0,4,18,3,0,0,8,0,4,0,s,s,2,7,0,2,3,0,0,8,0,0,0,37,0,0,19,s,27
I447,s,0,4,18,3,0,5,8,0,4,0,s,s,2,7,0,2,3,0,0,8,0,19,0,37,0,0,19,s,27
1273,s,0,4,18,3,4,5,d,0,4,d,s,s,2,7,0,2,d,0,0,8,32,19,18,37,0,0,19,s,27
1152,s,18,4,18,d,0,5,8,0,4,1,s,s,2,7,2,2,3,0,0,8,33,19,0,37,32,0,19,s,27
I454,s,0,4,18,3,0,0,8,0,4,0,s,s,2,7,2,2,3,0,6,8,11,0,0,37,0,0,19,s,27
I455,s,0,4,18,3,0,0,8,0,4,0,s,s,2,7,2,2,3,0,6,8,11,0,0,37,0,0,19,s,27
1907,s,0,4,18,3,0,0,8,0,4,0,s,s,d,7,2,2,3,0,6,8,11,d,0,37,0,0,19,s,27
1821,s,2,d,18,3,0,0,d,0,4,d,s,s,2,d,2,d,3,12,6,8,11,0,0,37,0,0,19,s,27
1874,s,18,4,d,3,0,0,8,d,4,0,s,s,2,7,2,2,3,d,6,8,11,0,4,37,d,0,19,s,27
I461,s,0,0,18,3,0,0,8,0,0,0,s,s,2,7,0,2,3,0,0,8,0,0,0,37,0,0,19,s,27
1771,s,0,2,18,3,4,0,d,0,4,d,s,s,2,7,0,2,d,0,0,8,0,19,13,s,0,0,s,s,27
I474,s,13,0,18,3,0,11,8,0,2,13,s,s,2,7,0,2,3,0,4,8,30,0,0,37,0,0,19,s,27
1853,s,13,0,d,3,0,11,d,0,2,13,s,s,2,7,0,2,3,0,4,8,30,0,0,37,0,0,19,s,27
1852,s,d,0,18,3,4,11,8,0,2,13,s,s,d,7,0,2,d,0,4,8,30,0,0,37,d,0,19,s,27
I476,s,3,0,18,3,0,0,8,0,0,0,s,s,2,7,0,2,3,0,0,8,0,0,0,37,0,0,s,s,27
I477,s,3,0,18,3,0,0,8,0,0,0,s,s,2,7,0,2,3,0,0,8,0,0,0,37,0,0,s,s,27
I478,s,3,0,18,3,4,0,8,0,0,0,s,s,2,7,0,2,3,4,0,8,27,13,0,37,0,0,s,s,27
I479,s,3,0,18,3,4,0,8,0,0,0,s,s,2,7,0,2,3,4,14,8,27,13,23,37,0,0,s,s,27
I480,s,3,0,18,3,4,0,8,0,0,0,s,s,2,7,0,2,3,4,14,8,27,13,23,37,0,0,s,s,27
1503,s,3,0,18,3,4,0,d,0,0,0,s,s,2,7,0,2,3,4,14,8,27,13,23,37,0,0,s,s,27
1502,s,3,0,18,3,4,0,8,0,0,0,s,s,2,7,d,2,3,4,14,8,27,13,23,d,d,0,s,s,27
I481,s,3,0,18,3,4,2,8,0,0,0,s,s,2,7,0,2,3,4,14,8,27,13,23,37,0,0,s,s,27
1609,s,3,0,18,3,4,2,8,0,0,0,s,s,2,7,d,d,3,4,14,8,27,13,23,37,0,0,s,s,27
1608,s,3,0,18,3,4,2,8,d,0,0,s,s,2,7,2,2,3,d,14,8,27,13,d,37,0,0,s,s,27
I484,s,3,0,18,3,4,5,8,0,0,0,s,s,2,7,0,2,3,4,0,8,27,13,0,37,0,0,s,s,27
1705,s,3,0,18,3,4,5,8,d,4,0,s,s,2,7,0,2,3,4,0,8,27,d,d,37,d,0,s,s,27
1704,s,3,0,d,3,d,5,8,0,0,0,s,s,2,7,2,2,3,4,0,d,27,13,d,37,0,0,s,s,27
I485,s,3,0,18,3,0,0,8,0,0,0,s,s,2,7,0,2,3,12,6,8,0,0,0,37,0,0,s,s,27
I487,s,s,0,18,3,0,0,8,0,s,0,s,s,2,7,2,2,3,12,6,8,21,0,0,37,0,0,s,s,27
1809,s,s,0,18,3,0,0,8,0,s,0,s,s,2,7,2,2,3,12,6,8,21,0,0,37,d,0,s,s,27
1808,s,s,0,18,3,0,0,d,0,s,0,s,s,d,7,2,2,3,d,6,8,21,0,0,37,0,0,s,s,27
1750,s,3,0,18,3,d,0,8,0,d,0,s,s,2,7,0,2,3,12,d,8,0,0,d,37,14,0,s,s,27
I492,s,3,0,18,3,0,0,8,3,0,13,s,s,2,7,2,2,3,0,0,8,0,0,13,37,0,0,s,s,27
I493,s,s,0,18,3,0,0,8,3,0,13,s,s,2,7,2,2,3,0,0,8,0,19,13,37,0,0,s,s,27
1865,s,s,d,d,3,4,0,8,3,0,13,s,s,2,7,2,2,d,0,d,8,d,19,13,37,0,d,s,s,d
I499,s,s,0,18,3,0,0,8,3,0,13,s,s,2,7,2,2,3,0,0,8,0,19,s,37,0,2,s,s,27
1479,s,s,0,18,3,0,0,8,3,0,13,s,s,2,7,2,2,d,d,0,8,d,19,s,37,0,2,s,s,27
1478,s,s,0,18,3,0,0,8,3,0,13,s,s,2,7,2,2,3,0,0,8,0,19,s,37,d,d,s,s,27
I500,s,3,0,18,3,0,0,8,3,0,13,s,s,2,7,2,2,3,0,9,8,0,0,13,37,0,0,s,s,27
I503,s,3,4,18,3,4,0,8,3,0,13,s,s,2,7,s,2,3,0,9,8,32,0,13,37,0,0,s,s,27
2001,s,3,4,18,d,4,0,8,3,0,13,s,s,2,7,s,2,d,0,9,8,32,0,13,d,0,0,s,s,27
2000,s,3,d,18,3,4,0,8,3,0,13,s,s,2,7,s,d,3,0,9,8,d,0,13,37,0,0,s,s,27
I504,s,3,0,18,3,0,0,8,3,0,13,s,s,2,7,2,2,3,12,9,8,0,0,13,37,0,0,s,s,27
1658,s,3,s,18,3,0,0,8,3,0,13,s,s,d,7,2,2,d,12,9,8,0,d,13,37,0,0,s,s,d
1905,s,3,0,18,s,0,0,8,d,d,13,s,s,2,7,2,2,s,12,d,8,0,0,13,37,0,0,s,s,27
I507,0,0,0,0,0,4,0,0,0,0,0,4,0,0,0,0,0,3,0,0,0,0,16,12,0,0,0,0,1,0
I508,0,0,0,0,0,4,0,0,0,0,15,4,3,0,0,0,0,3,0,0,0,11,16,12,0,0,0,0,1,0
I509,1,0,s,0,0,4,0,0,0,4,15,4,3,0,0,0,0,3,0,0,0,11,16,12,0,0,0,0,1,0
I510,1,0,s,2,0,4,12,0,2,4,15,s,3,0,0,0,0,3,0,0,0,11,16,12,0,0,0,0,1,44
I511,1,0,s,2,0,4,12,0,2,4,15,s,3,9,0,0,0,3,0,0,0,11,16,12,69,0,0,0,1,44
I512,1,0,s,2,0,4,12,0,2,4,15,s,3,9,0,0,0,3,0,0,0,11,16,12,69,0,0,0,1,44
I513,1,0,s,2,0,4,12,0,2,4,15,s,3,9,0,0,0,3,0,0,0,11,16,12,69,0,0,0,1,44
I514,1,0,s,2,0,4,12,0,2,4,15,s,3,9,0,0,0,3,0,0,0,11,16,12,69,0,0,0,1,44
I515,1,0,s,2,0,4,12,0,2,4,15,s,3,9,0,0,0,3,0,0,19,11,16,12,69,0,0,0,1,44
1067,1,0,s,2,0,4,12,0,2,4,15,s,3,9,0,d,0,d,d,0,19,11,d,12,d,0,0,0,d,44
1066,1,0,s,2,0,4,12,0,2,4,15,s,3,9,0,0,0,3,0,d,19,11,16,d,d,0,0,d,1,44
I516,1,0,s,2,0,4,12,0,2,4,15,s,3,9,0,0,10,3,0,0,0,11,16,12,69,0,0,38,1,44
1065,1,0,s,2,0,4,12,0,d,4,15,s,3,9,0,0,10,3,0,0,0,11,16,12,69,0,0,38,1,44
1064,1,0,s,d,0,4,12,0,2,4,15,s,3,9,1,0,10,3,0,d,d,11,16,12,69,0,d,38,1,44
I517,1,0,s,2,0,4,12,0,2,4,15,s,3,9,0,0,0,3,0,0,0,11,16,12,69,0,0,0,1,44
1090,1,0,s,2,0,4,12,0,2,4,15,s,s,9,25,0,10,3,0,0,0,11,16,12,69,0,0,0,1,44
1107,1,d,s,2,3,d,12,0,2,4,15,s,3,9,0,2,0,3,0,0,d,11,16,12,69,d,d,0,1,d
I520,1,15,s,2,0,4,12,0,2,4,15,s,3,9,0,0,0,3,0,0,0,11,16,12,69,0,0,0,1,44
1322,1,15,s,2,0,4,12,0,2,4,15,s,d,9,d,0,0,3,3,s,0,11,16,12,69,0,0,0,1,44
I524,1,15,s,2,3,4,12,0,2,4,15,s,3,9,0,0,0,3,0,0,0,11,16,12,69,0,0,0,1,44
1354,1,15,s,2,3,d,12,0,2,4,15,s,3,9,0,0,0,3,0,0,0,11,16,12,69,27,0,d,1,44
1586,1,15,s,2,s,4,12,0,2,4,15,s,3,9,0,0,d,3,9,s,0,11,16,12,69,0,0,0,1,44
I527,1,0,s,2,0,4,12,0,2,4,15,s,3,9,0,0,0,3,0,0,0,11,16,12,69,26,0,0,1,44
1392,1,0,s,d,0,4,12,0,2,4,d,s,3,s,0,2,0,3,d,d,0,s,16,12,69,26,0,s,1,44
I535,1,20,s,2,0,4,12,0,2,4,s,s,3,9,0,0,0,3,0,0,0,11,16,12,69,26,0,0,1,44
I538,1,20,s,2,0,4,12,0,2,4,s,s,3,9,s,1,0,3,0,11,0,s,16,12,69,26,0,0,1,44
1237,d,20,s,2,0,4,12,0,2,4,s,s,3,9,s,1,0,3,0,11,0,s,16,12,69,d,0,0,1,44
1236,1,20,s,d,0,4,12,0,2,d,s,s,3,9,s,1,0,3,0,11,0,s,16,12,69,26,0,d,1,44
I539,1,20,s,2,0,s,12,0,2,4,s,s,3,9,0,0,s,3,15,0,6,11,16,12,69,26,0,0,1,44
1154,d,20,s,2,0,s,12,0,2,4,s,s,3,d,d,0,s,3,d,0,6,11,16,12,69,26,d,0,1,44
I541,1,20,s,2,0,s,12,0,2,4,s,s,3,9,7,0,s,3,15,0,6,11,16,12,69,26,0,0,1,44
1175,1,20,s,2,0,s,12,0,2,4,s,s,d,d,7,d,s,3,15,9,d,11,d,12,69,26,0,d,1,44
1174,1,d,s,2,0,s,12,0,2,4,s,s,3,9,7,0,s,3,15,0,6,11,16,12,69,26,0,0,1,44
I542,1,0,s,2,0,4,12,0,2,4,15,s,3,0,2,0,0,3,0,0,0,11,16,12,0,0,0,0,1,44
I543,1,1,s,2,0,4,12,0,2,4,15,s,3,0,2,0,0,3,0,0,0,11,16,12,0,0,1,0,1,44
I544,1,1,s,s,0,4,12,0,2,4,15,s,3,0,2,0,0,3,0,0,0,11,16,12,0,26,s,0,1,44
I547,1,s,s,s,0,4,12,0,2,4,15,s,3,0,2,2,0,3,9,0,0,11,16,12,0,26,s,0,s,44
1083,1,s,s,s,0,4,12,0,2,d,15,s,3,0,2,2,3,d,9,0,0,11,16,12,d,26,s,0,s,44
1082,1,s,s,s,0,4,12,0,2,4,15,s,3,27,2,2,0,3,9,0,0,11,d,12,0,26,s,41,s,44
1127,1,1,s,s,3,d,12,0,s,d,15,s,s,0,d,3,0,3,s,0,0,11,16,12,0,26,s,0,d,44
I552,1,1,s,2,0,4,12,0,2,4,15,s,3,0,2,0,0,3,9,0,7,11,16,12,0,0,1,0,1,44
1089,1,1,s,2,0,4,12,d,2,4,d,s,3,0,2,2,0,d,s,0,7,d,16,12,0,0,1,0,1,44
I556,1,1,s,2,0,4,12,0,2,4,15,s,3,0,2,0,0,3,9,0,7,11,16,12,0,0,s,0,1,44
1267,s,1,s,d,0,4,12,s,2,d,15,s,3,0,2,0,0,3,9,0,7,11,16,12,d,0,s,0,1,44
2039,1,d,s,2,d,4,12,0,2,4,15,s,3,23,2,0,0,3,9,0,7,11,16,d,s,s,s,0,1,44
I561,1,0,s,2,0,4,12,0,2,4,15,s,3,0,2,2,0,3,0,0,0,11,16,12,0,0,0,0,s,44
I562,1,0,s,2,3,4,12,0,2,4,15,s,3,0,2,2,0,3,0,0,7,11,16,12,0,0,0,0,s,44
I563,1,0,s,2,3,4,12,0,2,4,15,s,3,0,2,2,0,3,9,0,7,11,16,12,0,0,0,0,s,44
1195,1,d,s,2,3,d,12,0,2,4,15,s,d,0,2,2,0,3,9,0,7,11,16,12,0,0,0,0,s,44
1168,d,0,s,2,3,4,12,0,2,4,15,s,3,0,d,d,0,3,d,0,7,11,16,s,0,0,0,0,s,d
I566,1,0,s,2,3,4,12,0,2,4,15,s,3,0,2,2,0,3,0,0,7,11,16,12,0,0,0,38,s,44
1401,1,0,s,2,3,4,12,15,2,d,15,s,3,0,2,2,0,d,0,0,7,11,16,12,0,0,0,38,s,44
1517,1,s,s,d,d,4,d,0,2,4,15,s,3,0,2,2,0,3,0,0,7,11,16,12,0,0,0,s,s,44
I569,1,0,s,2,0,4,12,14,2,4,15,s,s,0,2,2,0,3,0,0,0,s,16,12,0,14,0,0,s,44
1353,1,0,s,2,0,4,12,14,2,4,15,s,s,0,d,2,2,d,0,0,10,s,16,12,d,14,0,d,s,44
I573,1,0,s,2,3,4,12,14,2,4,15,s,s,0,2,2,0,3,0,0,0,s,16,12,0,14,0,0,s,44
I574,1,0,s,2,3,4,12,14,2,4,15,s,s,0,2,2,12,3,0,0,0,s,16,12,0,14,0,0,s,44
1551,1,0,s,2,3,4,12,14,2,4,15,s,s,37,d,2,12,3,0,0,0,s,16,12,0,14,d,0,s,44
1550,1,0,s,2,3,4,12,d,2,4,15,s,s,0,2,2,12,3,0,0,0,s,16,d,0,14,0,0,s,44
1197,1,20,s,2,3,4,12,14,2,4,15,s,s,d,s,2,0,3,0,11,d,s,16,12,0,14,0,0,s,d
I576,1,0,s,0,0,4,0,0,0,4,15,4,3,0,0,0,1,3,0,0,0,11,16,12,0,0,0,0,1,0
I577,1,0,s,0,0,4,0,0,0,4,15,4,3,0,0,0,1,3,0,0,0,11,16,12,0,0,0,0,1,0
I578,1,0,s,0,0,4,0,0,0,4,15,4,3,0,0,0,1,3,11,0,0,11,16,12,0,0,3,0,1,0
I579,1,0,s,21,0,4,0,0,s,4,15,4,3,0,0,0,1,3,11,0,0,11,16,12,0,0,s,0,1,0
I580,1,0,s,21,0,4,0,0,s,4,15,4,3,0,0,0,1,3,11,0,0,11,16,12,0,0,s,0,1,0
I581,1,0,s,21,0,4,0,9,s,4,15,4,3,0,0,0,1,3,11,0,0,11,16,12,0,0,s,0,1,0
1835,1,0,s,21,0,d,d,9,s,d,d,4,3,0,d,0,1,3,11,0,d,11,16,12,0,0,s,0,1,d
1834,1,0,s,21,d,4,11,9,s,4,d,4,3,0,0,2,1,d,11,0,0,11,16,12,0,0,s,0,1,0
I582,1,0,s,21,0,4,0,0,s,s,15,4,3,0,0,0,1,3,11,0,0,11,16,12,12,0,s,0,1,0
1671,1,0,s,21,0,4,0,0,s,s,15,4,3,d,0,0,1,3,11,0,0,11,16,12,12,0,s,0,1,0
1670,1,0,s,21,0,4,0,0,s,s,15,4,3,0,d,0,1,3,11,0,0,11,16,12,12,0,s,0,d,0
I583,1,0,s,21,0,4,0,0,s,4,15,4,3,s,0,0,1,3,11,0,0,11,16,12,0,0,s,0,1,0
1948,d,0,s,d,d,4,0,0,s,d,15,4,d,s,0,0,d,3,11,14,0,11,s,12,0,0,s,0,1,0
1748,1,0,s,d,0,4,2,0,s,4,d,4,3,s,0,0,1,3,11,d,0,11,d,12,0,0,s,0,1,0
I586,1,0,s,0,0,4,0,0,0,4,s,4,3,0,0,0,1,3,11,0,0,11,16,12,0,0,3,0,1,0
I587,1,0,s,0,0,4,0,0,0,4,s,4,3,0,0,2,1,3,11,0,0,11,16,12,0,0,3,0,1,0
1268,1,0,s,0,0,d,0,0,0,4,s,4,3,0,d,2,1,3,11,0,0,11,16,12,0,0,d,d,1,d
I589,1,0,s,0,0,4,3,0,0,4,s,4,3,0,0,2,1,3,11,0,0,11,16,12,0,0,3,0,1,0
1177,1,d,s,0,0,4,3,0,0,4,s,4,3,0,0,2,1,3,11,0,0,11,16,12,0,0,3,0,1,0
1176,1,0,s,0,0,s,3,0,0,4,s,4,d,0,0,2,1,3,11,0,0,11,16,12,0,0,3,0,1,0
1341,1,0,s,0,0,4,0,0,s,4,s,d,3,0,d,1,1,d,11,0,20,11,16,12,0,0,3,0,1,0
I593,1,0,s,0,0,4,0,0,1,4,15,4,3,8,0,0,1,3,0,0,0,11,16,12,23,0,0,16,1,0
I594,1,s,s,0,0,4,0,0,1,4,15,4,3,8,0,0,1,3,0,0,0,11,16,12,23,0,0,16,1,0
I595,1,s,s,0,0,4,0,0,1,4,15,4,3,8,8,0,1,3,0,0,12,11,16,12,23,0,0,16,1,0
I596,1,s,s,0,0,4,0,0,1,4,15,4,3,8,8,0,1,3,0,0,12,11,16,12,23,0,0,16,1,0
1199,1,s,s,0,0,4,0,0,d,4,15,4,3,8,8,0,1,3,0,0,12,11,16,12,23,0,d,16,1,0
1198,1,s,s,0,0,4,0,0,1,4,15,4,3,8,8,2,1,3,0,0,12,d,d,12,23,d,0,16,1,0
I597,1,s,s,0,3,4,0,0,1,4,15,4,3,8,8,2,1,3,0,0,12,11,16,12,23,0,0,16,1,0
2011,1,s,s,0,d,4,d,0,1,4,d,4,3,8,8,2,1,3,d,0,12,11,16,12,23,0,0,16,1,0
2003,1,s,s,d,3,d,d,0,1,d,15,4,3,8,d,2,1,3,d,0,12,11,d,12,d,9,0,16,1,0
I600,1,s,s,0,0,4,6,0,1,4,15,4,3,8,0,0,1,3,0,0,0,11,16,12,23,0,1,16,1,0
I601,1,s,s,0,0,4,6,0,1,4,15,4,3,8,0,2,1,3,0,0,0,11,16,12,23,0,1,16,1,0
1217,1,s,s,0,d,4,6,0,1,4,d,4,3,8,0,2,1,3,0,0,d,11,16,12,23,0,1,16,d,0
1216,1,s,s,0,0,d,6,d,1,4,d,4,d,8,0,2,1,3,0,0,0,11,16,12,23,0,1,d,d,0
1327,1,s,s,0,0,4,d,15,1,d,d,4,3,8,0,0,1,3,15,0,d,11,16,12,23,15,1,16,1,0
I603,1,0,s,0,0,4,0,3,1,4,15,4,3,8,0,0,1,3,0,0,0,11,16,12,23,0,3,16,1,0
1086,1,11,s,0,3,4,0,d,1,4,15,4,d,8,0,0,d,3,0,0,7,d,d,12,23,0,3,d,d,0
I607,1,0,s,0,0,4,0,3,1,4,15,4,3,s,0,0,1,3,0,0,0,11,16,12,23,0,3,16,1,0
1206,1,0,s,0,0,4,0,3,1,4,15,4,3,s,0,s,1,d,0,0,0,11,16,12,23,0,3,16,1,0
1179,1,0,s,0,0,4,0,3,1,4,15,s,3,s,33,2,1,3,0,d,0,11,16,d,23,0,3,16,1,0
I610,1,0,s,0,0,4,s,0,0,4,15,4,3,0,0,0,1,3,0,2,0,11,16,12,0,26,0,16,1,0
I611,1,0,s,0,0,4,s,0,0,4,15,4,3,2,0,0,1,3,9,2,0,11,16,12,0,26,2,16,1,0
I612,1,0,s,0,0,4,s,0,0,4,s,4,3,2,0,0,1,3,9,2,0,11,16,12,0,26,2,16,1,0
I613,1,0,s,0,0,4,s,0,0,4,s,4,3,2,0,0,1,3,9,2,0,11,16,12,0,26,2,16,1,0
1642,d,d,s,0,0,d,s,d,0,4,s,4,3,d,0,0,1,d,9,2,0,11,16,12,0,26,2,s,1,0
1383,1,0,s,0,0,4,s,0,d,d,s,4,3,2,0,s,d,3,9,d,0,11,16,d,0,26,2,16,1,0
1532,1,0,s,0,0,4,s,d,0,s,s,4,s,d,d,0,1,3,9,2,0,11,16,12,0,26,2,16,1,4
I619,1,0,s,17,0,4,s,0,0,4,15,4,3,2,0,0,1,3,9,2,0,11,16,12,0,26,2,16,1,0
I620,1,0,s,17,3,4,s,0,0,4,15,4,3,2,0,0,1,3,9,2,0,11,16,12,0,26,2,16,1,0
1460,1,0,s,d,3,d,s,d,s,d,15,4,3,2,0,0,1,3,9,2,0,d,16,12,0,d,2,16,1,33
1201,1,0,s,17,3,4,s,0,0,4,15,4,3,2,0,0,1,3,9,d,0,d,16,12,0,26,d,16,1,d
I623,1,0,s,17,3,4,s,0,1,4,15,4,3,2,0,0,1,3,9,2,0,11,16,12,0,26,s,16,1,0
I624,1,8,s,17,3,4,s,0,1,4,15,4,3,2,0,0,1,3,9,2,0,11,16,12,0,26,s,16,1,0
1325,d,8,s,s,3,4,s,2,1,4,15,d,3,2,12,0,1,d,9,2,10,11,16,12,0,26,s,16,1,0
1324,1,d,s,17,3,4,s,0,1,d,15,4,3,2,0,0,1,3,9,2,0,11,16,12,0,26,s,16,1,0
I625,1,13,s,17,3,4,s,0,1,4,15,4,3,2,0,0,1,3,9,2,0,s,16,12,73,26,s,16,1,0
1399,1,13,s,d,3,4,s,0,1,4,15,4,3,2,0,0,d,d,9,2,0,s,16,12,d,26,s,16,d,0
1398,1,13,s,17,3,4,s,0,1,4,15,4,3,2,0,0,1,3,d,2,0,s,d,12,73,26,s,16,1,0
I626,1,0,s,0,0,4,s,0,0,4,15,4,3,3,0,0,1,3,0,2,0,11,16,12,0,26,1,16,1,0
I627,1,0,s,0,0,4,s,0,0,4,15,4,3,3,0,0,1,3,0,2,0,11,16,12,14,26,1,16,1,0
I630,1,s,s,0,0,4,s,0,0,4,15,4,3,3,35,0,1,3,0,2,s,11,16,12,s,26,1,16,1,37
1317,1,s,s,0,0,4,s,0,0,4,15,4,d,3,35,0,1,3,0,2,s,11,16,12,s,26,1,d,1,37
1316,1,s,s,0,0,4,s,0,0,4,15,4,3,3,35,0,1,3,0,2,s,11,16,12,s,26,1,16,1,37
I631,1,0,s,0,0,4,s,0,3,4,15,4,3,3,0,0,1,3,0,2,28,11,16,12,14,26,1,16,1,0
1385,1,0,s,21,0,4,s,0,3,4,15,4,3,3,0,d,1,3,d,2,28,11,16,12,14,26,1,16,d,0
I633,1,0,s,0,0,4,s,0,3,4,15,4,3,3,0,0,1,3,0,2,28,11,16,12,14,26,1,16,1,0
1413,1,0,s,d,0,d,s,0,3,d,d,4,d,3,0,0,1,3,0,2,d,d,16,12,14,26,1,16,d,0
1412,d,0,s,0,0,4,s,0,3,4,15,4,3,d,0,0,1,3,0,2,28,11,16,12,d,26,1,16,1,0
I634,1,3,s,0,0,4,s,0,0,4,15,4,3,3,0,0,1,3,0,2,0,11,16,12,0,26,1,16,1,54
1335,1,3,s,7,0,4,s,5,1,4,15,s,3,3,d,0,1,3,0,2,0,d,16,d,0,26,1,16,1,54
I638,1,3,s,s,0,4,s,2,0,4,15,4,3,3,5,0,1,3,0,2,0,11,16,12,0,26,1,16,1,54
1468,1,3,s,s,0,4,s,2,0,4,15,d,3,d,s,0,1,3,d,2,0,d,16,12,0,26,d,16,1,54
I640,1,3,s,s,0,4,s,2,0,4,15,4,3,3,5,0,1,3,0,2,0,11,16,12,0,26,1,16,1,54
1351,1,3,s,s,d,4,s,2,0,4,15,4,3,3,5,0,1,3,0,2,0,11,16,12,0,26,d,16,1,d
1350,1,3,s,s,0,d,s,2,0,4,15,d,3,3,5,0,1,3,0,2,0,11,16,12,0,26,1,16,1,54
I641,0,0,4,17,0,4,0,0,0,4,15,4,s,0,0,0,0,3,0,0,6,11,16,12,15,0,0,0,1,0
I642,0,0,4,17,0,4,0,0,0,4,15,4,s,0,0,0,0,3,0,0,6,11,16,12,15,0,0,0,1,0
I643,0,0,4,17,0,4,0,0,0,4,15,4,s,0,0,2,0,3,0,0,6,11,16,12,15,0,1,0,1,0
I644,0,0,4,17,0,4,0,0,0,4,15,4,s,0,0,2,0,3,0,0,6,11,16,12,15,0,1,0,1,0
I645,0,0,4,17,0,4,0,0,2,4,15,4,s,0,0,2,0,3,0,0,6,11,16,12,15,0,1,0,1,s
1882,d,d,4,17,0,4,0,0,2,4,15,s,s,0,0,2,1,3,0,0,6,11,16,12,15,0,1,9,1,s
I649,0,0,4,17,0,4,3,0,2,4,15,4,s,0,0,2,0,3,0,0,6,11,16,12,15,26,1,0,1,s
1819,0,0,4,17,0,4,d,0,2,4,15,d,s,0,0,d,0,3,0,d,6,11,16,12,d,26,1,d,1,s
1558,0,0,4,17,0,4,3,0,s,d,15,4,s,d,0,2,0,3,0,0,d,11,16,12,15,26,1,0,1,s
I652,0,0,4,s,0,4,0,0,0,4,15,4,s,s,0,2,0,3,0,s,6,11,16,12,15,0,1,0,1,0
1518,d,0,d,s,d,4,0,0,0,4,15,4,s,s,d,2,0,3,0,s,6,11,16,12,15,19,1,7,d,0
I656,0,0,4,s,0,4,0,0,0,4,15,4,s,s,0,2,0,3,9,s,6,11,16,12,15,0,1,0,1,0
1636,0,0,4,s,0,d,0,0,0,4,15,4,s,s,0,2,0,d,9,s,6,11,16,12,15,0,d,9,1,0
I658,0,0,4,s,0,4,0,0,0,4,15,4,s,s,0,2,0,3,9,s,6,11,16,12,15,0,1,0,1,0
1701,0,0,4,s,0,4,0,0,0,4,15,4,s,s,0,2,0,3,9,s,d,d,16,12,15,0,1,0,1,0
1700,0,0,4,s,d,4,0,s,0,4,15,4,s,s,0,2,0,d,d,s,6,11,d,12,15,0,d,0,1,0
I659,1,0,4,17,0,4,s,0,0,4,15,4,s,0,0,2,0,3,0,2,6,11,16,12,15,0,1,0,1,0
I660,1,1,4,17,0,4,s,0,0,4,15,4,s,0,0,2,0,3,0,2,6,11,16,12,15,0,1,0,1,0
1220,1,1,4,17,0,4,s,0,d,d,15,d,s,0,0,2,0,3,0,2,6,11,16,12,15,d,1,0,d,0
1402,1,1,4,17,0,4,s,0,3,4,15,4,s,0,0,2,d,3,d,2,6,11,16,12,d,0,1,23,1,5
I667,1,0,4,17,0,4,s,0,3,4,15,4,s,0,0,2,0,3,0,2,6,11,16,12,15,0,1,0,1,0
1561,1,0,4,17,0,4,s,0,3,4,15,4,s,0,d,2,10,3,0,2,d,11,16,12,15,8,1,d,1,0
1630,d,0,4,17,3,4,s,d,3,4,15,d,s,d,0,2,3,d,0,2,6,d,16,d,15,0,1,0,1,0
I674,0,0,4,17,0,4,0,0,0,4,15,4,s,0,0,0,0,3,0,0,6,11,16,12,15,0,0,0,1,0
I675,0,0,4,17,0,4,0,0,0,4,15,4,s,0,0,0,0,3,0,0,6,11,16,12,15,0,0,0,1,0
I676,1,0,4,17,s,4,0,0,3,4,15,4,s,0,0,0,0,3,0,0,6,11,16,12,15,0,0,6,1,0
I679,1,0,4,17,s,4,0,0,3,4,15,4,s,0,0,0,0,3,9,20,6,11,16,12,15,0,1,6,1,0
1465,1,0,s,17,s,4,0,0,3,4,15,d,s,0,0,s,0,3,9,d,6,11,16,12,15,0,1,6,1,0
1464,d,0,4,17,s,d,0,0,3,4,15,s,s,0,0,0,0,3,9,20,6,11,16,12,d,8,d,6,1,6
1135,1,0,4,17,s,4,12,0,3,4,d,4,s,d,0,s,0,3,d,0,6,11,16,12,15,26,1,6,1,d
I683,0,0,4,17,0,4,0,0,0,4,15,4,s,0,0,0,0,3,5,0,6,11,16,12,15,0,0,0,1,0
I684,0,0,4,17,0,4,0,0,0,4,15,4,s,0,0,0,0,3,5,9,6,11,16,12,15,0,0,0,1,0
I685,0,0,4,17,0,4,0,0,0,4,15,s,s,28,0,0,12,3,5,9,6,11,16,12,15,0,1,0,1,0
1855,0,d,4,17,d,4,d,d,0,4,d,s,s,28,0,0,12,d,5,9,6,11,d,12,15,d,1,0,1,0
1854,0,0,4,17,0,4,0,0,0,4,15,s,s,28,0,0,12,3,5,9,6,11,16,d,15,0,1,0,1,d
1794,0,s,4,17,0,4,6,0,0,4,15,4,s,0,0,0,d,d,5,d,6,11,d,12,15,0,0,0,1,2
1526,0,d,4,17,d,4,s,0,0,4,d,4,s,17,3,0,0,3,5,0,6,11,d,12,s,0,d,0,1,0
I690,0,0,4,17,0,4,0,2,0,4,15,4,s,0,0,0,0,3,0,0,6,11,16,12,15,0,0,0,1,0
I691,0,0,4,17,0,4,0,2,0,4,15,4,s,0,0,0,0,3,0,0,6,11,16,12,15,0,0,4,1,0
I692,0,0,4,17,0,4,0,2,0,4,15,4,s,0,0,0,0,3,0,0,6,11,16,12,15,0,0,4,1,0
1148,0,d,d,17,0,4,5,2,0,4,15,4,s,0,34,0,0,s,0,0,6,11,d,d,15,0,0,4,1,0
I694,0,0,4,17,0,4,6,2,0,s,15,4,s,0,0,0,0,3,0,0,6,11,16,12,15,0,0,4,1,0
1189,0,0,4,d,0,4,6,2,0,s,15,d,s,d,0,d,0,s,0,3,6,11,16,d,15,0,0,d,1,0
1188,0,0,d,17,0,4,6,2,0,s,d,4,s,0,0,0,0,3,0,s,d,11,16,12,15,0,0,4,1,0
1510,0,0,4,17,0,s,0,2,d,4,15,4,s,28,31,0,0,d,0,0,6,11,16,d,s,0,0,4,1,14
I698,0,0,4,17,0,4,0,2,0,4,15,4,s,0,0,0,s,3,0,0,6,11,16,12,15,0,0,0,1,5
I699,0,15,4,17,0,4,0,2,0,4,15,4,s,0,0,0,s,3,0,12,6,11,16,12,15,0,0,0,1,5
I700,0,15,4,17,0,4,0,2,s,4,15,4,s,0,0,0,s,3,0,12,6,11,16,12,15,0,0,0,1,5
1357,0,15,d,17,2,4,0,d,s,4,15,4,s,0,0,0,s,3,d,d,6,11,16,12,15,0,0,0,1,5
1356,0,d,4,d,d,4,0,2,s,4,15,4,s,17,0,0,s,3,0,12,6,11,16,12,15,d,0,0,1,5
I701,0,15,4,17,0,4,6,2,0,4,15,4,s,0,0,0,s,3,0,12,6,11,16,12,15,0,0,0,1,5
1275,1,d,4,17,0,4,6,d,0,4,15,4,s,0,0,0,s,3,0,d,6,11,16,12,15,0,d,0,1,5
1274,0,15,4,17,0,4,6,2,d,4,15,4,s,0,0,0,s,3,d,12,6,11,16,12,15,d,d,d,1,5
I702,1,0,4,17,0,4,0,2,0,4,15,4,s,0,0,0,s,3,8,0,6,11,16,12,15,0,0,0,1,5
1307,1,0,4,d,0,4,0,2,0,4,15,4,s,0,0,0,s,3,8,18,6,11,16,12,15,d,0,d,1,5
1271,1,15,4,17,s,4,0,2,0,4,15,4,s,0,0,d,s,3,d,0,6,11,16,12,15,28,d,0,1,5
I705,0,0,4,17,0,4,s,0,0,4,15,4,s,0,0,0,0,3,0,0,6,11,16,12,15,0,0,0,1,0
I706,0,0,4,17,0,4,s,1,0,4,15,4,s,0,0,0,0,3,0,0,6,11,16,12,15,0,0,0,1,0
I707,1,0,4,17,0,4,s,1,3,4,15,4,s,0,0,0,0,3,0,0,6,11,16,12,15,0,0,0,1,0
I708,1,0,4,17,0,4,s,1,3,4,15,4,s,12,0,0,0,s,0,0,6,11,16,12,15,0,0,0,1,0
I709,1,0,4,17,0,4,s,s,3,4,15,4,s,12,0,0,0,s,0,6,6,11,16,12,15,0,0,0,1,0
I710,1,0,4,17,0,4,s,s,3,4,15,4,s,12,0,0,0,s,0,6,6,11,16,12,15,0,0,0,1,0
1233,d,0,4,17,d,4,s,s,3,4,15,4,s,12,d,0,0,s,0,d,6,11,16,12,d,0,3,d,1,0
1232,1,0,4,d,0,d,s,s,3,4,15,4,s,12,0,0,0,s,0,6,d,d,16,12,15,0,d,d,1,d
I711,1,0,4,17,0,4,s,s,3,4,15,4,s,12,0,0,0,s,0,6,6,11,16,12,15,0,0,0,1,0
1555,1,d,4,17,0,4,s,s,3,4,15,4,s,12,0,0,0,s,d,6,6,11,16,12,15,0,0,0,1,0
1554,1,0,4,17,0,4,s,s,3,4,15,4,s,12,0,0,0,s,d,6,6,11,d,d,15,0,d,d,1,0
I712,1,0,4,17,3,4,s,1,3,4,15,4,s,12,0,2,0,s,0,0,6,s,16,12,15,0,0,0,1,0
1387,s,0,4,17,3,4,s,1,3,4,15,4,s,12,0,2,0,s,0,0,d,s,16,12,15,0,0,4,1,d
I714,1,0,4,17,3,4,s,1,3,4,15,4,s,12,0,2,0,s,0,0,6,s,16,12,15,0,0,0,1,0
1673,1,0,4,17,3,4,s,1,3,4,d,4,s,d,d,d,0,s,0,0,6,s,d,d,15,d,d,0,1,0
1672,1,0,d,17,3,4,s,d,3,4,15,4,s,d,d,2,0,s,0,d,6,s,16,12,15,0,0,0,1,0
I715,1,0,4,17,0,4,s,1,3,4,15,4,s,0,0,0,0,3,4,0,6,11,16,12,15,0,3,17,1,0
I718,1,0,4,17,3,4,s,1,3,4,15,4,s,0,0,0,0,3,4,0,6,11,16,12,15,1,3,17,1,0
1817,1,0,4,17,3,4,s,1,3,4,15,4,s,0,0,d,0,3,4,0,6,d,16,12,15,1,3,17,1,0
1816,1,0,4,d,3,4,s,1,3,4,d,4,s,0,0,0,0,3,4,0,6,11,16,d,15,1,3,d,1,0
I720,1,0,4,17,0,4,s,1,3,4,15,4,s,0,0,0,3,s,4,6,6,11,16,12,15,0,3,17,1,0
1857,1,0,4,17,0,4,s,1,3,4,15,4,s,0,0,0,3,s,4,6,d,11,16,12,15,0,3,d,1,d
1856,d,0,4,17,0,4,s,1,3,4,15,d,s,0,0,0,3,s,4,6,6,11,16,12,15,0,3,17,1,0
I722,0,0,4,17,0,4,s,1,0,4,15,4,s,0,0,0,0,3,0,0,6,11,16,12,15,0,0,0,1,0
I723,0,0,4,17,0,4,s,1,0,4,15,4,s,0,0,0,0,3,0,0,6,11,16,12,15,0,0,0,1,0
1576,0,20,4,17,0,4,s,1,3,4,d,4,s,0,d,2,d,3,0,d,6,d,16,12,15,27,d,0,1,0
I727,0,0,4,17,0,4,s,1,0,4,15,4,s,0,0,0,0,3,0,0,6,11,16,12,15,26,0,0,1,0
I728,0,0,4,17,0,4,s,1,0,4,15,4,s,0,0,0,0,3,0,0,6,11,16,12,15,26,3,0,1,0
1947,0,0,4,17,0,4,s,1,0,4,15,4,s,0,0,0,0,3,0,0,6,11,16,12,15,26,3,0,1,0
1946,0,d,4,17,0,4,s,1,0,d,15,4,s,0,0,0,0,3,0,0,6,11,16,12,d,26,3,0,1,0
I729,0,0,4,17,0,4,s,1,0,4,15,4,s,0,0,0,0,3,0,0,6,11,16,12,15,26,2,0,1,0
2035,d,0,4,17,0,4,s,1,0,4,15,4,s,d,0,0,0,3,0,0,d,11,16,12,15,26,2,0,1,0
2034,d,0,4,17,d,4,s,1,d,4,15,4,s,0,0,0,0,3,0,0,6,11,16,12,15,26,2,0,1,0
I730,0,1,4,17,0,s,s,1,0,4,15,4,s,0,11,0,0,3,0,0,6,11,16,12,15,0,0,0,1,0
I731,1,1,4,17,0,s,s,1,0,4,15,4,s,0,11,0,0,3,0,0,6,11,16,12,15,0,0,0,1,50
1873,1,1,d,17,0,s,s,1,0,4,15,4,s,0,11,0,0,3,0,0,6,11,16,12,15,0,0,d,1,d
2023,1,d,4,17,0,s,s,s,0,4,15,d,s,0,d,0,0,3,0,0,6,11,16,d,15,3,0,d,d,50
I734,0,1,4,17,0,s,s,1,0,4,15,4,s,0,11,0,0,3,0,0,6,11,16,12,15,0,0,0,1,0
I735,0,1,4,17,0,s,s,1,0,4,15,4,s,0,11,0,0,3,0,6,6,11,16,12,15,0,0,0,1,0
1989,0,1,4,17,0,s,s,1,0,4,15,4,s,0,d,d,0,3,0,6,6,11,16,12,15,d,0,0,1,0
1988,d,1,4,17,0,s,s,1,0,4,d,4,s,d,11,0,0,d,0,d,6,11,16,12,15,0,0,d,1,0
2018,0,1,4,d,3,s,s,1,0,4,15,d,s,0,11,0,0,3,13,0,6,s,16,12,15,0,0,d,d,0
I737,0,0,4,17,0,4,s,0,0,s,15,4,s,0,0,2,0,3,0,0,6,11,16,12,15,0,0,0,1,0
I738,0,0,4,17,0,4,s,0,0,s,15,4,s,0,0,2,0,3,0,0,6,11,16,12,15,0,0,0,1,27
I739,0,0,4,17,0,4,s,0,0,s,15,4,s,0,0,2,0,3,0,0,6,11,16,12,15,0,0,7,1,27
I740,0,0,4,17,0,4,s,0,0,s,15,4,s,0,0,2,0,3,0,0,6,11,16,12,15,0,0,7,1,27
1261,d,d,d,d,d,4,s,7,0,s,15,4,s,0,0,2,0,3,0,0,6,d,16,12,15,0,0,s,1,27
1436,0,0,d,17,0,4,s,0,0,s,15,4,s,0,0,2,0,3,0,0,s,11,d,12,15,0,0,7,1,27
I743,0,0,4,17,0,4,s,0,0,s,15,4,s,s,0,2,0,3,0,0,6,11,16,12,15,0,0,7,1,27
1588,0,0,4,17,0,4,s,0,0,s,15,4,s,s,d,2,0,3,0,0,6,11,16,12,15,0,3,7,1,27
1366,0,0,4,17,d,4,s,d,0,s,15,s,s,s,0,2,0,3,0,0,6,11,d,d,15,0,0,7,1,27
I750,0,0,s,17,0,4,s,5,0,s,15,4,s,0,3,s,0,3,0,0,6,11,16,12,15,0,2,0,1,27
1363,0,1,s,17,0,4,s,5,0,s,15,4,s,0,3,s,0,3,0,0,d,11,16,12,15,0,2,d,1,27
1104,0,10,s,d,3,4,s,5,0,s,15,4,s,d,3,s,0,3,d,0,d,11,16,12,15,0,2,0,d,27
I753,0,0,4,17,0,4,s,0,0,s,15,4,s,0,0,2,0,3,13,0,6,11,16,12,15,0,0,0,1,0
I754,0,0,4,17,0,4,s,0,0,s,15,4,s,0,24,2,0,3,13,0,6,11,16,12,15,0,0,35,1,0
I756,0,0,4,17,0,4,s,0,4,s,15,4,s,0,24,s,0,3,13,0,6,11,16,12,15,0,0,35,1,0
1215,0,0,4,d,d,4,s,0,4,s,15,4,s,0,24,s,0,3,13,1,6,11,16,12,15,0,0,s,1,0
1214,0,0,4,17,0,4,s,0,4,s,15,4,s,0,24,s,1,3,13,s,6,11,16,12,15,0,2,35,1,d
I760,0,2,4,17,0,4,s,0,1,s,15,4,s,0,24,2,1,3,13,0,6,11,16,12,15,0,3,35,1,0
1235,0,d,4,17,0,4,s,0,1,s,15,4,s,0,24,2,1,3,13,0,6,11,16,12,15,0,3,35,1,0
1234,0,d,4,17,s,4,s,0,1,s,15,d,s,0,d,2,1,3,13,27,d,11,16,12,15,0,3,35,1,0
I761,1,0,4,17,0,4,s,0,0,s,15,4,s,0,0,2,0,3,13,0,6,11,16,12,15,0,0,0,1,0
1139,1,0,d,17,0,4,s,d,0,s,s,4,s,0,28,2,0,d,13,0,6,d,16,12,15,0,d,0,1,0
1281,1,0,4,17,2,s,s,0,0,s,15,4,s,0,0,2,d,3,13,0,6,11,16,12,15,0,0,35,1,0
I768,0,0,4,0,0,s,0,11,0,0,0,4,0,0,0,0,0,3,0,0,0,0,16,12,0,0,0,0,1,14
I769,0,0,4,0,0,s,3,11,0,0,0,4,0,0,0,0,0,3,0,0,13,0,16,12,0,0,0,0,1,14
I770,0,2,4,0,0,s,3,11,3,0,1,4,0,0,0,0,0,3,15,0,13,0,16,12,0,0,0,17,1,14
I771,0,2,4,0,3,s,3,11,3,0,1,4,0,0,12,0,0,3,15,0,13,0,16,12,0,0,0,17,1,14
I772,0,2,4,0,3,s,3,11,3,0,1,4,0,0,12,0,0,3,15,0,13,0,16,12,0,0,0,17,1,14
I773,0,2,4,0,3,s,3,11,3,0,1,4,0,0,12,0,6,3,15,0,13,0,16,12,0,30,0,17,1,14
I774,0,2,4,0,3,s,3,11,3,0,1,4,0,23,12,0,6,3,15,0,13,0,16,12,0,30,0,17,1,14
I775,0,2,4,0,3,s,3,11,3,0,1,4,0,23,12,0,6,3,15,0,13,0,16,12,0,30,0,17,1,14
1871,0,2,4,0,3,s,3,11,3,0,1,d,d,23,12,0,6,3,d,0,13,0,16,12,0,30,d,17,1,14
1870,0,2,4,0,3,s,3,11,3,0,1,4,0,23,12,0,6,d,15,0,13,0,16,12,0,30,0,17,1,d
1954,0,2,4,d,d,s,3,11,3,0,1,4,0,23,12,0,6,3,15,0,13,0,16,12,0,30,2,17,1,14
1641,0,2,4,0,d,s,3,11,3,0,d,4,0,d,12,0,6,3,15,0,13,0,16,12,0,30,0,17,1,14
I781,0,2,4,0,3,s,3,11,3,0,1,4,0,0,12,0,s,3,15,3,13,0,16,12,0,18,0,17,1,14
I782,0,2,4,0,3,s,3,11,3,0,1,4,0,0,12,0,s,3,15,3,13,0,16,12,0,18,2,17,1,14
1431,d,2,4,0,3,s,3,11,3,0,d,d,d,0,12,d,s,3,15,3,d,0,16,d,0,d,2,17,1,14
1430,d,2,d,0,3,s,3,11,d,2,1,4,d,0,12,0,s,3,15,3,13,0,16,12,d,18,2,17,d,14
1361,0,2,4,0,3,s,3,11,3,d,1,4,0,0,12,2,s,3,15,3,13,0,16,12,0,18,0,17,1,14
I787,0,2,4,0,3,s,3,11,3,0,1,4,0,0,12,0,0,3,15,0,13,0,s,12,0,0,0,17,1,14
I788,0,2,4,0,3,s,3,11,3,0,1,4,0,0,12,0,0,3,15,0,13,0,s,12,0,0,0,17,1,14
I790,0,2,4,15,3,s,3,11,3,0,1,4,0,0,s,0,0,3,15,0,13,0,s,12,0,0,0,17,1,14
1999,0,d,4,15,3,s,3,11,3,0,1,4,0,0,s,d,0,3,15,0,13,0,s,12,0,0,0,17,1,14
1998,0,d,4,15,3,s,3,11,3,0,1,4,0,0,s,0,0,3,15,0,13,0,s,12,0,0,0,17,1,14
I791,0,2,4,2,3,s,3,11,3,0,1,4,0,33,12,0,0,3,15,0,13,0,s,12,0,0,0,17,1,14
I792,0,2,4,2,3,s,3,11,3,0,1,4,0,33,12,0,0,3,15,0,13,0,s,12,0,0,0,17,1,14
1721,0,2,4,2,3,s,3,11,d,d,1,4,d,33,12,d,0,3,15,0,13,0,s,12,0,0,0,17,1,14
1720,0,2,4,2,3,s,3,11,3,0,1,4,0,33,12,0,0,3,15,0,13,0,s,12,0,d,0,d,1,14
1917,d,2,4,2,3,s,3,11,3,0,1,4,d,33,12,0,d,d,15,0,13,0,s,12,0,0,0,17,1,14
I794,0,2,4,0,3,s,3,11,3,0,1,4,0,0,12,0,12,3,15,0,13,0,s,12,0,0,0,17,1,14
1020,5,2,4,0,3,s,3,11,3,0,d,4,0,d,12,0,12,3,15,0,d,0,s,12,0,0,0,17,s,14
1939,s,d,4,0,3,s,3,11,3,0,1,d,3,2,12,d,12,3,15,0,13,0,s,12,0,0,d,17,d,14
I799,0,2,4,52,0,s,3,11,3,0,1,4,0,0,0,2,0,3,15,20,13,0,16,12,0,0,0,17,1,14
I800,0,2,4,52,0,s,3,11,3,s,1,4,0,0,0,2,0,3,15,20,13,0,16,12,0,0,0,17,1,14
I801,0,2,4,52,0,s,3,11,3,s,1,4,0,0,0,2,0,3,15,20,13,0,16,12,0,0,0,17,1,14
I802,0,2,4,52,3,s,3,s,3,s,1,4,0,0,0,2,0,3,15,20,13,0,16,12,0,0,0,17,1,14
I803,0,2,4,52,3,s,3,s,3,s,1,4,0,0,0,2,0,3,15,20,13,0,16,12,0,0,0,17,1,14
1845,d,2,4,52,3,s,3,s,3,s,1,4,0,0,0,2,0,3,15,20,13,d,16,12,0,0,0,17,1,14
1844,0,d,4,52,3,s,3,s,3,s,1,d,0,0,0,2,0,3,15,20,13,0,16,12,0,0,0,d,1,14
1774,1,d,4,52,s,s,3,s,3,s,1,4,0,0,0,d,0,d,15,20,13,0,16,12,0,13,0,17,1,14
I805,0,2,4,52,0,s,3,11,3,s,1,s,0,0,0,2,0,3,15,20,13,0,16,12,0,0,0,17,1,14
1963,0,2,4,52,d,s,3,11,3,s,1,s,0,0,s,d,0,d,15,20,13,0,16,d,0,0,0,17,1,14
1500,0,2,4,52,0,s,3,11,3,s,1,s,0,0,0,2,6,3,15,d,d,0,16,12,0,0,0,17,d,14
I808,0,2,4,52,0,s,3,11,3,s,1,4,0,0,0,2,0,3,15,20,13,0,16,12,0,0,0,17,1,14
I810,0,2,4,52,0,s,3,11,3,s,1,4,0,0,0,2,2,3,15,20,13,0,16,12,s,0,1,17,1,14
1813,0,2,4,52,0,s,3,11,3,s,1,4,0,0,0,2,d,3,15,20,13,0,16,12,s,0,1,d,1,14
1812,0,2,4,52,0,s,3,11,d,s,1,4,0,0,0,2,2,3,15,20,13,0,d,d,s,0,1,d,1,d
I812,0,2,4,52,0,s,3,11,3,s,1,4,0,0,0,2,6,3,15,20,13,0,16,12,57,0,0,17,1,14
I813,0,2,4,52,0,s,3,11,3,s,1,4,0,0,0,2,6,3,15,20,13,0,16,12,57,0,0,17,1,14
1925,0,2,4,52,0,s,d,11,3,s,1,4,0,0,0,2,6,3,15,20,13,d,16,12,57,9,0,17,1,14
1924,d,2,4,52,0,s,3,11,3,s,d,4,0,0,0,2,6,3,15,20,13,0,16,d,57,0,0,d,1,14
I814,0,2,4,52,3,s,3,11,3,s,1,4,0,0,0,2,6,3,15,20,13,0,16,12,57,0,0,17,1,14
1993,0,2,4,52,3,s,d,11,3,s,1,4,0,0,0,2,6,3,15,20,13,0,16,12,57,0,0,17,1,14
1992,0,2,d,52,d,s,3,d,3,s,1,4,0,0,0,d,d,3,15,20,13,0,d,12,d,d,0,17,1,14
I815,s,2,4,52,0,s,3,11,3,0,1,4,0,0,0,2,0,3,15,20,13,0,16,12,0,0,2,17,1,14
1851,s,d,4,52,3,s,3,11,3,0,1,4,3,0,0,2,0,3,15,20,13,0,16,12,0,d,2,17,1,14
I823,s,2,4,52,0,s,3,11,3,0,1,4,0,0,0,2,6,3,15,20,13,0,16,12,0,0,2,17,1,14
I824,s,2,4,52,0,s,3,11,3,0,1,4,0,0,0,2,6,3,15,20,13,0,16,12,0,0,2,s,1,14
I825,s,2,4,52,0,s,3,11,3,0,1,4,0,0,7,2,6,3,15,20,13,0,16,12,0,0,2,s,1,14
1459,s,2,4,52,0,s,3,d,3,0,1,4,0,0,d,2,6,3,15,20,13,0,16,d,0,0,2,s,1,14
1458,s,2,4,52,0,s,3,d,3,0,1,d,0,0,7,2,6,3,15,20,13,d,16,12,0,4,d,s,1,14
1535,s,2,4,52,0,s,d,11,3,0,1,4,0,0,d,2,6,3,15,20,13,22,16,d,0,0,2,s,1,14
1707,s,2,4,52,0,s,d,11,3,0,1,4,0,0,0,2,6,3,15,d,13,0,16,12,d,0,2,17,1,14
I830,0,0,4,0,0,s,3,11,1,0,0,4,3,0,0,0,0,3,0,16,13,4,16,12,0,0,0,0,1,14
I831,0,0,4,0,3,s,3,11,1,0,12,4,3,0,0,0,0,3,0,16,13,4,16,12,0,0,0,0,1,14
I832,1,0,4,0,3,s,3,11,1,0,12,4,3,0,0,0,0,3,0,16,13,4,16,12,0,0,0,0,1,14
I833,1,0,4,0,3,s,3,11,1,0,12,4,3,0,0,0,0,3,0,16,13,4,16,12,0,0,0,s,1,14
I835,1,0,4,28,3,s,3,11,1,0,12,4,3,0,0,2,3,3,0,16,13,4,16,12,0,0,s,s,1,14
1515,1,0,4,28,3,s,d,11,1,0,12,4,3,0,0,2,3,3,0,16,13,d,16,12,d,0,s,s,1,14
1514,1,0,4,28,3,s,3,d,1,3,12,d,3,0,0,2,3,3,0,16,13,4,16,12,0,0,s,s,1,14
1731,d,3,4,0,d,s,3,11,1,0,12,4,d,0,0,2,0,3,0,16,13,4,16,12,d,0,d,s,1,14
I840,1,0,4,0,3,s,3,11,1,0,12,4,3,0,0,0,0,3,0,16,13,4,16,12,0,0,0,0,1,14
1752,1,0,4,d,3,s,3,11,1,0,12,4,3,0,0,0,10,3,0,16,13,4,16,12,d,0,0,13,1,14
I844,1,0,4,34,3,s,3,11,1,0,12,4,3,0,0,0,0,3,0,16,13,4,16,12,0,9,0,0,1,14
1615,d,d,4,34,3,s,3,11,1,0,12,4,3,0,0,0,0,d,0,16,13,4,16,12,0,9,1,6,1,14
I846,1,0,4,34,3,s,3,11,1,0,12,4,3,0,0,0,0,3,0,16,13,4,16,12,0,9,0,0,1,14
1681,1,0,4,34,3,s,3,11,1,0,s,4,3,0,0,2,d,3,0,16,13,d,16,12,0,9,0,0,1,14
1680,1,0,4,d,d,s,s,11,1,0,12,4,3,0,0,0,0,3,0,16,d,4,16,12,0,9,0,d,d,14
I847,0,0,4,0,3,s,3,11,1,0,12,4,s,0,0,0,0,3,0,16,13,4,16,12,0,0,0,s,1,14
I848,0,0,4,0,3,s,3,11,1,0,12,4,s,0,0,0,0,3,4,16,13,4,16,12,0,0,0,s,1,14
I851,0,s,4,0,3,s,3,11,1,0,12,s,s,0,25,0,0,3,4,16,13,4,16,12,s,0,0,s,1,14
1777,0,s,4,0,3,s,3,d,1,0,12,s,s,0,25,0,0,d,4,16,13,4,16,12,s,0,0,s,1,14
1776,0,s,d,0,3,s,3,11,1,0,12,s,s,0,25,0,0,3,d,16,d,4,16,d,s,d,0,s,1,14
1569,d,3,4,0,d,s,3,11,1,d,d,4,s,0,0,0,0,3,4,s,13,4,16,d,0,0,0,s,1,14
I855,0,0,4,0,3,s,3,11,1,0,12,4,s,0,0,0,0,3,12,16,13,4,16,12,0,0,0,s,1,14
I856,0,0,4,0,s,s,3,11,1,0,12,4,s,0,0,0,0,3,12,16,13,4,16,12,1,0,0,s,1,14
1572,0,13,d,d,s,s,3,11,1,d,12,4,s,0,0,d,d,3,12,16,13,4,16,12,1,d,0,s,1,d
1766,0,d,4,34,s,s,3,11,1,0,12,4,s,0,0,d,0,3,12,16,d,4,16,12,1,0,0,s,1,14
I859,1,0,4,0,3,s,3,11,1,0,12,4,s,0,0,0,7,3,12,16,13,4,16,12,0,1,0,s,1,14
I860,1,0,4,0,3,s,3,11,1,4,12,4,s,0,0,2,7,3,12,16,13,4,16,12,0,1,0,s,1,14
1757,1,0,4,0,d,s,d,11,1,4,12,4,s,d,d,2,7,3,12,16,13,d,16,12,0,1,0,s,1,d
1756,1,0,4,0,3,s,3,11,1,4,12,d,s,d,0,2,7,d,12,16,13,4,16,12,0,1,0,s,1,14
1571,d,d,4,0,3,s,3,11,1,0,12,4,s,0,0,0,d,d,d,16,13,4,16,d,0,1,0,s,1,14
I862,0,0,4,0,0,s,3,11,1,0,s,4,3,0,0,0,0,3,0,16,13,4,16,12,0,0,0,0,1,14
I863,0,0,4,0,0,s,3,11,1,0,s,4,3,0,0,0,0,3,13,16,13,4,16,12,0,0,0,0,1,14
I864,0,0,4,0,0,s,3,11,1,0,s,4,3,0,0,0,0,3,13,16,13,4,16,12,0,0,0,0,1,14
I865,0,0,4,0,0,s,3,11,1,0,s,4,3,0,0,0,0,3,13,16,13,4,16,12,0,0,0,0,1,14
I866,0,0,4,0,0,s,3,11,1,0,s,4,3,0,0,0,0,3,13,16,13,4,16,12,0,s,0,0,1,14
1245,1,0,4,0,0,s,3,11,1,0,s,4,3,0,0,0,0,3,13,16,d,4,16,12,0,s,0,0,1,d
1244,d,0,4,0,0,s,3,11,1,0,s,4,3,0,0,0,0,3,13,16,13,4,16,12,0,s,0,0,1,d
I867,0,0,4,0,0,s,3,11,1,0,s,4,3,0,0,0,0,3,13,16,13,4,16,12,0,29,0,0,1,s
1265,0,2,4,0,0,s,3,d,1,0,s,4,3,0,0,0,0,3,13,d,13,4,16,12,0,d,0,d,d,s
1264,0,0,4,0,0,s,3,11,1,0,s,4,3,0,0,0,0,s,13,16,13,4,16,12,0,29,1,0,1,s
I869,1,0,4,58,0,s,3,11,1,s,s,4,3,0,37,0,4,3,13,16,13,4,16,12,0,0,0,0,1,14
1117,1,d,4,58,0,s,3,11,1,s,s,4,3,0,37,2,4,3,d,16,d,d,16,12,63,0,0,0,1,14
1116,d,0,4,58,0,s,3,11,1,s,s,4,3,0,37,2,4,3,13,16,13,4,d,12,d,0,0,d,d,14
1552,1,d,4,0,d,s,3,11,1,d,s,s,3,0,0,0,0,3,13,16,13,4,16,12,0,1,3,d,1,d
I878,0,0,4,0,0,s,3,11,1,0,s,4,3,0,0,0,0,3,0,16,13,4,16,12,0,0,0,0,1,14
I879,0,0,4,0,0,s,3,11,1,0,s,4,3,0,0,0,0,3,0,16,13,4,16,12,0,0,0,0,1,14
I880,1,0,4,0,0,s,3,11,1,0,s,4,3,0,0,0,0,3,0,16,13,4,16,12,28,0,1,s,1,14
I881,1,0,4,0,0,s,3,11,1,0,s,4,3,0,0,0,0,3,0,16,13,4,16,12,28,0,1,s,1,14
1761,1,0,s,0,0,s,3,d,1,0,s,4,3,0,0,0,d,3,0,16,13,4,16,12,28,0,1,s,1,14
1760,1,d,4,0,0,s,3,11,d,d,s,4,3,0,0,0,0,3,0,16,13,4,16,12,28,0,1,s,1,14
1738,1,0,4,0,0,s,3,d,1,0,s,4,3,0,0,d,0,3,0,16,13,4,16,12,28,0,1,s,1,14
I883,0,0,4,0,0,s,3,11,1,0,s,4,3,0,24,0,0,3,0,16,13,4,16,12,2,0,0,0,1,14
I884,0,0,4,0,0,s,3,11,1,0,s,4,3,0,24,0,0,3,0,16,13,4,16,12,2,0,0,0,1,14
1847,0,0,4,0,0,s,3,11,1,d,s,4,3,0,24,0,0,3,0,d,d,d,16,12,2,d,0,0,1,14
1846,0,0,4,0,d,s,d,d,1,0,s,4,3,0,24,d,0,d,0,16,13,4,16,d,d,0,0,d,1,14
1922,d,d,d,d,d,s,d,11,s,4,s,4,3,0,24,2,0,3,0,d,13,4,16,12,2,0,0,9,d,d
I890,0,9,4,0,0,s,3,11,1,2,s,4,3,0,0,0,1,3,0,16,13,4,16,s,0,0,0,16,1,14
I891,0,9,4,0,0,s,3,11,1,2,s,4,3,0,0,0,1,3,0,16,13,4,16,s,0,0,0,16,1,14
1869,0,9,4,0,0,s,3,11,1,d,s,4,3,d,0,0,1,3,0,16,13,4,16,s,0,0,0,16,1,14
1868,d,9,4,0,0,s,3,11,1,2,s,4,3,0,0,0,1,3,0,16,d,4,16,s,0,0,0,16,1,14
1826,0,9,d,0,0,s,3,d,d,2,s,d,3,0,0,2,1,d,0,16,13,4,16,s,0,0,0,16,1,14
I893,1,0,4,0,0,s,0,11,4,0,s,4,0,0,0,0,s,3,0,0,0,0,16,12,0,0,0,0,1,14
I894,1,0,4,0,0,s,0,11,s,0,s,4,0,0,0,0,s,3,0,0,0,0,16,12,1,0,0,0,1,14
I895,1,0,4,0,3,s,0,11,s,0,s,4,0,0,0,0,s,3,0,0,0,0,16,12,1,0,0,0,1,14
I896,1,0,4,0,3,s,0,11,s,0,s,4,0,0,0,0,s,3,0,0,0,0,s,12,1,0,0,42,1,14
I897,1,1,4,0,3,s,0,11,s,0,s,4,0,7,0,0,s,3,23,0,0,0,s,12,1,0,0,42,1,14
I898,1,1,4,0,3,s,0,11,s,0,s,4,0,7,4,0,s,3,23,0,0,0,s,12,1,0,0,s,1,14
I899,1,1,4,0,3,s,0,11,s,0,s,4,0,7,4,0,s,3,23,0,0,0,s,12,1,0,0,s,1,14
1439,d,1,4,0,3,s,0,11,s,1,s,4,0,7,4,0,s,3,23,0,0,0,s,d,1,0,d,s,1,14
1438,d,1,4,0,3,s,12,11,s,0,s,4,3,d,4,0,s,3,23,d,0,0,s,12,1,0,0,s,1,14
I900,1,1,4,0,3,s,0,11,s,0,s,4,0,7,4,0,s,3,23,0,0,0,s,12,1,0,0,s,1,14
1227,1,d,4,0,3,s,10,11,s,0,s,4,0,7,4,0,s,3,23,0,d,0,s,d,d,0,3,s,1,14
1226,1,1,4,d,3,s,0,11,s,0,s,4,0,7,d,d,s,3,23,0,d,0,s,12,1,0,0,s,1,14
I901,1,1,4,0,3,s,0,11,s,0,s,4,3,7,0,0,s,3,23,0,0,0,s,12,1,11,0,42,1,14
I902,1,1,4,0,3,s,0,11,s,0,s,4,3,7,5,0,s,3,23,0,0,0,s,12,1,11,0,42,1,14
1243,1,1,4,0,3,s,0,11,s,0,s,4,3,7,d,3,s,3,23,0,0,0,s,12,d,11,0,42,1,14
1242,1,1,4,7,d,s,d,11,s,0,s,4,3,7,5,0,s,3,d,9,0,21,s,12,1,11,0,d,1,d
I903,1,1,4,s,3,s,0,11,s,0,s,4,3,7,0,0,s,3,23,0,0,0,s,12,1,11,0,42,1,14
1329,1,d,4,s,3,s,d,d,s,s,s,4,3,7,0,0,s,3,23,1,d,0,s,12,1,11,0,d,1,14
1328,1,s,d,s,3,s,0,11,s,0,s,4,3,7,0,0,s,3,23,0,d,0,s,12,1,11,0,42,1,d
I904,1,0,4,0,3,s,0,11,s,0,s,4,0,0,0,0,s,3,0,0,24,0,s,12,1,0,s,42,1,14
I905,1,0,4,7,3,s,0,11,s,0,s,4,0,0,0,0,s,3,0,0,24,0,s,12,1,0,s,42,1,14
I906,1,0,4,7,3,s,0,11,s,0,s,4,0,0,0,0,s,3,0,0,24,0,s,12,1,0,s,42,1,14
1397,1,d,4,7,3,s,d,d,s,d,s,4,0,0,0,0,s,d,0,0,24,0,s,12,1,0,s,42,1,14
1396,d,0,4,7,d,s,0,11,s,0,s,4,0,0,0,0,s,3,0,0,24,s,s,12,1,0,s,42,1,14
1249,1,s,4,7,3,s,0,11,s,0,s,4,0,0,3,0,s,d,5,0,24,12,s,12,1,0,s,42,1,14
I908,1,0,4,0,3,s,0,11,s,0,s,4,0,0,0,0,s,3,0,0,24,0,s,12,1,0,s,42,1,14
1781,1,0,4,0,3,s,0,11,s,0,s,4,0,0,0,d,s,3,d,0,24,0,s,12,1,0,s,42,1,14
1736,1,7,d,s,d,s,0,d,s,0,s,4,0,0,0,0,s,3,0,0,24,0,s,12,1,0,s,42,d,14
I911,1,0,4,0,3,s,0,11,s,0,s,4,0,0,0,0,s,3,0,0,0,0,16,12,1,0,0,0,1,14
I912,1,0,4,0,3,s,0,11,s,0,s,4,0,3,0,0,s,3,0,0,0,0,16,12,1,0,0,0,1,14
1494,1,0,4,0,3,s,0,11,s,4,s,4,0,3,16,0,s,3,0,0,0,0,16,12,1,0,s,0,1,14
I916,1,0,4,0,3,s,0,11,s,0,s,4,0,3,0,0,s,3,0,0,0,0,16,12,1,0,0,0,1,14
1657,1,0,4,0,3,s,0,11,s,0,s,4,s,3,0,0,s,3,d,22,0,d,16,12,1,8,0,0,1,14
I918,1,0,4,0,3,s,0,11,s,0,s,4,0,3,0,0,s,3,0,6,0,0,16,12,1,0,0,0,1,14
1557,1,0,4,0,3,s,0,d,s,0,s,4,0,3,34,0,s,3,d,6,20,0,16,d,1,0,d,0,d,14
1556,1,0,4,0,3,s,0,11,s,0,s,4,0,3,0,3,s,3,0,6,0,0,16,d,1,0,0,0,1,14
I919,1,0,4,0,3,s,0,11,s,s,s,4,0,8,0,0,s,3,0,0,0,0,16,12,1,0,1,0,1,14
I920,1,0,4,0,3,s,0,11,s,s,s,4,0,8,0,2,s,3,0,0,0,8,16,12,1,0,1,0,1,14
1277,1,0,4,d,d,s,d,11,s,s,s,d,0,8,0,d,s,3,13,1,0,8,16,12,1,0,1,0,1,14
1682,1,0,4,d,3,s,0,11,s,s,s,d,0,d,d,d,s,3,s,0,0,8,d,12,d,d,1,0,1,14
I923,1,0,4,0,3,s,0,11,s,s,s,4,0,8,0,0,s,3,0,0,0,0,16,12,1,0,1,0,1,14
1930,1,0,4,49,3,s,0,11,s,s,s,4,0,8,0,2,s,3,0,0,0,0,16,12,d,0,1,d,d,d
I925,1,0,4,0,3,s,0,11,s,s,s,4,0,8,0,0,s,3,0,0,10,0,16,12,1,14,1,0,1,14
1803,1,0,4,0,3,s,d,11,s,s,s,4,d,8,0,0,s,3,0,0,10,d,16,12,1,d,1,d,1,14
1802,1,0,4,d,3,s,0,11,s,s,s,4,0,8,0,0,s,3,0,0,10,0,16,d,d,14,1,0,d,14
I926,1,0,4,0,0,s,0,11,s,0,s,4,0,0,0,0,s,3,0,0,s,0,16,12,s,0,0,0,1,14
I927,1,0,4,0,0,s,0,11,s,0,s,4,0,0,0,2,s,3,0,0,s,0,16,12,s,0,0,0,1,14
I928,1,0,4,0,0,s,0,11,s,2,s,4,s,s,0,2,s,3,0,0,s,0,16,12,s,0,0,0,s,14
I929,1,0,4,0,3,s,0,11,s,2,s,4,s,s,0,2,s,3,0,0,s,0,16,12,s,0,0,25,s,14
I930,1,0,4,0,3,s,0,11,s,2,s,4,s,s,0,2,s,3,0,0,s,0,16,12,s,0,0,25,s,14
1843,1,0,4,0,3,s,0,11,s,2,s,4,s,s,0,2,s,3,0,0,s,0,16,12,s,d,0,25,s,14
1842,1,0,d,0,3,s,0,11,s,2,s,4,s,s,0,d,s,3,0,0,s,0,16,12,s,d,0,25,s,14
1927,1,0,4,0,d,s,0,11,s,2,s,4,s,s,0,2,s,3,0,0,s,0,16,12,s,0,0,25,s,d
I933,1,0,4,0,0,s,5,11,s,2,s,4,s,s,0,2,s,3,0,0,s,0,16,12,s,0,0,0,s,14
1849,1,0,d,0,0,s,5,11,s,2,s,d,s,s,0,2,s,3,0,0,s,0,16,12,s,0,0,d,s,14
1848,1,d,4,0,0,s,5,11,s,d,s,d,s,s,0,2,s,3,0,d,s,d,16,12,s,0,0,d,s,14
I935,1,0,4,0,3,s,0,11,s,4,s,4,0,0,35,2,s,3,0,0,s,0,16,12,s,0,0,0,1,14
1991,1,d,4,0,s,s,0,11,s,4,s,4,d,0,35,2,s,3,0,0,s,0,16,12,s,0,0,0,1,14
I939,1,0,4,s,3,s,0,11,s,4,s,4,0,0,35,2,s,3,15,2,s,0,16,12,s,0,0,0,1,14
1957,1,0,4,s,3,s,0,d,s,4,s,4,0,0,d,2,s,3,15,2,s,0,d,12,s,0,0,0,1,14
1935,1,0,4,s,d,s,0,11,s,4,s,d,0,d,35,d,s,3,d,2,s,0,16,12,s,d,0,0,1,14
I942,1,0,4,0,0,s,0,11,s,0,s,4,0,0,0,0,s,3,0,0,s,0,16,12,s,0,0,44,1,14
I943,1,0,4,18,0,s,0,11,s,0,s,4,0,0,0,0,s,3,0,0,s,0,16,12,s,0,0,44,1,14
I944,1,0,4,18,0,s,0,11,s,0,s,4,0,0,0,0,s,3,15,0,s,0,16,12,s,0,0,44,1,14
1716,1,d,4,d,0,s,0,11,s,0,s,4,0,0,0,0,s,3,15,0,s,0,16,12,s,0,0,44,1,14
1913,1,0,4,18,0,s,0,11,s,d,s,4,3,0,d,0,s,3,d,0,s,0,16,12,s,0,1,44,1,14
I947,1,0,4,18,0,s,0,s,s,0,s,4,0,0,0,0,s,3,0,0,s,0,16,12,s,0,0,44,1,14
1645,1,0,4,18,3,s,0,s,s,0,s,4,0,3,0,0,s,3,0,d,s,0,16,12,s,0,d,44,1,14
I949,1,0,4,18,0,s,0,s,s,0,s,4,s,0,0,2,s,3,s,0,s,0,16,12,s,0,0,44,1,14
1617,1,0,4,18,0,s,0,s,s,0,s,d,s,0,d,2,s,3,s,0,s,0,16,12,s,0,0,44,1,14
1616,1,0,s,18,0,s,0,s,s,0,s,4,s,d,0,d,s,3,s,0,s,0,16,12,s,0,0,44,1,14
I950,1,0,4,0,0,s,0,11,s,0,s,4,0,6,0,0,s,3,0,0,s,0,16,12,s,0,1,44,1,14
1929,1,0,d,d,0,s,3,11,s,0,s,4,3,6,0,2,s,3,15,d,s,0,16,12,s,0,1,44,1,d
I955,1,0,4,0,3,s,0,11,s,0,s,4,0,6,0,0,s,3,0,0,s,0,16,12,s,0,1,44,1,14
1945,1,0,4,0,d,s,0,11,s,d,s,4,0,d,0,0,s,3,d,0,s,0,16,12,s,0,1,44,1,14
1944,d,0,4,0,3,s,0,11,s,0,s,4,0,6,0,0,s,3,0,d,s,0,16,12,s,0,1,d,1,14
I957,1,2,4,0,0,s,0,11,4,0,s,4,0,0,0,0,s,3,0,0,0,0,16,12,0,0,0,0,1,14
I958,1,2,4,0,0,s,0,11,4,0,s,4,0,0,0,0,s,3,0,0,0,0,16,12,0,14,0,0,1,14
I959,1,2,4,0,0,s,0,11,4,0,s,4,0,0,3,0,s,3,0,0,0,0,16,12,0,14,0,4,1,14
I960,1,2,4,0,0,s,0,11,4,0,s,4,0,0,3,0,s,3,0,0,0,0,16,12,0,14,0,4,1,14
I961,1,2,4,0,s,s,0,11,4,0,s,4,0,0,3,0,s,3,0,0,0,0,16,12,0,14,3,4,1,14
1213,1,2,4,34,s,s,d,11,4,0,s,4,0,33,d,0,s,3,0,2,d,0,16,12,0,d,3,d,1,14
I963,1,2,4,0,s,s,0,11,4,0,s,4,3,0,s,0,s,3,0,0,0,0,16,12,0,14,3,4,1,14
1241,1,2,4,4,s,s,0,d,4,0,s,4,d,0,s,0,s,d,0,0,0,0,16,12,0,14,3,4,1,14
1240,1,2,4,0,s,s,0,11,4,d,s,4,3,d,s,0,s,3,0,0,0,0,16,12,0,14,3,4,d,14
1061,1,2,4,0,0,s,0,d,4,0,s,4,0,0,3,0,s,3,0,25,0,s,16,12,0,14,0,4,1,14
I967,1,2,4,0,3,s,0,11,4,0,s,4,0,21,3,0,s,3,s,32,0,0,16,12,0,14,0,4,1,14
I970,1,2,4,s,3,s,0,11,s,0,s,4,3,21,3,0,s,3,s,32,0,12,16,12,0,14,0,4,1,14
1581,1,2,4,s,3,s,5,11,s,0,s,4,3,21,3,0,s,3,s,32,0,12,16,12,0,14,d,d,1,14
1580,d,2,4,s,3,s,0,11,s,0,s,4,3,21,3,0,s,3,s,32,0,12,16,12,d,14,d,4,1,14
I971,1,2,4,0,3,s,0,11,4,0,s,4,0,21,3,0,s,3,s,32,0,0,16,12,15,14,0,4,1,14
1315,d,2,4,d,3,s,0,11,4,d,s,4,0,21,3,d,s,3,s,s,0,0,16,12,15,14,0,d,1,14
I973,1,2,4,0,3,s,0,11,4,0,s,4,0,21,3,0,s,3,s,32,0,0,16,12,15,14,0,4,1,14
1447,1,2,4,0,3,s,0,11,4,0,s,4,0,21,3,0,s,3,s,32,0,0,16,12,15,14,0,4,1,14
1446,1,2,4,0,3,s,0,11,d,0,s,d,0,21,d,0,s,d,s,32,d,d,16,12,15,d,d,4,1,14
I974,1,2,4,0,0,s,0,11,4,0,s,4,0,0,0,0,s,3,0,12,0,0,16,12,0,14,0,25,1,14
I975,1,2,4,0,0,s,0,11,4,0,s,4,0,0,0,0,s,3,0,12,0,0,16,12,0,14,0,25,1,14
I976,1,2,4,0,0,s,0,11,s,1,s,4,0,7,0,0,s,3,0,12,0,0,16,12,0,14,0,25,1,14
I977,1,2,4,0,0,s,0,11,s,s,s,4,0,7,0,0,s,3,0,12,7,0,16,12,0,14,0,25,1,14
1309,1,2,4,0,0,s,0,11,s,s,s,4,d,7,0,0,s,3,0,12,d,0,16,12,0,14,0,s,1,14
1308,d,2,4,0,3,s,0,11,s,s,s,4,0,7,0,0,s,3,0,12,7,d,d,12,0,14,0,25,1,14
I978,1,2,4,0,0,s,0,11,s,1,s,4,0,7,0,0,s,3,0,12,0,0,16,12,0,14,0,25,1,14
1613,d,d,d,37,0,s,0,11,s,1,s,4,0,7,0,0,s,d,0,12,0,0,16,12,0,14,d,25,1,14
1612,1,2,4,d,0,s,d,11,s,1,s,4,d,d,0,0,s,d,d,12,d,0,d,12,0,14,0,25,1,d
I979,1,2,4,0,0,s,2,11,4,0,s,4,0,3,0,0,s,3,0,12,0,0,16,12,0,14,0,25,1,14
1513,1,2,4,0,0,s,2,11,4,d,s,4,0,3,0,0,s,3,0,12,0,0,s,12,0,d,0,25,d,14
1702,1,d,4,0,0,s,d,11,4,0,s,d,0,3,0,d,s,d,d,12,d,0,16,12,d,14,0,25,1,14
I982,1,2,4,0,0,s,0,11,4,0,s,4,0,0,29,0,s,3,0,12,19,0,16,12,0,14,2,25,1,14
1633,1,d,4,0,0,s,2,11,4,4,s,4,0,0,d,s,s,3,0,12,19,0,16,12,11,14,2,25,1,14
I986,1,2,4,0,0,s,0,11,4,0,s,4,0,0,29,0,s,3,0,12,19,0,16,12,0,14,2,25,1,14
I987,1,2,4,s,2,s,0,11,4,4,s,4,0,0,29,0,s,3,0,12,19,0,16,12,s,14,2,25,1,14
1259,1,s,4,s,2,s,d,11,4,4,s,4,0,0,29,d,s,3,0,12,19,0,16,12,s,14,2,25,1,14
1258,1,2,4,s,d,s,d,11,d,4,s,4,0,0,d,0,s,3,0,12,19,0,16,12,s,d,2,25,d,14
1591,d,2,d,0,0,s,0,11,d,d,s,4,3,0,d,d,s,3,0,12,19,39,16,12,0,14,2,25,1,d
I989,1,2,4,0,0,s,0,11,4,0,s,4,s,0,0,0,s,3,0,0,0,0,16,12,0,0,0,0,1,14
I990,1,2,4,0,0,s,0,11,4,0,s,4,s,0,0,0,s,3,0,0,0,1,16,12,0,0,0,7,1,14
1230,1,2,4,0,0,s,d,11,4,0,s,4,s,0,0,s,s,3,0,0,19,d,16,12,23,0,0,d,1,14
I998,1,2,4,0,0,s,0,11,4,0,s,4,s,0,0,0,s,3,4,s,6,1,16,12,0,0,0,7,1,14
I1000,1,s,4,0,3,s,0,11,4,0,s,4,s,0,0,0,s,3,4,s,6,1,16,12,0,0,0,7,1,14
I1001,1,s,4,2,3,s,0,11,4,0,s,4,s,0,0,0,s,3,4,s,6,1,16,12,0,0,0,7,1,14
2015,d,s,4,2,3,s,0,11,4,0,s,4,s,0,0,0,s,3,4,s,6,d,d,12,0,0,0,7,1,14
2014,1,s,4,2,3,s,0,11,4,0,s,4,s,0,0,0,s,d,4,s,6,1,16,12,0,0,0,7,1,14
1032,d,s,4,0,3,s,0,11,4,d,s,4,s,0,0,0,s,d,4,s,6,1,16,d,0,0,0,7,1,14
1979,1,2,4,34,0,s,0,d,4,0,s,4,s,0,0,0,s,3,d,s,6,1,16,12,0,14,0,7,1,d
I1009,1,2,4,5,0,s,0,11,4,0,s,4,s,0,0,0,s,3,11,20,0,20,16,12,0,0,s,9,1,14
I1010,1,2,4,5,0,s,0,11,4,0,s,4,s,0,0,0,s,3,11,20,0,20,16,12,0,0,s,9,1,14
I1011,1,2,4,5,0,s,2,11,4,0,s,4,s,0,0,0,s,3,11,20,0,20,16,12,0,0,s,9,1,14
1304,1,2,4,5,0,s,s,11,4,0,s,4,s,0,0,0,s,3,11,20,0,20,16,12,0,0,s,d,1,14
1115,1,2,4,5,0,s,2,d,4,0,s,4,s,3,0,0,s,3,11,20,0,20,16,12,0,0,s,9,1,14
1163,1,2,d,5,0,s,0,11,4,d,s,4,s,9,d,2,s,3,11,20,19,20,16,12,23,0,s,9,1,14
I1017,1,2,4,5,0,s,0,11,4,0,s,4,s,0,0,0,s,3,11,20,0,20,16,12,0,0,s,9,1,14
I1018,1,2,4,5,0,s,0,11,4,0,s,4,s,0,0,0,s,3,11,s,0,20,16,12,0,0,s,9,1,14
1370,d,2,4,5,0,s,0,11,d,0,s,4,s,0,0,0,s,3,11,s,6,20,16,12,35,0,s,d,1,14
1443,1,2,d,5,0,s,0,11,d,d,s,4,s,0,17,0,s,3,11,s,0,20,16,12,d,0,s,9,d,14
I1021,1,2,4,5,0,s,0,s,4,0,s,4,s,0,0,0,s,3,11,20,0,20,16,12,0,0,s,9,1,14
I1022,1,2,4,5,0,s,0,s,4,4,s,4,s,0,0,0,s,3,11,20,25,20,16,12,0,0,s,9,1,14
1097,d,2,4,5,0,s,0,s,4,d,s,4,s,0,0,0,s,3,11,20,25,20,d,12,0,0,s,9,1,14
1096,1,2,4,5,0,s,0,s,4,4,s,4,s,0,0,0,s,3,11,20,25,20,d,12,0,0,s,9,1,d
1336,1,2,4,5,0,s,0,s,4,2,s,4,s,d,0,0,s,3,11,20,7,20,s,12,d,0,s,d,1,14
