cell,r1,r2,r3,r4,r5,r6,r7,r8,r9,r10,r11,r12,r13,r14,r15,r16,r17,r18,r19,r20,r21,r22,r23,r24,r25,r26,r27,r28,r29,r30
I1,0,0,0,0,0,0,0,0,0,0,0,0,0,0,7,0,0,0,0,1,0,0,0,0,0,0,0,0,8,0
I2,0,0,0,0,0,0,0,0,0,0,0,0,0,0,7,9,0,0,0,1,0,0,0,0,0,39,0,0,8,0
I3,0,0,2,0,0,0,0,0,0,0,0,0,6,0,7,s,0,0,0,1,0,0,4,0,5,39,0,1,8,0
I4,0,0,2,0,0,0,0,0,0,0,0,0,6,0,7,s,0,0,0,1,0,0,4,0,5,39,0,1,8,0
I5,0,1,s,0,1,0,0,0,0,0,0,0,6,0,7,s,0,0,0,1,0,0,4,0,5,39,0,1,8,0
I6,s,1,s,0,1,4,0,0,0,0,0,0,6,s,7,s,0,0,0,1,0,0,4,0,5,39,0,1,8,5
I7,s,1,s,0,1,4,0,0,0,0,0,0,6,s,7,s,0,0,4,1,0,6,4,0,5,39,0,1,8,5
I8,s,1,s,0,s,4,0,0,0,21,0,0,6,s,7,s,0,0,4,1,0,6,4,0,5,39,2,1,8,5
I9,s,1,s,1,s,4,0,0,0,21,0,0,6,s,7,s,0,0,4,1,0,6,4,0,5,39,2,1,8,5
I10,s,1,s,1,s,4,0,35,0,21,0,0,6,s,7,s,0,0,4,1,0,6,4,0,s,39,2,1,8,5
1507,s,d,s,1,s,4,0,35,0,21,0,0,6,s,7,s,0,d,4,s,0,6,4,0,s,39,2,1,8,d
1506,s,s,s,1,s,d,0,35,0,21,0,0,6,s,7,s,0,d,4,1,8,6,4,0,s,39,2,1,8,5
1981,s,1,s,d,s,4,d,0,0,21,0,8,6,s,7,s,0,0,4,1,0,d,4,d,5,d,2,1,8,5
I12,s,1,s,0,s,4,0,0,0,21,0,0,6,s,7,s,0,0,4,1,0,6,4,0,5,39,2,1,8,5
I13,s,1,s,0,s,4,0,27,1,21,0,0,6,s,7,s,1,0,4,1,0,6,4,0,5,39,2,1,8,5
1425,s,1,s,0,s,4,d,27,d,21,0,0,s,s,7,s,1,s,4,1,0,6,4,0,5,39,2,1,d,5
1424,s,1,s,d,s,4,0,d,1,21,0,0,6,s,7,s,d,0,4,1,0,6,4,0,5,39,2,1,8,d
1626,s,1,s,1,s,4,0,0,0,21,0,0,6,s,7,s,0,0,4,1,0,6,4,0,5,39,2,1,8,d
I15,s,1,s,1,1,4,7,2,0,0,1,0,6,s,7,s,0,0,s,1,0,6,4,0,5,39,0,1,8,5
I16,s,1,s,1,1,4,7,2,0,17,1,0,6,s,7,s,0,0,s,1,12,6,4,0,5,39,2,1,8,5
1310,s,1,s,1,1,4,7,2,0,d,1,0,d,s,7,s,0,d,s,1,d,6,4,0,5,39,2,1,8,5
1421,s,1,s,1,1,4,7,2,0,17,1,d,6,s,7,s,0,0,s,1,12,6,4,4,5,39,2,1,8,d
I20,s,1,s,1,1,4,7,2,23,0,1,0,6,s,7,s,0,s,s,1,2,6,4,0,5,39,2,1,8,5
1283,s,1,s,d,1,4,d,d,23,0,1,2,6,s,7,s,d,s,s,1,2,6,d,d,5,d,d,1,8,5
1282,s,1,s,1,1,4,7,2,23,0,1,41,6,s,7,s,0,s,s,1,d,6,4,d,5,d,2,1,8,5
I22,s,1,s,s,1,4,0,0,0,18,1,0,6,s,7,s,0,0,0,1,0,0,4,0,5,39,0,1,8,5
I23,s,1,s,s,1,4,0,0,0,18,1,0,6,s,7,s,0,0,0,1,2,0,4,0,5,39,0,1,8,5
I24,s,1,s,s,1,4,0,0,0,18,1,0,6,s,7,s,0,0,0,1,2,0,4,0,5,39,0,1,8,5
1607,s,1,s,s,1,4,0,0,0,18,1,d,6,s,7,s,0,d,d,1,2,3,4,0,d,39,0,1,8,5
1639,s,1,s,s,1,4,0,0,d,d,1,0,6,s,7,s,0,0,11,1,2,0,4,0,5,39,0,1,8,5
I27,s,1,s,s,1,4,0,0,0,18,1,0,6,s,7,s,0,0,0,1,2,0,4,0,5,39,0,1,8,5
I28,s,1,s,s,1,4,0,0,0,18,1,s,6,s,7,s,0,0,0,1,2,0,4,0,5,39,0,1,8,5
1435,s,1,s,s,1,4,0,3,0,18,1,s,6,s,7,s,0,0,d,1,2,d,4,0,5,39,d,1,d,5
1434,s,1,s,s,1,4,0,0,0,18,1,s,6,s,7,s,0,0,0,1,2,0,4,0,5,39,0,1,8,5
I29,s,1,s,s,1,4,0,0,0,18,1,0,6,s,7,s,0,0,0,1,2,0,4,0,5,39,0,1,8,5
1333,s,d,s,s,1,4,0,0,0,18,1,0,6,s,7,s,0,0,0,d,2,0,d,d,5,d,0,1,d,5
1332,s,1,s,s,d,4,0,0,0,18,1,0,6,s,7,s,0,0,0,1,2,0,4,0,5,39,0,1,8,5
I30,s,1,s,s,1,4,0,0,33,18,1,31,6,s,7,s,0,4,0,1,2,0,4,0,5,39,0,1,8,5
1521,s,1,s,s,1,s,0,0,33,d,1,31,d,s,7,s,0,4,0,1,2,0,4,d,d,39,2,1,8,5
I34,s,1,s,s,1,4,0,0,33,18,1,31,6,s,7,s,1,4,33,1,2,0,4,0,5,39,0,1,8,5
1490,s,1,s,s,1,4,0,0,33,18,1,31,6,s,7,s,d,4,33,1,2,0,4,0,5,39,0,d,d,5
1754,s,1,s,s,1,4,s,d,33,18,d,31,6,s,7,s,1,d,33,1,d,0,4,0,5,39,0,1,8,5
I37,0,1,s,0,1,0,0,0,0,0,0,0,6,0,7,s,0,0,0,s,9,0,4,14,5,39,0,1,8,3
I38,0,1,s,0,1,0,0,0,0,0,0,0,6,0,7,s,0,0,0,s,9,3,4,14,5,s,0,1,8,3
I39,0,1,s,0,1,0,0,0,0,0,0,0,6,0,7,s,0,8,0,s,9,3,4,14,5,s,0,1,8,3
1523,0,1,s,0,1,0,0,d,0,0,0,0,6,0,s,s,d,8,0,s,9,3,4,14,d,s,0,1,8,3
I43,0,1,s,0,1,0,0,0,0,0,0,0,6,0,7,s,0,8,0,s,9,3,4,14,5,s,0,1,8,3
I44,0,1,s,0,1,0,0,0,0,0,0,0,6,0,7,s,0,8,0,s,9,3,4,14,5,s,0,1,8,3
1449,d,1,s,0,1,0,0,0,d,0,d,0,6,8,7,s,0,8,0,s,9,3,4,d,5,s,0,1,d,3
1448,0,1,s,d,d,d,0,0,d,d,0,0,6,5,7,s,0,8,0,s,9,3,4,14,5,s,0,d,8,3
I45,0,1,s,0,1,0,0,24,0,0,1,0,6,0,7,s,0,8,4,s,9,3,4,14,5,s,0,s,8,3
1349,0,1,s,0,1,0,0,d,0,0,1,0,6,0,7,s,0,8,4,s,9,3,4,14,5,s,0,s,8,3
1348,0,1,s,0,1,0,0,24,0,0,1,5,6,0,7,s,0,8,4,s,9,3,4,14,5,s,0,s,8,d
I46,0,1,s,0,1,0,0,0,0,0,1,0,6,0,7,s,0,0,0,s,9,3,4,14,5,s,0,1,8,3
I47,12,1,s,0,1,0,0,0,0,0,1,0,6,0,7,s,0,0,0,s,9,3,4,14,5,s,2,1,8,3
I48,12,1,s,0,1,0,0,0,0,0,1,0,6,0,7,s,15,0,0,s,9,3,4,14,5,s,2,1,8,3
1970,12,1,s,d,1,0,d,0,d,0,1,0,6,0,7,s,d,0,d,s,d,3,4,14,5,s,2,1,8,3
1052,d,d,s,0,d,0,0,0,d,0,1,0,d,0,7,s,15,0,0,s,9,3,4,14,5,s,2,1,8,d
1192,12,1,s,0,d,0,7,4,0,0,d,0,6,0,7,s,d,0,d,s,9,3,4,14,5,s,2,1,8,d
I52,0,1,s,0,1,12,0,0,0,0,1,0,6,0,7,s,0,0,0,s,9,3,4,14,5,s,0,1,8,3
1125,12,1,s,0,1,12,d,0,0,0,1,0,d,0,7,s,0,0,d,s,9,d,4,14,5,s,0,1,8,d
1124,0,d,s,0,1,12,d,d,0,d,1,41,6,0,7,s,s,0,d,s,9,3,4,14,5,s,0,1,8,d
I54,0,1,s,0,1,0,0,0,0,0,0,0,6,0,7,s,0,0,0,s,9,0,4,14,5,39,0,1,8,3
I56,0,1,s,0,1,0,7,0,0,0,0,0,6,0,7,s,0,0,0,s,9,0,4,14,5,39,2,1,8,3
1118,0,1,s,d,1,0,7,0,0,d,0,42,6,d,7,s,0,16,0,s,9,0,d,d,s,d,d,1,8,3
I58,0,1,s,0,1,0,7,0,0,0,0,0,6,11,7,s,0,0,0,s,9,0,4,14,5,39,2,1,8,3
1161,d,1,s,0,d,0,7,0,0,0,0,0,6,11,7,s,0,0,0,s,d,0,4,d,5,39,2,1,8,3
1160,0,1,s,0,d,0,7,0,0,0,0,0,6,11,7,s,0,0,d,s,9,0,4,14,5,d,2,1,8,3
I62,0,1,s,0,1,0,0,0,s,8,0,0,6,0,7,s,0,0,0,s,9,0,4,14,5,39,0,1,8,3
I63,0,1,s,0,1,0,0,0,s,8,0,17,6,0,7,s,0,0,0,s,9,0,4,14,5,39,2,1,8,3
1113,0,d,s,0,1,0,0,0,s,8,0,17,6,0,7,s,0,d,0,s,9,0,s,d,5,39,2,1,d,3
1405,0,d,s,d,1,0,7,0,s,8,0,17,6,0,7,s,s,d,0,s,9,0,4,d,5,39,d,1,8,3
I66,0,1,s,0,1,0,0,0,s,8,0,0,6,s,7,s,0,0,0,s,9,0,4,14,5,39,0,1,8,3
1456,0,1,s,0,1,d,0,0,s,8,0,d,6,s,d,s,0,d,0,s,9,d,4,d,5,d,0,1,d,3
I68,0,1,s,0,1,0,0,0,s,8,0,0,6,s,s,s,0,0,0,s,9,s,4,14,5,39,0,1,8,3
1339,7,1,s,1,1,0,d,0,s,8,0,0,6,s,s,s,0,0,0,s,9,s,d,14,5,39,0,1,8,3
1338,0,1,s,0,1,0,0,0,s,8,0,0,6,s,s,s,0,0,d,s,9,s,4,14,5,d,0,1,8,3
I69,11,0,2,0,0,0,0,0,0,0,0,0,6,8,7,s,0,0,0,1,0,0,4,0,5,39,0,1,8,0
I70,11,0,2,0,0,0,0,0,0,0,0,0,6,8,7,s,0,0,0,1,0,0,4,0,5,39,0,1,8,0
I71,11,0,2,0,0,0,0,0,0,0,0,0,6,8,7,s,0,0,0,1,0,0,4,0,5,39,0,1,8,0
I72,11,0,2,0,0,0,0,0,10,0,0,0,6,8,7,s,0,0,0,1,0,0,4,0,5,39,0,1,8,7
I73,11,0,2,0,s,0,11,0,10,0,0,0,6,8,7,s,0,0,0,1,0,3,4,0,5,39,0,1,8,7
I74,11,0,2,0,s,0,11,0,10,0,0,0,6,8,7,s,0,0,0,1,0,3,4,0,5,39,2,1,8,7
1287,11,0,2,1,s,0,d,0,10,13,0,0,6,8,7,s,0,0,0,1,0,3,4,0,5,d,2,1,8,7
1286,11,d,2,0,s,0,11,0,10,0,0,d,6,8,7,s,d,0,0,d,0,3,4,0,5,39,2,d,8,7
1151,s,0,2,0,s,15,11,0,d,0,0,0,6,8,7,s,0,12,d,1,0,d,d,0,5,39,0,1,d,7
I76,11,1,2,0,0,0,0,0,10,0,0,0,6,8,7,s,0,0,0,1,0,0,4,0,5,39,0,1,8,7
1159,11,1,2,2,0,0,0,0,10,0,0,0,6,8,7,s,d,d,0,1,0,0,4,4,5,39,0,1,8,d
1253,d,1,d,0,0,0,d,0,10,0,0,0,6,8,d,s,0,0,0,1,0,d,4,0,d,39,0,d,8,d
I79,11,s,2,0,0,0,0,0,0,0,0,0,6,8,7,s,0,0,0,1,0,0,4,17,5,39,0,1,8,0
I80,11,s,2,0,0,0,0,35,0,0,0,0,6,8,7,s,26,0,0,1,0,0,4,17,5,39,0,1,8,0
1342,11,s,2,d,0,10,0,d,0,0,1,0,6,8,7,s,26,0,0,1,s,0,4,17,d,39,0,1,8,0
1718,11,s,2,0,0,0,5,35,0,0,0,0,6,d,7,s,26,0,5,1,d,3,4,17,5,39,d,1,8,0
2028,11,s,d,1,0,8,0,30,0,0,0,0,6,8,d,s,d,0,0,1,16,d,4,17,5,39,0,d,8,0
I87,11,0,2,0,0,0,0,0,0,0,0,0,6,8,7,s,0,0,0,1,0,0,4,8,5,39,0,1,8,0
I88,11,0,2,0,0,0,0,0,0,0,0,0,6,8,7,s,0,0,0,1,15,0,4,8,5,39,0,1,8,0
I89,11,0,2,1,0,0,7,0,0,0,0,0,6,8,7,s,0,0,0,1,15,1,4,8,5,39,0,1,8,0
I90,11,0,2,1,0,0,7,4,6,0,0,0,6,8,7,s,0,0,0,1,15,1,4,8,5,39,0,1,8,0
1191,d,0,2,1,0,0,7,d,6,0,0,d,6,d,7,s,0,0,11,d,15,1,d,8,5,39,0,1,8,0
1190,11,0,2,d,0,d,d,4,6,0,0,0,6,8,7,s,0,0,0,1,15,1,4,8,5,39,0,1,8,0
1298,11,1,2,1,1,0,7,d,21,0,0,d,d,8,d,s,14,0,13,d,15,1,4,8,5,39,0,1,8,0
I92,11,0,2,0,0,0,0,s,0,0,0,41,6,8,7,s,0,0,0,1,15,0,4,8,5,39,0,1,8,0
1263,11,0,2,d,d,d,0,s,d,0,0,41,d,8,7,s,0,0,d,d,15,0,4,8,5,39,0,1,8,0
1376,11,d,2,0,0,d,0,s,0,0,0,41,6,8,7,s,0,8,0,1,15,0,4,d,5,d,0,1,8,0
I95,11,0,2,0,0,0,7,0,0,0,0,0,6,8,7,s,0,0,23,1,0,0,4,8,5,39,0,1,8,0
I96,11,0,2,0,0,0,7,0,0,0,0,0,6,8,7,s,0,0,23,1,0,0,4,8,5,39,0,1,8,0
1250,11,0,2,d,0,0,7,0,0,0,d,0,6,8,7,s,0,0,23,1,0,0,4,8,5,39,2,1,8,0
1078,11,d,2,d,0,d,7,0,0,0,0,8,6,8,d,s,0,14,d,1,d,0,4,8,5,39,0,1,8,0
I99,11,0,2,0,0,0,7,0,0,0,1,0,6,8,7,s,0,0,23,1,0,3,4,8,5,39,0,1,8,0
1172,s,0,2,d,0,13,7,0,33,0,1,d,6,8,7,s,0,d,23,1,d,d,4,8,5,39,0,1,8,d
I101,11,0,2,0,1,0,7,3,33,0,1,0,6,8,7,s,0,0,23,1,0,3,4,8,5,39,0,1,8,0
1407,11,0,2,0,1,0,d,3,33,d,d,d,6,8,7,s,0,d,23,1,0,d,4,8,5,39,0,d,8,0
1406,11,1,2,0,1,0,7,3,33,0,1,d,6,d,7,s,0,0,d,1,0,3,4,8,5,39,0,1,8,0
I102,11,0,2,0,0,0,7,0,0,0,0,0,6,8,7,s,0,0,20,1,0,0,4,0,5,39,0,1,8,0
I103,11,0,2,0,0,2,7,0,0,0,0,0,6,8,7,s,0,0,20,1,0,0,4,0,5,39,0,1,8,0
I104,11,0,2,0,0,2,7,s,0,0,0,0,6,8,7,s,0,0,20,1,0,0,4,0,5,39,0,1,8,0
I106,11,0,2,0,0,2,7,s,0,0,0,0,6,8,7,s,0,0,20,1,14,0,4,0,5,39,0,1,8,0
1007,11,1,2,0,0,2,7,s,0,0,0,0,6,8,7,s,0,0,20,1,14,3,4,0,5,d,0,1,8,0
1972,11,1,d,0,0,2,7,s,0,d,0,0,6,8,7,s,0,d,20,1,14,0,4,0,5,d,0,1,8,0
I109,11,0,2,1,0,2,7,s,0,0,0,0,6,8,7,s,0,0,20,1,0,0,4,0,5,39,0,1,8,0
I110,11,0,2,1,0,2,7,s,0,14,0,21,6,8,s,s,0,0,20,1,0,0,4,0,5,39,0,1,8,0
I111,11,1,2,1,0,2,7,s,21,14,0,21,6,8,s,s,0,0,20,1,0,0,4,0,5,39,0,1,8,7
1867,11,1,2,1,0,2,7,s,21,14,d,21,6,8,s,s,d,0,d,1,0,0,4,0,5,39,0,1,d,7
1866,11,1,2,1,d,2,7,s,21,14,0,21,d,8,s,s,0,0,20,1,0,0,4,0,5,39,0,1,8,7
I112,11,0,2,1,0,2,7,s,0,14,0,21,6,8,s,s,0,0,20,1,0,0,4,6,5,39,2,1,8,s
1885,11,0,2,1,0,2,7,s,0,14,0,d,6,8,s,s,0,0,20,1,d,d,4,6,5,39,2,1,8,s
1884,11,0,d,1,d,d,d,s,0,14,0,21,6,8,s,s,0,0,20,1,0,0,4,6,5,39,2,1,8,s
2030,11,s,d,1,0,2,7,s,0,0,d,0,6,s,7,s,0,0,20,1,0,0,4,0,d,39,1,1,8,d
I120,11,1,2,0,0,2,7,s,0,23,1,0,6,8,7,s,0,13,20,1,0,0,4,0,5,39,0,1,8,0
I121,11,1,2,0,0,2,7,s,0,23,1,0,6,8,7,s,0,13,20,1,0,0,4,0,5,39,0,1,8,0
1023,11,1,2,0,0,2,7,s,0,23,1,d,6,8,7,s,0,d,20,1,0,0,4,0,5,39,0,1,8,d
1022,11,1,2,0,d,2,7,s,0,23,1,36,6,8,7,s,0,13,20,1,0,d,4,0,5,39,0,1,8,0
1964,11,1,2,0,0,2,7,s,0,23,1,0,6,8,7,s,0,13,20,1,3,0,4,0,5,d,0,d,8,d
I124,11,0,2,0,0,0,7,0,0,0,0,0,6,8,7,s,9,0,20,1,15,0,4,0,5,39,0,1,8,0
I125,11,0,2,0,0,8,7,0,0,0,0,0,6,8,7,s,9,0,20,1,15,0,4,0,5,39,0,1,8,0
1301,d,0,2,0,d,8,7,0,0,0,1,s,6,8,7,s,9,0,20,1,d,0,4,15,5,39,0,1,8,0
1727,11,0,d,0,d,8,7,d,27,0,1,0,6,8,7,s,9,d,20,1,15,d,4,21,5,39,2,1,8,0
I132,11,0,2,0,0,0,7,0,0,0,0,0,6,8,7,s,9,0,20,1,15,0,4,0,5,39,0,1,8,0
I133,11,0,2,0,0,0,7,0,0,0,1,0,6,8,7,s,9,0,20,1,15,0,4,0,5,39,0,1,8,0
1094,11,0,2,1,0,0,7,0,0,d,1,39,6,8,7,s,9,d,20,1,15,0,d,0,5,39,0,1,8,d
1045,11,0,s,1,0,0,7,0,0,2,1,0,d,8,d,s,9,s,20,1,15,0,4,0,s,39,0,1,8,0
I138,11,0,2,0,0,0,7,0,39,0,0,0,6,8,7,s,9,0,20,1,15,0,4,0,5,39,0,1,8,0
1081,11,0,2,0,0,0,7,0,39,0,d,0,6,8,7,s,9,0,20,1,d,s,4,0,5,d,0,1,8,0
1080,11,1,2,0,0,0,7,20,39,0,0,0,d,8,7,s,9,0,20,1,15,0,4,0,5,39,0,1,8,0
I139,0,0,2,1,0,0,0,0,0,0,0,0,6,0,7,s,0,0,0,1,0,3,4,45,5,39,0,1,8,0
I140,0,0,2,1,0,0,0,0,0,0,0,0,6,0,7,s,0,0,0,1,0,3,4,45,5,39,2,1,8,0
I141,0,0,2,1,0,0,0,0,0,0,0,0,6,3,7,s,0,0,0,1,0,3,4,45,5,39,2,1,8,0
I142,0,0,2,1,0,0,0,0,0,0,0,0,6,3,7,s,0,0,0,1,0,3,4,45,5,39,2,1,8,0
I143,0,0,2,1,2,0,0,37,17,0,0,0,6,3,7,s,16,0,0,1,0,3,4,45,5,39,2,1,8,0
I145,0,0,2,1,2,0,0,37,17,0,1,0,6,3,7,s,16,0,0,1,0,3,4,45,5,39,2,1,8,0
1763,d,0,2,1,2,0,0,s,17,0,1,d,6,3,7,s,16,0,d,1,0,3,4,45,5,39,d,1,8,0
1762,0,0,d,1,2,0,0,37,17,0,1,0,6,3,7,s,16,0,0,1,d,3,4,45,5,d,2,1,8,d
1804,0,0,2,1,2,d,0,37,d,0,0,0,6,d,7,s,16,0,0,1,0,d,4,45,5,39,2,1,8,0
I151,0,0,2,1,0,0,0,0,0,18,0,0,6,3,7,s,0,14,0,1,0,3,4,45,5,39,2,1,8,0
1746,7,0,2,d,0,0,d,0,0,18,0,0,6,3,7,s,10,14,0,1,0,3,d,45,5,39,2,1,8,2
988,0,0,2,1,0,0,0,0,0,18,0,0,6,3,7,s,0,d,0,1,0,3,4,45,5,d,2,1,8,0
I154,0,0,2,1,0,0,0,0,0,0,0,0,6,3,7,s,0,0,0,1,0,3,4,45,5,39,2,1,8,0
I155,0,0,2,1,0,0,0,0,0,0,s,0,6,3,7,s,0,0,0,1,0,3,4,45,5,39,2,1,8,0
I156,3,0,2,1,0,0,0,0,0,0,s,0,6,3,7,s,0,0,0,1,0,3,4,45,5,39,2,1,8,0
I157,3,0,2,1,0,0,0,0,0,0,s,0,6,3,7,s,0,0,0,1,0,3,4,45,5,39,2,1,8,0
1743,3,0,2,1,0,0,0,0,0,d,s,0,d,3,7,s,0,0,d,1,0,d,4,45,5,39,2,1,d,0
1742,d,0,2,1,0,0,0,0,0,0,s,0,6,d,7,s,0,13,0,1,0,3,4,45,d,39,2,1,d,0
976,3,0,2,d,1,0,0,0,0,14,s,17,6,3,d,s,d,d,0,1,0,3,4,45,5,d,2,1,8,d
1724,0,0,2,1,0,0,0,0,0,0,s,0,6,3,7,s,0,0,0,1,0,3,d,45,5,39,2,1,8,0
I161,0,0,2,1,0,12,0,0,0,4,0,0,6,3,7,s,0,0,0,1,0,3,4,45,5,39,2,1,8,0
I162,7,0,2,1,0,12,0,0,0,4,0,0,6,3,7,s,10,0,0,1,0,3,4,45,5,39,2,1,8,0
I163,7,0,2,1,0,12,0,0,9,4,0,0,6,3,7,s,10,0,19,1,0,3,4,45,5,39,2,1,8,0
1365,7,0,2,1,0,12,0,0,d,4,0,0,6,3,7,s,10,0,19,1,0,3,4,d,5,39,2,1,8,0
1364,7,0,2,1,d,12,0,0,9,d,0,0,6,3,7,s,10,0,d,1,0,d,d,45,5,39,2,1,8,0
I164,7,0,2,1,0,12,0,0,0,4,0,0,6,3,7,s,10,14,0,1,0,3,4,45,5,39,2,1,8,0
1669,7,0,2,d,0,12,0,0,0,4,d,d,6,3,7,s,d,14,0,d,0,3,4,45,5,39,2,1,8,d
1668,7,0,2,1,0,12,0,0,0,4,0,0,6,3,7,s,10,14,0,1,0,3,4,d,5,39,2,1,8,0
I165,0,0,2,1,0,12,0,20,0,4,0,0,6,3,7,s,0,0,0,1,0,3,4,45,5,39,2,1,8,0
I166,0,1,2,1,0,12,0,20,0,4,0,7,6,3,7,s,8,0,0,1,0,3,4,45,5,39,s,1,8,0
1903,0,1,2,d,d,12,0,20,0,4,0,7,6,3,d,s,d,0,0,1,0,3,4,45,5,39,s,1,8,0
1902,0,1,2,1,0,12,d,d,d,4,0,d,6,3,7,s,8,d,d,d,d,3,4,d,5,39,s,1,d,0
1666,d,0,2,1,0,12,d,20,0,4,0,0,6,3,d,s,0,0,0,1,0,3,4,45,5,39,2,1,s,0
I168,0,0,2,1,0,0,0,0,0,0,0,0,6,0,7,s,27,16,0,1,0,3,4,45,5,39,2,1,8,0
I169,0,0,2,1,0,s,0,0,0,0,0,0,6,0,7,s,27,16,0,1,0,3,4,45,5,39,2,1,8,0
1887,0,0,2,d,0,s,0,0,34,0,1,0,6,0,7,s,27,16,d,1,d,3,4,45,5,39,2,1,8,3
1878,0,0,2,1,0,s,0,d,s,d,0,d,6,0,7,s,d,d,5,1,0,3,s,45,5,d,2,1,8,0
I183,0,0,2,1,0,10,0,0,0,0,0,42,6,0,7,s,27,16,0,1,0,3,4,45,5,39,2,1,8,0
I184,0,0,2,1,0,10,0,0,6,0,0,42,6,0,7,s,27,16,0,1,0,3,4,45,5,39,2,1,8,0
1714,17,0,2,1,0,10,s,0,6,0,1,42,6,0,7,s,27,16,0,1,0,3,d,45,5,39,2,1,d,0
1786,0,d,2,1,s,10,0,0,6,0,0,42,6,0,7,s,d,16,0,1,0,3,4,45,5,39,2,1,8,d
I191,0,0,2,1,0,10,0,0,0,0,0,42,6,0,7,s,27,16,20,1,0,3,4,45,5,39,2,1,8,0
I192,0,0,2,1,0,10,0,0,s,0,0,42,6,0,7,s,27,16,20,1,0,3,4,45,5,39,2,1,8,0
1793,0,0,2,d,d,d,d,0,s,0,0,42,6,0,7,s,27,d,20,1,0,3,4,45,d,39,2,1,8,d
I194,0,0,2,1,0,10,0,0,s,0,0,42,6,0,s,s,27,16,20,1,15,3,4,45,5,39,2,1,8,0
1545,0,0,2,1,0,10,0,0,s,0,d,42,6,d,s,s,27,16,d,1,15,3,4,45,5,d,2,d,8,d
1544,0,0,2,1,1,10,0,0,s,0,0,42,6,0,s,s,27,16,20,1,15,3,4,45,5,39,2,1,8,0
I195,0,0,s,1,1,10,0,0,0,0,0,42,6,0,7,s,27,16,20,1,4,3,4,45,5,39,2,1,8,0
I196,0,0,s,1,s,10,0,0,0,0,0,42,s,0,7,s,27,16,20,1,4,3,4,45,5,39,2,1,8,0
1537,0,0,s,1,s,10,0,0,0,0,0,42,s,0,7,s,27,16,20,d,4,3,4,d,5,39,s,1,8,0
1536,0,d,s,1,s,10,0,0,0,0,0,d,s,0,d,s,27,d,20,d,4,3,4,45,5,39,2,1,8,d
1373,0,0,s,d,1,10,7,5,23,0,s,42,6,0,7,s,27,16,d,1,4,3,4,45,5,39,2,d,8,0
I198,0,0,2,1,0,0,0,0,0,0,0,0,6,0,7,s,0,0,0,s,16,s,4,45,5,39,2,1,8,0
I199,0,0,2,1,0,0,0,0,0,0,0,0,6,0,7,s,14,14,0,s,16,s,4,45,5,39,2,1,8,0
I200,0,0,2,1,0,0,0,0,0,0,1,0,6,0,7,s,14,14,0,s,16,s,4,45,5,39,2,1,8,0
I201,0,0,2,1,0,0,7,0,0,0,1,0,6,0,7,s,14,14,0,s,16,s,4,45,5,39,2,1,8,0
1042,0,0,d,d,0,d,7,0,0,d,1,0,d,7,7,s,d,14,0,s,16,s,4,45,5,39,d,1,8,0
I204,7,1,2,1,0,0,7,0,0,s,1,0,6,0,7,s,14,14,0,s,16,s,4,45,5,39,2,s,8,0
2037,7,d,2,1,0,0,7,0,d,s,1,0,6,0,7,s,14,d,d,s,16,s,4,45,5,39,2,s,8,0
2036,7,1,2,d,0,0,7,0,0,s,1,0,6,0,7,s,14,14,0,s,d,s,4,45,5,39,2,s,8,0
I207,0,0,2,1,0,s,0,0,0,0,1,0,6,0,7,s,14,14,0,s,16,s,4,45,5,39,2,1,8,2
1921,0,0,2,1,0,s,0,0,d,0,d,0,6,0,7,s,14,14,0,s,16,s,4,45,5,39,2,d,8,d
1920,0,0,2,1,0,s,0,0,0,0,1,0,6,0,7,s,d,14,0,s,16,s,4,45,5,39,2,1,8,2
I210,0,0,2,1,0,0,0,0,0,0,0,0,6,0,7,s,14,14,0,s,16,s,4,45,5,39,2,1,8,0
I211,s,0,2,1,0,0,0,0,0,0,0,0,6,0,7,s,14,14,12,s,16,s,4,45,5,39,2,1,8,0
I212,s,0,2,1,3,0,0,0,0,0,0,0,6,0,7,s,14,14,12,s,16,s,4,45,5,39,2,1,8,0
1041,s,0,2,d,d,0,7,0,13,0,0,8,6,0,7,s,14,d,12,s,16,s,4,d,5,39,2,1,8,d
1040,s,1,2,1,3,0,0,0,0,d,0,0,6,0,s,s,14,14,12,s,16,s,4,45,5,39,d,1,8,0
2012,s,1,2,1,0,10,0,0,18,13,1,0,6,0,7,s,d,14,d,s,16,s,4,45,5,39,2,1,8,d
I216,0,0,2,1,0,0,0,5,0,0,0,0,6,0,7,s,14,14,0,s,16,s,4,45,5,39,2,1,8,0
I217,0,0,2,1,0,0,0,5,0,0,1,0,6,s,7,s,14,14,0,s,16,s,4,45,5,39,2,1,8,0
I218,0,0,2,1,0,3,0,5,0,0,1,28,6,s,7,s,14,14,0,s,16,s,4,45,5,39,2,1,8,0
1649,0,0,d,1,0,3,0,5,0,0,1,s,6,s,7,s,d,14,0,s,16,s,4,45,5,39,2,1,8,0
1648,0,0,2,d,0,3,7,5,0,0,1,28,6,s,7,s,14,14,d,s,16,s,4,45,5,d,2,1,8,0
1984,0,d,2,1,0,8,0,5,0,14,1,0,6,s,7,s,14,14,0,s,d,s,4,45,5,39,2,1,8,0
I220,0,0,2,1,0,0,0,5,0,0,0,0,6,2,7,s,14,14,0,s,16,s,4,45,5,39,2,1,8,0
1582,0,0,2,1,0,0,0,5,0,d,0,0,d,2,7,s,14,14,0,s,16,s,4,45,5,39,2,d,8,0
1427,0,0,2,d,0,0,0,5,d,0,0,d,6,d,7,s,14,14,0,s,16,s,4,45,5,39,s,1,8,0
I223,0,0,2,1,0,0,0,4,0,4,0,0,6,0,7,s,0,0,0,s,16,s,4,45,5,39,2,1,8,0
I224,0,0,2,1,0,0,0,4,0,4,s,27,6,0,7,s,0,0,0,s,16,s,4,45,5,39,2,1,8,0
I231,0,1,2,1,0,0,0,4,0,4,s,27,6,0,7,s,0,0,0,s,16,s,4,45,5,39,2,1,8,2
1661,0,1,2,1,0,0,0,d,0,4,s,27,6,0,7,s,0,d,0,s,16,s,d,45,5,39,2,1,8,2
1660,0,1,2,1,0,0,0,4,0,4,s,27,d,0,7,s,0,0,0,s,16,s,d,45,d,39,d,1,d,2
I232,0,0,2,1,0,22,0,4,25,4,s,27,6,0,7,s,0,0,0,s,16,s,4,45,5,39,2,1,8,7
I233,0,0,2,s,0,22,0,4,25,4,s,27,6,0,7,s,0,0,0,s,16,s,4,45,5,39,2,1,8,7
I234,0,0,2,s,0,22,0,4,25,4,s,27,6,5,7,s,0,0,0,s,16,s,4,45,5,39,2,1,8,7
1487,0,d,d,s,0,22,0,4,25,d,s,27,6,d,7,s,0,8,0,s,16,s,d,45,5,39,2,1,8,7
1486,0,0,2,s,0,22,0,4,25,d,s,27,6,5,7,s,0,0,0,s,16,s,4,45,5,39,d,1,8,7
I235,0,0,2,s,0,22,0,4,25,4,s,27,6,2,7,s,0,0,0,s,16,s,4,45,5,39,2,1,8,7
1563,0,d,d,s,0,22,d,4,25,4,s,27,6,2,7,s,0,0,0,s,16,s,4,d,5,39,2,1,8,7
1562,0,0,2,s,0,22,0,4,25,4,s,27,6,d,7,s,0,0,0,s,16,s,4,d,5,39,2,1,d,7
I236,0,1,2,1,0,22,0,4,25,4,s,27,6,0,7,s,0,0,0,s,16,s,4,45,5,39,2,1,8,7
I237,0,1,2,1,0,22,0,4,25,4,s,27,6,0,7,s,0,0,0,s,16,s,4,45,5,39,2,1,8,7
1625,d,d,2,1,0,22,0,d,25,4,s,27,6,0,7,s,0,0,0,s,d,s,4,d,d,39,2,1,8,7
1624,0,1,2,1,0,22,0,s,25,d,s,27,6,0,d,s,0,0,0,s,16,s,d,d,d,39,2,1,8,7
1441,0,d,2,1,0,22,0,4,d,4,s,27,6,0,d,s,s,0,0,s,16,s,4,45,d,39,2,1,8,7
I239,0,1,2,1,0,0,0,4,0,4,0,0,6,0,7,s,0,0,0,s,16,s,4,45,5,39,2,1,8,3
I240,0,1,2,1,0,0,0,4,0,4,0,0,6,0,7,s,0,0,0,s,16,s,4,45,5,39,2,1,8,3
I241,0,1,2,1,1,0,0,4,0,4,0,0,6,0,7,s,0,0,0,s,16,s,4,45,5,39,2,1,8,3
I242,0,1,2,1,1,0,0,4,0,4,0,0,6,0,7,s,0,0,0,s,16,s,4,45,5,39,2,1,8,3
1951,d,1,2,1,1,0,0,4,d,d,0,0,6,0,7,s,0,0,0,s,16,s,4,45,5,39,2,1,d,d
1950,0,1,2,1,1,0,d,d,0,4,0,0,6,0,7,s,0,0,0,s,16,s,4,45,5,d,2,1,8,3
I243,0,1,2,1,1,0,0,4,0,4,0,0,6,0,7,s,0,0,0,s,16,s,4,45,5,39,2,1,8,3
1797,d,1,2,1,1,0,0,4,0,d,0,0,6,0,7,s,0,0,0,s,16,s,4,45,5,d,2,1,8,3
1796,0,1,2,1,1,0,0,4,0,4,0,0,6,0,7,s,s,0,0,s,16,s,d,45,5,d,2,1,8,3
I244,0,1,2,1,0,0,0,4,0,4,0,0,6,0,7,s,0,6,0,s,16,s,4,45,5,39,2,1,8,3
985,0,1,2,1,0,0,0,4,0,d,0,0,6,0,7,s,d,d,0,s,16,s,4,45,5,39,2,1,8,d
2033,0,d,2,1,0,0,0,4,0,4,0,0,6,0,7,s,0,s,d,s,16,s,d,45,5,39,d,1,8,3
I250,2,1,2,1,0,0,0,4,0,4,1,0,6,0,7,s,0,0,11,s,16,s,4,45,5,39,2,1,8,3
1997,2,1,2,1,d,d,d,4,0,4,1,0,d,0,7,s,0,0,11,s,16,s,4,45,5,39,d,1,8,3
1996,2,d,2,1,0,0,0,4,0,4,1,0,6,0,7,s,0,0,11,s,16,s,4,d,5,39,2,1,8,3
I251,0,0,0,0,0,0,0,0,0,0,0,38,0,0,7,9,0,0,s,1,0,0,0,0,7,39,0,0,8,0
I252,0,0,0,0,0,0,14,0,0,0,0,38,s,0,7,9,0,0,s,1,0,3,0,0,7,39,0,0,8,0
I253,0,0,0,0,0,0,14,0,0,0,0,38,s,0,7,9,0,0,s,1,0,3,4,0,7,39,0,0,8,7
I254,0,0,0,0,0,0,s,0,0,0,0,38,s,5,7,9,0,0,s,1,0,3,4,25,7,39,0,0,8,7
I255,0,0,0,0,0,0,s,0,0,0,0,38,s,5,7,9,0,0,s,1,0,3,4,25,7,39,0,0,8,7
I256,0,0,0,0,0,0,s,0,4,0,0,38,s,5,7,9,0,4,s,1,11,3,4,25,7,39,0,0,s,7
I257,0,0,0,5,1,0,s,0,4,0,0,38,s,5,7,9,0,4,s,1,11,3,4,25,7,39,0,0,s,7
1222,0,0,0,5,1,0,s,4,4,0,0,38,s,5,7,d,d,4,s,1,11,3,4,25,7,39,0,0,s,d
1379,0,0,0,5,1,0,s,d,4,s,0,38,s,5,d,9,0,4,s,1,d,d,4,25,7,39,0,0,s,7
I260,0,0,0,0,0,0,s,0,4,0,0,38,s,5,7,9,0,4,s,1,11,3,4,25,7,39,0,0,s,7
I261,0,0,0,0,0,0,s,0,4,0,0,38,s,5,7,9,0,4,s,1,11,3,4,25,7,39,0,0,s,7
1069,d,0,3,0,0,0,s,0,4,d,0,38,s,5,7,9,0,4,s,1,11,3,4,d,7,39,0,0,s,7
1068,0,0,0,0,0,0,s,0,4,7,0,38,s,5,7,9,0,d,s,1,11,3,4,25,7,39,d,0,s,7
1358,d,0,3,d,0,0,s,0,4,0,1,38,s,5,7,9,d,4,s,1,11,d,4,25,s,39,0,0,s,s
I263,0,0,1,0,0,0,s,0,0,0,0,38,s,5,7,9,0,0,s,1,0,3,4,25,7,39,0,0,8,7
1255,d,0,1,0,0,0,s,0,0,d,d,38,s,d,7,9,0,14,s,1,0,3,4,25,7,39,0,0,d,d
I267,0,1,1,0,0,0,s,0,0,0,0,38,s,5,7,9,0,0,s,1,0,3,4,25,7,39,0,0,8,7
I268,0,1,1,0,0,0,s,0,0,0,0,38,s,5,7,9,0,0,s,1,0,3,4,25,7,39,0,0,8,7
1055,0,1,d,0,0,0,s,0,1,0,0,38,s,5,d,9,0,0,s,1,0,3,4,25,7,39,2,0,8,7
1054,0,1,1,0,0,0,s,0,0,0,0,38,s,5,7,d,0,0,s,1,d,3,d,25,7,39,0,0,8,7
1278,0,1,1,0,s,d,s,0,0,5,0,38,s,5,7,9,d,0,s,1,0,3,4,25,7,39,0,0,8,7
I270,0,0,0,1,1,0,s,0,0,0,0,38,s,5,7,9,0,0,s,1,0,3,4,25,7,39,0,0,8,7
I277,0,0,0,1,1,0,s,0,0,0,0,38,s,5,7,9,0,0,s,1,0,s,4,25,7,39,2,0,8,7
I278,0,0,0,1,1,0,s,0,0,0,0,38,s,5,7,9,0,0,s,1,0,s,4,25,7,39,2,0,s,7
1073,d,0,2,1,1,d,s,0,0,0,0,38,s,5,7,9,0,0,s,d,d,s,d,25,7,39,2,1,s,7
1072,0,0,0,1,1,0,s,13,d,0,0,38,s,5,7,9,d,14,s,1,0,s,4,25,7,39,2,0,s,7
1187,0,0,0,1,1,d,s,0,0,0,1,38,s,5,7,d,0,d,s,1,0,s,4,25,7,39,d,0,8,7
I280,0,0,0,1,1,12,s,0,0,2,0,38,s,5,7,9,0,0,s,1,0,3,4,25,7,39,0,0,8,7
I281,0,0,0,1,1,12,s,0,0,2,0,38,s,5,7,9,0,8,s,1,0,3,4,25,s,39,0,0,8,7
1318,0,0,0,1,1,12,s,0,0,2,1,38,s,5,7,9,0,d,s,1,0,3,4,d,s,d,2,0,8,7
1180,0,s,0,d,1,12,s,s,0,2,0,d,s,5,7,9,0,8,s,1,0,3,4,25,s,39,0,0,8,7
1475,0,d,2,d,1,12,s,0,0,2,d,38,s,5,7,9,0,0,s,1,8,3,4,25,7,39,0,1,8,7
I287,0,1,0,0,0,0,14,0,0,0,0,38,s,0,7,9,0,0,s,1,0,3,4,0,7,39,0,0,8,7
I288,0,s,0,0,0,0,14,0,4,0,0,38,s,0,7,9,0,4,s,1,0,3,4,0,7,39,0,0,8,7
I289,0,s,0,0,0,0,14,39,4,0,1,38,s,5,7,9,24,4,s,1,0,3,4,0,7,39,0,0,8,7
I290,0,s,0,0,1,0,14,39,4,8,1,38,s,5,s,9,24,4,s,1,0,3,4,0,7,39,0,0,8,7
I291,0,s,0,0,1,0,14,39,4,8,1,38,s,5,s,9,24,4,s,1,0,3,4,0,7,39,0,0,8,7
1145,0,s,3,0,1,0,14,39,4,8,1,38,s,5,s,9,24,4,s,d,0,3,4,0,7,39,0,0,8,7
1144,0,s,3,0,1,d,14,39,4,8,1,38,s,5,s,9,24,4,s,1,0,3,4,0,7,39,0,0,8,7
1488,0,s,0,0,1,2,14,39,4,d,1,38,s,5,s,9,24,4,s,d,d,3,4,0,7,39,2,0,8,7
1604,0,s,0,0,0,0,14,39,4,0,1,38,s,5,7,9,24,d,s,1,3,3,4,0,7,39,2,0,8,d
I296,0,s,0,0,0,0,14,0,4,0,0,38,s,0,7,9,0,4,s,1,0,3,4,0,7,39,0,0,8,7
1147,6,s,0,1,0,0,s,0,4,0,d,38,s,7,7,9,0,4,s,1,s,3,4,0,7,39,0,d,8,7
I300,0,s,0,0,0,0,14,0,4,0,0,38,s,0,7,9,0,4,s,1,0,3,4,0,7,39,0,0,8,7
1493,0,s,2,0,0,0,14,0,4,2,0,38,s,0,7,d,0,4,s,1,0,d,4,s,s,39,2,1,8,7
I302,0,s,0,0,0,0,14,0,4,0,0,38,s,0,7,9,0,4,s,1,0,3,4,0,7,39,0,0,8,7
1239,0,s,s,0,1,0,d,0,4,0,0,d,s,0,7,d,0,4,s,1,d,3,4,0,7,39,d,0,8,d
1238,0,s,2,0,0,0,14,0,d,d,0,38,s,0,7,9,0,4,s,1,0,3,d,d,7,39,0,d,8,7
I303,0,1,0,0,0,0,14,40,0,0,0,38,s,0,7,9,0,0,s,1,0,3,4,0,7,39,0,0,8,s
I304,0,1,0,0,s,s,14,40,0,0,0,38,s,0,7,9,0,0,s,1,0,3,4,0,7,39,0,0,8,s
I305,0,1,0,0,s,s,14,40,0,0,0,38,s,0,7,9,0,4,s,1,0,3,4,0,7,39,0,0,8,s
1798,0,1,0,0,s,s,14,40,0,14,0,d,s,0,7,9,0,4,s,1,d,3,d,0,7,39,0,0,d,s
1806,d,1,0,0,s,s,14,d,0,0,0,d,s,0,7,9,d,4,s,1,0,d,4,0,7,39,0,0,8,s
1841,0,1,d,0,s,s,14,s,0,0,1,38,s,0,7,d,0,13,s,1,0,3,4,0,7,39,1,0,8,s
I310,13,1,0,0,0,0,14,40,0,0,0,38,s,0,7,9,0,0,s,1,0,3,4,0,7,39,0,0,8,s
I311,13,1,0,0,0,0,14,40,0,0,0,38,s,0,7,9,0,0,s,1,0,3,4,0,7,39,0,0,8,s
I312,13,1,0,s,0,0,14,40,0,0,1,s,s,7,7,9,0,0,s,1,0,3,4,0,7,39,0,0,8,s
1745,13,1,0,s,0,0,14,40,d,0,d,s,s,7,7,9,d,0,s,1,0,3,4,0,7,d,0,0,d,s
1744,13,1,d,s,0,0,14,40,0,0,d,s,s,7,d,9,0,d,s,1,0,3,d,0,7,39,0,0,8,s
1369,13,1,0,0,d,0,14,40,0,0,0,38,s,s,7,9,0,13,s,1,0,3,4,0,7,39,0,0,8,s
1783,d,1,0,0,d,0,d,s,21,5,0,38,s,0,7,9,0,s,s,d,0,3,d,0,7,39,2,0,8,s
I317,0,0,0,1,0,0,14,30,0,0,0,38,s,0,7,9,0,0,s,1,0,3,0,0,7,39,0,0,8,0
I318,0,0,0,1,1,0,14,30,0,0,0,38,s,0,7,9,0,9,s,1,0,3,0,0,7,39,0,0,8,0
I319,0,0,0,1,1,0,14,30,0,0,0,38,s,0,7,9,0,9,s,1,0,3,0,0,7,39,0,0,8,0
I320,0,0,0,1,1,0,14,30,0,0,0,38,s,0,7,9,0,9,s,1,0,3,0,0,7,39,0,0,8,0
1374,0,1,d,1,d,0,d,30,0,0,0,38,s,19,7,9,0,9,s,1,d,3,0,0,d,39,2,0,8,0
1428,0,0,d,1,1,0,s,30,s,0,d,38,s,0,s,9,0,9,s,d,12,3,0,20,7,39,0,0,8,0
I327,0,0,0,1,1,0,14,30,0,0,0,38,s,0,7,s,0,9,s,1,0,3,0,33,7,39,0,0,8,0
I328,0,0,2,1,1,0,14,30,0,0,0,38,s,0,7,s,0,9,s,1,0,3,0,33,7,39,0,0,8,7
1129,d,1,2,1,1,0,d,d,d,d,0,38,s,0,7,s,26,9,s,d,0,3,0,33,7,39,0,0,8,7
I330,0,0,2,1,1,0,14,30,0,0,0,38,s,0,7,s,0,9,s,1,s,3,0,33,7,39,0,0,8,7
1293,d,0,2,d,1,8,14,30,0,0,d,38,s,0,7,s,0,9,s,1,s,3,0,33,7,39,d,0,8,7
1292,0,0,2,1,1,0,14,30,0,0,0,38,s,0,d,s,0,9,s,d,s,d,0,33,7,39,0,1,8,7
I331,0,0,0,1,1,0,14,30,21,0,0,38,s,0,7,s,0,9,s,1,0,3,0,33,7,39,0,0,8,0
1141,0,d,d,1,d,d,14,d,d,0,0,d,s,14,7,s,0,s,s,1,0,3,0,33,7,39,0,0,8,3
1538,0,d,0,1,d,0,14,30,21,s,0,38,s,0,7,s,d,9,s,1,0,3,4,33,7,39,0,0,8,0
I334,17,0,0,1,1,0,14,30,7,5,0,38,s,0,7,9,0,9,s,1,2,3,1,0,7,39,0,0,8,0
I335,17,0,0,1,1,0,14,30,7,5,0,38,s,0,7,9,0,9,s,1,2,3,1,0,7,39,0,1,8,0
I337,s,1,0,1,1,0,14,s,7,5,0,38,s,8,7,9,0,9,s,1,2,3,1,3,7,39,0,1,8,0
1977,s,1,0,1,1,0,14,s,7,5,d,38,s,8,d,9,0,9,s,1,2,3,1,3,7,39,0,d,8,0
1976,s,1,0,1,1,0,14,s,7,5,0,38,s,8,7,9,0,9,s,d,2,3,1,3,7,39,0,d,8,0
1898,d,0,0,1,1,0,14,30,7,s,1,38,s,s,7,9,0,9,s,1,2,3,d,d,7,39,0,1,8,0
I342,17,0,0,1,1,0,14,30,7,5,0,38,s,0,7,9,0,9,s,1,2,3,1,0,7,39,s,0,8,0
1695,17,0,0,1,1,s,d,30,7,5,0,38,s,d,d,9,s,d,s,d,2,3,1,0,7,39,s,1,8,0
I346,17,0,0,1,1,0,14,30,7,5,0,38,s,0,7,9,0,9,s,1,2,3,1,0,7,39,s,0,8,0
I347,17,0,0,1,1,0,14,30,7,5,0,38,s,0,7,9,0,9,s,1,2,3,1,47,7,39,s,0,8,0
1937,17,0,0,1,1,0,14,30,7,5,0,d,s,0,7,d,0,d,s,1,2,3,1,47,7,39,s,0,8,0
1936,17,0,0,1,1,0,d,30,7,5,0,d,s,0,7,9,0,9,s,1,2,3,1,47,7,d,s,0,d,0
I348,17,0,0,1,1,0,14,30,7,5,0,38,s,0,7,9,0,9,s,1,2,3,1,0,7,39,s,0,8,0
1499,17,0,0,1,d,0,d,30,d,5,0,38,s,0,7,9,0,d,s,1,2,d,1,0,7,39,s,0,8,0
1498,17,0,0,1,1,0,14,30,7,d,s,d,s,0,7,9,0,9,s,1,d,3,1,0,7,39,s,0,8,0
I349,0,0,0,1,0,0,14,30,0,0,0,38,s,0,7,9,0,0,s,1,0,3,0,0,7,39,0,0,8,0
I350,0,0,0,1,0,0,14,30,0,0,0,38,s,0,7,9,0,0,s,1,0,3,0,0,7,39,0,0,8,0
I351,8,0,0,1,4,0,14,30,0,0,0,38,s,0,7,9,0,14,s,1,0,3,0,0,7,39,0,0,8,0
I352,8,0,0,1,4,0,14,30,0,0,0,38,s,0,7,9,0,14,s,1,0,3,0,0,7,39,0,0,8,0
1713,8,0,s,1,4,d,14,30,0,0,0,38,s,0,7,9,s,14,s,s,0,3,0,0,7,39,0,0,8,0
1769,d,0,0,1,4,0,14,30,0,0,0,38,s,0,7,d,13,14,s,1,0,3,0,0,7,39,0,d,d,s
1685,8,1,2,1,d,d,d,30,0,0,s,38,s,0,7,9,0,14,s,1,0,3,d,0,7,39,0,1,8,5
I358,0,0,0,1,0,0,14,30,0,0,0,38,s,0,7,9,s,0,s,1,0,3,0,14,7,39,0,0,8,0
I359,0,0,0,1,0,0,14,30,0,0,0,38,s,10,7,9,s,0,s,1,0,3,0,14,7,39,0,0,8,0
I360,0,0,0,1,0,0,14,30,0,0,0,38,s,10,7,9,s,0,s,1,0,3,0,14,7,39,0,0,8,0
1167,0,0,s,d,0,0,14,30,0,0,0,38,s,10,d,d,s,0,s,1,0,3,d,14,7,39,0,0,8,0
1166,0,d,0,1,0,0,14,30,0,d,0,38,s,d,7,9,s,0,s,1,0,3,0,14,7,39,d,0,8,0
I361,0,0,0,1,0,0,14,30,0,0,0,38,s,10,7,9,s,0,s,1,0,3,4,14,7,39,0,0,8,7
1137,0,0,0,1,0,0,14,30,0,0,0,38,s,10,7,9,s,0,s,1,2,d,4,14,d,39,0,0,8,d
1136,d,d,0,1,0,0,14,30,0,0,0,38,s,d,7,9,s,0,s,1,s,3,4,14,7,39,0,0,8,7
1247,11,0,0,1,0,0,14,d,0,0,1,38,s,d,7,9,s,0,s,1,d,d,d,14,7,39,0,0,d,3
I365,0,0,0,1,0,0,14,30,0,0,0,38,s,0,7,9,0,0,s,1,0,3,4,0,7,39,2,0,8,0
I366,0,0,0,1,0,0,14,30,23,0,s,38,s,0,7,9,0,0,s,1,0,3,4,0,7,39,2,0,8,0
I369,0,0,0,1,1,0,14,30,23,0,s,38,s,0,7,9,0,0,s,1,15,3,4,0,7,39,2,0,8,0
1525,0,0,0,1,1,0,14,30,23,0,s,38,s,0,7,9,0,0,s,1,15,3,4,0,7,39,2,d,d,d
1524,0,0,0,1,1,0,14,30,23,0,s,d,s,0,7,9,d,0,s,1,15,3,4,0,7,39,2,0,8,0
1445,d,d,0,1,d,0,d,30,23,0,s,38,s,8,7,9,6,0,s,1,0,3,4,s,7,39,2,0,8,0
I373,0,1,0,1,0,0,14,30,0,0,0,38,s,0,7,9,0,0,s,1,0,3,4,0,7,39,2,1,s,0
I374,0,1,0,1,0,0,14,30,0,0,1,38,s,10,7,9,0,0,s,1,0,3,4,0,7,39,2,1,s,0
1347,0,1,2,1,0,0,14,30,0,0,1,38,s,10,d,9,0,0,s,1,0,3,4,47,7,39,2,1,s,0
1085,0,s,0,d,0,0,14,30,0,0,d,38,s,d,d,9,0,d,s,1,0,3,4,0,7,39,d,1,s,0
I377,0,1,0,1,0,0,s,30,0,0,0,38,s,17,7,9,0,4,s,1,3,3,4,0,7,39,2,1,s,0
I378,2,1,0,1,0,3,s,30,0,0,0,38,s,17,7,9,0,4,s,s,3,3,4,0,7,39,2,1,s,0
1391,2,d,0,1,0,d,s,30,0,0,0,38,s,d,7,9,d,4,s,s,3,d,4,0,7,39,2,1,s,0
1390,2,1,0,d,0,3,s,30,d,d,d,38,s,17,7,9,0,4,s,s,3,3,4,0,d,39,2,1,s,0
1076,0,1,0,1,0,0,s,30,d,0,0,38,s,d,7,9,0,4,s,d,3,3,4,0,7,39,2,1,s,0
I380,0,1,0,0,0,0,0,0,0,0,0,38,0,0,7,9,0,0,s,1,0,0,0,s,7,39,0,0,8,0
I381,0,1,0,0,0,0,15,0,0,2,0,38,0,0,7,9,0,0,s,1,0,0,0,s,7,39,0,0,8,0
I382,0,1,0,0,0,0,15,0,0,2,0,38,0,0,7,9,0,12,s,1,0,3,0,s,7,39,0,0,8,0
I383,0,1,0,0,0,0,15,0,0,2,0,38,0,18,7,9,0,12,s,s,0,3,0,s,7,39,0,0,8,0
I384,0,1,2,0,0,0,15,0,0,2,0,38,0,18,7,9,0,12,s,s,8,3,0,s,7,39,0,0,8,0
1566,s,d,2,1,0,0,15,0,s,2,0,38,6,18,7,9,s,s,s,s,8,3,0,s,s,39,0,0,8,d
I388,0,1,2,0,0,0,15,0,0,2,0,38,0,18,7,9,0,12,s,s,8,3,0,s,7,39,0,1,8,0
1791,s,1,2,0,0,0,15,0,s,2,0,38,d,18,7,9,0,12,s,s,8,3,s,s,7,d,d,1,8,0
1699,0,1,2,0,0,0,d,0,1,2,0,38,0,18,d,d,0,12,s,s,8,3,0,s,d,39,0,1,8,0
I391,0,1,0,0,1,4,15,0,0,2,0,38,0,18,7,9,0,12,s,s,0,3,0,s,7,39,0,0,8,0
I392,0,1,0,1,1,4,15,3,0,2,0,38,0,s,7,9,0,12,s,s,0,3,4,s,7,39,0,0,8,0
I393,0,1,0,1,1,4,15,3,0,2,0,38,0,s,7,9,0,12,s,s,0,3,4,s,7,39,2,0,8,0
1675,0,1,0,1,1,4,15,3,0,d,0,d,0,s,7,d,0,12,s,s,d,3,d,s,7,39,2,0,d,0
1674,0,1,0,d,1,4,15,3,0,2,0,38,0,s,7,9,0,12,s,s,d,3,d,s,7,39,2,d,d,0
1740,0,1,0,1,d,d,15,d,0,2,0,38,0,s,d,9,0,12,s,s,0,d,d,s,7,39,0,0,8,5
1711,d,d,2,0,1,d,15,24,26,s,d,38,0,18,7,d,0,12,s,s,4,3,4,s,7,39,2,0,8,0
I398,0,1,0,0,0,0,15,0,0,2,0,38,0,0,7,9,s,12,s,1,14,3,0,s,7,39,0,0,8,0
I399,0,1,0,0,0,0,15,4,38,2,0,38,0,0,7,9,s,12,s,1,14,3,0,s,7,39,0,0,8,0
I402,0,1,0,0,0,0,15,4,38,2,0,38,4,0,7,9,s,12,s,1,14,3,0,s,7,39,s,0,8,3
1895,d,1,0,0,0,0,15,4,38,2,0,38,d,0,7,9,s,12,s,d,14,3,0,s,d,39,s,0,8,3
1894,0,1,0,0,0,0,15,4,38,2,0,d,4,0,7,9,s,d,s,1,14,3,0,s,d,d,s,0,8,3
I403,0,1,0,0,0,0,15,4,38,2,0,38,0,0,7,9,s,12,s,1,14,3,0,s,7,39,0,0,8,0
1789,s,1,0,5,0,0,d,4,38,2,0,38,d,0,7,d,s,12,s,1,14,3,0,s,7,39,s,0,8,0
I405,0,1,0,0,0,0,15,4,38,2,0,38,0,0,7,9,s,12,s,1,14,3,0,s,7,39,0,0,8,0
1881,0,1,0,0,0,0,15,4,38,2,0,38,0,0,7,9,s,12,s,1,14,d,d,s,7,39,0,0,8,0
1880,0,1,0,0,0,0,d,d,38,2,0,38,0,0,7,9,s,12,s,1,14,3,d,s,7,39,0,0,8,0
I406,0,1,0,0,0,0,15,0,0,2,0,38,0,0,7,9,s,12,s,1,14,3,0,s,7,39,0,0,8,0
1901,d,1,0,1,0,d,15,0,0,2,0,38,0,10,7,s,s,12,s,1,14,d,0,s,d,39,0,1,8,0
I410,0,1,0,0,0,0,15,0,0,2,0,38,0,0,7,9,s,12,s,1,14,3,0,s,7,39,0,0,8,0
1829,0,1,0,0,0,0,15,6,d,2,0,38,0,0,7,9,s,12,s,1,14,3,0,s,7,39,0,d,8,0
1982,0,1,d,d,1,d,15,0,0,2,1,38,0,0,7,9,s,12,s,1,14,3,0,s,7,39,0,0,8,d
I413,0,1,0,0,0,0,15,0,0,2,0,38,0,0,7,9,0,0,s,1,0,0,0,s,7,39,0,0,8,0
I414,17,1,0,0,0,0,15,s,0,2,1,38,0,0,7,9,0,0,s,1,0,0,0,s,7,39,0,0,8,0
I415,17,1,0,0,0,0,15,s,0,2,1,38,0,0,7,9,29,0,s,1,0,0,0,s,7,39,0,0,8,0
I416,17,1,0,0,0,0,15,s,0,2,1,38,0,0,7,9,29,0,s,1,8,0,0,s,7,39,0,0,8,0
1331,17,s,3,0,d,4,d,s,0,2,1,38,0,0,7,9,29,0,s,1,d,0,0,s,7,39,2,0,d,d
1415,17,1,0,0,d,0,15,s,36,2,1,38,0,0,7,9,29,0,s,1,8,d,4,s,7,d,0,0,8,0
1285,17,d,2,0,0,d,15,s,0,d,d,d,0,d,7,d,29,0,s,d,0,7,0,s,7,d,0,1,8,0
I422,17,1,0,0,0,0,15,s,0,2,1,38,0,0,7,9,0,0,s,1,0,0,0,s,7,39,0,0,8,0
I423,17,1,0,0,0,0,15,s,0,2,1,38,0,0,7,9,0,0,s,1,18,0,0,s,7,39,0,0,8,0
1450,17,1,0,0,0,0,d,s,0,2,1,d,0,0,7,9,0,0,s,d,18,0,4,s,7,39,0,0,d,0
1209,17,1,3,0,d,0,15,s,6,2,1,38,s,0,7,9,0,0,s,d,18,0,4,s,7,s,0,0,8,0
I427,17,1,0,0,0,0,15,s,9,2,1,s,0,0,7,9,0,0,s,1,2,0,0,s,7,39,0,0,8,0
1157,17,1,0,0,0,0,15,s,9,2,1,s,0,0,7,9,0,d,s,1,2,0,0,s,7,39,d,0,8,0
1156,17,1,0,0,0,0,15,s,9,d,1,s,0,0,7,9,0,0,s,1,2,0,0,s,7,39,d,0,8,d
I429,0,1,0,0,0,0,15,0,0,2,0,38,0,0,7,9,0,s,s,1,0,0,0,s,7,39,0,0,8,0
I430,0,1,0,1,s,0,15,0,0,2,0,38,0,0,7,9,0,s,s,1,0,0,4,s,7,39,0,0,8,0
I432,0,1,3,1,s,0,15,0,0,2,0,38,0,0,7,9,0,s,s,1,14,0,4,s,7,39,0,0,8,2
1409,0,d,3,d,s,0,15,0,d,2,0,d,0,0,7,9,0,s,s,1,d,0,4,s,7,d,0,0,8,2
1408,0,d,d,1,s,0,15,0,0,2,0,38,0,0,7,d,0,s,s,d,14,0,4,s,7,39,d,0,8,2
1585,0,1,0,1,s,0,15,0,0,2,0,38,d,0,7,9,13,s,s,1,8,0,4,s,7,d,d,0,8,0
I437,0,1,2,0,0,0,15,0,0,2,0,38,0,0,7,9,0,s,s,1,0,0,0,s,7,39,2,0,s,0
I438,0,1,2,0,0,0,15,0,0,2,0,38,0,0,7,9,0,s,s,1,0,0,0,s,7,39,2,1,s,0
1528,0,1,2,0,0,0,15,0,0,2,0,d,6,0,7,9,0,s,s,1,d,0,0,s,7,d,2,1,s,0
1602,d,1,2,0,0,0,15,0,36,2,0,38,0,0,7,9,0,s,s,1,0,0,0,s,7,39,2,s,s,2
I441,0,1,2,0,0,0,15,3,0,2,1,38,0,0,7,9,0,s,s,1,0,0,0,s,7,39,2,0,s,0
1974,0,1,2,0,0,d,15,3,0,2,1,38,0,0,d,9,d,s,s,d,0,0,d,s,7,39,2,0,s,0
1543,0,1,2,0,0,d,15,3,0,2,1,38,0,0,7,9,0,s,s,1,s,0,0,s,7,39,d,1,s,s
I444,0,1,0,1,0,0,0,0,0,0,0,38,0,0,7,9,0,0,s,1,0,0,0,s,7,39,0,s,8,7
I445,0,1,0,1,0,0,7,4,0,0,0,38,0,0,7,9,0,0,s,1,0,0,0,s,7,39,0,s,8,7
I446,0,1,0,1,0,0,7,4,0,0,0,38,0,3,7,9,0,4,s,1,13,0,0,s,7,39,0,s,s,7
I447,0,1,0,1,0,0,7,4,22,0,0,38,0,3,7,9,0,4,s,1,13,0,0,s,7,39,0,s,s,7
I448,0,1,s,1,0,12,7,4,22,0,0,38,0,3,7,9,0,4,s,1,13,0,0,s,7,39,0,s,s,7
1480,s,1,s,1,0,12,7,4,22,0,0,d,0,3,7,d,0,4,s,1,13,0,d,s,7,39,0,s,s,7
1273,0,1,s,1,0,12,7,4,22,d,0,38,0,3,d,9,9,4,s,1,13,s,0,s,7,39,0,s,s,d
I451,0,1,0,1,0,0,7,4,22,0,0,38,0,3,7,9,0,4,s,1,13,0,0,s,7,39,0,s,s,7
I452,0,1,0,1,0,0,7,4,22,0,0,38,0,3,7,9,0,4,s,1,13,0,0,s,7,39,0,s,s,7
1143,0,1,d,1,0,0,7,4,d,0,0,38,0,d,d,9,d,4,s,1,13,d,0,s,7,39,0,s,s,7
1142,9,1,0,1,0,0,7,4,22,0,0,38,0,3,d,d,0,4,s,1,13,0,0,s,7,d,d,s,s,7
I453,0,1,0,1,0,0,7,4,22,0,0,38,0,3,7,9,0,4,s,1,13,0,0,s,7,39,0,s,s,7
1153,s,d,0,1,0,s,7,4,22,0,0,38,0,3,7,d,0,4,s,d,13,0,d,s,7,39,0,s,s,7
1152,d,1,0,1,0,d,7,4,22,0,0,38,0,3,d,9,0,4,s,1,13,0,0,s,7,39,0,s,s,7
I454,6,1,0,1,0,0,7,4,0,0,0,38,0,3,7,9,0,4,s,1,13,0,0,s,7,39,0,s,s,7
I455,6,1,0,1,0,0,7,4,0,0,0,38,0,3,7,9,0,4,s,1,13,0,0,s,7,39,0,s,s,7
I456,6,1,0,1,0,0,7,4,0,0,0,38,0,3,7,9,0,4,s,1,13,0,0,s,7,39,0,s,s,7
1907,d,1,0,1,0,0,7,4,0,0,0,38,0,3,7,9,0,d,s,d,13,0,0,s,7,39,0,s,s,7
1906,6,d,0,1,0,0,7,4,d,0,0,38,0,3,d,d,0,4,s,1,13,0,0,s,7,39,0,s,s,7
1820,6,1,0,1,1,0,d,4,20,0,0,38,4,3,7,9,d,4,s,1,13,0,d,s,7,d,0,s,s,d
I458,6,1,0,1,0,0,7,4,0,0,0,38,4,3,7,9,0,4,s,1,13,0,0,s,7,39,0,s,s,7
I459,6,1,0,1,0,0,7,4,0,2,0,38,4,3,7,9,0,4,s,1,13,0,0,s,7,39,0,s,s,7
2025,6,1,0,1,0,0,7,4,0,d,d,38,4,3,7,9,0,4,s,1,13,0,d,s,7,39,0,s,s,7
2024,6,1,0,1,0,d,7,4,0,2,0,38,4,3,7,9,0,4,s,1,13,0,d,s,7,39,0,s,s,7
1875,d,1,d,1,0,0,7,4,22,0,0,38,s,3,7,9,0,4,s,1,13,0,d,s,d,d,0,s,s,d
I461,0,1,0,1,0,0,7,4,0,0,0,38,0,0,7,9,0,0,s,1,0,0,0,s,7,39,2,s,8,7
I462,0,1,0,1,0,0,7,4,0,0,0,38,0,0,7,9,24,0,s,1,0,0,0,s,7,39,s,s,8,7
I463,0,1,0,1,0,0,7,4,0,5,1,38,0,0,7,9,24,0,s,1,0,0,0,s,7,39,s,s,8,7
1467,0,d,0,1,0,0,7,4,0,5,d,38,0,d,d,9,24,0,s,1,0,0,d,s,7,d,s,s,8,7
I465,0,1,0,1,0,0,7,4,0,5,1,38,0,0,7,9,24,0,s,1,0,0,0,s,7,39,s,s,8,7
1565,0,d,d,1,0,d,7,4,d,5,1,38,0,0,7,9,24,0,s,1,0,0,0,s,7,d,s,s,8,7
1564,0,1,0,1,0,d,7,4,0,5,1,38,0,0,7,9,24,0,s,1,0,d,0,s,7,d,s,s,8,7
1770,0,1,0,1,0,0,7,4,0,0,0,s,0,0,7,9,24,14,s,1,0,0,0,s,7,39,s,s,8,7
I469,0,1,0,1,0,0,7,4,0,4,0,38,s,0,7,9,0,0,s,1,0,0,0,s,7,39,2,s,8,7
I470,0,1,0,1,0,0,7,4,0,4,0,38,s,0,7,9,0,0,s,1,0,0,0,s,7,39,2,s,8,7
1653,0,1,2,1,0,15,7,4,d,4,1,38,s,0,7,9,0,0,s,1,d,0,0,s,7,39,2,s,8,7
1618,0,1,d,1,0,0,d,4,d,4,0,d,s,d,7,9,0,14,s,1,d,0,0,s,7,39,d,s,s,7
1853,0,1,0,1,0,6,7,4,0,4,0,38,s,0,7,9,0,0,s,1,0,0,0,s,7,39,d,s,8,7
I476,0,1,0,1,0,0,0,0,0,0,0,38,0,0,7,9,0,0,s,1,0,7,0,s,7,39,0,s,8,7
I477,0,1,2,1,0,0,0,0,0,0,0,38,0,0,7,9,0,s,s,1,0,7,0,s,7,39,0,s,8,7
I478,0,1,2,1,0,0,0,2,0,0,0,38,0,0,7,9,0,s,s,1,0,7,4,s,7,39,0,s,8,7
I479,0,1,2,1,0,0,0,2,0,0,1,38,4,0,7,9,0,s,s,1,0,7,4,s,7,39,0,s,8,7
I480,0,1,2,1,0,0,0,2,0,0,1,38,4,0,7,9,0,s,s,1,0,7,4,s,7,39,0,s,8,7
1503,0,1,2,1,2,d,0,2,0,0,1,38,4,0,7,9,0,s,s,1,0,7,4,s,7,39,0,s,8,d
1502,0,1,2,1,0,0,15,d,0,0,1,38,4,0,7,9,0,s,s,1,0,7,4,s,7,39,0,s,8,7
1608,0,1,2,d,0,0,7,2,0,0,1,38,4,0,7,d,1,s,s,d,0,7,d,s,7,39,0,s,8,7
1825,0,1,2,d,0,0,0,2,0,0,0,38,0,0,7,9,0,s,s,1,0,7,d,s,7,39,0,s,8,7
I485,0,1,2,1,0,2,0,0,0,0,0,38,0,0,7,9,0,s,s,1,0,7,0,s,7,39,0,s,8,7
1809,0,1,2,1,0,2,0,0,0,0,1,d,0,0,7,9,0,s,s,1,0,7,4,s,7,39,0,s,8,7
I489,0,1,2,1,0,2,0,0,0,0,0,38,0,0,7,9,1,s,s,1,s,7,0,s,7,39,0,s,8,7
I490,0,1,2,1,0,2,13,0,0,0,0,38,0,0,7,9,1,s,s,1,s,7,0,s,7,39,0,s,8,7
1751,0,1,2,1,0,2,d,0,0,0,0,38,0,0,7,9,1,s,s,1,s,7,0,s,7,39,d,s,8,7
1750,d,1,2,d,0,2,13,d,0,0,0,38,d,0,7,9,1,s,s,1,s,d,0,s,7,39,0,s,8,7
I491,0,s,2,1,0,2,0,0,0,0,0,38,0,0,7,9,1,s,s,1,s,7,0,s,7,39,0,s,8,7
1969,0,s,2,1,d,2,0,d,d,0,0,d,0,0,7,9,1,s,s,1,s,7,0,s,7,39,0,s,8,7
1968,0,s,d,1,0,2,0,0,0,0,0,38,0,0,7,9,d,s,s,1,s,7,0,s,7,39,0,s,8,d
I492,0,1,0,1,0,0,0,30,0,0,0,38,0,0,7,9,0,0,s,1,0,7,0,s,7,39,0,s,8,7
I493,0,1,0,1,0,0,0,30,0,0,0,38,0,0,7,9,0,12,s,1,0,7,0,s,7,39,0,s,8,7
I496,12,1,0,1,0,0,0,30,0,0,0,s,0,0,7,9,0,12,s,1,0,7,0,s,7,39,0,s,8,7
1959,12,1,0,1,d,0,0,30,0,0,0,s,0,d,7,d,d,12,s,1,0,7,0,s,d,39,0,s,8,d
1958,12,1,0,1,0,0,d,30,0,0,d,s,0,0,7,9,0,12,s,1,0,7,0,s,7,39,0,s,8,7
I497,0,1,0,1,0,0,0,30,0,0,0,38,2,0,7,9,0,12,s,1,0,7,0,s,7,39,0,s,8,7
1610,0,1,d,1,0,0,d,d,0,0,1,38,2,0,d,9,0,12,s,1,d,d,0,s,7,39,0,s,d,d
I499,0,1,0,1,0,0,0,30,17,0,0,38,2,0,7,9,0,12,s,1,0,7,0,s,7,39,0,s,8,7
1479,0,1,0,1,0,0,0,30,17,0,0,38,2,0,7,9,0,12,s,1,0,7,0,s,7,39,d,s,8,7
1478,0,1,0,1,0,0,0,30,17,0,0,38,2,0,d,9,0,12,s,d,0,7,0,s,7,39,0,s,8,7
I500,0,1,0,1,0,0,0,30,0,0,1,38,0,0,7,9,0,0,s,1,0,7,0,s,7,39,2,s,8,7
2000,0,d,2,1,0,10,0,s,s,d,1,38,0,0,7,9,0,0,s,1,15,7,0,s,7,39,2,s,8,7
I504,0,1,0,1,0,0,0,30,0,0,1,38,0,0,7,9,0,4,s,1,0,7,0,s,7,39,2,s,8,7
I505,0,1,0,1,0,0,0,30,0,0,1,38,0,0,7,9,0,4,s,1,0,7,0,s,7,39,2,s,8,7
1659,0,1,0,1,0,d,0,30,0,0,1,38,d,d,7,9,0,4,s,1,0,d,0,s,7,39,2,s,8,7
1658,0,1,0,1,0,d,0,30,0,d,d,38,0,d,7,9,0,4,s,1,0,d,d,s,7,39,2,s,8,7
1905,0,1,0,1,1,d,0,30,0,s,1,38,0,d,7,d,0,4,s,1,0,7,0,s,7,39,2,s,8,7
I507,0,0,0,0,1,s,0,0,0,0,0,0,0,0,7,0,0,0,0,1,8,0,0,0,0,0,0,0,8,0
I508,0,0,2,0,1,s,0,0,0,0,0,0,0,0,7,0,26,0,0,1,8,0,0,0,0,0,0,0,8,0
I509,0,0,2,1,1,s,0,0,0,18,0,0,0,7,7,0,26,0,0,1,8,0,0,0,0,0,0,0,8,0
I510,0,0,2,1,1,s,0,0,0,18,0,8,0,7,7,0,26,0,0,1,8,0,0,0,0,0,2,0,8,0
I511,0,0,2,1,1,s,0,0,0,18,0,8,6,7,7,0,26,0,0,1,8,0,0,0,0,0,2,0,8,0
I512,6,0,2,1,1,s,0,0,0,18,0,8,6,7,7,0,26,0,0,1,8,0,0,0,7,0,2,1,8,0
I513,6,0,2,1,1,s,0,0,0,18,0,8,6,7,7,0,26,0,0,1,8,0,0,4,7,0,2,1,8,0
1067,6,1,2,1,1,s,9,0,0,18,0,8,6,7,7,0,d,d,0,1,8,0,d,4,7,20,2,1,8,6
I517,6,0,2,1,1,s,0,35,0,18,0,8,6,7,7,0,s,0,0,1,8,0,0,4,7,0,2,1,8,0
1090,6,0,2,1,1,s,0,35,0,18,0,d,6,7,7,d,s,0,0,1,8,d,0,4,7,d,d,1,8,0
1106,d,0,d,1,1,s,0,s,0,18,d,8,6,7,s,0,s,0,0,1,8,0,0,4,7,0,2,1,8,0
1256,6,1,2,1,1,s,0,2,1,18,0,8,6,d,7,22,26,16,0,1,8,d,0,56,7,0,2,1,8,0
I527,5,0,2,1,1,s,0,0,23,18,0,8,6,7,7,0,26,s,0,1,8,0,0,0,0,0,2,0,8,0
I529,5,0,2,1,1,s,7,0,23,18,0,8,6,7,7,0,26,s,0,1,8,0,0,0,0,0,2,0,8,6
I530,5,0,2,1,1,s,7,0,23,18,1,8,6,7,7,0,26,s,0,1,8,0,0,0,0,0,2,0,8,6
1381,5,0,2,1,1,s,7,0,23,18,1,8,d,7,7,0,26,s,0,1,8,0,d,d,d,0,2,0,d,6
1380,d,0,2,1,1,s,7,d,23,18,1,8,6,7,7,d,26,s,0,1,d,0,0,0,0,0,2,d,8,6
I531,5,0,2,1,1,s,7,0,23,18,0,8,6,7,7,0,26,s,0,1,8,0,0,0,0,0,2,0,8,6
1655,d,0,2,1,1,s,7,0,23,18,0,8,6,7,7,0,26,s,0,d,8,0,0,0,d,0,2,0,8,6
1654,5,0,2,1,1,s,d,0,23,18,0,8,d,7,d,0,26,s,0,1,8,0,0,0,0,0,2,0,8,6
I535,5,0,2,1,1,s,0,0,23,18,0,8,6,7,7,s,26,s,0,1,8,0,0,0,0,0,2,0,8,0
I536,5,0,2,1,1,s,0,0,23,18,0,8,6,7,7,s,s,s,0,1,8,0,0,0,0,0,2,0,8,0
1210,5,0,s,1,1,s,7,s,23,18,0,8,s,d,7,s,s,s,d,d,8,0,0,0,0,d,d,0,8,3
1237,5,0,2,d,1,s,7,20,d,18,0,8,6,d,7,s,s,s,12,1,8,d,0,0,0,0,2,0,d,0
I539,5,0,2,1,1,s,0,0,23,18,0,8,6,7,7,s,26,s,0,1,8,7,0,0,0,0,2,0,8,0
1154,5,0,2,d,d,s,0,0,23,18,0,8,6,7,7,s,d,s,0,1,8,7,d,0,0,0,2,0,8,2
1174,5,0,2,1,d,s,0,0,23,s,0,8,6,7,7,s,d,s,d,1,8,7,4,s,0,0,2,0,8,0
I542,0,1,2,1,1,s,0,0,0,18,0,8,0,7,7,0,26,0,0,1,8,0,0,0,0,0,2,0,8,0
I543,0,1,2,1,1,s,0,0,0,18,0,8,0,s,7,0,26,0,23,1,8,0,0,24,0,0,2,0,8,0
I544,0,1,2,1,1,s,4,0,0,18,0,8,0,s,7,0,s,0,23,1,8,0,4,24,0,0,2,0,8,0
I545,0,1,2,1,1,s,4,0,0,18,0,8,0,s,7,0,s,0,23,1,8,3,4,24,0,0,2,0,8,0
1182,0,d,2,1,1,s,4,0,0,18,0,8,0,s,7,1,s,0,23,1,8,3,4,24,0,0,2,d,8,d
1083,0,d,2,1,1,s,4,s,0,d,0,8,0,s,7,d,s,0,23,1,8,3,4,24,7,0,2,0,8,0
I548,0,1,2,1,1,s,4,0,0,18,0,8,0,s,7,0,s,0,23,1,8,0,4,24,0,0,2,0,8,0
I549,0,1,2,1,1,s,4,0,0,18,0,8,0,s,7,0,s,0,23,1,8,0,4,24,0,0,2,0,8,0
1047,0,1,2,1,1,s,4,0,0,18,0,8,0,s,7,0,s,0,23,1,8,0,d,24,d,0,d,0,8,d
2046,0,1,d,1,1,s,4,d,0,18,1,8,0,s,7,0,s,0,23,1,8,3,4,s,0,0,2,0,8,0
I551,0,1,2,1,1,s,4,0,0,18,0,8,0,s,7,0,s,0,23,1,8,0,4,24,0,0,2,0,8,0
1127,0,1,2,d,1,s,4,0,0,18,1,8,d,s,7,0,s,0,23,1,8,0,4,24,0,0,2,0,8,0
1126,0,1,2,1,1,s,4,d,6,18,1,8,6,s,7,0,s,0,23,1,8,0,4,24,0,0,2,0,8,0
I552,0,1,2,1,1,s,17,0,0,18,0,8,0,s,7,0,26,0,23,1,8,0,4,24,0,22,2,0,8,3
I553,0,1,2,1,1,s,17,35,7,18,0,8,s,s,7,0,26,0,23,1,8,0,4,24,0,22,2,0,8,3
1088,0,1,2,d,1,s,d,s,7,18,0,8,s,s,7,0,26,0,23,1,8,0,4,24,d,22,2,0,8,3
I555,0,1,2,1,1,s,17,35,7,18,0,8,s,s,7,0,26,0,23,s,8,0,4,24,0,22,2,0,8,3
1203,0,1,2,1,1,s,d,35,7,18,0,8,s,s,d,0,26,d,23,s,d,s,d,24,0,22,d,0,8,3
1202,0,1,2,1,1,s,d,35,7,18,0,8,s,s,7,0,26,0,d,s,8,0,4,24,0,22,2,0,8,3
I556,0,1,2,1,1,s,17,0,0,18,0,8,0,s,7,0,26,16,23,1,8,0,4,24,0,22,2,1,8,3
1267,s,1,2,d,1,s,d,d,d,s,0,8,4,s,7,0,26,16,d,1,8,d,4,24,d,22,2,1,8,3
I558,0,1,2,1,1,s,17,0,0,18,0,8,1,s,7,0,26,16,23,1,8,0,4,24,0,22,2,1,8,3
2017,d,1,2,s,1,s,17,13,d,18,0,8,1,s,7,d,26,16,d,1,d,0,d,24,0,22,2,1,8,3
2038,0,1,2,d,1,s,17,0,0,18,1,8,1,s,7,0,26,16,23,1,8,0,4,24,0,22,d,1,d,3
I561,0,1,2,1,1,s,0,0,0,18,0,8,0,7,7,0,26,0,0,1,8,0,0,0,0,0,2,0,8,0
I562,0,1,2,1,1,s,0,0,0,18,0,8,0,7,7,0,26,0,s,1,8,0,0,0,0,0,2,0,8,0
1195,2,1,d,1,1,s,0,0,0,18,0,8,d,7,7,0,26,0,s,1,8,0,d,d,0,14,2,s,8,7
1401,0,d,2,1,1,s,0,0,0,18,1,8,6,7,7,9,s,12,s,s,8,0,d,0,0,38,2,0,8,5
I569,6,1,2,1,1,s,0,0,s,18,1,8,0,7,7,0,26,0,0,1,8,0,0,0,0,0,2,0,8,0
I570,6,1,2,1,1,s,0,0,s,18,1,8,4,7,7,0,26,0,0,1,8,0,0,0,0,0,2,0,8,0
1295,6,1,2,d,1,s,0,0,s,18,1,8,4,7,7,s,26,0,d,1,8,0,s,0,d,0,2,0,d,0
1352,6,d,2,d,1,s,14,0,s,18,1,8,4,7,7,0,26,0,0,1,8,0,0,0,d,d,2,1,8,0
I574,6,1,2,1,1,s,0,0,s,18,1,8,0,7,7,0,26,0,s,1,8,0,s,s,0,0,2,0,8,0
1551,6,1,2,1,1,s,0,20,s,18,1,8,0,7,7,0,26,0,s,1,8,0,s,s,0,0,2,0,8,0
1550,6,d,2,1,1,s,d,0,s,18,1,8,0,7,7,0,26,d,s,1,8,0,s,s,0,0,2,d,8,d
I576,0,0,2,1,1,s,0,0,0,18,0,0,0,7,7,0,26,0,0,1,8,0,0,0,0,0,0,1,8,0
I577,6,0,2,1,1,s,0,0,0,18,0,0,0,7,7,0,26,0,7,1,8,0,0,0,0,0,0,1,8,0
I578,6,0,2,1,1,s,0,0,0,18,0,0,4,7,7,0,26,0,7,1,8,0,0,0,0,0,0,1,8,0
I579,s,0,2,1,1,s,7,0,0,18,0,0,4,7,7,0,26,0,7,1,8,0,s,0,7,13,0,1,8,0
I581,s,0,2,1,1,s,7,0,0,18,0,0,4,7,7,15,26,0,7,1,8,0,s,0,7,13,2,1,8,0
1835,s,0,2,d,1,s,7,0,0,18,0,0,4,7,7,15,26,0,7,1,8,0,s,0,7,d,2,1,8,0
1834,s,0,2,d,1,s,7,0,0,18,0,d,4,7,7,15,26,d,7,1,8,0,s,0,7,13,2,1,8,0
1749,s,0,2,1,1,s,7,d,0,18,0,0,4,7,d,0,26,0,7,d,8,0,s,0,7,s,2,1,8,0
I586,6,0,2,1,1,s,0,4,0,18,0,0,4,7,7,0,26,0,7,1,8,0,0,0,0,0,0,1,8,0
1268,6,0,2,1,1,s,d,4,d,d,d,0,4,7,7,0,26,d,7,1,8,0,0,s,0,0,d,1,d,2
1340,d,d,2,1,1,s,0,4,d,18,0,1,4,7,7,0,26,14,d,1,8,0,0,0,0,0,2,1,8,0
I593,6,0,2,1,1,s,0,0,0,18,0,0,0,7,7,0,26,0,s,1,8,0,0,0,0,0,0,1,8,0
I594,6,0,2,1,1,s,0,0,0,18,0,0,0,7,s,23,26,0,s,1,8,0,0,0,0,0,0,1,8,0
I595,6,s,2,1,1,s,0,0,0,18,0,0,0,7,s,23,26,0,s,1,8,0,0,0,0,0,0,1,8,0
1199,6,s,d,1,1,s,0,20,d,18,0,42,0,7,s,23,d,0,s,1,d,0,4,0,d,0,0,1,8,7
I597,6,s,2,1,1,s,0,0,0,18,0,0,1,7,s,23,26,0,s,1,8,0,4,0,0,0,0,1,8,0
I598,6,s,2,1,1,s,0,0,0,18,0,0,1,7,s,23,26,0,s,1,8,0,4,0,0,0,0,1,8,0
2011,6,s,2,1,1,s,0,d,0,18,0,0,1,7,s,23,26,0,s,1,8,0,4,0,d,0,d,1,8,0
2010,6,s,2,d,1,s,0,0,0,d,d,d,1,7,s,23,26,0,s,1,8,d,4,0,d,0,0,1,8,0
2003,6,s,2,1,1,s,0,0,0,d,0,0,1,7,s,23,d,4,s,1,d,d,4,0,0,16,0,1,8,0
I600,6,0,2,1,1,s,0,0,0,18,0,0,2,7,s,23,26,0,s,1,8,0,0,0,0,0,0,1,8,0
I601,6,0,2,1,1,s,0,0,0,18,0,0,2,7,s,23,26,0,s,1,8,7,0,0,0,0,0,1,8,0
1217,6,0,2,1,1,s,0,0,0,d,0,0,d,7,s,23,d,0,s,1,8,7,0,0,0,0,0,1,8,0
1216,6,0,2,1,1,s,0,0,0,18,0,0,2,7,s,23,26,0,s,d,8,d,0,0,0,0,0,1,8,0
I602,6,0,2,1,1,s,0,0,0,18,0,0,2,7,s,23,26,0,s,1,8,0,0,54,12,0,0,1,8,0
1327,6,0,2,1,s,s,0,0,0,d,0,0,2,d,s,d,26,d,s,1,8,0,0,54,12,d,0,1,8,0
1326,6,0,d,1,1,s,0,d,0,18,0,0,2,7,s,23,26,0,s,1,8,0,0,54,12,0,0,1,8,0
I603,6,0,2,1,1,s,0,0,0,18,0,1,0,7,s,10,26,0,s,1,8,0,0,0,9,0,0,1,8,0
I604,6,0,2,1,1,s,0,0,0,18,0,1,0,7,s,10,26,0,s,1,8,0,0,0,9,38,0,1,8,0
1419,6,0,d,1,d,s,d,0,0,18,0,d,0,7,s,10,26,d,s,d,8,2,0,0,9,38,0,1,8,2
1086,6,d,2,1,1,s,0,0,0,18,0,1,0,7,s,d,d,0,s,1,8,s,s,d,9,38,0,d,8,7
I607,6,0,2,1,1,s,0,s,0,18,0,1,0,7,s,10,26,0,s,1,8,0,0,0,9,0,0,1,8,0
1206,6,0,2,d,1,s,s,s,0,18,0,d,0,7,s,10,26,0,s,1,8,0,0,0,9,0,0,1,8,0
1179,6,0,d,1,1,s,0,s,0,18,s,1,0,7,s,10,d,0,s,d,8,0,0,0,9,d,2,s,8,d
I610,0,0,2,1,1,s,0,0,0,18,0,0,0,7,7,0,26,0,0,1,8,3,4,0,0,0,0,1,8,0
I611,s,0,2,1,1,s,0,0,0,18,0,0,0,7,7,0,26,0,0,1,8,3,4,0,0,0,0,1,8,s
I612,s,0,2,1,1,s,0,0,0,18,0,0,0,7,7,0,26,0,0,1,8,3,4,0,0,0,0,1,8,s
I613,s,0,2,1,1,s,0,0,24,18,0,36,0,7,7,0,26,0,0,1,8,3,4,0,0,0,0,1,8,s
1642,s,0,2,d,d,s,0,0,24,18,0,36,0,7,7,0,26,0,d,1,8,3,4,0,11,0,0,1,d,s
1382,s,d,d,d,1,s,11,0,d,18,1,36,0,7,7,0,26,13,0,d,8,3,4,0,0,d,0,1,s,s
I617,s,0,2,1,1,s,0,4,0,18,1,0,0,7,7,10,s,0,0,1,8,3,4,20,0,0,0,1,8,s
1453,s,d,2,1,1,s,0,4,0,18,1,d,0,7,7,10,s,0,d,1,8,3,4,d,0,0,0,d,8,s
1452,s,d,2,1,1,s,0,4,0,18,1,0,0,7,7,d,s,0,0,1,8,3,4,20,0,0,d,1,d,s
I619,s,0,2,1,1,s,0,0,0,18,0,0,0,7,7,0,26,0,0,1,8,3,4,0,0,0,0,1,8,s
I620,s,1,2,1,1,s,0,0,0,18,0,0,0,7,7,0,26,0,0,1,8,3,4,0,0,0,0,s,8,s
1460,s,1,2,1,1,s,7,0,17,18,0,0,0,7,7,0,26,0,0,1,8,3,4,0,0,0,0,s,8,s
1201,s,1,d,1,1,s,0,0,0,18,0,0,0,7,7,0,26,0,0,1,8,3,d,d,0,0,0,s,8,s
1399,s,1,2,1,1,s,0,d,d,18,d,0,0,d,7,28,d,0,42,d,8,3,s,0,0,14,0,1,d,s
I626,0,0,2,1,1,s,0,0,0,18,0,0,1,7,7,0,26,0,0,1,8,3,4,0,0,0,0,1,8,7
I627,0,0,2,1,1,s,0,0,0,18,0,0,1,7,7,0,26,0,0,1,8,3,4,0,0,0,2,1,8,7
I628,0,0,2,1,1,s,0,0,0,18,0,20,1,7,7,0,26,0,0,1,8,3,4,0,0,0,2,1,8,7
1185,0,0,2,1,1,s,0,0,36,18,0,20,1,7,7,d,26,0,0,1,8,3,4,0,4,38,2,1,8,d
I630,6,0,2,1,1,s,0,0,0,18,0,20,1,7,7,0,26,0,0,1,8,3,4,0,0,0,2,1,8,7
1317,6,0,d,1,1,s,0,0,0,18,0,20,1,7,7,28,26,d,0,1,d,3,4,0,0,d,2,1,8,7
1316,6,0,2,1,1,s,0,d,0,18,0,20,1,d,7,d,26,0,0,1,8,3,4,0,0,0,2,d,d,7
1413,0,d,d,1,1,s,s,d,0,18,0,d,1,d,7,0,26,0,22,1,8,3,4,0,0,0,2,1,8,d
I634,0,0,2,1,1,s,0,0,0,18,0,0,1,7,7,0,26,0,19,1,8,3,4,0,0,0,0,1,8,7
I635,0,0,2,1,1,s,0,20,0,18,0,0,1,7,7,0,26,0,19,1,8,3,4,0,0,0,0,1,8,7
I636,0,0,2,1,1,s,0,20,0,18,1,0,1,7,7,0,26,0,19,1,8,3,4,0,0,0,0,1,8,7
1335,0,0,2,1,1,s,d,20,21,18,1,0,d,7,d,0,26,d,19,1,8,3,s,0,11,0,0,1,8,7
1334,0,0,2,1,1,s,7,20,0,18,1,0,1,7,d,0,26,0,d,1,8,d,4,0,d,0,0,1,d,7
I637,17,0,2,1,1,s,0,20,0,s,0,0,1,7,7,22,26,8,19,1,8,3,4,0,0,0,0,1,8,7
1485,17,0,2,1,1,s,d,d,d,s,0,0,1,7,7,d,26,8,19,1,8,3,4,0,0,0,0,1,8,7
1484,17,0,2,1,1,s,0,20,0,s,0,0,1,7,d,22,26,8,19,1,8,3,d,d,0,0,d,1,8,7
I638,0,s,2,1,1,s,0,0,0,18,0,0,1,7,7,0,26,0,19,1,8,3,4,0,0,16,0,1,8,7
1469,0,s,2,1,s,s,0,9,0,18,0,0,d,7,7,d,26,0,19,1,8,3,d,0,0,d,0,1,8,7
1350,0,s,d,1,1,s,0,0,0,18,0,0,1,7,7,d,d,d,19,1,8,3,4,0,s,16,d,1,8,7
I641,7,1,2,0,1,s,0,0,0,0,0,0,0,0,7,0,26,0,0,1,8,0,0,33,0,0,0,0,8,0
I642,7,1,2,0,1,s,0,3,0,0,0,0,0,0,7,0,26,0,0,1,8,0,0,33,0,0,2,0,8,0
I643,7,1,2,5,1,s,0,3,32,0,0,0,0,0,7,0,26,0,0,1,8,0,0,33,0,0,2,0,8,0
I644,7,1,2,5,1,s,0,3,32,0,0,0,0,0,7,0,26,0,23,1,8,0,0,33,4,22,s,0,8,0
I649,7,1,2,5,1,s,0,3,32,0,0,0,0,0,7,0,26,0,23,1,8,0,0,33,4,22,s,0,8,0
I650,7,1,2,5,1,s,0,3,32,2,0,0,1,14,7,24,26,0,23,1,8,0,0,33,4,22,s,1,8,0
1819,7,1,2,5,d,s,d,3,32,d,0,0,1,14,d,24,26,0,23,1,8,0,0,33,d,22,s,d,8,0
1818,7,1,2,5,1,s,d,3,32,2,0,0,1,d,7,24,26,0,d,1,d,0,d,33,d,22,s,1,8,0
1559,d,1,2,5,1,s,0,d,32,0,1,0,d,0,7,0,26,0,d,1,8,0,d,33,4,22,s,0,8,2
I658,7,1,2,5,s,s,0,3,32,0,0,0,4,0,7,0,26,16,23,1,8,0,2,33,4,22,s,0,8,0
1701,7,d,2,5,s,s,0,3,32,0,0,0,4,0,d,0,d,16,23,1,8,0,2,33,4,22,s,d,8,0
1700,7,1,2,5,s,s,0,3,32,0,1,d,4,0,7,0,26,d,23,1,8,0,2,d,4,22,s,1,8,0
I659,7,1,2,5,1,s,0,3,32,0,0,0,0,0,7,0,26,0,0,1,8,0,0,33,13,0,2,0,s,5
I660,7,1,2,5,1,s,0,3,32,0,0,0,0,0,7,0,26,0,0,1,8,0,0,33,13,0,2,0,s,5
1228,7,1,2,5,1,s,d,3,32,0,s,0,0,5,7,8,26,0,0,1,8,0,0,33,13,0,d,s,s,5
I664,7,1,2,5,s,s,s,3,32,0,0,0,0,0,7,0,26,0,0,1,8,0,0,33,13,0,2,0,s,5
I665,7,1,2,5,s,s,s,3,32,0,0,0,0,0,7,0,26,0,0,1,8,0,0,33,13,0,2,0,s,5
1471,7,1,2,5,s,s,s,3,32,0,0,0,0,0,7,0,26,0,0,1,8,0,d,33,13,0,2,0,s,5
1470,7,1,2,5,s,s,s,3,32,0,d,0,0,d,7,d,26,0,0,1,8,d,0,d,13,0,2,d,s,d
I666,7,1,2,5,s,s,s,3,32,0,0,0,0,0,7,0,26,0,0,1,8,0,0,33,13,0,2,0,s,5
1403,7,1,2,d,s,s,s,3,32,0,0,0,0,s,7,0,26,0,d,1,8,0,0,d,13,0,2,0,s,5
1402,7,1,d,5,s,s,s,3,d,d,0,0,0,0,d,0,26,0,0,1,8,0,0,33,13,0,2,0,s,s
I667,7,1,2,5,1,s,0,3,32,0,1,0,0,5,s,0,26,0,0,1,8,0,0,33,13,0,2,1,s,s
I670,7,1,s,5,1,s,0,3,32,24,1,42,0,5,s,0,26,0,0,1,8,0,0,33,13,0,2,1,s,s
1621,7,1,s,5,1,s,d,3,d,24,s,42,d,d,s,0,d,0,0,1,d,0,d,33,13,0,2,1,s,s
1620,7,d,s,5,1,s,0,d,32,24,1,42,0,5,s,0,26,0,d,1,8,0,0,33,13,0,2,1,s,s
1630,d,s,2,5,1,s,7,3,32,d,1,0,3,5,s,d,d,14,0,1,8,0,s,33,13,0,2,1,s,s
I674,7,1,2,0,1,s,0,3,0,0,0,0,0,0,7,0,26,0,0,1,8,7,0,33,0,0,2,0,8,0
I675,s,1,2,1,s,s,0,s,0,0,0,0,0,0,7,0,26,0,0,1,8,7,0,33,0,0,2,0,8,0
I676,s,1,2,1,s,s,0,s,0,2,0,0,s,0,7,0,26,0,0,1,s,7,4,33,0,0,2,0,8,0
I677,s,1,2,1,s,s,0,s,0,2,0,0,s,0,7,0,26,0,0,1,s,7,4,33,0,0,2,0,8,0
1540,s,d,2,1,s,s,0,s,s,2,d,0,s,0,d,0,26,0,5,d,s,d,4,33,0,0,2,1,8,0
1464,s,1,2,1,s,s,0,s,0,2,0,0,s,0,7,23,26,0,0,1,s,7,4,33,0,0,2,d,d,d
1297,s,d,d,1,s,s,7,s,d,s,d,0,s,d,7,0,26,0,33,1,s,7,d,33,0,0,2,0,8,5
I683,s,1,2,1,s,s,0,s,0,0,0,0,0,0,7,s,s,0,0,1,8,7,0,33,0,0,2,0,8,0
1795,s,d,d,1,s,s,7,s,0,0,0,d,1,0,7,s,s,d,d,1,8,7,d,33,0,d,2,d,8,0
1531,s,1,2,s,s,s,6,s,0,0,0,d,0,3,d,s,s,d,15,1,8,d,d,33,0,0,2,0,8,0
I690,7,1,2,0,1,s,0,3,0,0,0,0,0,0,7,0,26,0,0,1,8,7,0,33,0,0,2,0,8,0
I691,7,1,2,0,1,s,0,3,0,0,0,42,0,0,7,0,26,0,s,1,8,7,0,33,0,22,2,0,8,0
I692,7,1,2,0,1,s,s,3,0,0,0,42,1,0,7,0,26,0,s,1,8,7,0,33,0,s,2,0,8,0
I693,7,1,2,0,1,s,s,3,0,4,1,42,1,0,7,0,26,0,s,1,8,7,0,33,0,s,2,0,8,0
1149,d,1,d,0,1,s,s,d,0,4,d,42,1,d,7,0,26,0,s,1,8,7,0,33,0,s,2,0,8,0
1148,7,d,2,0,d,s,s,3,0,4,1,42,d,0,7,0,26,0,s,1,8,7,0,33,4,s,2,d,8,0
1189,7,1,2,0,1,s,s,3,32,d,0,42,1,0,7,0,26,0,s,1,d,7,0,33,0,s,2,0,8,0
I695,7,1,2,0,1,s,0,3,0,0,0,42,0,0,7,0,26,0,s,1,8,7,0,33,0,22,2,0,8,0
1462,d,s,2,0,d,s,0,3,0,0,d,42,0,0,7,0,d,0,s,1,8,d,0,33,d,22,2,0,8,0
1510,7,1,2,0,1,s,0,3,s,0,0,42,0,0,7,0,d,0,s,1,8,7,d,33,0,22,2,0,8,0
I698,7,1,2,0,1,s,0,3,0,0,0,0,0,0,7,0,s,0,0,1,8,7,0,33,0,0,2,0,8,0
I699,7,1,2,0,1,s,0,3,0,13,0,0,0,0,7,0,s,0,0,1,8,7,0,33,0,0,2,0,8,0
1357,7,1,2,0,d,s,0,d,0,13,d,0,0,s,7,d,s,12,0,1,8,7,0,33,0,0,2,1,8,2
I701,7,1,2,0,1,s,0,3,0,13,0,0,0,0,7,0,s,0,0,1,8,7,0,33,0,0,2,0,8,0
1275,d,1,2,0,1,s,0,3,d,13,0,0,0,0,d,d,s,0,0,1,8,7,0,s,0,0,2,0,d,0
1274,7,1,2,0,1,s,7,3,0,13,0,d,d,0,7,0,s,0,0,1,8,d,0,33,0,d,2,1,8,d
1270,7,1,2,s,1,s,0,3,23,d,0,0,0,0,7,0,s,d,0,1,8,7,0,33,s,0,2,0,8,0
I705,7,1,2,0,1,s,0,0,0,0,0,0,0,0,7,28,26,0,0,1,8,0,0,33,0,0,0,0,8,0
I706,7,1,2,0,1,s,0,0,0,0,0,0,0,0,7,28,26,0,0,1,8,0,0,33,0,0,0,0,8,0
I707,s,1,2,0,1,s,0,0,0,0,0,0,0,0,7,28,26,6,0,1,8,0,0,33,0,0,0,0,8,0
I708,s,1,2,0,1,s,0,0,0,0,0,0,0,0,7,28,26,6,0,1,8,0,0,33,0,0,0,0,8,0
1233,s,1,2,1,d,s,s,d,20,23,1,0,0,0,d,28,26,6,d,1,8,0,0,33,0,0,0,0,8,d
I712,s,1,2,0,1,s,0,0,0,0,1,0,0,0,7,28,26,6,0,1,8,0,0,33,s,0,0,s,8,0
1386,s,1,d,0,1,s,0,0,d,0,1,0,d,0,7,28,26,6,0,1,s,0,0,33,s,0,2,s,8,0
1672,s,1,s,5,1,s,d,0,d,2,1,0,0,0,d,28,26,6,0,1,d,d,0,33,s,0,0,s,8,5
I715,s,1,2,2,1,s,0,0,0,0,s,0,0,0,7,28,26,6,0,1,8,0,0,33,0,0,0,0,8,5
I716,s,1,2,s,1,s,0,0,0,0,s,0,0,0,7,28,26,6,0,1,8,0,0,33,7,0,2,0,8,5
1722,s,1,2,s,1,s,0,d,d,0,s,0,0,0,7,28,26,6,0,1,d,0,d,33,7,s,2,0,8,5
1817,s,1,2,s,1,s,0,0,0,0,s,5,6,0,7,d,s,6,0,1,8,0,0,33,7,26,2,0,8,d
I720,s,1,2,2,1,s,0,13,0,0,s,0,4,5,7,28,26,s,0,1,8,0,0,33,0,0,0,0,8,5
1857,s,1,2,2,1,s,0,13,0,d,s,0,4,5,7,28,d,s,0,1,8,0,0,33,0,0,0,0,d,5
1856,s,1,2,2,1,s,d,13,22,0,s,0,4,5,7,28,26,s,0,1,8,d,0,d,0,0,0,0,8,5
I722,7,1,2,0,1,s,0,0,s,0,0,0,0,0,7,28,26,0,0,1,8,0,0,33,0,0,0,0,8,0
I723,7,1,2,0,1,s,0,0,s,0,0,0,0,0,7,28,26,0,0,1,8,0,0,33,0,0,0,1,8,1
I724,7,1,2,0,1,s,0,0,s,0,0,0,0,0,7,28,26,0,0,1,8,0,0,33,0,0,0,1,8,1
1577,7,1,2,s,1,s,d,0,s,0,0,0,d,0,7,28,26,d,14,1,8,0,0,33,0,0,0,1,8,d
1646,7,d,2,1,1,s,0,3,s,0,1,0,0,d,7,28,26,d,0,1,8,0,0,33,0,d,2,1,d,1
2034,7,1,2,0,1,s,0,0,s,6,0,0,1,0,7,28,26,0,43,1,8,7,0,33,d,5,0,1,d,1
I731,7,1,2,0,1,s,0,0,s,0,0,0,0,0,7,28,26,0,0,1,8,0,0,33,0,0,0,0,8,0
1872,7,1,2,0,1,s,d,0,s,0,s,0,0,0,d,28,26,d,0,1,8,0,0,33,0,0,d,0,8,0
2022,7,1,d,0,1,s,0,0,s,0,0,s,0,0,7,s,26,0,0,1,d,0,0,d,0,10,d,0,8,d
I737,7,1,2,0,1,s,0,0,0,0,1,0,0,0,7,28,26,0,0,1,8,3,0,33,0,0,2,0,8,3
I738,7,1,2,0,1,s,0,0,0,0,1,0,0,0,7,28,26,0,4,1,8,3,0,33,0,0,2,1,8,3
I739,7,1,2,0,1,s,0,0,0,0,1,0,0,0,7,28,26,0,4,1,s,3,0,33,0,0,2,1,8,3
I740,7,1,2,0,1,s,0,s,0,0,1,0,0,8,7,28,26,0,4,1,s,3,0,33,0,0,2,1,8,3
1261,7,1,2,0,1,s,0,s,0,0,1,0,d,8,7,28,26,d,4,1,s,3,0,d,7,1,2,d,8,3
1436,7,d,2,0,d,s,0,s,0,d,1,0,0,8,7,28,26,0,4,d,s,3,0,33,0,0,2,1,8,d
1588,7,1,2,0,1,s,7,0,0,14,1,0,0,0,7,28,26,d,4,1,s,3,d,33,0,0,d,1,d,3
I746,7,1,2,0,1,s,0,0,0,0,1,0,3,0,7,28,26,0,4,1,8,3,0,33,0,0,2,1,8,3
I748,7,1,2,0,s,s,0,s,23,0,1,0,3,0,7,28,26,0,4,1,8,3,4,33,12,0,2,1,8,3
1497,7,1,2,0,s,s,0,s,23,0,1,d,3,0,7,d,26,0,4,1,8,d,4,d,12,0,2,1,8,d
1496,d,1,2,0,s,s,d,s,23,0,1,0,3,0,7,28,26,0,4,1,8,3,4,33,12,d,2,1,d,d
1105,d,1,2,0,1,s,s,d,6,s,1,0,3,0,7,d,26,0,4,1,8,3,0,33,0,1,2,1,8,3
I753,7,1,2,0,1,s,0,0,0,0,1,0,0,0,7,28,26,0,0,1,8,3,0,33,0,0,2,0,8,3
I754,7,1,2,0,1,s,0,0,0,0,1,0,0,0,7,28,26,0,23,1,8,3,0,33,0,0,2,1,8,3
I755,7,1,2,1,1,s,0,0,s,0,1,0,0,0,7,28,26,0,23,1,8,3,0,33,0,0,2,1,8,3
1215,7,1,2,1,1,s,0,3,s,3,1,0,0,0,7,28,26,0,d,1,8,3,d,33,0,0,2,1,8,3
1170,7,1,2,1,1,s,0,0,s,0,1,0,1,0,7,28,26,0,23,1,8,d,4,33,0,0,2,1,d,3
I758,7,1,2,0,1,s,7,0,s,0,1,0,0,0,7,28,26,0,23,1,8,3,0,33,0,0,2,1,8,3
1204,7,1,s,0,1,s,7,0,s,0,1,0,0,0,d,28,26,d,d,1,8,3,0,33,0,0,2,1,8,3
I760,7,1,2,0,1,s,7,0,s,0,1,0,0,0,7,28,26,0,23,1,8,3,0,33,0,0,2,1,8,3
1235,7,1,2,d,1,s,7,0,s,7,1,0,0,0,7,28,26,0,23,1,8,3,0,33,d,0,2,1,8,3
1234,d,1,s,0,d,s,d,0,s,2,1,0,0,2,7,28,d,2,23,1,8,3,0,33,0,d,2,1,8,3
I761,7,1,2,0,1,s,0,40,0,0,1,0,0,0,7,28,26,12,0,1,8,3,0,33,0,0,2,0,8,3
I762,7,1,2,0,1,s,0,40,s,0,1,0,0,0,7,28,26,12,0,1,8,3,0,33,0,0,2,0,8,3
1138,7,1,2,0,1,s,0,40,s,s,1,d,0,0,7,d,26,12,0,d,8,3,d,33,0,0,2,0,8,3
I764,7,1,2,0,1,s,0,40,s,0,1,0,6,0,7,28,26,12,0,1,8,3,0,33,0,0,2,0,8,3
1063,7,1,2,0,1,s,0,40,s,0,1,0,6,2,7,28,26,12,0,1,8,3,4,33,0,0,2,0,d,3
1062,d,1,d,0,1,s,0,d,s,18,1,0,6,0,d,28,26,12,0,1,d,3,0,33,0,d,2,d,8,3
I765,7,1,2,0,1,s,0,40,12,0,1,0,0,0,7,28,26,12,0,1,8,3,0,33,0,0,2,0,8,3
I766,7,1,2,s,1,s,0,40,12,0,1,0,0,0,7,28,26,12,0,1,8,3,0,33,0,0,2,s,8,3
1131,7,1,2,s,1,s,0,40,12,0,1,0,0,d,7,28,d,12,23,1,8,3,0,33,0,15,2,s,d,3
1130,d,1,2,s,1,s,0,40,12,0,1,0,1,0,7,d,26,12,0,1,8,3,0,33,0,d,2,s,8,d
I767,7,1,2,0,1,s,0,40,12,0,1,0,0,0,7,28,26,12,0,s,8,3,0,33,0,0,2,0,8,3
1281,7,1,d,d,1,s,0,d,12,s,1,0,0,d,7,28,26,12,d,s,8,3,0,33,0,0,2,0,8,3
1280,7,1,2,0,1,s,0,40,d,0,1,0,d,0,7,28,d,12,d,s,8,3,0,33,0,0,2,0,8,3
I768,0,0,0,0,1,s,0,0,0,0,s,0,0,0,7,28,0,0,0,1,8,3,0,6,0,0,0,0,8,3
I769,0,0,0,0,1,s,0,0,0,s,s,0,0,0,7,28,0,0,21,1,8,3,0,6,0,0,0,0,8,3
I770,17,0,0,0,1,s,0,0,0,s,s,0,1,0,7,28,0,0,21,1,8,3,0,6,0,11,0,0,8,3
I771,17,0,3,0,1,s,0,0,0,s,s,0,1,0,7,28,0,0,21,1,8,3,0,6,0,11,0,1,8,3
I772,17,0,3,0,1,s,0,0,0,s,s,0,1,0,7,28,0,0,21,1,8,3,0,6,0,11,0,1,8,3
I773,17,0,3,0,1,s,7,0,0,s,s,27,1,8,7,28,0,0,21,1,8,3,4,6,13,11,0,1,8,3
I774,17,0,3,0,1,s,7,0,0,s,s,27,1,8,7,28,0,0,21,1,8,3,4,6,13,11,0,1,8,3
1871,17,0,3,0,1,s,7,0,d,s,s,27,1,8,7,28,0,0,21,1,8,d,4,6,13,11,0,1,8,3
1955,d,0,3,1,d,s,7,0,d,s,s,27,1,8,7,28,0,0,21,1,8,3,4,d,13,d,s,1,8,3
I777,17,1,3,0,1,s,7,0,0,s,s,27,1,8,7,28,0,s,21,1,8,3,s,6,13,11,0,1,8,3
1224,17,1,3,0,1,s,7,0,17,s,s,27,s,8,7,28,d,s,d,1,8,3,s,6,13,11,0,1,8,3
1641,17,1,d,d,1,s,7,0,0,s,s,27,1,8,d,d,0,s,21,1,8,3,s,6,13,11,0,d,8,3
I780,17,0,3,0,1,s,0,0,0,s,s,0,1,0,7,28,29,0,21,1,8,3,0,6,0,11,0,1,8,3
I781,17,0,3,0,1,s,0,0,0,s,s,0,1,0,7,s,29,0,21,1,8,3,0,6,0,11,0,1,8,3
I782,17,s,3,0,1,s,0,0,0,s,s,0,1,0,7,s,29,0,21,1,8,3,0,6,0,11,0,1,8,3
1431,17,s,3,0,1,s,0,0,0,s,s,0,d,14,7,s,d,0,s,1,8,3,0,6,0,11,0,1,8,3
1430,17,s,3,d,1,s,0,0,0,s,s,0,1,0,7,s,29,0,21,1,d,3,0,6,0,11,0,1,8,3
1360,17,0,3,0,1,s,s,0,0,s,s,0,1,0,7,s,29,0,21,1,8,3,0,6,0,11,0,1,8,d
1696,17,0,3,0,1,s,d,0,0,s,s,27,1,0,d,28,29,s,21,1,8,3,0,6,11,11,2,1,d,3
I787,17,0,3,0,1,s,0,0,0,s,s,0,1,0,7,28,26,0,21,1,8,3,0,6,0,11,0,1,8,3
I788,17,0,3,0,1,s,0,s,0,s,s,0,1,0,7,28,26,0,21,1,8,3,0,6,0,11,0,1,8,3
998,17,0,3,0,1,s,11,s,d,s,s,0,s,s,7,28,26,d,21,1,8,3,4,6,8,11,2,1,d,3
1917,17,0,3,0,1,s,0,s,23,s,s,0,1,0,7,28,d,0,d,1,8,3,4,6,0,d,d,1,8,s
I794,17,0,3,0,1,s,0,0,0,s,s,0,1,0,7,28,26,0,21,1,8,3,0,6,0,11,0,1,8,3
1021,17,0,s,0,1,s,0,0,0,s,s,0,1,d,7,28,26,12,21,1,8,3,0,6,0,11,0,1,8,d
I796,17,0,3,0,1,s,0,0,0,s,s,0,1,0,7,28,26,0,21,1,8,3,0,6,0,11,0,1,8,3
1837,17,0,3,0,1,s,0,17,0,s,s,0,1,0,7,28,26,0,d,d,d,3,0,6,0,d,0,1,8,d
1938,d,0,3,0,1,s,0,0,d,s,s,0,1,7,7,d,26,0,21,1,8,d,d,d,0,11,0,1,d,3
I799,17,0,0,0,1,s,0,0,0,s,s,0,1,0,7,28,0,0,21,1,8,3,0,6,0,11,0,1,8,3
I800,17,0,0,0,1,s,0,0,0,s,s,0,1,0,7,28,0,8,s,1,8,3,4,6,0,11,2,1,8,3
I801,17,0,0,0,1,s,0,0,0,s,s,0,1,0,7,28,0,8,s,1,8,3,4,6,0,11,2,1,8,3
I802,17,0,0,0,1,s,0,0,0,s,s,0,1,0,7,28,26,8,s,1,8,3,4,6,0,11,2,1,8,3
1844,17,d,0,0,1,s,0,0,0,s,s,0,1,d,7,d,26,d,s,1,8,3,4,6,0,11,2,1,8,3
1774,17,d,3,s,1,s,0,0,0,s,s,0,1,d,7,28,26,8,s,1,d,3,d,d,0,11,2,1,d,d
1963,17,d,0,0,d,s,0,24,0,s,s,0,1,0,7,28,0,8,s,1,8,3,4,6,0,11,d,1,8,3
1925,17,0,0,0,1,s,7,37,s,s,s,0,1,7,7,28,0,8,s,s,8,3,4,d,s,11,2,1,8,3
I815,17,1,0,0,1,s,0,0,0,s,s,0,1,0,7,28,0,0,21,1,8,3,0,6,0,11,0,1,8,3
I816,17,1,0,0,1,s,0,0,0,s,s,0,1,0,7,28,0,0,21,1,8,3,0,6,0,11,0,1,8,3
2026,17,1,0,0,1,s,0,0,0,s,s,0,d,0,7,28,8,0,21,1,8,d,0,d,0,11,2,1,8,3
I820,17,1,0,0,1,s,0,0,0,s,s,0,1,7,7,28,0,0,21,1,8,3,0,6,0,11,2,1,8,3
1967,17,1,d,0,d,s,0,0,0,s,s,0,1,7,7,28,d,16,d,1,d,3,4,6,0,11,s,d,8,3
1851,17,1,0,0,1,s,0,0,0,s,s,0,1,7,7,d,0,0,21,d,d,3,0,6,0,11,2,1,d,3
I823,17,1,3,0,1,s,0,0,0,s,s,0,1,0,7,28,0,0,21,1,8,3,0,6,0,11,0,1,8,3
I824,17,1,3,0,1,s,0,0,0,s,s,0,1,0,7,28,0,0,21,1,8,3,0,6,0,11,0,1,8,3
1458,d,1,d,0,1,s,7,0,d,s,s,d,1,0,7,28,0,0,21,1,8,3,0,d,0,11,0,1,8,3
1534,17,1,3,0,d,s,7,0,21,s,s,0,1,0,7,28,d,0,21,1,d,d,0,6,4,11,2,1,8,3
I827,17,1,3,0,1,s,0,0,0,s,s,0,1,0,7,28,13,16,21,1,8,3,0,6,0,11,0,1,8,3
I828,17,1,3,0,1,s,0,0,0,s,s,0,1,0,7,28,13,16,21,1,8,3,0,6,4,11,0,1,8,3
1547,17,d,d,0,1,s,0,0,d,s,s,0,1,d,7,28,13,16,21,1,8,3,0,6,d,11,0,1,d,d
1546,17,1,d,0,1,s,0,0,0,s,s,0,1,0,7,28,13,16,21,1,8,3,4,6,d,11,0,1,8,3
I829,17,1,3,0,1,s,0,0,0,s,s,0,1,0,7,28,13,16,21,1,8,3,0,6,0,11,0,1,8,3
1707,17,1,3,0,1,s,0,0,0,s,s,0,1,0,7,28,13,16,21,1,8,3,d,6,0,11,0,1,8,3
1706,17,1,3,0,1,s,0,0,0,s,s,0,1,0,7,28,13,16,d,1,8,3,0,6,0,11,d,1,8,3
I830,0,0,0,0,1,s,0,0,0,s,s,0,0,0,7,28,0,0,21,1,8,3,0,6,0,0,0,1,8,3
I831,0,0,0,0,1,s,0,0,0,s,s,0,0,0,7,28,0,0,21,1,8,3,0,6,0,13,0,1,8,3
I832,0,0,0,0,1,s,0,0,0,s,s,0,0,0,7,28,0,0,21,1,8,3,0,6,0,13,0,1,8,3
I837,2,0,0,0,1,s,0,0,0,s,s,0,0,0,7,28,0,0,21,1,8,3,0,6,0,13,0,1,8,3
1731,2,0,0,0,1,s,0,d,0,s,s,0,0,0,7,28,9,d,21,1,8,3,0,6,0,13,0,1,8,3
1679,2,s,0,0,1,s,0,3,0,s,s,d,0,0,7,28,0,14,d,1,8,3,0,6,0,13,0,1,8,3
I840,0,0,0,0,1,s,0,0,0,s,s,0,0,0,7,28,0,0,21,1,8,3,0,6,0,13,0,1,8,3
I841,0,0,3,0,1,s,0,0,0,s,s,0,0,0,7,28,0,0,21,1,8,3,0,6,0,13,2,1,8,3
I842,0,0,3,0,1,s,0,0,0,s,s,0,0,10,7,28,0,10,s,1,8,3,0,6,0,13,2,1,8,3
1677,0,0,3,0,1,s,0,0,d,s,s,0,0,10,d,28,0,10,s,d,8,3,0,6,0,13,d,1,8,3
1676,0,0,3,0,1,s,0,0,0,s,s,0,d,10,7,d,0,10,s,1,d,d,0,6,0,13,d,1,8,3
1753,d,0,d,0,1,s,0,d,0,s,s,d,0,0,d,28,d,0,d,1,8,3,d,6,0,13,2,1,8,3
1615,0,0,d,0,d,s,0,d,0,s,s,0,d,14,7,28,0,0,21,1,8,3,0,6,0,d,0,1,8,3
I847,0,0,0,1,1,s,0,0,0,s,s,0,0,2,7,28,8,0,21,1,8,3,0,6,0,13,0,1,8,3
I848,0,0,0,1,1,s,0,0,0,s,s,0,0,2,7,28,8,0,21,s,8,3,0,6,0,13,0,1,8,3
I849,0,0,0,s,1,s,0,0,0,s,s,0,0,2,7,28,8,0,21,s,8,3,0,6,0,13,0,1,8,3
1634,0,0,0,s,1,s,0,d,0,s,s,d,0,2,7,28,8,0,21,s,8,3,0,6,0,13,0,1,8,d
1776,0,0,0,s,1,s,0,0,0,s,s,0,d,2,d,28,8,0,21,s,8,3,0,6,0,13,0,1,8,3
I852,0,0,0,1,1,s,0,3,0,s,s,0,0,2,7,28,8,0,21,s,8,3,0,6,0,13,0,1,8,3
1344,0,0,0,1,1,s,0,3,0,s,s,0,d,2,7,28,8,d,21,s,8,3,0,6,0,13,d,1,8,3
I854,0,1,0,1,1,s,0,3,0,s,s,0,0,2,7,28,8,0,21,s,8,3,0,6,0,13,0,1,8,3
1569,0,1,0,1,1,s,0,3,0,s,s,d,d,2,7,28,8,0,21,s,8,3,d,6,0,13,0,1,8,3
1568,0,1,0,1,1,s,d,3,0,s,s,8,d,2,7,28,8,0,21,s,8,3,0,6,d,13,d,1,8,3
I855,0,0,3,1,1,s,0,0,0,s,s,0,0,2,7,28,8,0,21,1,8,3,0,6,0,13,2,1,8,3
I856,2,0,3,1,1,s,7,0,6,s,s,0,0,2,7,28,8,0,21,1,8,3,0,6,0,13,2,1,8,3
1573,2,1,3,s,d,s,7,0,6,s,s,0,0,2,d,28,8,0,21,1,8,d,0,6,0,13,2,1,8,d
1767,2,1,3,1,1,s,7,0,d,s,s,0,0,2,7,28,d,d,21,1,8,3,0,6,0,13,2,1,d,3
1571,0,d,d,1,1,s,0,0,s,s,s,0,d,2,7,d,8,d,21,d,8,3,0,6,d,13,2,1,8,3
I862,0,0,0,0,1,s,0,0,0,s,s,0,0,0,7,28,13,0,21,1,8,3,0,6,0,0,0,1,8,3
I863,0,0,3,0,1,s,0,37,0,s,s,0,0,0,7,28,13,0,21,1,8,3,0,6,0,0,0,1,8,3
I864,0,0,3,0,1,s,0,37,0,s,s,0,0,0,7,28,13,0,21,1,s,3,0,6,0,0,0,1,8,3
I865,0,0,3,0,1,s,0,37,0,s,s,0,0,0,7,28,13,0,21,1,s,3,0,6,0,0,0,1,8,3
I866,0,0,s,1,1,s,s,37,0,s,s,0,3,0,7,28,13,0,21,1,s,3,0,6,0,0,0,1,8,3
1245,0,0,s,1,d,s,s,37,d,s,s,0,d,0,7,28,d,8,21,1,s,d,0,6,d,0,0,1,8,3
1244,0,0,s,1,1,s,s,37,0,s,s,0,3,0,7,28,13,0,d,1,s,d,0,6,0,0,d,1,8,3
I867,0,0,3,0,1,s,0,37,0,s,s,0,0,0,7,s,13,0,21,1,s,3,0,6,0,0,0,1,8,3
1265,0,d,3,0,1,s,0,37,d,s,s,0,0,d,7,s,13,0,21,1,s,3,0,6,0,0,0,1,s,3
1264,0,0,3,0,1,s,0,37,0,s,s,0,d,0,7,s,13,0,21,1,s,3,0,6,0,d,0,1,8,3
1116,17,d,3,0,1,s,0,37,37,s,s,d,1,7,7,28,13,0,21,1,s,3,0,d,0,0,0,1,d,3
I871,0,0,3,0,1,s,0,37,0,s,s,0,0,0,7,28,13,0,21,1,8,3,0,6,0,0,0,1,8,3
I872,0,0,3,0,1,s,0,37,0,s,s,0,0,0,7,28,13,14,21,1,8,s,0,6,0,0,0,1,8,3
I873,0,0,3,0,1,s,0,37,0,s,s,0,0,0,7,28,13,14,21,1,8,s,0,6,0,0,0,1,8,3
1423,d,d,3,0,1,s,0,37,d,s,s,5,d,0,7,28,13,14,d,d,8,s,0,6,d,0,0,1,8,3
1422,0,0,3,0,1,s,0,37,0,s,s,d,0,0,7,28,13,14,d,1,8,s,0,6,0,0,0,1,8,3
1553,0,0,3,0,1,s,0,d,0,s,s,0,d,d,7,28,d,14,d,1,8,s,0,6,7,0,0,1,8,3
I875,2,0,3,0,1,s,0,37,0,s,s,0,0,0,7,28,13,0,21,1,8,3,0,6,0,38,0,1,8,3
I876,2,1,3,0,1,s,0,37,0,s,s,21,0,8,7,28,13,0,21,1,8,3,0,6,0,38,0,1,8,3
1811,2,1,3,0,1,s,0,37,0,s,s,21,0,8,7,28,13,0,21,1,d,3,0,6,0,38,0,1,8,s
1810,2,1,3,0,1,s,0,37,0,s,s,21,d,8,7,28,13,0,21,1,8,3,0,d,0,38,0,1,8,3
I877,2,0,3,0,1,s,0,37,0,s,s,0,0,0,7,28,13,0,21,1,8,3,4,6,0,38,0,1,8,3
1759,2,0,3,0,1,s,d,d,0,s,s,0,0,d,7,28,13,0,21,1,8,d,4,6,0,38,0,1,8,3
1758,2,0,3,0,1,s,0,37,0,s,s,d,0,d,7,28,13,0,21,1,8,3,4,6,0,38,0,d,8,3
I878,0,0,0,1,1,s,0,0,0,s,s,0,0,0,7,28,13,0,21,1,8,3,0,6,0,0,0,1,8,3
I879,0,0,0,1,1,s,0,0,0,s,s,0,0,0,7,28,13,0,21,1,8,3,0,6,0,0,0,1,8,3
I880,0,0,0,1,1,s,0,0,0,s,s,0,0,0,7,28,13,0,21,1,8,3,0,6,0,0,s,s,8,3
1761,0,0,d,1,1,s,0,0,34,s,s,0,4,0,7,28,13,0,21,1,d,3,0,6,7,0,s,s,8,3
1739,0,0,0,d,1,s,0,d,0,s,s,0,0,0,7,d,13,0,21,1,8,3,0,6,0,0,s,s,8,3
I885,2,0,0,1,1,s,0,0,0,s,s,0,0,0,7,28,13,0,21,1,8,3,0,6,0,0,0,1,8,3
1923,2,0,0,d,1,s,0,0,0,s,s,0,0,0,7,28,13,0,21,1,8,3,0,6,0,0,0,1,8,3
1922,2,0,d,1,1,s,0,0,0,s,s,0,d,0,7,28,d,0,21,1,8,3,0,6,0,0,0,1,8,3
I886,0,0,0,1,1,s,0,0,0,s,s,0,0,0,7,28,13,0,21,1,8,3,0,6,11,0,0,1,8,3
I889,0,1,0,1,s,s,s,15,0,s,s,0,0,0,7,28,13,13,21,1,8,3,0,6,11,0,0,s,8,3
1433,0,1,0,d,s,s,s,15,0,s,s,0,d,0,7,28,13,13,21,1,d,3,d,d,d,0,0,s,8,3
1432,0,1,0,1,s,s,s,15,0,s,s,0,0,0,7,28,13,13,21,1,8,d,0,6,11,0,0,s,8,3
I890,0,0,2,1,1,s,0,0,0,s,s,0,0,0,7,28,13,0,21,1,8,3,0,6,11,0,0,1,8,3
I891,0,0,2,1,1,s,0,0,0,s,s,0,0,0,7,28,13,0,21,1,8,3,0,6,11,0,0,1,8,3
1869,0,0,2,1,d,s,d,0,0,s,s,0,0,0,d,28,13,0,21,1,d,3,0,6,11,0,0,1,d,3
1868,0,0,2,1,1,s,0,0,0,s,s,0,0,0,7,28,13,0,21,1,d,3,0,6,11,0,0,1,8,3
I892,0,0,2,1,1,s,0,27,0,s,s,0,0,0,7,28,13,0,21,1,8,3,0,6,11,0,0,1,8,3
1827,0,d,2,1,1,s,0,27,0,s,s,0,0,0,7,28,13,0,21,1,8,3,0,6,11,25,0,1,8,d
1826,0,0,2,d,1,s,0,d,0,s,s,d,0,0,7,28,13,0,21,1,8,3,0,d,11,0,0,1,8,3
I893,0,0,2,0,1,s,0,37,s,0,s,35,0,0,7,28,0,0,0,1,s,3,0,6,0,0,s,0,8,3
I894,0,s,2,0,1,s,0,37,s,0,s,35,0,0,7,28,0,0,0,1,s,3,0,6,0,0,s,0,8,3
I895,0,s,2,0,1,s,0,37,s,11,s,35,0,0,7,28,0,4,0,1,s,3,4,6,0,0,s,0,8,3
I896,0,s,2,0,1,s,0,37,s,11,s,35,0,0,7,28,0,4,0,1,s,3,4,6,0,0,s,1,8,3
I897,0,s,2,0,1,s,0,37,s,11,s,35,0,0,7,28,0,4,41,1,s,3,4,6,0,0,s,1,8,3
I898,0,s,2,0,1,s,0,37,s,11,s,35,0,0,7,28,0,4,41,1,s,3,4,6,7,0,s,1,8,3
1438,0,s,2,1,1,s,0,37,s,11,s,35,d,0,7,28,0,4,41,1,s,d,4,6,7,0,s,1,d,3
1227,0,s,2,1,1,s,0,37,s,11,s,35,0,0,7,s,0,4,41,d,s,3,4,6,7,0,s,d,8,3
1328,12,s,2,0,1,s,d,37,s,d,s,d,0,0,7,28,23,4,41,1,s,3,4,6,0,0,s,s,8,3
I904,0,s,2,0,1,s,0,37,s,11,s,35,0,0,7,28,0,4,0,1,s,3,4,6,0,0,s,1,8,3
1249,s,s,2,0,1,s,0,s,s,11,s,35,0,0,7,28,0,d,0,1,s,3,4,6,0,d,s,1,8,3
I908,0,s,2,0,1,s,0,37,s,11,s,35,0,0,7,28,0,4,0,1,s,3,4,6,0,0,s,1,8,3
1781,0,s,2,0,1,s,0,37,s,11,s,35,0,d,7,28,d,4,0,1,s,d,4,6,0,0,s,1,8,3
I910,0,s,2,0,1,s,0,37,s,11,s,35,0,0,7,28,0,4,0,1,s,3,4,6,0,0,s,1,8,3
1737,0,s,2,d,1,s,0,37,s,11,s,35,0,0,d,28,0,4,0,1,s,3,4,6,0,0,s,1,8,3
1736,d,s,2,0,1,s,0,37,s,11,s,35,0,0,7,28,0,4,0,1,s,d,4,6,9,0,s,1,8,3
I911,1,s,2,0,1,s,0,37,s,11,s,35,0,0,7,28,0,4,0,1,s,3,4,6,0,0,s,1,8,3
I916,1,s,2,1,1,s,0,37,s,11,s,35,0,7,7,28,0,4,0,1,s,3,4,6,0,5,s,1,8,3
1656,1,s,2,1,1,s,0,37,s,11,s,35,0,7,7,28,d,4,20,1,s,3,4,6,0,5,s,d,8,d
1556,1,s,2,1,d,s,0,37,s,11,s,35,0,7,7,28,d,4,0,1,s,s,4,d,0,d,s,1,8,3
I919,1,s,2,0,1,s,0,s,s,11,s,35,0,0,7,28,0,4,0,1,s,3,4,6,0,0,s,1,8,3
I922,s,s,2,0,1,s,0,s,s,11,s,35,s,0,7,28,0,4,33,1,s,3,4,6,12,0,s,1,8,3
1683,s,s,d,d,d,s,0,s,s,11,s,35,s,d,7,28,d,4,33,1,s,d,4,6,12,0,s,1,8,3
1682,s,s,2,0,1,s,0,s,s,d,s,35,s,0,7,28,0,4,33,d,s,3,4,6,12,0,s,1,8,3
I923,1,s,2,0,1,s,0,s,s,11,s,35,0,0,7,28,0,4,0,1,s,3,4,6,0,0,s,1,8,3
I924,1,s,2,0,1,s,0,s,s,11,s,35,0,0,7,28,0,4,0,1,s,3,4,6,0,0,s,1,8,3
1931,1,s,2,d,d,s,0,s,s,11,s,35,d,0,7,28,0,4,d,1,s,3,4,6,0,0,s,1,8,3
1930,1,s,2,0,d,s,7,s,s,11,s,35,0,5,7,28,0,d,0,1,s,3,4,6,0,d,s,1,8,3
1802,1,s,d,0,1,s,7,s,s,11,s,35,4,0,7,28,0,4,0,1,s,3,4,6,0,0,s,d,d,3
I926,0,s,2,0,1,s,0,37,s,1,s,35,0,0,7,28,0,0,0,1,s,3,4,6,6,31,s,0,8,3
I927,0,s,2,5,1,s,7,37,s,1,s,35,0,0,7,28,0,0,33,1,s,3,4,6,6,31,s,0,8,3
I928,3,s,2,5,1,s,7,37,s,1,s,35,0,0,7,28,0,0,33,1,s,3,4,6,6,31,s,0,8,3
I929,3,s,2,5,1,s,7,37,s,1,s,35,0,0,7,28,0,0,33,1,s,3,4,6,6,31,s,0,8,3
I930,3,s,2,5,1,s,7,37,s,1,s,35,s,0,7,28,0,16,33,1,s,3,4,6,6,31,s,0,8,3
1843,3,s,2,5,1,s,7,d,s,d,s,d,s,0,d,28,0,16,33,d,s,3,s,6,d,31,s,0,8,3
1842,3,s,2,5,1,s,7,37,s,1,s,35,s,0,7,28,0,16,33,1,s,3,4,6,6,31,s,0,8,3
1926,3,s,2,5,1,s,7,37,s,1,s,35,0,0,7,28,0,d,d,1,s,3,d,d,6,31,s,1,8,d
I933,3,s,2,5,1,s,7,37,s,1,s,35,0,0,7,28,0,0,33,1,s,3,4,6,6,31,s,0,8,3
1849,3,s,2,5,1,s,7,37,s,1,s,35,0,0,7,28,0,0,33,1,s,3,d,6,6,31,s,0,8,3
1848,3,s,2,5,1,s,7,37,s,d,s,35,0,0,7,d,0,0,d,1,s,3,d,6,6,31,s,0,8,3
I935,0,s,2,5,1,s,7,37,s,1,s,35,0,0,7,28,0,14,33,1,s,s,4,6,6,31,s,0,8,3
I936,0,s,2,5,s,s,7,37,s,1,s,35,0,0,7,28,0,14,33,1,s,s,4,6,6,31,s,0,8,3
1960,0,s,2,d,s,s,7,37,s,1,s,35,0,0,7,28,13,14,d,1,s,s,4,d,6,31,s,1,8,d
1990,0,s,2,5,s,s,7,37,s,1,s,35,0,0,7,28,0,d,33,1,s,s,s,d,6,31,s,d,d,3
I939,0,s,2,5,1,s,7,37,s,1,s,35,0,0,7,28,0,14,33,1,s,s,4,6,6,31,s,0,8,s
I940,16,s,2,5,1,s,7,37,s,1,s,35,0,0,7,28,23,14,33,1,s,s,4,6,6,31,s,0,8,s
1957,16,s,2,5,d,s,7,37,s,1,s,35,0,0,7,28,23,14,33,1,s,s,4,6,6,31,s,0,8,s
1956,d,s,2,5,1,s,7,37,s,1,s,35,0,0,7,28,23,14,33,1,s,s,4,6,6,d,s,d,8,s
1934,0,s,2,5,1,s,7,37,s,1,s,s,0,7,d,28,0,14,33,1,s,s,d,6,6,31,s,0,8,s
I942,0,s,2,0,1,s,0,37,s,1,s,35,0,0,7,28,0,0,0,1,s,3,4,6,6,31,s,0,8,3
I943,0,s,2,1,1,s,0,37,s,1,s,35,0,s,7,28,0,0,0,1,s,3,4,6,6,31,s,0,8,3
I944,0,s,2,1,1,s,0,37,s,1,s,35,0,s,7,28,0,0,0,1,s,3,4,6,6,31,s,0,8,3
1716,0,s,2,d,d,s,d,37,s,1,s,d,0,s,7,28,0,d,0,1,s,3,4,6,6,31,s,0,d,d
I946,0,s,2,1,1,s,11,37,s,1,s,35,0,s,7,28,0,0,0,1,s,3,4,6,6,31,s,0,8,3
1913,d,s,2,1,1,s,d,d,s,1,s,35,0,s,d,28,0,0,11,1,s,3,4,6,6,31,s,0,8,3
1912,0,s,2,1,1,s,11,37,s,1,s,35,0,s,d,28,d,0,0,1,s,3,d,6,s,31,s,0,8,3
1644,0,s,2,1,d,s,7,37,s,1,s,d,4,s,7,28,s,0,d,1,s,3,4,6,6,31,s,0,8,3
I951,0,s,2,0,1,s,0,37,s,s,s,35,0,0,7,28,0,0,0,1,s,3,4,6,6,31,s,0,8,3
1629,0,s,2,1,d,s,d,37,s,s,s,35,0,0,7,28,0,0,0,1,s,d,d,6,6,31,s,0,8,3
1929,0,s,2,0,d,s,0,37,s,s,s,35,6,d,7,28,0,0,0,1,s,d,s,6,6,31,s,0,8,d
I957,0,0,2,0,1,s,0,37,s,0,s,35,0,0,7,28,0,8,7,1,s,3,4,6,0,0,s,0,8,3
I958,0,0,s,0,1,s,0,37,s,0,s,35,0,0,7,28,0,8,7,1,s,3,4,6,0,0,s,1,8,3
I959,0,0,s,0,1,s,0,37,s,0,s,35,0,0,7,28,0,8,7,1,s,3,4,6,0,0,s,1,8,3
I960,0,0,s,0,1,s,0,37,s,9,s,35,0,0,7,28,0,8,7,1,s,3,4,6,7,0,s,1,8,3
I961,0,0,s,0,1,s,0,37,s,9,s,35,0,0,7,28,0,8,7,1,s,3,4,6,7,0,s,1,8,3
1213,0,0,s,0,d,s,0,37,s,9,s,35,d,0,7,28,0,8,7,d,s,3,4,6,7,0,s,1,8,3
1240,0,0,s,0,1,s,0,37,s,9,s,s,0,0,7,28,0,8,7,1,s,d,4,6,7,0,s,1,8,3
1075,11,0,s,0,1,s,0,37,s,9,s,35,1,0,d,28,0,d,7,1,s,3,4,6,7,0,s,1,8,3
I967,0,0,s,1,1,s,0,37,s,0,s,35,0,0,7,28,0,8,7,1,s,3,4,6,0,0,s,1,8,3
1473,0,1,s,1,1,s,0,37,s,0,s,35,0,0,7,d,0,8,7,1,s,3,d,6,0,0,s,1,d,d
I971,0,1,s,1,1,s,0,37,s,0,s,35,0,4,7,28,1,8,7,1,s,3,4,6,0,0,s,1,8,3
I972,0,1,s,1,1,s,0,37,s,s,s,35,0,4,7,28,1,8,7,1,s,3,4,6,0,0,s,1,8,3
1315,0,1,s,1,1,s,0,37,s,s,s,35,0,4,7,28,d,8,7,1,s,3,4,6,0,0,s,1,8,3
1314,0,1,s,d,1,s,0,37,s,s,s,35,0,4,7,28,1,8,7,1,s,3,4,6,d,0,s,1,8,3
1447,0,1,s,1,1,s,0,37,s,0,s,35,0,4,7,28,d,8,d,1,s,d,d,6,0,0,s,1,8,3
I974,0,0,s,0,1,s,0,37,s,s,s,35,0,0,7,28,0,8,7,1,s,3,4,6,0,26,s,1,8,3
I975,0,0,s,0,1,s,0,37,s,s,s,35,0,0,7,28,0,8,7,1,s,3,4,6,0,26,s,1,8,3
I976,0,0,s,0,1,s,0,37,s,s,s,35,0,0,7,28,0,8,7,1,s,3,4,6,0,26,s,1,8,3
I977,0,0,s,0,1,s,s,37,s,s,s,35,0,0,s,28,0,8,s,1,s,3,s,6,s,26,s,1,8,3
1309,0,0,s,0,d,s,s,37,s,s,s,35,0,0,s,28,0,8,s,1,s,3,s,6,s,26,s,1,d,3
1308,0,0,s,0,1,s,s,37,s,s,s,35,0,0,s,28,0,d,s,1,s,3,s,6,s,26,s,1,8,3
1612,d,0,s,0,1,s,0,37,s,s,s,35,0,d,7,s,0,8,7,1,s,d,4,6,0,26,s,1,8,3
I979,0,0,s,0,1,s,0,37,s,s,s,35,0,2,7,28,0,8,7,1,s,3,4,6,0,26,s,1,8,3
I980,0,0,s,0,s,s,0,37,s,s,s,35,0,2,7,28,0,8,7,1,s,3,4,6,9,26,s,1,8,3
1513,0,0,s,0,s,s,d,37,s,s,s,35,0,2,7,28,d,8,7,1,s,3,4,6,9,26,s,1,8,3
1512,0,0,s,0,s,s,0,37,s,s,s,d,0,2,7,28,0,8,7,1,s,3,d,6,9,d,s,1,8,3
1702,0,0,s,0,d,s,d,d,s,s,s,35,0,2,7,28,0,8,7,1,s,d,4,6,0,d,s,1,8,3
I982,0,0,s,0,1,s,0,37,s,s,s,35,1,0,7,28,0,8,7,1,s,3,4,6,2,26,s,1,8,3
1729,0,0,s,0,1,s,0,37,s,s,s,35,1,0,7,28,0,d,7,1,s,3,4,d,2,26,s,d,8,3
I986,0,0,s,0,1,s,0,37,s,s,s,35,1,0,s,28,0,8,7,1,s,3,4,6,2,26,s,1,8,3
1258,6,0,s,0,1,s,0,37,s,s,s,d,1,d,s,28,0,d,7,d,s,3,4,6,2,26,s,1,8,3
I988,0,0,s,0,1,s,0,37,s,s,s,35,1,0,s,28,0,8,7,1,s,3,4,6,2,26,s,1,8,3
1591,0,0,s,0,1,s,0,37,s,s,s,35,1,0,s,28,0,8,7,d,s,3,4,6,d,26,s,1,d,3
1590,0,0,s,0,d,s,0,37,s,s,s,35,1,d,s,28,0,d,7,1,s,3,4,d,2,26,s,1,8,3
I989,0,0,2,0,1,s,0,37,s,4,s,35,0,10,7,28,0,8,7,1,s,3,4,6,0,0,s,0,s,3
I990,0,0,2,0,1,s,0,37,s,4,s,35,0,10,7,28,0,8,7,1,s,3,4,6,0,22,s,0,s,3
I996,0,1,2,0,1,s,7,37,s,4,s,35,s,10,7,28,0,8,7,1,s,3,4,6,0,22,s,1,s,3
1509,0,1,d,0,1,s,7,37,s,4,s,d,s,10,7,28,0,8,7,1,s,3,4,6,0,22,s,1,s,3
1508,0,1,2,d,d,s,d,37,s,4,s,35,s,10,7,d,d,8,7,d,s,3,4,6,0,s,s,1,s,3
I998,0,0,2,0,1,s,0,37,s,4,s,35,0,10,7,28,0,8,7,1,s,3,4,6,0,22,s,0,s,3
I999,0,0,2,0,1,s,0,37,s,4,s,35,0,10,7,28,0,8,7,1,s,3,4,6,0,22,s,0,s,3
I1000,0,0,2,0,1,s,0,37,s,4,s,35,0,10,7,28,0,8,7,1,s,3,4,6,0,22,s,0,s,3
2014,0,0,2,d,1,s,0,37,s,4,s,35,0,d,7,28,0,8,7,1,s,3,4,6,0,22,s,d,s,3
1032,0,0,2,0,d,s,0,37,s,d,s,35,d,d,d,28,0,8,7,1,s,3,4,6,0,22,s,s,s,3
I1002,0,0,2,0,1,s,0,37,s,4,s,35,0,10,7,28,0,8,7,1,s,3,4,6,0,22,s,0,s,3
1986,17,d,2,0,1,s,s,37,s,4,s,35,0,10,7,28,0,d,d,1,s,3,4,6,0,s,s,d,s,3
1026,0,1,2,0,1,s,0,37,s,4,s,35,0,10,7,28,d,8,7,d,s,3,4,6,0,22,s,0,s,3
I1004,0,0,2,1,1,s,7,37,s,4,s,35,0,10,7,28,0,8,7,1,s,3,4,6,0,22,s,0,s,3
I1005,0,0,2,1,1,s,7,37,s,4,s,35,4,10,7,28,0,8,7,1,s,3,s,6,8,22,s,0,s,3
2005,0,0,2,d,1,s,d,d,s,4,s,35,4,10,7,28,0,8,7,1,s,3,s,6,8,22,s,0,s,3
1010,s,d,2,1,d,s,7,37,s,4,s,35,4,10,7,28,d,s,7,1,s,3,s,6,8,22,s,0,s,3
1038,0,0,2,1,1,s,7,37,s,4,s,35,d,10,7,d,0,8,7,1,s,3,4,6,0,22,s,0,s,d
I1009,0,0,2,0,1,s,0,37,s,4,s,35,0,10,7,28,0,8,7,1,s,3,4,6,0,0,s,0,s,3
I1010,0,0,2,0,1,s,0,37,s,4,s,35,0,10,7,28,0,8,7,1,s,3,4,6,0,0,s,0,s,3
I1013,0,0,2,1,1,s,0,37,s,4,s,35,0,10,7,28,0,8,7,1,s,3,4,6,0,0,s,0,s,3
1115,0,0,2,d,d,s,0,37,s,4,s,35,0,10,7,28,0,8,7,1,s,3,4,6,d,0,s,d,s,3
1114,0,0,2,1,1,s,0,37,s,4,s,35,0,10,7,d,0,8,7,1,s,3,4,d,d,0,s,0,s,3
1121,d,0,2,0,1,s,0,37,s,d,s,35,0,10,7,28,0,8,d,1,s,s,4,6,0,0,s,0,s,d
I1018,0,1,2,0,1,s,7,37,s,4,s,35,0,10,7,28,0,8,7,1,s,3,4,6,0,0,s,0,s,3
I1019,0,1,2,0,1,s,7,37,s,4,s,35,0,10,7,28,0,8,7,1,s,3,4,6,0,0,s,0,s,3
1371,0,1,2,0,1,s,7,37,s,4,s,35,0,d,7,28,0,d,7,1,s,3,d,6,0,0,s,0,s,d
1370,0,1,2,0,d,s,7,37,s,4,s,35,0,d,7,28,0,8,7,1,s,s,d,6,0,0,s,0,s,3
I1020,0,1,2,0,1,s,7,37,s,4,s,35,0,10,7,28,0,8,7,1,s,3,4,6,0,0,s,0,s,3
1443,0,1,2,0,1,s,7,d,s,4,s,35,d,10,d,28,0,8,7,1,s,3,4,6,0,d,s,0,s,d
1442,0,1,2,d,1,s,7,d,s,4,s,d,d,10,7,28,0,8,7,1,s,d,d,6,0,0,s,d,s,3
