cell,r1,r2,r3,r4,r5,r6,r7,r8,r9,r10,r11,r12,r13,r14,r15,r16,r17,r18,r19,r20,r21,r22,r23,r24,r25,r26,r27,r28,r29,r30
I1,0,0,0,0,0,3,0,0,0,0,0,0,0,0,0,0,0,0,s,0,0,0,0,0,0,0,0,0,0,0
I2,0,0,0,0,0,3,0,0,0,11,0,0,0,0,0,0,0,0,s,0,0,0,0,0,0,0,0,0,0,0
I3,0,0,3,7,0,3,0,9,0,11,0,0,0,0,0,6,0,0,s,0,0,0,0,0,s,0,0,0,0,0
I4,0,0,3,7,0,3,0,9,0,11,0,0,0,0,0,6,s,0,s,0,0,0,0,0,s,0,s,0,0,0
I5,0,0,3,7,0,3,0,9,0,11,0,0,0,0,0,6,s,0,s,0,0,0,0,0,s,0,s,0,0,0
I6,1,0,3,7,0,3,0,9,0,11,0,0,14,8,0,6,s,0,s,0,0,0,0,1,s,0,s,0,0,0
I7,1,0,3,7,0,3,0,9,0,11,0,3,14,8,0,6,s,0,s,0,20,0,0,1,s,0,s,0,0,14
I8,1,0,3,7,0,3,0,9,0,11,0,3,14,8,0,6,s,0,s,0,20,1,0,1,s,0,s,1,0,14
I9,1,14,3,7,0,3,0,9,0,11,0,3,14,8,0,6,s,0,s,0,20,1,20,1,s,0,s,1,0,s
1506,1,14,d,7,d,3,0,d,0,11,27,3,14,d,0,6,s,d,s,d,20,d,20,1,s,0,s,1,0,s
I11,1,14,3,7,0,3,0,9,0,11,0,3,14,8,0,6,s,0,s,0,20,1,20,1,s,0,s,1,0,s
1981,d,14,3,7,0,3,0,9,0,11,0,3,14,8,0,6,s,0,s,0,20,1,20,1,s,0,s,1,d,s
1980,1,14,3,7,0,3,0,9,0,11,0,3,14,8,0,6,s,0,s,0,20,1,20,1,s,0,s,1,0,s
I12,1,20,3,7,0,3,0,9,0,11,0,3,14,8,0,6,s,0,s,0,20,1,0,1,s,0,s,1,0,14
I13,1,20,3,7,0,3,0,9,0,11,0,3,14,8,0,6,s,0,s,0,20,1,0,1,s,0,s,1,0,14
1425,1,20,3,7,0,3,0,9,1,11,0,3,14,8,0,d,s,d,s,0,20,1,0,1,s,0,s,d,0,14
1424,1,20,d,d,0,d,0,9,0,11,0,3,14,8,d,6,s,0,s,0,20,d,0,d,s,0,s,1,0,14
1626,1,d,3,d,0,d,27,9,1,11,d,3,14,8,1,6,s,0,s,d,d,1,3,1,s,0,s,1,2,14
I15,1,0,3,7,0,3,0,9,0,11,0,3,14,8,0,6,s,0,s,0,20,0,0,1,s,0,s,0,0,14
1421,d,0,3,7,s,d,0,9,7,11,5,3,14,8,1,6,s,0,s,0,20,0,0,1,s,0,s,0,0,d
I19,1,0,3,7,6,3,0,9,0,11,0,3,14,8,0,6,s,0,s,0,20,0,0,1,s,0,s,0,0,14
1283,d,4,3,7,6,3,0,9,0,11,0,3,d,d,0,d,s,s,s,d,20,0,0,1,s,1,s,d,0,14
1598,1,0,3,7,s,3,d,9,0,11,0,3,14,8,0,6,s,d,s,2,20,0,0,1,s,d,s,1,0,14
I22,1,12,3,7,0,3,0,9,0,11,0,0,14,8,0,6,s,0,s,0,7,0,0,1,s,0,s,0,0,0
I27,1,12,3,7,s,3,0,9,0,11,0,3,14,8,0,6,s,0,s,0,7,1,9,1,s,0,s,s,0,0
I28,1,12,3,7,s,3,0,9,0,11,0,3,14,8,0,6,s,0,s,0,7,1,9,1,s,0,s,s,0,0
1435,1,12,3,7,s,3,s,9,0,11,0,3,d,8,0,6,s,0,s,0,d,1,9,1,s,0,s,s,0,0
1434,1,12,3,7,s,3,0,9,0,11,0,3,14,8,0,6,s,0,s,0,7,1,9,1,s,0,s,s,0,0
1332,1,12,3,7,s,3,0,9,0,11,0,3,14,8,0,6,s,14,s,0,7,d,9,1,s,0,s,s,d,0
I30,1,12,3,7,0,3,0,9,0,11,27,0,14,8,0,6,s,0,s,2,7,0,0,1,s,1,s,0,0,0
I31,1,12,3,7,0,3,0,9,0,11,27,0,14,8,0,6,s,0,s,2,7,0,0,1,s,1,s,0,0,0
I32,1,12,3,7,0,3,0,9,0,11,27,0,14,8,0,6,s,0,s,2,7,0,0,1,s,1,s,0,0,0
1521,1,d,3,d,0,3,0,d,0,11,27,0,14,d,1,6,s,0,s,d,7,0,0,1,s,1,s,0,0,0
1520,1,12,3,d,0,3,0,d,0,11,27,0,d,8,0,6,s,0,s,2,7,d,d,d,s,1,s,0,0,0
1504,1,12,3,7,0,3,0,9,0,11,27,0,14,8,0,6,s,0,s,2,7,0,d,1,s,1,s,0,0,6
I34,1,12,3,7,0,3,0,9,0,11,27,s,14,8,0,6,s,14,s,2,7,1,0,1,s,1,s,0,0,0
1491,1,12,3,7,10,3,0,9,0,11,27,s,14,8,0,6,s,14,s,2,7,1,0,d,s,1,s,d,0,0
I36,1,12,3,7,0,3,0,9,0,11,27,s,14,8,0,6,s,14,s,2,7,1,3,1,s,1,s,0,0,0
1755,1,d,3,7,0,3,0,9,0,11,27,s,14,d,0,6,s,14,s,d,7,1,3,d,s,d,s,0,0,0
1754,1,d,3,7,13,3,0,9,0,11,27,s,14,8,0,6,s,14,s,2,7,d,3,1,s,1,s,0,0,0
I37,0,0,3,7,0,3,0,9,0,11,0,0,0,9,0,6,s,0,s,0,0,0,0,0,s,0,s,0,0,0
I38,0,0,3,7,0,3,0,9,0,11,0,0,11,9,0,6,s,0,s,0,0,0,0,0,s,0,s,0,0,3
I39,0,s,3,7,7,3,8,9,0,11,0,6,11,9,0,6,s,0,s,0,0,0,0,0,s,s,s,0,0,3
I40,0,s,3,7,7,3,8,9,0,11,0,6,11,9,0,6,s,0,s,0,0,0,0,0,s,s,s,0,0,3
I41,0,s,3,7,7,3,8,9,0,11,0,6,11,9,0,6,s,0,s,0,10,0,0,0,s,s,s,0,0,3
1303,0,s,3,7,7,3,8,9,0,d,0,6,11,9,0,6,s,d,s,0,10,s,0,0,s,s,s,0,0,3
1302,0,s,3,7,7,d,8,d,0,11,25,6,d,9,0,6,s,0,s,0,10,0,d,4,s,s,s,0,0,3
I42,0,s,3,7,7,3,8,9,0,11,0,6,11,9,0,6,s,0,s,0,0,1,0,0,s,s,s,0,0,3
1523,0,s,3,7,d,3,8,9,11,11,0,6,11,9,0,6,s,d,s,0,0,1,0,0,s,s,s,0,0,3
1522,0,s,d,d,d,3,8,9,0,11,0,d,11,9,d,6,s,d,s,2,0,1,0,0,s,s,s,0,0,3
1349,1,s,3,7,7,3,8,9,0,11,0,6,11,9,d,6,s,0,s,0,0,0,0,s,s,s,s,d,0,3
I46,1,0,3,7,0,3,0,9,0,11,0,3,11,9,0,6,s,0,s,0,0,0,0,0,s,0,s,1,0,3
I47,1,0,3,7,0,3,5,9,0,11,0,3,11,9,0,6,s,0,s,1,0,0,0,0,s,0,s,1,2,3
I49,1,0,3,7,0,3,5,s,0,11,0,3,11,9,0,6,s,23,s,1,0,1,0,0,s,0,s,1,s,3
1971,1,25,3,7,0,d,5,s,0,11,0,3,11,9,0,6,s,d,s,1,0,1,0,0,s,0,s,d,s,3
1970,1,d,3,7,0,3,5,s,0,d,d,3,11,9,1,6,s,23,s,1,0,1,0,0,s,0,s,d,s,3
1192,1,0,3,d,9,3,5,9,0,11,0,3,11,9,0,6,s,0,s,1,0,d,d,0,s,d,s,1,2,3
1035,1,d,3,7,17,3,0,9,d,11,19,3,11,9,0,6,s,d,s,1,0,d,0,0,s,0,s,1,3,3
I54,0,0,3,7,0,3,0,9,0,11,0,0,0,9,0,6,s,0,s,1,0,0,0,0,s,0,s,0,0,0
I55,0,0,3,7,0,3,0,9,0,11,32,0,0,9,0,6,s,0,s,1,0,0,0,0,s,0,s,s,0,0
I56,0,0,s,7,0,3,0,9,0,11,32,0,0,9,s,6,s,0,s,1,16,0,0,13,s,0,s,s,0,0
I57,0,16,s,7,0,3,0,9,0,11,32,0,0,9,s,6,s,0,s,1,16,0,0,13,s,0,s,s,0,0
1119,0,16,s,7,0,3,0,d,0,11,d,0,0,d,s,6,s,0,s,1,d,0,d,13,s,0,s,s,0,0
1118,0,16,s,d,0,3,0,9,0,11,d,0,0,9,s,6,s,0,s,1,16,d,d,d,s,0,s,s,0,0
I58,0,0,s,7,0,3,0,9,0,11,32,0,0,9,s,6,s,0,s,1,16,0,s,13,s,0,s,s,0,0
1161,0,0,s,7,18,3,0,9,d,11,32,0,0,9,s,6,s,0,s,1,16,0,s,13,s,0,s,s,0,0
1160,1,0,s,7,0,d,0,9,0,11,32,0,0,d,s,6,s,0,s,1,16,0,s,13,s,0,s,s,0,0
I60,0,0,3,7,0,3,0,9,0,11,32,s,4,9,0,6,s,0,s,1,0,0,0,0,s,1,s,s,0,0
1411,0,0,3,7,0,3,0,9,0,11,32,s,4,9,0,d,s,0,s,1,0,d,0,d,s,1,s,s,0,0
1410,0,0,3,7,d,3,0,9,0,11,32,s,4,9,0,d,s,d,s,1,0,0,0,0,s,1,s,s,0,0
I62,0,0,3,7,0,3,0,9,2,11,0,3,0,9,0,6,s,0,s,1,0,0,0,0,s,0,s,0,0,0
1112,d,0,3,7,0,3,5,9,2,11,0,d,9,9,1,6,s,0,s,1,0,1,d,0,s,0,s,1,0,d
I66,0,0,3,7,0,3,0,s,2,11,0,3,0,9,0,6,s,0,s,1,0,0,0,0,s,0,s,0,0,0
I67,0,0,3,7,0,3,0,s,2,11,0,3,0,9,0,6,s,0,s,1,0,0,20,0,s,0,s,0,0,0
1457,0,d,d,7,0,d,0,s,d,d,0,3,0,9,0,6,s,0,s,1,0,0,20,0,s,0,s,0,0,0
1456,0,0,s,7,0,3,0,s,2,11,0,3,d,9,0,6,s,0,s,1,0,0,20,0,s,0,s,0,0,0
1339,0,14,3,7,17,d,23,s,2,11,0,3,0,9,0,6,s,27,s,d,0,0,21,d,s,0,s,0,0,0
I69,0,0,3,7,0,3,0,9,0,11,0,0,19,0,0,6,s,0,s,0,0,0,0,0,s,0,s,0,0,0
I70,0,0,3,7,0,3,0,9,0,11,0,0,19,0,0,6,s,0,s,0,19,0,0,0,s,0,s,0,0,0
I71,0,0,3,7,0,3,0,9,0,11,0,0,19,21,0,6,s,0,s,0,19,0,0,0,s,0,s,0,3,0
I73,0,0,3,7,0,3,3,9,11,11,0,3,19,21,1,6,s,0,s,2,19,0,2,0,s,0,s,1,3,0
1287,d,11,3,7,0,3,d,9,d,11,2,3,d,21,1,6,s,0,s,2,19,0,2,0,s,1,s,1,3,0
I75,0,3,3,7,0,3,3,9,11,11,0,3,19,21,1,6,s,0,s,2,19,0,2,0,s,0,s,1,3,0
1151,0,3,3,7,d,3,3,9,11,d,0,3,d,21,d,6,s,10,s,2,19,0,2,0,s,0,s,d,3,0
1150,s,3,d,7,0,3,3,9,11,11,19,3,19,21,1,6,s,0,s,2,19,0,2,0,s,0,s,1,3,0
I79,0,0,3,7,0,3,0,9,0,11,11,0,19,21,0,6,s,0,s,0,19,0,0,0,s,0,s,0,3,0
I80,0,0,3,7,0,3,0,9,0,11,11,0,19,21,0,6,s,0,s,1,19,1,0,0,s,0,s,0,3,0
1343,d,d,3,7,0,d,42,9,0,11,11,0,d,d,0,6,s,13,s,1,19,1,0,0,s,d,s,0,d,0
I82,0,0,3,7,0,3,0,9,23,11,11,0,19,21,0,6,s,0,s,1,19,1,19,s,s,0,s,0,3,0
1719,0,0,3,7,d,3,0,9,23,11,d,0,19,21,0,6,s,0,s,1,d,1,19,s,s,0,s,0,3,0
1718,0,0,3,7,0,3,0,d,23,11,11,0,19,21,0,6,s,0,s,d,19,1,19,s,s,0,s,0,3,0
I83,0,0,3,7,0,3,8,9,0,11,11,0,19,21,0,6,s,10,s,0,19,0,0,0,s,0,s,0,3,s
1111,0,0,3,7,d,3,8,d,0,11,11,3,19,21,1,6,s,10,s,0,d,0,15,0,s,0,s,0,3,s
I85,0,0,3,7,0,3,8,9,0,11,11,0,19,21,0,6,s,10,s,0,19,0,0,0,s,0,s,0,3,s
1071,d,0,3,7,0,d,8,9,0,d,11,0,19,d,0,6,s,10,s,0,19,0,0,0,s,1,s,0,3,s
I86,1,0,3,7,13,3,8,9,0,11,11,0,19,21,2,6,s,10,s,0,19,0,0,0,s,0,s,0,3,s
2029,1,0,3,7,13,3,8,9,0,11,11,0,d,21,2,6,s,10,s,0,19,0,0,0,s,d,s,0,d,s
2028,1,0,3,7,13,3,8,9,0,11,d,0,19,21,2,d,s,10,s,0,19,0,0,0,s,0,s,d,3,s
I87,1,0,3,7,0,3,0,9,0,11,0,0,19,0,1,6,s,0,s,0,19,0,0,0,s,0,s,1,0,0
I88,1,0,3,7,0,3,0,9,0,11,0,0,19,0,1,6,s,0,s,0,19,0,0,0,s,0,s,1,0,0
I89,1,0,3,7,0,3,0,9,0,11,0,0,19,0,1,6,s,0,s,0,19,0,0,29,s,0,s,1,0,0
1190,1,0,s,7,0,3,0,9,0,11,0,0,19,0,1,6,s,2,s,d,d,0,0,29,s,0,s,s,d,d
1299,d,0,3,7,0,3,0,9,4,11,d,0,19,0,1,6,s,0,s,0,19,0,0,29,s,0,s,1,0,0
1376,s,0,3,7,0,3,d,9,0,11,9,3,19,0,1,6,s,0,s,0,19,0,14,0,s,d,s,1,d,d
I95,1,0,3,7,0,3,0,9,0,11,0,0,19,0,1,6,s,0,s,0,19,0,0,0,s,0,s,1,0,0
1079,1,0,3,7,d,3,23,9,0,11,0,0,19,13,1,6,s,13,s,0,19,0,0,0,s,1,s,d,0,0
I99,1,0,3,7,0,3,0,9,0,11,0,0,19,0,1,6,s,0,s,0,19,0,16,0,s,0,s,1,2,0
1173,1,18,s,7,0,3,36,d,d,d,4,d,19,0,d,6,s,0,s,s,19,d,d,8,s,0,s,1,2,0
1406,1,d,d,7,0,3,0,9,d,11,0,0,d,d,1,6,s,0,s,0,19,0,16,0,s,0,s,1,d,0
I102,0,0,3,7,0,3,0,9,11,11,0,0,19,0,0,6,s,3,s,0,0,0,0,0,s,0,s,0,0,0
I103,0,0,3,7,0,3,0,9,11,11,0,0,19,0,0,s,s,3,s,0,0,0,0,0,s,0,s,0,0,4
I104,0,0,3,7,0,3,0,9,11,11,0,0,19,0,0,s,s,3,s,0,0,0,0,0,s,0,s,0,0,4
I105,0,0,3,7,0,3,0,9,11,11,0,0,19,0,0,s,s,3,s,0,0,0,0,0,s,0,s,0,0,4
1972,0,16,3,7,0,3,d,9,11,11,0,0,19,0,0,s,s,3,s,0,0,d,0,16,s,0,s,0,0,4
1058,s,0,3,7,0,3,0,d,d,11,0,0,19,s,0,s,s,3,s,0,3,0,6,8,s,0,s,0,d,4
I109,0,16,3,7,0,3,0,9,11,11,22,0,19,0,0,s,s,3,s,2,0,0,0,0,s,0,s,0,0,4
I110,0,16,3,7,0,3,0,9,11,11,22,0,19,0,0,s,s,3,s,2,0,0,0,0,s,0,s,1,0,4
I111,0,s,3,7,0,3,41,9,11,11,22,0,19,0,0,s,s,3,s,2,0,0,0,0,s,0,s,1,0,4
1867,0,s,d,7,d,3,41,d,11,11,22,0,19,0,0,s,s,3,s,2,0,0,0,0,s,0,s,1,0,4
1866,0,s,3,7,0,3,d,9,11,11,22,0,19,0,0,s,s,3,s,2,d,0,0,0,s,0,s,d,0,4
I112,0,16,3,7,0,3,1,9,11,s,22,0,19,0,0,s,s,3,s,2,0,0,0,0,s,0,s,1,3,4
1885,0,16,3,d,0,3,1,9,d,s,22,0,19,0,0,s,s,d,s,2,0,0,14,0,s,0,s,1,3,4
1884,0,16,d,d,0,3,1,d,11,s,22,d,19,0,d,s,s,3,s,2,d,0,0,0,s,0,s,1,3,4
2045,0,d,3,7,0,3,0,9,11,11,22,0,d,0,0,s,s,s,s,d,16,d,d,d,s,d,s,0,0,d
I116,0,0,3,7,0,3,0,9,11,11,0,0,19,8,0,s,s,3,s,0,0,0,0,0,s,0,s,0,0,4
1048,d,0,3,s,13,3,0,d,11,11,0,3,19,8,0,s,s,3,s,0,0,1,20,4,s,d,s,d,0,4
I123,0,0,s,7,9,3,0,9,11,11,29,0,19,8,0,s,s,3,s,0,0,0,s,0,s,0,s,0,0,s
1965,0,d,s,7,9,d,0,9,11,11,29,d,19,8,0,s,s,3,s,0,0,0,s,0,s,0,s,d,0,s
1964,0,0,s,7,9,3,0,9,11,11,29,d,19,8,0,s,s,3,s,0,0,0,s,d,s,0,s,0,0,s
I124,1,0,3,7,0,3,0,9,11,11,0,0,19,17,0,6,s,3,s,0,0,0,0,0,s,0,s,0,0,0
I125,1,0,3,7,0,3,0,9,11,11,0,0,19,17,0,6,s,3,s,0,0,0,0,0,s,0,s,0,0,0
I126,1,0,3,7,10,3,0,9,11,11,0,0,19,17,0,6,s,3,s,0,0,0,0,0,s,0,s,0,0,0
1300,1,0,3,7,10,3,0,9,11,11,21,d,19,17,0,6,s,3,s,0,24,0,0,1,s,0,s,0,0,0
1133,1,0,3,7,10,3,s,9,d,11,0,0,19,d,0,6,s,s,s,0,d,0,0,0,s,0,s,0,2,0
I129,1,0,3,7,0,3,0,9,11,11,0,0,19,17,s,6,s,3,s,0,0,0,0,0,s,0,s,0,0,0
1476,s,0,3,d,0,3,0,9,d,11,d,0,19,17,s,6,s,3,s,0,0,0,0,0,s,0,s,1,d,0
1726,1,d,3,7,0,d,0,d,11,d,0,0,d,s,s,6,s,3,s,d,0,2,0,4,s,0,s,1,0,0
I132,1,0,3,7,0,3,0,9,11,11,0,0,19,17,0,6,s,3,s,0,0,0,0,0,s,0,s,0,0,0
1095,1,5,3,7,0,3,0,9,11,11,14,d,19,17,0,6,s,3,s,0,0,0,0,0,s,0,s,1,0,4
I136,1,0,3,7,0,3,0,9,11,11,0,0,19,17,0,6,s,3,s,0,32,0,0,4,s,0,s,0,0,6
1165,1,0,3,7,0,3,0,d,11,11,0,0,d,17,0,6,s,3,s,0,32,0,0,4,s,0,s,d,0,d
1080,1,0,3,7,0,3,0,9,11,11,0,0,d,17,0,6,s,3,s,2,32,0,0,4,s,d,s,d,s,6
I139,0,0,3,7,0,3,0,9,0,11,0,0,0,0,0,6,0,10,s,0,0,0,0,0,s,0,0,1,0,0
I140,1,0,3,7,0,3,0,9,0,11,0,0,19,3,0,6,0,10,s,2,0,1,0,0,s,0,s,1,0,0
I141,1,0,3,7,0,3,0,9,0,11,0,0,19,3,0,6,0,10,s,2,0,1,0,0,s,0,s,1,0,0
I142,1,0,3,7,0,3,0,9,0,11,0,6,s,3,0,6,0,10,s,2,5,1,0,0,s,0,s,1,0,10
I143,1,0,3,7,0,3,0,9,0,11,0,6,s,3,0,6,0,10,s,2,5,1,0,0,s,0,s,1,0,10
I146,1,0,3,7,0,3,17,9,0,11,0,6,s,3,0,6,0,10,s,2,5,1,0,0,s,0,s,1,0,10
1785,1,0,3,7,10,d,17,9,0,11,0,6,s,3,d,6,0,10,s,2,5,d,0,0,s,0,s,1,0,10
1784,1,0,3,7,0,3,17,9,0,11,0,6,s,d,0,6,d,10,s,2,5,1,d,0,s,0,s,1,0,10
1805,1,d,3,7,d,3,0,9,0,11,0,d,s,3,d,6,0,10,s,2,5,1,0,1,s,0,s,1,0,10
988,1,25,3,7,0,3,0,9,0,11,27,6,s,d,1,d,0,10,s,2,5,1,d,0,s,0,s,1,0,10
I154,1,15,3,7,0,3,0,9,0,11,19,0,s,3,0,6,0,10,s,2,0,1,0,0,s,0,s,1,0,0
I155,1,15,3,7,0,3,0,9,0,11,19,0,s,3,0,6,0,10,s,2,0,1,0,4,s,0,s,1,0,0
I157,1,15,3,7,0,s,0,9,0,11,19,0,s,3,0,6,0,10,s,2,0,1,3,4,s,1,s,1,0,0
1743,1,15,3,d,4,s,0,9,0,11,19,d,s,3,0,6,0,10,s,2,0,1,3,4,s,1,s,1,d,d
1742,1,15,3,s,0,s,0,9,0,11,19,0,s,3,0,6,0,10,s,2,0,1,3,4,s,d,s,1,0,d
I158,1,15,3,7,0,3,0,9,0,11,19,6,s,3,0,6,0,10,s,2,0,1,0,s,s,0,s,1,0,0
I159,1,15,3,7,0,3,0,9,0,11,19,6,s,3,0,6,0,10,s,2,0,1,0,s,s,0,s,1,0,0
1579,1,15,3,7,0,3,0,9,0,11,19,6,s,3,0,6,0,d,s,2,0,1,0,s,s,0,s,1,0,0
1578,1,d,d,7,0,3,0,9,0,11,19,6,s,d,0,6,0,10,s,d,0,d,d,s,s,0,s,1,0,0
I160,1,15,3,7,0,3,1,9,0,11,19,6,s,3,0,6,0,10,s,2,0,1,0,s,s,0,s,1,0,0
1725,1,15,3,7,0,d,1,9,0,11,19,6,s,d,0,6,0,10,s,2,d,1,d,s,s,0,s,1,0,0
1724,d,15,3,7,0,3,1,9,d,11,19,6,s,d,0,6,0,10,s,2,0,1,0,s,s,0,s,1,0,0
I165,1,15,3,7,0,3,0,9,0,11,19,0,s,3,0,6,2,10,s,2,0,1,0,0,s,0,s,1,0,0
I166,1,15,3,7,0,3,0,9,0,11,19,0,s,3,0,6,2,10,s,2,0,1,0,0,s,0,s,1,s,12
1903,1,15,s,7,0,3,0,9,0,11,19,d,s,3,0,6,2,d,s,2,0,1,0,d,s,0,s,1,s,12
1902,s,15,3,7,0,3,0,9,0,11,19,0,s,3,0,6,2,10,s,2,0,1,0,0,s,0,s,1,s,d
1666,d,d,3,7,0,3,0,9,0,11,19,0,s,3,0,6,2,10,s,d,d,d,0,0,s,0,s,1,0,0
I168,1,0,3,7,0,3,0,9,4,11,0,0,19,3,0,6,0,10,s,2,0,1,0,0,s,0,s,1,2,0
I169,1,0,3,7,0,3,0,s,4,11,0,3,19,3,0,6,0,10,s,2,0,1,0,0,s,0,s,1,2,0
I170,1,0,3,7,0,3,0,s,4,11,0,3,19,3,0,6,0,10,s,2,0,1,0,0,s,0,s,1,2,0
I171,1,0,3,7,0,3,0,s,4,11,0,3,19,3,0,6,0,10,s,2,0,1,3,0,s,0,s,1,2,0
I172,1,0,3,7,0,3,0,s,4,11,0,3,19,3,0,6,0,10,s,2,0,1,3,0,s,0,s,1,2,0
1815,1,0,d,7,0,3,0,s,4,11,d,3,19,3,0,6,0,10,s,2,0,1,3,0,s,0,s,1,2,0
1814,1,0,3,d,0,3,0,s,d,11,0,3,19,3,0,d,0,10,s,2,0,1,3,0,s,0,s,d,2,0
1886,1,0,d,7,0,3,0,s,4,11,0,3,19,d,d,d,0,10,s,2,d,d,3,0,s,1,s,1,2,0
I174,1,0,3,7,0,3,0,s,4,11,0,3,19,3,0,6,0,10,s,2,s,1,0,0,s,1,s,1,2,0
1942,d,d,3,s,0,3,0,s,4,11,0,3,19,3,0,6,0,10,s,d,s,1,0,0,s,1,s,1,2,0
2008,1,0,3,7,0,3,d,s,d,11,0,d,19,3,0,6,d,10,s,2,s,d,16,0,s,1,s,d,2,d
I177,1,0,3,7,0,3,0,s,4,11,0,3,19,3,0,6,0,10,s,2,0,1,0,27,s,0,s,1,2,4
I178,1,0,3,7,0,3,0,s,4,11,0,3,19,3,0,s,0,10,s,2,0,1,0,27,s,0,s,1,2,4
I179,1,19,3,7,10,3,0,s,4,11,0,3,19,3,0,s,0,10,s,2,7,1,15,27,s,0,s,1,2,4
1859,1,19,d,7,10,3,0,s,4,d,0,3,19,3,0,s,0,d,s,2,7,1,15,d,s,d,s,d,2,4
1858,1,19,3,7,10,d,0,s,4,11,0,d,19,3,0,s,0,10,s,2,7,1,15,27,s,0,s,1,2,4
1879,1,0,3,7,0,3,0,s,4,11,0,3,19,3,d,s,0,10,s,2,d,1,0,27,s,0,s,s,2,4
I181,1,0,3,7,0,3,0,s,4,11,0,3,19,3,0,6,0,10,s,2,0,1,0,27,s,0,s,1,2,4
1029,1,0,3,7,d,3,0,s,4,11,0,3,s,3,0,6,0,10,s,2,3,1,0,27,s,0,s,1,2,4
I182,1,0,3,7,0,3,0,s,4,11,0,3,19,3,0,6,0,10,s,2,0,1,0,27,s,0,s,1,2,4
2043,1,0,d,d,0,3,0,s,4,11,0,3,19,3,0,6,0,d,s,2,0,1,0,27,s,0,s,1,2,4
2042,1,0,3,d,d,3,0,s,d,11,0,3,19,3,0,6,0,10,s,2,0,1,0,27,s,0,s,1,2,4
I183,1,0,3,7,0,3,0,9,4,11,3,0,19,3,0,6,s,10,s,2,0,1,0,0,s,0,s,1,2,0
I185,1,0,3,7,13,3,1,9,4,11,3,6,19,3,0,6,s,10,s,2,0,1,0,0,s,0,s,1,2,4
1575,1,20,3,7,13,3,1,9,4,11,3,6,19,3,0,6,s,10,s,2,0,1,0,0,s,0,s,1,2,4
I187,1,0,3,7,13,3,1,9,4,11,3,6,19,3,0,6,s,10,s,2,0,1,0,0,s,0,s,1,2,4
1715,1,0,3,7,13,3,1,d,4,11,3,6,d,3,d,6,s,10,s,2,0,1,0,0,s,0,s,1,2,4
1714,1,0,3,7,13,d,1,9,4,11,3,d,19,d,0,6,s,10,s,2,0,1,0,d,s,d,s,1,2,4
I191,1,0,3,7,0,3,0,9,4,11,3,0,19,3,1,6,s,10,s,2,s,1,0,0,s,0,s,1,2,0
1544,1,0,3,7,d,3,d,9,4,d,3,d,19,3,d,d,s,d,s,d,s,s,0,0,s,0,s,1,2,0
1537,1,0,3,7,0,3,d,d,d,11,d,s,19,d,1,6,s,10,s,2,s,1,0,d,s,d,s,1,d,s
I198,0,0,3,7,0,3,0,9,0,11,0,0,0,0,0,6,0,10,s,0,0,0,0,0,s,0,12,1,0,0
I199,0,23,3,7,0,3,0,9,0,11,21,0,0,0,0,6,0,10,s,0,0,0,0,2,s,0,12,1,0,0
I200,0,23,3,7,s,3,0,9,0,11,21,0,0,0,0,6,0,10,s,0,0,0,0,2,s,0,12,1,0,0
I201,0,23,3,7,s,3,0,9,0,11,21,0,0,11,0,6,0,10,s,2,0,0,0,2,s,0,12,1,0,0
1042,0,23,d,7,s,3,0,9,0,11,21,s,0,11,d,6,0,10,s,2,0,d,0,2,s,1,12,d,0,s
2037,0,23,3,d,s,d,0,9,d,11,21,0,d,11,0,6,0,10,s,d,24,0,s,2,s,d,12,1,0,0
I205,0,23,3,7,s,3,7,9,0,11,21,0,0,0,1,6,0,10,s,0,0,0,0,2,s,0,12,1,0,0
I206,0,23,3,7,s,3,7,9,0,11,21,0,0,0,1,6,0,10,s,0,0,1,0,2,s,0,12,1,0,0
1921,0,23,3,7,s,3,7,9,0,11,21,0,0,0,1,d,d,d,s,0,0,1,0,2,s,0,12,1,0,0
1952,0,23,3,d,s,3,7,9,d,11,21,0,3,0,1,6,0,d,s,0,0,1,0,d,s,0,12,1,0,d
1024,1,23,3,7,s,3,d,9,0,11,d,0,0,0,1,6,d,10,s,0,0,d,0,d,s,0,d,1,0,0
I210,0,23,3,7,0,3,0,9,0,11,21,0,0,0,0,6,0,10,s,0,0,1,0,2,s,0,12,1,0,0
I211,0,23,3,7,0,3,0,9,0,11,21,0,0,0,0,6,0,10,s,0,0,1,0,2,s,1,12,1,0,0
I212,0,23,3,7,0,3,9,9,0,11,21,0,0,0,0,6,0,10,s,1,0,1,s,2,s,1,12,1,0,0
1041,0,23,3,7,s,3,9,9,d,11,21,0,d,0,0,6,0,10,s,1,0,1,s,2,s,1,12,1,d,0
1040,0,23,d,7,0,3,9,9,0,11,21,0,0,21,0,6,0,10,s,1,0,1,s,2,s,1,12,d,0,0
I215,1,23,3,7,0,3,0,9,s,11,21,5,0,0,0,6,0,10,s,0,0,1,0,2,s,1,12,1,0,0
2013,1,d,d,7,0,3,0,d,s,11,21,5,0,d,0,d,0,10,s,0,d,1,d,2,s,1,12,1,d,0
2012,d,23,3,7,d,3,0,9,s,11,d,5,0,0,d,6,0,10,s,0,0,1,0,2,s,1,d,1,d,0
I216,0,23,3,7,0,3,0,9,0,11,21,0,0,0,0,6,0,10,s,0,0,1,0,2,s,0,12,1,0,0
1985,0,23,3,7,0,3,0,9,s,11,21,0,15,0,0,d,0,10,s,0,0,1,0,2,s,d,d,1,0,12
1582,0,23,3,7,0,s,20,d,0,11,21,0,d,0,0,6,5,10,s,d,0,1,0,2,s,d,d,1,0,d
I223,0,0,3,7,0,3,31,9,0,11,0,0,0,0,0,6,0,10,s,0,0,1,0,0,s,0,12,1,0,0
I224,0,0,3,7,0,3,31,9,0,s,0,0,0,0,0,6,0,10,s,0,0,1,0,0,s,0,12,1,0,0
I225,0,0,s,7,0,3,31,9,0,s,0,0,0,0,s,6,0,10,s,0,0,1,0,0,s,0,12,1,0,0
I226,0,0,s,7,0,3,31,9,0,s,0,0,0,0,s,6,0,10,s,0,0,1,20,0,s,0,12,1,0,0
I227,1,0,s,7,0,3,31,9,0,s,0,0,0,0,s,6,0,10,s,0,0,1,20,0,s,0,12,1,0,0
1549,1,0,s,d,0,3,d,9,0,s,0,0,0,0,s,d,0,10,s,d,0,1,20,0,s,0,d,1,0,0
1548,1,d,s,7,0,3,31,9,0,s,0,0,0,0,s,6,0,10,s,0,d,d,20,0,s,0,12,1,0,0
1595,0,0,s,7,d,3,31,9,0,s,s,0,0,0,s,6,0,10,s,0,5,1,20,0,s,0,12,1,d,0
I231,0,0,s,7,0,3,31,9,0,s,18,0,0,0,s,6,1,10,s,0,0,s,0,0,s,s,12,1,0,0
1661,0,d,s,7,7,3,d,9,0,s,18,0,0,0,s,6,1,10,s,0,0,s,0,0,s,s,d,1,0,0
1660,0,0,s,7,0,3,31,d,0,s,18,0,0,d,s,6,1,10,s,0,0,s,0,0,s,s,12,d,0,0
I232,0,0,3,7,0,3,31,9,0,s,0,0,0,0,0,6,0,10,s,0,0,1,0,0,s,4,12,1,0,0
I233,0,15,3,7,0,3,31,9,0,s,0,0,0,0,0,6,0,10,s,0,0,1,0,0,s,4,12,1,s,0
1487,0,d,3,7,0,3,d,9,0,s,0,0,0,0,0,6,0,10,s,0,24,1,0,0,s,4,12,1,s,0
1563,0,15,3,7,0,3,31,9,1,s,d,0,15,d,d,6,0,d,s,0,0,1,0,0,s,4,12,1,s,0
I238,0,11,3,7,0,3,31,9,0,s,0,0,0,0,1,6,0,10,s,0,0,1,0,0,s,4,12,1,0,0
1441,d,d,3,7,17,3,31,9,3,s,0,0,d,0,1,6,0,10,s,0,0,1,0,0,s,4,12,1,0,0
1440,d,11,3,7,0,3,d,9,0,s,0,0,0,0,1,6,0,10,s,1,0,1,0,d,s,4,12,1,0,0
I239,0,0,3,7,0,3,31,9,0,11,0,6,19,0,0,6,s,10,s,0,0,1,21,0,s,0,12,1,0,0
I240,0,0,3,7,0,3,31,9,0,11,0,6,19,11,0,6,s,10,s,0,0,1,21,0,s,0,12,1,0,0
1796,d,0,3,7,0,3,d,9,0,11,d,6,d,11,4,6,s,10,s,0,0,1,s,8,s,0,d,1,0,0
I245,0,0,3,7,0,3,31,9,0,11,0,6,19,11,0,6,s,10,s,2,19,1,21,0,s,1,12,1,0,6
2033,0,0,3,d,0,3,d,9,0,11,0,6,19,11,0,6,s,10,s,2,19,1,21,0,s,1,12,1,0,6
2032,0,0,3,7,0,3,31,9,0,11,0,6,19,11,0,6,s,10,s,2,19,1,d,0,s,1,12,1,0,6
I246,0,0,3,7,13,3,31,9,0,11,0,6,19,0,0,6,s,10,s,0,0,1,21,0,s,0,12,1,0,0
I247,0,0,3,7,13,3,31,9,0,11,0,6,19,0,0,6,s,10,s,0,0,1,21,0,s,0,12,1,0,0
I248,0,0,3,7,13,s,31,9,0,11,0,6,19,0,0,6,s,10,s,0,0,1,21,0,s,0,12,1,0,4
2021,0,0,3,7,13,s,31,9,0,11,d,6,19,0,0,6,s,10,s,0,d,1,21,0,s,0,12,1,0,d
2020,0,0,3,7,13,s,31,9,0,11,0,6,19,0,0,6,s,10,s,0,0,1,21,0,s,d,d,1,0,d
1050,0,0,3,7,d,3,d,9,0,11,0,6,d,d,0,6,s,10,s,0,0,1,21,0,s,0,12,1,0,0
1997,0,1,3,7,13,3,31,9,d,11,0,6,19,0,2,6,s,10,s,0,0,s,21,0,s,d,12,1,0,0
I251,0,0,0,0,0,3,0,0,0,11,0,s,s,0,0,0,0,0,s,0,0,1,0,12,0,0,0,0,0,0
I252,0,0,0,0,0,3,0,0,0,11,0,s,s,6,0,0,0,0,s,1,0,1,0,12,0,0,0,0,0,0
I253,0,0,0,0,0,3,0,0,0,11,0,s,s,6,1,0,0,0,s,1,s,1,0,12,0,0,0,0,0,0
I254,1,0,26,0,0,3,0,0,0,11,29,s,s,6,1,0,0,0,s,1,s,1,0,12,0,1,0,0,0,0
I255,1,0,26,0,0,3,0,0,0,11,29,s,s,6,1,0,0,0,s,1,s,1,0,12,0,1,0,0,0,0
I256,1,0,26,0,0,3,17,0,0,11,29,s,s,6,1,0,0,0,s,1,s,1,0,12,0,1,0,0,0,0
I257,1,5,26,0,0,3,17,0,0,11,29,s,s,6,1,0,0,0,s,1,s,1,0,12,0,1,0,0,0,0
I258,1,5,26,0,0,3,17,0,0,11,29,s,s,6,1,0,0,0,s,1,s,1,0,12,0,1,9,0,3,0
1223,1,5,d,d,0,3,d,0,d,d,d,s,s,6,1,0,0,0,s,1,s,1,0,d,0,1,9,d,3,0
1222,1,d,26,0,0,3,d,d,0,11,29,s,s,6,s,d,0,0,s,1,s,d,0,12,d,1,9,1,3,0
1378,1,d,26,0,0,3,s,0,0,d,29,s,s,6,d,0,0,0,s,1,s,1,0,12,0,1,0,0,2,0
I260,1,16,26,0,0,3,17,0,0,11,29,s,s,6,1,0,0,0,s,1,s,1,0,12,0,1,0,0,0,0
1068,1,16,d,0,13,3,17,0,s,11,29,s,s,6,1,0,0,0,s,1,s,1,0,12,0,1,31,0,2,14
1359,1,16,26,16,0,3,d,0,0,11,29,s,s,d,d,d,2,d,s,1,s,1,0,12,d,1,0,0,0,d
I263,1,0,26,26,0,3,0,0,0,11,29,s,s,6,1,0,0,0,s,1,s,1,0,12,0,1,0,0,0,12
1255,1,25,d,26,0,3,0,0,0,s,29,s,s,6,1,0,d,d,s,1,s,d,0,12,0,1,30,0,0,12
I269,1,0,26,26,0,3,0,0,0,11,29,s,s,6,1,3,0,3,s,1,s,1,0,12,2,1,0,1,0,12
1279,1,0,26,26,0,3,0,0,0,11,d,s,s,6,d,3,0,3,s,1,s,1,0,12,2,1,0,1,0,12
1278,1,0,26,26,0,3,0,0,d,11,29,s,s,6,1,3,0,3,s,1,s,1,0,12,d,1,0,d,0,12
I270,1,0,26,0,0,3,0,0,36,11,29,s,s,6,1,0,0,0,s,1,s,1,0,12,0,1,0,0,0,0
I271,1,0,26,18,0,3,0,0,36,11,29,s,s,6,1,0,0,0,s,1,s,1,0,12,2,1,0,0,0,0
I272,1,0,26,18,0,3,8,0,36,11,29,s,s,6,1,0,0,0,s,1,s,1,0,12,2,1,0,1,0,0
I273,1,0,26,18,0,3,8,0,36,11,29,s,s,6,1,s,0,0,s,1,s,1,0,12,2,1,0,1,3,0
1005,1,0,26,18,17,3,8,0,d,11,29,s,s,6,1,s,d,0,s,1,s,1,0,12,2,1,0,1,3,d
1004,1,0,26,18,0,3,d,12,36,11,29,s,s,6,d,s,0,0,s,1,s,1,0,12,2,1,0,1,3,3
1994,1,0,26,18,0,3,8,d,36,11,29,s,s,6,1,d,0,0,s,1,s,1,0,12,d,1,0,d,0,0
I277,1,0,26,18,0,3,0,0,36,11,29,s,s,6,1,0,0,1,s,1,s,1,21,12,2,1,0,0,0,0
1073,1,0,26,d,0,3,0,2,36,11,29,s,s,d,1,0,0,1,s,1,s,1,d,12,2,1,d,0,0,0
1186,d,0,26,18,0,3,0,0,36,11,29,s,s,6,1,0,6,1,s,1,s,1,21,12,d,1,0,1,2,0
I280,1,0,26,0,0,3,0,0,36,11,29,s,s,6,1,0,1,0,s,1,s,1,0,12,0,1,0,0,0,0
I281,1,0,26,0,0,3,0,0,36,11,29,s,s,6,1,0,1,0,s,1,s,1,0,12,0,1,0,0,2,10
1319,1,0,26,0,s,3,5,0,36,11,29,s,s,d,1,0,1,d,s,1,s,1,d,d,0,1,0,0,d,d
1180,1,17,d,0,d,3,0,s,36,11,29,s,s,6,1,0,1,0,s,1,s,d,16,d,d,1,0,0,s,10
I285,1,0,s,0,1,3,0,0,36,11,29,s,s,6,1,0,1,0,s,1,s,1,15,12,2,1,0,1,2,0
1773,1,0,s,0,1,3,0,0,36,11,29,s,s,6,1,0,d,0,s,1,s,d,15,12,d,1,0,1,2,0
1772,1,0,s,0,1,3,0,0,36,11,29,s,s,6,1,0,1,0,s,1,s,1,15,12,2,1,0,1,2,0
I287,0,0,0,0,0,3,0,0,0,11,0,s,s,6,1,0,0,0,s,1,s,1,14,12,0,0,0,0,0,0
I288,0,0,0,0,0,3,0,0,0,11,0,s,s,6,1,0,0,0,s,1,s,1,14,12,0,0,0,0,0,0
I289,0,0,0,0,0,3,0,0,0,11,0,s,s,6,1,0,1,0,s,1,s,1,14,12,2,0,s,0,0,0
I290,0,0,0,0,0,3,0,0,0,11,0,s,s,6,1,0,1,0,s,1,s,1,14,12,2,0,s,0,0,0
1144,0,d,0,0,0,3,0,0,0,d,0,s,s,6,1,0,1,0,s,1,s,1,d,12,2,0,s,0,0,0
1488,0,0,0,d,0,3,0,0,0,11,0,s,s,6,1,d,1,0,s,d,s,1,d,12,2,0,s,0,0,0
I293,0,0,0,0,0,3,0,0,0,11,16,s,s,6,1,0,1,0,s,1,s,1,14,12,2,0,s,0,0,0
I294,0,0,0,0,0,3,0,0,s,11,s,s,s,6,1,0,1,0,s,1,s,1,14,12,2,0,s,0,0,0
1605,0,0,0,0,0,d,0,d,s,11,s,s,s,6,1,0,1,0,s,1,s,1,14,12,d,0,s,0,0,d
1604,0,0,0,0,0,3,d,0,s,11,s,s,s,6,1,0,1,d,s,d,s,1,14,12,2,0,s,0,0,0
1416,0,d,0,0,0,3,0,0,0,11,16,s,s,6,1,0,1,d,s,1,s,1,14,12,2,0,s,d,2,0
I296,0,0,0,0,0,3,0,0,0,11,2,s,s,6,1,0,0,20,s,1,s,1,14,12,0,0,0,0,0,0
1146,1,1,0,0,0,3,0,s,0,11,2,s,s,6,1,0,0,d,s,1,s,1,d,12,0,0,s,0,d,0
I302,0,0,0,0,0,3,0,0,1,11,2,s,s,6,1,0,0,20,s,1,s,1,14,12,0,1,31,1,0,0
1239,1,0,0,0,0,3,0,0,1,11,d,s,s,6,1,0,0,s,s,d,s,d,14,12,0,d,31,1,0,13
1238,0,0,d,0,0,3,d,2,1,11,2,s,s,6,1,0,0,20,s,1,s,1,14,12,0,1,31,1,0,d
I303,0,0,0,0,0,3,1,0,0,11,9,s,s,6,1,0,0,0,s,1,s,1,14,12,0,0,4,0,0,0
I304,0,0,0,s,0,3,1,0,0,11,9,s,s,6,1,0,0,5,s,1,s,1,14,12,0,0,4,0,0,0
I305,0,0,0,s,0,3,1,0,0,11,9,s,s,6,1,0,4,5,s,1,s,1,14,12,0,0,4,0,0,0
1799,0,3,0,s,0,3,d,0,0,11,9,s,s,6,1,0,4,5,s,1,s,1,14,12,0,0,4,0,3,0
I307,0,0,0,s,0,3,1,0,0,11,9,s,s,6,1,0,4,5,s,s,s,1,14,12,0,1,4,0,2,0
1807,0,d,0,s,0,3,1,0,0,11,9,s,s,6,d,0,4,5,s,s,s,1,d,12,0,1,d,0,2,0
1806,0,0,0,s,d,3,1,0,d,11,9,s,s,6,1,0,4,5,s,s,s,1,d,12,0,d,4,0,2,0
I309,0,0,0,s,0,3,1,0,0,11,9,s,s,6,1,0,s,5,s,1,s,1,14,12,0,0,4,0,0,0
1841,0,d,0,s,0,3,1,0,0,11,9,s,s,6,1,d,s,s,s,1,s,1,14,12,0,0,d,0,0,0
1840,0,d,0,s,d,3,d,d,d,11,9,s,s,6,1,d,s,5,s,1,s,1,14,12,0,0,4,0,d,0
I310,0,0,0,0,0,3,1,s,28,11,9,s,s,6,1,0,0,0,s,1,s,1,14,12,0,0,4,1,0,0
I311,0,0,26,0,0,3,1,s,28,11,9,s,s,6,1,0,0,0,s,1,s,1,14,12,0,0,4,1,0,0
I312,0,0,26,0,0,3,1,s,28,11,9,s,s,6,1,0,s,0,s,1,s,1,14,12,0,0,4,1,0,0
1745,0,0,26,0,0,3,d,s,28,d,9,s,s,6,d,0,s,0,s,1,s,1,d,12,0,0,4,1,0,0
1744,0,0,26,0,0,3,1,s,28,11,d,s,s,6,1,0,s,0,s,1,s,d,14,12,0,0,4,1,d,0
1369,0,d,26,0,d,3,1,s,28,11,9,s,s,6,1,0,0,0,s,1,s,1,14,12,0,d,4,1,0,0
I314,0,0,0,0,0,3,1,s,28,11,9,s,s,6,1,14,0,0,s,1,s,1,14,12,0,0,4,1,0,0
1783,0,0,0,1,0,3,1,s,28,11,9,s,s,6,d,14,4,0,s,1,s,1,14,12,0,0,4,1,0,0
I316,1,0,0,0,0,3,1,s,28,11,9,s,s,6,1,14,0,0,s,1,s,1,14,12,0,0,4,1,0,0
1889,d,0,0,0,0,3,1,s,28,11,9,s,s,6,1,d,0,0,s,1,s,1,14,d,0,0,4,1,0,d
1888,1,19,0,0,0,3,1,s,28,11,9,s,s,6,1,14,0,0,s,d,s,1,14,s,d,0,4,1,0,0
I317,0,0,0,0,0,3,0,2,0,11,0,s,s,6,1,0,0,0,s,1,0,1,0,12,0,0,0,0,0,0
I318,0,0,0,0,0,3,0,2,0,11,0,s,s,6,1,0,0,0,s,s,0,1,0,12,0,0,0,0,0,0
I319,0,0,0,0,0,3,0,2,0,11,0,s,s,6,1,0,2,0,s,s,0,1,0,12,0,0,0,0,0,0
I320,0,0,0,0,0,3,0,2,0,11,5,s,s,6,1,0,2,0,s,s,8,1,0,12,0,1,0,1,0,0
I321,0,0,0,0,1,3,36,2,0,11,5,s,s,6,1,0,2,0,s,s,8,1,0,12,0,1,0,1,s,0
I322,1,0,0,0,1,3,36,2,0,11,5,s,s,6,1,0,2,14,s,s,8,1,0,12,0,1,0,1,s,0
1801,1,d,0,0,1,3,36,2,0,11,5,s,s,6,d,0,2,14,s,s,8,1,0,12,0,d,0,1,s,0
1800,1,0,0,0,1,3,d,2,d,11,d,s,s,6,1,0,2,14,s,s,d,1,0,12,0,1,0,1,s,0
I323,0,0,0,0,1,3,36,2,0,11,5,s,s,6,1,0,2,0,s,s,8,1,0,12,0,1,0,1,s,0
1375,0,d,0,d,d,3,36,2,d,11,5,s,s,6,1,0,2,0,s,s,8,1,0,12,0,d,0,1,s,0
1374,d,d,0,s,1,3,36,d,0,11,5,s,s,6,1,0,2,d,s,s,8,1,0,12,d,1,0,1,s,0
1429,0,17,0,0,0,3,23,s,d,11,5,s,s,6,1,0,2,14,s,s,8,d,2,12,0,1,0,d,0,d
I327,2,0,10,0,0,3,0,2,0,11,0,s,s,6,1,27,2,0,s,s,0,1,0,12,0,0,0,0,3,0
1292,d,0,d,0,0,3,d,2,d,11,0,s,s,6,1,27,2,0,s,s,0,s,9,12,2,0,21,1,d,0
I331,2,15,10,0,0,3,0,2,0,11,0,s,s,6,1,27,2,0,s,s,24,1,0,12,0,0,0,0,3,6
1140,2,d,10,0,0,d,d,d,19,11,0,s,s,6,1,27,s,0,s,s,d,1,0,12,0,0,0,0,3,6
I333,2,15,10,0,0,3,12,2,0,11,s,s,s,6,1,27,2,0,s,s,24,1,0,12,0,0,0,1,3,6
1539,2,15,10,0,0,3,12,d,d,11,s,s,s,6,1,27,2,0,s,s,24,1,d,12,d,0,0,1,3,6
1538,2,15,10,0,0,3,12,2,0,11,s,s,s,6,1,27,2,d,s,s,d,1,0,d,0,0,0,1,3,6
I334,0,0,0,0,0,3,0,2,s,11,0,s,s,6,1,0,0,0,s,s,0,1,0,12,0,1,0,0,2,0
I335,0,0,0,0,0,3,0,2,s,11,0,s,s,6,1,0,0,0,s,s,0,1,0,12,0,1,0,0,2,4
1897,0,1,13,0,0,3,d,2,s,11,0,s,s,6,1,d,0,0,s,s,0,1,s,12,0,1,9,0,2,4
I340,0,0,0,0,0,3,0,2,s,11,0,s,s,6,1,0,0,0,s,s,0,1,0,12,0,1,0,0,s,4
1665,d,0,0,d,0,3,0,2,s,11,0,s,s,d,1,0,0,d,s,s,0,1,0,12,0,1,0,0,s,4
1664,0,0,0,0,d,3,d,2,s,11,0,s,s,6,1,d,0,0,s,s,0,d,d,12,d,1,d,0,s,d
I342,0,0,s,27,0,3,0,2,s,11,0,s,s,6,1,0,0,0,s,s,0,1,0,12,0,1,0,0,2,0
I343,0,0,s,27,0,3,0,2,s,11,s,s,s,6,1,39,0,0,s,s,0,1,0,12,0,1,0,0,2,0
1735,0,0,s,27,0,3,0,2,s,d,s,s,s,6,1,39,0,0,s,s,0,1,d,d,2,1,0,0,2,s
I345,0,0,s,27,13,3,0,2,s,11,s,s,s,6,1,39,0,0,s,s,s,1,0,12,0,1,0,0,2,0
1695,d,d,s,27,13,3,0,2,s,d,s,s,s,6,1,39,0,0,s,s,s,1,0,d,0,1,0,0,2,0
1694,0,0,s,27,13,3,0,2,s,11,s,s,s,6,1,39,0,0,s,s,s,1,0,12,0,1,0,0,2,d
I346,0,0,s,27,0,3,17,2,s,11,0,s,s,6,1,0,0,0,s,s,0,1,0,12,6,1,0,0,2,0
I347,0,0,s,27,0,3,17,2,s,11,0,s,s,6,1,0,0,0,s,s,0,1,0,12,6,1,0,0,2,0
1937,0,0,s,27,0,3,17,2,s,11,0,s,s,6,1,0,0,0,s,s,0,1,d,12,6,1,0,0,2,0
1936,0,d,s,27,d,d,17,2,s,11,30,s,s,6,1,0,0,0,s,s,0,1,d,12,6,1,0,0,d,0
I348,1,0,s,27,0,3,17,2,s,11,0,s,s,6,1,15,0,0,s,s,0,1,0,12,6,1,0,0,2,0
1499,1,0,s,27,d,3,17,2,s,11,0,s,s,6,1,15,0,0,s,s,0,1,0,d,6,1,0,1,2,0
1498,1,0,s,d,d,3,17,2,s,d,d,s,s,6,1,15,0,0,s,s,0,1,0,12,d,1,4,0,2,0
I349,0,0,0,0,0,3,0,2,0,11,0,s,s,6,1,0,5,0,s,1,0,1,0,12,0,0,0,0,0,0
I350,0,23,0,0,0,3,0,2,0,11,0,s,s,6,1,0,5,1,s,1,0,1,20,12,0,0,0,0,2,0
I351,0,23,3,0,0,3,0,2,0,11,0,s,s,6,1,38,5,1,s,1,0,1,20,12,0,0,0,0,2,0
I354,0,23,3,0,0,3,0,2,0,11,0,s,s,6,1,38,5,1,s,1,0,1,20,12,0,0,9,0,2,0
1769,0,23,3,0,0,3,0,2,0,11,d,s,s,d,1,38,5,1,s,d,0,1,20,12,0,0,9,d,d,0
1768,0,23,3,0,0,3,d,2,0,11,d,s,s,6,1,38,5,1,s,1,0,d,20,12,0,0,9,d,2,0
1684,0,d,3,0,0,3,0,2,3,11,0,s,s,6,d,38,5,1,s,1,d,1,20,12,s,0,0,0,2,0
I358,0,23,0,0,0,3,0,2,0,11,5,s,s,s,1,0,5,1,s,1,5,1,20,12,0,0,0,s,s,0
1167,1,23,0,7,12,3,0,2,0,11,d,s,s,s,1,0,5,1,s,1,5,1,d,d,0,0,0,s,s,d
I362,1,23,0,0,0,3,0,2,0,11,5,s,s,s,1,2,5,1,s,1,5,1,20,12,0,0,0,s,s,0
1218,1,23,d,0,0,3,0,2,0,11,d,s,s,s,1,2,5,1,s,d,5,1,20,12,2,0,d,s,s,0
1247,1,23,0,0,0,3,0,2,7,11,5,s,s,s,1,2,5,1,s,1,5,1,20,12,0,0,0,s,s,0
I365,0,0,0,9,0,3,7,2,0,11,0,s,s,6,1,0,5,0,s,1,0,1,0,s,0,0,27,0,0,0
I366,0,0,0,9,0,3,7,2,0,11,0,s,s,6,1,0,5,0,s,1,24,1,0,s,0,0,27,0,0,12
I368,0,0,20,9,0,3,7,2,7,11,31,s,s,6,1,3,5,17,s,1,24,1,3,s,2,1,27,0,0,12
1651,0,0,20,d,0,3,7,2,7,11,31,s,s,d,1,3,5,17,s,1,24,1,3,s,2,1,27,0,0,12
1650,0,0,20,9,d,3,7,2,7,11,31,s,s,6,1,3,5,17,s,1,24,1,3,s,2,1,27,0,0,12
I370,0,16,0,s,0,3,7,2,0,11,0,s,s,6,1,0,5,0,s,1,24,1,0,s,0,0,27,0,2,12
1940,0,16,0,s,0,3,7,2,0,11,0,s,s,6,1,d,5,0,s,1,24,1,0,s,d,d,27,0,2,12
1444,0,16,0,s,0,3,7,2,0,11,d,s,s,6,1,0,5,0,s,1,24,s,0,s,0,d,27,d,2,12
I374,0,5,0,9,0,3,7,2,0,11,0,s,s,6,1,0,5,0,s,1,0,1,0,s,0,0,27,0,0,0
I375,0,5,0,9,0,3,7,2,0,11,2,s,s,6,1,3,5,0,s,1,0,1,0,s,0,0,27,1,0,0
1347,0,5,d,9,0,3,7,2,0,11,2,s,s,6,1,3,5,0,s,d,0,1,0,s,0,0,27,1,0,0
1346,0,d,0,9,0,3,7,2,7,11,d,s,s,d,d,3,5,0,s,1,0,1,0,s,2,0,27,1,0,d
I376,0,5,0,9,16,3,7,2,0,11,0,s,s,6,1,0,5,0,s,1,0,1,0,s,0,0,27,0,0,0
1085,d,5,0,9,16,3,7,2,0,11,2,s,s,d,1,0,5,0,s,1,0,1,0,s,0,0,27,0,0,0
1084,0,d,0,9,16,3,7,2,0,11,0,s,s,6,d,0,5,0,s,1,0,1,0,s,d,0,27,0,0,0
I380,1,1,34,0,0,3,0,0,4,11,0,s,s,0,0,0,0,0,s,0,0,1,8,12,4,0,0,0,2,0
I381,s,1,34,0,0,3,0,0,4,11,0,s,s,0,0,0,0,16,s,0,6,1,8,12,4,0,0,0,2,0
I382,s,1,34,0,0,3,0,0,4,11,0,s,s,0,0,16,0,16,s,1,6,1,8,12,4,0,0,0,2,0
I383,s,1,34,0,0,3,0,0,4,11,0,s,s,0,0,16,0,16,s,1,6,1,8,12,4,0,0,0,2,0
I384,s,1,34,0,0,3,0,11,4,11,0,s,s,0,0,16,0,16,s,1,6,1,8,12,4,0,0,1,2,0
1838,s,1,d,0,16,3,0,11,4,11,0,s,s,0,0,16,0,16,s,1,6,1,d,d,4,0,d,1,s,0
I390,s,1,34,0,0,3,0,11,4,11,0,s,s,0,0,16,0,16,s,1,6,1,8,12,4,0,0,1,2,0
1699,s,d,34,0,0,3,0,11,d,11,0,s,s,0,0,d,0,16,s,d,d,1,8,d,4,d,0,1,2,d
1698,s,1,34,28,0,3,0,d,4,11,14,s,s,0,0,d,0,16,s,1,d,1,8,12,4,0,0,1,2,d
I391,s,1,34,0,0,3,0,0,4,11,3,s,s,0,0,16,0,16,s,1,6,1,8,12,4,0,0,0,2,s
I392,s,1,34,0,10,3,0,0,4,11,3,s,s,8,0,16,0,16,s,1,6,1,8,12,4,0,0,1,2,s
1675,s,1,34,0,10,3,d,0,d,11,3,s,s,s,0,16,0,16,s,d,6,1,8,12,4,0,d,1,2,s
1741,s,1,34,0,10,3,0,0,d,d,3,s,s,8,d,16,0,16,s,s,6,1,8,d,4,0,0,1,2,s
1593,s,1,34,d,0,d,0,0,d,11,3,s,s,0,0,16,0,16,s,1,6,1,d,d,4,1,0,0,2,s
I398,s,1,34,0,0,3,0,6,4,11,0,s,s,0,0,16,0,16,s,1,6,1,8,12,4,0,0,1,2,0
I399,s,1,34,0,0,3,0,6,4,11,0,s,s,21,0,16,0,16,s,1,6,1,8,12,4,0,0,1,2,14
1933,s,1,d,d,0,3,0,6,4,11,0,s,s,21,0,16,3,16,s,1,6,1,8,12,4,1,31,1,2,14
I403,s,1,34,0,0,3,0,6,4,11,0,s,s,21,0,s,0,16,s,1,6,1,8,12,4,0,0,1,2,14
I404,s,1,34,0,13,3,0,6,4,11,0,s,s,21,0,s,0,16,s,1,6,1,8,12,4,0,0,1,2,14
1789,s,1,34,0,13,3,0,d,4,11,0,s,s,21,0,s,0,16,s,1,6,1,8,12,4,0,0,1,2,14
1788,s,1,34,0,13,3,d,6,4,11,0,s,s,21,0,s,d,16,s,1,6,1,8,12,4,0,d,1,2,14
1881,s,1,34,0,0,3,0,6,4,d,2,s,s,21,d,s,13,16,s,d,6,1,8,12,4,d,0,1,2,14
I406,s,1,34,0,0,3,0,6,4,11,0,s,s,0,2,16,5,16,s,1,6,1,8,12,4,0,0,1,2,0
I407,s,1,34,0,0,3,0,6,4,11,0,s,s,0,2,16,5,16,s,1,6,1,8,12,4,1,0,1,2,6
1688,s,1,34,0,0,3,0,6,4,s,0,s,s,s,s,d,5,16,s,1,d,1,8,12,4,1,d,1,2,d
1901,s,1,34,0,0,3,s,6,4,d,0,s,s,3,2,16,5,16,s,d,d,1,8,12,d,1,0,1,2,6
I410,s,1,34,0,0,3,0,6,4,11,0,s,s,0,2,16,5,16,s,1,6,1,8,12,4,0,0,s,2,0
1829,s,1,d,0,d,d,0,6,4,11,d,s,s,9,2,16,5,d,s,1,d,1,8,12,4,0,d,s,2,0
1982,s,1,34,d,0,3,0,6,4,11,d,s,s,0,2,16,5,16,s,1,s,1,d,12,4,0,0,s,2,0
I413,s,1,34,0,0,3,0,0,4,11,0,s,s,2,0,36,13,16,s,0,6,1,8,12,4,0,0,0,2,0
I414,s,1,34,0,0,3,0,0,4,11,0,s,s,2,0,36,13,16,s,0,6,1,8,12,4,0,0,0,2,0
I415,s,1,34,0,0,3,0,0,4,11,0,s,s,2,0,36,13,16,s,0,6,1,8,12,4,0,0,0,2,0
I417,s,1,34,0,0,3,0,0,4,11,31,s,s,2,1,36,13,16,s,0,6,1,8,12,4,0,0,1,2,6
1331,s,1,34,0,d,3,0,0,4,11,31,s,s,2,1,36,13,16,s,0,6,1,8,12,4,0,0,1,2,6
1330,s,1,34,0,0,3,0,0,4,d,31,s,s,2,d,36,13,16,s,0,6,1,d,12,4,0,7,d,2,6
I421,s,1,34,0,0,3,0,0,4,11,0,s,s,2,0,36,13,16,s,0,6,1,8,12,4,0,0,0,2,0
1285,s,1,s,0,0,3,0,0,4,s,0,s,s,2,0,36,13,16,s,d,6,1,8,12,4,d,31,0,2,0
1284,s,1,d,0,0,3,0,0,4,11,0,s,s,2,0,36,13,16,s,0,6,1,8,12,4,0,0,0,2,0
I422,s,1,34,0,0,3,0,0,4,11,s,s,s,2,0,36,13,16,s,0,6,1,8,12,4,0,0,0,2,0
I423,s,1,34,0,10,3,0,0,4,11,s,s,s,2,0,36,13,16,s,0,6,1,8,12,4,0,0,0,2,14
I424,s,1,34,0,10,3,0,9,4,11,s,s,s,2,0,36,13,16,s,0,6,1,8,12,4,0,0,0,2,14
1451,s,1,34,d,10,3,0,9,4,s,s,s,s,2,1,36,13,16,s,0,6,d,8,d,4,0,d,0,2,14
1450,s,d,34,34,10,3,0,9,4,11,s,s,s,d,0,36,13,16,s,0,d,1,8,12,4,0,0,0,2,14
I425,s,1,34,0,s,3,0,0,4,11,s,s,s,2,0,36,13,16,s,0,6,1,8,12,4,1,9,0,2,14
1209,s,1,34,0,s,3,0,d,4,11,s,s,s,2,d,36,d,16,s,2,6,1,8,12,4,1,9,0,d,d
1208,s,1,34,0,s,3,0,0,4,d,s,s,s,d,0,36,13,16,s,0,6,1,8,12,4,d,d,0,2,14
I426,s,1,34,0,0,3,0,0,4,11,s,s,s,2,0,36,13,16,s,0,6,1,8,12,4,0,0,0,2,0
I427,s,1,34,0,0,3,0,0,s,11,s,s,s,2,0,36,13,16,s,0,6,1,8,12,4,0,0,0,2,0
1157,s,1,34,0,0,3,0,d,s,11,s,s,s,d,0,36,13,16,s,0,6,1,8,12,4,0,0,d,d,12
1156,s,d,d,d,0,3,0,0,s,11,s,s,s,2,s,36,13,16,s,0,6,d,8,12,4,0,d,0,2,0
I428,s,1,34,0,0,3,0,0,4,11,s,s,s,2,0,36,s,16,s,0,6,1,8,12,4,0,0,0,2,0
1109,s,1,34,0,0,3,0,0,4,11,s,s,s,2,d,d,s,16,s,0,6,1,8,12,4,0,0,0,2,0
1108,s,1,34,0,d,d,0,0,4,11,s,s,s,2,0,36,s,d,s,d,6,1,d,12,4,0,0,0,d,0
I429,s,1,34,0,0,3,0,0,4,11,0,s,s,2,0,36,13,16,s,0,6,1,8,12,4,0,0,0,2,0
I430,s,1,34,0,0,3,0,0,4,11,0,s,s,2,0,36,13,16,s,1,6,1,8,12,4,0,0,0,2,0
1408,s,1,34,0,0,3,0,0,4,11,4,s,s,2,0,36,d,16,s,1,6,d,8,12,4,0,0,0,2,12
I434,s,1,34,0,0,3,0,0,4,11,0,s,s,2,0,36,13,16,s,1,6,1,8,12,4,s,0,0,2,0
I435,s,1,34,0,0,3,0,0,s,11,0,s,s,2,0,36,13,16,s,1,6,1,8,12,4,s,0,0,2,0
1663,s,1,34,0,d,d,31,0,s,11,0,s,s,2,0,36,d,16,s,1,6,1,8,12,d,s,0,0,2,0
1662,s,1,34,0,0,3,0,0,s,11,0,s,s,d,0,36,13,16,s,1,d,1,8,d,4,s,0,0,2,0
1584,s,1,34,0,d,3,0,0,4,11,0,s,s,2,d,36,13,d,s,1,6,1,8,12,4,s,d,0,d,0
I441,s,1,34,19,4,3,0,6,4,11,0,s,s,2,0,36,s,s,s,2,6,1,8,12,4,0,0,0,s,0
1974,s,d,34,19,4,3,s,6,4,11,0,s,s,2,0,d,s,s,s,2,6,1,d,s,4,0,d,0,s,0
1543,s,d,34,19,4,3,0,6,4,11,0,s,s,2,0,36,s,s,s,2,6,1,8,12,4,0,4,0,s,0
I444,1,1,34,0,0,3,0,0,4,11,0,s,s,0,0,0,0,3,s,s,0,1,8,12,4,0,0,0,2,0
I445,1,1,34,0,0,3,0,0,4,11,0,s,s,0,0,0,0,3,s,s,0,1,8,12,4,0,0,0,2,s
I446,1,1,34,0,0,3,16,0,4,11,0,s,s,0,0,0,0,3,s,s,0,1,8,12,4,1,0,0,2,s
I447,1,1,34,0,0,3,16,0,4,11,0,s,s,0,0,0,0,3,s,s,0,1,8,12,4,1,0,0,2,s
1273,1,1,34,0,1,d,16,d,4,11,3,s,s,11,0,36,0,3,s,s,0,1,8,d,4,d,0,0,2,s
I451,1,1,34,12,0,3,16,0,4,11,0,s,s,11,0,16,0,3,s,s,19,1,8,12,4,1,0,0,2,s
I452,1,1,34,12,0,3,16,0,4,11,0,s,s,11,0,16,0,3,s,s,19,1,8,12,4,1,0,0,2,s
1143,1,1,34,12,0,3,16,0,4,11,0,s,s,11,0,16,0,3,s,s,19,1,8,12,4,1,d,0,2,s
1142,1,1,34,12,0,3,16,0,4,11,0,s,s,11,0,16,0,3,s,s,19,d,8,12,4,1,0,0,2,s
I453,1,1,34,12,0,3,16,0,4,11,0,s,s,11,0,16,0,3,s,s,19,1,8,s,4,s,0,0,2,s
1153,1,d,34,12,0,3,16,0,d,11,d,s,s,11,d,16,0,3,s,s,19,1,8,s,4,s,0,d,2,s
1152,1,1,34,12,0,3,16,0,4,11,0,s,s,11,0,16,d,3,s,s,19,1,8,s,4,s,d,0,s,s
I454,1,1,34,0,12,3,16,0,4,11,0,s,s,0,0,0,0,3,s,s,0,1,8,12,4,1,0,1,2,s
I455,1,1,34,0,12,3,16,0,4,11,0,s,s,0,0,0,0,3,s,s,0,1,8,12,4,1,0,1,2,s
1906,1,1,34,d,12,3,16,6,4,11,0,s,s,0,0,d,0,3,s,s,7,1,d,s,d,1,0,1,2,s
1821,1,1,34,0,12,3,16,0,4,11,7,s,s,d,1,0,0,3,s,s,0,1,8,12,4,1,0,1,2,s
I460,1,1,34,34,12,3,16,0,4,11,0,s,s,9,0,0,0,3,s,s,0,1,8,12,4,1,9,1,2,s
1875,1,1,34,34,d,3,16,0,4,11,0,s,s,d,0,0,0,3,s,s,0,1,8,12,4,1,9,d,2,s
1874,1,1,34,34,12,d,16,0,4,d,0,s,s,9,0,2,0,3,s,s,0,1,8,12,4,1,9,1,2,s
I461,1,1,34,0,0,3,0,0,4,11,0,s,s,0,0,0,2,3,s,s,13,1,8,12,4,0,0,0,2,s
I466,1,1,34,0,0,3,42,0,4,11,0,s,s,0,0,0,2,3,s,s,13,1,8,12,4,0,4,0,2,s
1891,1,d,34,0,0,3,42,0,4,11,0,s,s,8,1,0,2,d,s,s,13,d,8,12,4,0,4,0,2,s
I468,1,1,34,0,0,3,42,8,4,11,0,s,s,0,0,0,2,3,s,s,13,1,8,12,4,1,4,0,2,s
1771,1,1,34,0,0,3,42,8,4,d,0,s,s,0,0,0,2,3,s,s,13,1,8,12,4,1,4,0,2,s
1770,d,1,d,0,0,3,42,8,4,d,0,s,s,d,0,0,d,3,s,s,13,1,8,12,d,1,4,0,2,s
I470,1,1,34,7,0,3,0,0,4,11,0,s,s,0,0,0,2,3,s,s,13,1,8,12,4,0,0,0,2,s
1653,1,1,34,d,0,3,0,d,4,11,d,s,s,0,0,0,d,3,s,s,d,1,8,12,4,0,0,0,2,s
I472,1,1,34,7,10,3,s,5,4,11,4,s,s,0,0,0,2,3,s,s,13,1,8,12,4,0,0,0,2,s
1619,d,1,34,7,10,3,s,5,4,11,4,s,s,0,0,0,2,3,s,s,13,1,8,12,4,0,0,0,d,s
1618,1,d,34,7,10,3,s,5,4,11,4,s,s,0,0,0,2,3,s,s,13,1,8,12,4,d,0,0,2,s
I476,1,1,34,0,0,3,0,0,4,11,0,s,s,0,0,0,0,3,s,s,0,1,8,12,4,0,0,0,2,0
I477,1,1,34,0,0,3,0,0,4,11,0,s,s,0,1,0,0,3,s,s,0,1,8,12,4,1,12,0,2,0
I478,1,1,34,0,0,3,0,0,4,11,0,s,s,0,1,0,1,3,s,s,0,1,8,12,4,1,12,0,2,0
1608,1,1,d,0,0,3,0,0,4,d,0,s,s,8,1,0,1,3,s,s,d,1,8,12,d,1,12,0,2,0
1824,1,1,34,0,d,3,0,8,4,11,d,s,s,0,1,0,1,3,s,s,d,1,8,12,d,1,12,0,2,0
I485,1,1,34,0,0,3,0,0,4,s,0,s,s,0,1,0,0,3,s,s,0,1,8,12,4,1,12,0,2,0
I488,1,1,34,24,13,3,0,0,4,s,0,s,s,0,1,0,0,3,s,s,0,1,8,12,4,1,12,0,2,4
1709,1,1,34,d,13,3,0,d,4,s,0,s,s,0,1,0,0,3,s,s,0,1,8,12,4,1,12,0,2,4
1708,1,1,34,24,13,3,0,0,4,s,0,s,s,d,d,0,0,3,s,s,0,d,8,12,4,d,d,d,2,4
I489,1,1,34,0,0,3,20,0,4,s,0,s,s,0,1,0,0,3,s,s,19,1,8,12,4,1,12,0,2,0
1750,1,1,34,0,0,3,20,0,4,s,0,s,s,0,1,25,0,3,s,s,d,1,8,12,4,s,d,0,2,0
1968,1,1,34,0,0,d,20,0,4,s,0,s,s,17,1,38,0,d,s,s,19,1,8,12,4,1,12,1,2,d
I492,1,1,34,0,0,3,0,0,4,11,0,s,s,0,0,0,5,3,s,s,0,1,8,12,4,0,0,0,2,0
I493,1,1,34,0,0,3,0,0,4,11,0,s,s,0,0,0,5,3,s,s,0,1,8,s,4,1,0,0,2,0
I494,1,1,34,5,0,3,0,0,4,11,0,s,s,0,0,16,5,3,s,s,0,1,8,s,4,1,0,0,2,0
I495,1,1,34,5,12,3,0,0,4,11,0,s,s,0,0,16,s,3,s,s,0,1,8,s,4,1,4,0,2,0
1865,1,1,34,5,12,3,0,0,4,11,0,s,s,0,0,16,s,3,s,s,0,1,8,s,4,1,4,d,2,14
1864,1,1,34,5,d,3,0,0,4,d,31,s,s,0,0,16,s,3,s,s,0,1,8,s,4,1,4,0,2,0
1958,1,1,34,5,0,3,0,0,4,11,0,s,s,0,0,16,5,d,s,s,0,d,8,s,4,d,0,1,d,0
I498,1,1,34,0,0,3,s,0,4,11,0,s,s,0,0,27,5,3,s,s,0,1,8,s,4,1,0,0,2,0
1611,1,1,d,d,0,3,s,0,4,11,0,s,s,0,0,27,5,3,s,s,0,1,8,s,4,d,0,d,2,0
1610,d,1,34,d,0,3,s,d,4,d,0,s,s,0,d,27,5,3,s,s,0,1,d,s,4,1,0,0,2,0
I500,1,1,34,0,0,3,0,0,4,11,0,s,s,0,0,0,5,3,s,s,30,1,8,12,4,0,0,0,2,0
I501,1,1,34,0,0,3,0,0,4,11,0,s,s,0,0,0,5,3,s,s,30,1,8,12,4,0,0,0,2,0
2040,1,1,34,0,0,3,0,0,4,11,s,s,s,0,0,0,5,3,s,s,d,1,d,12,4,0,0,1,2,0
2001,1,1,34,0,0,d,0,0,4,11,0,s,s,0,d,0,5,3,s,s,30,1,8,12,4,0,0,0,d,d
1659,1,1,34,0,0,3,d,0,4,11,0,s,s,0,0,0,5,3,s,s,s,1,8,12,d,d,0,0,d,s
I507,0,0,0,0,0,3,0,0,s,0,0,0,0,0,0,21,0,0,s,2,0,0,14,0,0,0,0,0,0,0
I508,0,0,0,0,0,3,0,8,s,0,0,0,0,0,0,21,0,0,s,2,9,0,14,0,0,0,0,0,0,0
I509,0,0,0,0,0,3,0,8,s,0,0,0,0,0,0,21,s,0,s,2,9,0,14,0,0,0,0,0,0,0
I510,0,3,0,0,4,3,0,8,s,10,0,0,0,0,0,21,s,0,s,2,9,0,14,0,0,0,0,1,0,0
I511,0,3,0,0,4,3,0,8,s,10,0,0,0,0,0,21,s,0,s,2,9,0,s,s,s,0,0,1,0,0
I512,0,3,0,5,4,3,0,8,s,10,0,0,0,0,0,21,s,0,s,2,9,0,s,s,s,0,0,1,0,0
I513,1,3,0,5,4,3,0,8,s,10,0,0,0,0,0,21,s,26,s,2,9,0,s,s,s,0,0,1,0,0
I514,1,3,0,5,4,3,0,8,s,10,0,0,0,8,1,21,s,26,s,2,9,0,s,s,s,0,0,1,0,0
I515,1,3,0,5,4,3,0,8,s,10,0,0,0,8,1,21,s,26,s,2,9,0,s,s,s,1,0,1,0,0
1067,1,3,0,5,4,s,0,8,s,10,0,0,0,8,d,21,s,26,s,2,9,0,s,s,s,1,0,1,0,0
1066,1,d,0,5,4,3,d,8,s,d,0,0,0,s,1,d,s,26,s,2,9,0,s,s,s,1,d,1,d,0
1064,1,3,0,5,4,3,d,8,s,d,d,0,0,8,1,21,s,26,s,d,9,0,s,s,s,0,0,1,0,0
I517,1,3,0,5,4,3,0,8,s,10,0,0,0,0,0,21,s,26,s,2,9,0,s,s,s,0,0,1,0,0
1090,1,d,s,5,4,3,d,8,s,10,0,0,0,0,1,21,s,26,s,s,9,0,s,s,s,0,0,1,0,3
1107,1,d,d,5,4,d,0,8,s,10,0,d,0,0,1,21,s,26,s,2,9,0,s,s,s,0,0,1,0,0
I520,0,3,0,5,4,3,0,8,s,10,0,0,0,0,0,21,s,0,s,2,9,0,s,s,s,1,0,1,0,0
I523,0,3,0,5,4,3,0,8,s,10,0,0,0,17,0,21,s,0,s,2,9,0,s,s,s,1,0,1,0,0
1257,0,3,0,5,4,3,0,8,s,10,0,0,0,17,1,21,s,0,s,2,9,0,s,s,s,d,0,d,2,0
1256,0,3,d,5,d,3,0,8,s,10,14,d,0,17,0,21,s,0,s,d,s,0,s,s,s,1,0,d,2,0
I524,0,3,0,5,4,3,0,8,s,10,0,0,1,0,1,21,s,0,s,2,9,0,s,s,s,1,0,1,0,0
I525,0,3,0,5,4,3,1,8,s,10,0,0,1,0,1,21,s,0,s,s,9,0,s,s,s,1,0,1,0,0
1355,0,3,0,d,4,d,1,8,s,10,0,0,1,0,1,21,s,0,s,s,9,0,s,s,s,1,0,d,0,0
1354,d,3,d,d,4,3,1,8,s,10,0,0,1,d,d,21,s,0,s,s,9,0,s,s,s,1,0,1,0,0
1587,d,d,0,5,4,3,0,8,s,10,2,d,1,9,d,d,s,d,s,2,9,0,s,s,s,d,0,1,0,0
I527,0,3,0,0,4,3,0,8,s,10,0,0,0,0,0,21,s,0,s,2,9,0,s,s,s,0,9,1,0,0
1655,s,3,0,0,4,d,5,8,s,10,5,0,0,0,d,21,s,0,s,2,9,0,s,s,s,0,9,1,0,14
I535,0,3,0,0,4,3,0,8,s,10,0,0,0,0,0,21,s,9,s,2,9,0,s,s,s,0,9,1,0,10
I536,0,3,0,0,4,3,0,8,s,10,0,0,0,17,0,21,s,9,s,2,9,0,s,s,s,0,9,1,0,10
1210,0,3,0,0,d,3,0,8,s,10,29,0,0,17,0,21,s,d,s,2,d,0,s,s,s,0,9,1,0,10
I538,s,3,0,0,4,3,0,8,s,10,s,0,0,17,0,21,s,9,s,2,9,0,s,s,s,1,9,1,0,10
1237,s,3,0,0,d,3,0,d,s,10,s,0,0,17,0,d,s,d,s,2,9,0,s,s,s,1,9,1,0,10
1236,s,3,0,0,d,3,0,8,s,10,s,0,0,17,0,21,s,9,s,2,9,0,s,s,s,1,9,1,0,10
I539,0,3,28,0,4,3,0,8,s,10,0,0,0,0,0,21,s,9,s,2,9,0,s,s,s,0,9,1,0,10
1154,0,3,d,0,s,3,0,8,s,10,d,0,0,0,0,21,s,9,s,2,9,0,s,s,s,1,9,1,0,10
1174,0,3,28,0,4,d,0,8,s,10,0,0,0,0,0,21,s,d,s,2,9,0,s,s,s,0,9,1,0,10
I542,0,3,33,0,4,3,0,8,s,10,0,3,0,0,0,21,s,0,s,2,9,0,14,0,0,0,0,1,0,0
I543,0,3,33,0,4,3,0,8,s,10,0,3,0,0,0,21,s,0,s,2,9,0,14,0,0,0,0,1,0,0
I544,0,3,33,0,4,3,0,8,s,10,0,3,0,0,0,21,s,0,s,2,9,0,14,0,0,0,31,1,0,0
I545,0,3,33,0,4,3,0,8,s,10,0,3,0,0,1,21,s,0,s,2,9,0,14,0,0,0,31,1,0,0
1183,0,3,33,0,4,3,0,8,s,10,d,d,d,0,d,21,s,0,s,2,9,d,14,d,0,0,31,1,0,0
I547,0,3,33,0,4,3,0,8,s,10,0,3,0,0,1,21,s,0,s,2,9,0,14,0,0,0,31,1,0,4
1083,0,3,33,0,4,3,31,8,s,10,0,3,0,0,1,21,s,0,s,2,s,0,14,0,0,0,31,1,0,4
1082,d,d,33,0,s,3,d,d,s,10,0,3,0,0,1,21,s,d,s,2,9,0,14,0,0,0,31,1,0,4
I548,0,3,33,0,4,3,0,8,s,10,0,3,0,0,0,21,s,0,s,2,9,0,14,0,0,0,31,1,0,0
I549,0,3,33,0,4,3,0,8,s,10,0,3,0,0,0,21,s,0,s,2,9,0,14,0,0,0,31,1,0,0
1047,0,3,33,0,4,3,0,8,s,10,0,s,0,0,1,d,s,0,s,2,9,d,14,0,0,0,31,d,0,0
2047,0,d,33,0,4,3,0,8,s,10,0,3,0,0,0,21,s,0,s,d,9,d,14,0,0,0,31,1,0,0
I551,0,3,33,0,4,3,0,8,s,10,0,3,0,0,0,21,s,18,s,2,9,0,14,0,0,0,31,1,0,0
1127,0,3,33,0,d,3,0,8,s,10,0,3,0,0,d,d,s,18,s,2,d,0,14,d,2,0,31,1,0,0
1126,0,3,33,0,4,3,0,d,s,10,21,3,0,0,d,21,s,18,s,2,9,0,14,0,0,0,31,1,d,0
I552,0,3,33,0,4,3,0,8,s,10,0,3,0,0,0,21,s,0,s,2,9,0,14,0,0,0,0,1,0,0
I553,0,3,33,0,4,3,38,8,s,10,0,3,0,0,0,21,s,10,s,2,9,2,14,0,0,1,0,1,0,0
1089,0,3,33,d,4,3,38,8,s,10,0,3,0,2,1,21,s,10,s,d,d,d,14,0,6,1,0,1,0,0
1202,0,3,33,0,4,3,38,d,s,10,0,d,0,0,d,21,s,d,s,2,9,2,14,0,2,1,0,1,0,0
I556,0,3,33,0,4,3,6,8,s,10,0,3,0,0,1,s,s,0,s,2,9,0,14,0,0,0,0,1,0,0
1266,0,3,33,s,d,3,6,d,s,10,0,3,0,2,d,s,s,d,s,2,d,0,14,0,0,0,0,1,0,0
I558,0,3,33,0,4,3,6,8,s,10,0,3,0,0,1,s,s,9,s,2,9,0,14,0,s,0,0,1,0,0
2016,0,3,33,d,d,3,d,8,s,10,0,3,d,0,1,s,s,9,s,2,9,0,14,0,s,0,0,1,0,0
2038,0,3,33,0,4,3,6,8,s,10,0,3,0,0,1,s,s,9,s,2,d,0,14,0,s,d,0,1,d,0
I561,0,3,33,0,4,3,0,8,s,10,0,3,0,0,0,21,s,0,s,2,9,1,14,0,0,1,0,1,2,0
I562,0,3,33,0,4,3,0,8,s,10,0,3,0,0,0,21,s,0,s,2,9,1,14,0,0,1,0,1,2,0
I563,1,3,33,0,4,3,0,8,s,10,0,3,0,0,0,21,s,0,s,2,9,1,14,25,0,1,0,1,2,0
1195,1,3,33,0,4,3,27,8,s,10,0,3,0,0,0,21,s,0,s,2,9,d,14,d,0,d,0,s,2,0
1169,1,3,33,0,4,3,0,8,s,10,0,3,0,0,0,21,s,0,s,2,9,1,14,25,0,1,6,1,2,0
1516,1,3,33,0,4,3,0,8,s,s,0,3,0,11,0,21,s,0,s,2,d,1,14,0,s,1,31,1,2,0
I569,s,3,33,0,4,3,0,8,s,10,0,3,0,0,1,21,s,0,s,2,9,1,14,17,0,1,0,1,2,10
I570,s,3,33,0,4,3,0,8,s,10,0,3,0,0,1,21,s,0,s,2,9,1,14,17,0,1,0,1,2,10
I571,s,3,33,0,4,s,0,8,s,10,0,3,0,0,1,21,s,0,s,2,9,1,14,17,0,1,0,1,2,10
1295,s,3,33,0,d,s,0,8,s,10,0,d,d,d,1,21,s,0,s,2,d,1,14,17,0,s,d,1,d,10
1294,s,3,33,0,d,s,0,8,s,10,0,3,0,0,1,21,s,0,s,d,9,1,d,d,0,1,d,1,2,10
1353,s,3,d,0,4,3,0,d,s,10,2,3,0,0,d,d,s,0,s,2,d,1,14,17,0,d,31,1,2,10
I573,s,3,33,0,4,3,0,8,s,10,0,3,0,0,1,21,s,0,s,2,9,1,14,17,0,1,0,1,2,10
1550,s,3,d,0,4,3,0,d,s,d,0,3,0,0,1,21,s,d,s,2,9,1,14,17,2,1,12,1,2,d
I575,s,3,33,0,4,3,0,8,s,10,0,3,0,0,1,21,s,0,s,2,9,1,14,17,0,1,0,1,2,10
1197,s,3,33,0,4,3,0,8,s,10,0,3,0,0,1,21,s,d,s,2,9,1,14,d,0,1,0,1,2,10
1196,s,3,33,d,4,3,0,8,s,10,18,3,0,d,1,21,s,0,s,2,9,1,14,d,0,1,2,1,2,10
I576,0,0,0,2,0,3,0,8,s,0,0,0,14,0,0,21,s,0,s,2,9,0,14,0,0,0,0,0,0,13
I577,0,0,0,2,0,3,0,8,s,0,0,0,14,0,0,21,s,0,s,2,9,0,14,0,0,0,0,0,0,13
I578,0,0,0,2,0,3,0,8,s,0,0,0,14,0,0,21,s,0,s,2,9,0,14,0,0,0,0,0,0,13
1670,0,5,0,2,0,3,0,8,s,10,31,0,14,0,0,21,s,0,s,2,9,d,14,0,0,0,0,1,0,d
I586,0,0,0,2,0,3,0,8,s,0,0,0,14,s,0,21,s,0,s,2,9,0,14,0,0,1,0,0,0,13
I589,0,24,0,2,16,3,0,8,s,0,0,0,s,s,0,21,s,0,s,2,9,1,14,0,0,1,0,0,0,13
1177,0,24,0,2,16,d,0,8,s,d,0,4,s,s,0,21,s,d,s,2,9,1,14,d,0,1,0,0,0,13
1176,0,24,0,2,16,3,0,d,s,0,19,0,s,s,d,d,s,0,s,2,9,1,14,d,0,1,0,0,0,13
I590,0,0,0,2,0,3,0,8,s,0,0,0,14,s,0,21,s,0,s,2,9,0,14,0,0,1,0,0,0,13
I591,0,0,0,2,0,3,0,8,s,0,0,0,14,s,0,21,s,0,s,2,9,0,14,0,0,1,0,0,0,13
1911,d,0,0,2,0,3,0,8,s,0,0,0,d,s,0,21,s,0,s,2,9,0,14,0,d,1,0,1,0,13
1910,0,0,0,2,0,3,0,8,s,0,d,0,14,s,0,21,s,0,s,2,9,0,14,0,0,1,0,0,0,13
I592,0,0,0,2,0,3,0,8,s,0,0,0,14,s,0,21,s,0,s,2,9,0,s,0,0,1,0,0,0,13
1341,0,d,0,2,0,3,0,8,s,0,0,0,14,s,0,21,s,0,s,2,9,0,s,0,0,1,0,0,0,13
1340,0,0,0,2,0,3,0,8,s,0,0,0,d,s,0,21,s,0,s,2,9,d,s,0,0,1,d,0,d,13
I593,0,0,0,2,0,3,0,8,s,10,0,0,14,0,0,21,s,0,s,2,s,0,14,0,0,0,0,0,0,13
I594,0,0,10,2,0,3,0,8,s,10,0,0,14,0,0,21,s,3,s,2,s,0,14,0,s,0,0,0,0,13
2002,1,d,10,2,0,3,0,d,s,10,0,0,14,0,0,21,s,3,s,2,s,0,14,0,s,0,s,0,0,d
I600,0,0,10,2,0,3,0,8,s,10,0,0,14,0,0,21,s,3,s,2,s,0,14,0,s,0,0,0,0,13
1217,0,0,10,d,0,3,0,8,s,s,0,3,14,8,0,21,s,d,s,2,s,d,14,0,s,0,0,0,0,13
I602,0,0,10,2,0,3,0,8,s,10,0,0,14,0,0,21,s,3,s,2,s,0,14,0,s,0,0,1,2,13
1327,0,0,10,2,0,3,0,8,s,10,0,0,14,0,0,21,s,3,s,d,s,0,14,8,s,0,0,1,2,13
1326,0,0,10,2,0,3,0,8,s,10,d,0,14,0,0,21,s,d,s,2,s,0,14,17,s,0,0,1,2,13
I603,0,0,6,2,0,3,0,8,s,10,3,0,14,0,0,21,s,0,s,2,s,0,14,24,0,0,0,0,0,13
I606,0,0,6,2,s,3,31,8,s,10,3,0,14,0,0,21,s,0,s,2,s,0,14,24,2,0,0,1,0,13
1087,0,0,6,d,s,3,31,8,s,10,3,5,14,d,0,21,s,0,s,d,s,d,14,24,2,0,0,1,d,13
1086,0,0,6,d,s,3,31,8,s,d,3,0,14,0,0,21,s,0,s,2,s,0,14,24,2,0,0,d,0,13
I607,0,0,6,2,17,3,0,8,s,10,3,0,14,0,0,21,s,0,s,2,s,0,14,24,0,0,0,0,0,13
1206,0,0,6,2,17,3,0,8,s,10,3,d,14,0,0,21,s,s,s,2,s,0,14,24,0,0,7,0,0,13
1179,d,0,6,d,17,d,d,8,s,10,3,0,14,d,0,s,s,0,s,2,s,0,14,24,0,d,0,0,0,13
I610,0,26,0,2,0,3,0,8,s,0,0,0,14,0,s,21,s,0,s,2,9,0,14,0,0,0,0,0,0,13
I611,0,26,0,2,0,3,0,8,s,0,0,0,14,0,s,21,s,0,s,s,9,0,14,0,0,1,0,0,0,13
I612,0,26,0,2,0,3,0,8,s,0,0,0,14,0,s,21,s,0,s,s,9,0,14,0,0,1,4,0,0,13
I614,1,26,0,2,0,3,0,8,s,0,2,0,14,0,s,21,s,0,s,s,9,0,14,26,0,1,4,1,2,13
1643,1,26,0,2,0,3,0,8,s,0,2,0,14,0,s,d,s,0,s,s,d,0,d,26,0,s,4,1,2,13
1642,d,26,d,2,d,d,0,8,s,0,d,0,14,0,s,21,s,14,s,s,9,0,14,26,0,d,4,1,2,13
I618,0,26,0,2,17,3,0,8,s,0,0,3,14,0,s,21,s,26,s,s,9,1,14,0,0,1,s,1,0,13
1533,0,d,d,2,d,3,0,8,s,0,0,3,d,0,s,21,s,26,s,s,9,1,14,0,0,1,s,1,0,13
1532,d,26,0,2,17,3,0,8,s,0,0,3,d,0,s,21,s,26,s,s,9,1,14,0,0,1,s,1,0,13
I619,0,26,0,2,9,3,0,s,s,0,0,0,14,0,s,21,s,0,s,s,9,0,14,0,0,1,0,0,0,13
1201,0,d,0,2,9,3,0,s,s,d,0,0,14,11,s,21,s,0,s,s,9,0,14,26,0,1,1,0,0,13
I623,0,26,0,2,9,3,0,s,s,0,0,0,14,0,s,21,s,0,s,s,9,0,14,0,0,1,0,0,0,13
I624,0,26,0,2,9,3,0,s,s,0,0,0,14,0,s,21,s,0,s,s,9,1,14,0,0,1,0,0,0,13
1325,0,26,0,d,d,3,0,s,s,0,0,0,14,0,s,21,s,0,s,s,9,1,14,0,0,1,d,0,0,13
1324,0,d,0,2,9,3,0,s,s,0,d,0,14,d,s,21,s,0,s,s,9,1,14,0,0,1,d,d,d,13
1398,1,26,0,d,9,3,d,s,s,0,0,0,s,d,s,d,s,0,s,s,9,0,14,17,0,1,0,d,3,13
I626,0,26,0,2,0,3,0,8,s,9,0,0,14,0,s,21,s,0,s,2,9,0,14,0,0,0,0,1,0,13
I627,0,26,0,2,10,3,0,8,s,9,0,0,14,0,s,21,s,0,s,2,9,0,14,0,0,0,0,1,0,13
I628,0,26,0,2,10,3,17,8,s,9,0,0,14,0,s,21,s,0,s,2,9,0,14,0,0,0,2,1,0,13
1184,0,d,0,2,10,3,17,8,s,9,0,0,14,0,s,21,s,0,s,2,9,0,d,0,0,0,2,1,2,13
1317,1,26,0,d,10,3,17,8,s,9,d,0,14,s,s,d,s,0,s,2,9,0,14,0,0,s,2,1,2,13
I631,0,26,0,2,10,3,s,8,s,9,0,0,14,21,s,21,s,0,s,2,9,0,14,0,0,0,0,1,0,13
I632,0,26,0,2,10,3,s,8,s,9,0,0,14,21,s,21,s,0,s,2,9,0,14,0,2,0,0,1,0,13
1385,0,26,0,2,d,3,s,8,s,9,0,0,14,21,s,21,s,0,s,d,9,d,14,0,d,0,0,1,0,d
1384,1,26,0,2,10,3,s,8,s,9,0,0,14,21,s,21,s,0,s,2,9,d,d,0,2,d,0,1,0,13
I633,0,26,0,2,10,3,s,8,s,9,0,3,14,21,s,21,s,0,s,2,9,0,14,0,0,0,0,1,0,13
1413,0,26,0,2,10,3,s,8,s,9,0,3,14,21,s,21,s,0,s,d,d,0,14,d,0,0,0,1,d,13
1412,d,26,3,2,10,3,s,8,s,9,0,3,14,21,s,21,s,0,s,2,9,0,14,0,0,0,0,1,0,13
I634,0,26,0,2,0,3,0,8,s,9,0,0,14,0,s,21,s,0,s,2,9,0,14,0,0,1,0,1,0,13
1485,0,26,0,2,17,3,0,8,s,d,0,0,14,0,s,21,s,0,s,2,9,d,14,0,0,d,0,1,2,13
1351,d,26,s,d,0,3,0,8,s,9,0,0,14,0,s,21,s,0,s,2,9,0,14,d,0,1,0,1,0,13
I641,1,0,0,0,0,3,0,8,s,0,0,0,0,0,1,21,0,0,s,2,9,0,14,0,0,0,14,0,0,0
I642,1,0,0,0,0,3,0,8,s,0,0,0,0,0,1,21,0,0,s,2,9,0,14,0,0,0,14,0,2,0
I643,1,0,3,0,0,3,0,8,s,0,0,0,0,0,1,21,0,0,s,2,9,0,14,0,0,0,14,0,2,0
I644,1,0,3,0,0,3,0,8,s,0,0,0,0,0,1,21,0,0,s,2,9,0,14,0,2,0,14,0,2,0
I645,1,0,3,s,0,3,0,8,s,7,0,0,0,0,1,21,0,0,s,2,9,0,14,0,2,0,s,0,2,0
I647,1,0,3,s,0,3,0,8,s,7,3,0,0,0,1,21,0,14,s,2,9,1,14,0,2,0,s,1,s,3
1883,d,d,3,s,d,3,0,8,s,7,3,0,0,d,1,21,0,14,s,2,9,1,14,0,2,0,s,d,s,3
1882,1,0,3,s,0,3,d,8,s,7,3,0,d,0,1,d,0,14,s,2,9,1,14,0,2,0,s,1,s,3
I650,1,0,3,s,0,3,9,8,s,7,25,0,0,21,1,21,0,s,s,2,9,1,14,0,2,0,s,1,2,0
1819,1,0,3,s,0,3,9,d,s,7,25,0,0,21,1,21,0,s,s,2,9,1,14,0,2,0,s,1,2,0
1818,1,0,3,s,0,3,9,8,s,d,25,0,0,21,1,21,0,s,s,2,9,1,14,0,2,0,s,1,2,0
I652,1,0,3,0,0,3,0,8,s,0,0,0,0,0,1,21,0,0,s,2,9,0,14,0,2,0,14,0,2,0
1519,d,0,3,0,0,d,d,8,s,0,0,0,0,0,1,d,d,0,s,2,9,2,14,0,d,0,14,0,2,0
I656,1,4,3,0,0,3,0,8,s,0,0,0,0,0,1,21,0,0,s,2,9,0,14,4,2,0,14,0,2,0
1637,1,4,3,0,0,3,s,8,s,0,0,0,0,0,1,d,0,26,s,s,9,1,d,4,2,d,14,0,2,6
I658,1,4,3,0,0,s,0,8,s,0,0,0,0,0,1,21,13,0,s,2,9,0,14,4,2,0,14,0,2,0
1701,1,d,3,0,0,s,0,8,s,3,0,0,0,d,d,21,13,d,s,2,s,0,d,4,2,0,14,0,2,0
1700,1,d,3,d,0,s,0,8,s,0,0,0,0,d,1,21,13,d,s,d,9,d,d,4,2,0,14,0,2,0
I659,1,0,3,26,0,3,0,8,s,0,0,0,0,s,1,21,0,0,s,2,9,0,14,0,0,0,14,0,2,0
I660,1,0,3,26,0,3,0,8,s,0,0,0,0,s,1,21,0,0,s,2,9,0,14,0,2,0,14,0,2,0
I661,1,0,3,26,0,3,0,8,s,0,0,0,0,s,1,21,0,0,s,2,9,0,14,0,2,0,14,0,2,0
1228,1,0,3,d,0,3,0,d,s,0,0,d,0,s,1,21,d,0,s,d,9,0,14,0,2,0,14,0,s,0
I663,1,0,3,26,0,3,0,8,s,0,0,6,0,s,1,21,0,0,s,2,9,0,14,0,2,0,14,0,2,0
1221,1,0,3,d,0,3,0,8,s,0,0,6,0,s,1,21,0,0,s,2,9,d,14,0,2,1,14,0,2,0
1220,d,0,3,26,0,3,d,8,s,0,0,6,d,s,1,21,0,0,s,d,9,0,14,0,d,d,14,d,2,0
I664,1,0,3,26,0,3,0,8,s,0,3,0,0,s,1,21,0,0,s,2,9,0,14,0,2,0,14,0,2,0
1471,d,0,3,26,0,s,0,8,s,2,3,0,0,s,1,21,0,0,s,2,d,0,14,0,2,d,14,0,2,d
1403,1,d,3,26,0,3,0,8,s,0,d,0,d,s,d,21,0,0,s,2,9,0,14,17,2,d,14,d,2,6
I667,1,0,3,26,0,3,0,8,s,0,0,0,0,s,1,21,4,0,s,2,9,0,14,0,0,0,14,0,2,17
I669,1,16,3,26,0,3,8,8,s,0,0,0,0,s,1,21,4,0,s,2,9,s,14,0,0,0,14,0,2,17
1561,d,16,d,26,0,s,d,8,s,0,0,0,0,s,1,21,4,0,s,2,d,s,14,d,0,0,14,0,2,17
1560,1,16,3,26,0,3,8,8,s,0,0,0,0,s,1,21,4,d,s,2,9,s,d,0,2,0,d,0,2,17
1631,d,d,3,26,0,d,0,s,s,0,0,0,0,s,1,21,4,d,s,2,9,0,14,0,2,0,14,0,2,17
I674,1,0,0,0,0,3,0,8,s,0,0,0,0,11,1,21,0,0,s,2,9,0,14,0,0,0,14,0,2,0
I675,1,0,10,0,13,3,0,8,s,0,0,0,0,11,1,21,0,0,s,2,9,1,14,0,s,0,14,0,2,0
I678,s,14,10,s,13,3,0,8,s,0,0,3,0,11,1,21,4,0,s,2,9,1,14,0,s,0,14,0,2,0
1541,s,14,10,s,13,3,0,d,s,0,0,3,0,11,d,21,4,d,s,2,9,d,14,0,s,0,14,0,2,0
1540,s,14,10,s,13,3,0,8,s,0,0,3,0,11,1,d,4,0,s,2,d,1,14,0,s,0,14,d,2,0
I683,1,0,10,s,13,3,0,8,s,0,0,0,0,11,1,21,0,9,s,2,9,1,14,0,s,0,14,0,2,0
1854,d,0,10,s,d,d,0,8,s,0,0,0,d,11,1,21,0,9,s,2,d,1,s,0,s,0,14,1,2,d
1530,1,0,10,s,13,d,0,8,s,0,0,3,0,11,1,21,0,9,s,2,9,1,14,d,s,0,14,0,d,1
I690,1,0,0,0,0,3,0,8,s,0,0,0,0,11,1,21,1,0,s,2,9,0,14,0,0,0,14,0,2,0
I691,1,17,0,0,0,3,0,8,s,0,0,0,0,11,1,21,1,0,s,2,9,0,14,0,0,0,14,0,2,0
I692,1,17,0,0,0,3,9,8,s,0,0,0,0,11,1,21,1,0,s,2,9,0,14,0,0,0,14,0,2,0
1149,1,17,0,0,s,3,9,8,s,d,0,0,0,11,1,21,1,0,s,2,9,0,14,0,0,0,14,d,2,0
1188,1,17,s,0,d,d,9,8,s,0,0,d,0,d,1,21,1,0,s,d,9,0,14,0,0,0,14,d,2,d
I695,s,17,0,0,0,3,0,8,s,0,0,0,0,11,1,21,1,0,s,2,9,0,14,0,0,0,14,0,2,4
I696,s,17,0,0,0,3,0,8,s,0,0,0,0,11,1,21,1,0,s,2,9,0,14,0,0,0,14,0,2,4
1463,s,17,0,0,d,3,0,8,s,0,d,0,0,11,1,21,1,0,s,2,d,d,14,0,0,0,14,0,2,d
1462,s,17,0,0,0,3,0,8,s,d,d,0,23,11,1,21,d,0,s,2,d,0,d,0,0,0,14,0,d,d
1510,s,17,d,0,d,3,0,d,s,0,0,0,0,11,1,21,1,0,s,s,d,0,14,0,0,s,14,1,2,d
I698,1,0,0,0,0,3,0,8,s,0,0,0,0,11,1,21,1,0,s,2,9,0,14,0,0,0,14,0,2,0
I699,1,0,0,0,0,3,31,8,s,0,0,0,0,11,1,21,1,0,s,2,9,0,14,0,2,0,14,0,2,0
1357,1,0,0,d,0,3,31,d,s,0,31,0,d,11,1,21,1,0,s,2,9,s,14,d,d,0,d,0,2,0
1275,d,0,0,0,0,3,31,d,s,0,d,0,0,11,1,s,1,0,s,d,9,0,14,0,2,0,14,0,2,0
I702,1,0,0,0,13,3,0,8,s,0,0,5,0,11,1,21,1,0,s,2,s,0,14,0,0,0,14,0,2,0
1306,1,0,0,0,13,3,0,8,s,0,0,d,0,d,d,d,1,d,s,2,s,0,14,d,0,s,14,d,2,0
1270,1,0,0,0,13,3,0,8,s,0,d,d,0,11,1,21,1,0,s,2,s,d,14,0,0,0,14,0,d,0
I705,1,0,0,0,0,3,0,8,s,0,0,4,0,s,1,21,0,0,s,2,9,1,14,0,0,0,14,0,0,0
I706,1,0,0,0,10,3,42,8,s,0,0,4,0,s,1,21,0,0,s,2,9,1,14,s,0,0,14,1,0,10
I707,1,0,0,0,10,3,42,8,s,0,0,4,0,s,1,21,0,0,s,2,9,1,14,s,0,0,14,1,0,10
I708,1,0,0,0,10,3,42,8,s,0,0,4,0,s,1,21,0,0,s,2,9,1,14,s,0,0,14,1,0,10
I709,1,0,0,0,10,3,42,8,s,0,0,4,0,s,1,21,0,0,s,2,9,1,14,s,0,0,14,1,0,10
1233,1,0,0,d,10,3,42,8,s,0,d,4,0,s,1,21,0,9,s,2,9,d,14,s,0,0,14,1,d,10
I711,1,0,0,0,10,3,42,8,s,0,0,4,0,s,1,21,0,0,s,2,9,1,14,s,0,0,14,1,0,10
1555,1,0,0,0,10,3,d,d,s,0,d,4,0,s,1,21,0,d,s,d,9,1,d,s,0,0,14,1,0,10
1554,1,0,0,0,10,3,42,8,s,0,0,4,6,s,1,21,0,0,s,2,9,1,14,s,0,0,d,1,0,10
I712,1,0,0,0,10,3,s,8,s,s,0,4,0,s,1,21,0,0,s,2,9,1,14,s,0,0,14,1,3,10
1387,1,0,0,0,d,3,s,8,s,s,5,s,d,s,1,21,0,0,s,2,d,1,14,s,0,1,14,1,3,10
I714,1,0,0,0,10,3,s,8,s,s,0,4,6,s,1,21,0,0,s,2,9,1,14,s,0,0,14,1,3,10
1673,1,0,0,0,10,3,s,d,s,s,0,4,6,s,1,21,0,0,s,2,9,1,14,s,d,0,14,1,3,10
1672,1,0,0,0,10,3,s,8,s,s,0,4,6,s,1,21,0,0,s,2,9,1,14,s,0,0,14,d,3,10
I715,1,0,0,0,10,3,42,8,s,0,0,4,0,s,1,21,3,0,s,2,9,1,14,s,2,0,14,1,s,10
I716,1,0,0,0,10,3,42,8,s,7,0,4,0,s,1,21,3,0,s,2,9,1,14,s,2,0,14,1,s,10
1723,1,0,0,0,10,3,42,8,s,7,0,4,d,s,1,21,3,0,s,d,9,1,14,s,2,0,d,1,s,10
I718,1,0,0,7,10,3,42,8,s,7,0,4,0,s,1,21,3,24,s,2,9,1,14,s,2,0,14,1,s,10
1817,1,0,0,7,10,3,42,8,s,7,d,d,0,s,1,21,3,d,s,2,9,1,14,s,d,0,d,1,s,10
1816,1,d,0,7,10,3,42,d,s,7,0,4,0,s,d,21,3,24,s,2,9,1,14,s,2,0,14,1,s,10
I719,1,0,0,0,10,3,42,8,s,0,0,4,0,s,1,21,3,0,s,2,9,1,14,s,2,0,14,1,s,10
I720,1,0,13,0,10,3,42,8,s,0,0,4,0,s,1,21,3,0,s,2,9,1,14,s,2,0,14,1,s,10
1857,1,0,13,0,10,3,42,d,s,0,0,4,0,s,1,21,3,0,s,2,d,1,14,s,2,0,14,1,s,10
1856,1,0,13,0,10,d,42,8,s,0,0,4,0,s,d,21,3,0,s,2,9,1,14,s,d,0,d,d,s,10
I721,1,s,0,0,10,3,42,8,s,0,0,s,0,s,1,21,3,10,s,2,9,1,14,s,2,0,14,1,s,10
1831,1,s,0,0,10,3,42,8,s,0,0,s,0,s,1,d,d,10,s,d,9,1,14,s,2,0,14,1,s,10
1830,1,s,0,0,10,3,42,8,s,d,0,s,0,s,d,21,3,d,s,2,9,1,14,s,2,0,d,d,s,10
I722,1,0,0,0,10,3,42,8,s,0,0,4,0,s,1,21,0,0,s,2,9,1,14,s,0,0,14,1,0,10
1576,1,0,0,d,s,3,42,8,s,0,d,4,14,s,1,21,0,0,s,2,9,s,14,s,2,0,14,d,0,10
I730,1,17,0,0,10,3,42,8,s,0,0,s,0,s,1,21,0,2,s,2,9,1,14,s,0,0,14,1,0,10
I731,1,17,0,0,10,3,42,8,s,3,0,s,0,s,1,21,0,2,s,2,9,1,14,s,2,0,14,1,0,10
1872,1,17,0,0,10,d,42,8,s,3,d,s,0,s,1,21,2,2,s,2,9,d,14,s,2,0,14,1,0,10
I733,1,17,0,0,s,3,42,8,s,3,0,s,0,s,1,21,0,2,s,2,9,1,14,s,2,0,14,1,0,10
2023,1,17,0,0,s,3,42,8,s,d,0,s,0,s,1,21,0,2,s,d,9,1,14,s,2,d,14,1,0,10
2022,d,17,0,d,s,3,42,d,s,3,0,s,0,s,1,21,0,d,s,2,9,d,14,s,2,0,14,1,0,10
I734,1,17,0,37,10,3,42,8,s,0,0,s,0,s,1,21,0,2,s,2,9,1,14,s,0,0,14,1,0,10
1988,d,17,d,37,10,3,42,d,s,0,0,s,0,s,1,21,0,2,s,2,9,1,14,s,d,0,s,1,0,10
2018,1,17,0,37,10,3,42,8,s,0,0,s,0,s,1,21,d,2,s,2,9,1,d,s,2,0,d,1,0,10
I737,1,0,0,0,0,3,17,8,s,0,0,4,0,s,1,21,0,0,s,2,9,1,14,0,0,1,14,0,0,0
I738,1,0,17,0,0,3,17,8,s,0,0,4,0,s,1,21,0,0,s,2,9,1,14,0,0,1,14,0,0,0
I739,1,0,17,0,0,3,17,8,s,0,0,4,0,s,1,21,0,0,s,2,9,1,14,0,0,1,14,0,0,0
1437,1,d,17,0,13,3,17,8,s,0,0,4,18,s,1,21,0,0,s,2,9,1,14,0,0,1,14,0,0,d
I743,1,0,17,0,0,3,17,8,s,0,0,4,0,s,1,21,0,0,s,2,9,1,14,0,0,1,14,0,0,4
I744,1,0,17,0,0,3,17,8,s,4,0,4,0,s,1,21,6,0,s,2,9,1,14,0,0,1,14,0,0,4
1589,1,0,17,0,0,3,17,d,s,4,0,4,d,s,1,21,6,0,s,2,9,1,14,0,0,d,14,1,0,4
1588,1,0,17,0,0,3,17,8,s,4,0,4,0,s,1,d,6,1,s,d,9,d,14,0,0,1,14,0,0,4
I745,1,0,17,0,0,3,17,8,s,0,0,4,0,s,1,21,0,0,s,2,9,1,14,0,0,1,14,0,0,4
1367,1,0,d,0,0,3,17,8,s,0,31,4,0,s,1,d,0,0,s,2,9,s,d,d,0,1,14,0,0,4
1366,1,0,17,s,s,3,17,d,s,0,d,4,0,s,1,21,0,0,s,2,9,1,14,31,0,1,d,0,2,d
1363,1,d,d,0,0,3,17,8,s,0,0,d,8,s,d,21,0,0,s,2,9,1,d,2,0,1,14,0,0,0
I753,1,0,0,0,0,3,17,8,s,0,0,4,0,s,1,21,0,0,s,s,9,1,14,12,0,1,14,0,0,0
I754,1,0,0,0,0,3,17,8,s,0,0,s,0,s,1,21,0,0,s,s,9,1,14,12,2,1,14,0,0,0
I755,1,0,0,0,1,3,17,8,s,0,0,s,0,s,1,21,0,0,s,s,9,1,14,12,2,1,14,0,0,0
I756,1,0,0,0,1,3,17,8,s,0,0,s,14,s,1,21,0,0,s,s,9,1,14,12,s,1,14,0,0,0
1215,1,0,d,d,1,3,d,8,s,0,0,s,d,s,1,21,0,3,s,s,9,1,14,12,s,d,14,0,0,0
1214,1,0,0,0,1,3,17,8,s,0,0,s,14,s,1,21,0,0,s,s,9,1,14,12,s,1,d,0,3,0
I757,1,0,0,0,1,3,17,8,s,0,0,s,0,s,1,21,0,0,s,s,9,1,14,12,2,1,14,0,0,0
1171,1,0,0,0,1,3,17,8,s,0,0,s,0,s,1,d,0,d,s,s,d,1,14,12,d,1,d,d,0,d
1170,1,d,0,0,1,3,d,8,s,0,2,s,0,s,1,21,d,d,s,s,9,1,14,12,2,1,14,0,2,0
I759,1,0,28,7,0,3,17,8,s,0,0,s,0,s,1,21,0,0,s,s,9,1,14,12,2,1,14,0,0,0
1205,1,0,28,7,0,3,17,d,s,0,0,s,d,s,1,21,0,0,s,s,9,d,14,12,2,1,14,0,0,d
1204,1,0,28,7,0,3,17,8,s,d,0,s,1,s,1,21,0,0,s,s,9,1,14,12,d,1,14,0,d,0
I765,1,7,s,0,0,3,17,8,s,0,4,4,14,s,1,21,0,0,s,s,9,1,14,12,0,1,14,0,0,0
1130,1,d,s,26,0,3,17,8,s,0,4,4,14,s,1,d,d,0,s,s,9,1,14,12,0,d,14,0,0,0
1280,1,7,s,d,0,3,17,8,s,0,4,4,14,s,1,21,0,d,s,s,9,1,14,12,d,1,14,0,2,14
I768,0,0,0,0,13,3,0,0,s,0,0,0,0,0,0,21,0,0,s,s,0,0,14,0,0,0,s,0,0,0
I769,s,0,0,0,13,3,0,0,s,0,0,3,0,0,1,21,0,0,s,s,0,0,14,8,0,0,s,0,3,0
I770,s,s,0,0,13,3,41,0,s,0,0,3,0,0,1,21,0,0,s,s,0,0,14,8,0,0,s,0,3,4
I771,s,s,0,0,13,3,41,0,s,0,0,3,0,0,1,21,13,0,s,s,0,0,14,8,2,0,s,0,3,4
I772,s,s,0,0,13,3,41,0,s,0,0,3,0,0,1,21,13,0,s,s,s,0,14,8,2,0,s,0,3,4
I773,s,s,0,0,13,3,41,0,s,2,32,3,0,0,1,21,13,0,s,s,s,0,14,8,2,0,s,0,3,4
1954,s,s,d,s,13,3,41,11,s,2,32,3,d,0,1,21,d,0,s,s,s,0,14,8,2,0,s,0,3,4
I779,s,s,0,0,13,3,41,2,s,2,32,3,0,21,1,21,13,0,s,s,s,0,14,8,2,1,s,0,3,4
1641,s,s,0,s,d,3,d,2,s,2,32,3,0,21,1,21,13,0,s,s,s,0,14,8,2,1,s,0,3,4
1640,s,s,0,0,13,3,d,2,s,2,32,3,0,21,d,21,13,0,s,s,s,0,14,d,2,1,s,0,3,4
I780,s,s,0,0,13,3,41,0,s,0,21,3,0,0,1,21,13,0,s,s,s,0,14,8,2,0,s,0,3,4
1431,s,s,3,0,d,3,41,0,s,0,21,d,0,0,1,21,13,0,s,s,s,1,14,8,d,0,s,d,3,4
1697,s,s,0,0,13,3,41,6,s,d,21,3,14,0,s,s,13,19,s,s,s,d,d,8,2,0,s,d,3,4
I787,s,s,0,0,13,3,41,0,s,0,0,3,0,0,1,21,13,0,s,s,0,0,14,8,2,0,s,0,3,4
I788,s,s,0,0,13,3,41,0,s,0,0,3,1,0,1,21,13,0,s,s,0,0,14,8,2,0,s,0,3,4
1999,s,s,d,0,13,3,41,0,s,0,d,3,d,0,d,d,13,0,s,s,0,0,14,8,2,d,s,0,3,4
I791,s,s,0,0,13,3,41,0,s,0,0,3,1,0,1,21,13,0,s,s,8,0,14,s,2,0,s,0,3,4
1721,s,s,0,0,13,3,41,0,s,0,d,d,1,0,1,21,13,0,s,s,8,0,14,s,d,d,s,0,3,4
1917,s,s,0,d,13,3,41,5,s,0,d,3,1,0,1,21,13,0,s,s,d,0,14,s,2,0,s,d,3,4
I794,s,s,0,0,13,3,41,0,s,0,30,3,0,0,1,21,13,18,s,s,0,0,14,8,2,1,s,0,3,4
1021,s,s,0,0,13,3,41,11,s,0,s,3,0,8,1,21,13,18,s,s,0,1,14,8,2,d,s,0,d,4
I796,s,s,0,41,13,3,41,0,s,0,30,3,0,0,1,21,13,18,s,s,s,0,14,8,2,1,s,0,3,4
1836,s,s,0,41,13,3,41,d,s,0,30,3,0,d,1,21,d,18,s,s,s,0,14,8,2,1,s,0,3,4
I798,s,s,0,s,13,3,41,0,s,0,30,3,0,0,1,21,13,s,s,s,s,0,14,8,2,1,s,0,3,4
1939,s,s,0,s,13,3,41,d,s,0,30,3,0,0,1,21,13,s,s,s,s,0,14,8,2,1,s,0,3,4
1938,s,s,0,s,13,3,41,0,s,d,30,3,0,d,1,d,13,s,s,s,s,0,14,8,2,1,s,0,3,d
I799,s,s,0,0,13,3,s,0,s,0,0,3,0,0,1,21,1,0,s,s,0,0,s,8,0,0,s,0,3,4
I800,s,s,0,0,13,3,s,0,s,0,0,3,0,0,1,21,1,0,s,s,7,0,s,8,0,0,s,0,3,4
I801,s,s,0,0,13,3,s,2,s,3,29,3,14,0,1,21,1,0,s,s,7,s,s,8,0,0,s,1,3,4
1774,s,s,0,0,13,s,s,2,s,3,29,3,14,0,1,21,1,0,s,s,7,s,s,8,0,d,s,1,3,4
1962,s,s,0,0,13,3,s,2,s,d,29,d,14,0,s,21,1,0,s,s,7,s,s,d,0,0,s,1,3,4
I808,s,s,0,0,s,3,s,0,s,0,0,3,0,0,1,21,1,0,s,s,7,0,s,8,0,0,s,0,3,4
I809,s,s,0,0,s,3,s,0,s,0,0,3,2,0,1,21,1,0,s,s,7,0,s,8,0,0,s,0,3,4
1813,s,s,0,0,s,3,s,0,s,d,0,3,2,11,1,d,1,0,s,s,7,d,s,8,d,0,s,0,3,4
1823,s,s,36,d,s,3,s,0,s,0,d,3,2,21,1,21,1,0,s,s,d,d,s,8,0,d,s,0,3,4
1924,s,s,0,0,s,3,s,s,s,0,0,3,0,0,d,21,d,d,s,s,s,0,s,8,0,1,s,1,3,4
I815,s,s,0,18,13,3,s,0,s,0,0,3,0,0,1,21,1,0,s,s,0,0,s,8,0,0,s,0,3,4
I816,s,s,0,18,13,3,s,0,s,0,0,3,0,3,1,21,1,0,s,s,0,0,s,8,2,0,s,0,3,4
I817,s,s,0,s,13,3,s,0,s,0,0,3,0,3,1,21,1,0,s,s,0,0,s,8,2,0,s,0,3,4
1919,s,s,0,s,13,s,s,d,s,0,0,3,d,3,1,d,1,26,s,s,0,d,s,8,2,0,s,0,3,4
2027,s,s,0,s,13,3,s,0,s,7,2,3,d,3,1,21,1,d,s,s,0,1,s,8,2,1,s,d,3,4
I822,s,s,3,18,13,3,s,0,s,0,3,s,0,3,1,21,1,0,s,s,0,0,s,8,2,1,s,0,3,4
1851,s,s,3,d,13,3,s,d,s,0,3,s,d,3,1,21,1,0,s,s,0,0,s,8,2,1,s,d,3,4
1850,s,s,3,18,13,d,s,0,s,0,3,s,0,3,1,21,d,0,s,s,0,0,s,8,d,d,s,0,3,4
I823,s,s,0,18,13,3,s,0,s,0,0,3,0,0,s,21,1,22,s,s,0,0,s,8,0,0,s,0,3,4
I826,s,s,0,18,13,3,s,0,s,0,0,3,0,0,s,21,1,22,s,s,0,0,s,8,0,1,s,0,3,4
1535,s,s,0,d,13,3,s,0,s,0,0,3,0,0,s,21,1,22,s,s,0,0,s,8,0,1,s,d,3,4
1534,s,s,0,18,13,3,s,0,s,0,0,3,0,0,s,21,1,d,s,s,0,0,s,8,0,1,s,0,3,4
I827,s,s,0,s,13,3,s,0,s,0,0,3,0,0,s,21,1,22,s,s,0,0,s,8,0,0,s,1,3,4
1546,s,s,0,s,13,3,s,0,s,3,0,3,0,0,s,21,1,22,s,s,0,0,s,8,0,0,s,1,3,4
1707,s,s,0,s,13,3,s,0,s,0,25,3,0,d,s,21,1,22,s,s,0,0,s,8,0,1,s,d,3,4
I830,s,0,0,0,13,3,0,0,s,0,0,3,0,0,1,21,0,0,s,s,0,0,14,8,0,1,s,0,3,0
I831,s,0,26,0,13,3,0,0,s,0,0,3,0,0,1,21,0,0,s,s,0,0,14,8,2,1,s,0,3,0
I832,s,0,26,0,13,3,0,0,s,0,0,3,0,0,1,21,0,0,s,s,0,1,14,8,2,1,s,0,3,0
I833,s,0,26,0,13,3,0,0,s,0,0,3,0,0,1,21,0,0,s,s,7,1,14,8,2,1,s,0,3,0
I834,s,0,26,0,13,3,27,0,s,0,0,3,14,0,1,21,0,0,s,s,7,1,14,8,2,1,s,1,s,0
1515,s,0,26,d,13,3,27,0,s,0,0,3,14,0,1,21,0,0,s,s,7,1,14,d,d,1,s,1,s,0
1686,s,0,26,0,13,3,27,0,s,0,5,3,14,0,d,21,0,0,s,s,7,1,14,8,2,1,s,1,s,18
1730,s,0,26,19,13,3,0,d,s,0,0,3,0,d,d,21,0,0,s,s,7,1,14,8,2,s,s,0,3,d
1680,s,0,26,0,13,3,s,0,s,0,0,3,0,3,1,21,0,25,s,s,0,1,14,8,2,1,s,0,s,0
I847,s,0,26,0,13,3,0,0,s,0,0,3,0,0,1,21,0,0,s,s,0,0,14,8,2,1,s,0,3,0
I848,s,4,26,0,13,3,0,9,s,0,0,3,0,0,1,21,0,0,s,s,0,0,14,8,2,1,s,0,3,0
1635,s,4,d,16,13,3,0,9,s,0,0,3,0,5,1,21,1,9,s,s,0,0,14,8,d,1,s,0,3,0
1568,s,4,26,d,13,3,7,9,s,0,0,3,0,7,1,21,d,0,s,s,0,0,14,8,2,1,s,0,3,0
I855,s,0,26,0,13,3,0,0,s,0,0,3,0,0,1,21,0,0,s,s,0,0,14,8,2,1,s,0,3,0
1572,s,0,26,0,13,3,s,0,s,0,0,3,0,0,d,21,0,9,s,s,0,1,d,8,2,1,s,0,3,0
1571,s,0,26,d,13,3,s,0,s,0,d,3,0,0,d,d,0,0,s,s,d,0,14,d,2,1,s,d,3,0
I862,s,0,0,0,13,3,0,11,s,0,0,3,0,8,1,21,0,0,s,s,0,0,14,8,0,1,s,1,3,0
I863,s,0,0,0,13,3,0,11,s,0,0,3,19,8,1,21,0,0,s,s,0,0,14,8,6,1,s,1,3,0
I864,s,0,0,0,13,3,0,11,s,0,0,3,19,8,1,21,0,0,s,s,5,0,14,8,6,1,s,1,3,0
I865,s,0,0,0,13,3,0,11,s,0,0,3,19,8,1,21,0,0,s,s,5,0,14,8,6,1,s,1,3,6
1244,s,0,0,0,13,3,0,d,s,0,0,3,19,d,1,21,10,d,s,s,5,d,14,s,6,1,s,1,d,6
1265,s,0,0,0,13,3,0,11,s,0,0,d,d,d,d,21,11,s,s,s,5,0,14,8,d,1,s,1,3,6
I868,s,0,0,0,13,3,0,11,s,0,0,3,19,8,1,21,0,17,s,s,5,0,14,8,6,1,s,1,3,3
1116,s,0,0,0,13,3,0,11,s,d,0,3,d,8,1,21,0,17,s,s,5,1,14,8,6,1,s,1,3,3
1122,s,10,0,0,d,3,0,d,s,0,0,3,d,s,1,21,0,17,s,s,5,0,14,8,6,1,s,1,3,3
I871,s,0,12,0,13,3,0,11,s,0,0,3,19,8,1,21,0,0,s,s,0,0,14,8,6,1,s,1,3,0
I872,s,5,12,0,13,3,0,11,s,7,0,3,19,8,1,21,s,0,s,s,0,0,14,8,6,1,s,1,3,0
1423,s,5,12,0,13,3,s,d,s,7,0,3,19,8,1,21,s,0,s,s,3,0,14,8,6,1,s,1,3,0
1553,s,5,d,0,13,3,0,11,s,7,0,3,19,8,1,21,s,0,s,s,0,d,14,d,6,1,s,1,3,0
I875,s,0,12,0,13,3,31,11,s,12,0,3,19,8,1,21,0,0,s,s,s,0,14,8,6,1,s,1,3,0
I876,s,0,12,0,13,3,31,11,s,12,0,3,19,8,1,21,0,0,s,s,s,0,14,8,6,1,s,1,3,3
1811,s,0,12,0,13,3,31,11,s,12,d,3,19,8,d,21,0,0,s,s,s,0,14,8,6,1,s,1,3,d
1810,s,d,12,0,13,3,31,11,s,12,d,d,19,8,1,21,0,0,s,s,s,0,14,8,6,1,s,1,3,3
I877,s,1,12,0,13,3,31,11,s,12,0,3,19,8,1,21,0,0,s,s,s,0,14,8,6,1,s,1,3,0
1759,s,1,12,0,13,3,d,11,s,12,0,3,19,8,1,21,d,0,s,s,s,d,14,8,6,1,s,1,3,d
1758,s,1,12,0,d,3,31,11,s,12,0,d,d,8,1,21,0,0,s,s,s,0,14,8,6,s,s,1,d,0
I878,s,18,0,0,13,3,0,11,s,4,0,3,0,8,1,21,0,0,s,s,s,0,14,8,0,1,s,1,3,0
I879,s,18,3,42,13,3,0,11,s,4,s,3,0,8,1,21,s,0,s,s,s,0,14,8,0,1,s,1,3,0
I880,s,18,3,42,13,3,0,11,s,4,s,3,0,8,1,21,s,0,s,s,s,0,14,8,2,1,s,1,3,0
1761,s,d,d,42,13,3,0,11,s,4,s,3,0,8,s,21,s,0,s,s,s,0,14,8,d,1,s,d,3,0
1738,s,18,d,42,13,3,d,11,s,4,s,3,0,8,1,21,s,d,s,s,s,0,14,8,2,d,s,1,3,d
I883,s,18,3,42,13,3,0,11,s,4,s,3,0,8,1,21,s,0,s,s,s,0,14,8,0,1,s,1,3,0
I884,s,18,3,42,13,3,0,11,s,4,s,3,0,8,1,21,s,0,s,s,s,0,14,8,0,1,s,1,3,0
1847,s,18,3,42,13,3,0,11,s,4,s,3,0,8,1,21,s,0,s,s,s,0,14,d,0,1,s,1,3,0
1846,s,18,3,42,d,d,0,11,s,4,s,3,0,8,1,21,s,d,s,s,s,0,d,8,0,1,s,1,3,0
1922,s,18,3,42,13,3,0,11,s,4,s,3,0,8,1,21,s,10,s,s,s,0,d,8,0,1,s,d,3,0
I886,s,18,0,0,13,3,s,11,s,4,0,3,0,8,1,21,0,0,s,s,s,0,14,8,0,1,s,1,3,0
I887,s,18,19,0,13,3,s,11,s,4,0,3,0,8,1,21,0,0,s,s,s,0,14,8,0,1,s,1,3,0
1596,s,18,19,0,13,3,s,d,s,4,0,3,0,8,d,d,0,d,s,s,s,1,14,8,0,d,s,1,d,0
I889,s,18,19,0,13,3,s,11,s,4,0,3,0,8,1,21,0,0,s,s,s,0,14,8,0,1,s,1,3,0
1433,s,18,d,0,13,3,s,11,s,4,0,3,0,8,1,21,0,6,s,s,s,0,14,8,6,1,s,1,3,d
1432,s,18,19,0,13,3,s,11,s,4,0,3,0,8,1,d,0,0,s,s,s,0,d,8,0,1,s,1,3,0
I890,s,18,0,0,13,3,s,11,s,4,0,3,0,8,1,21,0,0,s,s,s,0,14,8,0,1,s,1,3,0
I891,s,18,0,0,13,3,s,11,s,4,0,3,0,8,1,21,0,0,s,s,s,1,14,8,2,1,s,1,3,0
1869,s,d,0,0,d,3,s,11,s,4,0,3,0,8,d,d,0,0,s,s,s,1,14,8,d,1,s,1,3,0
1868,s,18,0,0,13,3,s,11,s,4,0,3,0,d,d,21,0,0,s,s,s,1,14,8,d,1,s,d,3,0
1826,s,18,0,d,13,3,s,11,s,4,d,3,0,8,1,21,0,s,s,s,s,1,14,8,2,1,s,1,3,0
I893,0,0,0,0,13,3,0,0,s,0,0,0,0,0,0,21,0,0,s,s,0,0,14,0,0,0,s,0,3,0
I894,0,0,0,0,13,3,0,0,s,0,30,0,0,0,0,21,s,0,s,s,0,0,14,0,0,0,s,0,3,0
I895,0,0,0,0,13,3,1,6,s,7,30,0,0,11,0,21,s,0,s,s,0,0,14,0,0,0,s,0,3,0
I896,0,0,0,0,13,3,1,6,s,7,30,0,18,11,0,21,s,0,s,s,0,0,14,0,0,0,s,0,3,0
I897,0,0,0,0,13,3,1,6,s,7,30,0,18,11,0,21,s,0,s,s,0,0,14,0,0,0,s,0,3,0
1227,0,26,0,0,13,3,1,6,s,7,s,0,18,11,d,21,s,0,s,s,d,2,14,d,0,0,s,d,d,0
I901,0,0,0,0,13,3,1,6,s,7,30,0,18,11,0,21,s,0,s,s,0,1,14,0,0,0,s,0,3,0
I902,s,0,0,0,13,3,1,6,s,7,30,0,18,11,0,21,s,0,s,s,0,1,14,0,0,0,s,0,3,0
1243,s,0,0,0,d,3,1,6,s,7,30,0,18,11,1,21,s,0,s,s,d,1,14,0,0,0,s,0,3,0
1242,s,0,d,0,13,3,d,6,s,7,30,0,18,11,0,21,s,d,s,s,0,1,14,d,0,0,s,0,3,0
1328,0,0,6,d,13,3,1,6,s,7,d,0,18,d,1,21,s,0,s,s,0,1,14,24,0,d,s,d,3,0
I904,0,14,0,0,13,3,1,6,s,7,30,0,18,11,0,21,s,0,s,s,0,0,14,20,0,0,s,0,3,0
I905,0,14,0,0,13,3,1,6,s,7,30,0,18,11,0,21,s,0,s,s,0,0,14,20,0,0,s,0,3,0
I906,0,14,0,0,13,3,1,6,s,7,s,0,18,11,0,21,s,0,s,s,0,0,14,20,0,0,s,0,3,0
1397,0,14,28,0,13,3,1,6,s,7,s,6,18,11,0,d,s,0,s,s,0,0,d,d,d,0,s,0,3,0
1396,0,14,0,d,13,3,1,6,s,d,s,0,18,11,0,21,s,0,s,s,d,0,14,20,0,0,s,d,3,0
I907,0,14,0,0,13,3,1,6,s,7,30,0,18,11,0,21,s,0,s,s,0,0,14,20,0,0,s,0,3,0
1249,0,14,0,d,13,3,1,d,s,7,30,d,18,11,0,21,s,0,s,s,d,d,d,20,d,0,s,d,3,d
1248,0,14,0,0,13,3,1,6,s,7,30,0,18,11,0,21,s,0,s,s,0,d,14,d,0,0,s,0,d,0
1736,0,14,0,d,d,3,1,6,s,7,30,d,18,11,0,21,s,0,s,s,0,0,14,20,0,0,s,0,3,14
I911,0,0,0,0,13,3,1,6,s,7,30,0,0,11,0,21,s,0,s,s,0,0,14,0,0,0,s,0,3,0
I912,0,0,0,0,13,3,1,6,s,7,30,0,0,11,1,21,s,2,s,s,0,0,14,0,0,0,s,0,3,10
I913,0,0,0,0,13,3,1,6,s,7,30,0,0,11,1,21,s,2,s,s,0,0,14,0,0,0,s,0,3,10
1494,0,0,0,d,13,3,1,6,s,7,30,0,s,11,1,21,s,2,s,s,24,0,14,9,2,d,s,0,3,10
1692,0,0,0,0,13,3,1,6,s,7,30,4,0,d,1,21,s,2,s,s,7,1,14,s,d,0,s,0,3,10
I916,1,0,0,0,13,3,1,6,s,7,30,0,0,11,1,21,s,2,s,s,0,0,14,0,0,0,s,0,3,10
1657,1,0,0,18,d,3,1,6,s,7,30,0,d,11,1,21,s,2,s,s,0,0,14,0,0,0,s,0,3,10
1557,1,0,0,0,13,3,1,6,s,7,30,d,0,11,1,21,s,2,s,s,0,d,14,0,2,1,s,0,3,10
I923,1,0,0,0,13,3,1,6,s,7,30,0,0,11,1,21,s,0,s,s,0,0,14,0,2,0,s,0,3,4
1931,1,d,d,0,d,d,d,6,s,7,30,0,15,11,1,21,s,0,s,s,0,0,14,2,2,0,s,0,3,d
1803,d,19,0,d,13,3,1,6,s,7,s,0,0,11,1,d,s,0,s,s,0,0,14,0,d,d,s,0,3,4
I926,0,0,0,20,13,3,0,0,s,0,30,4,0,0,0,21,s,0,s,s,0,0,14,0,0,0,s,0,3,3
I927,2,0,0,20,13,3,0,0,s,0,30,4,1,0,0,21,s,0,s,s,0,0,14,0,0,0,s,0,3,3
I928,2,0,0,20,13,3,0,0,s,0,30,4,1,0,0,21,s,0,s,s,0,0,14,0,0,0,s,0,3,3
1842,2,0,19,20,13,3,0,5,s,0,30,4,d,0,d,21,s,0,s,s,0,0,14,0,0,d,s,0,3,d
I934,s,0,0,20,13,3,0,0,s,0,30,s,1,0,0,21,s,0,s,s,0,0,14,0,0,1,s,0,3,3
1877,s,0,0,20,13,d,0,0,s,0,d,s,1,0,0,21,s,0,s,s,0,0,14,d,0,1,s,0,3,3
1876,s,16,0,20,13,3,0,0,s,0,d,s,d,d,0,21,s,0,s,s,0,d,14,0,0,1,s,0,3,3
I941,2,0,0,20,13,3,17,0,s,0,30,4,1,3,0,s,s,0,s,s,0,1,14,0,2,1,s,0,3,3
1935,2,0,0,d,13,d,17,d,s,0,30,d,1,d,0,s,s,0,s,s,0,d,d,d,2,1,s,0,3,3
1934,d,0,0,20,13,3,17,d,s,d,30,4,1,3,0,s,s,0,s,s,0,1,14,0,2,d,s,0,d,3
I942,0,16,10,20,13,3,0,0,s,0,30,4,0,0,0,21,s,0,s,s,0,1,14,0,0,0,s,0,3,3
I943,0,16,10,20,13,3,0,0,s,0,30,4,0,0,0,21,s,0,s,s,0,1,14,0,0,0,s,0,3,3
I944,0,16,10,20,13,3,0,0,s,0,30,4,0,0,0,21,s,0,s,s,s,1,14,0,0,0,s,0,3,3
1717,s,16,10,20,13,d,27,0,s,0,d,4,18,0,0,21,s,0,s,s,s,1,14,0,2,0,s,0,3,3
1913,0,16,10,20,13,3,0,0,s,0,30,4,d,0,0,21,s,0,s,s,s,1,14,0,d,0,s,0,3,3
1617,0,16,10,20,13,d,31,0,s,0,s,4,0,0,d,d,s,0,s,s,8,1,14,s,0,0,s,s,3,3
I954,0,16,10,20,13,3,8,0,s,0,s,4,18,17,0,21,s,14,s,s,0,1,14,0,0,0,s,1,3,3
I955,0,16,10,20,13,3,8,0,s,0,s,4,18,17,0,21,s,14,s,s,0,1,14,0,0,0,s,1,3,3
1945,0,d,10,20,13,3,8,0,s,0,s,4,18,17,0,21,s,14,s,s,0,1,d,d,0,0,s,1,3,3
1944,0,16,10,d,13,3,8,0,s,0,s,d,18,d,0,21,s,14,s,s,0,1,14,0,0,0,s,1,3,3
1863,0,16,10,20,13,3,d,0,s,0,s,4,18,17,d,21,s,14,s,s,0,d,14,0,0,0,s,1,3,3
I957,0,0,0,2,13,3,0,0,s,0,0,0,0,0,0,21,0,0,s,s,0,0,14,0,0,0,s,0,3,0
I958,0,0,0,2,13,3,0,0,s,0,0,0,0,0,0,21,0,0,s,s,12,0,14,0,0,0,s,0,3,0
I959,0,0,0,2,13,3,0,s,s,0,23,0,0,0,0,21,0,0,s,s,12,0,14,0,0,0,s,0,3,0
I960,0,0,0,2,13,3,0,s,s,0,23,0,0,0,0,21,0,0,s,s,12,0,14,0,0,0,s,0,3,0
I961,0,0,0,2,13,3,0,s,s,0,23,0,0,0,0,21,0,0,s,s,12,0,14,0,0,0,s,0,3,0
I962,0,0,0,s,13,3,0,s,s,0,23,0,0,0,0,21,0,22,s,s,12,0,14,0,0,0,s,0,3,0
1213,0,0,0,s,13,3,0,s,s,0,d,0,0,0,0,21,d,22,s,s,12,0,14,0,0,1,s,0,3,0
1212,0,0,0,s,d,3,0,s,s,0,s,0,0,0,0,21,0,22,s,s,12,0,14,0,0,d,s,d,3,0
1240,0,0,0,2,13,d,0,s,s,0,23,d,0,0,0,21,0,0,s,s,12,0,14,d,0,0,s,0,3,12
I964,0,0,0,2,13,3,0,s,s,0,23,0,1,0,0,21,0,0,s,s,12,0,14,0,0,0,s,0,3,0
1074,0,d,0,2,13,3,23,s,s,d,23,0,1,0,0,d,4,d,s,s,12,0,s,24,2,1,s,0,3,0
1060,0,0,0,2,13,3,0,s,s,0,23,0,1,0,0,21,0,0,s,s,12,0,14,17,d,0,s,0,3,0
I967,0,0,0,2,13,3,0,s,s,2,23,0,0,0,0,s,0,0,s,s,12,0,14,0,0,1,s,0,3,0
I968,0,25,0,2,13,3,0,s,s,2,23,0,0,0,0,s,0,0,s,s,12,0,14,0,0,1,s,0,3,0
I969,1,25,0,2,13,3,0,s,s,2,23,0,0,0,0,s,0,0,s,s,12,0,14,0,0,1,s,0,3,0
1473,1,25,d,d,13,3,d,s,s,2,23,0,0,0,0,s,d,0,s,s,12,0,14,0,0,1,s,0,3,0
1472,1,25,0,2,13,d,0,s,s,2,23,0,d,0,0,s,d,0,s,s,12,0,14,0,0,1,s,0,3,0
1581,0,25,0,2,13,3,0,s,s,d,23,0,d,d,0,s,0,0,s,s,12,0,14,0,0,1,s,s,3,0
I972,0,0,s,2,13,3,0,s,s,2,23,0,0,2,0,s,0,0,s,s,12,0,14,0,0,1,s,1,3,0
1315,0,0,s,d,13,3,0,s,s,2,23,0,d,2,0,s,d,0,s,s,12,0,14,0,0,1,s,1,d,0
1314,0,0,s,2,13,3,0,s,s,d,23,0,0,2,0,s,0,0,s,s,d,0,14,0,0,1,s,1,3,0
I974,0,0,0,2,13,3,0,0,s,0,0,0,0,11,0,21,0,1,s,s,12,0,14,0,0,0,s,0,3,0
I975,1,0,0,2,13,3,0,2,s,0,0,0,0,11,0,21,0,1,s,s,s,0,14,0,0,0,s,0,3,0
I976,1,0,0,2,13,3,0,2,s,0,0,0,18,11,0,21,10,1,s,s,s,0,14,8,0,0,s,0,3,0
1308,1,0,0,2,13,3,17,2,s,0,0,0,18,11,0,21,d,1,s,s,s,0,14,8,0,1,s,0,3,12
1612,1,0,0,2,13,3,d,2,s,0,0,0,18,11,1,21,10,1,s,s,s,d,d,8,0,0,s,0,3,0
I979,1,0,0,2,13,3,0,2,s,1,0,0,0,11,0,21,0,1,s,s,s,0,14,0,0,0,s,0,3,0
1513,d,0,0,2,d,d,0,2,s,1,1,0,d,11,0,21,0,d,s,s,s,1,14,8,0,d,s,1,3,0
1702,1,0,0,2,d,3,0,2,s,1,0,0,0,11,0,21,0,1,s,s,s,0,14,0,0,0,s,1,3,0
I982,0,0,0,2,13,3,0,0,s,0,0,0,0,11,0,21,0,1,s,s,12,0,14,0,0,0,s,0,3,0
I983,0,0,0,2,13,3,0,0,s,0,0,0,0,11,0,21,0,1,s,s,12,0,14,0,0,0,s,0,3,0
1728,d,0,0,2,13,3,0,d,s,0,28,6,15,11,0,21,d,1,s,s,12,0,d,0,0,0,s,0,3,0
1633,0,5,0,2,13,3,d,0,s,0,0,0,0,11,0,21,0,1,s,s,12,0,14,0,0,0,s,0,d,0
I986,0,0,0,2,13,3,5,0,s,0,0,0,0,11,0,21,0,s,s,s,12,0,14,0,0,0,s,0,3,0
I987,s,11,26,2,13,3,5,0,s,0,0,0,0,11,s,21,0,s,s,s,12,0,14,0,0,s,s,0,3,0
1259,s,11,26,2,13,3,5,0,s,0,0,d,0,11,s,21,0,s,s,s,12,0,14,0,0,s,s,0,3,0
1258,s,d,26,2,13,3,d,0,s,0,0,3,0,11,s,21,0,s,s,s,12,0,14,0,0,s,s,0,3,0
1591,d,0,0,2,13,d,5,0,s,0,0,0,d,d,0,21,d,s,s,s,d,0,d,0,0,0,s,0,3,0
I989,0,0,0,2,13,3,0,0,s,0,0,0,0,0,0,21,0,0,s,s,7,1,14,0,0,0,s,0,3,0
I990,0,0,0,2,13,3,0,0,s,0,s,0,0,0,0,21,0,0,s,s,s,1,14,0,0,0,s,0,3,0
I991,0,0,25,2,13,3,0,0,s,0,s,0,0,0,0,21,0,0,s,s,s,1,14,0,0,s,s,0,3,0
I992,0,0,s,2,13,3,0,0,s,0,s,0,0,0,0,21,0,10,s,s,s,1,14,0,0,s,s,0,3,0
I993,0,0,s,2,13,3,0,0,s,0,s,0,0,0,2,21,0,10,s,s,s,1,s,0,0,s,s,0,3,17
1313,0,0,s,2,13,3,0,0,s,0,s,d,0,d,2,21,d,10,s,s,s,1,s,0,0,s,s,0,3,17
1312,0,0,s,2,13,3,0,0,s,0,s,d,0,0,2,21,d,10,s,s,s,d,s,d,0,s,s,0,3,17
I994,0,0,s,2,13,3,0,0,s,0,s,4,0,0,0,21,0,10,s,s,s,1,14,0,0,s,s,0,3,0
1231,0,0,s,d,13,d,0,0,s,0,s,d,0,0,0,d,3,10,s,s,s,1,14,0,0,s,s,0,3,0
1230,0,0,s,2,13,3,0,0,s,0,s,d,0,0,0,21,0,10,s,s,s,d,d,d,d,s,s,0,3,d
I995,0,0,25,2,13,3,0,6,s,3,s,0,0,0,0,21,0,0,s,s,s,1,14,0,0,s,s,0,3,0
1509,0,0,d,2,13,3,0,6,s,3,s,3,3,8,0,21,0,0,s,s,s,1,d,0,0,s,s,0,s,0
1395,0,0,25,2,13,3,0,6,s,d,s,0,0,0,0,21,0,0,s,s,s,1,14,0,0,s,s,0,3,0
I998,0,0,0,2,13,3,0,0,s,0,s,0,0,11,0,21,0,0,s,s,s,1,14,0,0,0,s,0,3,0
I999,0,20,0,2,13,3,0,0,s,0,s,0,0,11,0,21,0,0,s,s,s,1,14,0,0,0,s,0,3,0
2014,0,20,0,d,13,s,0,0,s,0,s,d,0,d,0,21,0,d,s,s,s,1,14,0,2,0,s,0,3,0
I1002,0,20,0,2,13,3,9,0,s,0,s,s,0,11,0,21,0,0,s,s,s,1,14,0,0,0,s,0,3,0
I1003,0,20,0,2,13,3,9,0,s,0,s,s,0,11,0,21,0,0,s,s,s,1,14,0,0,0,s,0,3,0
1987,0,20,0,2,13,3,d,0,s,0,s,s,0,11,0,21,0,0,s,s,s,1,14,0,0,d,s,d,3,0
1986,0,20,d,2,13,3,9,d,s,d,s,s,0,11,0,21,0,0,s,s,s,1,14,0,0,d,s,0,3,0
1026,0,20,0,2,13,3,9,0,s,0,s,s,0,d,0,21,0,0,s,s,s,1,14,0,d,d,s,1,d,d
I1004,0,0,0,2,13,3,0,s,s,0,s,0,0,11,0,21,0,0,s,s,s,1,14,0,0,0,s,1,3,0
2005,0,17,0,2,13,d,0,s,s,0,s,0,0,11,0,21,0,d,s,s,s,1,14,0,0,1,s,1,3,0
1979,0,0,34,2,13,3,d,s,s,0,s,3,0,11,0,21,0,0,s,s,s,1,14,0,0,0,s,1,3,d
I1009,0,0,0,2,13,3,0,0,s,0,11,0,0,0,0,21,0,0,s,s,7,1,14,0,0,0,s,0,3,7
I1010,0,0,0,2,13,3,0,0,s,9,11,0,0,0,0,21,0,0,s,s,7,1,14,2,0,0,s,0,3,7
1114,d,0,0,d,s,3,0,0,s,9,11,0,d,0,1,21,0,13,s,s,7,d,14,2,0,d,s,1,3,7
1121,0,0,0,d,13,3,5,d,s,9,11,0,0,0,0,d,0,d,s,s,7,1,14,2,0,0,s,1,3,7
1337,d,17,d,2,d,3,d,0,s,0,11,s,15,17,d,21,0,0,s,s,7,d,s,d,0,d,s,0,s,7
