cell,r1,r2,r3,r4,r5,r6,r7,r8,r9,r10,r11,r12,r13,r14,r15,r16,r17,r18,r19,r20,r21,r22,r23,r24,r25,r26,r27,r28,r29,r30
I1,0,0,0,0,0,0,0,0,0,0,2,0,0,0,0,0,0,0,0,0,0,0,0,0,0,0,0,0,2,0
I2,0,0,s,0,0,1,0,0,0,10,2,0,0,0,0,0,0,0,25,0,0,0,0,0,0,0,0,0,2,0
I3,0,0,s,0,0,1,0,9,0,10,2,10,0,0,0,0,0,0,25,0,0,0,0,0,0,0,28,0,2,0
I4,0,0,s,12,0,1,0,9,23,10,2,10,0,0,0,0,12,0,25,0,0,0,0,0,0,0,28,0,2,0
I5,0,0,s,12,0,1,13,9,23,10,2,10,0,0,0,0,12,0,25,0,0,0,0,0,0,0,28,5,2,0
I6,0,0,s,12,0,1,13,9,23,10,2,10,6,0,0,1,12,0,25,0,0,0,0,0,9,0,28,5,2,0
I7,0,0,s,12,0,1,13,9,23,10,2,10,6,0,0,1,12,0,25,0,0,1,0,0,9,0,28,5,2,0
I8,0,21,s,12,0,1,13,9,23,10,2,10,6,0,0,1,12,0,25,0,0,1,0,0,9,0,28,5,2,1
1980,0,d,s,12,0,1,13,9,23,10,2,10,d,7,0,1,12,0,d,0,0,1,d,0,9,0,28,5,2,1
1626,d,21,s,d,0,d,13,9,23,10,2,10,6,0,0,1,12,0,25,0,0,1,d,0,d,0,d,5,2,1
I15,0,0,s,12,0,1,13,9,23,10,2,10,6,0,0,1,12,0,25,0,0,1,0,0,9,18,28,5,2,0
I16,0,0,s,12,0,1,s,9,23,10,2,10,6,0,0,1,12,0,25,0,0,1,0,0,9,18,28,5,2,0
1311,4,0,s,d,0,1,s,9,23,10,2,10,6,0,0,1,d,0,25,0,0,1,0,0,9,18,28,d,2,0
I18,0,0,s,12,0,1,s,9,23,10,2,10,6,0,0,1,12,0,25,0,0,1,0,0,9,18,28,5,2,0
1421,0,0,s,12,0,1,s,9,23,10,2,d,6,d,0,1,12,0,25,0,0,1,0,0,9,18,28,5,2,0
1420,0,0,s,12,0,1,s,9,23,d,2,d,d,0,0,1,12,0,25,0,0,d,0,0,9,18,28,5,d,0
I19,0,0,s,12,0,1,13,9,23,10,2,10,6,0,0,1,12,0,25,0,0,1,0,0,9,18,28,5,2,0
1282,0,0,s,12,0,1,13,d,23,10,2,10,d,0,0,1,d,0,25,d,0,1,0,6,9,s,28,d,d,0
I21,0,0,s,12,0,1,13,9,23,10,2,10,6,0,0,1,12,0,25,0,0,s,0,0,s,18,28,5,2,0
1599,0,d,s,d,0,1,13,d,23,10,2,10,6,0,0,1,12,d,25,0,0,s,0,0,s,18,28,5,2,0
1598,0,0,s,12,0,1,d,9,23,10,2,10,6,0,0,d,12,0,25,0,d,s,d,0,s,18,28,5,2,0
I22,0,0,s,12,0,1,13,s,23,10,2,10,6,0,0,1,12,0,25,0,0,0,0,0,9,0,28,5,2,0
I23,0,0,s,12,0,1,13,s,23,10,2,10,6,6,0,1,12,0,25,0,0,0,0,0,9,0,28,5,2,0
I24,2,0,s,12,0,1,13,s,23,10,2,10,6,6,0,1,12,26,s,0,0,0,0,4,9,0,28,5,2,0
1606,2,0,s,12,0,1,13,s,23,10,2,10,6,d,0,1,12,26,s,0,0,0,0,4,9,d,d,5,2,1
1638,2,0,s,12,d,1,13,s,23,10,2,10,d,6,0,1,12,26,s,0,0,0,0,4,9,d,28,5,2,0
I27,0,0,s,12,0,1,13,s,23,10,2,10,6,6,0,1,12,0,25,0,0,0,0,0,9,0,28,5,2,0
1434,0,d,s,12,0,d,13,s,23,10,2,10,6,d,d,1,12,0,25,0,0,0,0,0,d,0,d,5,2,0
1332,0,d,s,12,0,1,13,s,23,10,2,d,6,6,0,1,12,0,25,3,0,0,0,d,9,0,d,5,2,0
I30,0,0,s,12,0,1,13,s,23,10,2,10,6,0,0,1,12,0,25,0,0,0,0,0,9,0,28,5,2,0
I31,0,0,s,12,0,1,s,s,23,10,2,10,6,0,0,1,12,0,25,1,0,0,0,0,9,0,28,5,2,6
1520,4,37,s,12,0,1,s,s,d,10,d,10,6,7,0,d,d,d,25,1,0,0,0,0,9,0,28,5,2,s
1504,0,0,s,12,0,1,s,s,23,10,2,10,6,0,0,1,12,d,25,1,0,0,0,0,9,0,28,5,2,d
1491,0,d,s,12,0,1,13,s,23,10,2,10,6,0,0,1,d,0,25,0,0,0,1,0,d,13,28,5,2,0
I37,0,17,s,12,0,1,13,9,23,10,2,10,0,0,0,0,12,0,25,0,0,s,0,0,0,0,28,5,2,0
I38,3,17,s,12,0,1,13,9,23,10,2,10,0,7,0,0,12,0,25,0,0,s,0,0,0,0,28,5,2,0
I43,3,17,s,12,22,1,13,9,23,s,2,10,0,7,0,0,12,0,25,0,0,s,0,29,9,2,28,5,2,0
1448,3,17,s,12,22,1,13,9,23,s,2,10,0,d,s,0,12,s,25,0,0,s,0,29,9,2,d,5,2,0
1349,3,17,s,12,22,1,13,9,23,s,2,d,d,7,0,0,12,0,25,0,1,s,7,29,9,d,28,5,2,0
I46,3,17,s,12,0,1,13,9,23,10,2,10,0,7,0,0,12,0,25,0,0,s,0,0,0,0,28,5,2,0
1970,3,17,s,12,17,1,13,9,d,10,s,d,0,s,0,d,12,0,d,0,d,s,0,0,d,0,28,5,2,d
1124,d,17,s,12,0,1,d,9,23,10,2,10,d,d,0,0,12,d,25,0,0,s,0,0,0,d,28,5,2,0
I54,0,17,s,12,0,1,13,9,23,10,2,10,0,0,0,0,12,0,25,0,0,s,0,0,0,0,28,5,2,0
I55,0,17,s,12,0,1,13,9,23,10,2,10,0,0,0,0,12,0,25,0,0,s,0,0,0,0,28,5,s,0
1118,2,s,s,12,0,1,d,9,23,10,d,10,0,d,0,0,12,d,25,0,s,s,d,d,0,0,s,5,s,0
I59,0,17,s,12,0,1,13,9,23,10,2,10,0,0,0,0,12,0,25,0,0,s,0,0,0,0,28,5,s,0
1411,0,17,s,d,0,1,d,9,23,10,2,10,9,0,0,s,12,0,25,0,0,s,0,0,0,0,28,5,s,6
I61,0,17,s,12,0,1,13,9,23,10,2,10,0,0,0,0,12,0,25,15,0,s,0,0,0,s,28,5,s,0
1483,0,17,s,12,0,1,d,9,d,10,2,10,0,0,d,0,12,7,25,15,0,s,0,0,0,s,28,5,s,d
1482,0,17,s,12,0,1,13,9,23,10,2,10,0,0,0,0,12,0,25,15,0,s,0,0,d,s,d,5,s,20
I62,0,17,s,12,0,1,13,9,23,10,2,10,0,0,0,0,12,0,25,0,1,s,0,5,0,0,28,5,2,0
I63,2,17,s,12,22,1,13,9,23,10,2,10,0,0,0,0,12,0,25,0,1,s,0,5,0,14,28,5,2,0
1113,d,17,s,12,22,d,13,d,23,10,2,d,0,0,0,0,d,d,25,6,1,s,0,5,0,14,28,5,d,0
1405,2,17,s,12,22,1,13,d,23,10,2,10,0,0,s,s,12,0,25,8,1,s,0,5,0,14,d,5,2,0
I66,0,17,s,12,0,1,13,9,23,10,2,10,0,0,0,0,12,0,25,0,1,s,0,5,0,0,28,5,2,0
1457,0,17,s,d,0,1,13,9,23,10,2,10,0,0,s,0,12,0,25,0,1,s,d,5,0,d,28,5,2,10
1339,0,d,s,12,0,1,13,9,23,10,2,10,0,d,d,0,12,0,25,0,d,s,0,5,d,0,28,5,2,14
I69,0,0,s,s,0,1,0,9,23,10,2,10,0,0,0,0,12,0,25,0,0,0,0,0,0,0,28,0,2,0
I70,0,0,s,s,0,1,0,9,23,10,2,10,0,0,0,1,12,0,25,0,1,0,0,0,0,0,28,0,2,0
I71,0,0,s,s,0,1,0,9,23,10,2,10,17,6,0,1,12,0,25,0,1,0,0,0,0,0,28,0,2,0
I72,0,0,s,s,34,1,0,9,23,10,2,10,17,6,6,1,12,11,25,0,1,0,16,4,0,0,28,0,2,0
1151,0,d,s,s,34,1,s,9,23,10,2,10,17,6,6,1,12,11,d,0,1,0,16,4,0,19,28,0,2,27
I76,0,0,s,s,34,1,0,9,23,10,2,10,17,6,6,1,12,11,25,0,1,0,16,4,0,0,28,s,2,0
1158,0,0,s,s,34,1,9,9,23,10,2,d,17,6,6,1,12,11,25,4,1,0,d,4,d,s,28,s,2,0
1253,d,0,s,s,34,s,d,9,23,10,2,10,d,6,6,1,12,11,25,0,1,0,16,4,0,0,28,s,2,0
I79,0,15,s,s,0,1,0,9,23,10,2,10,17,6,0,1,12,1,25,0,1,1,0,0,0,0,28,0,2,1
I80,0,15,s,s,22,1,0,9,23,10,2,10,17,6,8,1,12,1,25,0,1,1,0,0,0,0,28,0,2,1
1343,d,d,s,s,d,1,0,d,23,10,2,10,17,6,d,1,12,1,25,0,1,1,d,0,0,d,28,d,2,1
1719,2,d,s,s,22,1,0,d,23,10,2,d,17,6,d,1,12,1,25,0,1,1,0,0,0,0,28,0,2,1
I83,0,15,s,s,0,1,0,9,23,10,2,10,17,6,6,1,12,1,25,0,1,1,0,0,0,0,28,0,2,1
I84,0,15,s,s,0,1,0,9,23,10,2,10,17,6,6,1,12,1,25,0,1,1,9,0,0,0,28,0,2,1
1111,0,d,s,s,d,d,0,9,23,10,2,10,17,6,6,1,12,1,25,9,1,1,9,d,0,0,d,5,2,1
1110,0,15,s,s,0,d,0,9,23,10,2,10,17,6,6,1,12,1,25,0,1,1,d,d,d,0,28,0,d,1
I85,0,15,s,s,0,1,0,9,23,10,2,10,17,6,6,1,12,1,25,0,1,1,0,0,0,0,28,0,2,1
1071,d,15,s,s,0,d,0,d,23,10,2,10,17,6,6,d,d,1,25,0,d,d,0,0,0,2,28,0,2,1
2028,4,15,s,s,0,1,d,9,23,10,2,10,17,6,s,1,d,1,25,0,1,1,d,0,0,0,28,7,d,1
I87,0,0,s,s,0,1,0,9,23,10,2,10,15,0,0,1,12,0,25,0,1,0,0,0,0,0,28,0,2,0
I88,0,0,s,s,0,1,0,9,23,10,2,10,15,0,0,1,12,0,25,0,1,0,0,s,0,0,28,0,2,0
I89,0,0,s,s,0,1,0,9,s,10,2,10,15,7,0,1,12,0,25,0,1,0,0,s,0,0,28,0,2,0
1191,0,0,s,s,0,1,d,9,s,d,2,10,15,7,d,1,12,1,25,s,1,0,d,s,0,0,28,0,2,0
1298,d,d,s,s,0,1,18,9,s,d,2,10,15,7,0,1,12,0,25,d,s,0,0,s,d,0,28,0,2,0
1376,0,0,s,s,29,1,0,d,23,10,2,10,d,s,0,1,12,d,25,0,1,0,0,s,0,0,28,0,2,0
I95,0,0,s,s,0,1,0,9,23,10,2,10,15,0,0,1,12,0,25,0,1,0,0,0,9,0,28,0,2,0
1251,0,0,s,s,0,1,0,9,23,10,2,10,15,d,0,d,d,8,25,d,d,0,d,0,9,0,28,0,2,18
I99,0,0,s,s,0,1,0,9,23,10,2,10,15,0,0,1,12,0,25,0,1,0,0,0,9,0,28,4,2,0
I100,0,2,s,s,0,1,0,9,23,10,2,10,15,0,0,1,12,0,25,0,1,3,0,0,9,0,28,4,2,0
1173,0,d,s,s,0,1,0,d,23,d,2,d,15,0,0,1,12,0,25,0,1,d,d,0,9,0,d,4,2,0
1172,0,2,s,s,0,1,d,9,d,10,2,10,15,0,0,1,12,0,25,3,1,3,0,0,9,0,28,d,2,0
I101,0,0,s,s,0,1,13,9,23,10,2,10,15,0,0,1,12,0,25,0,1,5,0,0,9,0,28,4,2,0
1407,0,0,s,s,0,1,13,9,d,10,2,10,15,0,d,1,12,0,25,d,1,5,0,0,9,0,28,4,2,d
1406,d,d,s,s,s,1,13,9,23,10,d,d,15,0,0,d,12,d,d,0,1,5,0,16,9,0,d,4,2,d
I102,0,16,s,s,0,1,0,9,23,10,2,10,0,0,0,1,12,0,25,0,1,0,0,38,0,0,s,0,2,0
I103,2,16,s,s,0,1,10,9,23,10,2,10,0,0,0,1,12,0,25,0,1,0,0,38,0,0,s,0,2,0
I104,s,16,s,s,0,1,10,9,23,10,2,10,0,0,0,1,12,0,25,0,1,0,0,38,0,0,s,0,2,0
I105,s,16,s,s,0,1,10,9,23,10,2,10,0,0,8,1,12,0,25,0,1,0,12,38,0,20,s,0,2,0
I106,s,16,s,s,0,1,10,9,23,10,2,10,0,6,8,1,12,0,25,0,1,0,12,38,0,20,s,0,2,0
1007,s,16,s,s,0,1,10,d,23,d,2,10,d,6,8,1,12,0,25,0,1,0,12,38,0,20,s,0,2,4
1973,s,16,s,s,0,1,10,9,23,10,2,10,0,6,8,1,s,0,25,0,d,0,d,38,0,20,s,0,2,0
I108,s,16,s,s,0,1,10,9,23,10,2,10,0,0,8,1,12,0,25,0,1,0,12,38,0,20,s,0,2,0
1059,s,16,s,s,d,d,10,d,23,10,2,10,0,0,8,1,12,0,25,9,1,0,12,38,d,20,s,0,2,14
1058,s,16,s,s,0,1,10,9,d,s,2,d,0,0,d,1,d,d,25,0,1,0,12,38,d,20,s,0,2,0
I109,s,16,s,s,0,1,10,9,23,10,2,10,13,0,0,1,12,0,25,0,1,0,0,38,0,0,s,0,2,0
I110,s,16,s,s,0,1,10,9,23,10,2,10,13,0,0,1,12,0,25,0,1,0,0,38,0,24,s,0,2,0
1867,s,16,s,s,0,1,10,9,23,10,2,10,13,0,0,s,12,d,25,0,1,0,8,38,0,24,s,0,2,0
I112,s,16,s,s,s,1,10,9,23,10,2,10,13,0,0,1,12,0,25,0,1,0,0,38,0,24,s,0,2,0
1885,s,16,s,s,s,1,10,9,d,10,2,10,d,0,d,1,12,d,25,0,d,0,0,38,d,24,s,0,d,d
1884,s,16,s,s,s,1,10,9,23,10,2,10,13,0,0,d,12,0,25,0,1,d,0,38,0,24,s,0,s,d
2045,s,d,s,s,0,1,10,9,s,d,2,10,13,0,0,1,12,0,25,0,1,0,0,38,0,0,s,0,2,0
I116,2,16,s,s,0,1,10,9,23,10,2,10,0,0,0,1,12,0,25,0,1,0,0,38,9,0,s,4,2,0
I117,2,16,s,s,0,1,10,9,23,10,2,10,25,0,0,1,12,0,25,0,1,4,17,38,9,0,s,4,2,0
I118,2,16,s,s,0,1,10,9,23,10,2,10,25,0,3,1,12,0,25,0,1,4,17,38,9,0,s,4,2,0
1099,2,16,s,s,0,1,10,9,23,10,2,10,25,0,3,1,12,0,25,0,1,4,17,d,d,0,s,4,2,0
1098,2,16,s,s,0,1,10,9,23,10,2,10,25,0,3,1,12,0,25,0,1,4,17,38,9,0,s,d,2,0
1048,2,16,s,s,0,1,d,9,23,10,2,10,25,0,0,1,12,0,25,0,1,4,s,38,9,0,s,4,2,0
I122,2,16,s,s,0,1,10,9,23,10,2,10,0,0,0,1,12,0,25,0,1,3,0,38,9,0,s,4,2,0
983,2,16,s,s,d,1,10,d,23,s,d,10,0,0,0,1,12,0,25,0,1,3,12,38,9,25,s,4,d,4
1964,2,16,s,s,0,1,10,9,23,10,2,10,0,0,0,1,12,0,25,0,1,3,d,38,d,0,s,4,2,0
I124,0,16,s,s,0,1,0,9,23,10,2,10,0,0,0,1,12,0,25,0,1,0,0,38,9,s,s,0,2,0
I125,0,16,s,s,0,1,0,9,23,10,2,10,11,0,0,1,12,0,25,0,1,0,0,38,9,s,s,0,2,0
1132,0,16,s,s,0,1,0,9,23,10,2,10,11,0,0,d,12,0,25,0,1,0,0,38,9,s,s,15,2,d
I130,0,16,s,s,0,1,0,9,23,10,2,10,11,0,0,1,12,0,25,0,1,0,0,38,9,s,s,1,2,0
1477,0,16,s,s,d,d,0,9,23,10,2,10,11,0,0,1,12,0,25,0,d,0,d,38,9,s,s,1,2,8
1476,0,16,s,s,0,1,0,9,23,10,2,10,11,0,0,1,d,0,25,0,1,d,0,d,d,s,s,1,2,0
I132,0,16,s,s,0,1,0,9,23,10,2,10,0,0,0,1,12,0,25,0,1,0,0,38,9,s,s,0,2,0
1095,s,16,s,s,d,1,0,9,23,10,2,10,d,6,0,d,12,0,25,0,d,d,0,38,9,s,s,0,2,0
1081,0,s,s,s,2,1,d,9,23,10,2,10,0,0,0,1,d,0,25,s,1,23,0,38,9,s,s,0,2,0
I139,0,24,s,20,0,1,0,9,0,10,2,10,0,0,0,0,0,0,25,0,0,0,0,0,0,2,28,0,2,0
I140,0,24,s,20,0,1,0,9,0,10,2,10,0,0,0,0,0,0,25,0,0,0,0,0,0,2,28,0,2,0
I141,0,24,s,20,0,1,0,9,0,10,2,10,0,0,0,0,0,0,25,0,0,0,0,0,0,2,28,0,2,0
I142,0,24,s,20,0,1,0,9,0,10,2,10,0,0,0,0,24,0,25,0,0,4,0,0,0,2,28,0,2,0
I143,0,24,s,20,17,1,0,9,0,10,2,10,0,0,8,0,24,0,25,16,0,4,0,38,0,2,28,0,2,0
1785,0,24,s,20,17,1,0,9,d,s,2,d,s,0,8,0,24,d,25,16,0,4,0,38,0,2,28,0,2,d
1804,0,24,s,20,17,1,4,9,0,10,d,10,d,0,8,0,24,0,25,16,d,4,0,38,0,2,28,0,2,0
1746,4,d,s,20,0,1,0,9,0,10,s,d,d,0,0,0,24,d,d,0,0,4,s,0,0,2,28,0,2,0
I154,0,24,s,20,0,1,0,9,0,10,2,10,0,0,0,0,0,0,25,0,0,0,0,0,0,2,28,0,2,1
I158,0,24,s,20,0,1,0,s,0,10,2,10,18,5,3,0,0,13,25,3,0,15,0,0,0,2,28,0,2,1
I159,0,24,s,20,0,1,0,s,0,10,2,10,18,5,3,1,0,13,25,3,1,15,0,0,0,2,28,0,2,1
1579,0,24,s,20,0,1,0,s,0,10,2,10,18,5,d,1,0,13,25,d,1,15,0,0,d,2,28,0,d,1
1578,0,24,s,20,0,1,d,s,0,10,2,10,18,5,3,1,0,13,25,3,1,15,0,0,d,2,28,0,2,1
1725,0,24,s,20,19,1,0,s,0,10,2,10,18,5,d,0,0,13,25,3,0,15,0,0,0,2,28,0,2,1
I161,0,24,s,20,0,1,0,9,0,10,2,10,15,0,0,0,0,0,25,0,0,0,0,0,0,2,28,0,2,1
I162,0,24,s,20,0,1,0,9,0,10,2,10,15,0,0,0,0,0,25,0,0,0,0,0,0,2,28,0,2,1
1365,0,d,s,20,35,1,0,9,0,10,2,s,15,6,0,0,d,0,25,0,d,0,5,0,0,d,28,0,2,1
1668,0,24,s,20,0,1,d,9,0,10,2,10,d,0,0,d,0,0,25,0,0,0,d,d,d,2,28,0,d,1
1902,d,24,s,20,0,s,22,9,d,10,2,10,15,10,d,0,0,0,25,0,1,0,7,0,0,d,28,d,2,1
I168,0,24,s,20,0,1,0,9,0,10,2,10,0,0,0,0,24,0,25,0,0,s,0,0,0,2,28,0,2,0
I169,0,24,s,20,0,1,0,9,13,10,2,10,0,0,0,0,24,0,25,0,1,s,s,12,0,2,28,0,2,0
I173,0,24,s,20,0,1,20,9,13,10,2,10,0,0,0,0,24,s,25,0,1,s,s,12,0,2,28,0,2,0
1887,d,24,s,20,0,1,20,9,d,10,2,10,0,d,0,0,d,s,25,d,1,s,s,d,d,2,28,d,2,0
1886,0,24,s,20,0,1,d,9,13,10,2,10,d,0,0,0,24,s,d,0,1,s,s,12,0,d,28,0,2,0
I177,0,24,s,20,0,1,0,9,13,10,2,10,0,0,0,0,24,0,25,0,1,s,s,12,0,2,28,0,2,0
1859,0,24,s,20,0,d,d,9,13,10,s,10,s,0,0,1,24,0,25,d,1,s,s,12,s,2,28,5,2,0
I181,0,24,s,20,0,1,0,9,13,10,2,10,0,0,0,0,24,0,25,0,1,s,s,12,0,2,28,0,2,0
1029,0,24,s,d,0,1,0,9,13,10,2,d,0,0,d,d,24,0,25,0,1,s,s,12,0,2,28,0,2,0
I182,0,24,s,20,0,1,22,9,13,10,2,10,0,9,0,0,24,5,25,0,1,s,s,12,0,2,28,0,2,0
2043,d,24,s,20,0,1,22,9,13,10,2,10,0,9,d,0,24,5,25,0,1,s,s,12,0,2,28,0,2,d
2042,0,24,s,20,0,1,22,9,13,10,2,10,d,9,0,0,24,5,25,0,1,s,s,d,0,2,28,0,2,0
I183,0,24,s,20,0,1,0,9,0,10,2,10,0,7,0,0,24,0,25,0,0,s,0,0,9,2,28,0,2,0
I185,0,24,s,20,0,1,0,9,0,10,2,10,0,7,0,0,24,27,25,0,0,s,0,0,9,2,28,0,2,0
I186,0,24,s,20,0,1,0,9,0,10,2,10,0,7,0,0,24,27,25,0,0,s,0,0,9,2,28,0,2,0
1575,0,24,s,20,0,1,0,9,0,d,2,10,0,7,0,s,24,27,25,0,0,s,0,0,9,2,28,0,2,0
1574,d,24,s,20,0,1,0,9,0,10,2,10,0,7,0,0,24,27,25,d,d,s,0,0,d,2,28,0,2,0
1714,2,24,s,20,0,1,0,9,3,10,2,10,10,7,s,0,24,27,25,0,0,s,0,0,9,2,28,0,2,0
I191,0,24,s,20,0,1,0,9,0,10,2,10,0,7,0,0,24,0,25,0,0,s,22,0,9,s,28,0,2,0
I192,0,24,s,20,7,1,0,9,0,10,2,10,0,7,0,0,24,0,25,0,0,s,22,0,9,s,28,0,2,0
1793,0,24,s,20,7,1,0,9,0,10,2,10,0,7,0,0,d,0,25,0,0,s,d,d,d,s,28,0,2,0
1544,0,24,s,20,7,1,29,9,0,10,2,10,0,7,d,0,24,13,25,d,0,s,d,0,9,s,d,d,2,0
I195,3,24,s,20,0,1,0,9,0,10,2,10,0,7,0,0,24,0,25,0,0,s,22,0,9,s,28,0,2,0
1537,3,24,s,20,0,1,0,9,0,10,2,d,0,7,d,0,24,0,25,0,0,s,22,0,d,s,28,d,2,0
1372,3,24,s,20,0,1,0,d,s,s,2,10,0,d,0,0,24,d,25,0,0,s,22,0,9,s,28,0,2,0
I198,0,24,s,20,0,1,0,9,0,10,2,10,0,0,0,0,12,0,25,0,0,0,0,0,0,2,28,0,2,0
I199,0,24,s,20,0,1,0,9,0,10,2,10,0,0,0,0,12,0,25,0,0,0,0,46,0,2,28,0,2,0
I200,0,24,s,20,15,1,0,9,0,10,2,10,0,0,0,0,12,0,25,0,0,0,0,46,0,2,28,0,2,0
2036,0,24,s,20,15,1,14,9,d,10,s,10,0,7,1,0,12,0,25,3,0,s,0,s,0,2,28,0,d,d
I205,0,24,s,20,15,1,4,9,0,10,2,10,0,0,0,0,12,0,25,0,0,0,0,46,0,2,28,0,2,0
I206,0,24,s,20,15,1,4,9,0,10,2,10,0,0,0,0,12,0,25,0,0,12,0,46,0,2,28,0,2,0
I207,0,24,s,20,15,1,4,9,0,10,2,10,0,0,0,0,12,0,25,0,0,12,0,46,0,2,28,0,2,21
1921,0,24,s,20,15,1,4,9,d,10,2,d,0,0,0,0,12,0,25,0,0,12,0,46,0,2,28,0,2,21
1920,0,24,s,20,15,1,4,9,0,10,2,10,0,0,0,0,12,0,25,d,0,12,0,46,d,2,28,0,d,21
1953,0,24,s,s,15,1,s,9,0,10,2,10,0,11,0,0,12,d,25,d,0,12,0,46,0,2,28,0,2,0
I209,0,24,s,20,15,1,4,9,1,10,2,10,0,0,0,s,12,0,25,0,0,0,0,46,0,2,28,0,2,31
1025,s,24,s,20,15,1,4,9,1,10,d,10,10,0,0,s,12,0,25,15,0,0,0,46,0,2,28,3,2,31
1024,0,24,s,d,d,1,4,9,d,d,2,10,0,0,0,s,12,0,25,0,0,0,0,46,0,2,28,0,2,31
I210,4,24,s,20,0,1,0,9,0,10,2,10,14,9,0,0,12,0,25,0,0,0,0,46,0,2,28,0,2,0
I212,4,24,s,20,0,1,0,9,10,10,2,10,14,9,0,1,12,0,25,1,0,0,0,46,0,2,28,0,2,0
1041,4,24,s,d,0,1,d,d,10,d,2,10,14,9,0,d,d,0,25,1,0,d,0,46,0,2,28,0,2,32
1040,4,24,s,20,0,1,0,9,10,10,2,10,d,9,0,1,12,d,25,1,0,0,0,46,9,2,28,0,2,0
I216,4,24,s,20,0,1,21,9,0,10,2,10,14,9,0,0,12,7,25,0,0,s,0,46,0,2,28,1,2,0
1649,4,24,s,20,s,1,21,9,0,10,2,10,14,9,0,d,12,7,25,0,d,s,0,46,0,2,28,1,2,d
I222,4,24,s,s,11,1,21,9,0,10,2,10,14,9,0,0,12,7,25,0,0,s,0,46,0,2,28,1,2,10
1427,4,24,s,s,11,1,21,9,0,10,2,10,14,9,0,d,12,7,25,0,0,s,0,46,d,2,28,1,2,10
1426,4,24,s,s,11,1,21,9,0,10,2,10,d,9,0,d,d,d,25,0,0,s,0,46,s,2,28,1,d,10
I223,0,24,s,20,0,1,0,9,0,10,2,10,0,0,0,0,12,0,25,3,0,0,0,39,0,2,28,0,2,0
I224,0,24,s,20,0,1,0,9,0,10,2,10,0,0,0,0,12,0,25,3,1,8,0,39,0,2,28,0,2,0
I225,0,24,s,20,0,1,0,9,0,10,2,10,0,7,0,0,12,0,25,3,1,8,0,39,0,2,28,0,2,0
1594,0,24,s,20,3,1,0,9,0,10,d,s,s,7,0,0,12,0,25,3,1,8,1,39,0,2,28,0,2,0
1833,0,24,s,20,0,1,0,9,d,10,2,10,0,7,0,1,12,0,25,3,1,8,10,39,0,2,28,0,d,0
I232,0,24,s,20,0,1,0,9,0,10,2,10,0,0,0,1,12,0,25,3,1,8,0,39,0,2,28,0,2,0
1486,0,24,s,d,37,1,0,s,3,10,2,10,0,d,0,1,12,13,25,3,1,d,0,39,0,2,28,0,2,0
I238,0,24,s,20,39,1,0,9,0,10,2,10,0,0,0,1,12,0,25,3,1,8,0,39,9,2,28,0,2,0
1441,0,24,s,20,39,1,0,9,0,10,d,10,0,0,0,1,12,0,25,3,1,8,0,39,9,2,28,0,2,0
1440,0,24,s,20,39,d,0,9,0,10,2,d,0,d,d,d,d,0,25,3,1,8,0,39,9,2,28,0,2,0
I239,0,24,s,20,0,1,27,9,0,10,2,10,0,0,8,0,12,0,25,s,0,0,0,39,4,2,28,6,2,0
I240,0,24,s,20,0,1,27,9,0,10,2,10,0,0,8,0,12,0,25,s,0,0,0,39,4,2,28,6,2,0
I241,0,24,s,20,0,1,27,9,0,10,2,10,0,s,8,0,12,0,25,s,0,0,0,39,4,2,28,6,2,0
1951,0,24,s,20,0,d,27,9,0,10,2,10,0,s,8,0,12,0,25,s,0,0,d,s,4,d,28,d,2,0
1796,0,24,s,20,0,s,27,d,0,10,2,10,d,s,8,d,12,0,25,s,0,0,d,39,d,2,28,6,2,d
985,0,d,s,20,0,1,27,9,0,10,2,10,d,0,8,0,12,0,25,s,0,0,1,39,4,2,28,6,2,0
1050,0,24,s,20,0,1,d,9,0,10,2,s,0,0,8,s,12,0,25,s,d,0,s,39,4,s,28,6,2,0
I251,0,0,s,0,0,1,0,0,0,10,2,0,0,0,0,1,0,0,25,0,0,0,0,0,0,0,0,0,2,0
I252,0,0,s,0,0,1,0,0,0,10,2,0,0,0,0,1,0,0,25,0,1,13,0,0,9,0,0,0,2,0
I253,0,0,s,0,0,1,0,0,0,10,2,0,12,0,0,1,0,0,25,9,1,13,0,0,9,0,0,0,2,0
I254,0,0,s,0,0,1,0,0,1,10,2,0,12,0,0,1,0,0,25,9,1,13,5,0,9,0,0,0,2,0
I255,0,0,s,0,0,1,0,0,1,10,2,0,12,0,0,1,0,0,25,9,1,13,5,0,9,0,0,0,2,0
I256,0,0,s,0,0,1,0,0,1,10,2,0,12,0,0,1,0,0,25,9,1,13,5,0,9,0,0,0,2,0
I257,0,0,s,0,0,1,0,0,1,10,2,20,12,0,0,1,0,0,25,9,1,13,5,0,9,0,0,0,2,0
I258,0,0,s,0,0,1,0,0,1,10,2,20,12,0,0,1,0,0,25,9,1,13,5,0,9,18,0,0,2,0
1223,0,0,s,0,0,1,0,0,1,10,2,20,12,0,0,1,0,25,25,9,1,13,5,0,9,18,0,0,2,0
1222,0,0,s,0,35,1,0,0,1,10,2,20,12,0,d,1,0,0,25,9,1,13,5,0,9,18,d,0,d,0
1379,0,17,s,0,d,1,d,22,d,10,2,20,12,d,0,1,28,22,25,9,1,d,5,0,9,d,8,0,2,0
I260,0,0,s,0,0,1,0,0,1,10,2,9,12,0,0,1,0,0,25,9,1,13,5,0,9,0,0,s,2,0
1069,0,2,s,d,0,1,0,0,1,10,2,9,12,0,0,1,0,d,25,9,1,13,5,d,9,0,0,s,2,d
I262,0,0,s,10,0,1,0,13,1,10,2,9,12,9,0,1,17,0,25,9,1,13,5,0,9,0,15,s,2,0
1359,0,0,s,10,9,1,20,13,d,10,2,9,12,9,0,1,17,0,25,9,1,13,5,0,9,0,15,s,d,0
1358,0,d,s,10,0,1,0,13,1,10,2,d,12,9,0,1,17,0,25,9,1,13,5,0,9,0,15,s,2,0
I263,0,0,s,0,0,1,20,0,1,10,2,0,12,0,0,1,0,0,25,9,1,13,5,0,9,0,0,0,2,0
1254,0,0,s,d,0,d,20,0,d,10,2,d,12,0,d,1,0,12,s,9,d,13,5,37,d,0,d,0,2,0
1054,0,3,s,0,0,1,20,d,d,10,2,0,12,0,0,1,0,0,25,9,1,13,5,0,9,0,0,0,2,6
I271,0,0,s,0,0,1,13,0,1,10,2,0,12,0,0,1,0,0,25,9,1,13,5,0,9,0,0,0,2,0
1908,4,0,s,6,s,1,13,4,d,10,2,0,12,0,0,1,4,d,25,9,d,13,5,1,9,0,0,0,2,0
I277,5,0,s,0,0,1,13,0,1,10,2,0,12,0,0,1,15,0,25,9,1,13,5,0,9,0,0,0,2,3
1073,5,0,s,6,0,1,13,0,1,10,2,0,12,6,25,1,15,0,25,9,1,d,d,0,9,0,0,0,2,3
1187,5,0,s,0,d,d,13,0,1,10,2,d,12,d,d,1,15,0,25,d,1,13,5,0,9,d,0,0,2,3
I287,0,0,s,0,23,1,0,0,0,10,s,0,12,0,0,1,0,0,25,9,1,13,0,0,9,0,0,0,2,0
I288,0,0,s,0,23,1,0,0,0,10,s,0,12,0,0,1,0,0,25,9,1,13,0,0,9,0,0,0,2,0
I289,0,0,s,0,23,1,0,19,0,10,s,0,12,0,0,1,0,0,25,9,1,13,0,0,9,0,0,0,2,0
1489,d,0,s,0,23,1,0,19,9,d,s,0,12,0,0,d,0,0,s,9,d,13,d,0,9,30,s,0,2,d
I293,0,0,s,0,23,1,0,19,0,10,s,0,12,0,1,1,0,0,25,9,1,13,0,0,9,0,0,0,2,0
I294,0,0,s,0,23,1,0,19,0,10,s,0,12,0,1,1,0,0,25,9,s,13,0,0,9,23,0,0,2,0
1605,4,0,s,0,23,1,0,19,d,10,s,0,d,d,1,d,0,0,25,d,s,13,0,0,9,23,0,0,2,d
1604,0,0,s,0,23,1,d,19,0,10,s,0,12,0,1,1,0,0,25,9,s,13,0,0,d,23,d,0,d,0
1417,0,0,s,0,23,1,d,19,d,10,s,0,12,0,1,1,0,0,25,9,1,13,0,0,9,s,0,0,2,0
I296,0,0,s,0,23,1,0,0,0,10,s,0,12,0,0,1,0,0,25,9,1,13,0,0,9,0,6,0,2,0
I297,0,15,s,0,23,1,0,32,0,10,s,0,12,0,0,1,0,0,25,9,1,13,0,0,9,0,6,0,2,0
1732,1,15,s,0,23,1,0,32,0,10,s,0,12,7,0,1,0,d,25,9,1,13,0,0,9,0,s,0,2,0
I299,0,15,s,0,23,1,0,32,0,10,s,0,12,0,0,1,0,0,25,9,s,13,0,0,9,0,6,0,2,0
1147,0,15,s,0,23,1,0,32,0,10,s,0,12,0,0,1,12,0,25,9,s,13,0,0,9,0,6,0,d,0
1146,0,15,s,d,23,1,0,32,0,10,s,0,12,d,0,1,d,0,25,9,s,13,d,0,9,0,6,0,2,0
1239,0,s,s,0,23,1,22,1,0,s,s,0,12,0,24,1,0,7,25,9,1,13,2,d,9,0,6,2,2,0
I303,0,0,s,5,23,1,21,0,0,10,s,8,12,5,0,1,0,0,25,9,1,13,s,4,9,0,0,0,2,0
I304,0,0,s,5,23,1,21,0,0,10,s,8,12,5,0,1,0,0,25,9,1,13,s,4,9,19,0,0,2,0
I306,0,0,s,5,23,1,21,0,0,10,s,s,12,5,0,1,17,0,25,9,1,13,s,4,s,19,0,0,2,0
1799,0,0,s,5,23,1,21,0,0,d,s,s,12,d,d,1,17,0,25,9,1,13,s,4,s,d,0,0,2,d
1798,0,0,s,5,23,1,21,d,0,10,s,s,12,5,0,1,17,d,25,9,1,13,s,4,s,19,0,0,2,0
1840,0,0,s,5,23,s,21,0,0,10,s,8,12,s,d,1,0,s,25,9,1,d,s,4,9,19,0,0,2,0
I310,0,0,s,5,23,1,21,0,0,10,s,8,12,5,0,1,0,0,25,9,1,s,s,4,9,0,0,0,2,0
I311,0,0,s,5,23,1,21,0,0,10,s,8,12,5,0,1,0,25,25,9,1,s,s,4,9,0,0,0,2,0
1744,0,0,s,d,23,1,21,1,5,10,s,8,s,5,0,1,0,d,d,9,1,s,s,4,9,1,0,0,2,6
1369,0,0,s,5,d,1,21,0,0,10,s,8,12,5,0,s,0,25,d,d,1,s,s,4,9,0,0,0,2,0
I315,0,0,s,5,23,1,21,0,0,10,s,8,12,5,0,1,0,0,25,9,1,s,s,4,9,0,0,0,2,0
1783,0,0,s,5,d,1,21,0,0,10,s,8,12,5,0,d,0,d,25,9,1,s,s,4,9,10,0,d,2,0
1782,0,0,s,5,23,1,21,0,0,10,s,8,12,5,0,d,d,0,25,9,1,s,s,4,9,d,0,0,2,0
I317,0,0,s,8,0,1,0,0,0,10,2,0,0,0,19,1,0,0,25,0,1,13,0,0,9,11,23,0,2,18
I318,s,0,s,8,0,1,0,0,0,10,2,0,9,0,19,1,0,0,25,0,1,13,0,0,9,11,23,0,2,18
I319,s,0,s,8,0,1,0,0,0,10,2,0,9,0,19,1,0,0,25,0,1,13,0,0,9,11,23,0,2,18
I320,s,0,s,8,0,1,28,0,0,10,2,0,9,0,19,1,0,0,25,0,1,13,0,0,9,11,23,0,2,18
I321,s,0,s,8,0,1,28,0,0,10,2,0,9,0,19,1,0,0,25,0,1,13,0,38,9,s,23,0,2,18
I322,s,2,s,8,0,1,28,0,0,10,2,0,9,0,19,1,0,0,25,0,1,13,0,38,9,s,23,0,2,18
1801,s,2,s,d,0,1,d,d,0,10,2,8,9,d,d,1,0,d,25,0,1,13,0,38,9,s,23,0,2,18
1800,s,2,s,8,d,1,28,0,0,10,2,0,9,0,19,d,0,0,d,0,1,d,0,d,9,s,23,0,2,18
I323,s,s,s,8,21,1,28,0,0,10,2,0,9,0,19,1,0,0,25,0,1,13,0,38,9,s,23,0,2,18
1375,s,s,s,8,21,1,28,0,0,10,2,0,9,0,19,1,0,0,25,d,1,13,0,38,9,s,23,0,2,18
1374,s,s,s,8,21,1,28,0,0,10,2,0,9,0,19,1,0,0,25,0,d,13,d,38,9,s,23,0,2,18
I325,s,0,s,8,8,1,28,0,0,10,2,0,9,0,19,1,0,8,25,0,1,13,7,44,9,11,s,0,2,18
1455,s,d,s,8,8,1,28,d,d,10,2,0,d,0,19,1,0,8,25,0,1,13,d,44,9,11,s,0,2,18
1454,s,0,s,8,8,1,28,0,0,d,2,0,9,d,19,1,0,d,25,0,1,13,7,44,9,d,s,0,2,18
I327,s,0,s,8,0,1,0,0,s,10,2,0,9,0,19,1,21,0,25,0,1,13,0,22,9,11,23,0,2,18
I328,s,0,s,8,0,1,10,0,s,10,2,0,9,0,19,1,21,0,25,0,1,13,0,22,9,11,23,7,2,18
1128,s,0,s,8,0,s,10,0,s,10,2,0,9,0,19,1,21,0,d,d,1,13,8,22,9,d,23,7,2,18
1292,s,0,s,8,0,1,10,9,s,10,d,d,d,6,19,1,21,d,25,0,d,13,0,22,9,11,23,d,2,d
I331,s,0,s,8,0,1,0,0,s,10,2,0,9,0,19,1,21,0,25,0,1,13,0,22,9,11,23,0,2,18
1140,s,0,s,8,0,1,0,0,s,10,2,0,9,0,19,1,21,7,25,d,1,d,10,22,9,11,23,0,2,18
1538,s,28,s,8,0,1,0,d,s,10,2,0,9,0,19,1,21,0,25,0,1,13,0,22,d,11,23,0,2,d
I334,s,0,s,s,0,1,0,0,0,10,s,9,9,0,19,1,0,0,25,0,1,13,0,38,9,11,23,0,2,18
I335,s,0,s,s,0,1,0,0,0,10,s,9,9,0,19,1,0,0,25,0,1,13,0,38,9,11,23,0,2,18
1896,s,d,s,s,s,1,0,0,0,10,s,9,9,7,19,1,0,0,25,d,1,13,0,38,9,11,23,0,2,18
I339,s,0,s,s,0,1,0,0,0,10,s,9,s,0,19,1,0,0,25,0,1,13,0,38,9,11,23,0,2,18
1665,s,0,s,s,0,1,0,0,0,d,s,9,s,0,19,1,0,0,25,3,1,13,0,38,d,11,23,0,2,18
I341,s,0,s,s,0,1,0,0,0,10,s,9,s,0,19,1,0,0,25,0,1,13,0,38,9,11,23,0,2,18
1899,s,0,s,s,0,1,0,0,0,10,s,9,s,0,19,1,0,0,25,0,1,13,0,38,d,11,23,0,2,18
1898,s,0,s,s,0,1,0,0,0,10,s,9,s,0,19,1,0,d,25,d,1,13,0,38,9,11,23,0,d,18
I342,s,0,s,s,0,1,0,0,0,10,s,9,9,0,19,1,0,0,25,0,s,13,0,38,9,11,23,13,2,18
I343,s,0,s,s,0,1,0,0,0,10,s,9,9,8,19,1,0,0,25,3,s,13,0,38,9,11,23,13,2,18
I344,s,0,s,s,0,1,0,0,0,10,s,9,9,8,19,1,0,0,25,3,s,13,0,38,9,11,23,13,2,18
1735,s,0,s,s,0,1,0,0,0,10,s,9,9,8,19,1,0,0,25,3,s,d,d,38,9,11,23,13,d,18
1734,s,0,s,s,0,1,0,0,0,10,s,9,d,8,19,1,0,0,25,3,s,13,0,38,9,11,23,13,d,18
I345,s,0,s,s,0,1,0,0,0,10,s,9,9,8,19,1,0,0,25,3,s,13,0,38,9,11,23,13,2,18
1695,s,0,s,s,0,1,0,0,0,10,s,9,9,8,19,1,d,0,25,3,s,13,0,38,9,d,23,13,2,18
1694,s,0,s,s,0,1,0,0,d,10,s,9,9,8,19,1,0,0,25,d,s,13,13,38,9,11,23,d,2,18
I348,s,0,s,s,0,1,0,1,9,10,s,9,9,0,19,1,0,0,25,0,s,13,15,38,9,11,23,13,2,18
1499,s,d,s,s,0,1,0,1,9,10,s,9,9,0,19,d,0,0,25,0,s,13,d,d,d,11,23,13,2,18
1498,s,0,s,s,0,1,0,1,d,10,s,9,9,0,19,1,0,0,25,0,s,13,15,38,9,11,23,13,2,18
I349,0,0,s,8,0,1,0,9,0,10,2,0,0,0,19,1,24,0,25,0,1,13,0,0,9,11,23,0,2,18
I350,0,0,s,8,0,1,0,9,0,10,2,0,0,0,19,1,24,0,25,0,1,13,0,0,9,11,23,0,2,18
I351,0,0,s,8,0,1,0,9,0,10,2,0,0,0,19,1,24,0,25,0,1,13,0,0,9,11,23,0,2,18
I352,0,0,s,8,9,1,2,9,11,10,2,5,0,0,19,1,24,0,25,0,1,13,0,0,9,11,23,0,2,18
1713,0,0,s,8,9,1,2,9,11,10,2,5,0,0,19,1,24,0,25,0,1,d,0,0,9,d,23,4,d,18
1769,0,15,s,8,9,1,2,9,11,10,2,5,0,0,19,1,24,0,25,d,d,d,d,0,9,11,d,0,2,18
I355,0,0,s,8,0,1,0,9,0,10,2,0,0,0,19,1,24,0,25,0,1,13,0,0,9,11,23,0,2,18
1601,s,0,s,8,0,d,0,9,0,d,2,0,0,9,19,d,24,0,25,0,1,d,0,0,9,11,23,0,2,18
1685,0,0,s,8,0,1,d,9,0,10,2,0,0,0,19,1,24,0,25,0,1,13,0,0,9,11,d,0,2,18
I358,0,0,s,8,0,1,0,9,0,10,2,0,0,0,19,1,24,0,25,0,1,13,0,0,9,11,23,0,2,18
I359,0,0,s,8,0,1,0,9,0,10,2,0,0,0,19,1,24,0,25,s,1,13,0,0,9,11,23,s,2,18
I360,0,2,s,8,0,1,0,9,0,10,2,0,8,0,19,s,24,0,25,s,1,13,0,0,9,11,23,s,2,18
1167,0,2,s,8,d,1,0,9,0,10,2,0,8,0,19,s,24,0,d,s,1,13,d,0,9,11,23,s,2,18
1166,4,2,s,8,d,1,0,9,d,10,2,0,8,0,19,s,24,0,25,s,1,13,0,0,d,11,23,s,2,d
1136,0,0,s,8,0,1,0,9,0,10,2,0,0,7,19,d,24,0,25,s,1,13,6,0,9,11,23,s,d,18
I362,0,0,s,8,0,1,0,9,0,10,2,0,18,2,19,1,24,0,25,0,1,13,0,0,9,11,23,0,s,18
I363,0,0,s,8,0,1,0,9,0,10,2,0,18,2,19,1,24,0,25,0,1,13,0,0,9,11,23,0,s,18
1219,0,0,s,8,0,1,d,9,11,10,2,d,18,2,19,d,24,d,25,0,1,13,0,d,9,11,23,0,s,18
1218,s,0,s,8,0,1,0,d,0,10,2,0,18,2,d,1,24,0,d,0,1,13,0,0,9,11,23,0,s,18
1246,3,0,s,d,0,1,4,9,0,10,d,0,18,d,19,1,24,0,25,0,1,d,0,0,9,11,d,0,s,18
I365,0,24,s,8,0,1,0,9,0,10,2,s,0,0,19,1,24,0,25,0,1,13,10,0,9,11,23,0,2,18
I366,2,24,s,8,0,1,0,9,0,10,2,s,0,0,19,1,24,0,25,0,1,13,10,0,9,s,23,0,2,18
I367,2,24,s,8,17,1,0,9,0,10,2,s,0,0,19,1,24,0,25,0,1,13,10,0,9,s,23,0,2,18
I368,2,24,s,8,17,1,0,9,0,10,2,s,0,0,19,1,24,0,25,0,1,13,10,0,s,s,23,0,2,18
1651,2,24,s,8,17,1,d,9,0,10,2,s,0,0,d,1,24,0,25,9,d,13,d,0,s,s,23,0,2,18
1650,2,24,s,8,17,d,0,d,0,10,2,s,d,0,d,1,24,0,25,0,1,d,10,d,s,s,23,0,2,18
1525,d,24,s,8,17,1,0,9,0,10,2,s,0,0,19,1,24,6,25,d,1,13,d,0,9,s,23,0,2,18
I370,2,24,s,8,0,1,0,9,0,10,2,s,0,0,19,1,24,0,s,0,1,13,10,0,9,s,23,0,2,18
1940,s,d,s,8,10,d,d,9,0,d,2,s,0,0,19,1,24,d,s,0,1,13,10,39,9,s,d,0,2,18
1444,2,24,s,8,d,1,0,9,0,10,2,s,s,0,19,1,d,0,s,0,1,d,10,0,9,s,23,0,2,18
I373,2,24,s,8,0,1,0,9,0,10,2,s,0,0,19,1,24,0,25,0,1,13,10,0,9,11,23,0,2,18
I374,2,24,s,8,0,1,0,9,0,10,2,s,0,3,19,1,24,34,25,0,1,13,10,0,9,11,23,9,2,18
1347,2,24,s,8,0,1,15,9,0,d,s,s,0,3,19,1,24,34,25,d,1,d,10,0,9,d,d,9,2,18
1085,d,24,s,8,0,1,0,9,0,10,2,s,d,3,19,s,24,34,25,0,d,13,10,0,9,11,23,9,2,18
1391,2,24,s,8,d,d,0,9,0,d,d,s,d,0,19,s,24,s,25,0,1,13,10,0,9,d,23,0,2,18
I380,0,0,s,0,0,1,0,0,0,10,2,0,0,2,0,s,0,s,25,0,1,0,0,0,9,0,0,0,2,4
I381,0,0,s,0,0,1,0,0,0,10,2,0,0,2,0,s,14,s,25,0,1,0,0,0,9,0,0,0,2,4
I382,0,0,s,0,0,1,0,0,0,10,2,0,0,2,0,s,14,s,25,6,1,0,0,0,9,0,0,0,2,4
I383,0,0,s,4,0,1,0,0,0,10,2,0,0,2,8,s,14,s,25,6,1,0,0,0,9,0,0,0,2,4
I386,s,0,s,4,0,1,0,0,12,10,2,0,0,2,8,s,14,s,25,6,1,0,0,0,9,0,0,0,2,4
1839,s,0,s,4,0,1,0,0,12,d,2,0,0,2,8,s,d,s,d,6,d,0,0,0,9,0,0,0,2,4
1838,s,0,s,4,0,1,0,0,12,d,2,0,d,2,8,s,14,s,d,6,1,0,0,0,9,0,d,0,2,4
I391,6,0,s,4,0,1,0,8,0,s,2,0,0,2,8,s,14,s,25,6,1,0,0,0,9,0,0,0,2,4
I392,6,35,s,4,0,1,0,8,0,s,2,0,0,2,8,s,14,s,25,6,1,0,0,0,9,0,0,1,2,4
I393,6,35,s,4,0,1,0,8,0,s,2,0,0,2,8,s,14,s,25,6,1,0,0,0,9,0,0,1,2,4
1675,d,35,s,4,0,1,0,8,d,s,2,0,0,2,d,s,14,s,25,6,1,d,0,d,9,d,25,1,2,4
1674,6,s,s,d,0,1,0,8,0,s,2,d,0,2,d,s,14,s,25,d,1,0,0,0,9,0,0,1,2,d
I394,6,35,s,4,0,1,0,8,0,s,2,0,0,2,8,s,14,s,25,6,1,0,0,0,9,0,0,1,2,4
1741,d,35,s,4,0,1,0,8,0,s,2,0,0,2,8,s,14,s,25,d,1,0,0,0,9,0,0,1,2,d
1740,6,35,s,d,d,1,0,8,0,s,2,0,d,2,d,s,d,s,25,6,1,0,d,0,9,0,0,1,2,4
I395,6,0,s,4,0,1,0,8,0,s,2,0,0,2,8,s,14,s,25,6,1,0,0,0,9,0,0,s,2,4
I396,6,0,s,4,0,1,s,8,0,s,2,0,0,2,8,s,14,s,25,6,1,0,0,0,9,0,0,s,2,4
1593,6,d,s,4,0,1,s,8,d,s,2,0,0,2,8,s,14,s,25,6,1,0,d,0,9,0,d,s,2,4
1592,6,0,s,4,0,d,s,8,0,s,2,0,0,d,8,s,14,s,25,6,1,0,0,d,9,0,0,s,2,d
1711,6,0,s,4,0,1,0,8,0,s,2,d,0,d,d,s,14,s,d,6,1,0,0,0,9,0,26,s,2,4
I398,0,0,s,0,0,1,0,0,0,10,2,0,0,2,0,s,14,s,25,6,1,0,0,0,9,0,0,0,2,4
I399,0,0,s,0,0,1,0,0,0,10,2,0,0,2,6,s,14,s,25,6,1,0,0,0,9,0,0,0,2,4
I400,0,0,s,3,0,1,0,0,0,10,2,0,0,2,6,s,14,s,25,6,1,0,0,0,9,0,0,0,2,4
1933,0,0,s,3,0,1,0,0,0,10,2,0,d,2,6,s,s,s,25,6,d,0,0,0,9,0,0,d,2,4
1894,2,0,s,3,0,1,0,0,d,10,d,0,0,2,d,s,14,s,d,6,1,0,5,0,9,0,0,0,2,4
I403,0,0,s,0,0,1,7,0,0,10,2,0,0,2,6,s,14,s,25,6,1,0,0,0,9,0,0,0,2,4
I404,0,0,s,0,0,1,7,0,0,10,2,0,0,2,6,s,14,s,25,6,1,0,0,0,9,0,0,0,2,4
1789,0,0,s,0,0,1,7,d,0,10,2,d,d,2,d,s,d,s,25,6,1,0,0,0,9,0,d,0,2,4
1788,0,0,s,0,0,1,7,0,d,10,2,0,0,2,6,s,14,s,25,6,d,0,0,0,9,0,0,0,2,4
I405,0,0,s,4,0,1,7,0,0,10,2,0,0,2,6,s,14,s,25,6,1,0,0,0,9,0,0,0,2,4
1881,0,0,s,4,0,1,7,0,0,d,2,0,0,2,6,s,14,s,25,d,1,0,0,d,d,0,0,0,2,4
1880,0,0,s,4,0,1,d,0,0,10,2,0,0,2,6,s,14,s,d,6,d,0,0,0,9,0,0,0,2,4
I406,0,0,s,0,0,1,0,0,0,10,2,0,0,2,6,s,14,s,25,6,1,0,0,0,9,18,0,0,2,4
I407,0,0,s,0,0,1,0,0,0,10,2,14,0,s,6,s,14,s,25,6,1,0,0,0,9,18,0,0,2,4
1688,2,0,s,0,0,1,0,d,12,10,2,14,0,s,6,s,14,s,25,6,1,0,0,0,9,18,0,0,2,4
1901,s,5,s,0,0,1,0,0,0,10,2,d,0,s,6,s,14,s,25,6,1,0,0,0,9,d,0,d,2,4
I410,0,0,s,0,0,1,0,0,0,10,2,0,0,2,6,s,14,s,s,6,1,0,0,0,9,18,0,0,2,4
1829,0,0,s,0,35,1,0,0,d,10,2,0,0,2,d,s,14,s,s,6,1,0,0,36,9,18,0,4,2,4
1982,2,d,s,0,0,d,0,0,s,10,2,0,0,2,6,s,14,s,s,6,1,0,d,0,9,d,26,0,2,4
I413,0,0,s,0,0,1,0,0,3,10,2,0,0,2,0,s,14,s,25,0,1,0,0,0,9,0,0,0,2,4
I414,0,0,s,0,15,1,0,0,3,10,2,0,0,2,6,s,14,s,25,0,1,0,0,0,9,0,0,0,2,4
I415,0,0,s,0,15,1,12,0,3,10,2,0,0,2,6,s,14,s,25,0,1,1,0,0,9,0,0,7,2,4
1414,2,0,s,13,d,1,d,0,3,10,2,0,4,2,d,s,14,s,25,0,1,1,0,d,9,d,2,7,2,4
1284,0,16,s,0,15,1,12,0,3,10,2,0,d,2,d,s,14,s,d,0,d,d,0,0,9,0,0,7,2,4
I422,0,0,s,0,15,1,0,0,3,10,2,0,0,2,6,s,14,s,25,0,1,0,0,0,9,0,0,0,2,4
I423,0,0,s,0,15,1,0,0,3,10,2,0,0,2,6,s,14,s,25,0,1,0,0,0,9,0,0,0,2,4
1450,0,d,s,d,d,1,0,0,3,10,2,5,0,2,d,s,14,s,25,0,1,0,0,0,9,d,0,0,2,s
I425,0,0,s,0,15,1,0,24,3,10,2,0,0,2,6,s,14,s,25,0,1,0,0,0,9,12,0,0,2,4
1209,d,0,s,0,15,1,0,24,d,10,2,d,d,2,6,s,d,s,d,0,1,0,0,0,9,12,0,d,2,4
1208,0,0,s,0,15,1,d,24,d,d,2,0,0,2,6,s,14,s,25,0,1,d,0,0,9,12,0,0,2,d
I426,0,0,s,0,15,1,0,0,3,10,2,0,0,2,6,s,14,s,25,0,1,0,0,15,9,0,0,0,2,4
1157,4,0,s,0,15,1,d,d,3,d,s,0,0,2,6,s,14,s,25,0,1,0,12,15,9,0,d,0,2,d
I428,0,0,s,0,15,1,0,0,3,10,2,0,s,2,6,s,14,s,25,0,1,0,0,15,9,0,0,0,2,4
1109,0,d,s,0,15,1,0,0,d,10,2,0,s,d,6,s,14,s,25,0,1,0,0,15,d,0,d,0,2,d
1108,0,0,s,0,15,1,0,39,3,10,d,0,s,2,6,s,14,s,25,0,1,0,d,15,9,0,0,11,2,4
I429,0,0,s,22,0,1,0,0,3,10,2,20,0,2,s,s,14,s,25,0,1,0,0,0,9,s,0,0,2,4
I430,0,0,s,22,0,1,0,0,3,10,2,20,0,2,s,s,14,s,25,0,1,0,0,0,9,s,0,0,2,4
I431,0,24,s,22,0,1,18,0,3,10,2,20,0,2,s,s,14,s,25,0,1,0,0,0,9,s,0,9,2,4
1409,0,24,s,d,0,1,18,d,3,10,2,d,0,2,s,s,14,s,25,13,1,0,d,0,9,s,2,d,2,4
1691,d,24,s,22,0,d,18,0,3,10,2,20,0,2,s,s,14,s,25,0,1,0,0,0,9,s,d,9,2,4
I434,0,0,s,22,0,1,0,0,3,10,2,20,0,2,s,s,14,s,25,0,1,0,0,0,9,s,0,0,2,4
I435,0,0,s,22,0,1,0,0,3,10,2,20,0,2,s,s,14,s,s,8,1,0,20,0,9,s,0,0,2,4
1663,0,0,s,22,0,1,0,d,3,10,2,20,0,2,s,s,14,s,s,8,d,s,d,s,9,s,0,d,2,4
1662,d,d,s,22,0,1,0,0,d,10,2,20,0,2,s,s,14,s,s,8,1,0,20,36,9,s,d,d,d,4
1584,0,d,s,22,0,1,0,0,3,10,d,20,0,2,s,s,14,s,25,0,1,d,0,29,9,s,0,0,2,4
I442,2,17,s,22,17,s,0,0,3,10,2,20,4,2,s,s,14,s,25,9,1,0,0,0,9,s,3,0,2,4
1975,2,d,s,22,17,s,0,0,3,d,2,20,d,2,s,s,14,s,25,9,1,0,0,0,9,s,3,0,2,4
1974,2,17,s,22,17,s,0,0,3,10,2,20,4,2,s,s,14,s,25,9,1,0,d,0,9,s,3,0,2,4
I444,0,0,s,0,0,1,0,0,0,10,2,0,0,2,0,s,0,s,25,0,1,s,0,4,9,0,0,4,2,4
I445,0,0,s,0,0,1,0,s,0,10,2,0,0,2,0,s,0,s,25,8,1,s,0,4,9,0,0,4,2,4
I446,0,0,s,0,0,1,0,s,0,10,2,0,0,2,0,s,0,s,25,8,1,s,10,4,9,0,0,4,2,4
I448,0,0,s,0,0,1,0,s,0,10,2,20,0,2,0,s,0,s,25,8,1,s,10,4,9,5,0,4,2,4
1481,s,0,s,0,s,1,0,s,0,10,d,20,0,2,0,s,7,s,25,8,1,s,s,4,9,5,0,4,2,d
I450,0,0,s,0,0,1,0,s,0,10,2,20,0,2,0,s,0,s,25,8,1,s,10,4,9,5,0,4,2,4
1273,0,0,s,4,0,1,d,s,d,10,2,20,15,2,0,s,d,s,25,8,1,s,10,d,9,5,0,d,2,d
1272,2,0,s,0,0,1,d,s,0,10,d,20,0,2,0,s,0,s,25,8,1,s,10,4,9,5,0,4,2,4
I454,0,0,s,0,0,1,0,s,0,10,2,6,s,2,0,s,0,s,25,8,1,s,10,4,9,0,0,4,2,4
I455,0,0,s,0,0,1,s,s,0,10,2,6,s,2,0,s,0,s,25,8,1,s,10,4,9,0,0,4,2,4
1907,3,0,s,0,11,1,s,s,0,10,2,6,s,2,d,s,0,s,25,d,1,s,d,4,9,d,0,d,2,4
I457,2,0,s,0,3,1,s,s,10,10,2,6,s,2,0,s,0,s,25,8,1,s,10,4,9,0,0,4,2,4
1821,d,d,s,0,3,1,s,s,10,10,2,d,s,2,0,s,0,s,25,8,1,s,10,4,9,0,0,d,2,4
1820,2,0,s,0,3,1,s,s,10,10,2,6,s,2,0,s,0,s,25,8,1,s,10,d,9,d,0,d,2,4
I458,2,0,s,0,0,1,0,s,0,10,2,6,s,2,15,s,0,s,25,8,1,s,10,4,9,0,0,4,2,4
I459,2,0,s,5,0,1,9,s,0,10,2,6,s,2,15,s,0,s,25,8,1,s,10,s,9,19,0,4,2,4
2025,2,0,s,5,0,1,d,s,d,d,2,6,s,2,15,s,0,s,25,8,1,s,10,s,9,19,0,4,2,4
2024,2,d,s,5,0,1,9,s,0,10,2,6,s,2,15,s,0,s,25,8,1,s,d,s,9,19,0,4,2,4
1875,d,0,s,0,0,1,0,s,6,10,2,6,s,2,15,s,0,s,25,8,1,s,10,4,9,0,0,4,2,4
I461,0,0,s,0,0,1,0,s,0,10,s,0,0,2,0,s,0,s,25,8,1,s,0,4,9,0,8,s,2,4
I462,0,0,s,0,0,1,0,s,0,10,s,0,0,2,25,s,0,s,25,8,1,s,10,4,9,0,8,s,2,4
1466,d,5,s,0,0,1,0,s,d,10,s,0,0,2,d,s,25,s,25,8,1,s,d,4,9,d,8,s,2,d
1890,2,0,s,0,0,1,0,s,0,10,s,0,d,2,25,s,0,s,25,d,1,s,10,d,9,0,8,s,2,4
I469,0,0,s,3,0,1,0,s,0,10,s,0,15,2,0,s,0,s,25,8,1,s,0,4,9,0,8,s,2,4
I470,0,0,s,3,0,1,0,s,0,10,s,0,15,2,0,s,0,s,25,8,1,s,0,4,9,0,8,s,2,4
1653,d,0,s,d,0,1,d,s,0,d,s,0,d,2,0,s,0,s,d,8,1,s,0,4,9,0,8,s,2,4
I472,0,0,s,3,0,1,0,s,0,10,s,0,15,2,0,s,0,s,25,8,1,s,0,4,9,0,8,s,2,4
1619,0,0,s,3,9,1,d,s,0,d,s,0,15,2,0,s,0,s,25,8,1,s,0,4,9,2,8,s,2,4
1618,0,0,s,3,0,1,0,s,0,10,s,0,15,2,0,s,0,s,25,8,1,s,0,4,9,d,8,s,2,4
I473,0,0,s,3,0,1,0,s,9,10,s,0,15,2,0,s,0,s,25,8,1,s,0,4,9,0,8,s,2,4
I474,s,0,s,3,0,1,0,s,9,10,s,0,15,2,0,s,0,s,25,8,1,s,0,4,9,0,8,s,2,4
1853,s,d,s,3,d,1,20,s,9,10,s,d,15,2,0,s,d,s,25,8,d,s,d,4,9,0,8,s,d,4
1852,s,0,s,3,d,d,0,s,9,10,s,0,15,2,0,s,0,s,25,8,d,s,d,4,9,0,8,s,d,4
1915,0,0,s,3,0,1,0,s,9,10,s,d,15,d,0,s,0,s,25,d,d,s,8,d,9,d,8,s,2,d
I476,0,0,s,0,0,1,s,0,0,10,2,0,0,2,0,s,0,s,25,0,1,s,0,4,9,0,24,4,2,4
I477,0,0,s,0,0,1,s,0,0,10,2,0,0,2,0,s,0,s,25,0,1,s,10,4,9,0,24,4,2,4
I478,0,0,s,0,0,1,s,0,0,10,2,0,0,2,25,s,0,s,25,0,1,s,10,4,9,0,24,4,2,4
I480,0,0,s,0,0,1,s,0,0,10,2,0,0,2,25,s,0,s,25,0,1,s,10,4,9,24,24,4,2,4
1503,0,0,s,0,0,1,s,0,0,10,d,0,0,2,25,s,0,s,25,0,1,s,10,4,d,24,24,4,2,4
1502,0,0,s,d,0,1,s,0,0,10,2,0,d,2,25,s,0,s,d,0,1,s,10,d,9,24,d,4,2,4
I482,0,0,s,0,0,1,s,0,24,10,2,0,0,2,25,s,0,s,25,0,1,s,10,4,9,0,24,4,2,4
1825,0,d,s,3,0,1,s,0,24,10,2,d,0,2,25,s,11,s,25,0,1,s,10,4,9,0,24,4,2,4
1704,0,0,s,0,0,1,s,0,24,10,d,0,0,2,25,s,0,s,25,0,1,s,d,4,d,0,24,4,2,4
I485,0,0,s,6,0,1,s,35,0,10,2,0,0,2,0,s,0,s,25,0,1,s,10,4,9,19,24,4,2,4
I487,2,0,s,6,0,1,s,35,0,10,2,0,0,2,0,s,0,s,25,0,1,s,10,4,9,s,24,4,2,4
1809,2,0,s,6,0,1,s,35,d,10,2,0,d,2,0,s,0,s,25,0,1,s,10,4,9,s,24,4,2,4
1808,d,0,s,6,0,1,s,35,0,10,2,0,0,2,0,s,0,s,25,0,1,s,10,4,9,s,24,4,2,4
I489,0,0,s,6,0,1,s,35,0,10,2,0,s,2,0,s,0,s,25,0,1,s,10,4,9,19,24,4,2,4
1750,0,0,s,6,0,1,s,d,d,10,2,0,s,2,0,s,d,s,25,0,1,s,10,4,9,19,24,d,2,4
1969,0,0,s,6,0,d,s,35,d,10,2,0,s,2,0,s,0,s,25,0,1,s,10,4,9,d,24,d,2,4
I492,0,0,s,0,0,1,s,0,0,10,2,0,0,2,0,s,0,s,25,0,1,s,0,4,9,0,24,4,2,4
I493,0,0,s,1,0,1,s,0,0,10,2,0,0,2,0,s,0,s,25,0,1,s,0,4,9,0,24,4,2,4
I494,0,0,s,1,0,1,s,0,0,10,2,0,0,2,0,s,0,s,25,0,1,s,0,4,9,0,24,4,2,4
1865,0,0,s,1,d,1,s,0,0,10,2,0,d,2,0,s,0,s,25,0,1,s,10,d,9,0,24,4,2,4
I496,0,0,s,1,0,1,s,0,0,10,2,0,0,2,0,s,0,s,25,0,1,s,0,4,9,0,24,4,2,4
1959,d,0,s,1,d,1,s,0,0,10,2,0,0,2,0,s,0,s,25,0,1,s,0,4,9,0,24,4,2,4
1958,0,0,s,1,0,d,s,0,0,10,2,0,0,2,0,s,0,s,25,0,1,s,0,4,d,0,24,d,2,4
I497,0,0,s,1,0,1,s,0,0,10,2,0,0,2,0,s,0,s,25,0,1,s,0,4,9,0,24,4,2,4
I498,0,0,s,1,0,1,s,0,0,10,2,0,0,2,0,s,0,s,25,0,1,s,0,4,9,0,24,4,2,4
1611,0,0,s,1,0,1,s,0,0,d,2,0,0,2,0,s,0,s,d,0,1,s,0,4,9,0,d,4,2,d
1610,0,0,s,1,0,1,s,0,0,d,2,d,0,2,0,s,0,s,25,0,1,s,0,4,9,0,24,d,d,4
1478,0,0,s,1,0,1,s,0,10,10,2,d,0,2,0,s,0,s,25,0,1,s,0,4,9,0,24,4,2,4
I500,4,0,s,0,1,1,s,0,0,10,2,0,0,2,1,s,0,s,25,0,1,s,0,4,9,0,24,4,2,4
I501,4,0,s,0,1,1,s,9,0,10,2,0,0,2,1,s,0,s,25,0,1,s,0,4,9,11,s,4,2,4
2040,4,0,s,0,1,1,s,9,0,10,2,0,0,2,1,s,0,s,25,0,1,s,0,4,d,11,s,4,2,4
I503,4,0,s,0,1,1,s,9,5,10,2,0,0,2,1,s,0,s,25,0,1,s,1,4,9,11,s,4,s,4
2001,d,0,s,0,1,d,s,9,5,10,2,0,0,d,d,s,0,s,25,0,1,s,1,d,9,11,s,4,s,4
2000,4,0,s,0,1,1,s,9,5,10,2,d,d,2,1,s,0,s,25,0,1,s,1,4,d,11,s,4,s,4
I504,4,0,s,0,1,1,s,0,0,10,2,0,0,2,1,s,0,s,25,0,1,s,0,4,9,0,24,4,s,4
1659,d,15,s,0,1,1,s,0,0,10,2,0,0,2,1,s,d,s,25,3,1,s,0,4,9,0,24,4,s,4
1904,4,0,s,0,d,1,s,0,0,10,d,0,0,2,1,s,d,s,25,0,1,s,0,4,9,0,24,4,s,4
I507,0,0,0,0,0,0,0,0,0,0,2,4,0,0,0,0,25,0,0,0,0,0,10,21,0,0,0,0,2,0
I508,0,0,0,0,0,0,0,0,0,0,2,4,0,0,0,0,25,0,0,0,1,7,10,21,0,0,0,0,2,s
I509,0,0,0,0,0,0,0,0,0,0,2,4,11,0,0,0,25,0,0,0,1,7,10,21,0,0,0,0,2,s
I510,0,0,0,0,0,0,0,0,0,0,2,4,11,0,0,0,25,0,1,3,1,7,10,21,0,0,0,0,2,s
I511,0,0,1,0,0,0,0,0,0,0,2,4,11,0,0,0,25,0,1,3,1,7,s,21,0,0,0,0,2,s
I512,0,0,1,3,0,0,0,0,0,0,2,4,11,0,0,0,25,0,1,3,1,7,s,21,0,0,0,0,2,s
I513,0,0,1,3,0,0,0,22,0,0,2,4,11,0,0,1,25,0,1,3,1,7,s,21,0,0,20,0,2,s
I514,0,0,1,3,0,0,s,22,0,0,2,4,11,0,0,s,25,0,1,3,1,7,s,21,0,0,20,0,2,s
1067,2,37,1,3,0,1,s,22,20,0,2,4,11,0,0,s,25,0,1,3,1,7,s,21,0,0,20,d,2,s
I516,3,0,1,3,0,0,s,22,0,0,2,4,11,7,0,s,25,0,1,3,1,7,s,21,0,0,20,0,2,s
1065,3,0,1,3,d,0,s,22,0,0,2,4,11,7,0,s,d,0,1,3,1,d,s,21,0,0,d,d,2,s
1064,3,0,1,3,0,0,s,22,0,0,2,4,11,7,0,s,25,s,1,3,1,7,s,21,0,0,20,0,2,s
I517,0,0,1,3,0,0,0,22,0,0,2,4,11,9,0,1,25,7,1,3,1,7,s,21,0,0,20,0,2,s
I518,0,0,1,3,0,0,0,22,0,0,2,4,11,9,0,1,25,7,1,3,1,7,s,21,0,0,20,0,2,s
1091,0,0,1,3,0,0,0,22,0,0,2,4,11,9,0,1,25,7,1,3,1,7,s,21,0,18,20,0,2,s
1090,0,0,1,3,0,0,0,22,0,0,2,d,d,9,d,1,25,7,1,3,1,7,s,21,0,0,20,0,2,s
1106,d,0,1,3,0,0,0,22,0,0,2,4,11,9,d,1,25,7,1,s,1,7,s,21,0,11,20,d,2,s
I520,0,0,1,3,0,0,0,0,0,0,2,s,11,0,0,0,25,9,1,3,1,7,s,21,0,0,0,1,2,s
1322,0,0,1,3,0,1,3,6,d,d,d,s,11,7,0,d,d,9,1,3,1,7,s,21,0,d,0,d,2,s
I524,0,0,1,3,0,0,0,0,0,0,2,s,11,0,0,1,25,9,1,3,1,7,s,21,0,0,0,1,2,s
1355,0,0,1,3,0,0,0,0,0,s,2,s,11,0,0,s,25,9,1,d,1,7,s,21,0,0,0,1,2,s
1587,0,0,1,d,0,0,0,20,0,0,2,s,s,6,0,1,25,s,d,3,d,7,s,21,0,0,0,1,2,s
I527,0,0,1,0,0,0,0,0,0,0,2,4,11,0,0,0,25,0,1,3,1,s,s,21,0,0,0,0,2,s
I528,0,0,1,0,37,0,0,0,0,10,s,4,11,0,0,0,25,0,1,3,1,s,s,21,0,0,26,0,2,s
I529,0,0,1,0,s,0,0,0,0,10,s,4,11,7,3,0,25,0,1,3,1,s,s,21,0,0,26,0,2,s
I530,0,0,1,0,s,0,0,0,0,10,s,4,11,7,3,0,25,0,1,3,1,s,s,21,0,0,26,13,2,s
1381,0,0,1,0,s,0,0,0,0,10,s,4,11,d,3,0,25,5,d,d,1,s,s,21,d,0,d,13,d,s
1380,d,d,d,d,s,0,0,0,0,10,s,4,11,7,d,0,d,d,1,3,1,s,s,d,0,0,d,13,2,s
1655,0,0,1,0,s,0,0,0,0,10,s,4,11,7,3,d,25,0,1,3,1,s,s,d,0,0,26,0,2,s
1389,0,0,s,5,37,0,0,0,0,10,s,4,11,d,0,d,25,0,1,3,1,s,s,21,d,d,26,d,s,s
I535,6,0,1,0,0,0,0,36,0,0,2,4,11,0,0,0,25,0,1,3,1,s,s,21,0,23,0,0,2,s
I536,6,16,1,0,0,0,0,36,0,0,2,4,11,0,0,0,25,0,1,3,1,s,s,21,0,23,0,0,2,s
I537,6,16,1,0,0,0,0,36,0,0,2,4,11,0,0,0,25,2,1,3,1,s,s,21,0,23,0,0,2,s
1211,d,16,d,0,33,0,0,d,0,0,2,4,11,0,4,0,25,2,1,3,1,s,s,21,9,23,0,1,2,s
1210,6,16,1,0,0,0,d,36,0,d,2,4,11,0,0,d,25,2,1,3,1,s,s,21,0,23,0,0,d,s
I538,s,16,1,0,0,0,0,36,0,0,2,4,11,0,0,0,25,0,1,3,1,s,s,21,0,23,0,0,2,s
1237,s,16,1,0,0,d,0,36,0,0,2,4,11,7,0,0,25,0,1,3,1,s,s,21,0,23,0,0,2,s
1236,s,16,1,d,0,d,0,36,0,0,d,d,11,0,0,0,25,0,d,3,1,s,s,21,0,23,d,0,2,s
I539,6,2,1,0,0,0,0,36,0,0,2,4,11,0,1,1,25,0,1,3,1,s,s,21,0,23,0,0,2,s
1155,6,2,1,d,22,0,0,36,0,0,2,4,d,0,1,1,25,0,s,3,1,s,s,21,9,23,0,0,2,s
I541,6,2,1,0,0,0,0,36,0,0,2,4,11,0,1,1,25,0,1,3,1,s,s,21,0,23,0,0,2,s
1175,6,s,1,0,3,0,0,36,d,0,2,4,11,0,1,1,25,0,d,3,1,s,s,21,0,23,d,4,2,s
1174,d,2,d,0,0,0,0,36,0,0,2,d,11,6,1,d,25,0,1,d,1,s,s,21,0,23,0,0,d,s
I542,0,0,0,0,0,0,0,0,0,0,2,4,11,0,0,0,25,0,1,3,1,7,10,21,0,0,0,0,2,s
I543,0,0,0,0,0,0,0,0,0,0,2,4,11,0,0,1,25,4,1,3,1,7,10,21,0,0,0,0,2,s
I544,0,0,0,0,0,0,0,0,0,0,2,4,11,0,0,1,25,4,1,3,1,7,10,21,0,0,0,0,2,s
1182,2,0,0,d,0,0,0,0,0,0,2,4,11,0,0,1,s,4,1,3,1,7,10,21,0,26,0,12,s,s
I548,0,0,0,0,0,0,0,0,0,0,2,4,11,0,0,1,25,4,1,3,1,7,10,21,0,0,0,0,2,s
I550,2,0,0,0,0,0,0,0,0,0,2,4,11,8,0,1,25,4,1,3,1,7,10,21,0,0,0,0,2,s
2047,2,0,d,0,0,0,0,0,0,0,2,4,11,8,0,d,25,4,1,3,1,7,10,d,0,0,0,d,2,s
2046,2,d,d,0,0,0,0,0,0,d,2,d,11,8,0,1,25,d,d,d,d,7,d,21,0,0,0,0,2,s
I551,0,0,0,0,0,0,0,0,0,0,2,4,11,0,0,1,25,4,1,3,1,7,10,21,0,0,0,0,2,s
1127,0,0,s,0,0,d,21,0,0,0,2,4,11,d,0,d,25,4,1,3,1,7,10,21,0,0,0,0,2,s
1126,0,25,0,0,0,0,d,0,0,0,2,4,11,0,0,d,25,d,1,3,d,d,10,21,0,d,d,0,2,s
I552,0,0,0,4,0,0,0,1,0,0,2,4,11,0,0,1,25,4,1,3,1,7,10,21,0,18,0,0,2,s
I554,0,0,1,4,15,0,0,1,0,0,2,4,11,0,0,1,25,4,1,3,1,7,10,21,0,18,0,0,2,s
1089,0,s,1,4,15,d,0,1,0,0,2,d,11,d,0,d,25,4,1,3,1,d,10,d,9,d,0,0,d,s
1088,0,0,1,4,15,0,0,1,0,0,d,4,11,0,0,1,d,4,1,3,1,7,d,21,0,18,0,0,2,s
I556,0,2,0,4,0,0,0,1,0,0,2,4,11,0,0,1,25,4,1,3,1,7,10,21,0,18,0,0,2,s
1266,d,2,d,4,6,0,d,1,0,0,2,4,11,0,0,1,25,4,1,3,1,7,10,21,0,18,0,0,d,s
I558,0,2,0,4,0,0,0,1,0,0,2,4,11,0,0,1,25,4,1,3,1,7,10,21,0,18,0,s,2,s
2017,0,2,0,4,0,d,0,d,0,22,2,4,d,d,0,1,25,d,1,d,1,7,10,21,0,18,d,s,2,s
2038,0,2,0,4,0,0,1,1,0,d,2,4,11,0,0,1,25,4,1,3,1,7,10,d,d,18,d,s,2,s
I561,0,0,0,0,0,0,0,0,0,0,2,4,11,0,0,0,s,0,1,3,1,7,10,21,0,0,0,0,2,s
I562,0,5,0,0,0,0,0,0,0,0,2,4,11,0,0,1,s,0,1,3,1,7,10,21,s,0,0,0,s,s
1194,0,5,d,0,2,1,0,0,0,0,2,4,11,d,0,1,s,d,1,3,1,7,10,21,s,23,26,6,s,s
1517,0,5,0,0,0,1,0,0,0,0,2,4,11,5,0,1,s,0,1,d,1,7,s,21,s,d,0,d,s,s
I573,0,0,0,0,0,0,0,0,0,0,2,4,11,6,0,0,s,0,s,3,1,7,10,21,0,0,3,0,2,s
1550,d,0,s,0,0,0,10,0,d,0,2,d,d,d,d,0,s,5,s,3,1,s,10,d,0,0,3,0,2,s
1197,0,d,0,3,d,d,0,0,0,0,2,4,11,6,25,0,s,0,s,3,d,7,10,21,d,0,3,0,2,s
I576,0,0,0,0,0,0,0,0,0,0,2,4,11,0,0,0,25,0,0,0,1,7,10,21,0,0,0,0,2,s
I577,0,0,0,0,0,0,s,0,0,0,2,4,11,0,0,1,25,0,0,6,1,7,10,21,0,0,0,0,2,s
I578,0,0,0,0,0,1,s,0,0,0,2,4,11,0,0,1,25,1,0,6,1,7,10,21,0,0,6,0,2,s
I579,0,0,1,0,0,1,s,0,0,0,2,4,11,0,0,1,25,s,0,6,1,7,10,21,0,0,6,0,2,s
1670,0,0,1,d,d,1,s,13,0,0,2,d,11,0,0,1,25,s,0,6,1,7,10,21,9,0,6,0,2,s
I583,2,0,1,0,0,1,s,0,0,0,2,4,11,0,0,1,25,s,0,6,1,7,10,21,0,0,6,0,2,s
1949,d,0,1,0,d,d,s,0,0,0,d,4,11,d,0,1,25,s,6,6,1,7,10,21,0,0,s,0,2,s
1749,2,0,1,0,3,1,s,d,24,0,2,4,11,0,0,1,d,s,0,6,d,7,10,d,0,14,6,0,2,s
I586,0,0,0,0,0,s,s,0,0,0,2,4,11,0,0,1,25,1,0,6,1,7,10,21,0,0,6,0,2,s
I589,0,0,0,0,2,s,s,0,0,0,2,4,11,0,0,1,25,s,0,6,1,7,10,21,9,0,6,0,2,s
1177,0,0,2,0,2,s,s,0,0,0,d,4,11,0,0,1,d,s,0,6,d,7,d,d,9,0,6,1,2,s
1176,d,0,0,4,2,s,s,0,0,0,2,4,11,0,0,1,25,s,0,6,1,d,10,21,9,0,6,0,2,s
I590,0,0,0,0,22,s,s,0,5,0,2,4,11,0,0,1,25,1,0,6,1,7,10,21,9,0,6,s,2,s
1911,d,0,0,0,22,s,s,0,5,0,2,4,d,0,0,1,d,1,0,6,1,s,10,21,s,d,d,s,2,s
I592,0,0,0,0,22,s,s,0,5,0,2,4,11,0,0,1,s,1,0,6,1,s,10,21,9,0,6,s,2,s
1341,0,0,0,0,22,s,s,0,5,0,d,d,11,2,0,1,s,1,0,d,1,s,10,21,9,0,6,s,2,s
1340,0,0,d,0,22,s,s,0,5,0,2,4,11,0,8,1,s,1,0,6,1,s,10,21,9,0,6,s,2,s
I593,2,0,s,0,0,0,s,0,0,0,2,4,11,0,s,1,25,0,0,6,1,7,10,21,0,0,0,0,2,s
I594,2,0,s,0,0,0,s,0,0,3,2,4,11,5,s,1,25,0,0,6,1,7,10,21,0,0,0,0,2,s
I595,2,0,s,0,0,0,s,0,0,3,2,4,11,5,s,1,25,0,0,6,1,7,10,21,0,0,0,0,2,s
1198,2,s,s,0,d,1,s,0,0,3,d,4,11,s,s,1,25,0,0,6,1,7,10,21,d,0,0,0,d,s
I597,2,0,s,0,0,0,s,0,0,3,2,4,11,5,s,1,25,0,0,6,1,7,10,21,0,0,0,0,2,s
I598,2,0,s,0,0,0,s,0,0,3,2,4,11,5,s,1,25,0,25,6,1,7,10,21,0,0,0,0,2,s
2011,d,0,s,0,0,0,s,0,0,3,d,4,11,5,s,1,25,0,25,6,d,7,10,21,0,0,0,0,2,s
2010,2,0,s,0,0,d,s,d,d,3,2,d,11,d,s,1,25,0,25,d,1,7,10,21,0,0,0,0,2,s
I599,2,0,s,0,0,0,s,0,0,3,2,4,11,5,s,1,25,0,0,6,1,7,10,21,0,0,0,0,2,s
2003,d,0,s,0,0,0,s,d,0,3,d,4,11,d,s,1,25,d,0,6,1,7,10,21,d,0,0,0,2,s
2002,2,d,s,0,0,0,s,d,0,3,2,4,11,5,s,1,25,d,0,6,1,7,10,21,0,0,0,0,d,s
I600,2,0,s,0,0,0,s,0,0,3,2,4,11,5,s,1,25,0,0,6,1,s,10,21,0,0,28,0,2,s
I601,2,0,s,0,0,0,s,0,0,3,2,4,11,5,s,1,25,0,0,6,1,s,10,21,6,0,28,0,2,s
1217,2,d,s,d,d,0,s,0,0,3,d,4,11,5,s,d,25,0,0,6,1,s,10,21,6,0,28,0,2,s
1216,2,0,s,d,0,d,s,0,0,3,d,d,11,5,s,1,25,0,0,6,1,s,d,21,6,0,28,0,2,s
1327,2,d,s,0,0,1,s,0,d,3,2,d,11,5,s,1,25,0,0,d,1,s,10,21,0,12,28,9,2,s
I604,2,0,s,0,0,1,s,0,0,0,2,s,11,9,s,1,25,30,0,6,1,7,10,21,9,0,0,0,2,s
I605,2,0,s,20,0,1,s,0,1,0,2,s,11,9,s,1,25,30,36,6,1,7,10,21,9,11,0,0,2,s
1419,d,0,s,20,0,1,s,0,d,0,2,s,11,9,s,1,d,30,36,6,1,7,10,21,9,11,0,0,2,s
1418,2,d,s,20,d,1,s,0,d,0,2,s,11,9,s,1,25,30,36,d,1,7,10,d,9,11,0,d,2,s
1087,2,11,s,6,0,1,s,d,0,0,2,s,11,9,s,1,25,30,11,6,1,7,10,21,9,0,0,0,2,s
I610,0,0,0,0,0,0,0,0,0,0,2,4,11,0,0,0,25,0,0,0,1,7,10,21,0,0,0,0,2,s
I611,0,0,0,0,0,0,0,0,0,0,2,4,11,0,0,0,25,0,0,6,1,7,10,21,0,0,26,0,2,s
I612,0,0,0,0,0,0,0,0,0,0,2,4,11,0,0,0,25,0,2,6,1,7,10,21,0,0,26,0,2,s
I615,0,5,0,5,s,0,3,0,0,0,2,4,11,0,20,1,25,0,2,6,1,s,10,21,0,0,26,0,2,s
1383,0,5,0,d,s,0,3,8,d,0,2,d,11,d,20,d,25,0,s,6,1,s,10,21,0,0,26,0,2,s
1382,3,5,d,5,s,0,3,0,0,0,2,4,11,0,20,1,25,0,2,6,d,s,10,21,0,0,26,4,2,s
1452,0,5,0,5,0,0,0,d,0,20,2,4,11,d,d,0,25,s,2,6,1,d,10,21,0,0,26,1,2,s
I619,0,0,0,0,0,0,0,0,0,0,2,4,11,0,0,0,25,0,0,6,1,7,10,21,0,0,26,0,2,s
I620,0,0,0,0,0,0,12,0,0,0,2,4,11,0,0,0,25,s,0,6,1,7,10,21,0,0,26,0,2,s
1460,0,d,0,0,0,0,d,0,0,d,2,4,11,0,0,d,25,s,0,6,1,7,10,21,0,0,26,0,2,s
I622,0,0,0,0,0,0,12,0,0,0,2,4,11,0,0,1,25,s,34,6,1,7,10,21,0,0,26,0,2,s
1201,0,0,0,0,0,d,12,0,10,0,2,4,11,0,0,1,25,s,34,6,1,7,10,21,0,0,26,d,d,s
1200,d,0,0,d,0,0,12,0,0,0,2,4,11,0,d,1,25,s,34,6,1,7,d,d,0,0,26,0,2,s
I624,0,0,0,8,0,0,0,0,0,0,2,4,11,0,0,0,25,0,0,6,1,7,10,21,0,0,26,0,2,s
1325,0,0,0,8,0,0,0,0,d,0,2,4,d,0,0,0,d,0,0,6,1,7,d,21,d,0,26,0,2,s
1324,0,0,0,8,0,d,0,d,0,0,2,4,11,0,0,0,25,d,0,6,d,7,10,21,0,d,26,0,2,s
I626,0,0,0,0,0,0,0,0,0,0,2,4,11,0,0,0,25,8,0,0,1,7,10,21,0,0,0,0,2,s
I627,6,26,0,0,0,0,0,39,1,0,2,4,11,0,0,0,25,8,0,0,1,7,10,21,0,5,0,1,2,s
I628,6,26,0,3,0,0,0,39,1,0,2,4,11,0,0,0,25,8,0,0,1,7,10,21,0,5,0,1,2,s
I629,6,26,0,3,0,0,0,39,1,0,2,4,11,0,0,0,25,8,0,0,1,7,10,21,0,5,0,1,2,s
1185,6,26,0,3,0,0,0,39,1,0,2,4,11,0,0,d,25,8,0,0,d,7,10,21,0,5,0,1,2,s
1184,6,26,0,3,0,0,0,39,1,0,2,4,11,d,0,0,25,d,0,0,1,7,10,21,0,d,d,1,2,s
1316,6,26,0,3,0,0,0,39,1,d,2,d,11,d,19,0,25,8,0,0,1,7,10,d,0,5,d,1,d,s
I631,6,26,1,0,0,0,13,39,1,0,2,4,11,0,0,0,25,8,0,0,1,7,10,21,0,5,0,1,2,s
I632,6,26,1,0,0,0,13,39,1,0,2,4,11,6,0,0,s,8,0,0,1,s,10,21,9,5,0,1,2,s
1385,6,26,1,4,0,0,d,39,1,d,d,d,11,6,d,0,s,8,0,0,d,s,10,21,9,5,0,1,d,s
1384,6,d,d,0,d,0,13,39,1,0,2,4,11,6,0,0,s,8,0,0,1,s,10,21,d,5,d,1,2,s
I633,6,26,1,1,0,0,13,39,1,0,2,4,11,0,0,0,25,8,0,0,1,7,10,21,0,5,0,1,2,s
1413,d,s,1,1,0,0,d,39,1,0,2,d,11,0,0,0,25,d,0,0,1,7,10,21,0,5,0,1,2,s
1412,d,26,1,d,0,0,13,39,1,0,2,4,11,0,0,0,25,d,0,0,1,7,d,21,0,5,0,1,2,s
I634,0,0,0,0,0,s,0,0,0,0,2,4,11,0,18,0,25,8,0,0,1,7,10,21,0,0,0,0,2,s
I635,0,0,0,0,0,s,0,0,0,0,2,4,11,0,18,0,25,8,0,0,1,7,10,21,0,0,0,0,2,s
1334,0,d,1,5,0,s,0,0,0,0,d,4,11,0,18,d,s,8,0,d,d,7,d,21,0,0,26,0,2,s
1485,0,0,d,0,0,s,d,0,0,0,2,4,11,0,18,0,25,8,0,0,d,7,d,21,d,0,0,d,2,s
I638,0,0,0,0,0,s,22,0,0,0,2,4,11,7,18,0,25,8,0,0,1,7,10,21,0,0,0,0,2,s
I639,0,0,0,0,0,s,22,0,0,0,2,4,11,7,18,0,25,8,0,0,1,7,10,21,0,0,0,0,2,s
1469,0,0,d,0,0,s,22,0,0,0,2,4,11,7,18,0,25,8,16,0,1,7,10,d,0,0,0,0,2,s
1468,d,0,d,11,0,s,22,d,0,0,2,4,d,7,18,0,25,8,0,0,1,7,10,21,d,d,0,0,2,s
1351,0,5,d,1,0,s,22,1,d,0,d,4,11,7,18,1,25,8,d,3,d,7,d,21,s,d,0,d,2,s
I641,0,0,0,0,10,0,0,0,0,0,2,4,0,7,0,0,25,5,0,0,1,7,10,21,0,2,26,0,2,s
I642,0,0,0,0,10,0,28,0,0,0,2,4,s,7,0,s,25,5,0,0,1,7,10,21,0,2,26,7,2,s
I643,0,0,0,0,10,1,28,s,0,0,2,4,s,7,0,s,25,5,0,0,1,7,10,21,0,2,26,7,2,s
I644,2,0,0,0,10,1,28,s,0,0,2,4,s,7,0,s,25,s,0,0,1,7,10,21,0,2,26,7,2,s
I645,2,0,0,0,10,s,28,s,0,0,2,4,s,7,0,s,25,s,0,0,1,7,10,21,0,2,26,7,2,s
1861,2,d,0,4,10,s,28,s,0,s,d,4,s,7,d,s,25,s,d,s,1,7,10,21,0,2,26,s,2,s
I649,2,0,0,0,10,s,s,s,0,0,2,4,s,7,0,s,25,s,0,0,1,7,10,21,0,2,26,7,2,s
1818,2,0,0,d,10,s,s,s,d,0,2,4,s,7,0,s,25,s,0,0,1,d,10,21,0,d,26,7,2,s
I651,2,0,0,0,10,s,s,s,0,0,2,4,s,7,0,s,25,s,0,0,1,7,10,21,0,2,s,7,2,s
1559,2,0,0,d,10,s,s,s,d,0,2,d,s,7,0,s,25,s,0,0,1,d,10,21,0,2,s,7,2,s
1558,2,0,0,0,d,s,s,s,d,0,2,4,s,7,0,s,d,s,0,d,1,7,10,21,0,2,s,7,d,s
I652,2,6,0,0,10,1,28,s,0,0,2,4,s,7,0,s,25,s,0,0,1,7,10,21,0,2,26,7,2,s
1289,2,6,1,0,10,d,28,s,0,0,2,4,s,7,d,s,25,s,0,d,1,7,10,d,8,2,26,7,2,s
I656,2,6,0,0,10,1,28,s,0,12,2,4,s,7,0,s,25,s,0,0,1,7,10,21,0,2,26,7,2,s
I657,2,6,1,0,10,1,28,s,0,12,2,4,s,7,0,s,25,s,10,0,1,7,10,21,0,2,26,7,2,s
1637,2,6,1,0,10,1,s,s,0,12,d,d,s,d,0,s,25,s,d,0,d,d,10,21,0,2,26,7,d,s
1636,2,6,d,0,10,1,28,s,0,d,2,4,s,7,0,s,d,s,10,0,1,7,10,21,0,2,d,7,2,s
1700,2,6,0,d,10,d,28,s,0,12,2,4,s,7,d,s,25,s,0,0,1,d,10,21,d,2,26,7,2,s
I659,0,6,0,0,10,1,28,s,0,0,2,4,s,7,0,s,25,5,0,0,1,7,10,21,0,2,26,7,2,s
I660,0,6,0,0,10,1,28,s,0,0,2,4,s,7,0,s,25,5,0,11,1,7,10,21,7,2,26,7,2,s
I661,0,6,0,0,10,1,28,s,11,0,2,4,s,7,0,s,25,5,0,11,1,7,10,21,7,2,26,7,2,s
1228,d,6,0,0,10,1,28,s,11,0,s,d,s,7,0,s,25,d,0,11,1,7,10,21,7,2,26,7,2,s
I663,2,6,0,3,10,1,28,s,11,0,2,4,s,7,0,s,25,5,0,11,1,7,10,21,7,2,26,7,2,s
1221,2,6,0,3,10,1,28,s,d,0,d,4,s,d,d,s,25,5,0,11,1,7,10,21,d,2,26,d,d,s
1220,2,6,0,3,10,1,28,s,11,0,2,4,s,7,0,s,25,5,0,11,1,7,10,21,7,2,d,s,2,s
I664,0,6,0,0,10,1,28,s,0,0,2,4,s,7,0,s,25,5,0,11,1,7,10,21,7,2,26,7,2,s
1470,0,6,0,0,10,1,28,s,0,0,2,4,s,7,0,s,d,d,0,d,d,7,10,21,d,2,d,7,2,s
I666,0,6,0,0,10,1,28,s,0,0,2,4,s,7,0,s,25,5,0,11,1,7,10,21,7,2,26,7,2,s
1403,0,6,d,0,10,d,28,s,0,0,2,4,s,d,3,s,25,d,d,11,1,7,10,21,7,2,26,7,2,s
1402,0,6,0,0,10,1,28,s,0,0,2,4,s,7,s,s,25,5,0,11,1,7,10,21,7,2,26,d,2,s
I671,0,6,0,0,10,1,28,s,1,19,2,4,s,7,5,s,25,5,0,0,1,s,10,21,0,2,26,7,2,s
1630,0,6,0,d,10,1,28,s,d,19,2,4,s,7,5,s,25,5,0,0,1,s,10,21,9,2,26,7,2,s
1778,0,6,0,0,d,1,d,s,1,d,2,4,s,7,5,s,25,5,d,d,d,s,10,d,d,2,26,7,2,s
I674,2,0,0,0,10,0,28,0,0,0,2,4,s,7,0,s,25,5,0,0,1,7,10,21,0,2,26,7,2,s
I675,2,17,0,0,10,0,28,0,0,0,2,4,s,7,0,s,25,5,1,0,1,7,10,21,0,2,26,7,2,s
I676,2,17,0,0,10,0,28,0,0,0,2,4,s,7,21,s,25,5,1,0,1,7,10,21,0,2,26,7,2,s
I677,2,17,0,0,10,0,28,0,0,17,2,4,s,7,21,s,25,5,1,0,1,7,10,21,0,2,26,7,2,s
1540,2,17,0,d,10,0,28,0,0,17,d,4,s,7,d,s,25,5,1,0,1,7,10,21,0,2,26,7,d,s
1464,d,17,0,d,10,0,28,0,0,17,d,4,s,7,21,s,25,5,d,6,1,7,10,21,7,2,d,7,2,s
1134,2,17,0,0,10,0,28,d,0,0,2,d,s,7,21,s,25,5,1,15,s,7,10,21,0,d,26,7,2,s
I683,2,17,0,0,10,0,28,0,0,0,2,4,s,7,0,s,25,5,1,0,1,7,10,21,0,2,26,7,2,s
I684,2,17,0,0,10,0,28,0,0,0,2,4,s,7,3,s,25,5,1,0,1,7,10,21,0,2,26,7,2,s
1854,2,17,0,0,10,1,28,0,0,d,2,4,s,7,d,s,25,5,1,0,1,7,10,21,0,d,26,7,2,s
I686,2,17,0,0,10,0,28,0,0,0,2,4,s,7,3,s,25,5,1,0,1,7,10,21,0,2,26,7,2,s
1795,2,17,0,0,10,0,28,d,0,0,2,4,s,7,3,s,25,5,1,0,1,7,10,21,0,s,26,7,2,s
1794,2,17,0,0,10,0,28,0,0,0,2,4,s,7,d,s,25,5,1,d,1,7,10,d,0,2,26,7,2,s
I689,2,17,0,12,10,0,28,0,0,0,2,4,s,7,0,s,25,5,1,0,1,7,10,21,0,2,26,7,2,s
1527,2,17,0,12,10,0,28,0,0,0,2,4,s,7,0,s,25,5,1,0,d,7,10,21,0,2,26,7,2,s
1526,2,17,0,12,10,0,28,0,0,d,2,4,s,7,d,s,25,5,1,0,1,7,10,21,0,2,26,7,2,s
I690,2,0,0,6,10,0,28,0,0,0,2,4,s,7,0,s,25,5,0,0,1,7,10,21,0,2,26,7,2,s
I691,2,0,0,6,10,0,28,0,0,0,2,4,s,7,0,s,25,5,0,0,1,7,10,21,9,2,26,7,2,s
I692,2,0,0,6,10,0,28,0,0,0,2,4,s,7,0,s,25,5,0,0,1,s,10,21,9,2,26,7,2,s
1149,2,0,6,6,10,d,28,0,0,0,2,4,s,7,0,s,d,5,0,0,1,s,10,d,9,2,d,7,2,s
1189,2,6,0,s,10,0,28,0,0,0,2,d,s,7,8,s,25,5,0,0,1,s,10,21,9,2,d,7,s,s
I695,2,s,0,6,10,1,28,0,0,0,2,4,s,7,0,s,25,5,0,0,1,7,10,21,9,2,26,7,2,s
1463,2,s,1,6,10,1,d,0,0,0,2,4,s,7,0,s,25,d,s,15,1,7,s,21,9,2,26,7,2,s
1511,2,s,0,6,10,1,28,0,0,0,2,4,s,7,0,s,s,5,0,0,1,7,10,21,9,2,26,7,d,s
I698,2,0,0,6,10,0,28,0,0,0,2,4,s,7,0,s,25,5,0,0,1,7,10,21,0,2,26,7,2,s
I699,2,0,0,6,10,0,28,0,0,0,2,4,s,7,0,s,25,5,0,0,1,7,10,21,0,2,26,7,2,s
I700,2,0,0,6,10,0,28,0,1,0,2,4,s,7,0,s,25,5,0,0,1,7,s,21,0,2,26,7,2,s
1357,2,d,0,6,d,0,28,s,1,0,2,4,s,7,0,s,25,5,0,0,d,7,s,21,d,2,26,7,2,s
1356,2,0,0,6,10,0,28,0,1,0,2,4,s,d,0,s,25,5,0,0,1,7,s,21,0,2,26,7,2,s
I701,2,0,0,6,10,1,28,0,9,0,2,4,s,7,0,s,25,5,0,0,1,7,10,21,0,s,26,7,s,s
1275,s,0,1,6,10,1,d,0,9,0,2,4,s,7,6,s,25,5,0,0,1,7,10,21,0,s,26,7,s,s
1274,d,0,0,6,10,1,28,0,9,0,2,4,s,7,s,s,25,5,10,0,1,7,10,21,0,s,26,7,s,s
I704,2,0,2,6,10,0,28,0,3,0,2,4,s,7,3,s,25,5,0,0,1,7,10,21,0,2,26,7,2,s
1271,2,d,2,6,10,0,28,0,3,d,2,4,s,7,3,s,25,5,d,0,1,7,10,21,0,2,26,s,d,s
1270,2,d,d,d,10,0,28,0,3,0,2,4,s,7,3,s,25,5,d,0,1,7,10,21,5,2,26,7,2,s
I705,0,0,0,0,10,0,0,0,0,0,2,4,11,7,0,0,25,5,0,0,1,7,10,21,0,2,26,0,2,s
I706,0,0,0,0,10,0,0,0,0,0,2,4,11,7,0,0,25,5,0,0,1,7,10,21,0,2,26,0,2,s
I707,0,0,0,0,10,0,0,0,0,15,2,4,11,7,0,0,25,5,0,0,1,7,10,21,0,2,26,0,2,s
I708,0,0,0,0,10,0,0,0,0,15,2,4,11,7,4,0,25,5,0,0,1,7,10,21,0,2,26,0,2,s
I709,0,0,0,0,10,0,0,0,0,15,2,4,11,7,4,0,25,5,0,0,1,7,10,21,0,2,26,0,2,s
1232,s,0,0,3,10,0,d,d,d,15,d,4,11,7,4,0,25,5,d,0,1,7,10,d,0,2,d,d,2,s
1554,0,6,0,20,10,0,9,0,0,15,2,4,11,7,s,0,d,5,0,0,1,7,10,21,0,d,26,0,2,s
I712,0,0,0,0,10,1,0,0,0,15,2,4,11,7,4,1,25,5,0,0,1,7,10,21,0,2,26,0,2,s
1386,0,0,0,0,d,s,13,0,0,15,2,d,11,7,4,1,25,5,d,0,d,7,10,21,d,2,26,1,d,s
1673,0,0,0,0,10,1,0,d,0,15,2,4,11,7,4,1,25,5,0,0,1,7,10,21,0,2,26,0,2,s
I715,0,0,0,20,10,0,0,0,0,15,2,4,11,7,5,0,25,5,0,0,1,7,10,21,0,2,26,0,2,s
1816,0,0,0,20,10,0,d,0,s,d,2,4,11,7,d,1,25,d,0,13,1,7,10,d,0,d,26,d,2,s
I719,0,0,0,s,10,0,0,0,0,s,2,4,11,7,5,0,25,5,0,3,1,7,10,21,0,2,26,0,2,s
I720,0,0,0,s,10,0,0,0,0,s,2,4,11,7,5,0,25,5,0,3,1,7,10,21,0,2,26,0,2,s
1857,0,0,0,s,10,d,0,0,0,s,2,4,11,7,d,0,25,5,0,d,1,7,d,21,0,2,26,0,2,s
1856,0,0,0,s,10,0,0,0,d,s,d,4,11,7,5,0,25,5,0,3,1,7,10,21,0,2,d,0,2,s
I721,0,0,0,s,10,1,0,0,0,s,2,4,11,7,5,0,25,5,0,3,1,7,10,21,9,2,26,0,2,s
1831,d,0,0,s,10,d,0,0,0,s,2,4,11,7,5,0,d,5,0,3,1,7,10,21,9,2,26,0,2,s
1830,0,s,0,s,10,1,0,0,0,s,2,4,11,7,5,0,25,5,0,3,d,7,10,21,9,2,26,d,d,s
I722,0,0,0,0,10,0,0,0,0,0,2,4,11,7,0,0,25,5,0,0,1,7,10,21,0,2,26,0,2,s
I723,0,0,0,0,10,0,0,9,0,0,2,4,11,7,6,0,25,5,0,0,1,7,10,21,0,2,26,0,2,s
I724,0,0,0,0,10,0,13,9,0,0,2,s,11,7,6,0,25,5,0,0,1,7,10,21,0,2,26,0,2,s
1576,0,0,0,0,10,1,13,d,d,0,d,s,11,7,d,0,25,5,0,13,1,7,d,21,0,2,26,d,2,s
1646,0,0,0,0,10,0,13,9,1,0,2,s,11,7,6,0,25,5,d,0,d,7,10,21,0,2,26,0,d,s
I727,0,0,0,0,10,0,0,9,0,0,2,4,11,7,6,0,s,5,0,0,1,7,10,21,9,2,26,0,2,s
1946,0,0,d,0,10,0,d,9,0,d,2,4,11,7,6,1,s,5,0,0,1,7,10,21,9,2,26,0,2,s
2035,2,0,0,0,10,d,d,9,d,0,2,4,11,7,6,0,s,5,d,3,1,7,10,21,d,2,26,0,2,s
I730,0,0,1,0,10,0,0,0,0,6,2,4,11,7,0,0,25,5,0,0,1,7,10,21,s,2,26,0,2,s
I733,0,0,1,0,10,0,0,0,6,6,2,4,11,7,0,0,25,5,0,13,1,7,10,21,s,2,26,0,2,s
2023,0,0,1,0,10,0,0,d,6,6,2,4,11,7,0,0,d,5,0,d,1,7,10,21,s,2,26,0,2,s
2022,0,d,1,d,10,0,0,0,6,6,2,4,11,7,0,0,25,5,0,13,1,7,10,21,s,2,s,0,d,s
1988,0,0,1,0,d,0,0,d,0,6,2,4,11,7,0,1,25,d,0,3,1,7,10,21,s,2,26,0,2,s
I737,0,0,0,0,10,0,0,0,0,0,2,4,11,7,0,0,25,5,0,0,1,7,10,21,0,2,26,0,2,s
I738,0,0,0,0,10,0,22,0,0,0,2,4,11,7,0,0,25,5,0,0,1,7,10,21,0,2,26,0,2,s
I739,0,0,0,0,10,0,22,0,0,0,2,4,11,7,0,0,25,5,0,0,1,7,10,21,0,2,26,0,2,s
I740,0,0,0,0,10,0,22,0,0,0,2,4,11,7,0,0,25,5,0,0,1,7,10,21,0,2,26,0,2,s
I741,0,0,4,0,10,0,22,39,0,0,2,4,11,7,0,0,25,5,0,0,1,7,10,21,0,2,26,0,2,s
1261,2,0,d,0,10,0,22,39,0,0,2,4,11,7,0,0,25,5,0,0,1,7,10,d,0,2,26,0,2,s
1260,0,6,d,0,10,0,22,d,0,0,2,4,d,7,0,d,25,5,0,0,1,7,10,d,0,2,d,0,2,s
1436,4,d,0,0,10,0,22,d,0,0,2,4,11,7,0,0,25,d,0,0,1,d,10,21,0,2,26,0,d,s
I744,0,0,0,0,10,0,22,0,0,0,2,4,11,7,1,1,25,5,11,13,1,7,s,21,0,2,26,0,2,s
1589,0,0,0,5,10,0,22,41,0,0,2,4,11,d,1,1,25,5,11,13,d,7,s,21,d,d,26,0,d,s
1588,0,0,0,0,10,0,22,0,0,0,2,4,11,d,1,1,25,5,11,13,1,7,s,21,0,2,d,0,d,s
I746,0,5,1,0,10,0,22,s,0,0,2,4,11,s,0,0,25,5,0,0,1,7,10,21,0,2,26,0,2,s
I748,0,5,1,0,10,0,s,s,0,0,2,4,11,s,0,0,25,5,s,3,1,7,10,21,0,2,26,0,2,s
1497,0,5,1,0,10,0,s,s,d,0,2,4,11,s,8,0,25,5,s,3,1,7,10,21,d,2,26,0,2,s
1496,0,5,d,0,10,0,s,s,0,0,2,4,11,s,0,0,25,5,s,3,1,7,10,d,0,2,26,0,d,s
1362,0,5,1,0,10,0,22,s,d,s,2,d,11,s,0,1,25,5,s,0,1,d,10,s,0,d,26,d,d,s
I753,0,0,0,0,10,0,0,0,0,0,2,4,11,7,0,0,25,5,0,0,1,7,10,21,0,2,26,0,2,s
I754,0,0,0,0,10,0,0,0,0,0,2,4,11,7,0,0,25,5,0,0,1,7,10,21,9,2,26,0,2,s
I757,0,0,0,0,10,s,18,0,0,0,2,4,11,7,0,0,25,5,1,0,1,7,10,21,9,2,26,0,2,s
1171,0,0,0,0,10,s,18,0,0,0,2,4,11,7,0,0,25,5,1,0,s,7,10,21,9,2,26,9,d,s
1170,0,0,0,0,10,s,18,0,0,d,d,4,11,7,5,0,25,5,1,0,1,d,10,21,9,2,d,0,2,s
I758,0,0,0,0,10,0,0,0,0,0,2,4,11,7,0,0,25,5,0,0,1,7,10,21,9,2,26,s,2,s
I759,0,s,0,0,10,0,0,0,0,0,2,4,11,7,0,0,25,5,0,0,1,7,10,21,9,2,26,s,2,s
1205,0,s,0,d,10,0,0,s,0,0,2,4,11,7,0,0,25,5,0,0,d,7,10,d,9,2,26,s,2,s
1204,0,s,d,0,d,0,0,0,0,0,2,4,11,7,0,0,25,d,0,d,1,7,10,21,9,2,26,s,2,s
1235,0,0,0,s,10,0,0,0,d,22,2,4,11,7,0,0,25,5,s,9,1,7,10,21,9,2,26,s,2,s
I761,0,0,0,0,10,0,22,0,0,0,2,4,11,7,0,0,25,5,0,0,1,7,10,21,0,2,26,0,2,s
I764,0,2,0,0,10,0,22,0,0,0,2,4,11,7,0,0,25,5,0,0,1,7,10,21,0,2,26,0,2,s
1063,4,2,0,0,10,0,22,0,0,d,2,4,11,7,d,d,25,d,0,d,1,7,10,21,0,2,d,d,2,s
1062,0,2,0,d,10,0,d,0,0,6,2,4,11,7,s,d,25,5,0,0,1,7,10,21,0,2,d,0,2,s
I765,0,0,0,0,10,0,22,0,0,0,2,4,11,7,0,0,25,5,0,s,1,7,10,21,0,2,26,0,2,s
1130,0,d,0,0,d,0,22,0,d,0,2,4,11,s,0,0,25,5,0,s,1,7,10,21,0,2,26,0,d,s
1280,0,0,0,4,10,1,22,d,0,0,2,4,11,7,d,0,25,5,d,s,1,7,10,21,0,2,26,d,2,s
I768,0,0,0,0,0,0,0,0,9,0,2,4,12,0,14,0,25,0,0,0,0,0,10,21,0,0,0,0,2,0
I769,0,0,0,0,0,0,0,0,9,0,2,4,12,0,14,0,25,0,0,3,0,0,10,21,0,0,0,0,2,0
I770,0,0,0,0,0,0,0,0,9,0,2,4,12,0,14,0,25,0,0,3,0,0,10,21,0,0,0,0,2,13
I771,0,0,0,0,0,0,0,0,9,0,2,4,12,0,14,0,25,0,0,3,0,1,10,21,0,0,0,0,2,13
I772,0,0,0,0,0,0,0,0,9,0,2,4,12,0,14,0,25,0,0,3,s,1,10,21,9,0,0,0,2,13
I773,0,0,1,0,0,0,0,0,9,0,2,4,12,0,14,0,25,0,3,3,s,1,10,21,9,0,0,0,2,13
1871,0,0,1,4,0,0,29,d,d,0,2,4,s,0,14,0,25,0,3,3,s,s,10,21,9,0,0,0,d,13
I777,0,0,1,0,0,1,0,0,9,0,2,4,12,0,14,0,25,0,3,3,s,1,10,21,9,0,0,0,2,13
I778,2,0,1,0,0,1,0,0,9,0,2,4,12,0,14,0,25,0,3,3,s,1,10,21,9,0,0,0,2,13
1225,2,d,1,0,0,1,0,0,9,d,2,4,12,0,14,0,25,0,3,3,s,1,10,21,9,d,0,12,2,13
1224,2,0,1,0,0,1,0,0,9,0,s,d,12,6,14,0,d,d,d,3,s,1,10,d,9,0,0,d,2,13
1640,0,0,1,0,0,1,0,0,9,0,2,4,12,0,14,d,25,0,3,d,s,d,10,21,9,d,d,0,2,13
I780,0,0,0,0,0,0,0,0,9,0,2,4,12,0,14,0,25,0,0,3,s,1,10,21,9,5,0,0,2,13
I783,4,0,1,0,15,0,0,0,9,0,2,4,12,0,14,0,25,0,0,3,s,1,10,21,9,5,6,0,2,13
1361,4,0,1,0,15,0,0,0,9,d,2,4,12,0,14,0,25,0,0,3,s,1,10,d,9,5,6,0,2,13
1360,4,0,1,0,15,0,0,0,9,0,2,4,12,0,14,0,25,0,d,3,s,1,10,21,9,5,6,0,d,d
I784,0,15,1,14,22,0,0,6,9,0,2,4,12,0,14,0,25,0,0,3,s,1,10,21,9,5,0,0,2,13
I785,0,15,1,14,22,0,0,6,9,0,2,4,12,0,14,0,25,s,0,3,s,1,10,21,9,5,0,0,2,13
1623,0,d,1,14,22,d,0,6,9,0,2,4,12,0,14,0,25,s,0,3,s,1,10,21,d,d,0,0,2,13
1622,0,15,1,14,22,d,20,6,9,0,2,4,12,7,14,d,25,s,0,3,s,1,10,21,9,5,d,0,d,13
1696,0,15,1,14,d,0,0,6,9,0,d,4,12,7,14,d,25,0,0,d,s,1,10,21,9,5,s,0,2,13
I787,s,0,2,0,0,0,0,0,9,0,2,4,12,0,14,0,25,s,12,3,0,1,10,21,0,0,5,0,2,13
I788,s,0,2,0,0,0,0,0,9,0,2,4,12,9,14,0,25,s,12,3,0,1,10,21,0,0,5,0,2,13
I789,s,0,2,0,0,0,0,0,9,0,2,4,12,9,14,0,25,s,12,3,0,1,10,21,0,0,5,0,2,13
I790,s,0,2,0,0,0,0,0,9,6,2,4,12,9,14,0,25,s,12,3,0,1,10,21,0,0,5,0,2,13
1999,s,0,2,0,0,0,0,0,9,6,2,4,d,9,14,0,25,s,d,3,0,1,10,21,0,0,d,0,d,13
1998,s,0,d,0,0,0,0,d,9,6,2,4,12,9,d,0,25,s,d,3,0,1,10,21,0,0,5,0,2,13
998,s,0,2,0,d,d,0,d,9,21,d,4,12,9,14,0,25,s,12,3,0,1,10,21,0,0,5,0,2,13
I791,s,0,2,0,0,0,0,0,9,0,2,4,12,9,14,0,25,s,12,3,0,1,10,21,0,0,5,0,2,13
1721,s,0,2,0,0,d,d,d,9,d,2,d,12,d,14,0,25,s,12,3,0,d,d,21,0,0,5,0,2,13
1917,s,0,2,0,0,d,0,0,9,0,2,4,d,d,14,0,25,s,12,3,0,1,10,21,0,0,5,0,2,s
I796,s,0,2,0,35,0,s,0,9,4,2,4,12,0,14,0,25,s,12,3,0,1,10,21,0,0,5,0,s,13
1837,s,0,2,0,35,1,s,d,9,4,2,4,12,0,14,0,25,s,12,3,1,1,s,s,0,0,d,0,s,13
1938,s,d,2,0,35,0,s,0,9,4,d,4,12,0,d,0,25,s,12,3,d,1,10,d,9,d,d,0,s,13
I799,0,0,0,3,0,0,0,s,9,0,2,4,12,0,14,0,25,0,0,3,1,0,10,21,0,0,0,0,2,13
I800,0,0,0,3,0,0,0,s,9,0,2,4,12,0,14,0,25,0,0,3,1,0,10,21,0,0,0,0,2,13
I801,0,0,0,3,0,0,0,s,9,0,2,4,12,0,14,0,25,0,0,3,1,0,10,21,9,0,0,7,2,13
I802,0,0,0,3,0,1,0,s,9,0,2,4,12,0,14,0,25,0,0,3,1,0,10,21,9,0,0,7,2,13
1845,0,0,1,3,0,d,d,s,9,d,2,4,12,0,14,0,25,0,0,d,1,0,10,21,9,0,0,7,d,13
1774,0,0,0,3,0,1,0,s,9,0,2,4,12,0,d,0,25,0,0,3,1,0,10,21,9,s,0,7,2,13
I805,0,0,0,3,0,1,0,s,9,0,2,4,12,0,14,0,25,0,0,3,1,0,10,21,9,0,0,7,2,13
1963,0,0,0,3,0,1,0,s,9,6,d,d,12,0,14,0,25,0,0,3,1,0,d,21,9,0,0,7,2,13
I807,0,0,0,3,0,1,0,s,9,0,2,4,12,0,14,0,25,0,0,3,1,s,10,21,9,0,0,7,2,13
1501,4,0,d,d,0,1,0,s,9,0,2,4,12,d,14,d,25,0,0,3,1,s,10,d,d,0,0,7,2,13
1500,0,0,0,3,0,1,0,s,9,d,2,4,12,0,14,0,d,0,0,3,d,s,10,21,9,0,0,7,2,d
I808,0,0,0,3,s,0,0,s,9,0,2,4,12,0,14,0,25,0,0,3,1,0,10,21,0,11,0,0,2,13
I809,0,0,0,3,s,0,0,s,9,0,2,4,12,0,14,0,25,s,0,3,1,2,10,21,0,11,0,1,2,13
1812,d,0,0,3,s,0,0,s,d,0,d,4,12,0,14,1,25,s,29,3,d,2,d,21,0,d,0,1,2,13
1823,0,0,0,3,s,0,0,s,9,0,2,4,12,5,14,d,25,s,0,3,1,2,d,d,d,11,0,1,d,13
I812,0,0,0,3,s,1,13,s,9,0,2,4,12,0,14,0,25,11,0,3,1,0,10,21,0,11,0,0,2,13
1925,0,d,0,d,s,d,d,s,9,d,2,4,d,0,s,0,d,s,0,3,1,d,10,21,d,11,0,0,2,13
1992,0,0,d,3,s,1,13,s,d,0,2,4,12,0,14,0,25,d,0,3,1,0,10,21,d,11,0,d,2,13
I815,0,0,0,3,0,0,16,s,9,0,2,4,12,0,14,0,25,0,0,3,1,0,10,21,0,11,0,0,2,13
I816,0,0,0,3,0,s,16,s,9,0,2,4,12,0,14,0,25,5,0,3,1,0,10,21,0,11,0,0,2,13
I817,0,0,0,3,37,s,16,s,9,0,2,4,12,0,14,0,25,5,0,3,1,0,10,21,0,11,0,0,2,13
1918,0,5,0,d,37,s,16,s,9,0,d,4,12,0,14,0,25,5,0,3,d,0,10,d,0,11,0,s,2,13
2027,0,0,0,d,37,s,16,s,9,0,d,s,12,0,14,1,25,5,d,3,1,0,10,21,9,11,d,0,2,13
I820,0,0,0,3,0,s,16,s,9,0,2,4,12,0,14,0,25,5,10,3,1,0,10,21,0,11,20,0,2,13
1967,0,0,0,3,11,s,16,s,9,0,2,d,12,0,14,0,25,5,10,3,1,d,10,21,0,11,20,0,2,d
I822,0,0,0,3,0,s,16,s,9,0,2,4,12,0,14,0,25,5,10,3,1,0,10,21,9,11,20,0,2,13
1851,0,0,0,3,0,s,d,s,9,d,2,4,d,d,d,0,d,5,10,3,1,0,10,21,9,11,20,0,2,13
1850,d,0,0,3,0,s,d,s,9,0,2,4,12,d,14,0,25,5,10,3,1,0,10,21,9,d,20,0,2,d
I823,0,0,0,3,0,0,s,s,9,0,2,4,12,0,14,0,25,0,5,3,1,1,10,21,0,11,0,0,2,13
I824,0,0,0,3,0,0,s,s,9,21,2,4,12,0,14,0,25,0,5,3,1,1,10,21,0,11,0,4,2,13
1459,0,0,1,3,3,0,s,s,9,21,2,4,12,0,14,0,25,12,5,3,1,1,10,21,d,11,0,4,2,13
1535,0,d,0,3,0,0,s,s,9,21,2,4,12,d,14,0,25,0,5,d,1,1,10,21,0,11,0,4,d,13
1547,0,0,d,3,d,0,s,s,9,0,2,4,12,0,14,1,d,0,5,3,1,1,10,21,0,11,0,0,2,d
I830,0,0,0,0,0,0,0,11,9,0,2,4,12,5,14,0,25,1,0,3,0,0,10,21,0,0,0,0,2,0
I831,0,0,0,0,0,1,0,11,9,0,2,4,12,5,14,0,25,1,0,3,0,0,10,21,0,0,0,0,2,0
I832,0,0,0,0,0,1,0,11,9,0,2,4,12,5,14,0,25,1,0,3,0,0,10,21,0,0,0,0,s,0
I833,0,0,0,0,0,1,0,11,9,0,2,s,12,5,14,0,25,1,0,3,0,0,10,21,0,0,0,3,s,0
I834,0,0,0,0,0,1,0,11,9,0,2,s,12,5,14,0,25,1,0,3,1,0,10,21,0,0,0,3,s,0
I835,0,0,1,0,7,1,0,11,9,0,2,s,12,5,14,0,25,1,0,3,1,0,10,21,0,14,2,3,s,0
1515,0,s,1,0,7,d,0,11,9,0,2,s,12,5,14,0,25,1,0,3,1,0,10,d,0,14,2,d,s,0
1514,0,0,1,0,7,1,0,d,9,0,2,s,12,5,14,0,25,1,0,3,1,0,10,21,0,14,2,3,s,0
1687,d,d,0,0,0,1,0,11,9,0,2,s,12,d,14,0,25,1,d,d,1,0,10,21,0,20,0,3,s,d
I837,0,0,1,0,16,1,0,11,9,0,2,s,12,5,14,0,25,1,0,3,0,0,10,21,0,0,0,3,s,0
1730,d,15,1,8,16,1,0,11,9,0,2,s,12,d,14,1,25,1,0,3,0,0,d,21,0,0,0,3,s,d
I839,0,0,1,0,16,1,0,11,9,0,2,s,12,5,14,0,25,1,0,3,0,0,10,21,0,11,0,3,s,0
1679,0,0,1,0,16,1,0,11,9,0,2,s,12,d,14,0,25,1,0,3,0,0,10,21,0,11,0,d,s,0
1678,0,0,1,0,16,1,0,11,9,0,2,s,12,5,14,0,25,1,d,3,d,d,10,21,d,11,0,3,s,0
I840,0,s,0,0,8,1,0,11,9,0,2,4,12,5,14,1,25,1,0,3,0,0,10,21,0,0,0,0,s,0
I841,0,s,0,0,8,1,0,11,9,0,2,4,s,5,14,1,25,1,12,3,0,0,10,21,0,0,0,0,s,0
1676,0,s,0,d,8,1,0,11,9,d,2,4,s,5,14,1,25,1,12,d,1,0,10,21,0,d,0,0,s,d
1752,0,s,0,0,8,1,0,d,d,0,d,4,s,5,14,d,25,d,12,3,s,0,s,d,0,11,d,15,s,0
1614,d,s,0,0,8,1,0,11,9,32,2,4,12,5,14,1,25,1,0,3,0,2,10,21,d,8,d,0,s,0
I847,0,0,1,0,0,1,0,11,9,0,2,4,12,5,14,0,25,1,0,3,0,0,10,21,0,8,0,0,2,0
I848,0,0,1,0,0,1,0,11,9,0,2,4,12,5,14,0,25,1,0,3,0,0,10,21,s,8,0,0,2,0
I849,0,0,1,0,0,1,0,11,9,0,2,4,12,5,14,0,25,1,0,3,0,0,10,21,s,8,0,0,2,0
1634,0,d,1,0,0,1,0,d,9,21,2,4,12,5,14,0,25,1,0,3,1,0,10,21,s,8,0,0,2,28
1777,0,s,s,d,11,1,22,11,9,0,2,d,12,5,14,0,25,1,0,d,0,0,10,s,s,8,0,0,s,0
I853,0,s,1,0,0,1,0,11,9,0,2,4,12,5,14,0,25,1,0,3,0,0,10,21,s,8,0,0,2,0
1345,0,s,1,d,0,1,0,11,9,0,2,4,12,d,14,0,d,1,0,3,0,0,d,21,s,8,d,0,2,0
1344,0,s,1,0,0,1,0,d,9,0,2,4,d,5,14,0,25,1,d,3,0,0,d,21,s,8,0,0,2,0
I855,0,0,1,0,0,1,0,11,9,6,2,4,12,5,s,0,25,1,0,3,0,0,10,21,0,8,0,0,2,0
1767,0,0,1,0,0,1,0,11,9,6,d,4,12,5,s,0,25,1,0,s,0,0,10,21,0,8,0,0,2,d
1757,0,d,1,d,d,1,0,11,9,6,2,4,12,d,s,0,25,1,0,3,0,0,10,21,0,8,25,0,2,0
I862,0,0,0,0,0,0,0,11,9,0,2,4,12,s,14,0,25,1,0,3,0,0,10,21,0,0,s,0,2,0
I863,0,0,0,0,0,0,0,11,9,32,2,4,12,s,14,0,25,1,0,3,0,0,10,21,0,0,s,0,2,16
I864,0,0,0,0,0,0,0,11,9,32,2,4,12,s,14,0,25,1,0,3,0,0,10,21,0,0,s,0,2,16
I865,0,0,0,0,0,0,0,11,9,32,2,4,12,s,14,0,25,1,0,3,0,26,10,21,0,12,s,0,2,16
I866,0,6,0,0,0,0,0,11,9,32,2,4,12,s,14,0,25,1,0,3,0,26,10,s,0,12,s,0,2,16
1245,0,6,0,6,0,d,0,11,9,32,2,4,12,s,14,0,25,1,d,3,0,26,10,s,0,12,s,0,d,16
1244,0,6,0,0,0,0,0,11,9,32,2,4,12,s,14,0,25,1,d,3,d,26,10,s,0,d,s,0,2,16
1265,0,0,1,d,0,0,0,11,s,32,d,4,12,s,14,0,25,1,d,3,d,26,10,21,d,s,s,0,d,16
I868,0,0,1,0,0,0,0,11,9,32,2,4,12,s,14,0,25,1,0,3,0,0,10,21,0,0,s,0,2,16
I869,0,0,1,0,0,0,0,11,9,32,2,4,12,s,14,0,25,1,0,3,0,0,10,21,0,0,s,11,2,16
1117,0,0,1,0,0,0,0,11,9,32,2,4,12,s,14,1,25,1,0,3,d,0,10,21,s,0,s,d,2,d
1116,d,0,1,0,0,0,0,11,d,32,d,4,12,s,d,0,25,1,d,3,0,0,d,21,0,0,s,11,d,16
I870,0,10,1,0,0,0,0,11,9,32,2,4,12,s,14,1,25,1,0,3,1,0,10,21,0,0,s,s,2,16
1123,s,10,1,0,0,0,0,11,9,32,s,4,d,s,14,d,25,1,0,3,1,0,10,21,0,24,s,s,s,16
1122,0,d,1,0,d,0,0,11,9,32,2,d,d,s,14,1,25,1,0,d,1,d,10,21,d,0,s,s,d,16
I871,0,0,1,0,0,0,13,11,9,32,2,4,12,s,14,0,25,1,0,3,0,0,10,21,0,s,s,0,2,16
I872,0,0,1,0,0,0,13,11,9,32,2,4,12,s,14,0,25,1,0,3,0,0,10,21,0,s,s,0,2,16
1423,d,0,1,0,0,0,d,s,9,32,2,4,d,s,14,d,25,1,d,3,1,0,d,21,0,s,s,d,2,16
1553,4,0,d,5,0,d,13,11,d,32,2,4,d,s,14,0,25,1,d,3,0,0,10,21,0,s,s,d,2,16
1811,3,d,1,0,0,d,13,11,9,32,s,4,12,s,14,0,25,s,0,3,0,0,10,21,0,s,s,0,2,d
I878,0,0,0,0,0,1,0,11,9,0,2,4,12,s,14,0,25,1,0,3,0,0,10,21,0,13,s,0,2,0
I879,0,0,0,0,0,1,0,11,9,0,2,4,12,s,14,0,25,1,s,3,0,0,10,21,0,13,s,0,2,0
1738,0,d,0,d,16,1,s,11,9,0,2,d,d,s,14,0,25,s,s,3,d,0,10,s,9,d,s,0,d,0
I883,0,s,0,0,0,1,0,11,9,0,2,4,12,s,14,0,25,1,s,3,0,1,10,21,0,13,s,9,2,0
1846,d,s,0,0,0,1,0,11,9,0,2,4,12,s,14,0,25,1,s,d,0,1,10,21,9,d,s,9,2,0
I885,0,s,0,0,0,1,0,11,9,0,2,4,12,s,14,0,25,1,s,3,s,1,10,21,0,13,s,9,2,0
1923,d,s,0,0,0,d,0,11,9,0,2,d,12,s,14,0,25,d,s,3,s,1,10,21,0,13,s,9,2,0
1922,0,s,0,0,0,1,0,d,9,0,2,d,12,s,14,0,25,1,s,3,s,1,10,21,0,13,s,9,2,d
I890,3,0,1,0,0,1,0,11,9,0,2,4,12,s,14,0,25,1,5,3,1,0,10,21,0,13,s,1,2,6
1868,3,0,1,0,d,1,0,11,9,d,2,4,12,s,14,0,25,1,5,3,d,s,d,21,0,13,s,1,2,6
1827,3,0,d,0,0,1,0,d,9,0,2,4,12,s,14,0,25,d,5,3,1,0,10,21,0,13,s,1,2,s
I893,0,0,0,0,0,0,0,0,9,0,2,4,12,0,14,0,25,0,0,0,0,7,s,21,0,0,0,0,2,18
I894,0,0,0,0,0,0,0,0,9,0,2,4,12,0,14,1,25,1,0,0,0,7,s,21,9,0,2,0,2,18
I895,0,0,1,0,0,0,0,0,9,0,2,4,12,0,14,1,25,1,0,0,0,7,s,21,9,0,2,0,2,18
I896,0,s,1,0,0,0,0,0,9,21,2,4,12,0,14,1,25,1,0,0,0,7,s,21,9,0,2,0,2,18
I901,0,s,1,0,7,0,0,0,9,21,2,4,12,11,14,1,25,1,s,0,0,7,s,21,9,0,2,1,s,18
1242,d,s,1,0,7,0,0,0,9,d,2,4,12,11,14,1,25,1,s,0,d,7,s,21,9,0,2,d,s,18
1329,0,s,1,0,7,0,0,0,9,d,2,4,12,11,d,1,25,1,s,0,0,7,s,21,9,0,2,1,s,d
I904,0,s,1,0,0,0,0,0,9,21,2,4,12,0,14,1,25,1,0,0,0,7,s,21,9,0,2,0,2,18
1396,4,s,1,d,0,0,0,0,d,21,2,4,12,11,14,1,25,1,0,0,1,7,s,21,9,0,2,0,2,18
I908,0,s,1,0,0,1,0,0,9,21,2,4,12,0,14,1,25,1,0,0,0,7,s,21,9,0,2,s,2,18
1781,0,s,1,d,0,d,0,d,9,21,2,d,12,0,14,1,25,1,0,0,0,7,s,d,9,0,2,s,2,18
1737,0,s,1,0,17,1,0,0,9,21,2,4,12,0,14,1,25,1,0,0,0,7,s,21,9,0,2,s,2,18
I911,0,0,1,0,37,0,0,0,9,0,2,4,12,0,14,1,25,1,0,0,0,7,s,21,9,0,2,0,2,18
I912,0,0,1,0,37,0,0,0,9,0,2,4,12,0,14,1,25,1,0,0,0,7,s,21,9,0,2,0,2,18
I913,0,0,1,0,37,0,0,0,9,0,2,4,12,0,14,1,25,1,0,0,0,7,s,21,9,0,2,0,2,18
1494,4,15,1,0,37,0,s,0,9,0,d,4,d,0,d,d,25,1,5,d,0,7,s,21,9,0,2,0,2,d
1693,0,0,1,0,37,0,0,s,9,0,2,4,12,d,14,d,d,1,0,0,1,d,s,21,9,0,2,0,2,18
I917,0,0,1,0,37,0,0,10,9,s,s,4,12,0,14,1,s,1,0,0,1,7,s,21,9,0,2,0,2,18
1657,d,0,1,0,37,0,0,10,9,s,s,4,12,0,14,1,s,1,0,4,1,d,s,d,d,d,2,0,2,18
1656,0,0,1,0,37,0,0,10,9,s,s,4,12,0,14,1,s,1,0,d,1,7,s,21,9,0,2,0,2,d
I919,0,0,1,0,37,0,0,0,9,0,2,4,12,0,14,1,25,1,0,0,0,7,s,21,9,0,2,0,2,18
I920,0,0,1,0,37,0,0,0,9,0,2,4,12,0,14,1,25,1,0,0,1,7,s,21,9,0,2,0,2,18
1276,0,0,1,0,37,0,0,0,9,0,2,4,d,0,14,1,25,1,0,0,1,s,s,21,9,0,2,4,2,d
1682,0,d,1,d,37,0,0,0,9,d,2,4,12,0,14,1,25,1,0,0,1,d,s,21,9,14,2,0,2,18
I924,0,0,1,0,37,1,0,0,9,0,2,4,12,0,14,1,25,1,0,9,1,7,s,21,9,0,2,0,2,18
1931,0,0,1,d,d,1,3,0,9,0,2,4,12,0,14,1,25,1,d,9,1,7,s,21,9,0,2,0,2,18
1930,0,0,1,d,37,1,0,0,d,0,2,d,12,d,14,1,25,1,d,9,1,7,s,21,9,0,2,d,2,18
I926,0,0,0,0,0,0,0,0,9,0,2,4,12,0,14,1,25,1,0,13,0,7,s,21,9,0,2,0,2,18
I927,0,0,0,0,0,0,0,0,9,0,2,4,12,0,14,1,25,1,0,13,1,7,s,21,9,0,2,0,2,18
I928,0,0,0,6,0,0,0,0,9,0,2,4,12,0,14,1,25,1,0,13,1,7,s,21,9,0,s,0,2,18
1842,0,d,0,6,s,d,9,0,9,0,s,4,12,0,14,1,25,1,0,d,1,7,s,21,9,0,s,0,2,18
1848,0,5,0,6,0,0,d,0,d,0,2,4,12,0,14,1,25,1,25,13,d,7,s,d,9,0,s,0,2,18
I935,0,0,0,0,0,0,0,0,9,0,2,4,12,0,14,1,25,1,3,13,1,7,s,21,9,0,2,0,2,18
I936,0,0,0,0,0,0,0,0,9,s,2,4,12,0,14,1,25,1,3,13,1,7,s,21,9,0,2,0,2,18
I937,0,0,0,0,0,0,0,36,9,s,2,4,12,0,14,1,25,1,3,13,1,7,s,21,9,11,2,0,2,18
1961,0,0,0,0,0,0,0,36,9,s,2,4,12,0,14,1,25,1,3,13,1,d,s,d,9,d,2,0,d,18
1960,d,d,0,0,0,0,0,36,9,s,2,4,12,0,14,1,25,1,3,13,1,7,s,21,9,11,2,d,2,18
1991,0,0,0,0,0,0,0,0,9,s,d,4,12,0,14,1,25,1,3,s,1,7,s,21,9,0,2,0,d,18
I939,0,37,0,0,0,0,s,0,9,0,2,4,12,0,14,1,25,1,3,13,1,7,s,21,9,0,2,0,2,18
I940,2,37,0,0,0,0,s,0,9,0,2,4,12,0,14,1,25,1,3,13,1,7,s,21,9,0,2,0,2,18
1957,2,37,0,0,d,0,s,0,9,0,2,4,12,0,14,1,d,1,3,13,1,d,s,21,9,0,2,0,2,d
1956,2,37,0,0,0,0,s,0,d,0,2,4,12,0,14,1,25,1,3,d,d,7,s,21,9,0,2,0,d,18
I941,0,37,0,0,0,0,s,0,9,0,2,4,12,0,14,1,25,1,3,13,1,7,s,21,9,0,2,0,s,18
1935,0,37,0,d,0,0,s,0,9,0,2,4,12,0,14,d,25,1,3,13,1,7,s,21,d,d,d,0,s,18
1934,0,d,0,0,0,0,s,0,9,0,2,4,12,0,14,1,25,1,d,13,1,7,s,21,9,0,2,0,s,18
I942,0,0,0,0,0,1,0,0,9,0,2,4,12,0,14,1,25,1,0,13,0,7,s,21,9,0,2,0,2,18
I943,0,0,0,0,0,1,0,0,9,0,2,4,12,0,14,1,25,1,5,13,0,7,s,21,9,30,2,0,2,18
1913,0,0,7,0,d,1,28,s,9,0,2,4,12,0,14,1,25,1,5,13,0,7,s,21,9,30,2,d,2,18
1644,0,0,0,5,0,1,0,0,d,0,2,4,d,0,14,d,25,1,5,13,1,d,s,21,9,30,2,9,2,18
I951,0,0,1,3,0,1,0,0,9,0,2,4,12,0,14,1,25,1,0,13,0,7,s,21,9,0,2,0,2,18
1629,0,0,1,3,0,d,0,0,9,0,2,4,12,s,14,1,d,1,s,13,0,7,s,21,9,0,2,0,2,18
I953,0,0,1,3,0,1,0,39,9,6,2,4,12,0,14,1,25,1,0,13,1,7,s,21,9,0,2,0,2,18
1929,0,0,d,3,0,1,0,39,d,6,2,4,12,0,d,d,25,d,d,d,d,d,s,21,9,0,2,0,2,d
1928,0,0,1,3,0,1,0,39,9,6,2,4,12,0,14,1,d,1,0,13,d,7,s,d,9,d,d,d,2,18
I957,0,0,0,0,0,0,0,26,9,21,2,4,12,0,14,0,25,8,0,15,0,7,s,21,0,0,0,0,2,18
I958,0,0,0,0,0,0,0,26,9,21,2,4,12,0,14,0,25,8,0,15,0,7,s,21,0,0,0,0,2,18
I959,0,0,0,0,0,0,20,26,9,21,2,4,12,0,14,0,25,8,0,15,0,7,s,21,0,0,0,0,s,18
I960,0,0,0,0,0,s,20,26,9,21,2,4,12,0,14,0,25,8,0,15,0,7,s,21,0,0,0,0,s,18
I961,2,0,0,8,0,s,20,26,9,21,2,4,s,0,14,0,25,8,0,15,0,7,s,21,0,0,0,0,s,18
1212,2,0,0,8,0,s,20,26,9,21,d,4,s,0,14,d,25,8,0,d,0,7,s,21,9,0,0,0,s,18
1241,2,0,1,8,0,s,20,26,9,21,2,4,s,0,14,0,25,8,s,d,0,7,s,21,d,0,26,d,s,d
1074,2,0,d,0,0,s,d,26,s,21,2,4,d,0,d,1,25,d,19,15,0,7,s,21,0,0,0,7,s,18
I967,0,0,0,0,0,0,20,26,9,21,2,4,12,5,14,0,25,8,s,15,0,7,s,21,0,0,8,0,s,18
I968,0,0,0,5,0,0,20,26,9,21,2,4,12,5,14,1,25,8,s,15,0,7,s,21,0,0,8,0,s,18
1472,0,s,0,d,0,0,20,26,9,d,d,4,12,5,14,1,s,8,s,15,0,7,s,21,0,d,8,0,s,18
1581,3,0,d,5,d,0,20,26,9,d,2,4,12,5,14,1,25,d,s,15,0,d,s,21,0,0,8,0,s,18
1446,2,0,d,0,d,0,20,26,9,d,2,4,12,5,14,0,25,8,s,15,d,7,s,21,9,d,8,4,s,18
I974,0,36,0,0,0,0,0,26,9,21,2,4,12,0,14,0,25,8,0,15,1,7,s,21,0,0,0,0,s,18
I975,0,36,0,0,0,1,0,26,9,21,s,4,12,0,14,0,25,8,0,15,1,7,s,21,0,0,0,0,s,18
1612,d,s,0,0,0,1,0,26,9,21,s,4,12,0,d,d,25,d,0,15,1,7,s,21,0,12,5,d,s,18
1702,d,36,0,1,0,d,0,26,9,21,s,4,12,0,14,0,25,8,d,15,d,7,s,21,9,0,8,5,s,18
I982,0,36,0,0,29,0,9,26,9,21,2,4,12,0,14,0,25,8,0,15,1,7,s,21,0,0,0,0,s,18
I983,0,36,0,0,29,0,9,26,9,21,2,4,12,0,14,0,25,8,0,15,1,7,s,21,0,0,0,0,s,18
1728,2,36,0,d,29,1,9,26,9,21,2,4,12,4,14,1,25,d,0,15,s,7,s,21,0,0,0,0,s,d
I985,4,36,0,4,29,0,9,26,9,21,2,4,12,0,14,0,25,8,0,15,1,7,s,21,9,0,0,0,s,18
1633,4,36,0,d,29,0,9,26,9,21,2,4,12,0,14,0,25,d,0,15,1,7,s,21,d,0,0,0,s,18
1632,d,36,0,4,29,0,9,d,9,21,2,4,12,0,d,0,25,8,0,15,1,7,s,21,9,0,0,d,s,18
I986,4,36,1,s,29,s,9,26,9,21,2,4,12,0,14,0,25,8,0,15,1,7,s,21,0,0,0,0,s,18
1259,4,36,1,s,29,s,9,26,d,21,2,d,12,s,14,0,d,8,0,15,d,7,s,21,0,0,0,0,s,18
1590,d,36,1,s,29,s,9,26,9,21,2,4,12,0,14,0,25,8,0,d,1,7,s,21,d,0,0,0,s,18
I989,0,24,0,0,0,s,0,26,9,21,2,4,12,0,14,0,25,8,0,15,1,7,s,21,0,0,0,0,2,18
I990,0,24,0,8,0,s,0,26,9,21,2,4,12,0,14,1,25,8,0,15,1,7,s,21,0,0,0,0,2,18
I991,0,24,5,8,0,s,0,26,9,21,2,4,12,0,14,1,25,8,0,15,1,7,s,21,0,0,0,0,2,18
I992,0,24,5,8,0,s,0,26,9,21,2,4,12,0,14,1,25,8,0,15,1,7,s,21,0,0,6,0,2,18
I993,0,24,5,8,32,s,0,26,9,21,2,4,12,8,14,1,25,8,0,15,1,7,s,21,0,s,6,0,2,18
1313,0,24,5,8,32,s,0,26,d,21,d,4,d,8,14,1,25,8,0,15,1,d,s,21,d,s,6,0,d,d
1312,0,24,5,8,d,s,0,26,9,21,2,4,d,8,14,d,25,8,0,15,1,d,s,21,0,s,6,d,d,18
1230,2,24,5,8,0,s,0,26,9,21,2,4,12,0,14,1,25,8,0,15,1,7,s,21,0,19,6,0,2,s
I995,0,24,5,8,0,s,0,26,9,21,2,4,12,0,14,1,25,8,0,15,1,7,s,21,0,0,s,0,2,18
1508,0,d,5,d,35,s,0,26,9,s,2,4,d,7,14,1,d,8,0,15,1,d,s,21,0,0,s,0,2,s
1395,0,24,5,8,0,s,0,26,9,21,2,4,12,0,14,d,25,8,0,15,d,7,s,21,0,0,s,7,2,18
I998,0,24,0,8,0,s,0,26,9,21,2,4,12,0,14,1,25,8,0,15,1,s,s,21,0,0,0,0,2,18
I999,0,24,0,8,0,s,0,s,9,21,2,s,12,0,14,1,25,8,0,15,1,s,s,21,0,0,0,0,2,18
2015,0,d,0,8,0,s,23,s,9,21,2,s,12,6,14,1,25,8,s,15,1,s,s,21,0,s,0,0,2,d
I1002,0,24,0,8,0,s,0,s,9,21,2,s,12,0,14,1,25,8,0,15,1,s,s,21,0,0,0,0,2,18
1986,0,24,0,8,0,s,13,s,9,21,2,s,12,0,14,1,25,8,0,15,1,s,s,21,0,0,0,0,2,18
1026,0,d,7,8,d,s,0,s,9,21,2,s,12,0,14,1,25,d,0,15,1,s,s,21,0,0,0,0,d,s
I1004,0,24,0,8,15,s,0,26,9,21,2,4,12,9,14,1,25,8,0,15,1,s,s,21,0,0,0,0,2,18
2004,0,24,0,8,15,s,0,d,9,d,2,4,12,9,14,1,25,8,5,15,1,s,s,21,s,0,0,0,2,18
1979,0,s,0,8,15,s,0,26,9,21,2,4,12,9,14,1,25,8,0,15,1,s,s,21,d,0,0,0,2,d
I1009,0,24,0,0,0,s,0,26,9,21,2,4,12,0,14,0,25,8,3,15,1,7,s,21,0,11,0,7,2,18
I1010,0,24,0,0,0,s,0,26,9,21,2,4,12,0,14,0,25,8,3,15,1,7,s,21,0,11,s,7,2,18
I1011,0,24,0,0,22,s,0,26,9,21,2,4,12,0,14,0,25,8,3,15,1,7,s,21,0,11,s,7,2,18
1305,0,24,d,0,22,s,17,26,9,21,2,4,12,0,14,0,25,d,3,d,1,d,s,21,6,11,s,7,2,18
1114,0,24,0,0,22,s,0,26,9,21,2,4,d,0,d,1,25,s,3,15,1,7,s,21,0,11,s,d,2,18
I1014,0,24,0,0,0,s,0,26,9,21,2,4,12,0,14,0,25,8,3,15,1,7,s,21,0,11,s,7,2,18
I1015,0,24,1,0,0,s,0,26,9,21,2,4,12,0,14,0,25,8,3,15,1,7,s,21,0,11,s,7,2,18
1121,0,d,1,0,0,s,0,26,9,d,d,4,d,0,14,0,d,8,3,d,1,7,s,21,0,11,s,7,2,18
1120,0,24,1,0,0,s,d,26,9,21,2,d,12,0,14,0,25,s,3,15,1,7,s,21,0,11,s,7,2,18
1163,0,24,1,0,0,s,0,26,9,21,2,4,12,0,14,0,25,8,3,15,1,7,s,21,7,11,s,7,2,18
I1017,0,24,1,0,0,s,21,26,9,21,2,4,12,0,14,0,25,8,3,15,1,7,s,21,0,11,0,7,2,18
I1018,0,24,1,0,0,s,21,26,9,21,2,4,12,7,14,0,25,8,3,15,1,7,s,21,0,11,0,7,2,18
1370,0,24,1,d,0,s,d,26,d,21,2,4,12,7,14,0,25,d,3,15,1,7,s,d,d,11,s,d,2,d
1442,0,24,1,0,d,s,21,d,d,21,2,4,12,7,14,0,25,8,3,15,1,7,s,s,0,d,0,7,d,18
1337,4,24,1,0,0,s,21,26,9,21,2,4,12,0,d,0,25,8,3,d,d,7,s,d,9,11,0,7,2,18
