cell,r1,r2,r3,r4,r5,r6,r7,r8,r9,r10,r11,r12,r13,r14,r15,r16,r17,r18,r19,r20,r21,r22,r23,r24,r25,r26,r27,r28,r29,r30
I1,0,0,0,0,0,0,0,0,0,0,0,3,0,0,0,0,0,0,0,0,0,0,0,0,0,0,0,0,0,0
I2,0,0,0,0,0,0,0,0,0,0,0,3,0,0,0,0,0,0,0,0,0,0,0,0,0,0,22,0,0,0
I3,0,0,0,0,0,16,0,0,0,0,5,3,0,0,0,4,0,0,0,0,0,0,0,0,10,0,22,0,1,0
I4,0,0,0,0,0,16,0,0,0,0,5,3,0,0,0,4,0,0,0,0,1,0,0,0,10,0,22,0,1,0
I5,0,0,0,0,0,16,0,0,0,0,5,3,0,0,0,4,0,0,0,41,1,0,0,0,10,0,22,0,1,0
I6,0,0,0,1,0,16,0,0,0,0,5,3,0,0,2,4,0,0,0,41,1,0,0,0,10,0,22,0,1,0
I7,0,0,0,1,0,16,0,0,0,0,5,3,0,0,2,4,0,0,0,41,1,0,0,0,10,0,22,2,1,0
I8,2,0,0,1,0,16,0,0,0,0,5,3,0,0,2,4,0,2,0,41,1,0,0,0,s,s,22,2,1,0
1981,d,d,0,1,1,d,3,0,0,5,5,3,0,0,2,4,0,2,0,d,1,0,0,0,s,s,22,d,1,d
I12,2,0,0,1,0,16,0,0,0,0,5,3,0,0,2,4,0,2,0,41,1,0,0,0,s,s,22,2,1,0
1425,2,0,d,d,0,16,31,0,d,0,5,3,d,d,2,d,0,2,0,41,1,0,0,0,s,s,22,2,1,d
I14,2,0,0,1,0,16,0,0,0,0,5,3,0,0,2,4,0,2,0,41,1,0,0,0,s,s,22,2,1,0
1627,2,0,0,1,0,16,d,0,0,0,5,3,d,0,2,4,0,2,0,41,1,0,0,s,s,s,22,2,1,0
1626,2,0,0,d,0,d,0,0,0,0,5,3,0,0,2,4,0,d,0,41,1,0,d,0,s,s,d,2,1,0
I15,s,0,4,1,0,16,5,0,0,0,5,3,2,0,2,4,0,0,0,41,1,0,0,0,10,0,22,2,1,0
I17,s,0,4,1,0,16,5,0,6,0,5,3,2,0,2,4,3,0,6,41,1,0,1,0,10,0,22,2,1,0
1311,s,0,4,1,0,16,5,0,6,0,5,3,2,0,2,4,3,0,6,41,1,0,1,d,10,0,22,2,1,0
1310,s,0,4,1,0,16,5,d,6,0,5,3,2,d,2,4,3,0,6,41,1,0,1,0,10,0,22,2,1,0
1599,s,d,4,1,d,16,5,6,0,0,5,d,2,0,2,4,0,d,0,41,d,d,0,d,10,s,22,2,1,0
I22,0,0,0,1,1,16,0,0,0,0,5,3,0,0,2,4,0,0,0,41,1,0,0,0,10,0,22,0,1,0
I23,0,0,0,1,1,16,0,0,0,0,5,3,0,0,2,4,0,2,0,41,1,0,0,0,10,0,22,0,1,0
I24,0,0,0,1,1,16,0,8,0,0,5,3,0,0,2,4,0,2,0,41,1,0,0,0,10,0,22,0,1,0
1606,0,0,5,s,1,16,s,8,0,0,5,3,0,0,2,4,0,2,0,41,1,0,0,0,10,0,22,0,1,0
1639,0,0,d,1,1,s,0,8,0,0,5,3,0,0,2,4,0,2,0,41,1,0,0,5,10,0,22,d,1,d
1435,0,0,s,1,d,16,0,s,26,0,5,3,0,d,d,4,0,2,d,41,1,0,0,0,10,2,22,0,1,0
I30,s,0,0,1,1,16,0,17,0,0,5,3,0,0,2,4,0,0,0,41,1,0,0,0,10,0,22,2,1,0
I31,s,0,0,1,1,16,0,17,0,0,5,3,0,0,2,4,0,0,0,41,s,0,0,0,10,0,22,2,1,0
I32,s,0,0,1,1,16,0,17,0,0,s,3,0,0,2,4,0,0,0,41,s,0,0,0,10,0,22,2,1,0
1521,s,0,d,d,1,d,0,17,0,d,s,3,d,0,2,4,0,0,0,41,s,0,0,0,10,d,22,d,1,0
1520,s,0,d,1,1,16,0,17,d,0,s,3,0,9,2,4,0,0,0,41,s,0,0,0,10,0,22,2,1,0
1505,s,0,0,1,1,16,0,17,0,0,5,3,0,0,2,d,0,0,0,41,s,1,0,0,10,0,22,d,d,10
I34,s,0,0,1,1,16,0,17,0,5,5,3,0,0,2,4,0,0,0,s,1,0,0,0,10,0,22,2,1,0
1490,s,0,0,1,1,16,0,17,d,5,5,3,0,0,s,4,0,0,0,s,1,0,0,1,10,0,22,2,1,0
1754,s,0,0,1,d,16,0,17,0,5,5,3,d,0,2,4,1,1,0,s,1,0,0,2,d,0,22,2,1,d
I37,0,0,0,0,0,16,2,0,0,0,5,3,0,0,0,4,0,0,0,41,1,0,0,0,10,0,22,0,1,0
I38,0,0,0,0,0,16,2,0,0,0,5,3,0,0,0,4,0,0,0,41,1,0,0,0,10,0,22,0,1,0
I39,0,0,s,0,0,16,2,0,0,0,5,3,0,0,0,4,0,0,1,41,1,0,8,0,10,0,22,0,1,2
1522,0,d,s,s,0,16,2,0,0,0,5,3,0,0,0,4,0,0,1,41,1,0,8,0,10,0,22,0,1,d
1448,2,0,s,0,0,d,2,s,0,0,d,3,0,34,0,4,0,0,1,41,1,d,d,0,10,0,22,0,1,2
I46,0,0,0,0,0,16,2,7,0,0,5,3,0,0,0,4,0,0,0,41,1,0,0,0,10,0,22,0,1,0
I47,2,0,0,0,0,16,2,7,0,0,5,3,0,0,0,s,0,0,0,41,1,0,0,0,10,2,22,0,1,0
I49,2,0,0,0,1,16,2,7,10,0,5,3,0,0,0,s,0,2,0,41,s,0,0,2,10,2,22,2,1,0
1971,2,0,d,0,1,16,2,d,d,0,5,3,0,0,0,s,0,2,0,41,s,0,0,2,10,2,22,2,1,0
1970,d,d,0,0,1,d,2,7,10,0,5,3,0,0,0,s,0,2,d,41,s,0,0,2,10,2,22,2,1,d
1192,2,0,0,0,s,16,2,7,0,0,5,3,0,0,0,s,d,2,0,41,1,0,0,1,10,s,22,2,1,d
I51,0,2,0,0,0,16,2,7,0,0,5,3,0,0,0,4,0,0,0,41,1,0,8,0,10,0,22,6,1,3
I52,s,2,5,0,0,16,2,7,0,0,5,3,0,0,0,4,0,2,16,41,1,0,8,0,10,0,22,6,1,3
1125,s,2,d,0,0,16,2,7,s,0,5,3,3,0,0,d,d,2,16,d,1,0,8,d,10,d,d,6,1,3
1124,s,2,5,0,d,16,d,7,12,0,5,3,0,0,0,d,0,2,16,41,1,0,8,0,10,0,22,6,d,3
1035,2,2,d,0,1,16,d,7,0,d,d,3,0,0,0,4,0,0,0,41,1,d,8,0,d,0,22,6,1,3
I54,0,0,0,0,0,16,2,s,0,0,5,3,0,15,2,4,0,0,0,41,1,0,5,1,10,0,22,2,1,0
I55,2,s,0,0,0,16,2,s,0,0,5,3,0,15,2,4,1,0,0,41,1,0,5,1,10,0,22,2,1,0
I57,2,s,0,0,0,16,2,s,0,0,5,3,0,15,2,4,1,0,0,41,1,1,5,1,10,0,22,2,1,0
1119,2,s,0,0,0,16,2,s,0,0,5,3,0,15,2,s,1,0,0,41,1,1,5,1,10,0,d,2,1,4
1118,d,s,0,0,0,16,2,s,0,d,d,3,d,15,2,4,1,0,d,41,1,d,5,1,10,0,22,2,1,41
1482,2,s,0,0,0,d,2,s,0,d,s,d,0,15,2,4,1,d,0,41,d,0,5,1,10,2,22,2,1,0
I62,2,0,0,0,0,16,2,s,0,0,5,3,0,15,2,4,0,0,0,41,1,0,5,1,10,0,22,2,1,0
I63,2,0,0,0,0,16,2,s,0,0,5,3,0,15,2,4,0,0,0,41,1,0,5,1,10,0,22,2,1,0
1112,d,2,d,0,1,16,2,s,0,0,5,3,d,15,2,4,0,d,0,41,1,0,5,1,10,0,22,2,1,0
I65,2,0,0,0,0,16,2,s,0,1,5,3,0,15,2,4,0,0,0,41,1,0,5,s,10,0,22,2,1,0
1405,2,0,0,0,0,16,2,s,0,1,5,3,0,15,2,d,0,0,0,41,d,0,5,s,10,0,22,2,1,0
1404,2,0,0,0,0,16,2,s,0,1,5,3,0,15,2,4,0,0,0,41,1,d,5,s,10,2,22,d,1,0
1338,2,0,0,d,1,16,2,s,d,0,5,3,3,d,d,4,0,0,16,41,1,d,5,d,d,0,22,2,1,0
I69,0,0,4,0,0,16,0,0,0,0,5,3,0,0,0,s,0,0,21,0,1,0,0,0,10,0,22,0,1,0
I70,0,0,4,0,0,16,0,0,0,0,5,3,0,0,0,s,0,0,21,0,1,0,0,0,10,0,22,0,1,0
I71,0,0,4,0,0,16,0,0,0,0,5,3,0,0,0,s,0,0,21,0,1,0,0,0,10,2,22,0,1,0
I76,0,0,4,0,0,16,0,0,0,0,5,3,3,0,0,s,0,0,21,0,1,0,0,0,10,2,22,0,1,27
1158,0,2,d,0,1,16,0,0,0,0,5,3,d,0,0,s,0,0,21,0,1,0,0,0,10,2,22,0,d,27
1253,0,2,d,0,0,d,0,0,0,0,5,3,3,d,0,s,0,0,21,0,1,0,0,0,10,s,d,d,1,27
I79,0,0,4,0,0,s,0,0,0,0,5,3,0,0,0,s,0,0,21,0,1,0,2,0,10,2,22,0,1,0
1718,0,0,4,0,0,s,0,1,0,5,5,3,d,0,0,s,1,0,21,0,1,0,2,0,10,2,22,d,1,28
I85,0,0,4,0,0,s,0,7,0,5,5,3,3,0,0,s,0,2,21,0,1,0,2,0,10,2,22,0,1,0
1071,0,0,4,d,0,s,0,7,0,5,5,3,3,0,0,s,0,2,21,d,1,2,2,0,d,2,22,0,1,0
2029,0,0,4,0,0,s,0,7,d,5,5,3,3,0,0,s,0,2,21,0,1,d,2,0,d,2,22,d,1,0
I87,2,0,4,0,0,16,0,0,0,0,5,3,0,27,0,s,0,0,21,0,1,1,0,0,10,2,22,0,1,0
I88,2,0,4,0,1,16,0,0,0,0,5,3,0,27,2,s,0,0,21,0,1,1,0,0,10,2,22,0,1,0
I89,2,0,4,0,1,16,0,0,0,0,5,3,0,27,2,s,0,0,21,0,1,1,0,5,10,2,22,0,1,0
1190,2,d,4,d,d,d,0,0,0,0,5,d,0,27,2,s,d,0,21,0,1,1,1,s,d,2,22,0,1,0
1299,2,0,4,0,1,16,0,0,0,0,5,3,0,27,2,s,s,d,21,0,1,d,0,5,10,2,22,0,1,0
I92,2,0,4,0,1,16,0,0,0,0,5,3,0,27,2,s,0,0,21,0,1,1,0,0,10,2,22,0,1,0
1262,2,0,d,0,1,16,6,0,0,0,5,3,2,27,s,s,0,s,21,0,1,1,0,0,d,2,22,0,1,0
1376,2,0,4,0,1,16,0,d,0,0,5,3,0,27,2,s,1,0,21,0,1,1,0,0,10,2,22,0,1,0
I95,2,0,4,1,1,16,0,0,0,0,5,3,0,27,0,s,0,0,21,0,1,1,0,0,10,2,22,0,1,0
I97,2,0,4,1,1,16,0,0,0,0,5,3,0,27,0,s,0,0,21,4,1,1,0,0,10,2,22,0,1,0
1251,2,0,4,1,1,16,0,0,0,0,5,3,0,27,d,s,0,0,21,4,1,1,d,0,10,2,22,0,1,27
1250,2,d,4,1,1,16,0,0,d,0,5,3,0,27,0,s,0,d,21,4,1,1,0,0,10,2,d,0,d,0
I99,2,2,4,1,1,s,0,0,0,0,5,3,0,27,0,s,0,0,21,0,1,1,0,0,10,2,22,0,1,0
I100,2,2,4,1,1,s,0,0,0,5,5,3,0,27,0,s,0,0,21,0,1,1,0,s,10,2,22,2,1,0
1173,2,2,4,1,1,s,0,0,0,d,5,3,0,27,0,s,0,0,21,0,1,1,0,s,10,2,22,2,1,1
1172,2,2,4,1,1,s,0,0,0,5,5,3,0,27,0,s,0,0,21,0,d,d,0,s,10,2,22,2,1,0
1406,2,2,4,1,1,s,0,0,d,0,5,3,0,27,0,s,0,0,21,0,d,1,0,0,10,2,22,0,1,0
I102,0,0,4,0,0,16,27,0,0,0,5,3,0,17,0,s,0,0,21,0,1,0,0,0,10,0,22,0,1,0
I103,0,0,4,0,0,16,27,0,14,0,5,3,0,17,0,s,0,0,21,0,1,0,0,0,10,3,22,0,1,0
I104,0,0,4,0,0,16,27,0,14,0,5,3,0,17,0,s,0,0,21,0,1,0,0,0,10,3,22,0,1,0
I105,0,0,4,0,1,16,27,0,14,0,5,3,0,17,0,s,0,0,21,0,1,0,0,0,10,3,22,2,1,0
1973,d,0,4,0,1,16,27,0,d,0,5,3,7,d,d,s,d,0,21,d,1,1,2,0,10,3,22,2,1,0
1058,0,0,s,d,1,16,27,0,14,5,s,3,0,17,0,s,0,d,21,0,1,0,10,s,d,3,22,2,1,0
I109,0,0,4,0,0,16,27,0,14,0,5,3,3,17,0,s,0,0,21,0,1,0,0,0,10,3,22,0,1,0
I111,0,0,4,0,0,16,27,5,14,0,5,3,3,17,0,s,0,2,21,0,1,0,0,0,10,3,22,2,1,0
1867,0,0,4,0,0,16,27,5,14,0,5,3,3,17,d,s,0,2,21,0,1,0,d,0,10,3,22,2,1,0
1866,0,0,4,0,0,16,d,5,14,0,5,3,3,17,0,s,d,2,21,d,1,0,0,0,10,3,22,2,1,0
2044,0,0,4,0,d,16,27,0,14,0,5,d,3,17,0,s,d,0,d,7,1,0,1,0,10,3,22,0,1,0
I116,0,0,4,3,0,16,27,0,14,0,5,3,0,17,0,s,0,0,21,3,1,1,0,0,10,3,22,0,1,0
I118,0,2,4,3,1,16,27,6,14,0,5,3,0,17,0,s,0,0,21,3,1,1,2,0,10,3,22,0,1,0
1099,0,2,4,3,1,16,27,6,14,0,5,3,0,17,0,s,0,0,21,3,1,1,d,0,10,3,22,0,1,0
1098,0,2,d,3,d,16,27,6,14,0,5,3,0,17,0,s,0,0,21,d,1,1,2,d,10,3,22,0,1,0
I120,0,0,4,3,0,16,27,0,14,0,5,3,3,17,0,s,0,0,21,3,1,1,0,0,10,3,22,0,1,0
1022,2,2,4,3,0,16,27,0,14,0,d,d,d,17,0,s,0,0,21,3,s,1,0,d,10,d,22,0,1,d
1965,0,0,4,3,0,16,27,0,14,0,5,3,3,17,0,s,d,0,21,3,1,1,0,d,10,d,22,0,1,1
I124,0,0,4,0,0,16,27,0,0,0,5,3,0,17,0,s,0,0,21,0,1,0,0,0,10,0,22,0,1,0
I125,s,0,4,0,1,16,27,0,0,5,5,3,0,17,0,s,0,0,21,0,1,0,0,0,10,0,22,2,1,0
I126,s,0,4,0,1,16,27,0,0,5,5,3,0,17,0,s,0,0,21,0,1,s,0,0,10,2,22,2,1,0
1300,s,1,4,0,1,16,27,0,0,5,5,3,0,17,d,s,0,0,d,0,1,s,2,0,d,2,22,2,1,0
1132,s,0,4,1,1,16,s,0,0,5,5,3,0,17,0,s,0,0,21,0,d,s,0,0,d,2,22,2,1,d
I129,s,0,4,0,1,16,27,0,0,5,5,3,3,17,s,s,1,0,21,0,1,0,0,5,10,0,22,2,1,0
I130,s,2,4,0,1,16,27,0,11,5,5,3,3,17,s,s,1,s,21,0,1,0,0,5,10,0,22,2,1,0
1477,s,2,4,0,1,16,27,0,11,5,5,3,d,17,s,s,1,s,d,0,1,0,0,5,10,0,22,2,1,s
1476,s,2,4,0,1,16,27,0,11,5,5,d,d,17,s,s,1,s,21,0,1,0,0,5,10,0,22,2,1,d
1726,s,d,4,d,1,16,27,0,d,5,5,3,3,d,s,s,1,0,21,22,d,0,0,d,10,0,22,2,1,0
1081,0,0,4,1,0,16,27,0,0,d,5,3,0,d,2,s,1,1,d,3,1,0,0,2,10,2,22,0,1,21
I139,0,0,0,0,0,16,0,0,0,0,5,3,3,0,0,4,0,0,0,0,1,0,0,0,10,0,22,2,1,0
I140,0,0,s,0,0,16,5,7,0,0,5,3,3,0,0,4,0,0,0,0,1,0,0,0,10,0,22,2,1,0
I141,2,0,s,0,0,16,5,7,0,0,5,3,3,0,0,4,0,0,0,0,1,0,0,0,10,0,22,2,1,0
I142,2,0,s,0,0,16,5,7,0,0,5,3,3,0,0,4,0,0,0,0,1,0,0,0,10,0,22,s,1,0
I143,2,0,s,0,0,16,5,7,0,5,5,3,3,0,2,4,0,0,0,0,1,0,0,0,10,2,22,s,1,0
I144,2,0,s,0,0,16,5,7,0,5,5,3,3,0,2,4,0,0,10,0,1,0,0,0,10,2,22,s,1,0
I145,2,0,s,0,0,16,5,7,0,5,5,3,3,0,2,4,0,0,10,0,1,0,0,0,s,2,22,s,1,0
1763,2,0,s,0,0,16,5,7,0,5,5,3,3,d,2,4,0,0,d,d,1,0,d,0,s,2,22,s,1,0
1762,2,0,s,s,1,16,5,7,0,5,5,3,3,0,2,4,0,0,10,0,1,0,0,0,s,2,22,s,1,0
I146,2,0,s,0,0,16,5,7,s,5,5,3,3,0,2,4,0,0,10,0,1,0,0,0,10,2,22,s,1,0
1785,2,0,s,0,0,16,5,7,s,5,d,3,3,0,2,4,0,0,10,0,1,d,0,0,10,2,22,s,d,0
1784,2,0,s,d,0,16,5,7,s,5,5,3,d,0,d,4,0,0,10,0,1,d,0,0,10,2,22,s,1,0
I147,2,0,s,0,0,16,5,7,0,5,5,3,3,0,2,4,0,0,12,0,1,0,0,0,10,2,22,s,1,0
I148,2,0,s,0,0,16,5,7,0,5,5,3,3,0,2,4,0,0,12,0,1,0,0,0,10,2,22,s,1,0
1893,2,0,s,0,0,16,5,7,0,5,5,3,3,0,2,4,0,0,12,d,1,0,0,0,d,2,22,s,1,0
1892,2,d,s,0,0,16,5,7,0,5,5,3,3,0,d,4,0,0,12,0,1,0,0,d,10,2,22,s,1,0
1805,2,2,s,3,0,16,5,d,6,5,5,3,d,d,2,4,0,0,12,0,1,d,0,d,10,2,22,s,1,0
I150,2,0,s,0,0,16,5,7,0,0,5,3,3,0,1,4,0,0,0,0,1,0,0,0,10,2,22,s,1,0
988,2,0,s,0,1,16,5,7,0,0,5,3,3,0,1,4,0,2,d,0,1,0,0,0,10,2,22,s,1,0
I153,2,0,s,0,0,16,5,7,0,0,5,3,3,0,1,4,0,0,s,0,1,0,0,0,10,2,22,s,1,33
1093,2,0,s,0,0,16,5,7,d,0,5,3,s,0,d,4,0,s,s,0,d,0,0,d,10,2,22,s,1,33
1092,2,d,s,0,d,16,5,7,0,0,5,d,d,0,1,4,0,0,s,0,1,0,0,0,10,2,d,s,1,s
I154,2,0,s,3,0,16,5,7,0,0,5,3,3,0,0,4,0,0,0,0,1,0,0,0,10,0,22,2,1,0
I155,2,0,s,3,0,16,5,7,0,0,5,3,3,0,0,4,0,0,0,0,1,0,0,0,10,0,22,2,s,0
976,2,0,s,3,0,d,5,7,d,0,5,d,3,0,0,4,0,0,0,0,1,d,0,0,10,0,22,2,s,0
I158,2,0,s,3,0,16,5,7,0,0,5,3,3,0,0,4,0,0,6,20,1,0,s,0,10,0,22,2,s,0
1578,2,0,s,3,0,16,5,7,d,0,5,3,d,0,2,4,0,0,6,20,d,d,s,d,10,0,22,2,s,0
1724,d,d,s,3,0,16,5,7,0,0,5,3,d,0,2,4,0,0,6,s,d,0,s,0,10,d,22,2,s,d
I161,2,0,s,3,0,16,5,7,0,0,5,3,3,0,0,4,0,0,0,0,1,0,0,0,10,0,22,2,1,11
I162,2,0,s,3,0,16,5,7,0,0,5,3,3,0,0,4,0,2,0,0,1,1,0,0,10,0,22,2,1,11
1364,2,0,s,3,d,d,5,7,0,0,5,3,3,s,0,d,0,d,0,d,1,1,d,0,10,0,22,2,1,d
1669,2,0,s,3,0,16,5,7,0,5,d,3,3,0,0,4,0,d,0,0,1,1,0,0,10,0,22,2,1,11
I166,2,0,s,3,0,16,5,7,12,0,5,3,3,0,0,4,0,0,0,0,1,0,0,0,10,2,22,2,1,11
1903,2,0,s,3,0,16,5,7,12,0,5,d,3,0,d,4,0,0,d,0,1,0,0,0,10,2,22,2,1,11
1902,2,0,s,3,0,16,5,7,12,0,5,d,3,0,2,4,0,0,0,0,1,0,0,0,10,2,22,2,d,11
I168,0,0,s,0,0,16,5,7,0,0,5,3,3,0,0,4,0,0,0,0,1,0,0,0,10,0,22,2,1,0
I169,0,0,s,0,0,16,5,7,14,0,5,3,3,0,0,4,0,0,0,0,1,0,0,0,10,0,22,2,1,0
I170,0,0,s,0,1,16,5,7,14,1,5,3,3,0,0,4,0,0,21,0,1,0,0,0,10,0,22,2,1,0
I171,0,0,s,0,1,16,5,7,14,1,5,3,3,0,0,4,1,0,21,0,1,0,12,0,10,0,22,2,1,0
1815,0,0,s,d,d,16,5,7,14,s,d,d,3,24,0,4,d,0,21,0,1,0,12,d,d,d,22,d,1,0
1887,2,0,s,d,d,16,5,7,14,1,5,3,3,0,0,4,1,0,21,0,1,0,12,0,10,0,d,2,1,0
I174,0,0,s,0,1,16,5,7,14,s,5,3,3,0,0,4,0,0,21,0,1,0,0,0,10,0,22,2,1,13
1942,0,0,s,0,1,16,5,d,14,s,5,3,3,d,0,4,0,0,d,0,d,0,0,0,10,2,22,s,1,13
I176,0,0,s,0,1,16,5,7,14,s,5,3,3,0,0,4,0,0,21,0,1,0,15,7,10,0,22,2,1,13
2009,0,0,s,0,1,16,d,d,14,s,d,3,3,d,0,4,0,d,d,0,1,d,15,7,10,d,22,2,1,13
2008,0,0,s,0,1,16,5,7,14,s,d,3,3,0,0,4,d,d,21,0,1,0,15,7,10,0,22,2,1,13
I177,2,2,s,0,0,16,5,7,14,0,5,3,3,0,0,4,0,2,0,0,1,0,10,2,10,s,22,2,1,0
I178,2,2,s,1,0,16,5,7,14,0,5,3,3,0,0,4,0,2,0,0,1,0,s,2,10,s,22,2,1,0
1859,2,2,s,1,0,16,d,7,14,0,5,3,s,4,0,4,0,s,0,0,1,0,s,2,10,s,22,2,1,d
1879,2,2,s,1,0,16,5,7,14,0,5,3,3,0,d,4,0,2,0,0,1,s,s,d,10,s,22,2,1,6
1029,2,2,s,3,0,16,5,7,14,0,5,3,3,0,d,d,d,2,0,d,d,0,10,2,10,s,22,2,d,0
I183,0,0,s,0,0,16,5,7,0,5,5,3,3,0,0,4,0,2,0,0,1,0,0,0,10,1,22,2,1,0
I184,0,0,s,0,0,16,5,7,0,5,5,3,3,0,0,4,0,2,0,0,1,0,0,0,10,1,22,2,1,5
I185,0,0,s,0,0,16,5,7,0,5,5,3,3,0,0,4,0,2,0,0,1,1,0,0,10,1,22,2,1,5
1575,2,0,s,0,0,s,5,7,0,5,5,3,3,0,d,4,3,2,0,0,1,1,0,0,10,1,22,2,1,5
1715,0,d,s,0,0,16,d,7,0,5,5,3,3,d,2,4,d,d,d,d,1,1,0,0,d,1,22,d,1,d
1786,0,d,s,d,0,s,5,7,0,5,5,3,d,0,0,d,d,d,0,0,1,0,8,10,10,1,22,2,1,5
I191,0,0,s,1,0,16,5,7,0,5,5,3,3,0,0,4,0,2,22,0,1,0,0,0,10,1,22,2,1,0
I192,0,0,s,1,0,16,5,7,0,5,5,3,3,0,0,4,0,2,22,0,1,0,0,0,10,1,22,2,1,0
1792,0,0,s,1,d,16,5,7,d,5,5,3,3,0,0,4,0,2,22,0,1,0,0,0,10,d,22,2,1,0
1544,0,0,s,1,0,16,5,7,d,5,5,3,3,0,0,4,0,2,d,0,1,0,12,d,10,1,22,2,s,0
I197,0,0,s,1,1,16,5,7,0,5,5,3,3,0,0,4,1,2,22,0,1,0,0,0,10,1,22,s,1,41
1373,0,2,s,d,d,16,5,7,0,5,5,d,3,0,0,d,1,2,22,0,1,0,0,0,10,1,22,s,d,41
1372,0,0,s,1,1,16,5,7,0,5,5,3,s,0,0,4,1,2,22,0,1,0,d,0,10,1,22,s,1,41
I198,0,0,0,0,0,16,0,0,0,0,5,3,3,0,2,4,0,0,0,0,1,0,0,0,10,0,22,2,1,0
I199,0,0,0,0,0,16,0,8,0,0,5,3,3,0,2,4,0,2,0,0,1,0,0,0,10,0,22,2,1,0
1921,d,0,4,1,1,16,0,8,11,5,5,3,3,0,2,4,d,2,s,0,1,0,s,0,10,0,22,2,1,d
I216,0,0,0,0,1,s,0,8,22,0,5,3,3,10,2,4,0,2,0,0,1,1,12,0,10,0,22,2,1,0
I219,2,0,0,0,1,s,0,8,22,0,5,3,3,10,2,4,1,2,12,5,1,1,12,0,10,0,22,2,1,0
1985,2,d,0,0,1,s,0,8,22,0,5,3,3,10,2,4,1,2,12,5,1,1,12,0,10,0,d,d,d,0
1984,2,0,0,0,1,s,0,8,22,d,5,3,3,10,d,4,1,2,12,5,1,d,12,0,10,0,22,d,1,d
1582,d,2,0,0,1,s,0,8,22,2,5,3,3,10,2,4,0,2,d,0,1,1,12,d,10,0,22,2,1,0
I223,0,0,0,0,0,16,0,0,0,0,5,3,3,0,2,4,0,0,0,10,1,0,0,0,10,2,22,2,1,0
I224,2,0,0,0,0,16,0,0,0,0,5,3,3,0,2,4,0,1,0,10,1,0,0,0,10,2,22,2,1,0
I225,2,0,0,0,0,16,0,12,0,0,5,3,3,0,2,4,0,1,0,10,1,1,0,0,10,2,22,2,1,2
I226,2,0,0,0,1,16,0,12,0,0,5,3,3,0,2,4,0,1,0,10,1,1,0,0,10,2,22,2,1,2
I227,2,0,0,0,1,16,0,12,0,0,5,3,3,0,2,4,0,1,24,10,1,1,0,0,10,2,22,2,1,2
1549,2,0,0,0,1,16,0,12,0,0,5,3,d,0,2,4,0,d,24,10,1,1,0,0,10,2,22,2,1,2
1548,2,0,0,d,d,16,d,12,0,0,5,3,3,d,2,4,0,1,24,10,1,1,0,3,d,2,d,2,d,2
1594,d,d,0,d,1,16,0,12,0,0,5,d,3,5,2,d,0,1,0,10,1,1,1,0,10,2,22,2,1,2
I229,s,0,0,0,0,16,0,12,0,0,5,3,3,0,2,4,0,1,0,10,1,1,0,2,10,2,22,2,1,2
I230,s,0,0,1,0,16,0,12,0,0,5,3,3,0,2,4,0,1,0,10,1,1,0,2,10,2,22,2,1,2
1833,s,0,0,1,0,16,0,12,0,0,d,3,3,0,d,4,0,d,d,10,1,d,0,d,10,2,22,2,1,d
1832,s,0,0,1,0,16,0,12,0,0,5,3,3,0,2,4,0,1,d,10,1,1,0,2,10,2,22,2,1,2
1660,s,0,0,0,1,d,d,12,0,d,5,d,3,0,2,4,1,1,0,10,1,1,0,2,10,d,22,2,1,2
I236,2,0,0,1,0,16,0,0,0,5,5,3,3,0,2,4,0,1,0,10,1,0,0,5,10,2,22,2,1,0
1625,2,0,0,1,0,16,0,0,0,5,5,3,3,d,2,4,0,1,1,10,1,0,15,d,10,2,22,2,1,d
1441,2,2,0,1,d,16,0,0,0,5,5,3,3,0,2,4,0,1,s,10,1,0,d,5,10,2,22,2,1,d
I239,0,0,0,0,0,16,0,0,0,0,5,3,3,0,2,4,0,0,0,10,1,0,8,0,10,2,22,2,1,0
I240,0,0,0,0,0,16,0,12,0,0,5,3,3,0,2,4,0,0,0,10,1,s,8,0,10,2,22,2,1,0
I241,0,0,0,0,0,16,0,12,0,0,5,3,3,0,2,4,0,2,0,10,1,s,8,0,10,2,22,2,1,0
1950,d,0,0,0,0,16,0,d,0,0,5,3,3,0,2,4,0,d,0,10,1,s,8,d,10,2,22,2,d,0
1797,2,0,0,0,s,16,0,12,d,0,5,3,3,0,2,4,0,d,0,10,1,s,8,0,d,d,22,d,1,0
I244,0,0,0,0,0,16,0,12,0,0,5,3,3,0,2,4,0,0,0,10,1,s,8,0,10,2,22,2,1,0
985,0,0,0,0,d,16,d,12,0,0,5,3,d,0,2,4,0,0,0,d,1,s,8,d,10,2,22,2,1,0
2033,0,0,0,0,0,16,0,d,0,0,d,3,3,0,2,4,0,0,0,10,1,s,8,0,d,2,22,2,1,0
I246,0,0,0,0,0,16,0,0,8,0,5,3,3,0,2,4,s,0,0,10,1,0,8,0,10,2,22,2,1,0
2020,0,0,d,0,0,16,0,0,d,0,d,s,3,6,2,4,s,2,0,10,1,1,8,0,10,2,d,2,d,d
1996,0,2,0,3,0,16,0,d,8,0,d,d,3,0,2,4,s,1,0,10,1,0,s,0,10,2,d,2,1,0
I251,0,0,0,0,s,0,0,0,0,0,0,3,0,0,0,0,0,0,0,0,0,0,0,0,0,0,22,0,0,0
I252,s,0,8,0,s,0,0,0,0,0,0,3,0,0,2,5,1,0,0,0,0,0,0,2,0,0,22,0,0,0
I253,s,0,8,0,s,0,0,0,0,0,0,3,0,0,2,5,1,0,0,0,1,0,0,2,0,0,22,0,0,0
I254,s,0,8,0,s,0,0,0,0,0,0,3,0,0,s,5,1,0,0,3,1,s,0,2,0,0,22,0,0,0
I255,s,0,8,0,s,0,0,0,0,0,0,3,0,0,s,5,1,0,0,3,1,s,0,2,0,2,22,0,0,0
I256,s,0,8,0,s,0,0,0,11,s,0,3,0,0,s,5,1,0,0,3,1,s,0,2,0,2,s,2,0,0
1222,s,0,8,0,s,0,d,0,11,s,0,3,0,0,s,5,1,2,0,3,1,s,0,2,0,2,s,d,0,0
I260,s,s,8,0,s,0,0,0,11,s,0,3,0,0,s,5,1,s,0,3,1,s,0,2,0,2,s,2,0,0
1069,s,s,d,0,s,0,0,0,11,s,s,3,0,0,s,d,1,s,0,3,1,s,0,d,d,2,s,2,s,d
I262,s,s,8,0,s,0,0,0,11,s,0,3,0,0,s,5,1,s,0,3,1,s,0,2,0,2,s,2,0,10
1359,s,s,8,0,s,d,0,0,11,s,0,d,0,0,s,5,1,s,0,3,1,s,0,2,5,2,s,2,0,10
1358,s,s,8,d,s,0,0,0,11,s,0,3,0,0,s,5,1,s,0,3,1,s,8,2,0,d,s,d,0,10
I263,s,0,8,0,s,0,0,0,0,0,0,3,2,0,s,5,1,0,0,3,1,s,0,2,0,2,22,0,0,0
1100,s,0,8,0,s,0,d,0,0,0,0,3,d,10,s,5,1,0,0,3,1,s,0,2,12,2,d,0,0,0
1055,s,0,8,0,s,d,0,5,0,5,0,3,2,0,s,5,1,0,0,3,1,s,0,2,0,2,d,0,6,28
I270,s,0,8,0,s,0,0,0,3,0,0,3,0,10,s,5,1,0,0,3,1,s,0,2,8,0,22,0,0,0
I271,s,0,8,0,s,0,0,0,3,0,0,3,0,10,s,5,1,2,0,3,1,s,0,2,8,0,22,0,0,30
I272,s,0,8,0,s,0,0,0,3,0,0,3,0,10,s,5,1,2,0,3,1,s,0,2,8,0,22,0,0,30
1005,s,0,d,0,s,0,0,5,3,0,0,3,0,10,s,5,1,2,0,3,1,s,0,2,8,0,d,0,d,30
1995,s,d,d,0,s,0,0,1,3,0,0,3,s,10,s,5,1,2,0,3,1,s,0,2,8,d,d,0,0,d
I277,s,0,8,0,s,0,0,0,3,0,0,3,0,10,s,5,1,2,0,3,1,s,0,2,8,0,22,0,0,30
I278,s,0,8,0,s,0,0,0,3,0,0,3,0,10,s,5,1,2,0,3,1,s,0,2,8,0,22,0,0,30
1073,s,0,8,d,s,6,0,0,3,d,d,3,d,10,s,d,s,2,0,3,1,s,0,2,8,2,d,2,0,30
1072,s,0,d,d,s,0,0,0,3,0,0,3,0,10,s,5,1,2,0,3,1,s,0,2,8,0,22,0,0,30
I279,s,0,8,0,s,0,0,0,3,5,0,3,0,10,s,5,1,2,0,3,1,s,0,2,8,0,22,0,0,30
1187,s,0,8,0,s,0,d,5,d,5,0,3,0,10,s,5,1,2,0,d,1,s,0,2,d,2,22,0,0,30
1186,s,2,8,d,s,0,0,d,3,5,0,3,d,10,s,5,1,d,0,3,1,s,0,2,8,0,22,0,0,d
I280,s,0,8,0,s,0,0,2,3,0,0,3,0,10,s,5,1,0,0,3,1,s,0,2,8,0,22,0,0,0
I281,s,0,8,0,s,0,0,2,3,0,0,3,0,10,s,5,1,0,0,3,1,s,0,2,8,0,22,0,0,0
1318,s,2,8,1,s,0,0,d,d,0,0,3,3,10,s,5,1,0,0,3,1,s,0,2,8,2,22,s,0,1
I283,s,0,8,0,s,0,1,2,3,0,0,3,6,10,s,5,1,1,12,3,1,s,0,2,8,0,22,0,0,0
1181,s,0,s,s,s,d,1,2,d,0,d,3,6,10,s,5,1,1,d,3,1,s,0,2,8,0,22,d,0,0
1180,s,d,d,0,s,30,1,2,d,1,0,3,6,10,s,5,1,1,12,3,1,s,0,2,d,0,22,0,0,0
I284,s,0,8,0,s,0,0,2,3,0,0,3,0,10,s,5,1,0,0,3,1,s,0,2,8,2,22,0,0,0
1772,s,d,8,d,s,0,d,2,3,0,2,3,d,10,s,d,1,0,0,3,1,s,0,2,8,2,22,0,1,0
1474,s,0,8,d,s,0,0,2,3,d,0,3,d,10,s,5,1,0,0,d,1,s,0,2,8,2,d,s,0,0
I287,s,0,8,0,s,0,0,0,6,0,0,3,0,5,2,5,1,0,s,0,1,0,s,2,0,0,22,0,0,0
I288,s,0,8,0,s,0,0,0,6,1,0,3,0,5,2,5,1,0,s,0,1,0,s,2,0,0,22,0,0,0
I289,s,0,8,0,s,0,0,0,6,1,0,3,0,5,2,5,1,0,s,0,1,0,s,2,5,0,22,2,0,0
1488,s,0,8,0,s,0,0,s,6,1,0,3,0,s,2,5,d,0,s,d,1,0,s,2,5,2,22,2,1,s
1604,s,2,8,0,s,0,s,0,6,1,0,3,d,d,2,5,1,d,s,0,1,1,s,2,5,d,22,2,s,0
I300,s,0,8,0,s,2,5,0,6,1,0,3,0,5,2,5,1,0,s,0,1,0,s,2,1,1,22,0,0,0
1493,s,2,8,0,s,2,5,0,6,1,0,3,0,d,2,s,1,0,s,0,d,0,s,2,1,1,22,0,1,0
1238,s,2,8,0,s,2,5,0,6,1,0,3,6,5,d,5,1,0,s,d,1,0,s,2,1,1,22,0,d,0
I303,s,0,8,0,s,0,0,0,6,0,0,3,0,5,2,5,1,0,s,6,1,0,s,2,0,0,22,0,0,0
I304,s,0,8,0,s,0,2,0,6,0,0,3,0,5,2,5,1,0,s,6,1,0,s,2,0,2,22,0,0,0
I305,s,0,8,1,s,0,2,0,6,0,0,3,0,5,2,5,1,0,s,6,1,0,s,2,0,2,22,0,0,0
I306,s,0,8,1,s,0,2,7,6,0,0,3,0,5,2,5,1,0,s,6,1,0,s,2,0,2,22,2,0,0
1799,s,0,8,1,s,0,d,7,6,0,0,3,0,5,2,d,d,0,s,6,1,0,s,2,1,2,22,d,0,0
1798,s,0,8,1,s,0,2,d,d,0,2,3,0,5,2,5,1,0,s,6,1,d,s,2,0,2,22,2,0,0
1807,s,0,8,1,s,20,2,0,6,d,0,3,0,5,2,5,1,0,s,6,1,0,s,2,1,2,22,0,0,1
1840,s,0,8,0,s,0,d,17,6,0,0,s,0,5,2,5,1,d,s,d,1,1,s,s,1,2,22,0,0,s
I310,s,0,8,0,s,0,0,0,6,0,0,3,0,5,2,5,1,0,s,6,1,0,s,2,0,0,22,0,0,0
I311,s,2,8,0,s,0,0,0,6,0,0,3,6,5,2,5,1,2,s,6,1,0,s,2,0,0,22,0,1,2
1744,s,2,8,d,s,0,0,0,6,0,0,3,6,d,2,d,1,2,s,6,1,0,s,2,0,0,22,0,1,2
1368,s,2,8,0,s,d,0,0,6,0,0,d,6,5,2,5,1,2,s,6,1,0,s,2,0,0,22,d,1,2
I314,s,3,8,0,s,0,0,0,6,0,0,3,0,5,2,5,1,0,s,6,1,0,s,2,0,2,22,2,0,19
1783,s,3,8,0,s,30,d,0,6,0,d,d,0,5,2,5,1,0,s,6,1,d,s,d,0,d,22,d,d,19
1888,s,3,8,0,s,d,0,0,6,0,d,d,0,5,2,5,d,2,s,6,1,0,s,2,0,2,22,2,0,19
I317,s,0,8,s,s,0,1,0,0,0,0,3,0,0,2,5,1,0,0,0,0,0,0,2,0,6,22,0,0,0
I318,s,0,8,s,s,0,1,12,0,0,0,3,0,32,2,5,1,0,0,0,0,1,0,2,0,6,22,0,0,0
I319,s,0,8,s,s,0,s,12,0,0,0,3,0,32,2,5,1,0,0,0,0,1,0,2,0,6,22,0,0,0
I320,s,0,8,s,s,5,s,12,s,0,0,3,0,32,2,5,1,0,0,0,0,1,0,2,0,6,22,0,0,0
1374,s,0,8,s,s,5,s,12,s,d,d,3,0,32,2,5,1,s,0,0,1,1,0,2,0,6,22,0,0,0
I324,s,0,8,s,s,5,s,12,s,0,0,3,0,32,2,5,1,2,0,20,0,1,0,2,0,6,s,0,0,0
I325,s,0,8,s,s,5,s,12,s,0,0,3,0,32,2,5,1,2,s,20,0,1,0,2,s,6,s,0,0,0
1455,s,0,d,s,s,d,s,12,s,0,0,3,0,32,2,5,1,2,s,20,0,1,d,2,s,6,s,d,0,0
1454,s,0,8,s,s,5,s,s,s,0,0,3,d,32,d,5,d,2,s,20,0,1,d,2,s,6,s,0,d,0
1429,s,2,8,s,s,d,s,12,s,5,0,3,0,d,s,5,1,2,0,20,0,1,0,d,d,6,s,0,d,0
I327,s,0,8,s,s,0,s,12,0,0,0,3,0,32,2,5,1,0,s,0,0,1,0,2,0,6,22,0,0,s
1128,s,0,8,s,s,s,s,12,14,0,5,3,0,32,2,5,d,2,s,0,3,1,d,d,1,6,22,0,0,s
I331,s,0,8,s,s,0,s,12,0,0,0,3,0,32,2,5,1,0,s,0,0,1,0,2,0,6,22,0,0,s
1141,s,0,8,s,s,0,s,12,0,0,0,3,0,32,2,5,1,0,s,0,d,1,0,2,0,d,22,0,d,s
1539,s,s,8,s,s,d,s,d,0,0,0,d,0,32,d,5,1,0,s,0,0,1,0,2,0,6,d,0,0,s
I334,s,0,8,s,s,0,1,12,0,5,0,3,0,32,2,5,1,0,0,0,0,1,0,2,0,6,22,0,0,0
I335,s,0,8,s,s,0,1,12,0,5,0,3,0,32,2,5,1,0,0,0,0,1,0,2,0,6,22,0,0,13
1976,s,0,d,s,s,1,1,12,0,5,2,3,0,32,2,5,1,d,0,0,0,1,0,2,d,6,22,0,0,13
I339,s,0,8,s,s,0,1,12,0,5,0,3,2,32,2,5,1,0,0,0,0,1,0,2,0,6,22,s,0,13
1664,s,0,d,s,s,d,1,d,d,5,0,3,2,32,2,5,1,0,0,0,d,1,d,2,0,6,22,s,0,13
I341,s,0,8,s,s,12,1,12,0,5,0,3,2,32,2,5,1,0,0,0,0,1,0,2,0,6,22,s,0,13
1899,s,0,8,s,s,12,1,d,0,5,0,d,2,32,d,5,d,d,d,d,0,1,0,2,d,6,22,s,0,13
1898,s,0,8,s,s,d,1,12,0,5,0,3,2,d,2,5,1,0,d,0,0,1,0,2,0,6,22,s,0,13
I342,s,0,8,s,s,0,1,12,0,5,0,3,0,32,2,5,1,0,0,0,0,1,0,2,0,6,22,0,0,0
I344,s,0,8,s,s,0,s,12,0,5,0,3,3,32,2,5,1,0,0,0,0,1,0,2,s,6,22,0,0,0
1735,s,0,d,s,s,0,s,12,0,5,d,3,3,32,2,5,1,d,d,0,0,1,0,2,s,6,22,0,0,0
1734,s,0,8,s,s,0,s,d,0,5,0,3,3,32,2,5,d,0,0,0,0,1,0,2,s,6,22,0,0,0
I346,s,0,8,s,s,0,1,12,0,5,0,3,0,32,2,5,1,0,0,0,0,1,0,2,0,6,22,0,0,0
1936,s,2,8,s,s,0,1,d,0,5,0,3,0,32,d,d,d,0,0,0,0,d,1,d,0,6,22,d,0,0
1498,s,s,d,s,s,0,d,d,0,5,2,3,0,d,2,5,d,d,0,d,0,d,0,2,0,6,22,d,0,0
I349,s,0,8,s,s,0,1,0,0,0,2,3,0,5,2,5,1,0,0,0,0,0,0,2,0,s,22,0,0,0
I350,s,0,8,s,s,0,1,0,0,0,2,3,0,5,2,5,1,0,0,7,0,0,0,2,0,s,22,0,0,0
I351,s,s,8,s,s,0,1,0,0,5,2,3,0,5,2,5,s,0,0,7,0,0,0,2,0,s,22,2,0,0
I352,s,s,8,s,s,0,1,0,0,5,2,3,0,5,2,5,s,0,0,7,0,0,0,2,1,s,22,2,0,19
1713,s,s,8,s,s,d,1,0,0,5,d,d,0,5,2,d,s,0,0,d,0,d,d,d,1,s,22,d,0,d
1768,s,s,8,s,s,d,d,d,0,5,d,3,0,5,2,5,s,0,0,7,0,0,d,2,1,s,22,d,0,d
1685,s,s,d,s,s,6,1,0,0,5,2,d,0,5,2,5,s,0,0,7,0,0,0,2,0,s,22,2,1,1
I358,s,0,8,s,s,0,1,0,0,0,2,3,0,5,2,5,1,0,0,7,3,0,0,2,0,s,22,0,0,0
I359,s,0,8,s,s,6,1,0,0,0,2,3,0,5,2,5,1,0,0,7,3,0,0,2,0,s,22,0,0,0
1166,s,0,8,s,s,6,1,d,0,0,2,d,0,5,d,5,1,2,0,7,d,d,0,2,0,s,22,0,0,d
1136,s,0,d,s,s,6,1,0,d,0,2,3,0,5,2,5,1,0,0,7,s,0,0,2,0,s,22,0,0,0
I363,s,0,8,s,s,27,1,0,0,0,2,3,0,5,2,5,1,2,0,7,3,0,0,2,0,s,22,0,0,s
1219,s,0,8,s,s,27,1,0,0,0,d,3,0,d,2,5,1,2,0,7,3,0,0,2,0,s,22,0,0,s
1218,s,0,8,s,s,27,1,0,0,0,2,3,0,5,2,5,1,2,0,7,d,2,0,2,0,s,22,2,0,s
I365,s,0,8,s,s,0,1,0,0,0,2,3,0,5,2,5,1,0,0,0,0,0,0,2,0,s,22,0,0,0
I366,s,0,8,s,s,0,1,0,0,0,2,3,0,5,2,s,1,0,0,10,0,0,0,2,0,s,22,0,0,11
I367,s,2,8,s,s,0,1,0,0,0,2,3,0,5,2,s,1,0,0,10,0,0,0,2,0,s,22,0,0,11
1651,s,d,8,s,s,4,1,0,d,0,2,3,d,5,2,s,1,0,0,10,0,0,0,2,0,s,d,0,0,11
I369,s,2,8,s,s,0,1,0,0,0,2,3,0,5,2,s,1,0,12,10,0,0,0,2,0,s,22,2,0,11
1525,s,2,8,s,s,0,1,0,0,0,2,3,0,5,2,s,1,0,d,10,0,0,0,2,0,s,22,2,d,11
1524,s,2,8,s,s,0,1,0,0,d,2,3,2,5,2,s,1,0,12,10,0,0,0,2,d,s,22,2,0,11
I370,s,0,8,s,s,0,1,0,0,0,2,3,0,5,2,s,1,0,0,10,0,0,0,2,0,s,22,0,0,11
1941,s,0,8,s,s,0,1,0,0,5,2,3,0,5,2,s,1,0,0,10,0,0,0,2,s,s,d,d,1,11
1445,s,0,8,s,s,0,1,0,0,5,2,3,0,5,2,s,1,2,0,10,0,d,0,2,0,s,22,0,0,11
I373,s,0,8,s,s,0,1,0,0,0,2,3,0,5,2,5,1,0,0,0,0,0,s,2,0,s,22,0,0,0
I374,s,0,8,s,s,0,1,0,0,0,2,3,0,5,2,5,1,0,0,0,0,0,s,2,0,s,22,0,0,0
1347,s,0,8,s,s,0,d,15,0,0,d,3,0,5,2,5,1,0,2,d,0,0,s,2,1,s,22,0,0,0
I376,s,0,8,s,s,0,1,0,0,0,2,3,0,5,2,5,1,0,0,10,0,0,s,2,0,s,22,0,1,0
1085,s,0,d,s,s,0,1,0,d,0,2,3,0,5,2,5,1,0,0,10,1,0,s,2,0,s,22,0,1,30
1084,s,0,8,s,s,0,1,d,0,0,2,3,0,s,2,5,1,0,0,10,0,1,s,2,0,s,22,0,1,0
I377,s,2,8,s,s,0,1,0,0,0,2,3,0,5,2,5,1,0,0,0,0,0,s,2,0,s,22,0,0,13
1391,s,2,8,s,s,0,1,0,0,0,2,d,0,5,2,d,1,0,0,0,0,0,s,2,0,s,22,0,0,13
I379,s,2,8,s,s,0,1,0,0,0,2,3,0,5,2,5,1,0,8,0,0,2,s,2,0,s,22,0,6,13
1077,s,2,8,s,s,0,d,0,d,0,2,3,0,5,2,5,1,d,8,0,0,2,s,2,d,s,22,0,6,13
1076,s,2,8,s,s,0,1,0,0,0,2,3,3,5,d,d,d,0,8,0,0,2,s,2,0,s,d,0,6,13
I380,0,0,0,0,s,0,0,0,0,0,0,3,0,0,0,0,0,0,0,0,0,0,2,0,0,0,22,0,0,0
I381,2,0,0,0,s,0,0,0,0,0,2,3,2,0,0,32,0,0,0,0,0,0,2,0,0,0,22,0,0,s
I382,2,0,0,0,s,0,0,0,0,s,2,3,2,0,0,32,0,0,0,0,0,0,2,0,0,0,22,0,0,s
I383,2,0,4,0,s,0,0,0,0,s,2,3,2,0,0,32,0,0,0,0,0,0,2,0,0,0,22,0,0,s
I384,2,0,4,0,s,0,2,0,0,s,2,3,2,0,0,32,4,0,0,0,0,0,2,0,0,0,22,0,0,s
I385,2,0,4,0,s,0,2,0,0,s,2,3,2,0,0,32,4,0,0,0,0,0,2,0,0,0,22,0,0,s
1838,2,0,4,d,s,0,2,0,0,s,d,3,2,0,0,d,d,s,4,0,0,d,2,0,0,d,22,0,d,s
1567,2,0,4,0,s,16,2,1,8,s,2,3,d,0,0,32,4,0,0,0,0,s,2,0,8,0,22,0,0,s
I389,2,0,4,0,s,0,2,0,0,s,2,3,2,0,2,32,4,2,0,0,0,s,2,0,0,0,22,0,0,s
1791,d,0,4,d,s,0,2,0,0,s,2,3,2,0,2,32,4,2,0,0,0,s,d,0,0,d,d,0,d,s
1790,2,0,4,0,s,0,2,d,0,s,2,3,d,0,2,32,4,2,d,0,0,s,2,0,1,d,22,0,0,s
I391,2,0,4,0,s,0,0,0,0,s,2,3,2,0,2,32,0,0,0,0,0,0,2,0,0,2,22,0,0,s
I392,2,0,4,0,s,0,0,0,0,s,2,3,2,0,2,32,0,0,0,22,0,0,2,0,0,2,22,0,0,s
1675,2,0,4,0,s,0,0,0,0,s,d,3,2,0,d,32,0,s,0,22,0,0,2,0,0,2,22,0,0,s
1741,d,0,4,0,s,0,s,0,0,s,2,3,2,0,2,32,0,0,0,22,0,0,2,0,0,2,22,s,d,s
I395,2,2,4,0,s,16,0,0,0,s,2,3,2,0,2,32,0,0,0,0,3,0,2,0,1,2,22,0,0,s
1593,s,2,4,0,s,16,d,0,0,s,2,3,s,0,2,32,s,0,0,0,3,0,2,0,1,d,22,0,0,s
I397,2,2,4,0,s,16,0,0,0,s,s,3,2,0,2,32,0,0,0,0,3,0,2,0,1,2,22,0,1,s
1711,d,2,4,0,s,16,0,5,0,s,s,3,2,0,2,d,0,0,0,0,3,0,2,0,1,2,22,0,1,s
1710,d,2,4,0,s,d,0,0,0,s,s,3,2,0,2,32,d,0,d,0,d,1,2,0,1,d,22,0,1,s
I398,2,s,0,0,s,0,0,0,0,s,2,3,2,0,0,32,0,0,0,0,0,0,2,0,0,0,22,0,0,s
I399,2,s,0,0,s,0,0,0,0,s,2,3,2,0,0,32,0,1,0,0,0,0,2,7,0,0,22,0,0,s
I400,2,s,4,0,s,0,0,0,s,s,2,3,2,5,0,32,0,1,s,0,0,1,2,7,1,0,22,0,0,s
I401,2,s,4,0,s,0,0,0,s,s,2,3,2,5,0,32,0,1,s,20,0,1,2,7,1,0,22,0,0,s
1933,2,s,4,0,s,0,d,0,s,s,2,3,d,5,0,32,0,1,s,20,0,1,2,7,1,0,22,0,0,s
1932,2,s,d,0,s,0,0,0,s,s,d,3,2,5,0,32,d,1,s,20,0,1,2,7,1,0,d,0,0,s
1895,2,s,d,0,s,d,0,0,s,s,2,3,2,5,s,d,0,1,s,d,0,1,2,d,1,0,s,0,d,s
I403,2,s,0,0,s,0,0,2,0,s,2,3,2,0,0,32,0,s,0,3,0,0,2,7,0,0,22,0,1,s
1788,s,s,0,0,s,0,d,2,14,s,2,3,2,0,0,32,0,s,0,d,0,0,d,7,0,0,22,d,1,s
1881,2,s,0,0,s,0,0,2,0,s,2,d,2,5,0,d,0,s,12,3,0,0,2,7,0,0,22,0,1,s
I406,2,s,0,0,s,0,0,0,0,s,2,3,2,0,0,32,1,0,0,0,0,0,2,0,1,0,22,0,0,s
I407,2,s,0,0,s,0,9,0,0,s,2,3,2,0,0,32,1,0,0,0,1,0,2,0,1,0,22,0,0,s
I408,2,s,0,0,s,0,9,0,12,s,2,3,2,0,0,32,1,0,1,0,1,0,2,0,1,0,22,0,0,s
1689,d,s,0,0,s,0,9,0,12,s,2,3,2,d,0,32,1,0,1,0,d,0,2,d,1,0,22,0,0,s
1688,2,s,0,0,s,0,9,0,12,s,2,d,2,d,0,32,1,0,d,0,d,1,2,0,1,0,22,0,0,s
1901,s,s,0,0,s,0,9,0,0,s,2,d,2,10,0,32,1,d,0,0,1,0,2,0,1,0,s,2,0,s
I410,2,s,0,0,s,0,0,0,0,s,2,3,2,0,0,32,1,0,0,0,0,0,2,0,1,0,22,0,0,s
1829,2,s,4,0,s,0,0,0,0,s,2,3,2,0,0,32,1,0,0,0,0,0,2,d,1,0,22,2,d,s
1983,2,s,0,1,s,0,0,0,d,s,2,3,d,0,d,32,d,0,0,0,s,1,2,0,1,0,22,0,0,s
I413,2,0,0,0,s,0,0,0,0,0,2,3,2,0,0,32,1,0,0,10,0,0,2,0,0,0,22,0,0,s
I414,2,0,5,0,s,0,0,0,0,0,2,3,2,0,0,32,1,0,0,10,0,1,2,0,0,0,22,0,0,s
I415,2,0,5,0,s,0,0,0,0,0,2,3,2,0,0,32,1,0,0,10,0,1,2,0,0,0,22,0,0,s
1414,2,0,5,0,s,6,0,d,0,0,2,3,s,0,0,32,d,0,d,10,0,1,2,0,d,d,22,0,d,s
1285,2,s,5,0,s,0,9,d,0,0,2,s,2,0,0,32,1,0,0,10,0,1,2,d,0,0,22,0,d,s
I422,2,0,5,0,s,0,0,0,0,0,2,3,2,0,0,32,1,0,0,10,0,1,2,0,0,0,22,2,0,s
1208,2,0,5,s,s,0,0,0,0,1,2,3,d,0,0,32,1,0,10,10,0,1,d,0,1,s,d,2,d,s
I426,2,0,5,0,s,0,0,0,0,0,2,3,2,0,0,32,1,0,0,10,0,1,2,3,0,0,22,2,1,s
1157,2,2,5,3,s,0,0,d,0,0,2,3,d,36,0,32,1,0,0,10,d,1,2,3,0,0,22,2,1,s
I428,2,2,5,0,s,0,0,12,0,5,2,3,2,0,0,32,1,0,3,10,1,1,2,3,0,0,22,2,1,s
1109,2,d,5,0,s,0,d,12,6,5,2,d,2,0,0,32,1,0,3,10,1,1,d,3,5,0,22,2,1,s
1108,s,2,5,0,s,0,0,12,0,5,s,3,2,0,0,d,1,0,3,10,1,1,2,3,0,0,22,d,1,s
I429,2,0,0,0,s,0,0,0,0,0,2,3,2,0,0,32,1,0,0,10,0,0,2,0,0,0,22,0,0,s
I430,2,0,0,2,s,0,0,0,0,0,2,3,s,0,0,32,1,0,0,10,0,0,2,2,0,0,22,0,0,s
I431,2,0,0,2,s,0,0,1,0,5,2,3,s,0,0,32,1,0,0,10,0,1,2,2,0,0,22,0,0,s
I432,2,0,0,2,s,0,0,1,0,5,2,3,s,0,0,32,1,0,0,10,0,1,2,2,0,0,22,0,0,s
1409,2,0,0,2,s,0,16,1,d,5,d,3,s,0,d,32,d,d,0,d,3,1,2,2,0,0,22,0,0,s
1408,2,0,0,2,s,0,d,1,0,5,2,3,s,d,0,32,1,0,0,10,0,1,2,d,0,0,22,0,d,s
1690,2,d,0,d,s,0,0,1,d,5,d,3,s,0,d,32,1,0,0,10,0,1,2,2,0,0,22,0,1,s
I436,2,0,0,2,s,0,0,0,0,0,2,3,s,36,0,s,1,2,0,10,0,0,2,2,0,0,22,2,s,s
1585,2,0,d,2,s,0,d,0,0,0,2,3,s,36,0,s,1,2,0,10,0,0,2,2,0,0,22,d,s,s
1584,2,0,0,2,s,0,0,0,0,0,2,3,s,36,d,s,1,2,0,10,0,0,2,2,0,0,22,d,s,s
I441,2,0,0,0,s,7,0,0,0,0,2,3,2,0,0,32,1,0,0,10,s,0,2,s,0,0,22,0,1,s
1975,2,0,d,0,s,7,0,0,0,0,s,3,2,0,d,32,1,d,0,10,s,0,d,s,0,0,22,d,1,s
I443,2,0,0,0,s,7,0,0,0,5,2,3,2,0,0,32,1,0,0,10,s,1,2,s,0,0,22,0,1,s
1543,2,0,d,0,s,d,0,11,0,5,2,3,2,0,0,32,1,0,0,10,s,1,2,s,0,0,22,d,1,s
1542,2,0,0,d,s,7,d,0,0,5,d,d,d,0,0,32,d,0,d,10,s,1,2,s,0,0,22,0,s,s
I444,0,0,s,0,s,0,6,0,0,0,0,3,0,0,0,0,0,0,0,0,0,0,2,0,0,0,22,0,0,11
I445,0,0,s,0,s,0,6,0,0,5,0,3,0,0,0,0,1,0,0,0,0,0,2,0,0,0,22,0,0,11
I446,0,0,s,0,s,0,6,8,0,5,0,3,0,0,0,8,1,0,0,0,0,0,2,0,0,0,22,0,0,11
I447,0,0,s,0,s,0,6,8,0,5,0,3,0,0,0,8,1,0,0,0,0,0,2,0,0,0,22,0,0,11
I448,0,0,s,0,s,0,6,8,0,5,0,3,s,0,0,8,1,0,0,0,0,0,2,0,0,2,s,0,0,11
1480,2,1,s,0,s,0,6,8,0,d,0,3,s,0,d,8,1,0,d,0,0,0,2,0,0,2,s,s,1,11
I450,2,0,s,0,s,0,6,8,0,5,0,3,s,0,0,8,1,0,0,0,0,0,2,0,0,2,s,0,0,11
1273,2,0,s,0,s,0,6,8,0,5,0,3,s,0,0,d,1,0,0,0,0,d,2,0,0,2,s,d,0,11
1272,2,0,s,0,s,0,6,d,d,5,0,3,s,0,0,8,1,d,0,0,0,1,2,d,0,2,s,0,0,11
1152,s,0,s,0,s,0,s,8,11,5,0,3,3,d,0,8,1,d,16,0,0,0,2,0,d,0,22,2,0,11
I454,0,0,s,0,s,0,6,8,0,5,0,3,0,0,0,8,1,2,s,0,0,0,2,0,0,3,22,0,0,11
1820,0,0,s,d,s,5,6,d,0,5,0,d,0,0,d,d,1,2,s,15,0,0,d,0,0,3,22,2,0,11
I459,s,0,s,0,s,0,6,8,0,5,1,3,0,0,0,8,1,2,s,0,0,0,2,1,0,3,22,0,0,11
2025,s,d,s,0,s,0,d,8,0,5,d,d,0,0,0,d,1,2,s,d,0,0,2,d,d,3,22,0,0,d
2024,s,0,s,d,s,0,6,8,0,5,1,3,0,0,d,8,1,2,s,0,0,0,d,1,0,3,22,0,0,11
I461,0,0,s,0,s,0,6,0,6,5,8,3,0,0,0,0,1,0,0,0,0,0,2,0,0,0,22,0,0,11
I462,0,0,s,1,s,0,6,0,6,5,8,3,0,0,0,0,1,2,0,0,s,1,2,5,0,0,22,0,0,11
1564,d,s,s,1,s,0,d,0,6,5,d,3,0,0,s,d,1,2,0,0,s,1,2,5,0,0,22,0,d,11
1771,0,2,s,1,s,0,6,0,d,5,8,3,0,0,0,0,d,2,0,0,s,1,d,5,5,0,22,0,0,d
I469,0,2,s,0,s,0,6,0,6,5,8,3,0,0,0,0,1,0,0,4,1,1,2,0,0,0,22,0,0,11
I470,0,2,s,0,s,0,6,0,6,5,8,3,2,0,2,0,1,0,0,4,1,1,2,0,0,0,22,0,0,11
1653,0,s,s,0,s,0,6,0,6,5,8,3,2,0,2,d,1,0,0,4,1,d,d,d,0,0,22,0,s,11
1618,2,2,s,0,s,0,6,0,6,d,8,3,2,0,2,0,1,0,0,4,1,1,d,d,0,0,22,0,0,11
I473,0,2,s,0,s,0,6,0,6,5,8,3,7,0,0,s,1,0,0,4,1,1,2,0,0,0,22,s,0,11
I474,0,2,s,0,s,0,6,0,6,5,8,3,7,0,0,s,1,0,0,4,1,1,2,0,0,0,22,s,0,11
1853,0,2,s,0,s,0,6,0,6,5,d,d,d,0,d,s,1,d,0,d,1,1,2,0,0,0,22,s,0,11
1852,0,2,s,0,s,d,d,0,6,d,8,3,7,d,d,s,1,0,0,4,1,d,d,0,0,0,22,s,0,11
I475,0,2,s,0,s,0,6,1,6,5,8,3,7,0,s,s,1,0,0,4,1,1,2,0,0,0,22,s,1,11
1915,d,2,s,0,s,0,6,1,6,5,8,d,7,0,s,s,1,0,0,4,1,1,2,0,0,0,22,s,1,11
1914,0,2,s,0,s,0,6,1,6,5,8,3,7,0,s,s,1,0,0,4,d,1,d,0,0,0,22,s,1,11
I476,0,0,s,0,s,0,6,0,16,5,0,3,0,0,2,0,0,0,0,0,1,0,2,7,0,0,22,0,0,s
I477,0,0,s,0,s,0,6,0,16,5,0,3,0,0,2,0,0,0,0,0,1,0,2,7,0,0,22,0,0,s
1502,0,0,s,0,s,0,6,0,16,d,0,3,0,0,2,0,0,0,22,d,1,0,2,7,0,0,22,0,0,s
I485,0,0,s,0,s,0,6,0,16,5,0,3,3,0,2,0,0,0,0,0,1,0,2,7,0,0,22,0,0,s
I486,2,0,s,0,s,0,6,0,16,5,0,3,3,0,2,0,1,0,0,0,1,0,2,7,0,0,22,0,1,s
1809,2,0,s,0,s,5,6,0,16,5,2,3,d,22,d,0,1,d,0,0,1,0,2,7,0,0,s,d,d,s
1708,d,0,s,0,s,0,d,d,16,5,0,3,3,0,d,0,1,0,8,0,1,0,d,7,d,0,22,0,1,s
1751,0,d,s,1,s,0,6,0,16,5,0,3,3,0,d,0,0,2,0,0,1,0,2,7,0,0,22,d,d,s
I492,0,2,s,0,s,0,6,0,16,5,0,3,0,0,2,0,0,0,0,0,1,1,2,7,0,0,22,0,1,s
I493,0,2,s,0,s,0,6,0,16,5,0,3,0,5,2,0,0,0,0,0,1,1,2,7,0,3,22,0,1,s
I496,0,2,s,0,s,0,6,8,16,5,0,3,0,5,2,0,1,0,0,0,1,1,2,7,0,3,22,0,1,s
1959,0,2,s,d,s,0,6,8,d,5,0,3,0,5,2,0,1,0,0,0,1,1,2,7,0,3,22,0,1,s
1958,0,2,s,0,s,0,6,8,16,5,0,3,0,5,2,0,1,0,0,0,1,1,2,d,0,d,d,0,1,s
I497,0,2,s,0,s,0,6,0,16,5,0,3,0,s,2,0,0,0,0,0,1,1,2,7,0,3,22,0,1,s
1611,0,2,s,0,s,0,6,0,16,5,0,3,0,s,2,0,0,d,0,0,d,1,2,7,d,3,d,0,1,s
1479,0,d,s,0,s,0,s,0,16,5,0,3,0,s,2,7,1,0,d,0,1,d,d,7,0,3,22,0,1,s
I500,0,2,s,s,s,0,6,0,16,5,0,3,0,0,2,0,0,0,0,21,1,1,2,7,0,0,22,0,1,s
I501,2,2,s,s,s,25,6,5,16,5,0,3,0,0,2,0,0,0,0,21,s,1,2,7,0,0,22,0,1,s
2041,2,2,s,s,s,25,6,d,16,d,0,3,0,0,2,s,0,0,0,d,s,1,d,7,0,0,22,0,1,s
2001,2,2,s,s,s,25,6,5,16,5,0,3,0,0,d,0,0,0,0,21,s,d,2,7,0,0,s,0,1,s
I504,0,2,s,s,s,0,6,0,16,5,0,s,0,0,2,0,0,0,0,21,1,1,2,7,0,2,22,0,1,s
1659,0,2,s,s,s,0,6,d,16,5,0,s,0,0,2,0,d,0,0,21,1,1,2,7,0,2,22,0,1,s
I506,2,2,s,s,s,0,6,0,16,5,0,s,0,0,2,0,0,0,16,21,1,1,2,7,0,2,22,0,1,s
1905,2,2,s,s,s,0,6,0,16,5,0,s,d,d,2,0,0,0,16,21,1,1,2,7,0,d,22,0,1,s
1904,d,2,s,s,s,0,6,d,16,5,0,s,0,0,2,0,d,d,16,21,1,1,2,7,0,2,22,0,1,s
I507,0,0,0,0,0,0,0,12,0,0,s,3,0,0,0,0,0,0,0,0,0,0,0,0,0,0,0,0,0,0
I508,0,s,0,0,0,0,0,12,0,0,s,s,0,0,0,0,0,1,0,s,1,0,0,0,0,0,0,0,0,s
I509,0,s,0,0,0,0,0,12,0,0,s,s,0,0,0,0,0,1,0,s,1,1,0,0,0,0,0,0,1,s
I510,0,s,0,0,0,0,0,12,0,0,s,s,0,15,0,0,0,1,0,s,1,1,0,0,0,0,0,2,1,s
I511,0,s,2,0,0,0,0,12,0,0,s,s,0,15,0,19,0,1,19,s,1,1,0,0,0,0,0,2,1,s
I512,0,s,2,0,0,0,0,12,17,0,s,s,0,15,0,19,0,1,19,s,1,1,0,0,0,0,0,2,1,s
I513,0,s,2,0,1,0,0,12,17,0,s,s,0,15,0,19,0,1,19,s,1,s,0,0,1,0,0,2,1,s
I514,0,s,2,0,1,0,0,12,17,0,s,s,0,15,0,19,0,1,19,s,1,s,0,0,1,0,0,2,1,s
1066,2,s,2,0,1,0,s,12,17,0,s,s,0,d,0,19,1,1,19,s,s,s,0,0,d,0,0,2,1,s
I516,0,s,2,0,1,0,0,12,17,0,s,s,0,15,0,19,0,1,19,s,1,s,0,0,1,0,15,2,1,s
1065,0,s,2,0,1,0,0,12,17,0,s,s,0,d,0,19,0,d,19,s,1,s,0,0,1,d,15,2,1,s
1064,0,s,2,0,1,0,12,12,17,0,s,s,0,15,2,19,0,1,19,s,1,s,0,0,1,0,15,2,1,s
1106,2,s,2,0,s,0,0,12,17,0,s,s,0,15,0,19,0,1,19,s,1,s,0,d,1,0,10,2,1,s
I524,0,s,2,0,0,0,0,12,17,0,s,s,0,15,0,19,0,1,19,s,1,1,0,0,0,s,6,2,1,s
I525,0,s,2,0,1,0,0,12,17,0,s,s,0,15,0,19,1,1,19,s,1,1,0,0,0,s,6,2,1,s
1355,0,s,2,0,1,0,0,12,17,0,s,s,2,15,0,19,d,1,19,s,1,1,0,0,0,s,6,2,1,s
1354,0,s,2,0,1,0,0,d,17,0,s,s,0,15,0,19,d,1,19,s,1,d,0,0,0,s,d,2,1,s
1586,2,s,2,0,0,0,0,12,s,5,s,s,d,15,0,19,0,1,19,s,1,1,0,0,0,s,6,2,1,s
I527,0,s,2,1,0,0,0,12,0,5,s,s,0,15,0,19,0,1,19,s,1,1,0,0,0,0,0,2,1,s
I528,0,s,2,1,0,0,0,12,0,5,s,s,0,15,0,19,0,1,19,s,1,1,0,0,0,0,0,2,1,s
I529,0,s,2,1,0,0,0,12,6,5,s,s,0,15,0,19,0,1,19,s,1,1,0,0,0,0,0,2,1,s
1381,0,s,2,1,0,0,0,d,s,5,s,s,0,d,0,19,0,1,19,s,1,1,0,0,0,0,d,2,1,s
1655,0,s,2,1,0,0,d,12,d,5,s,s,0,15,0,19,0,1,19,s,1,1,0,2,11,0,0,2,1,s
I532,2,s,2,1,0,0,0,12,0,5,s,s,0,15,0,19,0,1,19,s,1,1,0,0,0,0,0,2,1,s
I533,2,s,2,1,0,0,3,12,8,5,s,s,0,15,0,19,0,1,19,s,1,1,0,0,0,2,0,2,1,s
1389,2,s,2,1,d,d,3,12,8,5,s,s,0,d,0,19,0,1,19,s,1,1,d,0,0,d,0,2,1,s
1388,2,s,d,1,0,0,3,12,8,5,s,s,0,d,2,19,d,1,19,s,1,1,0,0,0,2,0,2,d,s
1393,2,s,d,1,d,0,0,12,0,5,s,s,0,15,2,19,0,1,19,s,1,1,0,0,0,0,0,2,1,s
I535,0,s,2,1,0,0,0,12,0,5,s,s,0,15,0,19,0,1,19,s,1,1,0,2,0,0,0,2,1,s
I536,0,s,2,1,0,0,0,12,0,5,s,s,0,15,0,19,0,1,19,s,1,1,0,2,0,0,0,2,1,s
I537,0,s,2,1,0,1,0,12,0,5,s,s,0,15,0,19,0,1,19,s,1,1,11,2,0,0,0,2,1,s
1211,0,s,2,1,0,d,0,12,0,5,s,s,0,15,0,19,0,1,19,s,1,1,11,2,0,0,0,2,1,s
1210,0,s,2,1,0,1,0,12,0,5,s,s,0,s,d,19,d,1,d,s,d,1,11,2,0,0,0,2,1,s
I538,0,s,2,1,0,0,1,12,0,5,s,s,0,15,0,19,0,1,19,s,1,1,0,2,0,0,0,2,1,s
1237,0,s,2,1,0,0,1,12,d,d,s,s,0,d,2,d,d,1,d,s,1,d,0,d,0,0,0,2,1,s
1236,d,s,2,1,0,0,1,12,0,5,s,s,0,15,0,d,0,d,19,s,1,1,0,2,0,0,0,2,1,s
I539,0,s,2,1,0,0,0,12,0,5,s,s,0,15,0,19,0,1,19,s,1,1,2,2,0,0,1,2,1,s
1155,0,s,2,1,0,0,0,12,0,5,s,s,0,d,2,19,d,1,19,s,1,1,2,2,d,2,1,2,d,s
1174,d,s,2,d,0,0,0,12,d,5,s,s,0,15,0,19,d,1,d,s,1,1,2,2,8,2,1,2,1,s
I542,0,s,0,0,0,0,0,12,0,0,s,s,0,15,0,0,0,1,0,s,1,1,0,0,0,0,0,2,1,s
I543,0,s,5,0,0,0,0,12,0,0,s,s,0,15,0,0,0,1,0,s,1,1,0,0,0,0,0,2,1,s
I544,0,s,5,0,0,0,0,12,0,0,s,s,0,15,0,0,0,1,0,s,1,1,5,0,0,0,0,s,1,s
1183,d,s,5,1,0,31,0,12,d,0,s,s,s,15,2,25,0,1,0,s,d,s,5,0,0,d,4,s,1,s
I548,0,s,5,1,1,0,0,12,0,0,s,s,0,15,0,0,0,1,0,s,1,1,5,0,0,0,0,s,1,s
I549,0,s,5,1,1,0,0,12,20,0,s,s,0,15,0,0,0,1,0,s,1,1,5,0,0,0,6,s,1,s
1047,0,s,5,s,1,0,s,12,20,0,s,s,0,15,d,0,1,1,0,s,1,1,5,0,0,0,d,s,1,s
2047,0,s,5,1,1,0,0,12,d,0,s,s,0,15,0,0,0,1,0,s,1,1,5,0,0,0,6,s,1,s
1127,0,s,5,d,1,0,6,12,d,0,s,s,d,15,2,d,0,d,0,s,1,1,5,0,d,0,0,s,1,s
I552,0,s,5,0,0,0,0,12,0,0,s,s,0,15,0,0,0,1,0,s,1,1,8,0,0,0,0,2,1,s
1089,0,s,5,0,0,0,40,12,0,0,s,s,0,15,0,27,0,1,0,s,s,1,8,0,d,0,0,2,1,s
I556,0,s,5,0,0,0,0,12,0,0,s,s,3,15,0,0,0,1,0,s,1,1,8,0,0,0,0,2,1,s
1266,0,s,5,0,0,0,0,12,0,d,s,s,d,15,0,0,0,1,0,s,1,d,8,0,0,0,0,2,d,s
I558,0,s,5,0,0,0,0,12,0,0,s,s,3,15,s,0,0,1,0,s,1,1,8,0,0,0,0,2,1,s
I559,0,s,5,0,0,0,0,12,s,0,s,s,3,15,s,0,0,1,0,s,1,1,8,0,0,0,0,2,1,s
2017,0,s,5,0,0,0,0,12,s,0,s,s,3,15,s,0,0,1,0,s,1,1,8,0,0,0,d,2,1,s
2016,0,s,5,0,0,0,0,12,s,0,s,s,3,15,s,0,0,d,0,s,1,1,8,0,0,0,0,d,d,s
I560,0,s,5,0,0,0,0,12,0,0,s,s,3,15,s,0,0,1,0,s,1,1,8,0,1,0,0,2,1,s
2039,0,s,5,0,0,0,0,12,0,d,s,s,3,15,s,d,0,1,0,s,1,1,8,0,1,0,0,2,1,s
2038,0,s,d,0,0,0,0,12,d,0,s,s,d,15,s,0,d,1,0,s,1,1,8,0,d,0,0,2,1,s
I561,0,s,5,0,0,0,6,12,0,0,s,s,0,15,0,25,0,1,0,s,1,1,0,0,0,0,0,2,1,s
I562,0,s,5,0,0,0,6,12,0,0,s,s,0,15,0,25,0,1,0,s,1,1,0,0,0,0,0,2,1,s
I564,0,s,5,s,1,16,6,12,16,0,s,s,0,15,2,s,0,1,0,s,1,1,9,2,0,0,0,2,1,s
1195,0,s,5,s,1,16,6,12,16,d,s,s,0,15,2,s,d,1,0,s,d,1,9,2,d,d,d,2,1,s
1194,0,s,5,s,1,16,6,12,16,0,s,s,3,15,2,s,0,d,d,s,1,d,9,2,0,d,0,d,d,s
I566,0,s,5,3,1,13,6,12,0,0,s,s,3,15,0,25,s,1,0,s,1,1,0,0,0,0,0,2,1,s
1400,0,s,5,3,1,13,d,d,0,0,s,s,d,s,0,25,s,d,0,s,1,1,0,0,0,0,0,2,1,s
I568,0,s,s,3,1,13,6,12,0,5,s,s,3,15,0,25,s,1,0,s,1,1,0,0,0,2,6,2,1,s
1517,0,s,s,3,1,13,6,12,0,5,s,s,3,15,0,25,s,1,0,s,1,1,0,0,0,2,6,d,1,s
1516,0,s,s,3,d,13,d,12,0,5,s,s,3,15,0,25,s,1,0,s,d,1,0,0,0,2,6,2,1,s
I569,0,s,5,0,0,0,6,12,0,0,s,s,0,15,0,25,0,1,22,s,1,1,0,0,0,2,0,2,1,s
1353,0,s,d,0,s,0,d,12,0,0,s,s,d,15,0,25,0,1,22,s,1,1,d,0,d,2,0,d,1,s
I573,0,s,5,0,0,0,6,12,0,0,s,s,0,15,0,25,0,1,22,s,1,1,0,0,0,2,22,2,1,s
1551,0,s,5,0,d,0,6,d,0,0,s,s,0,15,0,25,3,1,22,s,1,1,0,d,1,2,d,d,1,s
I575,0,s,5,0,0,0,6,12,0,0,s,s,3,15,0,25,0,1,22,s,1,1,11,0,0,2,22,2,1,s
1197,2,s,5,0,0,0,6,12,d,0,s,s,3,15,0,25,0,1,22,s,1,1,11,7,0,2,22,2,1,s
1196,0,s,5,0,1,0,6,12,0,0,s,s,3,15,0,25,0,1,22,s,1,1,11,0,0,2,22,2,1,s
I576,0,s,0,0,0,0,0,12,0,0,s,s,0,0,0,0,0,1,0,s,1,1,8,0,5,0,0,0,1,s
I577,0,s,0,0,0,0,3,12,0,0,s,s,0,0,0,0,1,1,0,s,1,1,8,s,5,0,0,0,1,s
I578,0,s,4,0,0,0,3,12,0,0,s,s,0,0,0,0,1,1,0,s,1,1,8,s,5,0,0,0,1,s
I579,0,s,4,0,0,0,3,12,0,0,s,s,0,0,0,18,1,1,0,s,1,1,8,s,s,0,0,0,1,s
I580,0,s,4,0,0,0,3,12,0,0,s,s,0,5,0,18,1,1,0,s,1,1,8,s,s,0,0,2,1,s
1834,d,s,4,d,0,0,3,12,0,0,s,s,0,5,0,18,1,1,0,s,1,1,8,s,s,0,0,2,1,s
1670,0,s,4,d,1,16,3,12,0,0,s,s,d,5,2,18,d,d,0,s,1,1,8,s,s,0,0,2,1,s
1949,0,s,4,0,1,7,3,12,6,s,s,s,0,0,d,18,1,1,0,s,1,1,8,s,s,0,0,d,1,s
I590,0,s,s,1,0,0,3,12,0,0,s,s,0,0,0,0,1,1,0,s,1,1,8,s,5,6,0,0,1,s
I591,0,s,s,1,1,25,3,12,0,0,s,s,0,0,0,0,1,1,0,s,s,s,8,s,5,6,10,0,1,s
1911,d,s,s,1,1,25,3,d,0,0,s,s,0,0,2,0,d,d,0,s,s,s,8,s,5,d,10,0,d,s
1910,d,s,s,1,1,25,3,12,0,0,s,s,0,0,0,0,1,1,d,s,s,s,d,s,d,6,10,0,1,s
1341,d,s,s,1,0,d,3,d,0,d,s,s,0,d,0,0,1,1,0,s,1,1,d,s,5,6,0,0,1,s
I593,0,s,0,0,0,0,3,12,0,0,s,s,0,0,0,0,1,1,0,s,1,1,8,s,5,0,22,0,1,s
I594,2,s,0,0,1,0,3,12,0,0,s,s,0,0,0,0,1,1,3,s,1,1,8,s,5,0,22,0,1,s
I597,2,s,5,0,1,5,3,12,8,5,s,s,3,0,0,0,1,1,3,s,1,1,8,s,5,0,22,0,1,s
2010,2,s,d,0,d,5,3,12,d,5,s,s,3,0,s,0,1,1,3,s,d,1,8,s,d,0,22,0,1,s
2002,2,s,5,0,1,5,3,d,8,5,s,s,3,0,0,d,d,1,d,s,d,1,8,s,5,0,22,0,1,s
I600,2,s,0,0,1,0,3,12,0,5,s,s,0,0,0,0,1,1,3,s,s,1,8,s,5,0,22,0,1,s
1216,2,s,4,1,1,0,3,d,0,5,s,s,0,d,d,0,d,d,d,s,s,1,8,s,5,0,22,s,d,s
1326,d,s,0,0,1,0,3,12,d,5,s,s,0,0,2,d,1,1,3,s,s,1,d,s,d,0,22,0,d,s
I603,0,s,0,0,1,0,3,12,0,0,s,s,0,0,0,0,1,1,0,s,1,1,8,s,5,0,22,0,1,s
I604,0,s,0,0,1,0,3,12,0,0,s,s,0,0,0,0,1,1,0,s,1,1,8,s,5,0,22,0,1,s
I605,0,s,0,0,1,0,3,12,0,0,s,s,0,0,0,0,1,1,0,s,1,1,8,s,5,s,22,0,1,s
1419,0,s,0,0,1,0,3,12,0,0,s,s,0,5,0,0,1,1,0,s,1,1,8,s,d,s,22,0,1,s
1418,d,s,0,0,1,0,3,12,0,d,s,s,0,0,0,27,1,1,0,s,1,1,8,s,d,s,d,0,1,s
1087,0,s,0,0,1,0,3,12,8,5,s,s,d,0,2,0,1,d,d,s,1,d,8,s,5,0,22,0,1,s
I607,0,s,0,0,1,0,3,12,0,0,s,s,0,0,0,0,1,1,0,s,1,1,8,s,5,0,22,0,1,s
1207,0,s,0,d,1,0,3,12,14,0,s,s,0,3,0,0,1,1,0,s,1,d,8,s,5,d,22,0,1,s
1179,0,s,0,1,1,0,3,12,0,d,s,s,3,0,0,0,1,1,d,s,1,1,8,s,5,d,22,0,1,s
I610,0,s,4,0,0,0,0,12,0,0,s,s,0,0,0,0,0,1,0,s,1,1,8,0,5,2,0,2,1,s
I611,0,s,4,0,0,0,0,12,14,0,s,s,0,0,0,0,0,1,0,s,1,1,8,0,5,2,0,2,1,s
I612,0,s,4,0,0,0,0,12,14,0,s,s,3,0,0,0,0,1,0,s,1,1,8,0,5,s,0,2,1,s
I615,2,s,4,0,0,0,0,12,14,0,s,s,3,0,0,0,1,1,0,s,1,1,8,0,5,s,0,2,1,s
1383,2,s,4,0,0,0,0,12,14,0,s,s,3,0,0,0,1,1,d,s,1,1,8,d,d,s,d,2,d,s
1382,2,s,4,0,0,6,0,d,14,0,s,s,3,0,0,0,1,1,0,s,1,1,d,0,5,s,27,2,1,s
I616,0,s,4,0,0,0,0,12,14,0,s,s,3,0,0,0,0,1,0,s,1,1,8,0,5,s,0,2,1,s
1453,0,s,4,0,0,8,0,12,14,0,s,s,s,d,d,0,0,1,29,s,1,d,8,d,5,s,0,2,d,s
1533,0,s,4,0,0,0,0,12,14,0,s,s,3,0,0,0,0,s,d,s,d,1,8,5,5,s,25,2,1,s
I619,0,s,4,0,0,0,0,12,14,0,s,s,3,0,0,0,0,1,0,s,1,1,8,0,5,2,0,2,1,s
I620,0,s,4,0,0,0,0,12,14,0,s,s,3,0,0,0,0,1,0,s,1,1,8,0,5,2,0,2,1,s
I621,0,s,4,1,0,0,0,12,14,0,s,s,3,0,0,0,0,1,0,s,1,1,8,0,5,2,0,2,1,s
1461,d,s,d,1,d,d,0,12,14,0,s,s,d,0,0,0,0,1,0,s,1,d,8,0,5,2,4,2,1,s
1460,0,s,s,1,0,0,0,12,14,6,s,s,3,0,0,0,0,1,0,s,1,1,8,0,d,2,0,2,1,s
1201,d,s,4,d,d,0,d,12,14,5,s,s,3,0,s,0,0,1,0,s,1,1,8,d,5,2,0,2,1,s
I624,0,s,4,0,0,0,17,12,14,0,s,s,3,s,0,0,0,1,0,s,1,s,8,0,5,2,25,2,1,s
1325,0,s,4,d,0,0,17,12,14,0,s,s,d,s,0,d,0,1,0,s,1,s,8,d,5,2,25,d,d,s
1324,0,s,4,d,0,0,17,12,14,0,s,s,3,s,0,0,d,1,0,s,1,s,8,0,5,2,d,2,d,s
I626,0,s,4,0,1,0,0,12,0,0,s,s,0,0,0,0,1,1,0,s,1,1,8,0,5,2,s,2,1,s
I627,0,s,4,0,1,0,1,12,0,0,s,s,0,0,0,s,1,1,0,s,1,1,8,0,5,2,s,2,1,s
1317,2,s,4,0,s,s,1,12,0,0,s,s,d,0,0,s,1,1,0,s,1,1,8,d,5,s,s,d,1,s
1385,2,s,4,1,1,0,1,12,0,0,s,s,0,34,2,s,1,1,0,s,d,1,8,0,s,d,s,d,1,s
I634,0,s,4,0,1,0,0,12,0,0,s,s,0,0,0,0,1,1,0,s,1,1,8,0,5,2,s,2,1,s
I635,0,s,4,0,1,0,0,s,0,0,s,s,0,0,0,8,1,1,0,s,1,1,8,7,5,2,s,2,1,s
1334,0,s,4,0,d,31,0,s,0,0,s,s,0,d,0,8,1,1,d,s,1,1,8,7,d,s,s,2,1,s
1484,0,s,4,0,d,d,0,s,0,d,s,s,0,0,0,8,1,1,1,s,d,1,8,7,5,d,s,2,1,s
I638,0,s,4,0,1,0,0,12,0,0,s,s,0,0,0,0,1,1,0,s,1,1,8,6,5,2,s,2,1,s
1468,0,s,4,0,1,0,3,12,0,0,s,s,0,0,0,0,1,1,0,s,1,1,8,6,5,2,s,2,1,s
1351,0,s,4,0,1,0,0,12,d,0,s,s,0,0,0,0,1,1,d,s,1,1,8,6,5,d,s,2,1,s
I641,0,s,0,0,s,s,0,12,0,0,s,s,3,0,0,7,0,1,5,s,1,0,0,0,0,0,0,0,0,s
I642,0,s,0,0,s,s,0,12,0,0,s,s,3,0,0,7,0,1,5,s,1,0,0,0,3,4,0,0,0,s
I643,2,s,0,3,s,s,0,12,0,0,s,s,3,0,0,7,0,1,5,s,1,0,0,1,3,4,0,0,0,s
I644,2,s,0,3,s,s,17,12,0,0,s,s,3,0,0,7,0,1,5,s,1,0,0,1,3,4,0,2,0,s
I645,2,s,0,3,s,s,17,12,0,0,s,s,3,0,0,7,0,1,5,s,1,0,0,1,3,4,0,2,0,s
I646,2,s,0,3,s,s,17,12,11,0,s,s,3,0,0,7,0,1,5,s,1,0,0,1,3,4,0,2,0,s
I647,2,s,0,3,s,s,17,12,11,0,s,s,3,0,2,7,1,1,5,s,1,2,s,1,3,4,0,2,0,s
1883,2,s,0,d,s,s,17,12,11,0,s,s,3,d,2,7,1,d,5,s,1,2,s,1,3,4,0,d,0,s
1882,2,s,d,3,s,s,17,12,11,0,s,s,3,0,2,7,1,1,5,s,1,2,s,1,d,4,0,2,d,s
I648,2,s,0,3,s,s,17,12,11,0,s,s,3,0,0,7,0,1,5,s,1,0,0,1,3,4,0,2,0,s
1861,2,s,0,3,s,s,17,12,11,0,s,s,d,0,d,7,0,1,5,s,1,d,0,1,3,4,d,d,0,s
1860,d,s,0,3,s,s,17,12,11,d,s,s,3,0,0,d,0,1,5,s,1,d,0,1,3,4,0,2,d,s
I649,2,s,0,3,s,s,17,12,12,0,s,s,3,6,0,7,0,s,5,s,1,0,0,1,3,4,0,2,0,s
1818,2,s,0,3,s,s,d,12,12,0,s,s,3,6,2,7,0,s,d,s,1,0,0,1,3,4,0,2,0,s
1559,2,s,0,3,s,s,17,12,12,0,s,s,3,6,0,7,0,s,5,s,1,0,9,1,3,4,d,2,d,s
I652,2,s,0,3,s,s,17,12,0,s,s,s,3,0,0,7,0,1,5,s,1,0,0,1,3,4,0,2,0,s
I653,s,s,0,3,s,s,17,12,0,s,s,s,3,0,0,7,0,1,5,s,1,0,s,1,3,4,0,2,0,s
1289,s,s,0,3,s,s,17,12,0,s,s,s,3,0,0,7,0,1,5,s,1,d,s,d,3,d,0,d,d,s
I655,s,s,0,3,s,s,17,12,0,s,s,s,3,s,0,7,0,1,5,s,1,0,s,1,3,4,0,2,0,s
1519,s,s,0,3,s,s,d,12,0,s,s,s,3,s,0,d,4,1,d,s,d,0,s,1,d,4,0,2,0,s
1518,s,s,0,3,s,s,17,12,0,s,s,s,3,s,0,7,0,1,5,s,1,0,s,1,3,4,0,2,0,s
I656,2,s,0,3,s,s,17,12,0,s,s,s,3,0,0,7,0,1,5,s,1,0,0,1,3,4,0,2,0,s
1636,2,s,0,3,s,s,17,d,0,s,s,s,d,0,2,7,0,1,5,s,1,d,0,1,3,4,0,2,0,s
1701,2,s,0,3,s,s,17,d,0,s,s,s,d,0,0,7,0,1,5,s,1,0,0,1,3,4,0,d,0,s
I659,2,s,s,3,s,s,0,12,0,0,s,s,3,0,0,7,0,1,5,s,1,0,0,1,3,4,0,0,0,s
I660,2,s,s,3,s,s,0,12,0,0,s,s,3,0,0,7,0,1,5,s,1,0,0,1,3,4,0,0,0,s
I663,2,s,s,3,s,s,0,12,0,0,s,s,3,0,0,7,0,1,5,s,1,1,0,1,3,4,0,0,0,s
1221,2,s,s,3,s,s,0,12,0,d,s,s,3,0,0,7,0,1,5,s,1,1,0,1,3,d,0,0,0,s
1220,2,s,s,3,s,s,0,12,0,5,s,s,3,0,0,7,0,d,5,s,1,1,d,1,3,4,6,0,0,s
I664,2,s,s,3,s,s,1,12,0,0,s,s,3,0,0,7,0,1,5,s,1,0,0,1,3,4,0,0,0,s
1470,2,s,s,3,s,s,1,12,0,0,s,s,3,0,0,7,d,1,d,s,1,0,0,1,3,4,0,d,0,s
I666,2,s,s,3,s,s,1,12,0,0,s,s,3,0,0,7,0,1,5,s,1,0,0,1,3,4,0,0,0,s
1403,d,s,s,3,s,s,1,12,0,1,s,s,3,0,d,7,0,1,5,s,1,d,0,1,d,4,0,0,0,s
1402,2,s,s,3,s,s,1,12,0,0,s,s,3,0,0,7,0,1,5,s,1,d,d,d,3,4,0,d,d,s
I667,2,s,s,s,s,s,39,12,0,0,s,s,3,0,0,7,0,1,5,s,1,1,9,1,3,4,0,0,0,s
1620,2,s,s,s,s,s,39,12,0,d,s,s,3,d,0,7,d,d,5,s,1,1,9,1,3,4,0,s,1,s
I671,2,s,s,s,s,s,s,12,0,0,s,s,3,0,0,7,0,1,s,s,1,1,9,1,3,4,0,0,0,s
1630,2,s,s,s,s,s,s,d,0,0,s,s,3,5,0,7,0,s,s,s,1,1,d,1,3,4,0,d,0,s
I673,2,s,s,s,s,s,s,12,0,0,s,s,3,0,2,7,0,1,s,s,1,1,9,1,3,4,0,0,0,s
1779,2,s,s,s,s,s,s,12,0,0,s,s,3,0,2,7,0,d,s,s,1,1,9,1,d,4,0,0,0,s
1778,2,s,s,s,s,s,s,12,14,0,s,s,3,0,2,7,d,1,s,s,1,d,9,1,d,4,0,0,1,s
I674,0,s,0,0,s,s,0,12,0,0,s,s,3,0,0,7,0,1,5,s,1,0,11,0,3,4,0,0,0,s
I675,2,s,0,0,s,s,0,12,0,0,s,s,3,0,0,7,0,1,5,s,1,0,11,0,3,4,0,0,0,s
I676,2,s,4,0,s,s,0,12,0,0,s,s,3,0,0,7,0,1,5,s,1,0,11,1,3,4,0,2,0,s
1465,2,s,4,1,s,s,d,12,0,0,s,s,3,0,2,7,0,1,d,s,1,d,d,1,3,4,d,2,0,s
I680,2,s,4,0,s,s,0,12,0,0,s,s,3,0,0,7,0,1,5,s,1,0,11,1,3,4,27,2,0,s
1297,2,s,4,0,s,s,0,12,0,0,s,s,s,0,0,7,1,1,5,s,1,0,s,s,3,4,27,2,0,s
1134,2,s,4,d,s,s,0,12,0,d,s,s,3,0,0,7,0,1,5,s,d,d,d,1,3,4,27,2,d,s
I683,2,s,0,0,s,s,0,12,0,0,s,s,3,0,0,7,0,1,5,s,s,0,11,0,3,4,0,0,0,s
1854,2,s,0,d,s,s,0,12,0,d,s,s,3,d,0,7,0,1,5,s,s,0,s,0,3,4,0,0,0,s
I687,2,s,0,0,s,s,0,12,0,0,s,s,3,0,0,7,0,1,5,s,s,0,11,0,3,4,0,0,0,s
1531,2,s,d,0,s,s,d,12,0,0,s,s,3,0,0,7,3,1,d,s,s,0,11,2,d,4,15,s,0,s
1527,2,s,0,0,s,s,0,12,0,0,s,s,3,d,0,7,0,d,5,s,s,0,11,0,3,4,0,2,0,s
I690,0,s,0,1,s,s,0,12,0,0,s,s,3,0,0,7,0,1,5,s,1,0,11,0,3,4,0,5,0,s
I691,0,s,0,1,s,s,17,12,0,5,s,s,3,0,0,7,0,1,5,s,1,0,11,0,3,4,0,5,0,s
I692,0,s,0,1,s,s,17,12,0,5,s,s,3,0,0,7,0,1,5,s,1,0,11,0,3,4,0,5,0,s
1148,2,s,0,1,s,s,17,12,0,5,s,s,3,0,0,7,0,1,5,s,1,0,11,d,3,d,1,5,0,s
1189,0,s,0,1,s,s,17,12,d,5,s,s,3,1,2,7,1,1,5,s,1,0,11,0,3,4,10,5,d,s
I695,2,s,0,1,s,s,17,12,8,5,s,s,3,0,0,s,0,1,5,s,1,0,11,0,3,4,19,5,1,s
1463,2,s,0,d,s,s,17,12,8,5,s,s,3,0,0,s,0,1,d,s,1,0,11,0,3,4,19,5,1,s
1511,2,s,0,d,s,s,17,12,8,5,s,s,d,0,2,s,0,1,5,s,1,0,d,0,3,4,d,5,1,s
I698,0,s,0,1,s,s,0,12,0,0,s,s,3,10,0,7,0,1,5,s,1,1,11,0,3,4,0,5,0,s
I699,0,s,0,1,s,s,0,12,0,0,s,s,3,10,0,7,0,1,5,s,1,1,11,0,3,4,0,5,0,s
I700,0,s,0,1,s,s,0,12,0,0,s,s,3,10,0,7,0,1,5,s,1,1,11,0,3,4,0,5,0,s
1357,d,s,0,1,s,s,0,12,0,0,s,s,3,10,0,d,1,1,5,s,1,1,d,0,3,4,0,d,0,s
1356,d,s,0,1,s,s,0,12,10,0,s,s,3,10,0,7,0,1,5,s,d,1,d,0,3,4,6,5,0,s
I701,0,s,0,1,s,s,0,12,0,0,s,s,3,10,2,7,0,1,5,s,1,1,11,0,3,4,0,5,0,s
1275,0,s,0,1,s,s,0,12,11,0,s,s,3,10,2,7,0,d,5,s,1,1,11,d,3,4,0,5,0,s
1274,d,s,0,d,s,s,d,12,d,0,s,s,3,10,2,7,0,1,5,s,d,1,11,0,d,4,0,d,0,s
I702,0,s,0,1,s,s,0,12,0,0,s,s,3,10,0,7,0,1,5,s,1,1,11,0,3,4,0,5,0,s
1306,0,s,0,1,s,s,0,12,0,d,s,s,3,10,0,7,0,1,5,s,1,1,11,0,3,d,0,5,0,s
1271,0,s,0,1,s,s,5,12,0,0,s,s,3,10,0,7,0,1,5,s,1,1,11,0,3,4,0,5,0,s
I705,0,s,0,0,s,s,0,12,0,0,s,s,3,0,0,7,0,1,5,s,1,0,0,0,0,2,0,0,0,s
I706,0,s,0,0,s,s,0,12,0,0,s,s,3,0,0,7,0,1,5,s,1,0,0,0,0,2,0,0,0,s
I707,0,s,0,0,s,s,0,12,0,0,s,s,3,0,0,7,0,1,5,s,1,0,0,0,0,2,27,0,0,s
I708,0,s,0,0,s,s,0,12,0,0,s,s,3,0,0,7,0,1,5,s,1,0,0,0,0,2,27,0,1,s
I709,0,s,0,0,s,s,0,12,0,5,s,s,3,0,0,7,0,1,5,s,1,0,0,2,0,2,27,0,1,s
1232,0,s,0,0,s,s,0,12,0,5,s,s,3,0,2,d,0,d,5,s,1,1,d,2,0,d,27,0,1,s
1555,0,s,0,0,s,s,0,12,0,5,s,s,3,0,0,7,0,1,d,s,1,0,0,2,0,2,27,0,1,s
1673,0,s,0,1,s,s,0,12,0,0,s,s,3,0,0,7,4,1,5,s,1,1,0,0,1,2,27,0,1,s
I715,0,s,0,0,s,s,0,12,0,0,s,s,3,0,0,7,0,1,5,s,1,0,s,0,0,2,27,0,0,s
1723,s,s,0,0,s,s,d,12,14,d,s,s,3,0,0,7,1,d,5,s,1,d,s,0,0,2,27,d,0,s
I719,2,s,0,0,s,s,3,12,0,0,s,s,3,0,0,7,0,1,5,s,1,0,s,0,0,2,27,0,0,s
1856,2,s,0,0,s,s,3,12,24,0,s,s,3,0,0,7,s,1,5,s,d,1,s,0,0,d,27,2,0,s
I721,2,s,0,0,s,s,3,12,8,0,s,s,3,0,0,7,1,1,5,s,1,0,s,0,0,2,27,0,0,s
1831,2,s,0,0,s,s,3,12,8,0,s,s,3,0,d,7,1,1,d,s,1,d,s,0,d,2,d,0,0,s
1830,2,s,0,0,s,s,3,12,d,d,s,s,d,0,0,7,1,d,d,s,1,0,s,0,0,2,d,0,0,s
I722,0,s,0,0,s,s,0,12,0,0,s,s,3,0,0,7,0,1,5,s,1,0,1,0,0,2,0,0,1,s
I723,0,s,0,0,s,s,0,12,0,0,s,s,3,0,0,7,0,1,5,s,1,0,1,0,0,2,0,0,1,s
I724,0,s,0,0,s,s,0,12,0,0,s,s,3,0,0,7,0,1,5,s,1,0,1,0,0,2,0,0,1,s
I725,0,s,0,0,s,s,0,12,0,0,s,s,3,0,0,7,0,1,5,s,1,0,1,0,0,2,0,0,1,s
1577,0,s,0,0,s,s,0,12,0,0,s,s,3,0,0,d,0,1,5,s,d,0,1,s,d,2,0,0,1,s
1576,d,s,d,1,s,s,0,d,d,0,s,s,3,0,d,7,0,1,d,s,1,0,1,0,0,2,0,0,1,s
1646,2,s,0,0,s,s,0,12,0,5,s,s,d,d,d,7,0,1,s,s,d,0,1,d,d,2,0,0,1,s
I727,0,s,0,3,s,s,0,12,0,5,s,s,3,0,0,7,0,1,5,s,1,0,1,0,0,2,0,0,1,s
I728,0,s,0,3,s,s,0,s,0,5,s,s,3,0,0,7,0,1,5,s,1,0,1,0,0,2,0,0,1,s
1947,0,s,0,d,s,s,0,s,d,5,s,s,3,0,0,7,d,1,5,s,1,0,1,0,0,2,0,0,1,s
1946,0,s,0,3,s,s,0,s,0,5,s,s,3,0,0,7,0,1,5,s,1,0,1,0,0,2,0,0,1,s
2035,d,s,0,3,s,s,d,12,0,5,s,s,3,0,0,7,0,1,5,s,1,0,1,0,1,2,0,0,1,s
I730,0,s,0,0,s,s,0,12,0,0,s,s,3,0,0,7,0,1,5,s,1,0,1,0,0,2,0,2,1,s
I731,0,s,0,0,s,s,0,12,0,0,s,s,3,0,0,7,0,1,5,s,1,0,1,0,0,2,0,2,1,s
I732,0,s,0,0,s,s,0,12,0,0,s,s,3,5,0,7,0,1,5,s,1,0,1,0,0,2,0,2,1,s
1873,0,s,0,0,s,s,0,12,0,0,s,s,3,5,d,d,d,1,d,s,1,0,d,0,0,2,0,2,1,s
1872,0,s,0,d,s,s,0,12,8,0,s,s,3,5,d,7,0,1,d,s,d,0,1,0,0,2,d,d,1,s
I733,0,s,0,0,s,s,5,12,0,0,s,s,3,0,0,7,0,1,5,s,1,0,1,0,0,2,0,2,1,s
2023,0,s,0,0,s,s,5,12,0,0,s,s,3,0,0,d,0,1,5,s,1,0,1,0,0,2,0,2,1,s
2022,0,s,0,0,s,s,5,d,0,0,s,s,3,0,0,d,0,d,5,s,1,0,1,0,d,2,0,2,1,s
1989,0,s,0,0,s,s,d,d,0,0,s,s,3,29,0,7,0,d,5,s,1,d,1,2,0,2,1,2,1,s
I737,0,s,0,0,s,s,0,12,0,0,s,s,3,0,0,7,0,1,5,s,1,0,0,0,0,2,15,0,0,s
I738,0,s,s,0,s,s,0,12,0,0,s,s,3,0,0,7,0,1,5,s,1,0,0,0,0,2,15,0,0,s
I739,0,s,s,0,s,s,0,12,0,0,s,s,3,0,0,7,0,1,5,s,1,0,0,0,0,2,15,2,0,s
I740,0,s,s,3,s,s,37,12,0,0,s,s,3,0,0,7,0,1,5,s,1,0,0,0,0,2,15,2,0,s
1261,0,s,s,3,s,s,d,d,0,0,s,s,3,0,0,7,0,d,5,s,1,0,d,0,0,2,15,d,1,s
1436,s,s,s,d,s,s,37,12,0,0,s,s,3,0,2,7,d,1,5,s,1,0,0,0,0,d,15,d,d,s
I743,0,s,s,0,s,s,1,12,0,5,s,s,3,0,0,7,0,1,5,s,1,0,0,0,0,2,15,s,0,s
1589,d,s,s,0,s,s,d,12,0,d,s,s,3,0,0,d,1,1,5,s,1,0,0,0,d,2,15,s,d,s
I745,0,s,s,0,s,s,1,12,0,5,s,s,3,0,0,7,0,1,5,s,1,0,0,0,0,2,15,s,0,s
1367,0,s,s,0,s,s,1,12,0,5,s,s,d,0,2,7,d,d,d,s,d,0,d,0,0,2,15,s,1,s
1366,d,s,s,0,s,s,1,12,0,5,s,s,3,0,0,7,0,1,5,s,d,0,0,0,0,2,15,s,0,s
I746,0,s,s,0,s,s,0,12,0,0,s,s,3,5,0,7,0,1,5,s,1,0,0,0,0,2,15,0,0,s
1496,0,s,s,0,s,s,5,d,0,d,s,s,3,5,0,7,0,1,d,s,1,0,0,0,0,2,15,0,0,s
I750,0,s,s,0,s,s,0,12,0,0,s,s,3,5,0,7,0,1,5,s,1,0,0,0,0,2,15,0,0,s
I751,0,s,s,0,s,s,0,12,0,5,s,s,3,5,0,7,0,1,5,s,1,0,0,0,0,2,15,0,0,s
1363,0,s,s,0,s,s,0,12,0,5,s,s,3,5,0,7,0,1,5,s,1,0,0,0,d,2,15,0,0,s
1362,0,s,s,0,s,s,0,12,0,5,s,s,3,5,0,7,0,d,d,s,1,0,0,0,0,2,d,s,d,s
1104,0,s,s,s,s,s,0,12,d,0,s,s,3,5,d,7,0,1,d,s,1,0,0,d,d,2,15,d,d,s
I753,0,s,0,0,s,s,0,12,0,0,s,s,3,24,0,7,0,s,5,s,1,1,0,0,0,2,15,0,0,s
I754,0,s,0,0,s,s,0,12,0,5,s,s,3,24,0,7,1,s,5,s,1,1,0,0,8,2,15,0,0,s
I755,0,s,0,0,s,s,0,12,0,5,s,s,3,24,0,7,1,s,5,s,1,1,0,0,8,2,15,s,0,s
1214,0,s,0,3,s,s,d,12,0,5,s,s,3,24,0,s,1,s,5,s,1,1,0,0,8,2,15,s,0,s
1170,0,s,d,1,s,s,0,12,0,d,s,s,3,24,0,7,1,s,5,s,1,1,15,0,8,2,d,s,0,s
I758,0,s,0,0,s,s,0,12,0,5,s,s,3,24,0,7,1,s,5,s,1,1,1,0,8,2,15,0,1,s
1205,d,s,0,3,s,s,0,12,0,5,s,s,3,24,0,d,1,s,5,s,1,d,1,0,8,2,15,0,d,s
1235,d,s,0,3,s,s,0,d,0,5,s,s,3,d,d,7,1,s,5,s,1,1,1,0,8,2,d,0,s,s
I761,0,s,0,0,s,s,0,12,0,5,s,s,3,24,0,7,0,s,5,s,1,1,0,0,0,2,15,0,0,s
1062,2,s,0,0,s,s,0,12,14,5,s,s,3,s,d,7,0,s,5,s,1,1,0,0,0,2,s,0,1,s
I765,0,s,0,0,s,s,0,12,0,5,s,s,3,24,2,7,0,s,5,s,1,1,2,0,1,2,15,0,0,s
1131,d,s,0,0,s,s,0,12,d,d,s,s,3,24,2,s,0,s,5,s,s,1,d,0,1,2,s,0,0,s
I767,0,s,0,0,s,s,0,12,s,5,s,s,3,24,2,7,0,s,5,s,s,1,2,0,1,2,15,0,0,s
1281,0,s,0,0,s,s,0,12,s,5,s,s,3,24,2,7,0,s,5,s,s,1,2,0,1,2,15,d,0,s
1280,0,s,0,0,s,s,0,12,s,5,s,s,3,24,2,7,0,s,5,s,s,1,2,0,1,d,15,0,0,s
I768,0,0,0,0,0,0,0,12,0,0,s,3,0,0,0,0,0,0,0,0,0,0,0,0,0,0,0,0,0,0
I769,0,0,0,0,0,0,0,12,0,0,s,3,0,0,0,0,0,0,0,0,0,0,0,0,0,0,0,0,1,0
I770,s,0,0,0,0,1,0,12,0,0,s,3,3,0,0,8,0,0,0,s,0,0,0,s,0,0,0,0,1,0
I771,s,2,0,0,0,1,0,12,0,0,s,3,3,0,0,8,0,0,0,s,0,0,0,s,0,2,0,0,1,0
I772,s,2,5,0,0,1,0,12,0,0,s,3,3,0,0,8,s,0,0,s,0,0,11,s,0,2,22,0,1,0
I773,s,2,5,0,0,1,0,12,0,0,s,3,3,0,0,8,s,0,0,s,0,0,11,s,0,2,22,0,1,0
I776,s,2,5,0,0,1,0,12,0,0,s,3,3,10,2,8,s,0,0,s,0,0,11,s,0,2,22,0,1,0
1955,s,2,5,0,0,1,0,12,0,0,s,3,3,10,2,8,s,0,0,s,0,0,11,s,0,2,22,0,1,0
1954,s,2,5,0,0,1,0,12,0,0,s,3,3,10,2,8,s,0,0,s,0,0,d,s,0,2,22,0,1,0
1224,s,2,d,0,0,1,0,12,0,0,s,3,3,0,0,d,s,0,d,s,0,d,11,s,0,2,22,0,1,17
I780,s,2,5,0,0,1,3,12,0,0,s,3,3,0,0,8,s,0,0,s,0,1,11,s,0,2,22,0,1,0
I781,s,2,5,0,0,1,3,12,0,0,s,3,3,0,0,8,s,2,0,s,0,1,11,s,0,2,22,3,1,0
I782,s,2,5,0,0,1,3,12,0,5,s,3,3,0,2,8,s,2,0,s,0,1,11,s,0,2,22,3,1,20
1431,s,d,5,d,d,1,3,12,d,5,s,3,3,0,2,8,s,2,0,s,0,1,11,s,0,d,22,3,1,20
1430,s,2,5,0,d,d,3,12,0,5,s,d,3,0,2,8,s,2,0,s,0,1,11,s,0,2,22,3,1,s
1360,s,s,5,0,0,1,3,12,d,0,s,3,3,0,0,8,s,2,0,s,0,1,11,s,0,2,d,3,1,0
1696,s,s,5,2,0,1,3,12,0,0,s,3,3,0,0,8,s,0,0,s,0,1,11,s,0,2,d,0,d,0
I787,s,2,0,0,0,1,0,12,0,0,s,3,3,0,0,8,0,0,0,s,0,0,0,s,0,2,0,0,1,0
1721,s,d,0,0,0,1,0,12,0,0,s,3,s,0,0,8,0,0,0,s,0,0,0,s,1,2,0,0,1,0
I794,s,2,0,0,s,1,0,12,0,0,s,3,3,0,0,8,0,0,0,s,0,0,0,s,0,2,0,0,1,0
I795,s,2,0,0,s,1,0,12,0,1,s,3,3,36,0,8,0,0,0,s,0,0,0,s,0,2,0,0,1,0
1021,s,2,d,1,s,1,0,12,0,1,s,3,d,d,0,8,0,0,0,s,0,0,0,s,0,2,0,0,d,0
1020,s,d,0,d,s,1,0,12,0,1,s,3,3,36,0,8,3,0,0,s,1,2,0,s,0,2,0,0,1,0
1939,s,2,0,d,s,1,d,12,14,0,s,3,3,d,0,d,0,0,0,s,0,0,d,s,0,2,0,0,1,0
I799,s,0,0,0,0,1,15,12,0,0,s,3,3,0,s,8,0,0,0,s,0,0,0,s,0,0,0,0,1,0
I800,s,0,0,0,0,1,15,12,0,0,s,3,3,0,s,8,0,0,0,s,0,1,0,s,0,0,0,0,1,0
I801,s,0,4,0,0,1,15,12,0,0,s,3,3,0,s,8,0,2,0,s,0,1,0,s,0,0,0,0,1,0
I802,s,0,4,0,0,1,15,12,s,0,s,3,3,0,s,8,0,2,0,s,0,1,0,s,0,0,0,0,1,0
I803,s,0,4,0,0,1,15,12,s,0,s,3,3,6,s,8,0,2,28,s,0,1,0,s,5,0,0,0,1,0
1845,s,0,4,d,0,1,15,12,s,0,s,3,3,d,s,8,0,2,28,s,0,1,0,s,5,0,0,0,1,d
1844,s,0,4,3,0,d,15,d,s,0,s,3,3,6,s,8,0,2,28,s,0,1,d,s,5,0,0,0,1,0
I804,s,0,4,0,0,1,15,12,s,0,s,3,3,0,s,8,0,2,0,s,1,1,0,s,0,0,0,0,1,0
1775,s,0,4,0,d,1,15,12,s,d,s,d,d,0,s,d,d,2,0,s,d,1,0,s,0,0,0,d,d,0
1774,s,0,4,0,d,1,d,12,s,0,s,d,3,0,s,8,0,2,12,s,1,1,1,s,0,0,0,0,1,d
1501,s,2,4,0,1,s,15,12,10,0,s,3,3,0,s,8,0,2,0,s,1,1,0,s,0,0,d,s,1,0
I808,s,0,0,0,0,1,15,s,0,0,s,3,3,0,s,8,0,0,0,s,0,1,0,s,0,0,0,2,1,0
I811,s,0,0,0,0,1,15,s,0,0,s,3,3,0,s,8,0,0,0,s,1,1,0,s,0,0,s,2,1,0
1823,s,0,0,0,0,1,15,s,0,5,s,3,3,0,s,8,0,0,0,s,1,1,0,s,0,0,s,2,d,0
1822,s,0,0,0,0,1,15,s,0,0,s,3,d,0,s,8,0,0,0,s,1,1,0,s,0,0,s,2,1,d
I813,s,0,0,0,0,1,15,s,20,0,s,3,3,22,s,8,0,0,1,s,0,1,0,s,0,0,0,2,1,0
1925,s,0,0,d,0,1,15,s,20,0,s,3,3,22,s,8,0,0,1,s,0,1,0,s,0,d,d,2,1,0
1924,s,0,0,d,0,1,15,s,20,0,s,d,3,22,s,8,d,d,1,s,0,d,0,s,0,0,0,2,1,0
I815,s,2,0,0,0,1,15,12,0,0,s,3,3,0,s,8,0,0,0,s,0,0,0,s,0,0,0,0,1,0
I816,s,2,0,0,0,1,15,12,0,0,s,3,3,0,s,8,0,2,0,s,0,0,0,s,s,0,0,0,1,0
I817,s,2,0,0,0,1,15,12,0,0,s,3,3,0,s,8,0,2,0,s,0,0,0,s,s,0,0,0,1,0
I818,s,2,0,0,s,1,15,12,0,0,s,3,3,s,s,8,0,2,10,s,0,0,0,s,s,0,0,0,1,0
1919,s,d,d,0,s,1,15,12,0,0,s,3,3,s,s,8,d,2,10,s,d,0,d,s,s,0,d,0,d,0
1918,s,2,0,0,s,1,15,12,0,0,s,3,3,s,s,8,0,2,10,s,0,0,0,s,s,0,0,0,d,0
I819,s,2,0,0,0,1,15,12,0,0,s,3,3,0,s,8,0,2,0,s,0,0,0,s,s,0,0,2,1,0
2027,s,2,0,0,0,1,15,12,0,0,s,d,3,0,s,d,0,2,0,s,0,0,d,s,s,0,0,2,1,0
2026,s,d,0,0,0,1,d,12,0,0,s,3,3,0,s,8,0,2,0,s,0,0,0,s,s,0,0,2,1,0
1850,s,2,d,0,0,1,d,12,0,s,s,3,3,0,s,8,0,2,0,s,0,d,0,s,s,0,0,2,1,0
I823,s,2,0,0,0,s,15,12,0,0,s,3,3,0,s,8,0,2,0,s,0,0,0,s,0,0,0,0,1,20
I824,s,2,0,0,1,s,15,12,0,0,s,3,3,0,s,8,0,2,0,s,0,0,8,s,0,0,0,2,1,20
1459,s,2,4,0,1,s,15,12,0,0,s,d,3,0,s,8,0,2,0,s,0,1,s,s,8,0,15,2,1,20
1535,s,2,0,0,d,s,15,12,d,0,s,3,3,0,s,8,0,d,0,s,0,s,8,s,0,0,0,2,d,20
I827,s,2,0,1,0,s,15,12,0,0,s,3,3,0,s,8,0,2,0,s,0,0,0,s,0,0,0,0,1,20
1546,s,2,4,d,0,s,15,12,0,5,s,3,3,0,s,8,0,s,0,s,0,0,0,s,1,6,0,0,1,20
1707,s,2,0,1,0,s,15,12,0,0,s,d,3,d,s,8,0,2,4,s,0,0,0,s,0,6,0,d,d,20
I830,0,0,0,0,0,0,0,12,0,0,s,3,0,0,0,0,0,0,0,0,0,0,0,0,0,0,0,0,1,0
I831,0,0,0,0,0,0,0,12,0,0,s,3,4,0,0,0,0,0,0,5,0,0,1,2,0,0,0,0,1,0
I832,0,0,0,0,0,0,0,12,0,0,s,3,4,6,0,0,0,0,0,5,0,0,1,2,0,0,0,2,1,0
I833,0,0,0,1,0,0,0,12,0,0,s,3,4,6,0,5,0,0,0,5,0,0,1,2,11,0,0,2,1,0
I834,0,0,0,1,1,0,0,12,0,0,s,3,4,6,2,5,s,0,0,5,1,1,1,2,11,0,0,2,1,0
1515,0,0,0,1,1,d,0,12,0,0,s,d,4,6,2,5,s,1,0,5,1,1,1,d,11,d,0,d,1,0
1686,0,2,0,1,d,0,0,12,0,d,s,d,4,6,s,d,s,1,0,5,1,1,1,2,11,d,0,d,s,0
I837,0,0,0,1,1,0,0,12,0,0,s,3,4,6,0,5,0,2,0,5,0,0,1,2,11,0,0,2,1,0
1730,0,0,0,1,1,0,d,12,d,0,s,3,4,d,0,5,1,2,22,d,0,0,1,2,11,0,0,2,1,0
1678,0,0,d,1,d,0,d,12,d,0,s,3,4,6,0,5,0,2,d,d,1,0,1,2,s,0,0,2,d,0
I840,0,0,0,0,0,0,0,12,6,0,s,3,4,6,0,0,0,0,0,5,0,s,1,2,0,0,0,2,1,0
I841,0,0,0,0,0,0,0,12,6,0,s,3,4,6,2,0,0,0,0,5,0,s,1,2,0,0,0,2,1,0
1677,0,0,0,0,0,0,0,12,6,5,s,3,4,d,2,d,d,0,0,5,0,s,1,2,0,0,s,2,1,0
1752,0,0,0,d,d,d,0,12,6,0,s,d,4,6,2,d,0,0,0,5,0,s,1,2,0,0,0,s,1,5
I846,0,0,0,0,0,0,0,12,6,5,s,3,4,6,0,33,0,0,6,5,0,s,1,2,5,2,25,2,1,0
1681,0,2,0,0,0,0,0,12,d,d,s,3,d,6,0,33,0,0,6,5,0,s,1,d,5,2,25,2,1,d
1680,0,0,0,0,0,d,0,d,6,5,s,3,4,6,0,33,0,0,6,d,0,s,d,2,5,2,25,d,d,d
I847,0,s,0,0,0,0,0,12,0,0,s,3,4,0,0,0,0,0,0,5,0,0,1,2,s,0,0,0,1,0
I848,0,s,0,0,0,31,0,12,0,0,s,3,4,0,0,0,0,2,0,5,0,0,1,2,s,0,0,0,1,0
I849,0,s,0,0,0,31,6,12,0,0,s,3,4,0,2,s,0,2,0,5,0,0,1,2,s,0,0,0,1,0
1635,0,s,0,0,0,31,6,12,0,0,s,3,4,0,2,s,1,2,0,5,1,0,1,2,s,d,0,0,d,0
1777,0,s,5,0,0,31,6,s,0,0,s,3,4,0,2,s,0,d,d,5,0,0,1,2,s,0,0,0,d,0
I852,0,s,0,0,0,31,0,12,10,0,s,3,4,0,0,0,0,2,16,5,0,0,1,2,s,0,0,0,1,0
1345,d,s,d,0,1,31,0,d,10,0,s,3,s,0,0,d,d,2,16,5,d,d,1,2,s,d,0,0,1,0
1568,d,s,0,3,s,31,0,12,10,0,s,d,4,0,0,0,0,2,16,5,0,d,1,2,s,0,0,0,1,d
I855,0,s,0,0,0,0,0,12,8,0,s,3,4,0,0,20,0,0,0,s,1,0,1,2,s,0,15,0,1,0
1767,0,s,0,d,0,0,0,12,8,5,s,3,4,10,0,d,0,d,0,s,s,0,1,2,s,1,15,0,1,0
1757,0,s,s,0,s,0,0,12,8,0,s,3,4,s,2,20,0,d,0,s,1,1,1,2,s,d,15,0,d,0
I862,0,0,0,0,1,6,0,12,0,0,s,3,0,0,2,0,0,0,0,0,0,0,0,0,0,0,0,0,1,0
I863,0,0,0,0,1,6,0,12,0,5,s,3,0,0,2,0,0,0,0,0,0,0,0,0,0,0,0,0,1,0
I864,0,0,0,0,1,6,0,12,0,5,s,3,0,22,2,0,0,0,0,0,0,0,8,0,0,0,0,0,1,4
1264,2,0,5,0,d,6,d,12,0,5,s,3,0,22,2,0,d,0,0,0,0,0,8,0,0,d,0,0,d,4
I868,0,0,0,0,1,6,0,12,0,5,s,3,0,22,2,0,0,0,0,0,0,0,8,0,1,0,0,0,1,4
I869,0,2,0,0,1,6,0,12,0,5,s,3,0,22,2,0,0,0,0,0,0,1,8,0,1,0,25,0,1,4
1117,0,2,0,0,1,6,0,12,0,5,s,3,0,22,2,d,0,0,5,0,d,1,8,0,1,0,25,0,1,4
1116,d,2,0,0,1,d,3,12,0,5,s,3,0,22,2,0,0,0,8,d,d,1,8,0,1,0,25,0,s,4
I870,0,0,0,0,1,6,0,12,0,5,s,3,0,22,2,0,0,1,0,0,0,0,8,0,1,0,0,0,1,4
1123,0,d,d,0,1,6,d,12,0,5,s,3,0,22,2,0,0,1,0,0,0,d,8,0,1,0,0,0,1,d
1122,0,0,0,d,s,6,d,12,s,5,s,3,0,22,2,0,0,d,0,0,0,0,8,0,1,d,d,0,1,4
I871,0,0,0,0,1,6,0,12,0,5,s,3,0,0,2,0,0,0,0,0,0,0,0,0,0,0,0,0,1,0
I872,0,2,0,0,1,6,0,12,0,5,s,3,0,0,2,0,0,0,0,0,0,0,0,0,0,4,0,0,1,0
I873,s,2,0,0,1,6,0,12,0,5,s,3,0,0,2,0,1,0,0,0,1,0,13,0,0,4,0,2,1,0
1423,s,2,0,0,1,6,0,d,0,5,s,3,0,d,2,d,1,0,0,0,1,0,13,0,0,d,0,2,1,0
1422,s,2,0,d,d,6,0,12,d,5,s,3,0,0,2,0,1,0,0,0,1,d,13,0,0,4,0,2,1,0
I874,2,2,7,0,1,6,0,12,0,5,s,3,0,0,2,0,0,0,10,0,0,0,0,0,0,4,0,0,1,0
1553,2,2,7,1,1,d,0,12,14,5,s,3,0,0,2,d,0,0,10,0,0,d,d,d,d,4,0,0,1,0
1552,d,2,7,d,1,6,0,12,0,5,s,3,d,0,2,d,0,0,10,0,0,0,d,0,0,4,0,0,1,0
1758,0,0,0,0,1,d,0,12,0,5,s,3,d,d,2,0,d,0,s,5,s,d,0,6,0,0,6,0,1,0
I878,0,0,0,1,1,6,0,12,s,0,s,3,0,0,2,0,0,1,0,0,0,0,0,0,0,2,0,2,1,0
I883,s,0,0,1,1,6,0,12,s,0,s,3,3,0,2,0,1,1,0,0,0,s,s,0,0,2,0,2,1,0
1847,s,0,0,d,1,6,0,d,s,0,s,3,3,0,d,0,1,1,0,0,0,s,s,0,1,2,6,d,s,0
1923,s,0,0,1,1,6,d,12,s,0,s,d,d,0,d,0,1,1,22,0,d,s,s,0,0,2,0,2,d,0
I886,0,0,0,1,1,6,0,12,s,0,s,3,0,0,2,0,1,1,0,0,1,0,0,0,0,2,0,2,1,0
1433,0,0,5,1,1,6,0,12,s,0,s,3,0,s,2,0,1,1,0,0,d,s,0,2,0,2,14,2,1,0
I890,0,0,0,1,1,6,0,12,s,0,s,3,8,0,2,0,1,1,0,0,1,0,0,0,1,2,15,2,1,0
I891,0,0,0,1,1,6,6,12,s,0,s,3,8,0,2,0,1,1,0,0,1,0,0,5,1,2,15,2,1,0
1869,0,0,0,1,1,6,6,12,s,d,s,3,8,0,2,0,1,1,0,0,d,0,0,5,1,2,15,2,1,0
1868,d,0,0,1,1,6,6,12,s,d,s,3,8,0,2,0,1,d,0,0,1,0,0,5,1,d,15,2,1,d
I892,0,2,0,1,1,6,0,12,s,0,s,3,8,0,2,0,1,1,0,0,1,1,0,0,1,2,15,2,1,0
1827,0,2,d,1,1,6,0,d,s,0,s,3,8,0,d,0,1,1,d,0,1,1,0,0,1,2,15,2,1,0
1826,d,2,0,1,1,6,0,d,s,0,s,3,8,26,2,0,1,1,0,0,1,d,0,0,1,2,15,2,1,0
I893,0,0,0,0,0,0,0,12,0,0,s,3,0,0,2,0,0,0,0,0,0,s,0,0,0,0,0,0,0,0
I894,0,0,0,0,s,0,0,12,0,0,s,3,0,26,2,0,0,0,0,0,0,s,0,0,0,2,0,0,0,0
I895,0,0,0,0,s,0,0,12,0,0,s,3,0,26,2,0,3,0,0,39,0,s,13,0,0,2,0,0,0,0
I896,0,0,0,0,s,0,0,12,0,5,s,3,0,26,2,0,3,0,0,39,0,s,13,0,1,2,0,0,0,0
I897,0,0,0,0,s,0,0,12,0,5,s,3,3,26,2,0,3,0,0,39,0,s,13,0,1,2,0,0,0,44
I898,0,2,0,0,s,0,0,12,0,5,s,3,3,26,2,0,3,0,0,39,0,s,13,0,1,2,0,0,0,44
I899,0,2,0,0,s,0,0,12,0,5,s,3,3,26,2,8,3,0,16,39,0,s,13,0,1,2,6,0,0,44
1439,0,2,0,0,s,0,d,12,0,5,s,3,3,d,2,8,3,0,16,39,0,s,13,0,1,2,6,0,0,44
1438,0,2,0,0,s,d,0,12,0,5,s,3,d,26,2,8,3,d,16,39,0,s,13,0,1,2,d,0,0,d
1226,d,2,0,0,s,31,0,12,0,5,s,3,d,26,2,0,d,d,0,39,0,s,13,2,1,2,d,0,0,44
1242,0,2,0,0,s,23,0,d,16,5,s,3,3,26,d,0,3,0,0,39,0,s,13,0,d,2,0,d,0,d
I908,2,2,0,0,s,0,0,12,0,5,s,s,3,26,2,0,3,0,0,39,1,s,13,0,1,2,0,0,0,0
I909,2,2,0,0,s,0,0,12,6,5,s,s,3,26,2,0,3,0,0,39,1,s,13,0,1,2,0,0,s,0
1781,2,2,0,1,s,0,0,12,6,5,s,s,3,26,2,0,d,0,0,39,1,s,13,d,1,2,0,0,s,0
1780,2,2,0,0,s,0,0,12,6,5,s,s,3,26,2,0,3,0,0,39,1,s,13,d,1,2,0,0,s,d
1737,2,d,d,d,s,0,0,12,0,5,s,s,d,d,2,0,3,0,0,39,1,s,13,0,1,d,0,0,0,0
I911,0,2,0,0,s,0,0,12,0,0,s,3,0,26,2,0,3,0,0,39,0,s,13,0,1,2,0,0,0,0
I913,0,2,0,0,s,0,0,12,0,0,s,3,0,26,2,0,s,0,0,39,0,s,13,5,1,2,0,0,1,0
1494,0,2,1,0,s,0,37,d,0,0,s,3,d,26,2,0,s,0,0,39,0,s,13,d,1,2,0,2,1,0
I915,0,2,0,0,s,0,0,12,0,0,s,3,0,26,2,5,s,0,22,39,0,s,13,5,1,2,0,0,1,0
1693,0,2,0,0,s,d,d,12,0,0,s,d,0,26,d,5,s,d,22,39,0,s,13,5,1,2,0,s,1,0
1692,0,2,0,0,s,0,0,12,0,0,s,3,0,d,2,5,s,d,22,39,s,s,13,5,1,2,0,0,1,0
I919,0,2,0,0,s,0,0,12,0,0,s,3,0,26,2,25,3,0,0,39,0,s,13,0,1,2,0,0,1,0
1683,s,2,4,0,s,0,0,12,0,0,s,3,0,26,2,25,3,0,0,39,0,s,13,0,1,2,d,0,1,0
I923,0,2,0,0,s,0,0,12,0,5,s,3,3,26,2,25,3,0,0,39,0,s,13,0,1,2,15,0,1,0
1930,0,2,0,0,s,0,d,12,0,5,s,3,3,d,2,25,3,0,d,39,0,s,13,0,1,2,15,0,d,s
I925,0,2,0,0,s,0,0,12,0,5,s,3,3,26,2,25,3,2,0,39,0,s,13,0,1,2,15,0,1,0
1803,0,2,0,0,s,0,0,12,0,d,s,3,3,26,2,25,d,2,0,39,0,s,13,0,d,2,15,0,1,0
1802,0,2,0,d,s,0,0,12,0,d,s,3,3,26,2,25,3,2,0,39,0,s,d,0,1,2,15,0,1,0
I926,0,0,0,0,s,31,0,12,0,0,s,3,0,26,2,13,1,0,4,0,1,s,0,0,0,2,6,0,0,0
I927,0,0,0,0,s,31,0,12,0,0,s,3,0,26,s,13,1,0,4,0,1,s,0,0,0,2,6,0,0,0
I928,0,0,0,0,s,31,0,12,0,0,s,3,0,26,s,13,1,0,4,0,1,s,0,0,0,2,6,0,0,0
1926,d,0,0,0,s,d,0,12,14,0,s,3,0,26,s,d,d,0,4,0,1,s,0,0,0,2,d,0,0,0
I932,0,0,4,0,s,31,0,12,0,0,s,3,0,26,s,13,1,2,4,0,1,s,0,0,0,2,6,0,0,0
1848,d,0,d,0,s,d,6,d,0,5,s,3,0,26,s,13,1,2,d,0,1,s,d,5,0,d,6,0,1,6
1877,0,0,4,0,s,31,0,d,d,0,s,3,0,26,s,13,1,2,4,0,1,s,8,0,0,2,6,0,0,0
I935,0,2,s,0,s,31,0,12,0,0,s,3,0,26,s,13,1,2,4,0,1,s,1,0,1,2,6,0,0,0
1961,0,2,s,3,s,31,0,12,d,0,s,3,0,26,s,13,1,2,4,0,1,s,1,d,d,2,6,0,0,0
I939,0,2,s,0,s,31,0,12,16,0,s,3,0,26,s,13,1,2,4,0,1,s,1,0,1,2,6,0,0,0
1956,0,2,s,0,s,31,0,12,16,0,s,3,0,d,s,d,1,2,4,s,1,s,d,0,d,2,d,0,s,0
1934,0,2,s,0,s,31,0,12,d,5,s,3,0,26,s,13,d,2,4,0,1,s,1,0,1,2,6,d,0,d
I942,0,0,4,0,s,31,2,12,0,5,s,3,0,26,2,13,1,0,4,0,1,s,0,0,0,2,6,0,0,0
I943,0,0,4,0,s,31,2,12,0,5,s,3,0,26,2,13,1,0,4,0,1,s,0,0,0,2,6,0,0,0
I944,0,0,4,0,s,31,2,12,0,5,s,3,0,26,2,13,1,0,4,0,1,s,0,0,0,2,6,0,1,0
1717,0,0,4,d,s,31,2,12,0,5,s,d,d,d,2,13,1,0,4,0,d,s,d,d,d,2,6,2,1,2
I946,0,0,4,0,s,31,2,12,0,5,s,3,0,26,2,13,1,0,4,0,1,s,0,0,0,2,6,0,1,0
1913,d,d,4,0,s,s,2,d,0,5,s,3,d,26,2,13,1,0,4,0,1,s,0,0,0,2,6,0,1,0
1912,0,0,d,0,s,31,d,12,0,5,s,3,d,26,2,13,1,0,4,0,1,s,0,0,0,2,6,0,1,20
I947,0,0,4,1,s,31,2,12,0,5,s,3,0,26,2,13,1,0,4,0,1,s,2,0,0,2,6,0,0,0
I948,2,0,4,1,s,31,2,12,14,5,s,3,0,26,2,13,1,0,4,0,1,s,2,1,0,2,6,0,0,0
1645,2,0,4,1,s,31,2,12,14,5,s,3,0,26,2,13,1,0,4,0,1,s,2,1,1,2,6,0,d,0
1644,2,0,4,1,s,31,2,12,14,5,s,3,d,26,2,13,d,0,4,0,1,s,2,1,0,2,6,d,1,0
1617,0,2,4,1,s,31,2,12,0,d,s,d,0,26,2,13,d,2,4,d,1,s,2,0,0,2,6,0,0,0
I950,0,0,4,0,s,31,2,12,0,5,s,3,0,26,2,13,1,0,4,0,1,s,0,0,0,2,6,0,0,0
1629,0,0,4,0,s,31,2,12,0,5,s,3,0,26,2,13,1,2,4,0,1,s,1,0,2,2,6,0,0,0
1945,d,0,4,0,s,31,2,12,0,5,s,3,0,26,2,13,1,0,4,0,1,s,0,d,s,d,6,4,0,0
I957,0,0,4,1,s,0,0,12,26,0,s,3,0,0,2,0,0,0,0,0,0,s,0,5,0,0,0,0,0,0
I958,0,0,4,1,s,0,0,12,26,0,s,3,0,0,2,0,0,0,24,0,0,s,2,5,1,0,25,0,0,0
I959,0,0,4,1,s,0,0,12,26,s,s,3,0,0,2,27,0,2,24,7,0,s,2,5,1,0,25,0,0,0
I960,0,0,4,1,s,0,17,12,26,s,s,3,0,0,2,27,3,2,24,7,0,s,2,5,1,0,25,0,0,6
I961,0,4,4,1,s,15,17,12,26,s,s,3,0,0,2,27,3,2,24,7,0,s,2,5,1,0,25,0,0,6
1213,0,4,4,1,s,15,17,s,26,s,s,3,0,0,2,27,3,2,24,7,0,s,2,d,1,0,25,0,0,6
1240,0,s,4,1,s,15,d,12,26,s,s,d,3,d,2,27,d,2,24,7,0,s,2,5,1,0,25,0,0,6
I966,0,0,4,1,s,0,17,12,26,s,s,3,0,0,2,27,3,2,24,7,0,s,2,5,1,0,s,0,0,6
1061,0,0,4,1,s,0,17,12,26,s,s,3,d,0,2,27,3,2,24,7,0,s,2,5,1,2,s,0,0,d
1060,0,0,4,1,s,s,17,s,26,s,s,3,3,d,d,27,3,2,24,7,4,s,2,5,1,d,s,0,0,d
I967,0,s,4,1,s,31,0,s,26,s,s,3,0,0,2,27,1,2,24,7,0,s,2,5,1,0,25,0,0,0
I968,0,s,4,1,s,31,0,s,26,s,s,3,0,0,2,27,1,2,24,7,0,s,2,5,1,0,25,2,0,0
1473,0,s,4,1,s,31,0,s,26,s,s,3,d,0,2,27,1,2,24,7,0,s,2,5,1,0,25,2,0,0
I970,0,s,4,1,s,31,0,s,26,s,s,3,0,0,2,27,1,2,24,7,0,s,2,5,1,0,25,2,1,0
1581,0,s,4,1,s,31,0,s,d,s,s,3,0,0,2,27,1,2,24,7,0,s,2,5,1,d,d,2,d,d
1580,d,s,d,1,s,d,d,s,26,s,s,d,0,0,2,27,1,2,24,7,0,s,2,5,d,0,25,d,1,0
I971,0,s,4,1,s,31,0,s,26,s,s,3,0,0,2,27,1,2,24,7,2,s,2,5,1,0,25,0,0,0
1315,0,s,4,1,s,31,d,s,d,s,s,3,2,0,2,27,1,2,24,7,2,s,2,s,1,d,25,0,0,0
1446,0,s,4,d,s,31,0,s,26,s,s,3,0,0,2,27,1,2,24,7,2,s,2,5,1,0,25,2,0,0
I974,0,0,4,1,s,0,0,12,26,0,s,3,0,0,s,0,0,0,24,0,0,s,2,5,1,0,25,0,1,0
I975,0,0,4,1,s,0,0,12,26,0,s,3,0,0,s,0,0,2,24,0,0,s,2,5,1,0,25,0,1,0
I976,0,0,4,1,s,0,0,12,26,0,s,3,s,0,s,0,0,2,24,0,0,s,2,5,1,0,25,0,1,0
1308,0,0,4,1,s,d,0,12,26,d,s,3,s,0,s,17,0,2,d,0,0,s,2,5,1,0,25,2,1,0
1612,0,d,4,d,s,0,0,12,26,0,s,3,s,d,s,0,0,d,24,0,0,s,2,5,1,2,25,0,1,0
I979,0,0,4,1,s,0,9,12,26,0,s,3,3,0,s,0,0,2,24,39,0,s,2,s,1,0,25,0,1,0
I980,0,0,4,1,s,0,9,12,26,5,s,3,3,0,s,0,0,2,24,39,s,s,2,s,1,0,25,2,1,0
1513,0,0,4,1,s,0,9,12,26,d,s,3,d,0,s,0,0,2,24,d,s,s,2,s,1,d,25,2,1,0
1512,0,2,s,1,s,0,9,12,26,5,s,3,3,0,s,0,0,2,d,39,s,s,2,s,1,0,25,2,1,0
1702,d,0,4,1,s,0,9,12,26,d,s,3,3,0,s,0,0,2,24,d,0,s,2,s,1,0,25,0,d,0
I982,0,0,4,1,s,0,0,12,26,0,s,3,0,0,s,0,0,0,24,0,0,s,2,5,1,s,25,0,1,0
1728,0,2,4,1,s,6,6,12,26,0,s,d,3,0,s,0,0,0,24,s,0,s,2,5,d,s,25,0,1,0
I986,0,0,4,1,s,0,0,12,26,0,s,3,3,0,s,0,0,0,24,0,0,s,2,5,1,s,25,0,1,0
1258,0,0,4,1,s,8,0,d,26,0,s,d,3,0,s,0,0,0,24,0,0,s,2,5,d,s,25,0,1,0
I988,0,2,4,s,s,0,0,12,26,0,s,3,3,0,s,33,0,0,24,26,6,s,2,5,1,s,25,0,1,41
1591,0,2,d,s,s,0,0,12,26,0,s,3,3,d,s,33,0,0,24,26,d,s,2,5,1,s,25,0,d,41
1590,0,2,4,s,s,0,0,d,26,d,s,3,3,0,s,33,d,0,24,d,6,s,2,d,1,s,25,0,1,41
I989,0,0,4,1,s,0,0,12,26,0,s,3,0,0,2,0,0,0,0,0,1,s,0,5,0,0,4,0,0,0
I990,s,0,4,1,s,0,0,12,26,0,s,3,0,0,2,0,0,0,0,0,1,s,0,5,0,0,4,0,0,0
I991,s,0,4,1,s,0,0,12,26,0,s,3,0,0,2,0,0,0,0,0,1,s,s,5,0,0,4,0,0,0
I992,s,0,4,1,s,0,0,12,26,0,s,3,0,0,2,0,0,0,0,0,1,s,s,5,1,0,4,0,0,2
1312,s,0,4,1,s,0,d,12,26,1,s,3,0,0,2,0,0,0,0,12,1,s,s,5,1,0,4,d,0,2
1231,s,0,4,1,s,0,0,12,26,d,s,d,2,0,2,0,4,0,0,0,1,s,s,5,1,6,d,2,0,2
I995,s,0,4,1,s,0,0,s,26,0,s,3,0,0,2,0,0,0,10,0,1,s,s,5,0,0,4,0,0,0
I996,s,0,4,1,s,0,0,s,26,0,s,3,0,0,2,0,0,0,10,0,1,s,s,5,11,0,4,0,0,0
1509,s,0,4,1,s,0,0,s,d,0,s,3,0,0,d,d,0,0,10,0,1,s,s,5,11,0,4,0,0,0
1508,s,0,4,1,s,0,0,s,26,0,s,3,0,0,2,0,0,0,10,0,d,s,s,5,11,0,4,0,d,0
1395,s,d,4,1,s,0,0,s,26,0,s,3,s,0,2,0,0,d,10,0,1,s,s,d,0,d,4,2,1,0
I998,s,0,4,1,s,5,21,12,26,0,s,3,0,0,2,10,0,0,0,0,1,s,0,5,0,0,4,0,0,0
I999,s,1,4,s,s,5,21,12,26,0,s,3,0,0,2,10,0,0,0,0,1,s,0,5,0,0,4,0,0,0
I1001,s,1,4,s,s,5,21,12,26,0,s,3,0,0,2,10,0,0,0,0,1,s,0,5,0,0,4,0,1,0
2015,s,1,4,s,s,5,21,12,26,d,s,d,0,0,2,10,0,d,d,0,1,s,0,5,0,0,d,0,1,0
2014,s,1,4,s,s,d,21,12,26,0,s,3,d,0,2,10,0,0,0,0,d,s,0,5,0,0,d,0,1,0
1026,s,1,4,s,s,5,21,d,26,0,s,d,0,36,s,10,0,0,0,0,1,s,s,d,0,0,s,0,0,0
I1004,s,0,4,1,s,5,21,12,26,5,s,3,0,0,2,10,0,1,0,0,1,s,0,5,0,0,4,0,0,0
I1005,s,2,4,1,s,5,21,12,26,5,s,3,0,0,2,10,0,1,0,0,1,s,0,5,1,2,4,0,0,0
2005,s,2,4,d,s,5,21,d,26,5,s,3,0,0,2,10,d,1,12,0,1,s,2,5,1,2,4,0,0,s
1010,s,s,d,d,s,5,21,12,26,5,s,d,0,d,2,10,0,1,0,0,s,s,0,5,1,2,4,0,0,0
I1007,s,0,4,1,s,5,21,12,26,5,s,3,0,0,2,10,0,1,0,0,1,s,0,5,0,0,4,0,0,0
1979,s,0,4,1,s,5,21,s,26,5,s,3,0,s,2,10,0,1,d,0,1,s,0,5,d,0,d,d,0,0
1038,s,0,4,d,s,5,21,d,26,5,s,3,0,0,2,d,0,1,0,0,d,s,d,5,0,0,4,0,0,0
I1009,0,0,4,1,s,0,0,12,26,0,s,3,0,26,2,0,0,0,0,0,1,s,5,5,0,0,4,0,0,0
I1010,0,0,4,1,s,0,0,12,26,5,s,3,0,26,2,0,0,0,0,0,1,s,5,5,0,0,4,0,0,0
I1011,0,0,4,1,s,0,0,12,26,5,s,3,0,26,2,0,0,0,0,0,1,s,5,5,0,0,4,0,0,0
1305,0,0,4,1,s,d,0,d,26,d,s,3,d,26,d,0,0,0,0,0,1,s,d,d,0,0,4,d,0,0
I1013,0,0,4,1,s,0,0,12,26,5,s,3,0,26,2,0,1,0,0,0,1,s,5,5,0,0,4,0,0,0
1115,d,0,4,1,s,0,0,12,26,5,s,3,0,26,2,0,d,0,0,d,1,s,5,5,0,0,4,0,d,0
1114,0,0,4,d,s,0,0,12,26,5,s,3,0,26,2,0,1,d,0,0,1,s,d,d,0,0,4,d,0,0
I1014,2,0,4,1,s,0,0,12,26,5,s,3,0,26,2,0,0,0,0,0,1,s,5,5,0,0,4,0,0,0
I1015,2,0,4,1,s,0,0,12,26,5,s,3,0,26,2,0,0,0,0,0,1,s,5,5,0,2,4,0,0,0
1121,2,0,d,1,s,0,0,12,26,5,s,3,0,26,2,0,0,0,0,0,1,s,5,5,0,2,4,0,0,0
1120,d,0,4,1,s,0,0,12,26,5,s,3,0,26,d,d,0,d,6,0,1,s,5,d,0,2,d,0,d,d
1163,2,0,4,d,s,6,0,d,26,5,s,3,0,26,d,0,0,0,0,s,1,s,5,5,0,d,4,0,1,0
I1017,0,0,4,1,s,0,0,12,26,0,s,3,0,26,2,0,0,0,0,0,1,s,5,5,11,0,4,0,0,0
I1018,0,0,4,1,s,0,0,12,26,0,s,3,0,26,2,0,0,0,0,0,1,s,5,5,11,0,4,0,0,0
I1019,0,0,4,1,s,0,0,12,26,5,s,3,0,26,2,0,0,0,0,0,1,s,5,5,11,0,4,0,0,0
1371,0,0,4,1,s,0,0,12,26,5,s,3,0,26,2,0,0,0,0,0,1,s,5,5,d,0,4,0,0,0
1370,0,d,4,1,s,0,0,d,26,5,s,3,d,26,2,0,0,0,0,0,1,s,5,5,d,0,d,s,0,0
I1020,0,2,4,1,s,0,0,12,26,3,s,3,0,26,2,0,0,0,0,0,1,s,5,5,11,0,4,0,0,0
1443,d,2,d,1,s,0,3,12,d,3,s,3,0,26,2,0,d,0,0,0,1,s,d,5,s,d,4,0,0,0
1442,0,2,4,1,s,0,0,12,26,3,s,3,0,26,d,0,0,0,0,d,1,s,5,5,d,d,4,0,s,d
I1021,0,2,4,1,s,0,0,12,26,0,s,3,0,26,2,0,0,1,0,0,1,s,5,5,11,0,4,0,0,0
1096,0,2,4,1,s,0,0,12,d,0,s,3,0,26,2,0,0,s,24,0,1,s,5,5,11,0,4,2,0,0
1337,2,d,4,1,s,0,4,d,26,0,s,3,0,26,2,0,0,d,d,d,1,s,5,5,d,0,4,d,0,0
