cell,r1,r2,r3,r4,r5,r6,r7,r8,r9,r10,r11,r12,r13,r14,r15,r16,r17,r18,r19,r20,r21,r22,r23,r24,r25,r26,r27,r28,r29,r30
I1,0,0,0,0,0,0,0,0,0,0,0,0,0,0,2,0,0,0,0,0,0,0,0,0,0,0,0,0,0,8
I2,0,0,0,0,0,0,0,10,0,0,0,0,0,0,2,0,0,0,0,0,0,0,0,16,0,21,4,0,0,8
I3,0,0,0,1,0,15,0,10,0,0,0,3,0,0,2,0,0,0,0,0,0,0,0,16,0,21,4,0,0,8
I4,0,0,0,1,0,15,0,10,0,0,0,3,0,0,2,0,0,0,0,38,0,0,0,16,0,21,4,0,s,8
I5,0,0,1,1,0,15,0,10,0,0,0,3,0,0,2,0,0,0,7,38,0,0,0,16,0,21,4,0,s,8
I6,0,0,1,1,0,15,0,10,0,0,0,3,0,0,2,0,0,0,7,38,0,0,0,16,0,21,4,0,s,8
I7,0,0,1,1,0,15,0,10,0,0,0,3,0,0,2,12,0,0,7,38,0,0,0,16,0,21,4,0,s,8
I8,0,0,1,1,0,15,0,10,0,0,0,3,s,0,2,12,0,0,7,38,0,0,2,16,1,21,4,0,s,8
1981,3,0,1,s,0,15,0,10,s,0,0,3,s,0,2,12,1,d,7,38,s,0,2,16,1,21,4,0,s,8
1425,0,0,1,1,0,15,0,10,d,15,0,3,s,0,2,12,0,0,d,38,0,0,2,16,d,21,4,0,s,8
I15,0,1,1,1,0,15,0,10,0,0,1,3,2,0,2,12,0,0,7,38,0,0,0,16,0,21,4,0,s,8
1311,0,1,1,s,d,15,0,10,0,2,1,3,2,13,2,12,0,0,d,38,0,0,0,16,5,21,4,0,s,8
I19,0,1,1,1,0,15,0,10,0,0,1,3,2,0,2,12,0,0,7,38,0,0,0,16,0,21,4,0,s,8
I20,0,1,1,1,0,15,0,10,0,0,1,s,2,0,2,12,0,0,7,38,0,0,0,16,0,21,4,0,s,8
1283,0,d,1,1,0,15,0,10,0,0,1,s,2,0,2,12,0,d,7,38,s,0,0,d,5,21,4,2,s,8
1282,0,1,1,1,0,15,0,d,0,0,1,s,2,0,2,12,0,0,7,38,0,0,d,16,0,21,4,d,s,d
I21,0,1,1,1,0,15,0,10,0,0,1,3,2,0,2,12,0,0,7,38,0,0,0,16,0,21,4,0,s,8
1599,0,1,1,1,0,15,0,10,0,0,1,3,2,0,2,12,0,0,7,38,0,0,0,16,0,21,4,0,s,8
1598,0,1,d,1,0,15,0,10,0,0,d,d,2,0,2,12,5,1,7,38,0,d,0,16,0,21,4,0,s,8
I22,0,0,1,1,0,15,0,10,0,0,0,3,0,0,2,0,0,0,7,38,0,0,0,16,0,21,4,0,s,8
I23,0,0,1,1,0,15,0,10,0,0,0,3,5,0,2,0,0,0,7,38,0,0,0,16,0,21,4,0,s,8
I24,0,0,1,1,0,15,0,10,0,0,0,3,5,0,2,0,0,0,7,38,0,0,0,16,0,21,4,0,s,8
1607,3,0,1,1,0,15,11,10,d,0,0,3,5,0,2,7,20,0,7,38,0,0,d,16,4,21,4,s,s,8
I26,3,0,1,1,0,15,0,10,0,0,0,3,5,0,2,6,0,0,7,38,0,0,0,16,0,21,4,0,s,8
1639,d,0,1,1,0,15,0,10,d,0,0,3,5,s,2,6,0,0,7,38,d,0,d,16,d,21,4,0,s,8
1638,3,0,1,1,0,15,d,d,0,0,0,3,5,0,2,6,0,0,7,38,0,d,d,16,0,21,4,0,s,8
I27,0,0,1,1,0,15,0,10,0,0,0,3,5,25,2,0,13,0,7,38,0,0,0,16,0,21,4,0,s,8
1435,d,0,1,1,0,15,d,10,0,0,0,3,5,25,2,d,13,0,7,38,0,0,d,16,0,21,4,d,s,8
1333,d,0,1,1,0,d,0,10,d,d,0,3,5,25,2,26,13,1,7,38,0,0,0,16,0,21,4,0,s,8
I30,0,0,1,1,0,15,0,10,0,0,0,3,0,0,2,0,0,0,7,38,14,0,0,16,30,21,4,0,s,8
I31,0,0,1,1,0,15,0,10,0,0,0,3,0,0,2,0,0,0,7,38,14,0,0,16,30,21,s,0,s,8
1521,0,0,1,1,0,15,0,s,0,d,0,3,0,0,2,0,0,d,7,38,14,1,0,16,30,21,s,0,s,8
1504,0,0,1,1,0,15,24,10,3,0,0,d,0,0,d,d,0,d,s,d,14,0,0,16,30,21,s,0,s,8
I34,0,0,1,1,0,15,0,10,0,0,0,3,0,0,2,0,0,0,7,38,14,0,0,16,30,21,4,0,s,8
I35,0,0,1,1,0,15,0,10,0,0,0,3,0,0,2,0,0,0,7,38,14,0,0,16,30,21,4,0,s,8
1491,0,0,1,1,0,15,0,10,d,0,0,3,d,0,2,d,0,0,7,38,14,0,0,16,d,21,4,0,s,8
1490,0,0,1,1,0,15,0,10,0,0,0,3,0,0,2,0,0,d,7,38,14,0,0,16,30,21,4,0,s,8
1755,0,s,1,1,0,15,0,10,0,d,0,3,0,0,2,6,0,0,7,d,14,0,0,16,30,21,4,0,s,8
I37,0,1,1,1,0,15,0,10,3,0,0,3,0,0,2,12,0,0,7,38,0,0,0,16,21,21,4,0,s,8
I38,0,1,1,1,0,15,s,10,3,0,0,3,0,0,2,12,0,0,7,38,0,0,2,16,21,21,4,0,s,8
I39,0,1,1,1,0,15,s,10,3,0,0,3,0,0,2,12,0,0,7,38,s,0,2,16,21,21,4,0,s,8
1302,0,1,1,d,0,d,s,d,3,0,0,3,0,1,2,12,0,0,7,38,s,0,2,d,21,21,4,2,s,8
I43,0,1,1,1,0,15,s,10,3,0,0,3,0,0,2,s,0,0,7,38,s,0,2,16,21,21,4,0,s,8
I44,0,1,1,1,0,15,s,10,3,0,0,3,0,0,2,s,0,0,7,38,s,0,2,16,21,21,4,0,s,8
1449,0,1,1,1,0,15,s,10,3,0,0,3,d,0,2,s,0,0,7,38,s,0,2,16,21,21,4,d,s,d
1448,0,1,1,1,d,15,s,10,3,0,0,3,0,0,2,s,17,0,7,38,s,0,2,16,21,21,4,d,s,8
1349,d,d,1,1,0,15,s,10,3,0,0,3,d,0,d,s,0,0,7,d,s,0,d,16,21,21,4,2,s,8
I46,0,1,1,1,0,15,s,10,3,0,0,3,s,0,2,12,0,2,7,38,0,0,2,16,21,21,4,0,s,8
I47,3,1,1,1,0,15,s,10,s,0,1,3,s,0,2,12,0,2,7,38,1,0,2,16,21,21,4,0,s,8
I48,3,1,1,1,0,15,s,10,s,0,1,3,s,0,2,12,0,2,7,38,1,0,2,16,21,21,4,0,s,8
1971,3,1,1,d,0,15,s,10,s,15,1,3,s,0,2,d,0,2,7,38,1,0,2,16,21,21,4,0,s,d
1052,d,1,1,1,0,15,s,10,s,0,1,3,s,0,2,12,0,d,7,38,1,20,d,16,21,d,d,0,s,8
1193,3,1,1,d,0,d,s,10,s,0,1,3,s,0,2,12,0,2,7,d,1,0,2,16,21,d,4,0,s,8
I51,0,1,1,1,0,15,s,10,3,0,0,3,s,2,2,12,0,2,7,38,20,0,2,16,21,21,4,0,s,8
1125,0,1,1,1,0,15,s,10,3,0,0,3,s,2,2,12,0,d,7,38,20,0,2,16,21,21,4,0,s,8
1035,0,1,1,1,0,15,s,10,3,15,0,3,s,2,2,d,0,s,7,s,20,s,2,16,21,21,4,0,s,8
I54,0,1,1,1,0,15,0,10,3,0,1,3,0,0,2,12,0,0,7,38,0,20,0,16,21,21,4,0,s,8
I55,0,1,1,1,0,15,0,10,3,0,1,3,0,0,2,12,0,0,7,38,0,20,0,16,21,21,4,0,s,8
1118,0,1,1,1,0,15,2,10,d,0,1,3,0,0,2,12,2,d,7,38,d,d,d,16,21,21,4,2,s,8
I59,0,1,1,1,0,15,0,10,3,0,1,3,0,0,2,12,0,0,7,38,0,20,0,16,21,21,4,0,s,8
I60,0,1,1,1,0,15,0,10,3,0,1,3,0,0,2,12,0,0,7,38,0,20,0,16,21,21,4,0,s,8
1411,d,d,1,1,0,15,0,s,3,0,1,3,0,0,2,12,0,d,d,38,0,20,0,16,d,21,4,0,s,d
1410,0,1,1,1,62,15,0,10,3,d,1,3,0,0,2,12,0,0,7,d,0,20,0,16,d,21,d,0,s,8
1482,0,1,d,1,0,15,34,10,3,0,1,3,0,0,2,12,d,0,7,38,d,20,0,d,21,21,4,0,s,8
I62,0,1,1,1,0,15,0,10,3,0,1,3,0,0,2,12,0,0,7,38,0,20,0,16,21,21,4,0,s,8
I63,0,1,s,1,0,15,0,10,3,0,1,3,0,0,2,12,0,0,7,38,0,20,0,16,21,21,4,2,s,8
1113,3,1,s,1,0,15,0,d,3,0,s,3,0,0,2,12,0,0,7,38,0,20,0,16,21,d,4,2,s,8
1404,0,1,s,1,0,15,0,10,3,0,1,3,0,0,d,12,0,0,7,s,d,20,3,16,21,21,4,2,s,8
1457,0,1,1,1,d,15,0,10,3,0,1,3,d,0,2,d,0,d,7,38,0,20,d,16,21,21,4,0,s,8
I69,0,0,0,1,0,15,0,10,0,0,0,3,0,0,2,0,0,0,0,38,0,0,0,16,0,21,4,0,s,8
I70,s,0,0,1,0,15,0,10,3,0,1,3,0,0,2,3,0,0,0,38,0,0,s,16,0,21,4,0,s,8
I71,s,0,0,1,0,15,0,10,3,0,1,3,0,0,2,s,0,0,0,38,0,0,s,16,0,21,4,1,s,8
I72,s,0,0,1,0,15,0,10,3,0,1,3,0,0,2,s,2,0,0,38,0,0,s,16,0,21,4,1,s,8
I73,s,0,0,1,0,15,0,10,3,0,1,3,0,0,2,s,2,0,0,38,0,0,s,16,16,21,4,1,s,8
1286,s,0,0,d,0,15,0,10,3,12,1,3,0,0,2,s,2,0,d,38,0,d,s,16,16,21,4,1,s,8
1150,s,0,0,1,0,15,0,d,3,0,1,3,0,0,2,s,2,0,d,38,d,0,s,16,16,21,4,d,s,8
I76,s,0,0,1,40,15,0,10,3,0,1,3,0,0,2,s,2,0,0,38,0,0,s,16,0,21,4,1,s,8
1158,s,0,0,1,40,15,0,10,3,0,1,s,0,d,2,s,2,0,0,38,0,0,s,16,0,21,4,1,s,8
1253,s,d,0,1,40,d,d,d,3,0,1,s,0,0,2,s,2,0,0,38,0,0,s,d,0,21,4,1,s,8
I79,s,0,0,1,0,15,0,10,3,0,1,3,0,0,2,s,0,0,0,38,0,6,s,16,0,21,4,1,s,8
1343,s,0,0,d,d,d,7,10,3,0,1,3,2,d,2,s,13,0,0,38,0,6,s,16,0,21,4,1,s,8
1110,s,0,1,1,0,15,d,10,3,0,1,3,6,0,2,s,2,0,0,38,0,6,s,16,1,21,4,1,s,8
I87,s,0,1,1,0,15,0,10,3,0,1,3,0,0,2,3,10,0,3,38,20,0,s,16,16,21,4,0,s,8
I88,s,0,1,1,0,15,0,10,3,0,1,3,0,0,2,3,10,0,3,38,20,0,s,16,16,21,4,0,s,8
1191,s,1,1,d,0,d,d,10,3,0,1,3,0,d,2,3,10,0,3,38,20,0,s,16,16,21,4,0,s,s
I92,s,0,1,1,0,15,0,10,3,0,1,3,0,0,2,3,10,0,3,38,20,16,s,16,16,21,4,0,s,8
1262,s,0,d,1,d,15,0,10,3,0,1,d,2,0,2,3,10,0,3,38,20,16,s,16,d,21,4,0,s,8
I94,s,4,s,1,0,15,0,10,3,0,1,3,0,0,2,3,10,0,3,38,20,16,s,16,16,21,4,0,s,8
1377,s,4,s,1,0,15,0,10,3,0,1,3,0,0,2,d,10,2,3,38,20,16,s,16,16,21,4,0,s,8
1376,s,4,s,d,0,15,0,10,3,0,1,3,0,0,2,3,10,0,3,38,20,d,s,s,d,21,d,0,s,8
I95,s,1,1,1,0,15,0,10,3,0,1,3,0,0,2,3,10,s,3,38,20,0,s,16,16,21,4,0,s,8
I96,s,1,1,1,0,15,0,10,3,0,1,3,0,0,2,3,10,s,3,38,20,0,s,16,16,21,4,2,s,8
I97,s,1,1,1,0,15,0,10,3,0,1,3,0,14,2,3,10,s,3,38,20,0,s,16,16,21,4,2,s,8
1251,s,1,d,1,0,d,0,10,d,0,1,3,0,14,2,3,d,s,d,d,20,0,s,16,16,21,4,2,s,8
1250,s,1,1,1,0,15,0,10,3,0,d,3,0,14,2,3,10,s,d,38,20,0,s,16,16,21,4,2,s,8
1078,s,1,1,1,0,d,0,10,3,0,d,3,0,d,2,3,10,s,3,38,20,0,s,d,16,21,4,2,s,8
I99,s,1,1,1,0,15,0,10,3,3,1,3,0,0,2,3,10,s,3,38,20,0,s,s,16,21,4,0,s,8
I100,s,1,1,1,0,15,0,10,3,3,1,3,0,0,2,3,10,s,3,38,20,0,s,s,16,21,4,0,s,8
1173,s,1,1,1,0,15,d,10,3,d,d,3,0,25,s,3,d,s,3,38,20,0,s,s,d,d,4,0,s,8
1172,s,1,1,1,0,15,0,10,3,3,1,3,d,0,2,3,10,s,3,38,d,d,s,s,16,21,4,0,s,8
I101,s,1,1,1,0,15,11,10,3,3,1,3,0,0,2,3,10,s,3,38,20,0,s,s,16,21,4,0,s,8
1407,s,1,d,1,0,15,11,10,3,3,1,d,0,0,2,3,10,s,d,d,20,d,s,s,16,21,4,0,s,s
1406,s,1,1,1,0,15,11,10,3,d,1,3,0,0,2,3,10,s,3,38,20,0,s,s,16,21,4,d,s,8
I102,0,0,0,1,0,15,0,10,0,0,0,3,0,0,2,18,0,0,0,38,0,0,0,16,0,21,4,0,s,8
I103,0,0,0,1,0,15,0,10,0,0,0,3,0,0,2,18,0,0,0,38,0,0,0,16,0,21,4,0,s,8
I104,s,1,0,1,0,15,0,10,0,0,0,3,2,0,2,18,0,s,16,38,14,0,0,16,0,21,4,0,s,8
I105,s,1,0,1,0,15,0,10,5,0,0,3,2,0,2,18,0,s,16,38,14,0,0,16,0,21,4,0,s,8
I106,s,1,0,1,0,15,0,10,5,0,0,3,2,0,2,18,0,s,16,s,14,0,0,16,0,21,4,0,s,8
1007,s,d,0,1,0,15,0,10,5,2,0,3,2,0,d,18,0,s,16,s,14,d,0,16,0,21,4,d,s,d
1972,s,1,d,1,0,15,0,10,5,0,d,3,2,0,2,18,0,s,16,s,14,0,0,16,d,21,4,0,s,8
I108,s,1,0,1,0,15,0,10,5,0,1,3,2,0,2,18,0,s,16,38,14,0,0,16,0,21,4,0,s,8
1059,s,1,0,1,0,15,0,10,5,22,1,3,d,0,2,d,0,s,d,38,14,0,0,16,0,21,4,d,s,8
1058,s,1,0,1,0,15,d,10,5,0,1,3,2,0,d,18,0,s,16,38,14,0,0,16,0,21,4,0,s,8
I109,s,1,0,1,0,15,0,10,0,0,0,3,2,0,2,18,0,s,16,38,14,0,s,16,0,21,4,0,s,8
I111,s,1,0,1,0,15,0,10,0,0,0,3,2,0,2,18,12,s,16,38,14,0,s,16,0,21,4,0,s,8
1867,s,1,0,1,0,15,0,10,0,0,d,3,d,0,2,18,12,s,16,d,14,0,s,16,0,21,4,d,s,8
1866,s,1,0,1,0,15,0,10,0,0,d,3,2,0,d,18,d,s,16,d,14,0,s,16,0,d,4,0,s,8
I113,s,1,0,1,0,15,0,10,0,13,1,3,2,0,2,18,0,s,16,38,14,3,s,16,0,21,4,0,s,8
2044,s,1,0,1,0,15,0,10,d,13,1,d,2,0,2,18,0,s,16,d,14,3,s,16,0,21,4,0,s,8
2030,s,1,1,1,0,15,0,d,0,d,1,3,2,0,2,18,0,s,d,38,14,3,s,16,0,21,4,2,s,8
I116,0,0,0,1,0,15,0,10,0,0,1,3,0,0,2,18,0,0,0,38,0,0,0,16,0,21,4,0,s,8
I117,0,0,0,1,0,15,6,10,0,0,1,3,0,0,2,18,0,0,0,38,0,0,0,16,0,21,4,0,s,8
1099,d,0,0,1,5,15,6,d,0,0,1,3,d,0,2,18,d,d,0,d,d,0,d,16,0,21,4,0,s,d
I119,0,0,0,1,0,15,6,10,0,0,1,3,0,0,2,18,0,0,3,38,0,0,0,16,0,21,4,s,s,8
1049,0,0,0,1,0,15,6,d,0,0,1,3,d,0,2,18,0,0,3,38,0,0,d,16,0,21,s,s,s,8
1048,0,0,0,1,0,15,d,10,0,0,d,3,0,0,2,18,0,0,3,38,0,0,0,16,0,21,d,s,s,d
I122,0,0,0,1,0,15,0,s,0,8,1,3,0,0,2,18,0,0,0,38,9,0,4,16,0,21,4,2,s,8
983,d,d,0,1,0,15,0,s,0,8,1,3,0,0,2,18,0,d,0,38,9,0,4,16,0,21,4,d,s,8
I123,0,0,0,1,0,15,0,s,0,8,1,3,2,0,2,18,0,0,11,38,9,0,4,16,0,21,4,2,s,8
1965,0,d,0,1,0,d,0,s,0,8,1,3,d,d,2,18,0,0,11,38,9,0,4,16,0,d,d,2,s,8
1964,0,0,1,d,0,15,0,s,d,d,1,3,2,0,d,18,0,0,d,38,9,0,4,16,d,21,4,2,s,d
I124,0,0,0,1,3,15,24,10,0,7,0,3,0,0,2,18,0,0,0,38,0,0,0,16,s,21,4,0,s,8
I125,3,1,0,1,3,15,24,10,0,7,0,3,0,0,2,18,s,0,0,38,0,18,0,16,s,21,4,0,s,8
1132,3,s,0,1,3,15,24,10,d,7,0,3,0,0,2,18,s,1,0,38,0,18,0,16,s,21,4,d,s,8
I129,3,1,0,1,3,15,24,10,0,7,0,3,0,0,2,18,s,0,0,38,0,18,0,16,s,21,4,0,s,8
I130,s,1,0,1,3,15,24,10,0,7,0,3,0,0,2,18,s,0,0,38,0,18,0,16,s,21,4,0,s,8
1477,s,1,0,1,3,15,24,10,d,7,d,3,d,s,2,18,s,0,d,d,0,18,0,16,s,d,4,0,s,8
1476,s,1,s,1,3,15,24,10,3,7,0,d,0,0,2,18,s,0,d,38,0,18,0,16,s,d,d,d,s,8
I131,3,1,0,1,3,15,24,10,0,7,0,3,1,0,2,18,s,0,0,38,0,18,0,16,s,21,4,0,s,8
1727,3,1,0,1,3,15,24,10,3,7,d,3,1,0,2,18,s,0,0,d,0,d,0,16,s,21,4,0,s,8
1726,3,1,0,1,3,15,d,d,0,7,0,d,1,0,2,18,s,0,0,38,0,18,d,16,s,21,4,0,s,8
I132,0,0,0,1,3,15,24,10,0,7,0,3,2,0,2,18,0,0,0,38,0,0,0,16,s,21,4,0,s,8
I133,0,0,0,1,3,15,24,10,0,7,0,3,2,0,2,18,0,1,0,38,0,0,0,16,s,21,4,0,s,8
1095,0,0,0,1,3,15,24,d,0,7,0,3,s,0,2,18,1,1,d,38,0,0,0,16,s,d,4,0,s,8
1044,1,0,0,d,3,d,24,d,0,7,0,3,2,0,s,18,d,1,0,38,6,18,0,16,s,21,4,s,s,8
I136,0,0,0,1,3,15,24,10,0,7,0,s,2,13,2,18,0,0,0,38,0,0,0,16,s,21,4,0,s,8
1165,0,0,1,1,3,15,24,d,0,7,0,s,2,13,2,18,0,0,9,38,0,d,0,16,s,21,4,5,s,8
1080,0,0,d,1,3,15,24,10,0,7,0,s,2,13,2,d,0,0,0,38,0,7,d,d,s,21,4,0,s,8
I139,0,0,0,1,0,15,0,10,0,0,0,3,0,14,2,0,0,0,0,4,0,0,0,16,15,21,4,0,0,8
I140,0,0,0,1,0,15,10,10,0,0,1,3,0,14,2,0,0,0,0,4,0,0,0,16,15,21,4,0,0,8
I141,0,0,0,1,0,15,10,10,0,0,1,3,0,14,2,0,1,0,0,4,0,0,0,16,15,21,4,4,0,8
I142,0,0,0,1,0,15,10,10,0,0,1,3,s,14,2,0,1,0,0,4,0,0,0,16,15,21,4,4,0,8
I143,0,1,0,1,0,s,10,10,0,0,1,3,s,14,2,0,1,0,0,4,0,0,0,16,15,21,4,4,36,8
I144,0,1,0,1,0,s,10,10,0,0,1,3,s,14,2,17,1,0,0,4,s,0,0,16,15,21,4,4,36,8
1762,0,1,0,1,0,s,10,10,d,0,1,3,s,14,d,17,d,0,18,4,s,d,0,16,15,d,4,4,36,8
1784,0,1,d,1,0,s,10,10,3,0,d,3,s,14,2,17,d,0,16,4,s,1,0,16,15,21,4,4,d,8
I147,0,1,0,1,0,s,10,10,0,0,1,3,s,14,2,0,1,0,0,4,0,0,0,16,15,21,4,4,36,8
I148,0,1,0,1,0,s,10,10,0,0,1,3,s,14,2,0,1,0,0,4,0,0,0,16,15,21,4,4,36,8
1893,0,1,0,1,0,s,10,10,0,0,1,s,s,14,2,d,1,0,0,4,d,0,d,16,15,d,4,4,36,8
1892,0,1,0,1,d,s,d,10,d,d,1,3,s,14,2,0,1,0,d,4,d,0,0,16,15,21,4,4,36,8
I149,0,s,0,1,0,s,10,10,0,0,1,3,s,14,2,0,1,0,0,4,0,0,0,16,15,21,4,4,36,8
1805,d,s,0,1,0,s,d,10,0,0,1,3,s,s,2,0,1,0,0,4,0,0,0,d,15,21,4,4,36,8
1804,0,s,0,1,0,s,10,10,0,0,1,3,s,14,2,0,1,0,0,4,0,0,0,d,15,21,4,d,36,8
I150,3,0,0,1,0,15,10,10,0,0,1,3,s,14,2,0,1,1,0,4,0,0,0,16,15,21,4,4,0,8
988,3,0,d,1,d,15,d,10,0,0,1,3,s,14,2,0,1,1,d,4,d,0,0,d,s,21,d,4,32,8
1093,d,0,0,s,36,15,10,10,0,0,1,3,s,d,2,0,1,s,0,d,0,0,0,s,d,21,4,4,0,8
I154,0,0,0,1,0,15,10,10,0,0,1,3,0,14,2,0,1,2,10,4,0,0,4,16,15,21,4,4,0,8
I155,0,1,0,1,s,15,10,10,3,0,1,3,0,14,2,0,1,2,10,s,9,0,4,16,15,21,4,4,0,8
976,0,1,0,1,s,15,d,10,3,d,1,d,0,14,d,0,1,2,10,s,9,0,4,16,15,21,4,4,1,s
I158,0,1,0,1,s,15,10,10,3,0,1,3,2,14,2,10,1,2,10,s,9,5,4,16,15,21,4,4,s,8
1579,0,1,0,1,s,15,10,10,3,d,1,3,2,14,2,10,1,2,10,s,9,5,d,16,15,21,4,4,s,8
1725,0,1,0,d,s,15,10,10,3,0,1,3,2,14,2,10,1,2,10,s,9,5,4,16,15,d,4,4,s,8
I161,3,0,0,1,0,15,10,10,0,0,1,3,0,14,2,0,1,2,10,4,0,0,4,16,15,21,4,4,0,8
I162,3,0,0,1,0,15,10,10,0,0,1,3,0,14,2,0,1,2,10,4,0,0,4,16,15,21,4,4,0,8
I163,3,0,0,1,0,15,10,10,0,0,1,3,0,14,2,0,1,2,10,4,0,0,4,16,15,21,4,4,0,8
1365,3,0,0,1,0,15,10,10,0,0,1,3,0,14,2,0,1,2,d,4,0,0,4,16,15,21,4,4,0,8
1364,3,0,d,1,0,15,10,10,d,0,d,3,0,14,2,d,1,2,10,d,0,0,4,16,15,21,4,4,0,8
1669,3,0,1,1,0,15,10,10,0,0,1,3,0,14,2,d,1,2,10,s,0,0,d,16,d,21,4,4,21,8
I165,3,0,0,1,1,15,10,10,0,0,1,3,0,14,2,0,1,2,10,4,0,0,4,16,15,21,4,4,0,8
1902,3,0,0,d,d,15,10,10,0,0,1,3,d,14,d,d,1,2,10,4,d,0,d,16,15,21,4,4,0,8
1666,3,0,1,1,1,d,d,10,d,6,d,3,2,14,2,0,1,2,10,d,0,d,4,16,15,21,4,d,0,8
I168,0,0,0,1,41,15,10,10,0,0,1,3,0,14,2,0,0,0,0,4,0,s,0,16,15,21,4,2,0,8
I169,3,0,0,1,41,15,10,10,0,0,1,3,0,14,2,0,0,0,0,4,0,s,0,16,15,21,4,2,0,8
I171,3,0,0,1,41,15,10,10,3,15,1,3,0,14,2,0,0,0,0,4,0,s,0,16,s,21,4,2,0,8
1815,3,2,0,1,41,d,d,d,3,15,1,3,0,d,2,d,d,0,7,4,d,s,0,16,s,21,4,2,0,8
I173,3,0,0,1,41,15,10,10,3,15,1,3,0,14,2,0,0,0,0,4,9,s,0,16,s,21,4,2,0,8
1887,3,d,0,1,41,15,10,10,3,15,1,3,0,14,d,0,d,0,0,4,9,s,0,16,s,21,4,2,d,8
1886,3,0,0,1,41,d,10,10,3,d,1,d,0,14,2,0,0,0,0,4,9,s,0,16,s,21,4,2,d,8
I177,3,0,0,1,41,15,10,10,0,0,1,3,0,14,2,3,0,0,0,4,13,s,0,16,15,21,4,2,0,8
I179,3,0,1,1,41,15,10,s,0,0,1,3,0,14,2,3,0,0,16,4,13,s,0,16,15,21,4,2,0,8
1859,3,0,1,1,41,15,10,s,0,0,d,3,0,14,2,d,0,0,16,d,13,s,0,16,15,21,4,2,0,d
1858,3,0,1,1,41,15,10,s,0,0,1,3,d,14,2,3,0,0,16,4,13,s,0,d,15,21,4,d,d,8
I181,3,0,0,1,41,15,10,10,3,0,1,3,0,14,2,3,0,0,0,4,13,s,0,16,15,21,s,2,18,8
1029,3,0,s,1,41,15,10,d,3,d,1,3,d,14,2,3,0,0,d,4,13,s,0,16,15,21,s,2,18,d
I182,3,0,0,1,41,15,10,10,3,0,1,3,0,14,2,3,0,0,11,4,13,s,0,16,15,21,s,2,18,8
2043,3,0,d,1,d,15,10,10,3,0,1,3,0,d,d,3,0,0,11,4,13,s,0,16,15,21,s,2,18,8
2042,3,0,0,1,41,15,10,d,3,0,1,3,0,14,2,3,0,0,11,4,13,s,0,16,15,21,s,2,d,8
I183,0,0,0,1,41,15,10,10,0,0,1,3,0,14,2,0,0,0,0,4,0,s,0,16,15,21,4,2,0,8
I184,0,0,0,1,41,15,10,10,0,0,1,3,0,14,2,0,0,0,0,4,0,s,0,16,15,21,4,2,0,s
I185,0,0,0,1,41,15,10,10,0,0,1,3,0,14,2,0,0,0,10,4,0,s,0,16,15,21,4,2,0,s
1574,0,0,0,d,41,15,10,10,0,0,d,d,s,14,d,0,0,1,10,4,0,s,2,16,15,21,4,d,s,s
I187,0,0,0,1,41,15,10,10,0,0,1,3,0,14,2,0,0,3,10,4,0,s,0,16,15,21,4,2,0,s
1715,0,0,0,1,41,15,10,d,0,0,1,3,0,14,2,d,0,3,10,4,0,s,0,d,15,d,4,2,4,s
1714,0,0,d,1,41,15,10,10,0,0,1,3,0,14,2,0,0,3,10,4,0,s,d,16,15,21,4,2,d,s
I188,0,0,0,1,41,15,10,10,0,0,1,3,0,14,2,0,0,0,0,s,5,s,5,16,15,21,4,2,0,s
I189,0,0,0,1,41,15,10,10,0,8,1,3,0,14,2,0,0,0,0,s,5,s,5,16,15,21,4,s,0,s
1765,0,0,0,1,41,15,10,10,0,8,1,d,0,14,2,0,0,0,0,s,d,s,5,16,15,21,d,s,0,s
1764,0,0,0,d,41,15,10,10,0,8,1,3,0,d,2,d,0,0,d,s,5,s,5,16,15,21,4,s,0,s
1787,0,1,0,1,d,15,10,10,0,0,1,3,0,14,2,0,0,0,0,s,5,s,5,16,15,21,4,2,0,s
I191,0,0,0,1,41,15,10,10,0,0,1,3,0,14,2,0,0,3,0,4,5,s,0,16,15,21,4,2,0,8
I192,0,0,0,1,41,15,10,10,3,0,1,3,0,14,2,0,0,3,0,4,5,s,0,16,15,21,4,2,0,8
1793,0,0,0,1,41,15,10,10,d,0,1,d,0,14,d,0,0,d,0,4,5,s,3,16,15,21,4,d,7,8
I194,0,0,1,1,41,15,10,10,3,0,1,3,0,14,2,0,0,3,0,4,5,s,0,s,15,21,4,2,0,8
1545,0,0,1,1,41,15,10,10,3,0,1,3,d,14,2,0,0,3,0,d,d,s,0,s,15,21,4,2,d,s
1544,0,0,1,1,41,d,10,10,3,d,1,3,0,14,d,0,0,3,0,4,d,s,d,s,15,21,s,2,0,d
1537,0,s,0,1,41,s,10,10,0,0,1,s,0,14,2,d,2,3,0,4,d,s,0,16,15,21,4,2,0,8
I198,0,0,0,1,0,15,0,10,0,0,0,3,0,14,2,0,0,3,0,4,0,0,0,16,15,21,4,0,0,8
I199,0,0,0,1,0,15,0,10,s,0,0,3,0,14,2,0,0,3,0,4,0,0,1,16,15,21,4,0,0,8
I200,0,0,0,1,36,15,0,10,s,0,0,3,0,14,2,0,16,3,0,4,0,0,1,16,15,21,4,0,0,8
1056,0,0,0,1,d,15,0,10,s,0,0,3,d,14,d,d,16,3,7,4,s,6,1,d,s,s,4,0,0,8
I205,0,0,0,1,36,15,0,10,s,0,1,3,0,14,2,0,16,3,0,4,0,0,1,16,15,21,4,2,0,8
I208,s,0,0,1,36,15,2,10,s,0,1,s,2,14,2,0,16,3,0,4,0,0,1,16,15,21,4,2,0,8
1953,s,0,0,1,d,15,2,10,s,0,1,s,2,14,d,0,16,3,0,4,0,0,1,d,15,21,4,d,0,8
1952,s,0,d,1,36,15,2,10,s,0,1,s,d,d,d,0,16,3,0,d,0,0,1,16,d,21,4,2,0,8
I209,0,0,0,1,36,15,0,10,s,0,1,3,0,14,2,0,16,3,0,4,0,6,1,16,15,21,4,2,0,8
1025,0,1,0,1,d,d,0,10,s,0,1,3,0,14,2,s,16,3,0,d,0,6,1,16,15,21,4,s,0,8
1024,3,0,0,1,36,15,0,10,s,0,1,3,d,14,2,0,16,3,0,4,0,6,1,d,d,21,4,2,0,8
I210,0,1,0,1,0,15,0,10,s,0,0,3,0,14,2,0,0,3,0,4,20,0,1,16,15,21,4,0,0,8
I211,0,1,1,1,0,15,0,10,s,0,0,3,0,14,2,0,s,3,0,4,20,0,1,16,15,21,4,0,0,8
1040,0,1,1,1,0,d,0,10,s,d,0,3,d,14,2,d,s,3,0,4,20,0,d,16,d,21,4,d,0,d
2006,d,1,d,1,0,15,0,10,s,0,0,3,0,d,2,14,s,3,3,4,20,0,1,16,15,21,d,0,0,8
I216,0,1,0,1,0,15,24,10,s,0,0,s,0,14,2,0,0,3,3,4,20,4,1,16,15,21,4,0,0,8
1648,d,1,0,1,0,15,24,10,s,0,s,s,0,14,2,d,d,3,3,4,20,4,1,16,15,21,4,0,0,8
I220,0,1,0,1,0,15,24,10,s,0,0,s,0,14,2,0,0,3,3,4,20,4,1,16,15,21,4,0,0,8
I221,0,1,0,1,0,15,24,10,s,0,0,s,0,14,2,0,0,3,3,4,20,4,1,16,15,21,4,0,27,8
1583,d,1,0,1,0,15,d,10,s,0,d,s,0,14,2,0,0,d,d,4,d,d,d,16,d,21,4,0,27,8
1582,d,1,d,1,0,15,24,d,s,0,0,s,0,d,2,0,0,d,d,4,20,4,1,16,15,21,d,d,27,8
1427,0,1,0,1,0,15,d,10,s,0,0,s,0,d,2,0,0,3,3,4,20,4,1,16,d,21,4,d,0,8
I223,0,0,0,1,0,15,0,10,0,0,0,3,0,14,2,0,0,3,0,4,9,0,0,16,15,21,4,0,0,8
I224,0,1,0,1,0,15,0,10,0,0,0,3,0,14,2,0,17,3,0,4,9,0,1,16,15,21,4,0,0,8
I225,0,1,1,1,0,15,0,10,0,0,0,3,0,14,2,0,17,3,0,4,9,0,1,16,15,21,4,2,0,8
I227,0,1,1,1,0,15,0,s,0,0,0,s,0,14,2,0,17,3,0,4,9,0,1,16,15,21,4,2,12,8
1549,0,1,1,1,0,15,0,s,0,0,0,s,0,14,2,6,17,3,0,4,9,d,1,16,15,21,4,d,12,8
1548,0,1,1,1,0,15,0,s,0,d,0,s,0,14,2,0,17,3,0,4,9,0,d,16,15,21,d,2,12,8
I229,0,1,1,1,0,15,0,10,0,0,0,3,2,14,2,0,17,3,0,4,9,0,1,16,15,21,4,2,0,8
1833,0,1,1,1,0,15,0,10,d,0,0,3,2,14,2,0,17,3,0,4,9,0,1,16,d,21,4,2,0,8
1661,0,1,1,1,0,15,0,10,0,0,1,3,2,14,2,0,17,3,2,4,9,d,d,16,15,21,d,2,0,8
I232,0,1,1,1,s,15,0,10,0,0,0,3,0,14,2,0,17,3,0,4,9,0,1,16,15,21,4,0,0,8
I233,3,1,1,s,s,15,0,10,0,7,0,3,3,14,2,0,17,3,0,4,9,0,1,16,15,s,4,0,0,8
1487,d,d,1,s,s,15,d,10,0,7,0,3,3,14,2,d,17,3,0,d,d,0,1,16,15,s,4,0,0,d
I235,3,1,1,s,s,15,0,10,0,7,0,3,3,14,2,3,17,3,7,4,9,0,1,16,15,s,4,0,0,8
1563,d,1,1,s,s,15,0,10,0,7,0,3,3,14,2,3,17,3,7,4,9,0,1,16,15,s,4,0,0,8
1562,3,1,1,s,s,15,0,10,d,d,d,3,3,14,d,3,17,3,7,4,9,d,1,16,15,s,4,0,0,8
I236,0,1,1,1,s,15,0,10,0,13,s,3,0,14,2,0,17,3,0,4,9,0,1,16,15,21,4,0,3,s
1624,0,1,1,d,s,15,d,10,0,13,s,3,0,d,2,0,d,s,0,4,9,0,1,16,15,21,4,d,d,s
1440,0,1,1,1,s,15,0,10,d,13,s,3,d,14,d,0,17,d,0,4,9,33,1,16,15,21,4,0,3,s
I239,0,0,0,1,0,15,0,10,0,0,1,3,0,14,2,2,0,3,0,4,9,0,0,16,15,21,4,0,25,8
I240,0,0,0,1,0,15,0,10,0,0,1,3,0,14,2,2,0,3,0,4,9,0,5,16,15,21,4,0,25,8
I242,3,0,s,1,0,15,0,10,3,0,1,3,0,14,2,2,0,3,0,4,9,0,5,16,15,21,4,0,25,8
1951,3,0,s,1,0,15,0,d,3,0,d,3,0,14,d,2,d,3,d,4,9,0,d,16,15,21,4,0,d,d
1950,3,0,s,1,0,15,0,10,3,0,1,d,0,14,d,2,0,3,0,4,d,0,5,16,15,21,4,0,25,8
I244,0,0,0,1,0,15,0,10,0,0,1,3,0,14,2,2,0,3,0,4,9,0,5,16,15,21,4,0,25,8
985,0,d,0,1,0,15,d,10,0,0,1,3,0,d,d,2,1,3,0,4,d,0,5,d,15,21,4,2,25,8
I245,0,0,0,1,0,15,0,10,0,0,1,3,2,14,s,2,0,3,0,4,9,0,5,16,15,21,4,0,25,8
2033,0,0,0,1,0,15,d,10,d,0,1,d,d,14,s,d,0,3,0,4,9,0,d,16,15,21,4,0,25,8
2032,d,0,0,1,0,15,0,10,0,0,1,3,d,14,s,2,0,3,0,4,9,0,5,16,15,d,4,0,25,8
I246,1,0,0,1,0,15,0,10,3,0,1,3,0,14,2,2,0,3,2,4,9,6,0,16,15,21,4,0,25,8
1050,1,0,0,1,36,15,0,10,3,0,1,3,0,14,2,2,0,3,2,4,9,6,0,s,d,21,4,0,25,d
1996,1,0,1,1,0,15,0,10,3,0,1,3,0,14,2,d,d,3,2,4,d,d,d,16,15,d,4,0,25,8
I251,0,0,0,0,0,0,0,10,0,0,0,0,0,0,2,0,8,0,0,0,0,0,0,16,12,21,4,0,0,8
I252,3,1,0,0,0,0,0,10,0,0,0,0,0,0,2,0,8,0,0,0,0,0,0,16,12,21,4,0,0,8
I253,3,1,0,0,0,0,0,10,0,0,0,0,0,0,2,0,8,0,10,0,0,0,0,16,12,21,4,0,0,8
I254,3,1,0,0,0,0,0,10,0,0,0,0,0,0,2,21,8,0,10,0,0,0,0,16,12,21,4,0,0,8
I255,3,1,0,0,0,0,0,10,0,0,0,0,0,0,2,21,8,0,10,0,0,0,0,16,12,21,4,0,0,8
I256,3,1,0,0,0,0,0,10,0,0,0,0,0,0,2,21,8,3,10,0,0,0,0,16,12,21,4,0,0,8
I257,3,1,0,0,37,0,0,10,3,0,0,3,0,0,2,21,8,3,10,0,0,0,0,16,12,21,4,0,4,8
1222,3,1,0,0,37,7,2,10,3,0,1,3,0,d,2,21,8,3,10,0,0,0,0,16,12,21,4,0,4,d
I259,3,1,0,0,37,0,s,10,3,0,0,3,0,0,2,21,8,3,10,0,0,0,0,16,12,21,4,0,4,8
1379,3,1,0,0,37,0,s,10,3,0,0,3,d,0,2,d,8,3,10,d,0,0,d,16,12,21,4,0,4,d
1378,3,1,0,0,37,0,s,10,3,d,0,3,0,0,2,21,8,3,10,d,0,20,2,16,12,21,4,0,4,8
I261,3,1,0,0,0,0,0,10,3,0,0,0,0,0,2,21,8,s,10,0,0,0,1,16,12,21,4,0,0,8
1069,d,1,0,0,d,0,d,10,3,0,0,0,2,0,2,d,8,s,10,0,0,0,1,16,12,21,4,0,0,8
1068,d,1,0,0,0,d,0,d,3,0,0,d,0,0,2,d,8,s,10,0,0,0,d,16,12,21,4,0,0,8
I263,3,1,0,0,0,0,0,10,0,0,0,0,0,0,2,21,8,0,10,0,0,0,0,16,12,21,4,0,0,8
I264,3,1,1,0,0,0,0,10,0,0,0,0,0,0,2,21,8,0,10,0,0,0,4,16,12,21,4,0,0,8
I265,3,1,1,1,0,0,0,10,0,0,0,0,2,0,2,21,8,0,10,0,0,0,4,16,12,21,4,0,0,8
1101,3,1,1,1,0,0,0,10,0,0,1,0,2,0,2,21,s,0,10,d,0,0,4,s,12,21,4,0,0,8
1100,3,1,1,1,17,d,0,10,3,0,d,0,2,0,2,21,8,d,10,s,0,0,d,16,d,d,4,0,0,8
1254,3,1,1,d,s,d,0,10,d,7,0,0,0,0,d,21,s,0,10,0,1,0,4,16,d,21,4,0,0,8
I267,3,1,0,0,0,0,0,10,0,0,0,0,0,0,2,21,8,0,10,0,0,0,0,16,12,21,4,0,32,8
1054,3,1,d,0,0,0,d,10,d,0,0,0,d,d,2,21,8,0,d,0,0,0,0,d,12,21,d,d,32,s
I269,s,1,0,0,0,0,0,10,0,0,0,0,0,0,2,21,8,0,10,0,0,0,0,16,12,21,4,0,32,8
1279,s,1,0,0,0,0,0,d,0,0,0,d,0,0,2,d,8,0,10,0,0,0,0,16,12,d,4,0,32,8
1278,s,1,0,0,0,0,0,d,3,0,0,0,d,0,2,21,8,0,10,0,d,0,d,16,12,21,4,0,32,8
I270,3,1,1,0,0,0,0,10,0,15,0,0,0,0,2,21,8,0,10,0,0,0,0,16,12,21,4,0,0,8
I279,3,1,1,0,0,0,0,10,0,15,0,0,2,0,2,21,8,3,10,0,0,0,5,16,12,21,4,2,0,8
1187,3,1,1,0,0,0,0,10,d,d,0,0,2,0,2,21,8,d,10,0,0,29,5,16,d,21,4,2,0,8
1186,3,1,d,0,0,0,0,10,0,d,0,0,d,d,d,d,8,3,10,d,d,0,5,16,12,21,4,2,0,8
I280,3,1,1,0,0,0,18,10,0,15,0,0,0,0,2,s,8,0,10,0,0,0,0,16,12,21,4,0,0,8
I281,3,1,1,0,11,0,18,10,0,15,0,3,0,0,2,s,8,0,10,0,0,0,0,16,12,21,4,0,0,8
1318,d,1,1,d,11,6,18,10,0,15,1,3,d,0,2,s,d,d,d,0,1,0,0,16,12,21,4,s,0,8
1181,3,1,1,0,11,0,18,10,0,s,0,3,0,0,d,s,8,0,10,d,0,d,0,16,12,21,4,0,0,8
I284,3,1,1,0,0,0,18,10,0,15,0,0,0,0,2,s,8,0,10,0,0,0,s,16,12,21,4,0,0,8
1772,3,1,d,d,0,0,18,d,0,15,d,d,0,0,2,s,8,0,10,d,0,0,s,16,s,21,4,0,0,d
1475,3,d,1,0,0,0,18,10,0,15,0,0,0,0,2,s,8,0,10,d,0,0,s,d,12,21,d,d,d,8
I287,3,s,0,0,0,0,0,10,0,0,0,0,0,0,2,0,8,0,10,0,0,0,0,16,12,21,4,2,1,8
I288,3,s,0,0,0,0,8,10,0,0,0,0,0,0,2,0,8,0,10,0,0,0,0,16,12,21,4,2,1,8
I289,3,s,0,0,0,0,8,10,0,8,0,0,0,0,2,0,8,0,10,0,0,0,2,16,12,21,4,2,1,8
I292,3,s,0,0,0,1,8,10,0,8,0,0,0,0,2,0,8,0,10,0,0,0,2,16,12,21,4,2,1,8
1489,3,s,0,0,0,1,8,10,0,d,0,0,0,0,2,0,8,0,10,0,0,0,2,16,12,21,4,2,1,8
1488,3,s,0,0,0,1,8,10,d,d,0,0,d,0,2,d,8,0,10,0,0,0,2,16,12,21,4,2,1,8
1417,3,s,0,0,0,0,8,10,0,d,0,0,d,0,2,0,8,3,10,0,0,17,d,16,12,21,4,2,1,8
I296,3,s,0,0,0,0,8,10,0,0,0,0,0,13,2,0,8,3,10,0,0,0,0,16,s,21,4,2,1,8
I297,3,s,0,0,0,0,8,10,0,0,0,0,1,13,2,0,8,3,10,0,0,0,4,16,s,s,s,2,1,8
1732,3,s,0,0,0,0,8,10,0,d,0,0,d,13,2,0,8,3,10,0,0,0,d,16,s,s,s,d,d,8
1147,3,s,0,0,d,0,8,10,0,0,d,0,1,13,2,0,8,3,10,0,7,0,4,16,s,s,s,2,1,8
1239,3,s,d,0,0,0,8,10,0,0,0,0,0,13,d,0,8,3,s,31,0,d,0,16,s,d,4,d,1,8
I303,3,s,0,0,0,0,24,10,0,0,0,0,3,0,2,0,8,0,10,0,0,0,0,16,12,21,4,2,1,8
I305,3,s,0,0,0,0,24,10,0,0,0,0,3,0,2,0,8,1,10,0,1,0,0,16,12,21,4,2,1,8
1799,3,s,d,d,0,s,d,d,0,0,0,0,3,0,2,0,8,1,d,d,1,0,0,16,12,21,4,d,1,8
I307,3,s,1,0,0,0,24,10,0,0,0,0,3,0,2,0,8,1,10,37,1,0,0,16,12,21,4,2,1,8
1807,3,s,1,0,0,0,24,10,0,0,0,0,3,4,2,d,8,1,10,37,d,0,0,16,12,21,4,2,1,8
1806,d,s,d,0,0,0,24,10,0,0,0,0,3,0,2,0,8,1,10,37,1,0,0,16,12,21,d,2,1,8
I310,3,s,0,0,0,0,24,10,0,0,0,0,3,0,s,10,8,0,10,0,0,0,0,16,12,21,4,2,1,8
I311,3,s,0,0,17,0,24,10,0,0,0,0,3,0,s,10,8,0,10,0,0,0,0,16,12,21,4,2,1,8
1745,d,s,0,0,17,d,24,10,3,0,0,3,3,0,s,10,8,0,10,s,0,0,d,16,12,21,s,2,1,8
1369,3,s,0,0,17,0,24,10,0,s,0,d,3,0,s,10,d,0,10,0,d,0,0,16,12,21,4,2,s,8
I314,3,s,0,0,0,0,24,10,0,0,0,0,3,0,s,10,8,0,10,0,0,0,0,16,12,21,4,2,1,8
1782,3,s,0,0,0,d,d,10,0,d,0,0,3,d,s,10,8,0,10,0,0,0,0,16,12,21,4,2,1,8
1889,3,s,0,0,0,0,24,10,0,0,d,6,d,0,s,10,8,0,10,0,0,0,0,16,12,21,4,2,1,8
I317,3,1,0,0,0,0,0,s,0,0,0,0,0,0,2,0,8,0,0,0,0,0,0,16,12,21,4,0,0,8
I318,3,1,0,1,0,0,0,s,0,0,0,0,0,0,2,0,8,1,0,0,0,0,0,16,12,21,4,0,0,8
I319,3,1,0,1,0,s,0,s,0,0,0,0,0,0,2,0,8,1,0,0,0,0,0,16,12,21,4,0,0,8
I320,3,1,0,1,0,s,0,s,0,0,0,0,0,0,2,0,8,1,0,0,0,0,0,16,12,21,4,0,0,8
1801,3,1,0,1,0,s,0,s,0,0,d,0,0,d,2,0,8,s,1,1,d,0,0,16,12,d,4,5,0,8
1429,3,1,0,s,0,s,0,s,0,d,0,0,0,0,d,0,s,1,0,0,0,d,5,16,d,21,4,0,0,8
I327,3,1,0,1,0,s,33,s,0,0,0,0,2,0,2,0,8,1,9,0,0,s,0,16,12,21,4,0,0,8
1292,3,d,1,1,3,s,33,s,3,0,1,0,2,0,2,0,8,1,9,d,0,s,4,16,12,21,4,0,d,8
I331,3,1,0,1,0,s,33,s,0,0,0,0,2,0,2,0,8,1,9,0,0,s,4,16,12,21,4,0,0,8
1141,3,1,d,1,0,s,33,s,d,2,1,d,2,0,2,d,d,1,9,0,d,s,4,16,12,21,4,0,0,8
1539,3,1,0,1,d,s,33,s,0,0,0,0,2,0,d,0,8,d,9,37,5,s,4,16,d,21,4,0,0,8
I334,3,s,0,1,0,0,0,s,0,0,0,0,0,0,2,0,8,1,0,0,0,0,0,16,12,21,4,0,0,8
I335,3,s,0,1,0,0,0,s,0,0,s,0,0,0,2,0,8,1,0,0,0,0,0,16,12,21,4,0,s,8
1897,d,s,d,1,18,0,0,s,d,0,s,0,d,0,2,0,d,1,d,0,d,0,d,16,d,21,4,2,s,8
I339,3,s,0,1,0,0,0,s,0,0,s,0,0,0,2,0,8,1,0,0,0,0,0,16,12,21,4,0,s,8
1664,3,s,0,1,0,0,0,s,d,0,s,0,0,0,2,0,8,1,0,17,0,d,0,16,12,21,4,5,s,8
1899,3,s,0,1,0,0,0,s,0,0,s,0,d,0,2,0,8,1,9,0,0,0,0,16,12,d,4,d,s,8
I342,3,s,0,1,1,0,0,s,0,0,0,0,0,0,2,0,8,1,0,0,0,0,0,16,12,21,4,0,20,8
I343,3,s,0,1,1,0,0,s,0,0,0,0,0,0,2,0,8,1,0,0,0,0,0,16,12,21,4,0,20,8
I344,3,s,0,1,1,0,0,s,0,0,0,0,0,0,2,0,8,1,0,0,14,0,0,16,12,21,4,0,20,8
1735,3,s,d,1,d,0,0,s,0,0,0,0,0,0,2,0,8,1,0,0,14,0,0,16,d,21,4,d,20,8
1734,3,s,0,1,1,0,0,s,0,0,d,0,0,0,2,0,8,1,0,d,14,0,0,16,12,21,4,0,20,d
I345,3,s,0,1,1,0,0,s,0,0,0,s,0,0,2,0,8,s,0,12,0,0,0,16,12,21,4,0,20,8
1695,3,s,d,1,1,0,0,s,0,0,0,s,0,d,2,0,8,s,0,12,0,0,0,16,12,21,d,d,20,8
1694,3,s,0,1,d,0,0,s,0,0,0,s,0,d,2,d,8,s,d,12,d,0,0,16,12,d,d,0,20,8
I347,3,s,1,1,1,0,0,s,0,0,0,0,0,0,2,0,8,1,0,0,2,6,0,16,12,21,4,0,20,8
1937,3,s,1,d,d,0,d,s,d,8,d,0,0,0,2,0,8,1,d,d,2,6,0,16,12,d,4,0,20,8
1936,3,s,d,1,1,0,0,s,0,0,0,d,0,0,2,0,8,d,0,0,2,6,0,16,12,21,4,0,20,8
I349,3,1,0,0,0,0,0,s,0,0,0,0,0,0,2,0,8,0,0,0,0,0,0,16,12,21,4,2,0,8
I350,3,1,0,0,0,0,0,s,0,0,0,0,0,0,2,0,8,0,0,0,0,0,0,16,12,21,4,2,0,8
I351,3,1,0,0,0,0,0,s,0,0,0,0,0,0,2,0,8,0,0,0,0,0,4,16,12,21,4,2,0,8
I354,3,1,1,0,0,0,0,s,0,0,0,0,2,0,2,0,s,0,0,0,0,0,4,16,12,21,4,2,25,8
1769,3,1,1,0,0,0,0,s,0,0,0,0,2,d,2,0,s,0,16,0,d,0,4,16,12,21,d,2,25,8
1768,3,1,1,0,0,d,d,s,d,0,0,0,2,0,2,d,s,0,0,0,0,0,4,16,12,21,4,2,25,8
1685,3,1,1,d,3,0,0,s,0,2,d,0,0,5,2,0,d,0,14,d,d,0,4,16,d,21,d,2,0,s
I358,3,1,0,0,0,0,0,s,3,0,0,0,0,0,2,0,8,0,0,0,0,0,3,16,12,21,4,2,0,8
I361,3,1,0,0,0,0,0,s,3,s,0,0,0,0,2,s,8,0,0,0,0,0,3,16,s,21,4,2,0,8
1137,3,1,d,0,0,d,0,s,3,s,0,0,0,d,2,s,8,s,d,0,0,0,3,16,s,d,4,2,0,8
1136,3,1,0,0,0,0,d,s,3,s,0,0,2,0,2,s,8,1,0,0,0,0,3,16,s,21,4,2,0,8
I362,3,1,1,0,37,0,0,s,3,0,1,0,0,0,2,0,8,s,0,0,0,s,3,s,12,21,4,2,0,8
1219,3,1,1,0,d,0,0,s,d,4,1,0,0,0,2,21,8,s,0,s,0,s,3,s,12,21,4,2,0,d
I364,3,1,1,0,37,0,0,s,3,0,1,0,0,0,2,2,8,s,0,0,0,s,3,s,12,21,4,2,0,8
1247,3,1,1,0,37,d,0,s,3,0,1,0,0,0,d,2,8,s,0,0,0,s,3,s,d,21,4,2,0,8
1246,s,1,1,d,37,0,0,s,3,0,1,0,2,0,2,d,8,s,3,d,9,s,3,s,12,21,4,2,0,8
I365,3,1,1,0,0,0,0,s,0,0,0,0,0,0,2,10,8,0,0,0,0,6,0,16,12,21,4,2,0,8
I366,s,1,1,1,0,0,0,s,0,7,0,0,0,19,s,10,8,0,0,0,0,6,0,16,12,s,4,2,0,8
I367,s,1,1,1,0,0,0,s,0,7,0,0,0,19,s,10,8,0,0,0,0,6,0,16,12,s,4,2,1,8
1650,s,1,1,d,0,0,21,s,0,7,0,0,0,d,s,10,8,0,0,0,0,6,d,16,12,s,4,d,1,8
1524,s,d,d,d,53,0,0,s,0,7,s,0,0,19,s,10,8,0,0,6,0,6,d,16,12,s,4,2,1,d
I370,s,1,1,1,11,3,2,s,5,7,0,0,0,19,s,10,8,0,16,0,0,6,0,16,12,s,4,2,0,8
I371,s,1,1,1,11,3,2,s,5,7,0,0,0,19,s,10,8,0,16,0,2,6,0,16,12,s,4,2,0,8
1941,s,1,d,1,11,3,2,s,d,d,0,0,0,19,s,10,8,0,16,0,2,d,0,16,12,s,4,2,0,8
1940,s,1,d,1,11,3,2,s,5,7,0,0,d,19,s,d,8,0,16,0,2,6,0,16,12,s,4,2,0,8
1444,s,1,1,1,11,3,s,s,5,7,0,0,0,19,s,10,8,1,16,d,0,6,d,s,d,s,4,d,0,8
I373,3,1,1,0,0,0,s,s,0,0,0,0,0,0,2,10,8,0,0,0,0,6,4,16,12,21,4,2,0,8
1346,3,1,1,0,0,0,s,s,d,0,0,0,0,d,2,10,d,1,0,d,0,6,4,16,12,21,d,2,0,d
I377,3,1,1,1,0,0,s,s,0,0,0,0,0,0,2,10,8,0,0,0,0,6,4,16,12,21,4,2,0,8
I378,3,1,1,1,s,2,s,s,0,0,0,0,0,0,2,10,s,0,0,0,5,6,4,16,12,21,4,2,0,8
1391,3,1,1,1,s,2,s,s,0,0,0,0,0,0,2,10,s,0,0,0,5,6,4,16,d,s,4,d,0,8
1390,3,1,d,1,s,2,s,s,0,0,0,3,2,0,d,10,s,d,0,0,5,6,4,16,12,21,4,d,0,8
I379,3,1,1,1,0,0,s,s,0,0,0,0,0,0,2,10,8,0,9,0,0,6,4,16,12,21,4,2,0,8
1077,3,1,d,1,d,0,s,s,d,0,0,3,0,0,2,10,8,0,9,0,0,6,4,16,d,21,4,2,0,8
1076,3,1,1,1,0,0,s,s,0,0,0,d,0,0,2,10,8,0,9,0,d,6,4,16,12,d,4,2,3,8
I380,0,0,0,0,0,0,0,10,0,0,0,0,0,0,2,0,8,0,0,0,0,0,0,16,12,21,4,0,0,8
I381,0,0,0,0,0,0,0,10,0,0,1,0,0,0,2,0,8,0,0,0,0,0,2,16,12,21,4,0,0,s
I382,0,1,0,0,0,0,0,10,0,13,1,0,0,0,2,0,8,0,0,0,0,0,2,16,12,21,s,0,0,s
I383,0,1,0,0,0,0,0,10,0,13,1,0,0,0,2,0,8,0,0,0,0,0,2,16,12,21,s,0,0,s
I384,0,1,0,1,0,0,0,10,0,13,1,0,2,0,2,0,8,0,0,0,0,0,2,16,12,21,s,0,0,s
1566,s,1,0,1,0,0,0,d,s,d,1,0,d,0,2,0,8,3,3,0,d,0,d,d,12,21,s,0,25,s
I388,0,1,0,1,0,0,0,10,0,13,1,0,2,0,2,6,8,0,1,0,0,0,2,16,12,21,s,0,0,s
I389,0,1,0,1,66,0,0,10,0,13,1,0,s,0,2,6,8,0,1,0,5,0,2,16,12,21,s,0,0,s
1791,0,1,d,1,66,d,0,10,0,13,1,0,s,0,2,6,d,0,1,0,5,0,d,d,12,21,s,0,0,s
1790,0,1,0,1,d,0,0,d,0,d,1,0,s,d,2,6,8,d,1,d,5,0,2,16,12,21,s,0,0,s
1698,d,d,0,1,0,0,0,10,0,13,d,0,d,0,2,6,d,0,1,0,0,0,2,d,12,21,s,0,0,s
I391,0,1,0,0,0,0,0,10,0,13,1,0,2,0,2,0,8,0,9,0,0,0,2,16,12,21,s,0,0,s
I392,0,1,0,0,0,0,0,10,0,13,1,s,2,0,2,0,8,0,9,0,0,0,2,16,12,21,s,0,0,s
I393,0,1,1,0,0,0,0,10,0,13,1,s,2,0,2,0,8,0,9,12,0,0,2,16,12,21,s,0,0,s
1675,0,1,1,0,0,0,0,d,0,13,1,s,2,0,2,0,8,0,9,12,0,0,2,16,12,21,s,2,0,s
1674,0,1,d,0,0,0,0,10,0,13,1,s,2,d,d,0,8,0,9,12,0,0,2,16,12,21,s,0,0,s
I394,0,1,0,0,0,0,0,10,0,13,1,s,2,0,2,2,8,0,9,0,0,0,2,16,12,21,s,0,0,s
1741,0,1,0,0,d,0,0,10,0,13,1,s,d,0,2,s,d,0,9,0,0,0,2,16,12,21,s,0,0,s
1740,0,1,0,s,0,6,0,10,0,13,1,s,2,0,2,d,8,0,9,0,0,0,2,16,12,d,s,d,0,s
I396,0,1,0,0,0,0,0,10,0,13,1,0,2,0,2,0,8,0,9,0,0,10,2,16,12,21,s,0,0,s
1593,0,1,0,0,0,0,0,10,0,13,1,0,d,0,d,0,8,0,9,0,0,d,2,d,12,21,s,0,0,s
1592,0,1,0,0,0,d,0,10,0,13,1,0,2,0,2,0,8,d,9,0,d,10,2,16,12,21,s,0,0,s
I398,0,1,0,0,0,0,0,10,0,13,1,0,0,0,2,0,8,0,0,0,0,0,2,16,12,21,s,0,0,s
I399,0,1,0,0,3,0,0,10,0,13,1,0,2,0,2,3,8,1,0,0,0,0,2,16,12,21,s,0,0,s
I400,3,1,0,0,3,0,0,10,0,13,1,0,2,0,2,3,8,1,0,0,0,s,2,16,s,21,s,0,0,s
1933,3,1,0,0,3,0,d,10,0,d,1,0,2,0,2,3,8,s,0,0,0,s,2,16,s,d,s,0,0,s
1894,d,1,0,0,3,d,0,d,d,13,1,0,d,0,d,d,8,1,0,0,0,s,2,16,s,d,s,0,0,s
I405,3,1,0,4,3,0,0,10,0,13,1,5,2,1,2,3,8,1,0,42,0,0,2,16,12,21,s,0,0,s
1881,3,1,d,4,3,0,0,10,0,13,1,5,2,1,2,3,8,1,0,42,0,0,2,16,12,21,s,0,0,s
1880,3,d,0,4,d,0,0,10,0,13,d,5,2,1,2,3,d,1,0,42,0,0,2,16,12,d,s,0,0,s
I406,0,1,0,0,0,0,0,10,0,13,1,0,0,0,2,0,8,0,0,0,0,0,2,16,12,21,s,0,0,s
I408,0,1,0,0,0,0,0,10,0,13,1,0,0,0,2,17,8,0,0,0,0,0,2,16,12,21,s,0,0,s
1689,0,1,0,0,0,0,0,10,0,13,1,0,0,0,2,17,8,d,0,0,0,0,2,d,12,21,s,d,0,s
1688,0,1,0,0,0,0,0,10,d,13,1,0,0,d,2,17,8,0,0,0,0,0,2,16,d,21,s,0,0,s
1982,0,1,0,0,0,s,34,10,0,d,1,0,d,0,2,0,8,0,s,17,0,0,2,16,12,21,s,1,0,s
I413,0,0,0,0,0,0,0,10,0,0,1,0,0,0,2,0,8,0,0,0,0,0,2,16,12,21,4,0,0,s
I414,0,0,0,1,s,7,17,10,0,0,1,0,0,0,2,0,8,0,0,0,0,0,2,16,12,21,4,0,0,s
I415,0,1,0,1,s,7,17,10,0,0,1,0,0,0,2,0,8,0,s,0,15,0,2,16,12,21,4,0,0,s
I416,0,1,0,1,s,7,17,10,0,0,1,0,2,0,2,0,8,0,s,0,15,0,2,16,s,21,s,0,0,s
I417,0,1,0,1,s,7,17,10,0,0,1,0,2,14,2,0,8,0,s,0,15,0,2,16,s,21,s,0,0,s
1331,0,d,0,1,s,7,17,10,d,0,1,0,2,14,d,0,8,0,s,0,15,0,2,16,s,21,s,0,0,s
1330,0,1,0,1,s,7,17,10,0,d,1,0,2,d,2,0,8,0,s,d,15,6,2,16,s,21,s,0,0,s
1414,3,1,0,1,s,7,17,s,d,22,s,0,2,4,2,0,8,d,s,0,15,1,2,16,s,21,s,d,0,s
I419,0,1,0,1,s,7,17,10,0,0,1,0,0,0,2,0,8,0,s,0,15,4,2,16,12,21,4,0,4,s
1291,0,1,d,d,s,7,d,10,d,0,1,0,0,0,2,10,8,0,s,0,d,4,d,16,12,21,d,0,4,s
1284,0,d,0,1,s,7,17,d,0,0,1,0,0,d,2,12,d,0,s,0,d,4,2,16,12,21,4,0,4,s
I422,3,0,0,1,s,7,17,10,0,22,1,0,0,s,2,0,8,0,0,0,0,0,2,16,12,21,4,0,0,s
I423,3,0,1,1,s,7,17,10,0,22,1,0,0,s,2,19,8,1,0,0,0,0,2,16,12,21,4,5,0,s
1451,3,0,1,1,s,7,17,d,0,22,1,0,0,s,2,19,8,1,2,0,0,0,2,d,12,21,4,5,16,s
1208,3,0,1,1,s,7,17,10,3,22,s,d,0,s,s,d,8,1,0,d,0,0,2,16,12,21,4,5,0,s
1157,3,0,d,1,s,7,17,10,3,22,d,0,2,s,2,0,8,0,0,0,d,0,2,16,12,d,4,0,6,s
I429,0,0,0,0,0,0,5,10,0,0,1,3,0,0,2,0,8,0,0,0,0,0,2,16,12,21,4,0,0,s
I430,0,0,0,0,0,0,5,10,0,0,1,3,0,0,2,0,8,0,s,0,0,0,2,16,12,21,4,0,0,s
I431,0,0,0,1,0,0,5,10,0,0,1,3,0,0,2,0,8,0,s,0,0,0,2,16,12,21,4,0,0,s
1409,0,0,0,1,0,0,5,10,0,0,1,3,2,d,2,3,8,0,s,0,0,0,d,16,12,21,4,0,0,s
1691,0,0,0,d,66,0,5,10,0,0,1,3,0,0,2,0,8,0,s,1,0,0,2,16,12,21,d,2,0,s
I434,0,0,0,s,0,0,5,10,0,0,1,3,0,0,2,0,8,0,s,0,s,0,2,16,s,21,4,0,0,s
I435,0,0,0,s,0,0,5,10,0,0,1,3,0,0,2,0,8,0,s,0,s,0,2,16,s,21,4,2,0,s
1663,0,d,d,s,0,0,5,10,0,0,1,3,0,0,2,d,8,0,s,0,s,0,2,d,s,21,4,2,0,s
1662,d,0,d,s,0,0,5,10,0,0,1,3,0,0,d,d,8,0,s,0,s,0,2,d,s,21,4,2,0,s
1585,0,0,s,s,0,0,5,d,5,8,1,3,2,0,d,0,8,0,s,0,s,0,2,16,s,21,4,2,d,s
I437,0,0,0,0,0,0,5,10,0,7,1,3,0,0,2,0,8,0,9,0,0,0,2,16,12,21,4,0,0,s
I438,0,0,0,0,0,0,5,10,0,7,1,3,0,0,2,0,8,0,9,0,0,0,2,16,12,21,4,0,0,s
1529,0,0,0,0,0,0,5,10,d,7,1,3,0,0,2,0,8,0,9,0,20,30,2,16,12,21,d,s,0,s
I440,0,0,0,0,0,0,5,10,0,7,1,3,0,0,2,0,8,0,9,2,0,0,2,16,12,21,4,0,0,s
1603,0,0,0,0,0,d,5,d,0,7,d,3,0,0,2,0,8,d,9,2,0,0,2,16,12,d,4,0,14,s
1602,0,d,0,0,0,0,5,10,0,7,d,3,0,0,2,0,8,0,9,2,0,0,2,16,12,21,4,0,d,s
I441,0,0,0,0,0,0,5,10,0,7,1,3,0,0,2,0,8,0,9,0,0,2,2,16,12,21,4,0,0,s
1975,0,s,0,d,0,d,5,10,0,7,1,3,0,0,2,0,8,0,9,0,17,2,s,16,s,s,4,0,0,s
I443,0,0,0,0,0,0,5,s,0,7,1,3,0,0,2,0,8,0,9,0,0,2,2,16,s,21,4,0,0,s
1543,0,0,0,0,d,0,5,s,0,7,1,3,0,2,2,0,d,d,9,0,0,2,2,16,s,21,4,0,0,s
1542,0,0,0,0,0,0,5,s,0,7,1,3,0,0,2,d,8,0,9,d,0,2,2,d,s,21,4,0,0,s
I444,0,0,0,0,0,0,0,10,0,0,0,0,0,0,2,0,8,0,0,0,0,0,0,16,12,21,4,2,0,8
I445,0,0,0,0,0,0,0,10,0,0,0,0,0,0,2,0,8,0,0,0,0,0,0,16,12,21,4,2,0,8
I446,0,0,0,0,0,0,0,10,0,0,0,0,0,0,2,0,8,1,0,0,0,0,0,16,12,21,4,2,0,8
I447,0,0,0,0,0,0,0,10,0,0,0,0,0,0,2,0,8,1,0,21,0,0,3,16,12,21,4,2,0,8
I449,0,0,0,0,65,0,0,10,0,0,0,0,s,s,2,8,8,1,0,21,0,0,3,16,12,21,4,2,0,8
1481,0,d,d,0,65,0,0,10,0,d,0,0,s,s,2,d,8,1,d,21,0,0,3,16,12,21,4,d,d,8
1480,0,0,0,0,65,d,0,10,d,0,0,0,s,s,2,8,d,1,0,21,0,0,3,16,12,21,4,2,0,d
1143,3,0,1,d,0,6,19,10,0,0,d,0,0,0,2,0,d,1,9,21,0,0,3,d,12,21,4,d,0,8
I454,s,0,0,0,0,0,0,10,0,0,0,0,0,0,2,0,8,1,16,0,0,0,0,16,12,21,4,2,0,8
I456,s,0,0,0,17,0,5,10,0,0,0,0,2,0,2,0,8,1,16,12,0,20,0,16,12,21,4,2,0,8
1907,s,0,0,0,17,0,5,10,0,0,0,0,2,d,d,0,8,1,16,12,0,20,0,16,12,21,4,2,0,8
1906,s,0,0,0,17,0,5,10,0,0,0,0,2,0,2,0,8,1,16,d,15,20,0,d,12,21,4,2,d,8
I458,s,0,0,0,0,0,0,10,0,0,0,0,0,0,2,0,8,1,16,0,s,0,0,16,12,21,4,2,0,8
I459,s,0,0,0,0,0,0,10,0,0,0,0,0,0,2,2,8,1,16,0,s,0,s,16,12,21,4,2,0,8
2025,s,0,0,0,0,d,d,10,d,0,0,d,d,0,2,2,8,1,16,0,s,0,s,16,12,21,4,2,0,8
2024,s,0,0,0,0,0,0,10,0,0,0,d,0,0,2,2,d,1,16,0,s,0,s,16,12,21,4,2,d,8
1875,s,0,0,0,0,0,0,10,0,d,1,0,0,0,2,27,8,d,16,0,s,0,0,16,d,21,4,2,0,8
I461,0,0,0,0,0,6,0,10,0,0,0,0,0,0,2,0,8,0,0,0,0,0,0,16,12,21,4,2,s,8
I462,0,0,0,1,0,6,0,10,0,0,0,0,0,0,2,0,8,1,0,0,0,0,0,s,12,21,4,2,s,8
I463,3,0,0,1,0,6,0,10,0,0,0,0,0,0,2,0,8,1,0,0,9,0,0,s,12,21,4,2,s,8
1466,3,0,0,1,d,6,0,10,0,0,0,0,0,d,2,0,8,1,0,0,9,0,0,s,12,21,4,2,s,8
I465,3,0,0,1,0,6,0,10,0,0,0,0,0,0,2,0,8,1,0,1,9,0,0,s,12,21,4,2,s,8
1565,3,0,0,d,0,6,0,10,0,0,0,0,0,d,2,0,8,d,0,1,9,0,0,s,12,21,4,2,s,8
1564,3,0,0,1,0,6,0,10,0,0,0,0,0,0,d,0,8,1,0,1,9,0,0,s,12,21,d,2,s,8
I466,0,0,0,1,0,6,0,10,3,0,1,0,s,0,2,27,8,1,0,0,0,0,0,s,s,21,4,2,s,8
I467,0,0,0,1,0,6,0,10,3,0,1,0,s,0,2,27,8,1,0,0,0,0,0,s,s,21,4,2,s,8
1891,0,0,0,d,0,6,0,10,3,0,1,0,s,0,2,27,8,1,d,0,d,0,0,s,s,d,d,2,s,8
1890,0,0,0,d,0,6,0,10,3,0,1,0,s,0,2,27,d,1,0,5,0,d,0,s,s,21,4,2,s,8
I468,0,0,0,1,0,6,0,10,3,0,1,0,s,0,2,27,8,1,0,0,0,0,5,s,s,21,4,2,s,8
1771,0,d,0,d,0,6,0,10,d,0,1,0,s,0,2,27,8,d,0,d,0,0,5,s,s,s,4,2,s,8
1770,d,0,0,d,0,6,0,10,3,0,1,d,s,0,2,d,d,1,0,0,0,0,5,s,s,21,4,2,s,d
I469,0,0,0,1,3,6,5,10,0,0,0,0,0,0,2,12,8,0,3,0,0,20,3,16,12,21,4,2,s,8
1619,0,0,0,d,3,6,5,10,d,s,0,0,0,0,2,12,8,0,3,0,14,s,3,d,12,21,4,2,s,8
I473,0,1,0,1,3,6,5,10,0,0,0,0,0,0,2,12,8,3,3,0,0,20,3,16,12,21,4,2,s,8
1853,0,1,0,1,d,6,5,10,s,0,0,0,0,0,2,12,8,3,3,0,d,20,3,16,12,21,4,d,s,8
I475,0,1,0,1,3,6,5,10,0,0,s,0,0,0,2,12,8,3,3,0,2,20,3,16,12,21,4,2,s,8
1915,0,1,d,d,d,6,5,10,0,0,s,0,0,0,2,12,8,3,3,0,2,20,3,16,12,d,4,2,s,8
1914,0,1,0,1,3,6,5,d,0,0,s,0,0,0,d,12,8,3,3,0,2,20,3,16,12,21,4,2,s,8
I476,0,0,1,0,0,0,5,10,0,0,0,0,2,0,2,0,8,0,0,0,0,0,0,16,12,21,4,2,0,8
I477,3,0,1,0,0,0,5,10,0,0,0,0,2,s,2,10,8,0,0,0,0,0,0,16,12,21,4,2,0,8
I478,3,0,1,0,0,0,5,10,0,0,0,0,2,s,2,10,8,2,0,0,0,0,0,16,12,21,4,2,0,s
I479,3,0,1,0,0,0,5,10,0,0,0,0,2,s,2,10,8,2,0,0,0,0,4,16,12,21,4,2,0,s
I480,3,0,1,0,0,0,5,10,0,0,0,s,2,s,2,10,8,2,0,0,0,0,4,16,12,21,4,2,0,s
1503,3,1,1,1,0,0,5,10,0,0,0,s,2,s,2,10,8,2,0,d,0,0,4,16,12,21,4,2,0,s
1502,3,0,1,0,s,0,5,10,0,0,d,s,2,s,d,d,d,2,0,0,0,0,4,16,d,21,d,2,0,s
I481,3,1,1,0,11,0,5,10,0,0,0,0,2,s,2,10,s,2,0,0,0,0,4,16,12,21,4,2,0,s
1609,3,d,1,d,11,0,5,d,0,d,1,0,2,s,2,d,s,2,0,0,0,0,4,16,12,21,d,2,d,s
1608,3,1,1,0,11,0,5,d,d,0,0,d,d,s,2,10,s,2,0,0,1,0,4,16,12,21,4,2,0,s
I482,3,0,1,1,0,0,5,10,0,0,0,0,2,s,2,10,8,2,0,0,0,0,0,16,12,21,4,2,0,s
I483,3,0,1,1,0,0,5,10,0,0,0,0,2,s,2,10,8,2,0,0,0,0,0,16,12,21,4,2,0,s
1825,3,d,1,d,0,0,5,10,0,0,0,d,2,s,2,10,8,d,d,17,d,0,0,16,12,21,4,2,0,s
1824,3,0,1,1,0,0,5,10,0,s,0,0,2,s,2,10,8,d,0,0,0,0,0,16,12,21,4,2,0,s
1705,3,0,1,1,d,0,5,d,0,0,d,3,2,s,2,10,8,2,0,0,0,0,0,d,12,21,d,d,0,s
I486,3,1,1,0,0,1,s,10,0,0,0,0,2,s,2,10,8,0,0,16,7,6,0,16,12,21,4,2,0,8
1808,3,1,1,0,0,1,s,d,3,0,0,0,2,s,2,10,8,0,0,16,7,d,0,16,s,d,4,2,0,8
I488,3,1,1,0,0,1,s,10,0,0,s,0,2,s,2,10,8,0,0,16,7,6,3,16,12,21,4,2,0,8
1709,3,1,d,d,0,1,s,10,0,s,s,d,d,s,2,10,8,0,0,16,7,6,3,16,12,21,4,2,0,8
1708,3,1,1,0,0,d,s,d,0,0,s,0,2,s,2,10,d,d,0,d,7,6,3,16,12,21,4,2,0,8
I492,0,0,1,0,0,0,5,10,0,0,0,0,2,0,2,0,8,0,0,0,0,33,0,16,12,21,4,2,0,8
I493,0,0,1,0,0,0,5,10,0,0,0,0,2,0,2,0,8,1,0,0,s,33,0,16,12,21,4,2,0,8
I494,0,0,1,0,0,0,5,10,0,13,0,0,2,0,2,0,8,1,0,0,s,s,0,16,12,21,4,2,0,8
I495,0,0,1,0,0,0,5,10,0,13,0,0,2,s,2,27,8,1,0,0,s,s,0,16,12,21,4,2,0,8
1865,d,d,1,0,0,0,5,10,0,d,0,0,2,s,2,d,8,1,d,0,s,s,0,d,12,21,4,2,0,8
1864,0,0,1,0,0,0,d,10,0,13,0,0,2,s,2,27,8,1,0,0,s,s,0,16,12,21,4,2,0,8
1959,d,0,d,0,18,0,d,10,d,d,0,0,d,0,2,0,8,1,0,0,s,s,0,16,12,21,4,2,d,8
1610,0,0,1,s,13,0,5,10,0,0,0,2,2,0,2,0,8,1,0,18,s,33,0,16,12,21,4,2,0,d
I500,0,0,1,0,0,5,5,10,0,22,0,0,2,0,s,0,8,0,0,0,0,33,0,16,12,21,4,2,0,8
I501,0,0,1,0,0,5,5,10,0,22,0,0,2,0,s,0,8,0,0,0,0,33,0,16,12,21,4,2,0,8
2040,0,d,1,0,0,5,5,10,0,d,0,0,2,0,s,0,8,d,0,0,0,d,0,16,12,21,4,2,0,8
2001,0,0,1,0,44,5,5,10,0,22,0,0,2,d,s,0,d,0,0,0,0,33,0,d,12,21,4,2,0,8
I504,0,0,1,0,0,5,5,10,0,22,1,0,2,0,s,3,8,0,0,0,0,33,0,16,12,21,4,2,0,8
1659,0,0,1,0,0,5,5,10,d,22,1,0,d,0,s,3,d,0,0,0,0,33,0,16,12,d,4,2,0,d
1905,0,0,d,0,0,5,5,10,0,22,1,0,2,0,s,3,8,0,0,d,0,33,0,16,12,21,4,2,0,8
I507,3,0,0,0,11,0,0,0,0,0,0,0,0,0,2,0,0,1,0,0,0,0,4,0,0,0,0,0,0,8
I508,3,0,0,0,11,0,0,0,0,0,0,0,0,0,2,0,0,1,0,4,0,0,4,0,0,0,8,0,0,8
I509,3,0,0,0,11,0,0,0,0,0,0,0,0,0,2,0,0,1,0,4,0,0,4,0,17,0,8,0,0,8
I510,3,0,0,0,11,2,0,0,0,0,0,0,0,0,2,0,0,1,0,4,0,0,4,0,17,0,8,3,14,8
I511,3,0,0,0,11,2,0,0,0,0,0,0,0,0,2,0,0,1,1,4,0,0,4,0,17,s,8,s,14,8
I512,3,0,0,0,11,2,0,0,0,0,1,0,0,0,s,0,2,1,1,4,0,0,4,0,17,s,8,s,14,8
I513,3,1,0,0,11,2,0,0,0,13,1,0,0,0,s,0,2,1,1,4,0,0,4,0,17,s,8,s,14,8
I514,3,1,0,0,11,2,0,0,0,13,1,0,0,0,s,0,2,1,1,4,0,0,4,6,17,s,8,s,14,s
1067,3,1,0,0,11,2,7,8,d,13,1,0,d,s,s,0,2,1,1,4,0,d,4,6,17,s,8,s,14,s
1065,d,1,0,s,11,2,d,0,0,13,1,0,0,0,s,s,2,1,1,4,20,1,4,6,17,s,8,s,d,s
I517,3,1,0,0,11,2,0,0,3,13,1,5,0,5,s,0,2,1,1,4,0,0,4,0,17,s,8,s,14,8
1091,3,1,0,s,11,2,0,0,3,13,1,d,0,5,s,d,2,1,d,4,0,d,4,0,17,s,8,s,14,d
1107,3,1,d,0,11,2,0,d,3,13,1,5,0,5,s,0,2,1,1,4,0,0,4,0,17,s,8,s,d,8
I520,3,0,0,0,11,2,0,0,0,0,1,0,0,0,s,0,2,1,1,4,0,0,4,0,17,s,8,s,14,8
1256,3,0,0,0,11,2,7,0,0,0,1,0,0,26,s,0,2,1,1,4,d,0,4,21,17,s,8,s,14,8
I524,3,0,0,0,11,2,0,0,0,0,1,0,0,14,s,0,2,1,1,4,0,0,4,0,17,s,8,s,14,8
I525,3,0,0,0,11,2,0,0,0,0,1,0,0,s,s,0,2,1,1,4,0,0,4,0,17,s,8,s,14,8
1355,3,0,0,0,d,2,d,0,0,0,1,0,0,s,s,0,2,1,1,4,d,0,4,0,17,s,d,s,14,8
1354,3,0,d,0,11,2,0,0,0,0,d,d,d,s,s,0,2,1,1,4,0,0,4,0,17,s,8,s,14,8
1586,3,0,0,0,d,2,0,0,0,2,1,0,d,14,s,d,2,1,1,4,0,d,s,d,17,s,8,s,14,s
I527,3,0,0,0,11,2,0,4,0,0,0,5,0,29,2,0,0,1,1,4,0,0,4,0,17,s,8,s,14,8
I528,3,0,0,0,11,s,0,4,0,0,0,5,0,29,2,0,0,1,1,4,0,0,4,0,17,s,8,s,14,8
I531,3,0,0,0,11,s,0,4,0,0,0,5,0,29,2,0,0,1,1,4,0,0,4,0,17,s,8,s,14,8
1655,3,d,0,d,d,s,0,4,0,0,0,5,0,29,2,d,0,1,1,4,0,0,4,0,17,s,8,s,14,8
1654,3,0,0,0,s,s,d,4,5,0,0,5,0,29,2,0,0,1,1,4,0,d,4,0,17,s,d,s,14,8
I532,3,0,0,0,11,s,0,4,0,0,0,5,0,29,2,0,0,1,1,4,0,0,4,0,17,s,8,s,14,8
I533,3,0,0,0,11,s,0,4,0,0,0,5,2,29,2,10,0,1,1,4,0,0,4,0,17,s,8,s,14,8
1389,3,0,0,0,11,s,0,4,0,0,0,5,2,29,2,10,0,1,1,4,0,0,4,0,17,s,8,s,14,d
1388,3,0,0,0,11,s,0,4,0,0,0,5,2,d,2,10,20,d,1,4,d,0,4,0,17,s,8,s,d,8
I534,3,0,0,1,11,s,0,4,0,0,0,5,0,29,2,0,0,s,1,4,0,0,4,0,17,s,8,s,14,8
1393,d,0,d,1,11,s,0,4,3,0,0,5,0,29,2,d,0,s,1,d,0,0,d,d,17,s,8,s,14,8
1392,3,d,0,1,11,s,0,4,0,0,0,5,6,29,2,0,0,s,1,4,0,0,4,0,17,s,8,s,14,8
I535,3,4,0,0,11,2,0,4,0,8,0,5,0,29,2,s,0,1,1,4,0,0,4,0,17,s,8,s,14,8
I536,3,4,1,1,11,2,0,4,0,8,s,5,0,29,2,s,0,1,1,4,0,7,4,0,17,s,8,s,14,8
1211,3,4,1,1,11,2,5,d,0,8,s,5,0,29,2,s,0,1,1,4,d,7,4,s,17,s,8,s,14,8
1236,3,4,1,1,11,2,d,s,0,8,s,5,0,29,2,s,0,1,1,4,0,7,4,0,17,s,8,s,d,8
I539,3,4,0,0,11,2,0,4,0,8,0,5,0,29,2,s,0,1,1,4,0,0,4,18,17,s,8,s,14,8
1155,d,4,0,d,11,d,0,4,0,8,0,5,d,29,2,s,0,1,1,4,0,0,4,18,17,s,d,s,d,d
1174,3,4,0,0,d,2,16,4,0,8,0,5,0,29,2,s,s,1,1,d,0,d,4,18,d,s,8,s,14,8
I542,3,0,0,0,11,2,0,0,0,0,0,0,0,0,2,0,0,1,0,4,0,0,4,0,17,0,8,3,14,8
I543,3,0,0,0,11,2,0,0,0,0,0,0,0,0,2,0,0,1,0,4,0,0,4,0,17,0,8,3,14,8
I544,3,0,0,0,11,2,0,0,0,0,0,0,0,0,2,0,0,1,0,4,2,0,4,0,17,29,8,3,14,8
I545,3,1,0,0,11,2,0,0,0,0,0,0,0,0,2,0,0,1,0,4,2,0,s,16,17,29,8,3,14,8
I546,3,1,0,0,11,2,0,22,0,0,0,0,0,0,2,0,0,1,0,4,2,0,s,16,17,29,8,3,14,8
1183,3,d,0,0,11,2,0,22,0,d,0,4,0,0,2,0,0,1,0,4,d,d,s,16,17,29,8,3,14,8
1182,3,1,0,d,11,2,0,22,0,0,0,0,0,15,2,0,0,1,d,4,2,0,s,16,17,29,8,3,14,8
I547,3,1,0,0,11,2,0,0,3,15,0,0,0,s,2,6,0,1,0,4,2,30,s,16,17,29,8,3,14,8
1083,d,1,0,0,11,2,0,4,d,15,0,d,0,s,2,6,0,1,0,4,2,30,s,16,17,29,8,3,14,8
1082,d,1,0,0,11,2,0,13,3,15,0,d,0,s,2,d,0,1,d,4,2,30,s,16,17,d,d,3,14,8
I548,3,1,0,0,11,2,0,0,0,0,0,0,0,0,2,0,0,1,0,4,2,0,4,0,17,29,8,3,14,8
2046,3,d,0,s,11,2,0,0,d,0,0,0,0,0,d,d,0,1,0,4,2,0,4,0,17,29,d,3,14,d
1126,d,1,d,0,d,2,0,1,0,7,0,0,2,6,2,0,0,1,0,d,d,0,4,0,17,s,d,3,14,8
I552,3,0,0,0,11,2,0,0,0,0,1,3,0,0,2,0,0,1,0,4,2,0,4,0,17,0,8,3,14,8
1088,3,0,1,1,d,2,21,0,3,0,1,3,0,0,d,d,0,1,2,4,2,d,4,0,d,0,8,3,14,8
I559,3,0,0,0,11,2,0,s,0,0,1,3,0,0,2,0,0,1,0,4,2,0,4,0,17,0,8,3,14,8
2017,3,0,0,0,11,2,0,s,0,0,1,3,0,0,2,0,d,1,0,4,2,0,d,0,d,0,8,3,14,8
2016,3,0,0,0,11,d,0,s,0,0,d,3,0,0,2,0,0,1,d,4,d,0,4,0,17,0,8,3,14,8
I561,3,0,0,0,11,2,0,0,0,0,0,0,0,13,2,0,0,1,0,4,0,0,4,0,17,23,8,3,14,8
I562,3,0,0,0,11,2,0,0,0,0,0,0,0,13,2,0,0,1,0,4,5,0,4,0,17,23,8,3,14,8
I563,3,0,0,0,11,2,0,0,0,0,0,0,0,13,s,0,0,1,0,4,5,0,4,0,17,23,8,3,14,8
1194,3,0,s,0,11,s,0,0,0,0,0,d,s,13,s,0,d,1,0,d,5,0,4,0,17,23,8,3,d,8
1168,3,0,0,0,11,2,d,0,0,0,0,3,0,13,s,0,0,1,0,4,5,0,4,0,17,23,8,3,14,8
I566,3,0,1,0,11,2,0,0,0,0,0,0,0,13,2,0,0,1,0,4,5,5,4,0,17,23,8,3,14,8
I567,3,0,1,0,11,2,0,0,0,0,s,0,0,13,2,0,0,1,0,4,5,5,4,0,17,23,8,3,14,8
1401,3,0,d,0,11,d,0,d,d,0,s,0,0,13,2,0,0,d,d,4,5,5,4,d,17,23,8,3,14,8
1400,3,0,1,d,11,2,0,0,0,0,s,d,0,13,2,d,d,s,0,4,5,5,4,16,17,23,8,3,d,8
1517,3,0,1,1,d,2,d,0,0,7,0,0,0,13,s,d,d,d,d,d,5,5,d,0,17,23,s,d,d,s
I569,3,0,0,0,11,2,0,0,0,0,0,3,0,13,2,0,0,1,0,4,0,0,4,0,17,23,8,3,14,8
1352,d,0,1,0,11,s,0,0,3,0,0,3,0,s,d,0,0,d,0,4,0,0,4,3,17,23,8,3,14,8
1551,d,0,0,d,d,2,5,4,0,s,0,3,0,13,2,0,10,1,s,4,9,0,d,0,17,23,8,3,d,8
I576,3,0,0,0,11,0,0,0,0,0,0,0,0,0,2,0,0,1,0,4,0,0,4,0,17,16,8,0,0,8
I577,3,0,0,0,11,0,0,0,0,0,s,0,0,0,2,0,1,1,0,4,0,20,4,0,17,16,8,0,0,s
I578,3,0,0,0,11,0,0,0,0,0,s,0,0,0,2,0,1,s,16,4,9,20,4,0,17,16,8,0,0,s
I582,3,0,0,0,11,0,0,0,0,0,s,0,0,2,2,0,1,s,16,4,9,20,4,0,17,16,8,0,0,s
1671,d,0,0,0,11,0,0,0,0,0,s,0,d,2,2,0,1,s,16,4,9,20,4,0,17,16,8,0,0,s
1670,3,0,d,0,11,0,0,d,0,0,s,0,0,2,2,0,1,s,16,4,d,20,4,0,17,16,d,d,0,s
I590,3,0,0,0,11,0,0,s,0,0,s,0,2,0,2,0,1,s,16,4,9,20,4,0,17,16,8,0,5,s
1910,d,0,0,0,11,0,0,s,d,0,s,d,2,d,2,0,1,s,d,4,9,20,d,0,17,d,8,0,5,s
1340,3,0,0,0,d,0,0,s,0,0,s,0,2,0,2,0,d,s,16,4,s,20,4,11,s,16,d,s,5,s
I593,3,0,0,0,11,0,0,4,5,0,s,0,0,0,2,0,1,1,0,4,0,20,4,21,17,16,8,0,0,s
I594,3,1,s,0,11,0,0,4,5,0,s,0,0,0,2,0,1,1,0,4,0,20,4,21,17,16,8,0,0,s
2010,3,1,s,1,11,1,0,s,5,8,s,0,0,0,2,d,1,1,18,4,0,20,s,21,17,16,8,2,34,s
1326,d,1,s,1,11,7,s,4,5,15,s,0,0,0,2,0,s,1,2,4,0,s,4,s,17,16,8,0,0,s
I603,3,0,0,0,11,0,9,4,5,0,s,3,0,0,2,0,1,1,0,4,0,20,4,21,17,16,8,2,0,s
1419,3,1,0,0,11,1,s,4,5,0,s,3,d,0,2,0,1,d,0,4,0,20,4,21,17,16,8,2,0,s
I607,3,0,0,0,11,0,9,4,5,2,s,3,0,0,2,0,1,1,1,4,0,20,4,21,17,16,8,2,0,s
I608,3,0,0,0,11,2,9,4,5,2,s,3,0,0,2,0,1,1,1,4,0,20,4,21,17,16,8,2,0,s
1207,3,d,s,1,11,2,9,4,5,2,s,3,0,0,2,21,1,1,1,4,0,20,d,21,17,d,8,2,d,s
1206,3,0,0,1,11,2,d,d,5,d,s,3,d,0,2,d,1,1,1,d,d,20,4,d,17,16,8,2,0,s
I609,3,1,0,0,11,0,9,4,5,2,s,3,0,0,2,0,1,1,1,4,0,20,4,21,17,16,8,2,0,s
1179,3,1,0,0,11,0,9,4,5,2,s,3,d,d,2,0,1,1,1,d,0,20,4,21,17,16,8,2,0,s
1178,3,d,0,0,11,0,s,d,5,2,s,3,0,0,2,0,d,1,s,d,0,20,4,21,17,16,d,d,3,s
I610,3,0,0,0,11,0,0,0,0,0,0,0,0,0,2,0,0,1,0,4,0,0,4,0,17,16,8,0,37,8
I611,3,0,0,0,11,0,0,0,0,0,0,0,0,0,2,17,0,1,0,4,0,0,4,0,17,16,8,2,37,8
I612,3,0,0,0,11,0,0,0,0,0,0,0,0,0,2,17,0,1,7,4,0,0,s,0,17,16,8,2,37,8
I613,3,4,0,0,11,0,0,0,0,0,0,0,0,0,2,17,0,1,7,4,0,0,s,0,s,16,8,2,37,8
I614,3,4,0,0,11,0,0,0,3,0,0,0,0,0,2,17,0,1,7,4,0,0,s,0,s,16,8,2,37,8
1643,d,4,0,d,11,0,0,0,3,15,0,d,0,0,2,17,0,d,7,4,0,0,s,0,s,d,d,2,37,8
1642,3,4,0,0,11,0,0,0,3,0,1,0,0,0,2,17,0,1,7,4,0,0,s,0,s,16,d,d,d,8
1383,3,4,0,0,11,0,0,d,1,0,0,d,0,0,2,17,0,1,7,4,9,0,s,0,s,16,d,d,37,8
I616,3,0,0,0,11,s,0,0,0,0,0,0,0,13,2,17,0,1,7,4,0,0,s,0,17,16,8,2,37,8
1452,3,0,0,0,11,s,0,0,0,0,0,3,0,d,d,17,17,d,7,4,0,0,s,0,17,16,8,d,37,8
I618,3,0,0,0,11,s,0,0,0,0,0,0,s,13,2,17,0,1,7,4,14,0,s,0,17,16,8,2,37,8
1533,3,0,d,0,11,s,0,0,0,0,0,0,s,13,2,17,0,1,7,4,14,0,s,0,17,16,8,d,37,8
1532,3,0,1,0,11,s,19,0,d,0,0,5,s,d,2,17,0,d,7,4,14,0,s,0,17,d,8,2,37,8
I619,3,1,0,0,11,0,0,0,0,13,0,0,2,0,2,17,0,1,0,4,0,0,4,0,17,16,8,2,37,8
I620,3,1,0,0,11,0,7,0,0,13,1,0,2,0,2,17,0,1,0,4,0,0,4,0,17,16,8,2,37,8
I621,3,1,0,0,11,0,7,0,0,13,1,0,2,0,2,17,0,1,7,4,0,0,4,0,17,16,8,2,37,8
1461,3,1,0,0,11,0,7,0,0,13,1,0,2,0,2,17,0,1,7,4,0,0,4,0,17,16,8,d,37,8
1460,3,1,0,0,11,0,d,0,0,13,1,0,2,0,2,17,0,1,7,4,0,0,4,7,17,16,8,2,37,8
1201,3,1,d,0,11,12,7,0,d,13,1,0,d,0,2,17,0,1,0,4,d,0,4,d,17,16,8,2,37,8
I624,3,1,0,0,11,2,0,0,0,13,0,0,2,0,2,17,0,1,0,4,0,0,4,0,17,16,8,2,37,8
1325,3,d,1,0,11,2,23,0,0,13,0,0,2,0,2,17,d,1,0,4,0,0,4,0,d,16,8,2,37,d
1324,3,1,0,0,11,2,0,0,0,13,0,0,2,4,d,17,0,1,0,4,0,0,4,d,17,16,d,2,37,8
I626,3,1,0,0,11,0,0,6,0,0,0,0,0,0,2,0,0,1,0,4,0,0,4,0,17,16,8,1,37,8
I627,3,1,1,0,11,0,0,6,0,0,0,0,0,0,2,0,0,1,0,4,0,22,4,0,17,16,8,1,37,8
I628,3,1,1,0,11,0,0,6,0,0,1,0,0,0,2,0,0,1,0,4,20,22,4,0,17,16,8,1,37,8
1184,3,1,1,0,11,2,0,6,0,0,d,0,3,0,2,0,0,1,0,4,20,22,4,d,17,s,d,d,37,8
1317,3,1,1,0,11,0,7,6,0,0,d,0,0,0,2,0,0,d,0,4,20,22,4,d,17,d,d,1,d,d
1385,3,1,1,0,11,8,34,6,3,0,0,d,d,d,d,12,0,1,0,4,0,22,4,21,17,16,8,1,d,8
I634,3,1,0,1,11,0,0,6,0,0,0,0,2,0,2,0,0,1,0,4,0,0,4,0,17,16,8,1,37,8
1335,3,1,0,d,11,d,d,6,3,0,0,0,s,11,2,0,0,1,0,4,0,0,4,0,17,16,8,1,d,8
I638,3,1,0,s,11,0,0,6,0,0,0,0,2,0,2,0,0,s,0,4,0,0,4,0,17,16,8,1,37,8
1469,3,1,0,s,d,d,0,6,0,0,0,s,2,0,2,0,0,s,0,4,0,0,4,0,17,16,8,1,37,d
1350,3,1,0,s,11,0,10,6,3,d,0,s,d,1,2,0,0,s,0,4,d,0,4,0,17,16,8,d,37,d
I641,3,0,0,0,11,0,0,0,0,0,0,0,0,0,2,0,0,1,0,4,0,0,4,s,0,16,8,0,0,8
I642,3,s,0,0,11,0,0,6,0,8,0,3,0,0,2,0,s,1,0,4,9,0,4,s,0,16,8,0,0,8
I643,3,s,0,0,11,0,0,6,0,8,0,3,0,0,2,17,s,1,0,4,9,4,4,s,0,16,8,0,0,8
I644,3,s,0,0,11,0,0,6,0,8,0,3,0,0,2,17,s,1,0,4,9,4,4,s,0,16,8,0,0,8
I645,3,s,0,0,11,0,0,6,0,8,0,3,0,0,2,17,s,1,0,4,9,4,4,s,0,16,8,0,0,8
I646,3,s,0,0,11,0,0,6,0,8,0,3,0,0,2,17,s,1,0,4,9,4,4,s,1,16,8,0,0,8
I647,3,s,0,0,11,0,0,6,0,8,0,3,0,0,2,17,s,1,0,4,9,4,4,s,1,16,8,0,0,8
1883,3,s,d,0,11,0,0,6,0,8,0,3,0,0,2,17,s,1,0,4,9,4,4,s,d,16,8,d,0,8
1882,3,s,0,0,11,0,d,6,0,8,d,3,0,31,2,17,s,1,0,4,9,4,4,s,1,d,8,0,0,8
I648,3,s,0,0,11,s,0,6,0,8,0,3,0,0,s,17,s,1,7,4,9,4,4,s,1,16,8,0,0,8
1861,d,s,0,0,11,s,d,6,0,d,0,d,0,0,s,17,s,1,7,4,9,4,4,s,1,16,8,0,d,8
1860,3,s,0,0,11,s,0,6,0,8,d,3,0,0,s,17,s,1,7,4,9,4,d,s,1,16,d,0,0,8
I649,3,s,0,0,11,7,0,6,0,8,0,3,0,0,2,17,s,1,0,4,9,4,4,s,0,16,8,0,0,8
I650,3,s,1,0,11,s,0,6,0,8,0,3,0,0,2,17,s,1,0,4,9,4,4,s,0,16,8,0,0,8
1819,d,s,1,0,11,s,0,6,d,8,0,3,0,0,2,17,s,1,0,4,9,d,d,s,0,16,8,0,0,8
1818,3,s,1,d,11,s,0,6,d,8,0,3,0,0,d,17,s,1,0,4,9,4,4,s,0,16,8,0,0,8
1559,3,s,0,d,11,d,0,6,0,8,0,d,0,0,2,17,s,d,0,4,9,4,4,s,d,16,8,5,0,8
I652,3,s,0,0,s,6,0,6,3,8,0,3,0,3,2,17,s,1,0,4,9,4,4,s,0,16,8,0,0,8
I654,3,s,0,0,s,6,0,6,3,8,0,3,0,3,2,17,s,1,0,4,9,4,4,s,0,16,8,0,0,8
1289,3,s,s,1,s,6,0,6,3,d,0,3,0,3,2,17,s,1,0,4,9,4,4,s,0,16,d,0,d,8
1288,3,s,0,0,s,6,0,6,3,8,0,3,0,3,2,17,s,1,0,4,9,4,4,s,0,16,8,0,d,8
I656,3,s,0,0,s,6,0,6,3,8,0,3,0,3,2,17,s,1,0,4,9,4,4,s,0,16,8,0,0,8
1637,3,s,0,0,s,6,0,6,d,8,0,3,0,3,2,17,s,d,0,s,9,d,4,s,12,16,8,d,1,8
I658,3,s,0,0,s,6,0,6,3,8,0,3,0,3,2,17,s,1,0,4,9,4,4,s,0,16,8,0,0,8
1701,3,s,0,0,s,6,d,6,3,8,0,3,0,3,2,17,s,1,d,4,9,4,4,s,0,16,8,0,0,8
1700,3,s,0,0,s,6,0,6,3,8,0,3,0,3,2,17,s,d,0,4,9,d,4,s,0,16,8,0,d,8
I659,3,s,0,0,11,0,0,6,0,8,0,3,0,0,2,17,s,1,0,4,9,4,4,s,0,16,8,0,4,8
I661,3,s,0,0,11,6,0,6,0,8,0,3,0,0,2,17,s,1,0,4,9,4,4,s,0,16,8,0,4,8
1229,3,s,0,0,11,6,0,6,0,8,0,3,s,0,d,17,s,1,0,4,9,4,d,s,0,s,8,0,4,8
I663,3,s,0,1,11,6,0,6,0,8,0,3,0,0,2,17,s,1,0,4,9,4,4,s,0,16,8,0,4,8
1221,3,s,0,1,11,d,0,6,0,8,0,3,d,0,2,d,s,1,1,4,9,4,4,s,0,16,8,0,4,8
1220,3,s,0,1,11,6,0,6,0,d,d,3,3,0,2,17,s,1,0,4,9,4,4,s,d,16,8,0,4,d
I667,3,s,0,0,11,0,34,6,0,8,0,3,s,0,2,17,s,1,0,4,9,4,4,s,0,16,8,0,4,8
I668,3,s,0,0,11,0,34,6,0,8,0,3,s,0,2,17,s,1,0,4,9,4,4,s,0,16,8,0,4,8
1561,3,s,0,0,11,0,34,6,0,8,d,d,s,d,2,17,s,1,0,4,9,4,d,s,0,16,8,0,4,d
I670,3,s,0,1,11,0,34,6,0,8,0,3,s,0,2,17,s,1,0,4,9,4,4,s,0,16,8,0,4,8
1621,3,s,0,d,11,0,d,d,0,8,0,d,s,d,2,d,s,1,0,4,9,4,4,s,0,16,d,0,4,8
1620,3,s,0,1,d,0,34,6,d,8,0,d,s,0,2,17,s,1,0,4,9,4,d,s,d,16,8,2,4,8
I671,3,s,0,0,11,0,34,6,0,8,0,3,s,13,2,17,s,1,9,4,9,4,4,s,0,16,8,0,4,8
I672,s,s,0,0,11,0,34,6,0,8,0,3,s,13,2,17,s,1,9,4,9,4,4,s,0,16,8,0,4,8
1631,s,s,d,0,d,0,34,6,0,8,0,3,s,13,2,17,s,1,9,4,9,4,4,s,0,16,8,0,4,8
1630,s,s,0,0,11,0,34,6,0,s,d,d,s,13,2,17,s,d,9,4,d,4,4,s,0,16,d,0,4,8
1778,3,s,0,0,d,0,34,6,0,8,0,3,s,13,2,17,s,1,9,4,d,4,4,s,0,16,8,2,4,8
I674,3,s,0,0,11,12,0,6,0,8,1,3,0,0,2,0,s,1,0,4,9,0,4,s,0,16,8,0,0,8
I675,3,s,0,0,11,12,0,6,0,8,1,3,0,0,2,0,s,1,0,4,9,0,4,s,0,16,8,4,0,8
I676,3,s,0,0,11,12,0,6,0,8,1,3,0,0,2,0,s,1,3,4,9,0,4,s,0,16,8,4,0,8
1465,3,s,1,1,11,d,0,6,0,8,d,3,1,d,2,27,s,1,3,4,9,0,4,s,0,d,8,4,0,8
I681,3,s,1,0,11,12,15,6,0,8,1,3,0,4,2,0,s,1,3,4,9,0,4,s,0,16,8,4,0,8
1297,s,s,1,0,11,12,15,6,0,8,1,3,0,d,2,0,s,1,3,4,9,0,4,s,0,16,8,4,0,8
1296,3,s,1,0,11,12,d,6,0,8,d,d,0,d,2,0,s,1,d,4,9,d,4,s,0,16,8,4,s,8
I683,3,s,0,0,11,12,6,6,0,8,1,3,0,3,2,0,s,1,0,4,9,0,4,s,0,16,8,4,0,8
I684,3,s,0,0,11,12,6,6,0,8,1,3,0,3,2,0,s,1,0,4,9,0,4,s,0,16,8,4,0,8
1855,d,s,0,0,11,12,6,6,0,8,1,3,0,d,d,0,s,1,0,4,9,d,4,s,0,16,8,4,0,8
1794,3,s,0,0,11,12,6,6,0,8,1,3,0,3,d,0,s,1,0,4,9,0,4,s,0,16,8,4,d,8
I687,3,s,0,0,11,12,6,6,0,8,1,3,0,3,2,0,s,1,0,4,9,0,4,s,0,16,8,4,0,8
I688,3,s,0,s,11,12,6,6,3,8,1,3,0,3,2,0,s,1,0,4,9,0,4,s,0,16,8,4,0,8
1531,3,s,d,s,11,12,6,6,3,8,1,3,0,3,2,0,s,1,d,4,9,d,4,s,30,16,8,4,6,8
1530,3,s,0,s,11,12,6,6,3,8,1,3,0,3,2,0,s,1,0,4,9,d,4,s,0,16,8,4,0,8
1526,3,s,d,0,11,12,6,6,0,8,1,3,0,3,d,0,s,1,0,4,9,d,4,s,0,16,8,4,0,s
I690,3,s,0,0,11,12,0,6,0,8,1,3,2,0,2,0,s,1,0,4,9,0,4,s,0,16,8,0,0,8
I691,3,s,0,0,11,12,0,6,0,8,1,3,2,0,2,0,s,1,0,4,9,0,4,s,0,16,8,0,0,8
I692,3,s,0,0,11,12,0,6,0,8,1,3,2,0,2,19,s,1,0,4,9,0,4,s,30,16,8,0,0,8
1149,3,s,0,0,11,12,0,6,0,8,1,3,2,0,2,19,s,1,18,4,9,d,4,s,d,16,8,d,0,8
I694,3,s,0,0,11,12,0,6,0,8,1,3,2,0,2,19,s,1,0,4,9,0,4,s,30,16,8,0,0,8
1189,3,s,0,0,11,12,0,6,0,8,1,3,2,0,2,d,s,1,0,4,s,d,4,s,30,16,8,d,0,8
1188,3,s,d,0,11,12,d,6,0,8,d,3,d,0,2,19,s,1,0,4,9,0,4,s,30,16,s,d,0,d
1462,3,s,0,0,11,12,0,6,3,8,1,d,2,0,2,0,s,1,19,4,9,0,4,s,0,16,8,2,0,8
I698,3,s,0,0,11,12,0,6,0,8,1,3,2,0,2,0,s,1,0,4,9,0,4,s,0,16,8,0,0,8
I699,3,s,0,0,11,12,0,6,0,8,1,3,2,0,2,0,s,1,0,4,9,0,4,s,0,16,8,0,0,8
1357,3,s,0,0,11,12,7,6,0,8,1,3,d,0,2,0,s,1,3,4,9,0,4,s,0,16,d,0,0,8
1275,d,s,d,0,11,12,d,6,d,8,1,3,d,d,2,0,s,1,0,s,9,0,4,s,0,16,8,d,0,8
1307,3,s,d,s,11,12,0,6,7,8,1,3,2,0,d,d,s,1,0,4,9,16,d,s,7,16,s,0,0,s
I705,3,0,0,0,11,0,0,0,0,0,0,0,0,0,2,0,19,1,0,4,0,0,4,s,0,16,8,0,0,8
I706,3,0,1,s,11,0,0,0,0,0,0,0,0,0,2,0,19,1,0,4,0,0,4,s,0,16,8,0,0,8
I707,3,0,1,s,11,2,0,0,0,0,0,0,0,0,2,0,19,1,0,4,0,0,4,s,0,s,8,0,0,8
I708,3,0,1,s,11,2,0,0,0,0,0,0,2,0,2,0,19,1,1,4,0,s,4,s,0,s,8,0,0,8
I709,3,0,1,s,11,2,0,16,s,0,0,0,2,0,2,12,19,1,1,4,0,s,4,s,0,s,8,0,0,8
1232,d,1,d,s,11,2,0,16,s,d,0,0,2,0,2,12,19,1,1,4,9,s,4,s,0,s,8,0,0,8
I711,3,0,1,s,11,2,0,16,s,0,0,0,2,0,2,12,19,1,1,4,7,s,4,s,0,s,8,0,0,8
1555,3,0,1,s,11,2,0,16,s,0,0,0,2,0,2,12,d,1,1,4,7,s,4,s,0,s,8,0,0,8
1554,3,0,1,s,11,d,0,16,s,d,0,0,d,0,2,12,19,1,1,4,7,s,4,s,0,s,8,0,0,8
I714,3,0,1,s,11,2,0,0,0,0,0,0,2,0,2,0,19,1,1,4,0,s,4,s,15,s,s,0,0,8
1673,3,0,1,s,11,2,0,0,0,0,0,0,2,0,2,0,19,1,1,4,0,s,4,s,15,s,s,0,0,8
1672,3,0,d,s,11,2,d,0,0,0,0,0,2,0,d,0,19,1,d,4,0,s,4,s,15,s,s,0,0,8
I715,3,0,1,s,11,2,0,0,0,0,1,0,0,0,2,0,19,1,0,4,0,0,4,s,0,s,8,2,0,8
1816,3,1,1,s,11,2,0,0,d,0,1,3,0,0,2,2,19,d,0,4,d,d,4,s,0,s,8,2,0,8
I719,3,0,1,s,11,2,2,0,0,0,1,0,0,0,2,0,19,1,s,4,0,0,4,s,0,s,8,2,32,8
I720,3,0,1,s,11,2,2,0,0,0,1,3,0,0,2,0,19,1,s,4,0,0,4,s,0,s,8,2,32,8
1857,d,0,1,s,d,2,2,0,0,0,1,3,d,0,2,0,19,1,s,4,0,20,4,s,0,s,8,d,32,8
1856,3,0,1,s,11,2,2,d,3,0,d,3,0,0,2,0,19,d,s,4,0,0,4,s,0,s,8,2,32,d
1830,3,d,1,s,11,2,2,10,0,0,1,d,0,0,2,d,19,1,s,4,0,0,4,s,0,s,8,2,32,8
I722,3,0,1,s,11,0,0,0,0,4,0,0,0,27,2,0,19,1,0,4,0,0,4,s,0,16,8,0,0,8
I723,3,0,1,s,11,0,0,0,0,4,0,0,0,27,2,0,19,1,0,4,0,0,4,s,0,16,8,0,0,s
I724,3,0,1,s,11,0,24,0,0,4,0,0,0,27,2,0,19,1,0,4,0,0,4,s,0,s,8,0,0,s
I725,3,2,1,s,11,0,24,0,0,4,0,0,0,27,2,0,19,1,0,4,0,0,4,s,0,s,8,0,0,s
1577,3,2,1,s,11,0,24,0,0,4,0,0,0,27,2,0,19,1,0,4,0,0,4,s,0,s,8,0,0,s
1576,3,2,1,s,11,6,24,0,0,4,0,0,0,27,d,0,19,1,d,d,0,d,4,s,0,s,8,d,d,s
1646,3,0,1,s,11,d,24,0,0,4,1,0,0,27,2,0,19,1,0,4,0,0,4,s,0,s,8,2,0,s
I727,3,0,1,s,11,0,0,0,0,4,0,4,0,27,2,0,19,1,0,4,0,0,4,s,0,16,8,0,0,s
1947,d,0,1,s,11,0,d,0,0,4,0,d,0,27,2,d,d,1,0,4,0,0,4,s,0,16,d,0,0,s
2034,d,0,1,s,11,0,0,0,0,d,d,4,0,27,2,0,19,1,0,4,0,d,4,s,d,16,8,0,0,s
I730,3,0,1,s,11,0,0,0,0,4,0,0,2,27,2,0,19,1,10,4,0,0,4,s,0,16,8,0,29,8
I731,3,0,1,s,11,0,0,0,0,4,0,0,2,27,2,0,19,1,10,4,0,0,4,s,0,16,8,0,29,8
1872,d,0,1,s,11,0,0,0,3,4,0,d,2,27,d,0,19,1,10,4,0,0,4,s,0,16,8,2,d,8
2022,d,0,1,s,11,d,0,0,0,4,0,0,2,s,2,0,19,1,10,4,0,20,4,s,0,d,8,s,29,8
I736,3,s,1,s,11,0,0,16,3,4,0,0,2,27,2,0,19,1,10,4,0,0,4,s,30,s,8,0,29,8
2019,3,s,1,s,11,0,0,d,3,4,0,0,2,27,2,0,19,1,10,4,0,0,4,s,30,s,8,d,29,8
2018,3,s,1,s,11,d,0,16,3,4,d,0,d,27,2,0,19,1,10,4,0,0,4,s,30,s,8,0,29,d
I737,3,0,0,0,11,0,0,6,0,0,0,0,0,0,2,0,19,1,0,4,9,0,4,s,17,16,8,0,0,8
I746,3,0,0,0,11,0,0,6,0,0,s,0,0,0,2,0,19,1,0,4,9,0,4,s,17,16,8,0,0,8
1320,d,0,0,0,11,0,0,6,0,0,s,3,0,0,2,0,19,1,0,4,9,0,4,s,17,16,8,s,0,8
I751,3,0,0,1,11,0,0,6,0,0,s,0,0,0,2,0,s,1,0,4,9,0,4,s,17,16,8,0,0,8
1363,3,0,1,1,11,0,0,d,d,0,s,d,0,0,2,0,s,1,0,4,9,0,4,s,17,16,8,0,0,d
1362,3,0,0,d,s,0,0,6,d,0,s,0,0,d,2,0,s,1,0,4,9,0,4,s,17,16,8,2,0,8
I753,3,0,0,0,11,0,0,6,0,7,0,0,2,0,2,0,19,1,0,4,9,0,4,s,17,16,8,0,1,8
I754,3,0,0,0,11,7,0,6,0,7,0,0,2,0,2,0,19,1,0,4,9,0,4,s,17,16,8,0,1,8
1171,3,0,1,0,11,d,0,6,0,7,0,0,2,18,2,0,19,1,7,4,9,d,d,s,17,16,8,0,1,8
I758,3,1,1,0,11,7,0,6,0,7,0,0,2,0,2,0,19,1,0,4,9,0,4,s,s,16,8,0,1,8
1204,3,1,1,0,11,7,0,6,0,7,0,0,2,0,2,0,19,d,0,4,9,s,4,s,s,16,8,0,1,8
1234,3,1,1,0,d,7,0,6,d,7,1,0,2,3,2,6,19,1,0,4,9,0,4,s,s,16,8,0,1,d
I762,3,0,0,0,11,6,0,6,0,7,0,0,2,0,2,0,19,1,0,4,9,0,4,s,17,16,8,0,1,8
1139,3,0,0,d,11,6,6,6,d,7,0,0,2,0,2,0,19,1,d,4,9,0,4,s,17,d,8,0,d,8
1062,3,0,0,0,11,6,0,6,3,7,0,0,d,0,2,0,19,1,0,4,9,0,d,s,17,16,8,0,1,8
I768,3,0,0,0,11,0,13,0,0,0,0,0,2,0,2,0,12,1,0,0,0,17,4,0,0,0,0,2,0,8
I769,3,0,0,0,11,0,13,0,0,0,0,3,2,0,2,0,12,1,0,0,0,17,4,0,0,0,0,2,0,8
I770,3,0,0,0,11,0,13,13,s,0,1,3,2,0,2,0,12,1,6,0,0,17,4,0,0,0,0,2,0,8
I771,3,0,0,0,11,0,13,13,s,0,1,3,2,0,2,0,12,1,6,0,0,17,4,0,0,0,0,2,0,8
I772,3,0,0,0,11,0,13,13,s,0,1,3,2,0,2,0,12,1,6,0,5,17,4,0,0,0,0,2,0,8
I773,3,0,1,0,11,s,13,13,s,0,1,3,2,0,2,0,12,1,6,42,5,17,4,0,0,0,0,2,0,8
I774,3,0,1,0,11,s,13,13,s,0,1,3,2,0,2,0,12,1,6,42,5,17,4,0,0,0,s,2,0,8
I775,3,0,1,0,11,s,13,13,s,0,1,3,2,0,2,6,12,1,6,42,5,17,4,0,0,0,s,2,0,8
1871,d,0,1,d,11,s,13,13,s,d,d,3,2,0,2,6,d,1,d,42,5,17,4,0,0,d,s,2,0,8
1870,3,d,1,0,11,s,13,13,s,0,1,3,2,0,2,6,12,1,6,42,5,17,4,0,0,d,s,2,0,8
1954,3,0,1,1,d,s,13,13,s,0,1,3,d,0,2,d,12,1,6,d,5,17,4,0,0,0,s,2,0,d
I777,3,0,1,0,11,s,13,13,s,0,1,3,2,0,2,0,12,1,6,42,5,17,4,9,s,0,5,2,0,8
1224,3,d,1,0,11,s,13,13,s,0,d,3,2,28,2,0,d,1,6,42,5,17,4,9,s,0,5,2,0,8
I779,3,0,1,1,11,s,s,13,s,0,1,3,2,0,2,0,12,1,6,42,5,17,4,9,s,34,5,2,0,8
1641,3,0,1,1,11,s,s,13,s,0,1,3,2,0,2,0,s,d,6,42,5,17,4,9,s,34,5,2,0,8
1640,d,0,1,1,d,s,s,13,s,0,s,3,d,0,2,d,d,1,6,42,5,17,4,9,s,34,5,2,0,d
I780,3,0,1,0,11,0,13,13,s,0,1,3,2,13,2,0,12,1,6,0,5,17,s,0,0,0,0,2,3,8
I783,s,1,1,0,11,0,13,13,s,0,1,3,2,13,2,12,12,1,6,0,5,17,s,0,0,24,0,2,3,8
1361,s,1,1,d,11,0,13,13,s,0,1,3,2,13,2,12,12,1,d,d,5,d,s,0,0,24,0,2,3,8
1360,s,1,1,0,s,0,13,13,s,0,1,3,2,13,d,12,12,1,6,0,5,d,s,d,d,24,0,2,3,8
I784,3,0,1,0,11,0,13,13,s,0,1,3,2,13,2,0,12,1,6,0,5,17,s,0,0,0,0,2,3,8
1623,3,0,1,d,11,0,13,13,s,d,1,3,s,13,2,0,12,1,6,0,5,17,s,0,0,9,d,2,3,8
I786,3,0,1,0,11,0,13,13,s,0,1,3,2,13,2,0,12,1,6,0,5,17,s,0,0,0,0,2,3,8
1697,3,0,1,0,d,d,13,d,s,0,1,3,2,d,2,0,12,1,6,d,5,17,s,0,0,d,0,2,3,d
1696,d,0,1,0,11,0,d,13,s,d,d,3,2,13,2,0,12,1,d,0,5,17,s,0,0,0,d,2,3,8
I787,3,1,0,0,11,0,13,13,s,0,1,3,2,0,2,0,12,1,6,0,0,17,4,0,17,0,0,2,0,8
I791,3,1,0,0,11,10,13,13,s,0,1,3,2,13,2,0,12,1,6,0,0,17,4,0,17,0,15,2,0,8
1721,3,1,0,0,11,d,13,d,s,0,1,3,d,d,2,d,12,1,6,0,7,17,4,0,17,0,15,d,0,d
1916,3,s,0,0,11,10,13,13,s,d,1,3,2,13,2,d,12,1,d,0,0,17,4,d,17,0,15,2,4,8
I794,3,1,1,0,11,0,13,13,s,0,1,3,2,0,2,0,12,1,6,33,0,17,4,5,17,0,0,2,0,8
1020,3,1,1,d,d,d,13,13,s,0,1,3,2,5,2,0,12,1,6,33,13,17,4,5,d,0,0,2,0,8
I798,3,1,1,0,11,10,13,13,s,0,1,3,2,0,2,0,12,1,6,33,0,17,4,5,17,47,0,2,0,8
1939,d,1,1,d,11,10,d,13,s,0,1,3,2,0,2,0,12,1,6,33,0,d,4,d,d,47,0,2,d,d
1938,3,1,1,0,11,10,13,13,s,0,1,3,2,0,2,0,12,1,6,33,0,d,4,d,17,d,0,2,0,8
I799,3,0,1,1,11,0,13,13,s,0,1,3,2,0,2,0,12,1,6,18,0,17,4,0,0,0,0,2,0,8
I800,3,0,1,1,11,10,13,13,s,7,1,3,2,0,2,0,12,1,s,18,0,17,4,0,0,0,0,2,0,8
I801,3,0,1,1,11,10,13,13,s,7,1,s,2,0,2,0,12,1,s,18,0,17,4,0,0,19,15,2,0,8
I802,3,0,1,1,11,10,13,13,s,7,1,s,2,0,2,0,12,1,s,18,0,17,4,3,0,19,15,2,0,8
I803,3,1,1,1,11,10,13,13,s,7,1,s,2,0,2,0,12,1,s,18,0,17,4,3,0,19,15,2,0,8
1845,3,1,1,d,d,10,13,13,s,7,1,s,2,0,2,d,12,1,s,18,0,17,4,3,0,19,15,2,0,8
1844,3,1,1,1,11,10,13,13,s,7,1,s,2,0,2,0,12,1,s,18,0,d,4,3,0,19,15,2,0,8
1774,3,3,d,d,s,10,13,13,s,7,1,s,2,0,2,10,12,1,s,18,0,17,4,3,d,19,15,2,0,d
1500,d,0,1,s,11,10,13,13,s,d,1,s,2,0,d,0,12,1,s,18,0,17,4,d,0,s,15,2,0,8
I808,3,0,1,1,11,10,13,13,s,7,1,3,2,0,2,0,12,1,s,18,0,17,4,0,0,0,0,2,0,8
I809,3,0,1,1,11,10,13,13,s,7,1,3,2,0,2,0,12,1,s,18,s,17,4,0,0,0,0,2,0,8
1813,3,1,1,1,11,10,13,13,s,d,1,3,2,0,2,0,12,1,s,18,s,d,4,0,0,0,0,2,0,8
1823,3,0,1,s,d,10,13,13,s,7,1,d,2,0,2,d,12,1,s,18,s,17,4,19,d,0,d,2,0,d
1993,3,1,1,d,d,10,13,13,s,7,1,3,2,0,2,0,12,1,s,18,0,17,4,0,0,0,0,2,0,8
I815,3,0,1,1,11,0,13,13,s,0,1,3,2,0,2,12,12,1,6,18,0,17,4,0,0,0,0,2,0,8
I816,3,0,1,1,11,15,13,13,s,s,1,3,2,0,2,12,12,1,6,18,0,17,4,0,0,0,0,2,0,8
2027,d,0,d,1,11,d,13,13,s,s,1,3,2,0,2,12,12,d,6,18,7,17,d,d,0,d,0,2,d,8
I822,3,0,1,1,s,15,s,13,s,s,1,3,2,0,2,s,12,1,6,18,0,17,4,0,0,0,0,2,0,8
1851,3,0,d,1,s,15,s,13,s,s,1,3,2,0,d,s,12,d,6,18,0,17,4,0,0,0,0,2,d,8
1850,d,d,1,d,s,15,s,13,s,s,1,3,2,0,d,s,12,1,6,18,0,d,4,0,s,0,0,2,0,8
I823,3,0,1,1,11,0,13,13,s,0,1,s,2,0,2,12,12,1,6,18,0,17,4,0,s,0,0,2,0,8
I824,3,0,1,1,11,0,13,13,s,0,1,s,2,0,2,12,12,1,6,18,s,17,4,0,s,2,0,2,0,8
1459,3,s,1,1,11,0,s,d,s,0,1,s,2,0,2,12,12,1,6,18,s,17,s,0,s,2,0,d,0,8
1535,3,0,1,1,11,0,13,13,s,d,1,s,2,d,d,12,12,1,6,18,s,17,4,0,s,2,0,2,0,8
I827,3,0,1,1,11,6,s,13,s,0,1,s,2,0,2,12,12,1,6,18,0,17,4,0,s,16,0,2,0,8
1546,d,d,1,1,11,6,s,13,s,0,1,s,d,0,2,12,12,1,6,18,2,d,4,0,s,16,s,2,0,8
1707,3,0,d,d,11,6,s,13,s,d,1,s,2,0,2,12,12,s,6,18,0,17,4,d,s,16,d,2,d,8
I830,3,0,0,0,11,0,13,0,0,0,1,3,2,0,2,3,12,1,0,0,0,17,4,27,0,0,2,2,0,8
I831,3,0,0,0,11,0,13,16,0,0,1,3,2,1,2,3,12,1,0,0,0,17,4,27,0,0,2,2,0,8
I832,3,0,0,0,11,0,13,16,0,8,1,3,2,1,2,3,12,1,0,0,0,17,4,27,s,0,2,s,4,8
I833,3,0,0,6,11,0,13,16,0,8,1,3,2,1,2,3,12,1,18,0,0,17,4,27,s,0,2,s,4,8
1514,3,d,0,6,d,s,13,16,0,8,1,d,2,d,2,3,12,1,18,d,0,17,4,27,s,0,d,s,d,8
I837,3,0,0,6,11,0,13,16,0,8,1,3,2,1,2,3,12,1,18,0,0,17,4,27,s,0,2,s,4,8
I838,3,0,0,6,11,0,13,16,0,8,1,3,2,1,s,3,12,1,18,0,0,17,4,27,s,0,2,s,4,8
1731,3,0,0,6,11,0,13,16,3,8,1,3,2,1,s,3,d,1,18,0,0,17,4,27,s,0,2,s,d,8
1730,3,0,d,6,11,0,d,16,0,8,1,3,2,1,s,3,12,1,d,0,0,17,4,27,s,0,2,s,4,8
1678,3,0,0,6,11,0,13,16,0,8,1,3,2,1,2,3,12,1,18,0,0,17,4,d,s,0,d,s,4,8
I840,3,0,0,0,s,0,13,16,0,8,1,s,2,1,2,3,12,1,s,0,0,17,4,27,s,s,2,s,4,8
I841,3,0,1,0,s,0,13,16,0,8,1,s,2,1,2,3,12,1,s,0,0,17,4,27,s,s,2,s,4,8
1677,3,d,1,s,s,0,13,s,d,8,1,s,d,1,2,d,12,1,s,0,0,17,4,27,s,s,2,s,4,8
1753,3,0,1,d,s,d,13,16,0,8,1,s,d,1,2,3,12,1,s,0,0,17,4,27,s,s,2,s,4,8
I844,3,0,0,0,s,0,13,16,3,8,1,s,2,1,2,3,12,1,s,0,7,17,4,27,s,s,2,s,4,8
1615,3,0,d,s,s,0,13,16,d,s,1,s,2,1,2,3,12,1,s,0,7,17,4,27,s,s,2,s,4,d
1680,3,0,d,d,s,d,13,16,s,8,1,s,2,1,2,3,12,d,s,0,7,17,4,27,s,s,2,s,4,8
I847,3,0,0,0,11,0,13,16,0,0,s,3,2,1,2,3,12,1,0,0,0,17,4,27,0,21,2,2,0,8
I848,3,s,0,0,11,0,13,16,0,0,s,3,2,1,2,3,12,1,7,0,0,17,4,27,0,21,2,2,0,8
I849,3,s,0,1,11,0,13,16,0,0,s,3,2,1,2,3,12,1,7,33,0,17,4,27,0,21,2,2,0,8
1634,3,s,0,1,11,5,13,d,0,0,s,d,d,1,2,3,12,1,7,33,0,17,4,27,0,21,2,2,0,8
1777,3,s,0,1,11,d,13,16,3,0,s,3,2,1,2,3,12,1,7,d,0,d,4,27,0,21,2,2,0,d
I853,3,s,1,0,11,0,13,16,0,0,s,3,2,1,2,3,12,1,7,12,0,17,4,27,0,21,2,2,0,8
1345,3,s,1,1,11,0,d,16,0,d,s,d,2,1,2,3,12,1,7,12,0,17,4,27,d,d,2,d,0,8
1344,3,s,1,0,11,0,13,16,0,0,s,3,2,1,d,3,12,1,d,d,0,17,4,d,0,21,2,2,0,8
I855,3,2,0,0,11,0,13,16,0,0,s,3,2,1,2,3,12,1,0,0,0,17,4,27,0,s,2,2,0,8
I856,3,2,0,0,11,0,13,16,0,0,s,3,2,1,2,3,12,1,0,0,0,17,4,27,0,s,2,2,0,8
1573,3,2,d,0,s,d,13,16,0,0,s,3,2,1,2,3,12,1,0,d,0,d,4,27,0,s,2,2,0,s
1767,3,2,0,0,11,0,13,d,0,2,s,3,2,1,2,3,s,1,0,0,0,17,4,d,0,s,2,2,1,8
I859,3,2,0,0,11,0,13,16,5,0,s,3,2,1,2,3,12,1,0,0,0,17,4,27,0,s,2,2,0,8
I860,3,2,0,0,11,0,13,16,5,0,s,3,2,1,2,3,12,1,0,0,0,17,4,27,0,s,2,2,0,8
1757,3,2,0,0,11,0,13,16,5,0,s,3,2,1,2,3,12,1,0,0,0,17,4,27,0,s,2,2,0,8
1756,3,2,0,0,11,0,13,16,5,0,s,3,d,d,2,3,12,1,d,0,0,17,4,d,0,s,2,2,0,8
I861,3,s,0,0,11,0,13,16,5,0,s,3,2,1,2,3,12,1,0,0,0,17,4,27,0,s,2,2,0,8
1571,3,s,0,0,11,0,d,16,d,0,s,3,2,1,2,3,12,1,0,0,0,17,4,27,0,s,2,2,0,8
1570,3,s,0,0,11,s,d,d,5,0,s,3,2,d,2,3,12,1,0,0,0,17,4,27,0,s,2,2,0,s
I862,3,0,0,0,11,6,13,20,0,0,1,3,2,0,2,3,12,1,0,0,0,17,4,27,0,0,2,2,0,8
I863,3,1,0,0,11,6,13,20,0,0,1,3,2,0,2,3,12,1,0,32,6,17,4,27,0,0,2,2,0,8
I864,3,1,0,0,11,6,13,20,0,0,1,s,2,4,2,s,12,1,0,32,6,17,4,27,0,0,2,2,4,8
I865,3,1,1,0,11,6,13,20,0,2,1,s,2,4,2,s,12,1,s,32,6,17,4,27,0,0,2,2,4,8
1245,3,1,1,0,11,6,13,20,d,2,1,s,2,4,d,s,12,1,s,32,6,17,d,27,0,d,2,d,4,8
1264,3,1,1,0,11,6,13,20,0,2,1,s,2,4,2,s,12,d,s,32,6,17,4,27,0,0,2,2,4,8
1122,d,d,s,1,11,6,13,d,d,0,1,s,2,4,2,s,12,1,d,32,6,17,4,d,s,s,2,2,4,8
1810,3,1,0,0,11,6,13,s,0,0,1,3,d,0,2,d,12,d,s,32,6,17,4,27,7,1,2,2,0,8
I878,3,0,0,0,11,6,13,20,0,0,1,3,2,0,2,3,12,1,0,0,0,17,4,27,0,0,2,2,0,8
I879,3,0,0,0,11,6,13,20,0,0,1,3,2,0,2,3,12,1,0,0,0,17,4,27,0,0,2,2,0,s
1738,3,0,0,0,11,6,13,20,0,0,1,3,d,0,d,3,12,1,0,0,0,17,4,27,0,0,2,d,0,s
1923,3,0,1,d,d,6,13,20,0,13,1,s,2,0,2,3,12,1,14,0,0,s,4,27,15,1,2,d,0,s
I886,3,0,1,0,11,6,13,20,0,0,1,3,2,0,2,3,12,1,0,0,0,17,4,27,30,0,2,2,0,8
1597,3,0,1,0,11,6,13,20,0,0,1,s,2,d,d,3,12,1,0,0,0,17,d,27,30,0,2,d,0,8
I892,3,1,1,1,11,s,13,20,0,0,1,3,2,0,2,3,12,1,0,22,0,17,4,27,30,10,2,2,0,8
1827,3,1,1,d,11,s,13,20,0,0,1,d,2,0,2,3,d,1,0,22,0,17,4,d,30,10,2,2,0,d
1826,3,1,d,d,11,s,13,20,0,d,1,3,2,0,2,d,12,1,0,22,0,17,4,27,d,10,2,2,0,8
I893,3,0,0,0,11,0,13,0,0,0,0,s,2,0,2,0,12,1,0,0,0,17,4,0,0,0,0,2,0,8
I894,3,1,0,0,11,0,13,0,0,8,0,s,2,0,2,0,12,1,16,0,0,17,4,0,0,0,0,2,0,8
I895,3,1,0,0,11,0,13,0,0,8,0,s,2,0,2,0,12,1,16,0,0,17,4,0,0,0,0,2,6,8
I896,3,1,0,0,11,0,13,0,0,8,0,s,2,0,2,27,12,1,16,0,18,17,4,0,0,0,0,2,6,8
I897,3,1,0,0,11,0,13,0,0,8,0,s,2,6,2,27,12,1,16,11,18,17,4,0,0,0,0,2,6,8
I898,3,1,0,0,11,0,13,0,0,8,0,s,2,6,2,27,12,1,16,11,18,17,4,0,0,0,3,2,6,8
1439,s,1,d,0,11,d,d,0,0,8,0,s,2,6,2,27,12,1,16,11,18,17,4,0,0,0,3,2,6,8
1226,3,d,0,0,d,0,13,0,0,8,d,s,2,6,2,d,12,1,d,s,18,17,s,0,0,0,s,2,6,8
1328,3,1,0,0,11,0,13,0,d,d,d,s,2,6,2,27,s,1,16,11,d,17,4,0,0,0,0,2,6,8
I904,3,1,0,0,11,0,13,0,0,8,0,s,2,0,2,27,12,1,16,6,18,17,4,0,0,0,0,2,6,8
I905,3,1,0,0,11,0,13,0,0,8,0,s,2,0,2,27,12,1,16,6,18,17,4,0,0,0,0,2,6,8
1397,3,1,d,0,s,6,13,13,0,d,0,s,2,0,2,27,12,1,16,d,18,17,4,d,0,0,0,2,6,8
1249,d,1,1,0,11,0,13,0,0,d,1,s,2,0,2,27,d,1,16,6,18,17,4,0,0,0,s,2,6,d
1781,3,1,0,0,11,0,13,0,d,8,1,s,d,0,2,27,12,1,16,6,18,17,4,0,0,0,0,2,6,8
I911,3,1,1,0,11,0,13,6,0,8,0,s,2,0,2,3,12,1,16,0,0,17,4,0,5,s,0,2,s,8
I912,3,1,1,0,11,1,13,6,0,8,0,s,2,0,2,3,12,1,16,1,0,17,4,0,5,s,0,2,s,8
I914,3,1,1,0,11,1,13,6,3,8,1,s,2,0,2,3,12,1,16,1,9,17,s,13,5,s,0,2,s,8
1495,3,1,d,0,11,1,13,6,3,8,1,s,2,0,2,3,12,d,16,1,9,17,s,13,5,s,d,2,s,8
1494,3,1,d,0,11,1,d,d,3,8,1,s,d,0,2,3,12,1,d,d,9,17,s,d,5,s,15,2,s,8
1656,3,1,1,0,11,1,13,6,0,8,0,s,2,d,2,s,s,1,16,1,2,17,4,0,5,s,0,2,s,d
I919,3,1,1,0,11,0,13,6,0,8,0,s,2,0,2,3,12,1,16,0,5,17,4,0,5,s,5,2,s,8
1682,3,1,1,0,11,0,13,6,0,d,0,s,2,0,2,3,12,1,d,0,5,17,4,0,5,s,5,2,s,8
I925,3,1,1,0,11,0,13,6,0,8,1,s,2,0,2,3,12,1,16,0,5,17,4,3,5,s,5,2,s,8
1803,3,1,d,0,11,0,13,6,0,8,d,s,2,0,2,3,12,1,16,0,d,17,4,3,d,s,5,2,s,8
1802,3,1,1,0,d,0,13,d,d,8,1,s,2,0,2,3,12,1,d,0,5,d,4,3,5,s,d,2,s,8
I926,3,1,0,0,11,0,13,0,0,8,0,s,2,0,2,0,12,1,16,0,0,17,4,0,0,0,0,2,0,8
I927,3,1,0,1,11,2,13,0,0,8,1,s,2,0,2,0,12,1,16,0,0,17,4,0,0,0,11,2,0,8
I928,3,1,0,1,11,2,13,0,0,8,1,s,2,0,2,0,12,1,16,0,0,17,4,21,0,0,11,2,0,8
I931,3,1,0,1,11,2,13,0,3,8,1,s,2,0,2,0,12,1,16,0,0,17,4,21,0,1,11,2,0,8
1927,d,1,0,1,11,2,d,d,3,8,1,s,2,0,d,0,12,1,d,0,0,17,4,21,d,1,11,2,0,8
1926,d,1,0,1,11,d,13,0,3,8,1,s,2,d,2,0,12,d,16,d,0,17,4,21,0,d,11,2,0,8
I932,3,1,0,1,11,2,13,0,2,8,1,s,2,0,2,0,12,1,16,0,0,17,4,21,0,0,11,2,0,8
I933,3,1,0,1,11,2,13,0,2,8,1,s,2,0,2,0,12,1,16,0,0,17,4,21,0,0,11,2,0,8
1849,d,1,0,1,d,2,13,0,2,8,1,s,2,0,2,0,12,1,16,0,0,17,4,21,0,0,11,2,0,d
1848,3,1,0,d,d,2,13,0,2,8,1,s,2,0,2,0,12,1,d,0,0,17,4,21,0,0,11,2,0,8
I934,3,1,0,1,11,2,13,0,s,8,1,s,2,0,2,0,12,1,16,0,0,17,4,21,0,16,11,2,0,8
1877,3,1,0,d,11,2,13,0,s,8,d,s,2,0,2,0,12,1,16,0,0,17,4,21,0,16,11,2,0,8
1876,3,1,0,1,11,2,13,0,s,8,1,s,d,0,2,0,12,1,16,0,0,17,4,21,0,16,d,2,0,8
I941,3,1,0,1,11,2,13,0,3,8,1,s,2,0,2,0,12,1,16,0,0,17,4,0,0,0,11,2,0,8
1935,3,1,0,d,11,2,13,0,d,8,1,s,2,0,2,0,12,1,16,d,0,17,4,0,0,0,11,2,0,8
1934,3,1,0,d,11,2,13,d,3,8,1,s,d,0,2,0,12,1,16,0,0,17,d,0,0,0,11,2,0,d
I942,3,1,1,0,11,0,13,0,3,8,0,s,2,0,2,0,12,1,16,0,0,17,4,0,s,0,0,2,0,8
I943,3,1,1,0,11,0,13,0,3,8,0,s,2,0,2,0,12,1,16,0,5,17,4,0,s,0,0,2,0,8
1717,3,1,1,0,11,0,13,d,3,8,0,s,2,0,2,10,12,d,16,0,5,17,4,0,s,0,0,2,0,8
I947,3,1,1,0,11,0,13,0,3,8,0,s,2,0,2,0,12,1,16,0,5,17,4,0,s,0,0,2,0,8
1644,3,1,1,0,11,0,13,d,3,8,0,s,2,0,2,d,12,s,16,5,5,17,d,3,s,0,3,2,0,8
I949,3,1,1,s,11,0,13,0,3,8,1,s,2,0,2,0,12,1,16,0,5,17,4,0,s,0,0,2,0,8
1617,d,1,1,s,11,d,13,0,d,8,1,s,2,0,2,0,12,d,16,0,5,17,4,d,s,0,0,2,14,8
1616,3,1,1,s,11,6,13,d,3,8,d,s,2,0,2,0,12,1,16,0,5,17,4,0,s,0,0,d,0,8
1863,d,1,1,1,11,0,13,0,3,8,d,s,2,0,2,10,12,1,16,0,0,d,4,d,s,39,3,2,0,8
I957,3,0,0,0,11,0,s,0,0,7,0,s,2,0,2,0,12,1,0,18,0,17,4,0,0,0,0,2,0,8
I958,3,0,0,0,11,0,s,0,0,7,0,s,2,0,2,0,12,1,0,18,0,17,4,0,0,0,0,2,0,8
I960,3,0,0,0,11,0,s,0,0,7,0,s,2,13,2,0,12,1,2,18,20,17,4,0,0,0,0,2,0,8
1241,3,0,0,0,11,0,s,8,0,7,0,s,2,d,2,0,12,1,2,18,20,17,4,0,0,0,0,2,0,8
I964,3,1,0,0,11,0,s,0,0,7,0,s,2,13,2,0,12,1,2,18,20,17,4,0,0,0,0,2,0,8
1074,3,1,1,0,11,0,s,4,0,d,0,s,2,d,2,0,12,1,2,18,20,d,4,0,0,0,d,2,0,d
I966,3,1,1,6,11,0,s,0,0,7,0,s,2,13,2,0,12,1,2,18,20,17,4,0,0,0,0,2,0,8
1061,3,d,1,6,11,0,s,8,0,7,2,s,d,13,2,0,12,1,d,18,20,17,4,d,0,d,0,2,0,d
1060,3,1,1,d,11,0,s,0,0,7,0,s,2,13,d,0,12,1,2,18,20,17,4,0,0,0,0,d,d,8
I974,3,0,0,0,11,10,s,0,0,7,0,s,2,0,2,0,12,1,0,18,0,17,4,0,0,0,0,2,0,8
I975,3,0,1,0,11,10,s,0,0,7,0,s,2,0,2,0,12,1,0,18,0,17,4,0,8,11,0,2,s,8
I976,3,0,1,0,11,10,s,0,3,7,0,s,2,0,2,0,12,1,0,18,0,17,4,0,8,11,0,2,s,8
1308,3,0,1,0,11,10,s,0,3,s,0,s,2,d,2,27,12,1,0,18,9,17,4,0,8,11,d,2,s,8
1612,3,0,1,1,11,d,s,0,3,7,0,s,2,0,2,0,12,1,0,18,0,17,d,0,8,11,0,2,s,d
I979,3,0,1,0,11,10,s,0,0,7,0,s,2,0,2,0,12,1,0,18,0,17,4,0,8,11,0,2,s,8
1513,3,0,1,d,11,d,s,0,0,7,0,s,2,d,2,0,12,1,10,18,7,17,4,0,8,11,0,2,s,8
1702,3,0,1,0,11,10,s,11,s,s,0,s,d,0,2,0,12,1,0,18,0,17,4,0,8,11,0,2,s,d
I982,3,0,0,0,11,10,s,0,0,7,0,s,2,0,2,0,12,1,0,18,0,17,4,16,0,0,0,2,0,8
I983,3,0,0,s,11,10,s,0,0,7,s,s,2,0,2,0,12,1,0,18,0,17,4,16,0,0,0,2,0,8
1728,3,0,0,s,11,10,s,0,d,7,s,s,d,0,2,0,12,1,0,18,0,17,4,16,0,d,0,2,0,8
1633,3,0,0,s,11,10,s,0,0,7,s,s,2,0,2,0,12,d,0,18,20,17,4,16,0,0,0,d,0,8
1259,3,4,0,0,11,10,s,7,0,7,0,s,s,4,2,0,12,1,0,18,0,17,4,16,0,d,0,d,0,8
I989,3,0,0,0,11,0,s,s,0,7,0,s,2,0,2,0,12,1,0,18,0,17,4,0,0,0,0,2,0,8
I990,3,0,0,0,11,0,s,s,0,7,0,s,2,0,2,0,12,1,0,18,15,17,4,0,0,14,0,2,0,8
1394,d,1,0,0,11,0,s,s,0,7,0,s,2,0,2,21,d,1,16,18,d,s,4,0,0,d,0,2,0,8
I998,3,0,0,0,11,0,s,s,0,7,0,s,2,0,2,0,12,1,0,18,15,17,4,0,0,14,0,2,0,8
I999,3,0,0,1,11,0,s,s,s,7,0,s,2,0,2,0,12,1,0,18,15,17,4,5,0,14,0,2,1,8
I1000,3,0,0,1,11,0,s,s,s,7,0,s,2,0,2,0,12,1,0,18,15,17,4,5,30,14,0,2,1,8
I1001,3,0,0,1,11,0,s,s,s,7,0,s,2,0,2,0,12,1,0,18,15,17,4,5,30,14,0,2,1,8
2015,3,d,d,1,11,0,s,s,s,7,0,s,d,0,2,0,12,d,0,18,15,17,4,5,30,14,0,2,1,8
2014,3,0,0,1,11,0,s,s,s,7,0,s,2,0,2,0,12,d,7,18,15,d,4,5,30,14,0,2,1,d
1032,3,0,0,d,11,0,s,s,s,7,d,s,2,0,2,0,12,d,0,18,15,17,4,5,30,14,0,2,d,8
1986,d,0,0,1,11,d,s,s,s,7,0,s,2,0,2,d,12,1,0,18,15,d,4,5,13,14,0,2,1,8
I1004,3,0,0,0,11,0,s,s,0,7,0,s,s,0,2,0,12,1,0,18,15,17,4,0,0,14,0,2,0,8
I1005,3,0,1,0,11,0,s,s,0,7,0,s,s,0,2,0,12,1,0,18,15,17,4,0,30,14,0,2,34,8
I1006,3,0,1,0,11,15,s,s,0,7,0,s,s,0,2,0,12,1,s,18,15,17,4,0,30,14,0,2,34,8
2005,3,0,1,0,d,15,s,s,0,d,0,s,s,0,2,0,12,1,s,18,15,17,4,0,30,d,0,2,34,8
2004,3,0,1,0,11,15,s,s,0,7,0,s,s,0,2,0,12,1,s,18,15,d,4,0,30,14,0,2,34,8
1010,3,0,1,d,11,d,s,s,4,7,0,s,s,s,d,0,12,1,0,d,15,17,4,0,30,14,0,2,d,d
I1008,3,0,0,0,s,0,s,s,3,7,0,s,s,0,s,0,12,1,15,s,15,17,4,8,0,14,0,2,0,8
1979,3,0,0,0,s,d,s,s,3,d,d,s,s,d,s,0,12,1,15,s,15,17,4,8,d,14,0,2,d,8
1978,3,0,0,0,s,0,s,s,3,7,0,s,s,0,s,0,12,d,15,s,15,17,4,8,d,14,0,2,0,8
I1009,3,0,0,0,11,8,s,s,0,7,0,s,2,0,2,0,12,1,0,18,5,17,4,0,0,0,15,2,0,8
1115,3,0,d,d,11,8,s,s,0,7,1,s,d,0,2,0,s,1,0,18,5,17,4,d,0,0,15,2,0,8
I1017,3,0,0,0,11,8,s,s,0,7,0,s,2,0,2,26,12,1,0,18,5,17,4,0,0,0,15,2,0,8
1371,3,0,0,0,11,8,s,s,0,7,d,s,2,18,2,d,12,d,0,18,5,17,4,d,0,0,15,2,d,8
I1023,3,1,0,0,11,8,s,s,0,7,0,s,2,14,2,26,12,1,0,18,5,17,4,0,0,0,15,2,0,8
1337,d,1,0,0,11,8,s,s,0,7,0,s,2,14,2,26,12,s,0,18,5,17,4,0,0,0,15,2,14,8
1336,3,d,s,0,11,8,s,s,0,7,0,s,2,14,2,26,12,1,0,18,5,17,4,d,0,0,15,2,0,8
