cell,r1,r2,r3,r4,r5,r6,r7,r8,r9,r10,r11,r12,r13,r14,r15,r16,r17,r18,r19,r20,r21,r22,r23,r24,r25,r26,r27,r28,r29,r30
I1,0,0,0,0,0,0,0,0,0,0,0,0,0,0,2,0,0,0,0,0,0,0,0,0,0,0,0,0,0,8
I2,0,0,0,0,0,0,0,10,0,0,0,0,0,0,2,0,0,0,0,0,0,0,0,16,0,21,4,0,0,8
I3,0,0,0,1,0,15,0,10,0,0,0,3,0,0,2,0,0,0,0,0,0,0,0,16,0,21,4,0,0,8
I4,0,0,0,1,0,15,0,10,0,0,0,3,0,0,2,0,0,0,0,38,0,0,0,16,0,21,4,0,s,8
I5,0,0,1,1,0,15,0,10,0,0,0,3,0,0,2,0,0,0,7,38,0,0,0,16,0,21,4,0,s,8
I6,0,0,1,1,0,15,0,10,0,0,0,3,0,0,2,0,0,0,7,38,0,0,0,16,0,21,4,0,s,8
I7,0,0,1,1,0,15,0,10,0,0,0,3,0,0,2,12,0,0,7,38,0,0,0,16,0,21,4,0,s,8
I8,0,0,1,1,0,15,0,10,0,0,0,3,s,0,2,12,0,0,7,38,0,0,2,16,1,21,4,0,s,8
I9,0,0,1,1,0,15,0,10,s,0,0,3,s,0,2,12,0,0,7,38,0,0,2,16,1,21,4,0,s,8
1507,3,d,1,d,0,15,0,d,s,d,0,d,s,0,d,d,0,1,7,38,0,0,2,16,1,21,4,0,s,8
1981,3,0,1,s,0,15,0,10,s,0,0,3,s,0,2,12,1,d,7,38,s,0,2,16,1,21,4,0,s,8
1425,0,0,1,1,0,15,0,10,d,15,0,3,s,0,2,12,0,0,d,38,0,0,2,16,d,21,4,0,s,8
1599,0,1,1,1,0,15,0,10,0,0,1,3,2,0,2,12,0,0,7,38,0,0,0,16,0,21,4,0,s,8
I22,0,0,1,1,0,15,0,10,0,0,0,3,0,0,2,0,0,0,7,38,0,0,0,16,0,21,4,0,s,8
I23,0,0,1,1,0,15,0,10,0,0,0,3,5,0,2,0,0,0,7,38,0,0,0,16,0,21,4,0,s,8
I25,3,0,1,1,0,15,11,10,0,0,0,3,5,0,2,7,20,0,7,38,0,0,0,16,4,21,4,0,s,8
1607,3,0,1,1,0,15,11,10,d,0,0,3,5,0,2,7,20,0,7,38,0,0,d,16,4,21,4,s,s,8
1606,3,0,1,1,0,d,11,10,0,d,s,3,5,d,2,7,d,0,7,38,0,0,0,16,4,21,4,0,s,8
I28,0,0,1,1,0,15,0,10,0,0,0,3,5,25,2,18,13,0,7,38,0,0,0,16,0,21,4,0,s,8
1435,d,0,1,1,0,15,d,10,0,0,0,3,5,25,2,d,13,0,7,38,0,0,d,16,0,21,4,d,s,8
1434,0,0,1,1,0,d,0,10,d,0,0,3,5,25,2,18,13,0,7,d,d,0,0,16,0,21,4,2,s,8
I30,0,0,1,1,0,15,0,10,0,0,0,3,0,0,2,0,0,0,7,38,14,0,0,16,30,21,4,0,s,8
I31,0,0,1,1,0,15,0,10,0,0,0,3,0,0,2,0,0,0,7,38,14,0,0,16,30,21,s,0,s,8
1520,0,d,d,1,0,15,0,s,0,0,1,d,0,0,2,0,0,0,7,d,14,0,0,16,30,21,s,d,s,d
1505,0,0,1,1,0,15,0,10,3,0,d,3,0,0,2,0,0,d,s,38,14,d,0,16,d,21,s,0,s,8
1491,0,0,1,1,0,15,0,10,d,0,0,3,d,0,2,d,0,0,7,38,14,0,0,16,d,21,4,0,s,8
I37,0,1,1,1,0,15,0,10,3,0,0,3,0,0,2,12,0,0,7,38,0,0,0,16,21,21,4,0,s,8
I38,0,1,1,1,0,15,s,10,3,0,0,3,0,0,2,12,0,0,7,38,0,0,2,16,21,21,4,0,s,8
I39,0,1,1,1,0,15,s,10,3,0,0,3,0,0,2,12,0,0,7,38,s,0,2,16,21,21,4,0,s,8
I40,0,1,1,1,0,15,s,10,3,0,0,3,0,1,2,12,0,0,7,38,s,0,2,16,21,21,4,0,s,8
I41,0,1,1,1,0,15,s,10,3,0,0,3,0,1,2,12,0,0,7,38,s,0,2,16,21,21,4,0,s,8
1303,0,1,1,1,0,15,s,10,3,0,2,3,0,1,d,12,0,0,7,38,s,0,2,16,d,21,4,0,s,8
1302,0,1,1,d,0,d,s,d,3,0,0,3,0,1,2,12,0,0,7,38,s,0,2,d,21,21,4,2,s,8
I42,0,1,1,1,0,15,s,10,3,0,0,3,0,1,2,12,0,0,7,38,s,0,2,16,21,21,4,0,s,8
1523,d,1,1,1,0,15,s,10,3,0,d,3,0,1,2,12,0,3,7,d,s,0,2,16,21,21,4,0,s,8
1522,0,1,1,1,0,15,s,10,d,d,0,3,0,1,2,12,16,0,7,d,s,d,2,d,21,21,4,d,s,8
1449,0,1,1,1,0,15,s,10,3,0,0,3,d,0,2,s,0,0,7,38,s,0,2,16,21,21,4,d,s,d
I46,0,1,1,1,0,15,s,10,3,0,0,3,s,0,2,12,0,2,7,38,0,0,2,16,21,21,4,0,s,8
I47,3,1,1,1,0,15,s,10,s,0,1,3,s,0,2,12,0,2,7,38,1,0,2,16,21,21,4,0,s,8
I48,3,1,1,1,0,15,s,10,s,0,1,3,s,0,2,12,0,2,7,38,1,0,2,16,21,21,4,0,s,8
1971,3,1,1,d,0,15,s,10,s,15,1,3,s,0,2,d,0,2,7,38,1,0,2,16,21,21,4,0,s,d
1052,d,1,1,1,0,15,s,10,s,0,1,3,s,0,2,12,0,d,7,38,1,20,d,16,21,d,d,0,s,8
I50,3,1,1,1,0,15,s,10,s,0,1,3,s,0,2,12,0,2,7,38,1,0,2,16,21,21,4,0,s,8
1193,3,1,1,d,0,d,s,10,s,0,1,3,s,0,2,12,0,2,7,d,1,0,2,16,21,d,4,0,s,8
1192,3,1,d,1,0,15,s,10,s,0,1,3,s,0,2,12,0,2,7,d,1,0,2,16,21,21,4,0,s,8
I53,0,1,1,1,0,15,s,10,3,15,0,3,s,2,2,12,0,2,7,38,20,s,2,16,21,21,4,0,s,8
1035,0,1,1,1,0,15,s,10,3,15,0,3,s,2,2,d,0,s,7,s,20,s,2,16,21,21,4,0,s,8
1034,3,1,1,1,0,15,s,d,3,15,0,3,s,2,2,12,0,2,7,38,20,s,2,16,21,21,4,0,s,8
I62,0,1,1,1,0,15,0,10,3,0,1,3,0,0,2,12,0,0,7,38,0,20,0,16,21,21,4,0,s,8
I63,0,1,s,1,0,15,0,10,3,0,1,3,0,0,2,12,0,0,7,38,0,20,0,16,21,21,4,2,s,8
1112,3,1,s,1,d,d,0,10,3,d,s,3,0,0,2,12,0,0,7,38,0,20,0,16,21,21,d,2,s,d
1405,3,1,s,1,0,15,0,d,s,13,1,3,0,0,2,s,0,0,7,s,0,20,d,16,21,21,4,2,s,8
1456,0,1,d,1,18,15,0,d,3,0,1,3,d,0,2,12,0,d,7,38,0,20,0,d,21,21,4,0,s,8
I69,0,0,0,1,0,15,0,10,0,0,0,3,0,0,2,0,0,0,0,38,0,0,0,16,0,21,4,0,s,8
I70,s,0,0,1,0,15,0,10,3,0,1,3,0,0,2,3,0,0,0,38,0,0,s,16,0,21,4,0,s,8
I71,s,0,0,1,0,15,0,10,3,0,1,3,0,0,2,s,0,0,0,38,0,0,s,16,0,21,4,1,s,8
I72,s,0,0,1,0,15,0,10,3,0,1,3,0,0,2,s,2,0,0,38,0,0,s,16,0,21,4,1,s,8
1150,s,0,0,1,0,15,0,d,3,0,1,3,0,0,2,s,2,0,d,38,d,0,s,16,16,21,4,d,s,8
I76,s,0,0,1,40,15,0,10,3,0,1,3,0,0,2,s,2,0,0,38,0,0,s,16,0,21,4,1,s,8
1159,s,d,0,1,40,s,0,d,3,0,1,3,0,0,2,s,2,0,0,38,0,0,s,16,1,d,4,1,s,8
1252,s,0,d,1,40,15,0,10,d,0,1,s,0,0,2,s,2,0,0,38,d,d,s,16,d,21,4,1,s,8
I79,s,0,0,1,0,15,0,10,3,0,1,3,0,0,2,s,0,0,0,38,0,6,s,16,0,21,4,1,s,8
1719,s,0,1,1,11,15,d,10,3,s,s,3,0,0,2,s,20,1,0,d,0,d,s,16,0,21,4,1,s,8
I83,s,0,1,1,0,15,0,10,3,0,1,3,6,0,2,s,0,0,0,38,0,6,s,16,0,21,4,1,s,8
I84,s,0,1,1,0,15,0,10,3,0,1,3,6,0,2,s,2,0,0,38,0,6,s,16,1,21,4,1,s,8
1111,s,0,1,1,0,15,d,10,d,2,1,3,6,0,2,s,2,d,0,38,0,6,s,16,1,21,4,1,s,d
1110,s,0,1,1,0,15,d,10,3,0,1,3,6,0,2,s,2,0,0,38,0,6,s,16,1,21,4,1,s,8
2028,s,0,1,1,0,15,0,10,3,0,d,3,6,5,2,s,0,0,0,d,0,6,s,d,0,21,4,1,s,8
I87,s,0,1,1,0,15,0,10,3,0,1,3,0,0,2,3,10,0,3,38,20,0,s,16,16,21,4,0,s,8
I88,s,0,1,1,0,15,0,10,3,0,1,3,0,0,2,3,10,0,3,38,20,0,s,16,16,21,4,0,s,8
1298,s,1,d,1,0,15,0,d,3,d,1,3,0,0,2,3,10,0,d,38,d,0,s,16,16,d,4,2,s,s
I92,s,0,1,1,0,15,0,10,3,0,1,3,0,0,2,3,10,0,3,38,20,16,s,16,16,21,4,0,s,8
1263,s,0,1,1,0,15,0,10,3,0,1,3,2,0,2,3,d,0,3,38,20,16,s,16,16,21,4,d,s,d
I94,s,4,s,1,0,15,0,10,3,0,1,3,0,0,2,3,10,0,3,38,20,16,s,16,16,21,4,0,s,8
1377,s,4,s,1,0,15,0,10,3,0,1,3,0,0,2,d,10,2,3,38,20,16,s,16,16,21,4,0,s,8
1376,s,4,s,d,0,15,0,10,3,0,1,3,0,0,2,3,10,0,3,38,20,d,s,s,d,21,d,0,s,8
I95,s,1,1,1,0,15,0,10,3,0,1,3,0,0,2,3,10,s,3,38,20,0,s,16,16,21,4,0,s,8
1251,s,1,d,1,0,d,0,10,d,0,1,3,0,14,2,3,d,s,d,d,20,0,s,16,16,21,4,2,s,8
I99,s,1,1,1,0,15,0,10,3,3,1,3,0,0,2,3,10,s,3,38,20,0,s,s,16,21,4,0,s,8
I100,s,1,1,1,0,15,0,10,3,3,1,3,0,0,2,3,10,s,3,38,20,0,s,s,16,21,4,0,s,8
1173,s,1,1,1,0,15,d,10,3,d,d,3,0,25,s,3,d,s,3,38,20,0,s,s,d,d,4,0,s,8
1172,s,1,1,1,0,15,0,10,3,3,1,3,d,0,2,3,10,s,3,38,d,d,s,s,16,21,4,0,s,8
1406,s,1,1,1,0,15,11,10,3,d,1,3,0,0,2,3,10,s,3,38,20,0,s,s,16,21,4,d,s,8
I102,0,0,0,1,0,15,0,10,0,0,0,3,0,0,2,18,0,0,0,38,0,0,0,16,0,21,4,0,s,8
I103,0,0,0,1,0,15,0,10,0,0,0,3,0,0,2,18,0,0,0,38,0,0,0,16,0,21,4,0,s,8
I104,s,1,0,1,0,15,0,10,0,0,0,3,2,0,2,18,0,s,16,38,14,0,0,16,0,21,4,0,s,8
I105,s,1,0,1,0,15,0,10,5,0,0,3,2,0,2,18,0,s,16,38,14,0,0,16,0,21,4,0,s,8
1973,s,1,0,1,0,15,0,10,5,0,d,d,2,0,2,18,0,s,16,s,14,0,0,16,0,d,4,0,s,8
I108,s,1,0,1,0,15,0,10,5,0,1,3,2,0,2,18,0,s,16,38,14,0,0,16,0,21,4,0,s,8
1059,s,1,0,1,0,15,0,10,5,22,1,3,d,0,2,d,0,s,d,38,14,0,0,16,0,21,4,d,s,8
1058,s,1,0,1,0,15,d,10,5,0,1,3,2,0,d,18,0,s,16,38,14,0,0,16,0,21,4,0,s,8
I109,s,1,0,1,0,15,0,10,0,0,0,3,2,0,2,18,0,s,16,38,14,0,s,16,0,21,4,0,s,8
I110,s,1,0,1,0,15,0,10,0,0,0,3,2,0,2,18,0,s,16,38,14,0,s,16,0,21,4,0,s,8
1866,s,1,0,1,0,15,0,10,0,0,d,3,2,0,d,18,d,s,16,d,14,0,s,16,0,d,4,0,s,8
1885,s,1,0,1,0,15,0,10,0,0,0,3,2,0,2,18,0,s,16,d,14,0,s,16,s,d,4,2,s,8
I115,s,1,1,1,0,15,0,10,0,13,1,3,2,0,2,18,0,s,16,38,14,3,s,16,0,21,4,2,s,8
2031,s,1,1,d,d,15,0,10,0,13,1,3,2,0,2,18,0,s,16,38,14,3,s,16,0,21,4,2,s,8
2030,s,1,1,1,0,15,0,d,0,d,1,3,2,0,2,18,0,s,d,38,14,3,s,16,0,21,4,2,s,8
I116,0,0,0,1,0,15,0,10,0,0,1,3,0,0,2,18,0,0,0,38,0,0,0,16,0,21,4,0,s,8
I118,4,0,0,1,0,15,6,10,0,0,1,3,0,0,2,18,0,0,0,38,0,0,0,16,0,21,4,0,s,8
1099,d,0,0,1,5,15,6,d,0,0,1,3,d,0,2,18,d,d,0,d,d,0,d,16,0,21,4,0,s,d
1098,4,0,0,1,0,15,6,10,0,d,1,d,0,0,2,s,0,1,0,38,0,0,0,16,17,d,4,d,s,8
I120,0,0,0,1,0,15,0,s,0,0,1,3,0,0,2,18,0,0,0,38,9,0,0,16,0,21,4,2,s,8
1022,0,0,0,1,d,15,0,s,0,0,1,3,0,0,d,18,20,0,s,38,9,0,d,16,15,d,4,2,s,8
I122,0,0,0,1,0,15,0,s,0,8,1,3,0,0,2,18,0,0,0,38,9,0,4,16,0,21,4,2,s,8
983,d,d,0,1,0,15,0,s,0,8,1,3,0,0,2,18,0,d,0,38,9,0,4,16,0,21,4,d,s,8
1964,0,0,1,d,0,15,0,s,d,d,1,3,2,0,d,18,0,0,d,38,9,0,4,16,d,21,4,2,s,d
I124,0,0,0,1,3,15,24,10,0,7,0,3,0,0,2,18,0,0,0,38,0,0,0,16,s,21,4,0,s,8
I125,3,1,0,1,3,15,24,10,0,7,0,3,0,0,2,18,s,0,0,38,0,18,0,16,s,21,4,0,s,8
I128,3,s,0,1,3,15,24,10,0,7,0,3,0,0,2,18,s,1,0,38,0,18,0,16,s,21,4,0,s,8
1133,3,s,0,1,3,15,24,10,0,7,0,3,0,d,2,18,s,1,0,38,0,18,0,d,s,21,4,0,s,8
1132,3,s,0,1,3,15,24,10,d,7,0,3,0,0,2,18,s,1,0,38,0,18,0,16,s,21,4,d,s,8
I129,3,1,0,1,3,15,24,10,0,7,0,3,0,0,2,18,s,0,0,38,0,18,0,16,s,21,4,0,s,8
1477,s,1,0,1,3,15,24,10,d,7,d,3,d,s,2,18,s,0,d,d,0,18,0,16,s,d,4,0,s,8
I131,3,1,0,1,3,15,24,10,0,7,0,3,1,0,2,18,s,0,0,38,0,18,0,16,s,21,4,0,s,8
1727,3,1,0,1,3,15,24,10,3,7,d,3,1,0,2,18,s,0,0,d,0,d,0,16,s,21,4,0,s,8
1726,3,1,0,1,3,15,d,d,0,7,0,d,1,0,2,18,s,0,0,38,0,18,d,16,s,21,4,0,s,8
I132,0,0,0,1,3,15,24,10,0,7,0,3,2,0,2,18,0,0,0,38,0,0,0,16,s,21,4,0,s,8
I133,0,0,0,1,3,15,24,10,0,7,0,3,2,0,2,18,0,1,0,38,0,0,0,16,s,21,4,0,s,8
1095,0,0,0,1,3,15,24,d,0,7,0,3,s,0,2,18,1,1,d,38,0,0,0,16,s,d,4,0,s,8
1044,1,0,0,d,3,d,24,d,0,7,0,3,2,0,s,18,d,1,0,38,6,18,0,16,s,21,4,s,s,8
I136,0,0,0,1,3,15,24,10,0,7,0,s,2,13,2,18,0,0,0,38,0,0,0,16,s,21,4,0,s,8
1164,0,0,d,d,3,15,24,10,d,d,d,s,2,13,2,18,d,0,9,38,0,0,0,16,s,21,4,0,s,d
1081,5,0,0,1,3,s,d,10,d,7,0,s,2,13,2,d,0,0,0,38,0,d,0,16,s,s,d,0,s,8
I139,0,0,0,1,0,15,0,10,0,0,0,3,0,14,2,0,0,0,0,4,0,0,0,16,15,21,4,0,0,8
I140,0,0,0,1,0,15,10,10,0,0,1,3,0,14,2,0,0,0,0,4,0,0,0,16,15,21,4,0,0,8
I141,0,0,0,1,0,15,10,10,0,0,1,3,0,14,2,0,1,0,0,4,0,0,0,16,15,21,4,4,0,8
I142,0,0,0,1,0,15,10,10,0,0,1,3,s,14,2,0,1,0,0,4,0,0,0,16,15,21,4,4,0,8
I143,0,1,0,1,0,s,10,10,0,0,1,3,s,14,2,0,1,0,0,4,0,0,0,16,15,21,4,4,36,8
I144,0,1,0,1,0,s,10,10,0,0,1,3,s,14,2,17,1,0,0,4,s,0,0,16,15,21,4,4,36,8
1763,0,d,0,1,0,s,10,10,5,0,d,3,s,14,2,17,1,0,18,4,s,0,0,16,15,d,4,4,36,8
1784,0,1,d,1,0,s,10,10,3,0,d,3,s,14,2,17,d,0,16,4,s,1,0,16,15,21,4,4,d,8
I147,0,1,0,1,0,s,10,10,0,0,1,3,s,14,2,0,1,0,0,4,0,0,0,16,15,21,4,4,36,8
1892,0,1,0,1,d,s,d,10,d,d,1,3,s,14,2,0,1,0,d,4,d,0,0,16,15,21,4,4,36,8
1804,0,s,0,1,0,s,10,10,0,0,1,3,s,14,2,0,1,0,0,4,0,0,0,d,15,21,4,d,36,8
I150,3,0,0,1,0,15,10,10,0,0,1,3,s,14,2,0,1,1,0,4,0,0,0,16,15,21,4,4,0,8
I152,3,1,0,1,0,15,10,10,0,s,1,3,s,14,2,s,1,1,0,4,0,0,0,16,15,21,4,4,32,8
1747,3,1,d,1,0,15,10,10,0,s,1,3,s,14,2,s,1,d,0,4,0,0,0,d,15,21,4,4,32,d
1746,3,1,0,1,0,15,10,10,0,s,1,3,s,14,s,s,1,1,0,4,d,0,0,16,15,21,4,4,32,8
1092,3,0,0,d,36,15,10,10,0,0,1,d,s,14,d,0,1,1,0,4,0,0,0,16,d,21,4,4,0,8
I154,0,0,0,1,0,15,10,10,0,0,1,3,0,14,2,0,1,2,10,4,0,0,4,16,15,21,4,4,0,8
I155,0,1,0,1,s,15,10,10,3,0,1,3,0,14,2,0,1,2,10,s,9,0,4,16,15,21,4,4,0,8
1743,0,d,d,1,s,15,10,10,3,0,1,d,0,14,2,d,1,2,d,s,9,d,4,16,15,21,4,4,d,s
1578,0,1,d,1,s,15,10,10,3,d,1,3,2,14,d,10,1,2,10,s,d,5,4,d,15,21,4,4,s,8
I161,3,0,0,1,0,15,10,10,0,0,1,3,0,14,2,0,1,2,10,4,0,0,4,16,15,21,4,4,0,8
I162,3,0,0,1,0,15,10,10,0,0,1,3,0,14,2,0,1,2,10,4,0,0,4,16,15,21,4,4,0,8
1364,3,0,d,1,0,15,10,10,d,0,d,3,0,14,2,d,1,2,10,d,0,0,4,16,15,21,4,4,0,8
1668,3,d,d,d,0,15,10,10,0,0,1,3,0,14,2,0,1,2,10,4,0,0,4,16,15,21,4,4,21,8
I165,3,0,0,1,1,15,10,10,0,0,1,3,0,14,2,0,1,2,10,4,0,0,4,16,15,21,4,4,0,8
1903,3,d,0,d,d,15,10,10,0,0,1,3,0,14,2,0,1,2,10,4,0,0,4,16,d,21,d,4,0,8
1667,3,d,1,d,1,d,10,10,0,6,1,3,2,14,2,27,1,2,10,4,0,0,4,d,15,21,d,4,0,8
I168,0,0,0,1,41,15,10,10,0,0,1,3,0,14,2,0,0,0,0,4,0,s,0,16,15,21,4,2,0,8
I169,3,0,0,1,41,15,10,10,0,0,1,3,0,14,2,0,0,0,0,4,0,s,0,16,15,21,4,2,0,8
I170,3,0,0,1,41,15,10,10,0,0,1,3,0,14,2,0,0,0,0,4,0,s,0,16,s,21,4,2,0,8
I171,3,0,0,1,41,15,10,10,3,15,1,3,0,14,2,0,0,0,0,4,0,s,0,16,s,21,4,2,0,8
I172,3,2,0,1,41,15,10,10,3,15,1,3,0,14,2,0,0,0,7,4,0,s,0,16,s,21,4,2,0,8
1815,3,2,0,1,41,d,d,d,3,15,1,3,0,d,2,d,d,0,7,4,d,s,0,16,s,21,4,2,0,8
1814,3,2,0,1,d,15,10,10,3,d,1,3,0,14,2,0,0,0,7,4,0,s,0,16,s,21,4,2,0,8
1886,3,0,0,1,41,d,10,10,3,d,1,d,0,14,2,0,0,0,0,4,9,s,0,16,s,21,4,2,d,8
I176,3,0,0,1,41,15,10,10,3,2,1,3,0,14,2,0,0,1,0,4,0,s,0,16,s,21,4,2,10,8
2009,3,0,0,1,41,15,10,10,3,d,1,3,0,14,2,0,0,1,0,4,0,s,0,16,s,21,4,d,10,d
2008,d,0,0,1,41,15,10,10,3,2,d,3,d,14,2,0,0,1,d,4,0,s,0,16,s,d,4,2,d,d
I177,3,0,0,1,41,15,10,10,0,0,1,3,0,14,2,3,0,0,0,4,13,s,0,16,15,21,4,2,0,8
I178,3,0,0,1,41,15,10,10,0,0,1,3,0,14,2,3,0,0,0,4,13,s,0,16,15,21,4,2,0,8
1858,3,0,1,1,41,15,10,s,0,0,1,3,d,14,2,3,0,0,16,4,13,s,0,d,15,21,4,d,d,8
I180,3,0,0,1,41,15,10,10,0,0,1,3,0,14,2,3,0,0,0,4,13,s,0,16,15,21,4,2,0,8
1879,3,0,d,1,41,15,10,10,0,0,1,3,0,d,2,d,0,0,0,4,13,s,0,16,15,21,4,2,0,d
1878,3,0,0,1,41,15,10,10,0,0,1,3,0,14,2,3,d,0,0,d,13,s,0,16,15,21,4,d,0,8
I181,3,0,0,1,41,15,10,10,3,0,1,3,0,14,2,3,0,0,0,4,13,s,0,16,15,21,s,2,18,8
1029,3,0,s,1,41,15,10,d,3,d,1,3,d,14,2,3,0,0,d,4,13,s,0,16,15,21,s,2,18,d
I182,3,0,0,1,41,15,10,10,3,0,1,3,0,14,2,3,0,0,11,4,13,s,0,16,15,21,s,2,18,8
2043,3,0,d,1,d,15,10,10,3,0,1,3,0,d,d,3,0,0,11,4,13,s,0,16,15,21,s,2,18,8
2042,3,0,0,1,41,15,10,d,3,0,1,3,0,14,2,3,0,0,11,4,13,s,0,16,15,21,s,2,d,8
I183,0,0,0,1,41,15,10,10,0,0,1,3,0,14,2,0,0,0,0,4,0,s,0,16,15,21,4,2,0,8
I184,0,0,0,1,41,15,10,10,0,0,1,3,0,14,2,0,0,0,0,4,0,s,0,16,15,21,4,2,0,s
I185,0,0,0,1,41,15,10,10,0,0,1,3,0,14,2,0,0,0,10,4,0,s,0,16,15,21,4,2,0,s
I186,0,0,0,1,41,15,10,10,0,0,1,3,s,14,2,0,0,0,10,4,0,s,2,16,15,21,4,2,s,s
1575,0,0,0,1,41,15,10,10,0,0,1,d,s,14,2,0,d,0,10,4,0,s,2,16,15,21,4,2,s,s
1574,0,0,0,d,41,15,10,10,0,0,d,d,s,14,d,0,0,1,10,4,0,s,2,16,15,21,4,d,s,s
1715,0,0,0,1,41,15,10,d,0,0,1,3,0,14,2,d,0,3,10,4,0,s,0,d,15,d,4,2,4,s
I188,0,0,0,1,41,15,10,10,0,0,1,3,0,14,2,0,0,0,0,s,5,s,5,16,15,21,4,2,0,s
1765,0,0,0,1,41,15,10,10,0,8,1,d,0,14,2,0,0,0,0,s,d,s,5,16,15,21,d,s,0,s
I190,0,1,0,1,41,15,10,10,0,0,1,3,0,14,2,0,0,0,0,s,5,s,5,16,15,21,4,2,0,s
1787,0,1,0,1,d,15,10,10,0,0,1,3,0,14,2,0,0,0,0,s,5,s,5,16,15,21,4,2,0,s
1786,0,1,0,1,41,15,d,10,0,d,1,3,0,14,2,0,0,0,0,s,5,s,5,16,15,d,4,2,0,s
1792,0,0,0,1,d,15,d,10,3,0,1,3,0,14,2,0,0,3,d,4,5,s,3,16,15,21,4,2,d,8
I198,0,0,0,1,0,15,0,10,0,0,0,3,0,14,2,0,0,3,0,4,0,0,0,16,15,21,4,0,0,8
I199,0,0,0,1,0,15,0,10,s,0,0,3,0,14,2,0,0,3,0,4,0,0,1,16,15,21,4,0,0,8
I200,0,0,0,1,36,15,0,10,s,0,0,3,0,14,2,0,16,3,0,4,0,0,1,16,15,21,4,0,0,8
I201,0,0,0,1,36,15,0,10,s,0,0,3,0,14,2,3,16,3,7,4,9,6,1,16,s,21,4,0,0,8
1042,0,d,0,1,36,15,0,10,s,0,0,d,0,14,2,3,16,3,7,4,d,6,1,16,s,21,4,d,14,8
I203,0,0,0,1,36,15,0,10,s,0,0,3,0,14,2,3,16,3,7,4,s,6,1,16,s,s,4,0,0,8
2036,0,0,0,1,36,15,0,10,s,0,0,3,0,14,2,3,16,d,7,4,s,6,d,16,s,s,4,d,0,8
1056,0,0,0,1,d,15,0,10,s,0,0,3,d,14,d,d,16,3,7,4,s,6,1,d,s,s,4,0,0,8
I205,0,0,0,1,36,15,0,10,s,0,1,3,0,14,2,0,16,3,0,4,0,0,1,16,15,21,4,2,0,8
I206,3,0,0,1,36,15,0,10,s,0,1,3,0,14,2,0,16,3,0,4,0,0,1,16,15,21,4,2,0,8
1920,3,0,0,s,36,d,0,10,s,d,1,s,0,d,2,0,16,d,0,4,s,0,1,16,d,21,4,2,0,8
1953,s,0,0,1,d,15,2,10,s,0,1,s,2,14,d,0,16,3,0,4,0,0,1,d,15,21,4,d,0,8
1024,3,0,0,1,36,15,0,10,s,0,1,3,d,14,2,0,16,3,0,4,0,6,1,d,d,21,4,2,0,8
I210,0,1,0,1,0,15,0,10,s,0,0,3,0,14,2,0,0,3,0,4,20,0,1,16,15,21,4,0,0,8
I211,0,1,1,1,0,15,0,10,s,0,0,3,0,14,2,0,s,3,0,4,20,0,1,16,15,21,4,0,0,8
I212,0,1,1,1,0,15,0,10,s,0,0,3,0,14,2,0,s,3,0,4,20,0,1,16,15,21,4,0,0,8
1041,0,1,1,1,0,15,0,10,s,0,0,3,0,14,2,0,s,3,d,4,20,0,1,d,15,21,4,0,d,d
1040,0,1,1,1,0,d,0,10,s,d,0,3,d,14,2,d,s,3,0,4,20,0,d,16,d,21,4,d,0,d
I213,0,1,1,1,0,15,0,10,s,0,0,3,0,14,2,14,s,3,3,4,20,0,1,16,15,21,4,0,0,8
I214,0,1,1,1,0,15,0,10,s,0,0,3,0,14,2,14,s,3,3,4,20,0,1,16,15,21,4,0,0,8
2007,0,1,1,1,0,15,0,10,s,0,d,3,0,14,2,14,s,d,3,4,20,d,d,16,15,d,4,d,0,d
2006,d,1,d,1,0,15,0,10,s,0,0,3,0,d,2,14,s,3,3,4,20,0,1,16,15,21,d,0,0,8
2013,0,1,1,1,0,15,d,10,s,d,0,3,0,14,2,14,s,3,3,4,d,0,d,16,15,21,4,0,0,8
I216,0,1,0,1,0,15,24,10,s,0,0,s,0,14,2,0,0,3,3,4,20,4,1,16,15,21,4,0,0,8
I219,0,1,0,1,0,15,24,10,s,0,s,s,0,14,2,0,0,3,s,4,20,4,1,16,15,21,4,0,0,8
1985,0,1,0,1,0,15,24,10,s,0,s,s,0,14,2,0,0,3,s,d,20,4,1,16,15,21,4,0,0,8
1984,0,1,0,1,0,15,24,d,s,0,s,s,0,14,2,0,0,3,s,4,20,4,d,16,15,21,4,0,0,8
I220,0,1,0,1,0,15,24,10,s,0,0,s,0,14,2,0,0,3,3,4,20,4,1,16,15,21,4,0,0,8
1582,d,1,d,1,0,15,24,d,s,0,0,s,0,d,2,0,0,d,d,4,20,4,1,16,15,21,d,d,27,8
I222,0,1,0,1,0,15,24,10,s,0,0,s,0,14,2,0,0,3,3,4,20,4,1,16,15,21,4,0,0,8
1427,0,1,0,1,0,15,d,10,s,0,0,s,0,d,2,0,0,3,3,4,20,4,1,16,d,21,4,d,0,8
1426,0,1,0,1,d,15,24,d,s,d,1,s,0,14,2,0,0,3,3,4,d,4,1,16,s,21,d,0,d,s
I223,0,0,0,1,0,15,0,10,0,0,0,3,0,14,2,0,0,3,0,4,9,0,0,16,15,21,4,0,0,8
I224,0,1,0,1,0,15,0,10,0,0,0,3,0,14,2,0,17,3,0,4,9,0,1,16,15,21,4,0,0,8
I225,0,1,1,1,0,15,0,10,0,0,0,3,0,14,2,0,17,3,0,4,9,0,1,16,15,21,4,2,0,8
I226,0,1,1,1,0,15,0,10,0,0,0,s,0,14,2,0,17,3,0,4,9,0,1,16,15,21,4,2,0,8
1549,0,1,1,1,0,15,0,s,0,0,0,s,0,14,2,6,17,3,0,4,9,d,1,16,15,21,4,d,12,8
1595,0,1,1,1,d,15,0,10,0,0,0,s,0,14,2,0,17,d,0,4,9,d,1,16,15,21,d,2,d,8
I229,0,1,1,1,0,15,0,10,0,0,0,3,2,14,2,0,17,3,0,4,9,0,1,16,15,21,4,2,0,8
I230,0,1,1,1,0,15,0,10,6,0,0,3,2,14,2,0,17,3,0,4,9,0,1,16,15,21,4,2,0,8
1833,0,1,1,1,0,15,0,10,d,0,0,3,2,14,2,0,17,3,0,4,9,0,1,16,d,21,4,2,0,8
1832,0,s,d,1,0,15,0,d,6,0,0,3,2,14,2,d,d,3,0,4,9,d,1,16,15,21,4,2,0,8
1661,0,1,1,1,0,15,0,10,0,0,1,3,2,14,2,0,17,3,2,4,9,d,d,16,15,21,d,2,0,8
I232,0,1,1,1,s,15,0,10,0,0,0,3,0,14,2,0,17,3,0,4,9,0,1,16,15,21,4,0,0,8
I233,3,1,1,s,s,15,0,10,0,7,0,3,3,14,2,0,17,3,0,4,9,0,1,16,15,s,4,0,0,8
1486,3,1,1,s,s,15,0,10,0,7,0,3,3,14,2,0,d,3,0,4,9,0,1,16,15,s,4,0,0,8
1563,d,1,1,s,s,15,0,10,0,7,0,3,3,14,2,3,17,3,7,4,9,0,1,16,15,s,4,0,0,8
I236,0,1,1,1,s,15,0,10,0,13,s,3,0,14,2,0,17,3,0,4,9,0,1,16,15,21,4,0,3,s
1625,0,d,1,1,s,15,d,10,0,d,s,3,0,14,2,0,17,3,7,4,s,0,1,16,15,d,4,0,3,s
I238,0,1,1,1,s,15,0,10,0,13,s,3,0,14,2,0,17,3,0,4,9,33,1,16,15,21,4,0,3,s
1441,0,1,d,1,s,15,0,10,0,d,s,3,d,14,2,d,d,3,0,4,9,33,1,16,15,21,4,d,3,s
1440,0,1,1,1,s,15,0,10,d,13,s,3,d,14,d,0,17,d,0,4,9,33,1,16,15,21,4,0,3,s
I239,0,0,0,1,0,15,0,10,0,0,1,3,0,14,2,2,0,3,0,4,9,0,0,16,15,21,4,0,25,8
I240,0,0,0,1,0,15,0,10,0,0,1,3,0,14,2,2,0,3,0,4,9,0,5,16,15,21,4,0,25,8
I241,3,0,0,1,0,15,0,10,3,0,1,3,0,14,2,2,0,3,0,4,9,0,5,16,15,21,4,0,25,8
1951,3,0,s,1,0,15,0,d,3,0,d,3,0,14,d,2,d,3,d,4,9,0,d,16,15,21,4,0,d,d
1796,3,0,0,1,0,15,0,10,3,d,1,3,0,14,d,2,0,3,0,4,9,0,5,16,15,21,d,0,25,8
I245,0,0,0,1,0,15,0,10,0,0,1,3,2,14,s,2,0,3,0,4,9,0,5,16,15,21,4,0,25,8
2033,0,0,0,1,0,15,d,10,d,0,1,d,d,14,s,d,0,3,0,4,9,0,d,16,15,21,4,0,25,8
2032,d,0,0,1,0,15,0,10,0,0,1,3,d,14,s,2,0,3,0,4,9,0,5,16,15,d,4,0,25,8
I246,1,0,0,1,0,15,0,10,3,0,1,3,0,14,2,2,0,3,2,4,9,6,0,16,15,21,4,0,25,8
I247,1,0,0,1,36,15,0,10,3,0,1,3,0,14,2,2,0,3,2,4,9,6,0,16,15,21,4,0,25,8
2020,1,0,d,1,36,15,0,10,3,0,1,3,0,d,2,2,s,3,d,4,9,6,0,16,d,21,4,0,25,d
1050,1,0,0,1,36,15,0,10,3,0,1,3,0,14,2,2,0,3,2,4,9,6,0,s,d,21,4,0,25,d
I249,1,0,0,1,0,15,0,10,3,0,1,3,0,14,2,2,0,3,2,4,9,6,0,16,15,21,4,0,25,8
1996,1,0,1,1,0,15,0,10,3,0,1,3,0,14,2,d,d,3,2,4,d,d,d,16,15,d,4,0,25,8
1030,d,0,1,1,0,15,0,10,3,d,1,3,d,d,2,2,d,3,2,4,9,6,0,16,15,d,4,0,25,8
I251,0,0,0,0,0,0,0,10,0,0,0,0,0,0,2,0,8,0,0,0,0,0,0,16,12,21,4,0,0,8
I252,3,1,0,0,0,0,0,10,0,0,0,0,0,0,2,0,8,0,0,0,0,0,0,16,12,21,4,0,0,8
I253,3,1,0,0,0,0,0,10,0,0,0,0,0,0,2,0,8,0,10,0,0,0,0,16,12,21,4,0,0,8
I254,3,1,0,0,0,0,0,10,0,0,0,0,0,0,2,21,8,0,10,0,0,0,0,16,12,21,4,0,0,8
I255,3,1,0,0,0,0,0,10,0,0,0,0,0,0,2,21,8,0,10,0,0,0,0,16,12,21,4,0,0,8
I256,3,1,0,0,0,0,0,10,0,0,0,0,0,0,2,21,8,3,10,0,0,0,0,16,12,21,4,0,0,8
I259,3,1,0,0,37,0,s,10,3,0,0,3,0,0,2,21,8,3,10,0,0,0,0,16,12,21,4,0,4,8
1379,3,1,0,0,37,0,s,10,3,0,0,3,d,0,2,d,8,3,10,d,0,0,d,16,12,21,4,0,4,d
1378,3,1,0,0,37,0,s,10,3,d,0,3,0,0,2,21,8,3,10,d,0,20,2,16,12,21,4,0,4,8
1069,d,1,0,0,d,0,d,10,3,0,0,0,2,0,2,d,8,s,10,0,0,0,1,16,12,21,4,0,0,8
I263,3,1,0,0,0,0,0,10,0,0,0,0,0,0,2,21,8,0,10,0,0,0,0,16,12,21,4,0,0,8
1254,3,1,1,d,s,d,0,10,d,7,0,0,0,0,d,21,s,0,10,0,1,0,4,16,d,21,4,0,0,8
I267,3,1,0,0,0,0,0,10,0,0,0,0,0,0,2,21,8,0,10,0,0,0,0,16,12,21,4,0,32,8
I268,3,1,0,0,0,0,2,10,0,0,0,0,0,0,2,21,8,0,10,0,0,0,0,16,12,21,4,0,32,8
1055,3,1,1,0,0,0,2,10,0,0,0,0,0,0,2,21,8,0,10,12,0,0,0,16,12,21,4,s,32,8
1054,3,1,d,0,0,0,d,10,d,0,0,0,d,d,2,21,8,0,d,0,0,0,0,d,12,21,d,d,32,s
1279,s,1,0,0,0,0,0,d,0,0,0,d,0,0,2,d,8,0,10,0,0,0,0,16,12,d,4,0,32,8
I270,3,1,1,0,0,0,0,10,0,15,0,0,0,0,2,21,8,0,10,0,0,0,0,16,12,21,4,0,0,8
I272,3,1,1,0,0,0,0,10,0,s,0,0,0,0,2,21,8,3,10,14,0,0,0,16,12,21,4,2,0,8
1004,d,1,1,0,0,s,0,10,0,s,0,s,s,0,2,21,8,d,10,14,0,0,0,16,12,21,4,2,0,8
I276,3,1,1,0,0,0,17,10,0,s,0,0,1,5,2,21,8,3,10,14,10,0,4,16,12,21,4,2,0,8
1909,3,1,1,0,0,0,17,10,0,s,0,0,1,5,2,21,8,3,10,14,10,0,4,16,d,d,4,2,0,8
1908,d,1,1,0,0,d,d,10,0,s,d,0,1,d,2,21,8,3,10,14,10,0,4,16,12,21,4,2,0,8
I282,3,1,1,0,11,6,18,10,0,15,1,3,0,0,2,s,8,0,10,0,1,0,0,16,12,21,4,0,0,8
1319,3,1,1,0,11,6,18,10,5,15,d,3,0,0,2,s,8,0,10,d,d,0,d,16,12,21,4,0,d,8
1318,d,1,1,d,11,6,18,10,0,15,1,3,d,0,2,s,d,d,d,0,1,0,0,16,12,21,4,s,0,8
I287,3,s,0,0,0,0,0,10,0,0,0,0,0,0,2,0,8,0,10,0,0,0,0,16,12,21,4,2,1,8
I288,3,s,0,0,0,0,8,10,0,0,0,0,0,0,2,0,8,0,10,0,0,0,0,16,12,21,4,2,1,8
I289,3,s,0,0,0,0,8,10,0,8,0,0,0,0,2,0,8,0,10,0,0,0,2,16,12,21,4,2,1,8
I290,3,s,0,0,0,0,8,10,0,8,0,0,0,0,2,0,8,0,10,0,0,0,2,16,12,21,4,2,1,8
1144,3,s,0,d,0,0,d,10,0,8,0,0,0,4,2,0,8,0,10,0,0,0,2,16,12,d,4,2,1,8
I292,3,s,0,0,0,1,8,10,0,8,0,0,0,0,2,0,8,0,10,0,0,0,2,16,12,21,4,2,1,8
1489,3,s,0,0,0,1,8,10,0,d,0,0,0,0,2,0,8,0,10,0,0,0,2,16,12,21,4,2,1,8
1488,3,s,0,0,0,1,8,10,d,d,0,0,d,0,2,d,8,0,10,0,0,0,2,16,12,21,4,2,1,8
I293,3,s,0,0,0,0,8,10,0,8,0,0,0,0,2,0,8,0,10,0,0,17,2,16,12,21,4,2,1,8
1605,3,s,0,0,0,d,8,d,d,8,0,0,0,22,2,0,8,s,10,0,0,17,2,16,d,21,4,d,1,d
1417,3,s,0,0,0,0,8,10,0,d,0,0,d,0,2,0,8,3,10,0,0,17,d,16,12,21,4,2,1,8
I296,3,s,0,0,0,0,8,10,0,0,0,0,0,13,2,0,8,3,10,0,0,0,0,16,s,21,4,2,1,8
1147,3,s,0,0,d,0,8,10,0,0,d,0,1,13,2,0,8,3,10,0,7,0,4,16,s,s,s,2,1,8
I301,3,s,0,0,0,0,8,10,0,0,0,0,0,13,2,0,8,3,10,31,0,0,0,16,s,21,4,s,1,8
1493,3,s,0,0,0,0,8,10,0,0,0,0,0,d,2,0,8,3,10,s,0,0,0,16,s,d,4,s,1,8
1492,d,s,0,0,0,0,8,10,0,0,0,s,0,13,2,0,8,3,10,31,0,d,0,d,s,21,4,s,1,8
I303,3,s,0,0,0,0,24,10,0,0,0,0,3,0,2,0,8,0,10,0,0,0,0,16,12,21,4,2,1,8
I304,3,s,0,0,0,0,24,10,0,0,0,0,3,0,2,0,8,1,10,0,0,0,0,16,12,21,4,2,1,8
I305,3,s,0,0,0,0,24,10,0,0,0,0,3,0,2,0,8,1,10,0,1,0,0,16,12,21,4,2,1,8
1798,3,s,d,0,0,0,24,10,0,0,0,0,3,0,2,0,8,1,10,0,1,0,0,16,12,21,4,d,1,8
1806,d,s,d,0,0,0,24,10,0,0,0,0,3,0,2,0,8,1,10,37,1,0,0,16,12,21,d,2,1,8
1840,3,s,d,0,17,0,24,10,0,8,0,0,3,0,2,27,8,1,10,0,0,0,0,16,12,21,4,2,s,8
I310,3,s,0,0,0,0,24,10,0,0,0,0,3,0,s,10,8,0,10,0,0,0,0,16,12,21,4,2,1,8
1745,d,s,0,0,17,d,24,10,3,0,0,3,3,0,s,10,8,0,10,s,0,0,d,16,12,21,s,2,1,8
1782,3,s,0,0,0,d,d,10,0,d,0,0,3,d,s,10,8,0,10,0,0,0,0,16,12,21,4,2,1,8
I317,3,1,0,0,0,0,0,s,0,0,0,0,0,0,2,0,8,0,0,0,0,0,0,16,12,21,4,0,0,8
I318,3,1,0,1,0,0,0,s,0,0,0,0,0,0,2,0,8,1,0,0,0,0,0,16,12,21,4,0,0,8
I319,3,1,0,1,0,s,0,s,0,0,0,0,0,0,2,0,8,1,0,0,0,0,0,16,12,21,4,0,0,8
I320,3,1,0,1,0,s,0,s,0,0,0,0,0,0,2,0,8,1,0,0,0,0,0,16,12,21,4,0,0,8
I321,3,1,0,1,0,s,0,s,0,0,1,0,0,0,2,0,8,1,0,1,0,0,0,16,12,21,4,5,0,8
I322,3,1,0,1,0,s,0,s,0,0,1,0,0,0,2,0,8,s,1,1,0,0,0,16,12,21,4,5,0,8
1801,3,1,0,1,0,s,0,s,0,0,d,0,0,d,2,0,8,s,1,1,d,0,0,16,12,d,4,5,0,8
1800,3,1,0,1,0,s,d,s,0,0,1,d,0,0,2,0,8,s,1,1,d,0,0,16,12,21,4,5,d,8
1375,3,1,0,1,18,s,0,s,s,0,1,0,0,0,2,0,s,1,0,1,d,s,0,16,12,21,4,d,30,8
I324,3,1,0,1,0,s,0,s,0,0,0,0,0,0,2,0,s,1,0,0,0,20,5,16,12,21,4,0,0,8
I325,3,1,0,1,0,s,0,s,0,0,0,0,0,2,2,0,s,1,0,0,0,20,5,16,12,21,4,0,0,8
1455,3,1,0,1,0,s,0,s,0,0,0,0,0,2,2,0,s,1,0,0,d,d,5,d,12,21,4,0,0,8
1454,3,1,0,1,0,s,0,s,0,0,0,0,0,2,2,0,s,1,0,0,0,20,d,16,d,21,4,0,0,8
I326,3,1,0,1,0,s,0,s,0,0,0,0,0,0,2,0,s,1,0,0,0,20,5,16,12,21,4,0,0,8
1429,3,1,0,s,0,s,0,s,0,d,0,0,0,0,d,0,s,1,0,0,0,d,5,16,d,21,4,0,0,8
1428,3,1,1,1,d,s,0,s,d,0,d,0,0,0,2,0,s,1,d,d,0,20,5,16,12,21,4,0,0,8
I327,3,1,0,1,0,s,33,s,0,0,0,0,2,0,2,0,8,1,9,0,0,s,0,16,12,21,4,0,0,8
I328,3,1,0,1,3,s,33,s,3,0,0,0,2,0,2,0,8,1,9,0,0,s,4,16,12,21,4,0,0,8
I329,3,1,0,1,3,s,33,s,3,0,0,0,2,0,2,0,8,1,9,0,0,s,4,16,12,21,4,0,0,8
1129,d,1,0,1,3,s,33,s,3,0,0,0,2,0,2,3,8,1,d,0,0,s,d,16,12,21,d,0,0,8
1128,3,1,0,1,3,s,33,s,3,0,0,0,2,0,2,0,8,1,9,0,0,s,4,16,12,21,4,0,0,8
I330,3,1,1,1,3,s,33,s,3,0,1,0,2,0,2,0,8,1,9,0,0,s,4,16,12,21,4,0,21,8
1293,3,d,1,1,3,s,33,s,3,d,1,0,2,0,d,0,8,1,9,0,d,s,4,16,12,21,d,0,21,8
1292,3,d,1,1,3,s,33,s,3,0,1,0,2,0,2,0,8,1,9,d,0,s,4,16,12,21,4,0,d,8
I331,3,1,0,1,0,s,33,s,0,0,0,0,2,0,2,0,8,1,9,0,0,s,4,16,12,21,4,0,0,8
1141,3,1,d,1,0,s,33,s,d,2,1,d,2,0,2,d,d,1,9,0,d,s,4,16,12,21,4,0,0,8
1539,3,1,0,1,d,s,33,s,0,0,0,0,2,0,d,0,8,d,9,37,5,s,4,16,d,21,4,0,0,8
I334,3,s,0,1,0,0,0,s,0,0,0,0,0,0,2,0,8,1,0,0,0,0,0,16,12,21,4,0,0,8
I335,3,s,0,1,0,0,0,s,0,0,s,0,0,0,2,0,8,1,0,0,0,0,0,16,12,21,4,0,s,8
I336,3,s,0,1,18,0,0,s,0,0,s,0,0,0,2,0,8,1,0,0,0,0,1,16,12,21,4,0,s,8
1976,3,s,1,1,18,10,0,s,3,d,s,0,0,0,2,0,8,1,0,0,0,15,1,16,12,d,4,0,s,d
1896,3,s,0,d,18,d,0,s,d,0,s,0,0,0,2,d,8,1,0,0,0,0,1,16,12,d,4,2,s,8
I339,3,s,0,1,0,0,0,s,0,0,s,0,0,0,2,0,8,1,0,0,0,0,0,16,12,21,4,0,s,8
1665,d,s,0,1,0,0,9,s,0,0,s,0,0,0,2,0,d,d,0,0,0,0,0,16,12,21,4,5,s,8
1898,3,s,0,d,d,d,0,s,0,0,s,0,0,0,d,d,8,1,9,0,0,0,0,16,12,21,4,0,s,8
I342,3,s,0,1,1,0,0,s,0,0,0,0,0,0,2,0,8,1,0,0,0,0,0,16,12,21,4,0,20,8
1695,3,s,d,1,1,0,0,s,0,0,0,s,0,d,2,0,8,s,0,12,0,0,0,16,12,21,d,d,20,8
I346,3,s,1,1,1,0,0,s,0,0,0,0,0,0,2,0,8,1,0,0,2,0,0,16,12,21,4,0,20,8
1937,3,s,1,d,d,0,d,s,d,8,d,0,0,0,2,0,8,1,d,d,2,6,0,16,12,d,4,0,20,8
1498,3,s,1,1,1,0,0,s,7,0,0,0,0,0,2,d,8,1,0,15,2,0,0,16,12,21,4,2,20,8
I349,3,1,0,0,0,0,0,s,0,0,0,0,0,0,2,0,8,0,0,0,0,0,0,16,12,21,4,2,0,8
I350,3,1,0,0,0,0,0,s,0,0,0,0,0,0,2,0,8,0,0,0,0,0,0,16,12,21,4,2,0,8
I351,3,1,0,0,0,0,0,s,0,0,0,0,0,0,2,0,8,0,0,0,0,0,4,16,12,21,4,2,0,8
I354,3,1,1,0,0,0,0,s,0,0,0,0,2,0,2,0,s,0,0,0,0,0,4,16,12,21,4,2,25,8
1769,3,1,1,0,0,0,0,s,0,0,0,0,2,d,2,0,s,0,16,0,d,0,4,16,12,21,d,2,25,8
1768,3,1,1,0,0,d,d,s,d,0,0,0,2,0,2,d,s,0,0,0,0,0,4,16,12,21,4,2,25,8
I357,3,1,1,0,3,0,0,s,0,2,1,0,0,5,2,0,8,0,14,0,2,0,4,16,12,21,4,2,0,s
1685,3,1,1,d,3,0,0,s,0,2,d,0,0,5,2,0,d,0,14,d,d,0,4,16,d,21,d,2,0,s
1684,d,1,1,0,3,0,0,s,0,2,1,0,0,5,2,7,8,d,d,0,d,0,4,16,12,21,4,2,0,s
I358,3,1,0,0,0,0,0,s,3,0,0,0,0,0,2,0,8,0,0,0,0,0,3,16,12,21,4,2,0,8
I359,3,1,0,0,0,0,0,s,3,s,0,0,0,0,2,0,8,0,0,0,0,0,3,16,s,21,4,2,0,8
I360,3,1,0,1,0,0,0,s,3,s,0,0,0,0,2,0,8,0,0,0,0,0,3,16,s,21,4,2,0,8
1167,d,1,0,1,0,d,0,s,3,s,0,0,d,4,2,0,8,d,d,0,0,d,3,16,s,21,4,2,0,8
1166,d,1,0,1,0,d,d,s,d,s,0,0,0,d,2,0,8,0,d,0,9,0,3,16,s,21,4,d,0,8
I361,3,1,0,0,0,0,0,s,3,s,0,0,0,0,2,s,8,0,0,0,0,0,3,16,s,21,4,2,0,8
1137,3,1,d,0,0,d,0,s,3,s,0,0,0,d,2,s,8,s,d,0,0,0,3,16,s,d,4,2,0,8
1136,3,1,0,0,0,0,d,s,3,s,0,0,2,0,2,s,8,1,0,0,0,0,3,16,s,21,4,2,0,8
I362,3,1,1,0,37,0,0,s,3,0,1,0,0,0,2,0,8,s,0,0,0,s,3,s,12,21,4,2,0,8
1219,3,1,1,0,d,0,0,s,d,4,1,0,0,0,2,21,8,s,0,s,0,s,3,s,12,21,4,2,0,d
1246,s,1,1,d,37,0,0,s,3,0,1,0,2,0,2,d,8,s,3,d,9,s,3,s,12,21,4,2,0,8
I365,3,1,1,0,0,0,0,s,0,0,0,0,0,0,2,10,8,0,0,0,0,6,0,16,12,21,4,2,0,8
I366,s,1,1,1,0,0,0,s,0,7,0,0,0,19,s,10,8,0,0,0,0,6,0,16,12,s,4,2,0,8
I367,s,1,1,1,0,0,0,s,0,7,0,0,0,19,s,10,8,0,0,0,0,6,0,16,12,s,4,2,1,8
1651,s,1,1,1,0,0,21,s,0,7,1,d,0,19,s,10,8,0,0,0,0,6,4,16,12,s,4,2,1,8
I369,s,1,1,1,0,0,0,s,0,7,s,0,0,19,s,10,8,0,0,6,0,6,0,16,12,s,4,2,1,8
1525,s,1,1,1,0,0,0,s,0,7,s,0,0,19,s,10,8,0,0,6,0,6,0,d,12,s,d,2,d,8
1524,s,d,d,d,53,0,0,s,0,7,s,0,0,19,s,10,8,0,0,6,0,6,d,16,12,s,4,2,1,d
1941,s,1,d,1,11,3,2,s,d,d,0,0,0,19,s,10,8,0,16,0,2,d,0,16,12,s,4,2,0,8
I373,3,1,1,0,0,0,s,s,0,0,0,0,0,0,2,10,8,0,0,0,0,6,4,16,12,21,4,2,0,8
I375,3,1,1,0,0,0,s,s,3,0,0,0,0,0,2,10,8,1,0,0,0,6,4,16,12,21,4,2,0,8
1347,3,1,1,0,0,0,s,s,3,d,1,0,0,0,2,10,8,1,0,0,0,6,4,16,d,d,4,2,0,8
1346,3,1,1,0,0,0,s,s,d,0,0,0,0,d,2,10,d,1,0,d,0,6,4,16,12,21,d,2,0,d
I377,3,1,1,1,0,0,s,s,0,0,0,0,0,0,2,10,8,0,0,0,0,6,4,16,12,21,4,2,0,8
I378,3,1,1,1,s,2,s,s,0,0,0,0,0,0,2,10,s,0,0,0,5,6,4,16,12,21,4,2,0,8
1391,3,1,1,1,s,2,s,s,0,0,0,0,0,0,2,10,s,0,0,0,5,6,4,16,d,s,4,d,0,8
1390,3,1,d,1,s,2,s,s,0,0,0,3,2,0,d,10,s,d,0,0,5,6,4,16,12,21,4,d,0,8
1076,3,1,1,1,0,0,s,s,0,0,0,d,0,0,2,10,8,0,9,0,d,6,4,16,12,d,4,2,3,8
I380,0,0,0,0,0,0,0,10,0,0,0,0,0,0,2,0,8,0,0,0,0,0,0,16,12,21,4,0,0,8
I381,0,0,0,0,0,0,0,10,0,0,1,0,0,0,2,0,8,0,0,0,0,0,2,16,12,21,4,0,0,s
I382,0,1,0,0,0,0,0,10,0,13,1,0,0,0,2,0,8,0,0,0,0,0,2,16,12,21,s,0,0,s
I383,0,1,0,0,0,0,0,10,0,13,1,0,0,0,2,0,8,0,0,0,0,0,2,16,12,21,s,0,0,s
I384,0,1,0,1,0,0,0,10,0,13,1,0,2,0,2,0,8,0,0,0,0,0,2,16,12,21,s,0,0,s
I387,s,1,0,1,0,0,0,10,s,13,1,0,2,0,2,0,8,3,3,0,0,0,2,16,12,21,s,0,25,s
1567,s,1,0,1,0,0,d,10,s,d,1,0,2,0,2,0,8,3,3,0,0,0,2,16,d,21,s,5,25,s
1566,s,1,0,1,0,0,0,d,s,d,1,0,d,0,2,0,8,3,3,0,d,0,d,d,12,21,s,0,25,s
I390,0,1,0,1,0,0,0,10,0,13,1,0,2,0,2,6,8,0,1,0,0,0,2,16,12,21,s,0,0,s
1699,0,d,0,1,0,0,0,10,0,13,1,0,2,0,2,6,8,0,d,0,0,d,2,16,12,21,s,0,0,s
1698,d,d,0,1,0,0,0,10,0,13,d,0,d,0,2,6,d,0,1,0,0,0,2,d,12,21,s,0,0,s
I391,0,1,0,0,0,0,0,10,0,13,1,0,2,0,2,0,8,0,9,0,0,0,2,16,12,21,s,0,0,s
1740,0,1,0,s,0,6,0,10,0,13,1,s,2,0,2,d,8,0,9,0,0,0,2,16,12,d,s,d,0,s
1711,0,1,0,0,d,0,5,10,0,13,1,0,d,13,2,0,8,d,9,0,0,0,2,16,12,21,s,d,s,s
I398,0,1,0,0,0,0,0,10,0,13,1,0,0,0,2,0,8,0,0,0,0,0,2,16,12,21,s,0,0,s
I399,0,1,0,0,3,0,0,10,0,13,1,0,2,0,2,3,8,1,0,0,0,0,2,16,12,21,s,0,0,s
I401,3,1,0,0,3,0,0,10,0,13,1,0,2,0,2,3,8,s,0,0,0,s,2,16,s,21,s,0,0,s
1933,3,1,0,0,3,0,d,10,0,d,1,0,2,0,2,3,8,s,0,0,0,s,2,16,s,d,s,0,0,s
1932,3,1,0,0,d,d,0,10,0,13,1,0,d,0,2,3,8,s,0,0,0,s,2,16,s,21,s,d,0,s
I403,3,1,0,4,3,0,0,10,0,13,1,0,2,0,2,3,8,1,0,42,0,0,2,16,12,21,s,0,0,s
I404,3,1,0,4,3,13,0,10,0,13,1,0,2,1,2,3,8,s,0,42,0,20,2,16,12,21,s,0,0,s
1789,3,1,0,4,3,13,0,10,0,13,1,0,2,1,2,3,8,s,0,42,d,20,2,16,12,21,s,0,0,s
1788,3,1,0,4,3,13,0,10,0,13,1,0,2,1,2,3,8,s,0,d,0,20,2,16,12,21,s,0,0,s
1881,3,1,d,4,3,0,0,10,0,13,1,5,2,1,2,3,8,1,0,42,0,0,2,16,12,21,s,0,0,s
I406,0,1,0,0,0,0,0,10,0,13,1,0,0,0,2,0,8,0,0,0,0,0,2,16,12,21,s,0,0,s
1900,0,1,0,s,0,0,0,d,3,13,1,d,0,0,2,0,8,0,0,0,2,d,2,16,12,21,s,0,0,s
1829,d,1,0,0,0,0,34,10,0,d,d,d,d,d,d,0,d,0,d,d,0,0,2,d,12,21,s,0,0,s
I413,0,0,0,0,0,0,0,10,0,0,1,0,0,0,2,0,8,0,0,0,0,0,2,16,12,21,4,0,0,s
I414,0,0,0,1,s,7,17,10,0,0,1,0,0,0,2,0,8,0,0,0,0,0,2,16,12,21,4,0,0,s
I415,0,1,0,1,s,7,17,10,0,0,1,0,0,0,2,0,8,0,s,0,15,0,2,16,12,21,4,0,0,s
I416,0,1,0,1,s,7,17,10,0,0,1,0,2,0,2,0,8,0,s,0,15,0,2,16,s,21,s,0,0,s
1330,0,1,0,1,s,7,17,10,0,d,1,0,2,d,2,0,8,0,s,d,15,6,2,16,s,21,s,0,0,s
1415,3,1,d,d,s,7,17,s,0,0,d,0,2,4,2,0,8,0,s,d,15,0,2,16,s,d,s,0,0,s
I419,0,1,0,1,s,7,17,10,0,0,1,0,0,0,2,0,8,0,s,0,15,4,2,16,12,21,4,0,4,s
1290,0,1,0,1,s,7,17,10,0,d,1,0,0,0,2,d,8,0,s,0,15,4,d,16,12,21,4,0,4,s
1284,0,d,0,1,s,7,17,d,0,0,1,0,0,d,2,12,d,0,s,0,d,4,2,16,12,21,4,0,4,s
I422,3,0,0,1,s,7,17,10,0,22,1,0,0,s,2,0,8,0,0,0,0,0,2,16,12,21,4,0,0,s
I423,3,0,1,1,s,7,17,10,0,22,1,0,0,s,2,19,8,1,0,0,0,0,2,16,12,21,4,5,0,s
I424,3,0,1,1,s,7,17,10,0,22,1,0,0,s,2,19,8,1,0,0,0,0,2,16,12,21,4,5,16,s
1451,3,0,1,1,s,7,17,d,0,22,1,0,0,s,2,19,8,1,2,0,0,0,2,d,12,21,4,5,16,s
1450,3,0,1,1,s,7,17,d,0,22,1,0,0,s,2,19,8,1,d,0,0,0,2,16,12,21,4,d,16,s
1209,3,0,1,d,s,7,17,10,3,22,1,0,d,s,s,19,8,d,0,0,0,0,2,16,d,21,4,d,0,s
I426,3,0,0,1,s,7,17,10,3,22,1,0,0,s,2,0,8,0,0,0,0,0,2,16,12,21,4,0,0,s
I427,3,0,1,1,s,7,17,10,3,22,1,0,0,s,2,0,8,0,0,0,0,0,2,16,12,21,4,0,0,s
1157,3,0,d,1,s,7,17,10,3,22,d,0,2,s,2,0,8,0,0,0,d,0,2,16,12,d,4,0,6,s
1156,3,0,1,s,s,7,17,10,3,22,1,0,0,s,2,0,8,0,0,0,0,0,2,s,12,21,4,0,d,s
1109,3,0,0,1,s,d,s,10,d,22,1,d,d,s,2,26,8,0,0,4,d,0,d,16,12,21,4,0,s,s
I429,0,0,0,0,0,0,5,10,0,0,1,3,0,0,2,0,8,0,0,0,0,0,2,16,12,21,4,0,0,s
I430,0,0,0,0,0,0,5,10,0,0,1,3,0,0,2,0,8,0,s,0,0,0,2,16,12,21,4,0,0,s
I431,0,0,0,1,0,0,5,10,0,0,1,3,0,0,2,0,8,0,s,0,0,0,2,16,12,21,4,0,0,s
1408,0,0,0,1,0,0,5,10,0,0,d,3,0,d,2,3,8,1,s,0,0,0,2,16,d,21,4,2,0,s
1690,0,0,1,1,d,d,5,10,0,d,1,3,d,26,2,0,8,0,s,1,0,d,s,s,12,21,d,0,0,s
1584,0,0,s,s,0,10,5,10,0,8,d,3,2,d,2,d,8,0,s,0,s,0,d,16,s,21,4,2,0,s
I437,0,0,0,0,0,0,5,10,0,7,1,3,0,0,2,0,8,0,9,0,0,0,2,16,12,21,4,0,0,s
I438,0,0,0,0,0,0,5,10,0,7,1,3,0,0,2,0,8,0,9,0,0,0,2,16,12,21,4,0,0,s
1529,0,0,0,0,0,0,5,10,d,7,1,3,0,0,2,0,8,0,9,0,20,30,2,16,12,21,d,s,0,s
I440,0,0,0,0,0,0,5,10,0,7,1,3,0,0,2,0,8,0,9,2,0,0,2,16,12,21,4,0,0,s
1603,0,0,0,0,0,d,5,d,0,7,d,3,0,0,2,0,8,d,9,2,0,0,2,16,12,d,4,0,14,s
1602,0,d,0,0,0,0,5,10,0,7,d,3,0,0,2,0,8,0,9,2,0,0,2,16,12,21,4,0,d,s
I441,0,0,0,0,0,0,5,10,0,7,1,3,0,0,2,0,8,0,9,0,0,2,2,16,12,21,4,0,0,s
1975,0,s,0,d,0,d,5,10,0,7,1,3,0,0,2,0,8,0,9,0,17,2,s,16,s,s,4,0,0,s
1543,0,0,0,0,d,0,5,s,0,7,1,3,0,2,2,0,d,d,9,0,0,2,2,16,s,21,4,0,0,s
I444,0,0,0,0,0,0,0,10,0,0,0,0,0,0,2,0,8,0,0,0,0,0,0,16,12,21,4,2,0,8
I445,0,0,0,0,0,0,0,10,0,0,0,0,0,0,2,0,8,0,0,0,0,0,0,16,12,21,4,2,0,8
I446,0,0,0,0,0,0,0,10,0,0,0,0,0,0,2,0,8,1,0,0,0,0,0,16,12,21,4,2,0,8
I447,0,0,0,0,0,0,0,10,0,0,0,0,0,0,2,0,8,1,0,21,0,0,3,16,12,21,4,2,0,8
I448,0,0,0,0,65,0,0,10,0,0,0,0,0,s,2,8,8,1,0,21,0,0,3,16,12,21,4,2,0,8
1481,0,d,d,0,65,0,0,10,0,d,0,0,s,s,2,d,8,1,d,21,0,0,3,16,12,21,4,d,d,8
1273,0,2,0,0,65,0,d,10,d,0,0,d,0,s,2,8,8,1,0,21,0,0,3,s,12,21,4,2,0,d
I451,0,0,1,0,0,0,0,10,0,0,0,0,0,0,2,0,8,1,9,21,0,0,3,16,12,21,4,2,0,8
1143,3,0,1,d,0,6,19,10,0,0,d,0,0,0,2,0,d,1,9,21,0,0,3,d,12,21,4,d,0,8
1153,0,0,d,0,0,0,0,10,0,0,0,d,0,0,2,0,8,1,9,21,0,20,3,16,12,21,4,2,d,8
I454,s,0,0,0,0,0,0,10,0,0,0,0,0,0,2,0,8,1,16,0,0,0,0,16,12,21,4,2,0,8
1906,s,0,0,0,17,0,5,10,0,0,0,0,2,0,2,0,8,1,16,d,15,20,0,d,12,21,4,2,d,8
2025,s,0,0,0,0,d,d,10,d,0,0,d,d,0,2,2,8,1,16,0,s,0,s,16,12,21,4,2,0,8
I461,0,0,0,0,0,6,0,10,0,0,0,0,0,0,2,0,8,0,0,0,0,0,0,16,12,21,4,2,s,8
1564,3,0,0,1,0,6,0,10,0,0,0,0,0,0,d,0,8,1,0,1,9,0,0,s,12,21,d,2,s,8
I469,0,0,0,1,3,6,5,10,0,0,0,0,0,0,2,12,8,0,3,0,0,20,3,16,12,21,4,2,s,8
I472,0,0,0,1,3,6,5,10,0,s,0,0,0,0,2,12,8,0,3,0,14,20,3,16,12,21,4,2,s,8
1619,0,0,0,d,3,6,5,10,d,s,0,0,0,0,2,12,8,0,3,0,14,s,3,d,12,21,4,2,s,8
1618,0,d,0,1,3,6,d,d,0,s,0,0,0,0,2,12,8,0,3,0,d,d,3,16,12,21,4,d,s,8
I473,0,1,0,1,3,6,5,10,0,0,0,0,0,0,2,12,8,3,3,0,0,20,3,16,12,21,4,2,s,8
I474,0,1,0,1,3,6,5,10,s,0,0,0,0,0,2,12,8,3,3,0,0,20,3,16,12,21,4,2,s,8
1853,0,1,0,1,d,6,5,10,s,0,0,0,0,0,2,12,8,3,3,0,d,20,3,16,12,21,4,d,s,8
1852,0,1,0,1,3,6,5,10,s,2,d,0,0,0,2,d,d,3,3,0,0,20,3,16,12,21,4,2,s,8
I475,0,1,0,1,3,6,5,10,0,0,s,0,0,0,2,12,8,3,3,0,2,20,3,16,12,21,4,2,s,8
1915,0,1,d,d,d,6,5,10,0,0,s,0,0,0,2,12,8,3,3,0,2,20,3,16,12,d,4,2,s,8
1914,0,1,0,1,3,6,5,d,0,0,s,0,0,0,d,12,8,3,3,0,2,20,3,16,12,21,4,2,s,8
I476,0,0,1,0,0,0,5,10,0,0,0,0,2,0,2,0,8,0,0,0,0,0,0,16,12,21,4,2,0,8
I477,3,0,1,0,0,0,5,10,0,0,0,0,2,s,2,10,8,0,0,0,0,0,0,16,12,21,4,2,0,8
I478,3,0,1,0,0,0,5,10,0,0,0,0,2,s,2,10,8,2,0,0,0,0,0,16,12,21,4,2,0,s
1608,3,1,1,0,11,0,5,d,d,0,0,d,d,s,2,10,s,2,0,0,1,0,4,16,12,21,4,2,0,s
I482,3,0,1,1,0,0,5,10,0,0,0,0,2,s,2,10,8,2,0,0,0,0,0,16,12,21,4,2,0,s
1825,3,d,1,d,0,0,5,10,0,0,0,d,2,s,2,10,8,d,d,17,d,0,0,16,12,21,4,2,0,s
I484,3,0,1,1,0,0,5,10,0,0,0,0,2,s,2,10,8,2,0,0,0,0,0,16,12,21,4,2,0,s
1705,3,0,1,1,d,0,5,d,0,0,d,3,2,s,2,10,8,2,0,0,0,0,0,d,12,21,d,d,0,s
1704,3,0,d,1,0,d,5,10,0,0,0,d,2,s,2,10,8,2,0,0,d,0,0,16,12,d,4,d,0,s
I485,3,1,1,0,0,0,5,10,0,0,0,0,2,s,2,10,8,0,0,0,0,6,0,16,12,21,4,2,0,8
I486,3,1,1,0,0,1,s,10,0,0,0,0,2,s,2,10,8,0,0,16,7,6,0,16,12,21,4,2,0,8
1808,3,1,1,0,0,1,s,d,3,0,0,0,2,s,2,10,8,0,0,16,7,d,0,16,s,d,4,2,0,8
1709,3,1,d,d,0,1,s,10,0,s,s,d,d,s,2,10,8,0,0,16,7,6,3,16,12,21,4,2,0,8
I489,3,1,1,0,0,0,5,10,0,0,0,0,2,s,2,10,8,0,0,0,0,6,0,16,12,21,4,2,0,8
1751,3,1,1,0,0,0,5,10,0,0,0,0,s,s,2,10,8,d,d,d,0,d,0,16,12,21,4,2,0,8
1968,3,1,d,0,0,0,5,10,0,d,0,5,2,s,2,10,d,1,0,0,0,6,0,16,12,21,4,2,d,d
I492,0,0,1,0,0,0,5,10,0,0,0,0,2,0,2,0,8,0,0,0,0,33,0,16,12,21,4,2,0,8
I493,0,0,1,0,0,0,5,10,0,0,0,0,2,0,2,0,8,1,0,0,s,33,0,16,12,21,4,2,0,8
I494,0,0,1,0,0,0,5,10,0,13,0,0,2,0,2,0,8,1,0,0,s,s,0,16,12,21,4,2,0,8
I495,0,0,1,0,0,0,5,10,0,13,0,0,2,s,2,27,8,1,0,0,s,s,0,16,12,21,4,2,0,8
1865,d,d,1,0,0,0,5,10,0,d,0,0,2,s,2,d,8,1,d,0,s,s,0,d,12,21,4,2,0,8
1864,0,0,1,0,0,0,d,10,0,13,0,0,2,s,2,27,8,1,0,0,s,s,0,16,12,21,4,2,0,8
1958,0,0,1,d,0,0,5,10,0,13,d,0,2,0,2,6,8,1,0,2,s,s,0,d,12,21,4,2,0,8
1610,0,0,1,s,13,0,5,10,0,0,0,2,2,0,2,0,8,1,0,18,s,33,0,16,12,21,4,2,0,d
I500,0,0,1,0,0,5,5,10,0,22,0,0,2,0,s,0,8,0,0,0,0,33,0,16,12,21,4,2,0,8
I501,0,0,1,0,0,5,5,10,0,22,0,0,2,0,s,0,8,0,0,0,0,33,0,16,12,21,4,2,0,8
2040,0,d,1,0,0,5,5,10,0,d,0,0,2,0,s,0,8,d,0,0,0,d,0,16,12,21,4,2,0,8
2001,0,0,1,0,44,5,5,10,0,22,0,0,2,d,s,0,d,0,0,0,0,33,0,d,12,21,4,2,0,8
I504,0,0,1,0,0,5,5,10,0,22,1,0,2,0,s,3,8,0,0,0,0,33,0,16,12,21,4,2,0,8
I505,0,0,1,0,0,5,5,10,0,22,1,0,2,0,s,3,8,0,0,0,0,33,0,16,12,21,4,2,0,8
1659,0,0,1,0,0,5,5,10,d,22,1,0,d,0,s,3,d,0,0,0,0,33,0,16,12,d,4,2,0,d
1658,0,0,1,d,d,5,5,10,0,22,1,d,2,0,s,3,8,0,0,0,0,33,0,16,12,21,4,2,0,8
I506,0,0,1,0,0,5,5,10,0,22,1,0,2,0,s,3,8,0,0,0,0,33,0,16,12,21,4,2,0,8
1905,0,0,d,0,0,5,5,10,0,22,1,0,2,0,s,3,8,0,0,d,0,33,0,16,12,21,4,2,0,8
1904,0,0,1,0,0,5,5,d,0,d,1,0,2,0,s,3,8,d,0,0,0,d,0,16,12,21,4,d,0,d
I507,3,0,0,0,11,0,0,0,0,0,0,0,0,0,2,0,0,1,0,0,0,0,4,0,0,0,0,0,0,8
I508,3,0,0,0,11,0,0,0,0,0,0,0,0,0,2,0,0,1,0,4,0,0,4,0,0,0,8,0,0,8
I509,3,0,0,0,11,0,0,0,0,0,0,0,0,0,2,0,0,1,0,4,0,0,4,0,17,0,8,0,0,8
I510,3,0,0,0,11,2,0,0,0,0,0,0,0,0,2,0,0,1,0,4,0,0,4,0,17,0,8,3,14,8
I511,3,0,0,0,11,2,0,0,0,0,0,0,0,0,2,0,0,1,1,4,0,0,4,0,17,s,8,s,14,8
I512,3,0,0,0,11,2,0,0,0,0,1,0,0,0,s,0,2,1,1,4,0,0,4,0,17,s,8,s,14,8
I513,3,1,0,0,11,2,0,0,0,13,1,0,0,0,s,0,2,1,1,4,0,0,4,0,17,s,8,s,14,8
1064,d,1,0,0,11,2,d,0,d,13,1,0,0,14,s,s,2,1,1,4,0,0,4,6,17,s,8,s,14,s
1090,3,1,0,s,11,2,s,0,s,13,1,5,0,5,s,d,2,1,1,4,0,2,4,0,17,s,8,s,14,8
I520,3,0,0,0,11,2,0,0,0,0,1,0,0,0,s,0,2,1,1,4,0,0,4,0,17,s,8,s,14,8
I521,3,0,0,0,11,2,0,0,0,0,1,0,0,26,s,0,2,1,1,4,0,0,4,21,17,s,8,s,14,8
1322,d,0,d,0,d,d,0,0,2,0,1,0,0,d,s,0,2,1,1,4,0,0,4,21,17,s,8,s,14,d
I523,3,0,0,0,11,2,7,0,0,0,1,0,0,26,s,0,2,1,1,4,0,0,4,21,17,s,8,s,14,8
1257,3,0,0,0,11,d,7,0,0,0,1,0,0,26,s,0,2,d,1,4,d,0,d,21,17,s,8,s,14,8
1256,3,0,0,0,11,2,7,0,0,0,1,0,0,26,s,0,2,1,1,4,d,0,4,21,17,s,8,s,14,8
I524,3,0,0,0,11,2,0,0,0,0,1,0,0,14,s,0,2,1,1,4,0,0,4,0,17,s,8,s,14,8
I525,3,0,0,0,11,2,0,0,0,0,1,0,0,s,s,0,2,1,1,4,0,0,4,0,17,s,8,s,14,8
1355,3,0,0,0,d,2,d,0,0,0,1,0,0,s,s,0,2,1,1,4,d,0,4,0,17,s,d,s,14,8
1354,3,0,d,0,11,2,0,0,0,0,d,d,d,s,s,0,2,1,1,4,0,0,4,0,17,s,8,s,14,8
1586,3,0,0,0,d,2,0,0,0,2,1,0,d,14,s,d,2,1,1,4,0,d,s,d,17,s,8,s,14,s
I527,3,0,0,0,11,2,0,4,0,0,0,5,0,29,2,0,0,1,1,4,0,0,4,0,17,s,8,s,14,8
I528,3,0,0,0,11,s,0,4,0,0,0,5,0,29,2,0,0,1,1,4,0,0,4,0,17,s,8,s,14,8
1380,d,0,d,0,s,s,0,4,0,0,0,5,0,29,d,d,0,d,1,4,15,1,4,d,17,s,d,s,d,d
I533,3,0,0,0,11,s,0,4,0,0,0,5,2,29,2,10,0,1,1,4,0,0,4,0,17,s,8,s,14,8
1389,3,0,0,0,11,s,0,4,0,0,0,5,2,29,2,10,0,1,1,4,0,0,4,0,17,s,8,s,14,d
1388,3,0,0,0,11,s,0,4,0,0,0,5,2,d,2,10,20,d,1,4,d,0,4,0,17,s,8,s,d,8
I535,3,4,0,0,11,2,0,4,0,8,0,5,0,29,2,s,0,1,1,4,0,0,4,0,17,s,8,s,14,8
1236,3,4,1,1,11,2,d,s,0,8,s,5,0,29,2,s,0,1,1,4,0,7,4,0,17,s,8,s,d,8
I539,3,4,0,0,11,2,0,4,0,8,0,5,0,29,2,s,0,1,1,4,0,0,4,18,17,s,8,s,14,8
1155,d,4,0,d,11,d,0,4,0,8,0,5,d,29,2,s,0,1,1,4,0,0,4,18,17,s,d,s,d,d
I541,3,4,0,0,11,2,0,4,0,8,0,5,0,29,2,s,10,1,1,4,0,0,4,18,17,s,8,s,14,8
1175,3,4,0,0,11,2,0,4,0,8,0,5,0,29,2,s,10,1,1,4,0,16,4,18,17,s,8,s,14,d
1174,3,4,0,0,d,2,16,4,0,8,0,5,0,29,2,s,s,1,1,d,0,d,4,18,d,s,8,s,14,8
I542,3,0,0,0,11,2,0,0,0,0,0,0,0,0,2,0,0,1,0,4,0,0,4,0,17,0,8,3,14,8
I543,3,0,0,0,11,2,0,0,0,0,0,0,0,0,2,0,0,1,0,4,0,0,4,0,17,0,8,3,14,8
I544,3,0,0,0,11,2,0,0,0,0,0,0,0,0,2,0,0,1,0,4,2,0,4,0,17,29,8,3,14,8
1083,d,1,0,0,11,2,0,4,d,15,0,d,0,s,2,6,0,1,0,4,2,30,s,16,17,29,8,3,14,8
I548,3,1,0,0,11,2,0,0,0,0,0,0,0,0,2,0,0,1,0,4,2,0,4,0,17,29,8,3,14,8
2047,3,1,0,s,d,2,0,0,0,0,0,d,0,d,2,0,d,1,0,4,2,d,d,0,17,29,8,3,14,8
1126,d,1,d,0,d,2,0,1,0,7,0,0,2,6,2,0,0,1,0,d,d,0,4,0,17,s,d,3,14,8
I552,3,0,0,0,11,2,0,0,0,0,1,3,0,0,2,0,0,1,0,4,2,0,4,0,17,0,8,3,14,8
1089,3,0,1,0,d,d,d,0,0,0,1,3,0,0,2,0,0,1,0,4,2,0,4,0,17,d,8,3,14,8
I556,3,0,0,0,11,2,0,0,0,0,1,3,0,0,2,0,0,1,0,4,2,0,4,0,17,0,8,3,14,8
I557,3,0,0,0,11,2,0,0,0,0,1,3,0,0,2,0,0,1,0,4,2,0,4,0,17,0,8,3,14,8
1267,3,0,0,0,11,d,0,0,0,0,1,3,s,0,2,0,0,1,0,4,2,d,d,3,d,d,8,3,14,d
1266,3,s,d,0,11,2,3,0,0,d,s,3,0,0,2,d,0,1,d,d,2,d,4,0,17,0,8,3,14,8
I558,3,0,0,0,11,2,0,s,0,0,1,3,0,0,2,0,0,1,0,4,2,0,4,0,17,0,8,3,14,8
I559,3,0,0,0,11,2,0,s,0,0,1,3,0,0,2,0,0,1,0,4,2,0,4,0,17,0,8,3,14,8
2017,3,0,0,0,11,2,0,s,0,0,1,3,0,0,2,0,d,1,0,4,2,0,d,0,d,0,8,3,14,8
2016,3,0,0,0,11,d,0,s,0,0,d,3,0,0,2,0,0,1,d,4,d,0,4,0,17,0,8,3,14,8
2039,3,2,d,0,11,2,0,s,0,d,1,3,0,0,2,0,0,1,0,4,2,0,4,0,17,0,8,3,14,8
I561,3,0,0,0,11,2,0,0,0,0,0,0,0,13,2,0,0,1,0,4,0,0,4,0,17,23,8,3,14,8
I563,3,0,0,0,11,2,0,0,0,0,0,0,0,13,s,0,0,1,0,4,5,0,4,0,17,23,8,3,14,8
1195,d,0,s,0,11,s,0,0,0,0,0,d,s,13,s,0,d,1,0,4,5,0,4,d,17,23,8,3,d,8
1169,3,d,0,0,11,d,0,d,d,0,0,3,2,13,s,0,0,1,0,4,5,0,4,0,d,d,8,3,d,8
I569,3,0,0,0,11,2,0,0,0,0,0,3,0,13,2,0,0,1,0,4,0,0,4,0,17,23,8,3,14,8
I570,3,0,0,0,11,2,0,0,0,0,0,3,0,13,2,0,0,1,0,4,0,0,4,0,17,23,8,3,14,8
I571,3,0,0,0,11,2,0,0,0,0,0,3,0,13,2,0,0,1,0,4,0,0,4,0,17,23,8,3,14,8
1295,3,0,0,d,11,d,d,0,0,0,d,d,0,13,d,0,0,1,0,d,0,0,4,0,17,23,8,3,14,8
1294,3,0,0,0,11,2,0,0,d,0,0,3,0,13,2,0,0,1,0,4,0,0,4,0,17,23,8,3,d,d
I572,3,0,1,0,11,s,0,0,3,0,0,3,0,s,2,0,0,1,0,4,0,0,4,3,17,23,8,3,14,8
1353,3,0,1,0,11,s,0,0,3,0,0,3,0,s,2,0,0,1,0,4,0,0,4,3,17,23,8,3,14,8
1352,d,0,1,0,11,s,0,0,3,0,0,3,0,s,d,0,0,d,0,4,0,0,4,3,17,23,8,3,14,8
I573,3,0,0,0,11,2,0,0,0,s,0,3,0,13,2,0,0,1,0,4,9,0,4,0,17,23,8,3,14,8
I574,3,0,0,0,11,2,5,4,0,s,0,3,0,13,2,0,0,1,s,4,9,0,4,0,17,23,8,3,14,8
1551,d,0,0,d,d,2,5,4,0,s,0,3,0,13,2,0,10,1,s,4,9,0,d,0,17,23,8,3,d,8
1550,3,0,0,0,d,2,d,4,0,s,d,3,0,13,d,s,0,d,s,d,d,0,4,0,17,23,8,3,14,d
I575,3,0,0,0,11,2,0,10,0,s,0,3,0,13,2,0,0,1,0,4,9,0,4,0,17,23,8,3,14,8
1197,3,d,d,0,11,2,0,10,0,s,0,3,0,13,2,0,d,1,3,d,9,0,4,0,d,23,d,3,14,8
1196,d,0,0,0,d,2,0,10,0,s,d,3,d,13,d,0,0,1,0,4,9,0,4,0,d,23,8,3,14,8
I576,3,0,0,0,11,0,0,0,0,0,0,0,0,0,2,0,0,1,0,4,0,0,4,0,17,16,8,0,0,8
I577,3,0,0,0,11,0,0,0,0,0,s,0,0,0,2,0,1,1,0,4,0,20,4,0,17,16,8,0,0,s
I578,3,0,0,0,11,0,0,0,0,0,s,0,0,0,2,0,1,s,16,4,9,20,4,0,17,16,8,0,0,s
I580,3,0,0,0,11,0,0,0,0,0,s,0,0,2,2,0,1,s,16,4,9,20,4,0,17,16,8,0,0,s
1835,d,d,d,0,11,5,0,d,s,d,s,d,2,2,2,0,1,s,16,4,9,20,4,0,17,16,d,d,0,s
1671,d,0,0,0,11,0,0,0,0,0,s,0,d,2,2,0,1,s,16,4,9,20,4,0,17,16,8,0,0,s
I586,3,0,0,0,11,0,0,0,0,0,s,0,0,0,2,0,1,s,16,4,9,20,4,0,17,16,8,0,5,s
I587,3,0,0,0,11,0,0,0,0,0,s,0,0,0,2,0,1,s,16,4,9,20,4,0,17,16,8,0,5,s
1268,3,0,0,0,11,0,0,0,s,2,s,d,0,0,d,0,1,s,16,4,9,20,d,0,17,d,8,0,5,s
1177,3,0,0,0,11,0,0,0,0,0,s,5,0,0,2,0,1,s,16,4,9,20,4,0,17,16,8,0,5,s
I590,3,0,0,0,11,0,0,s,0,0,s,0,2,0,2,0,1,s,16,4,9,20,4,0,17,16,8,0,5,s
1911,3,0,0,d,11,0,0,s,0,0,s,0,2,0,d,0,1,s,16,4,9,20,4,0,17,16,8,0,5,s
1340,3,0,0,0,d,0,0,s,0,0,s,0,2,0,2,0,d,s,16,4,s,20,4,11,s,16,d,s,5,s
I593,3,0,0,0,11,0,0,4,5,0,s,0,0,0,2,0,1,1,0,4,0,20,4,21,17,16,8,0,0,s
I594,3,1,s,0,11,0,0,4,5,0,s,0,0,0,2,0,1,1,0,4,0,20,4,21,17,16,8,0,0,s
I595,3,1,s,0,11,0,0,s,5,8,s,0,0,0,2,0,1,1,0,4,0,20,4,21,17,16,8,0,34,s
I596,3,1,s,0,11,0,0,s,5,8,s,0,0,0,2,0,1,1,0,4,0,20,4,21,17,16,8,0,34,s
1199,3,1,s,d,d,0,0,s,5,8,s,0,0,0,2,0,1,d,0,4,0,d,d,21,d,16,8,0,34,s
1198,d,1,s,d,d,0,0,s,5,8,s,0,0,0,2,0,d,1,2,4,0,20,4,21,17,16,8,0,34,s
2011,3,1,s,d,d,1,d,s,5,d,s,0,0,0,2,0,1,d,18,4,0,20,s,21,17,16,8,2,34,s
1327,3,1,s,1,11,d,s,4,5,15,s,d,0,0,2,0,s,1,2,4,0,s,4,s,17,16,d,d,0,s
1086,3,0,0,0,11,0,s,4,5,0,s,3,0,0,2,0,1,1,0,4,0,20,4,21,17,16,8,d,0,s
I610,3,0,0,0,11,0,0,0,0,0,0,0,0,0,2,0,0,1,0,4,0,0,4,0,17,16,8,0,37,8
I611,3,0,0,0,11,0,0,0,0,0,0,0,0,0,2,17,0,1,0,4,0,0,4,0,17,16,8,2,37,8
I612,3,0,0,0,11,0,0,0,0,0,0,0,0,0,2,17,0,1,7,4,0,0,s,0,17,16,8,2,37,8
1382,3,d,0,0,11,0,0,1,1,0,0,0,0,0,2,17,0,1,7,4,0,0,s,13,s,16,8,2,37,8
I616,3,0,0,0,11,s,0,0,0,0,0,0,0,13,2,17,0,1,7,4,0,0,s,0,17,16,8,2,37,8
I617,3,0,0,0,11,s,0,0,0,0,0,0,0,13,2,17,0,1,7,4,0,0,s,0,17,16,8,2,37,8
1453,3,0,0,0,11,s,0,d,0,0,0,0,0,d,d,17,0,1,7,d,0,s,s,0,17,d,8,d,37,8
1452,3,0,0,0,11,s,0,0,0,0,0,3,0,d,d,17,17,d,7,4,0,0,s,0,17,16,8,d,37,8
I618,3,0,0,0,11,s,0,0,0,0,0,0,s,13,2,17,0,1,7,4,14,0,s,0,17,16,8,2,37,8
1533,3,0,d,0,11,s,0,0,0,0,0,0,s,13,2,17,0,1,7,4,14,0,s,0,17,16,8,d,37,8
1532,3,0,1,0,11,s,19,0,d,0,0,5,s,d,2,17,0,d,7,4,14,0,s,0,17,d,8,2,37,8
I619,3,1,0,0,11,0,0,0,0,13,0,0,2,0,2,17,0,1,0,4,0,0,4,0,17,16,8,2,37,8
I620,3,1,0,0,11,0,7,0,0,13,1,0,2,0,2,17,0,1,0,4,0,0,4,0,17,16,8,2,37,8
1460,3,1,0,0,11,0,d,0,0,13,1,0,2,0,2,17,0,1,7,4,0,0,4,7,17,16,8,2,37,8
1200,3,1,d,1,11,12,7,0,0,13,1,0,2,0,2,17,0,1,0,4,0,d,4,0,17,16,8,2,37,8
1324,3,1,0,0,11,2,0,0,0,13,0,0,2,4,d,17,0,1,0,4,0,0,4,d,17,16,d,2,37,8
I626,3,1,0,0,11,0,0,6,0,0,0,0,0,0,2,0,0,1,0,4,0,0,4,0,17,16,8,1,37,8
I627,3,1,1,0,11,0,0,6,0,0,0,0,0,0,2,0,0,1,0,4,0,22,4,0,17,16,8,1,37,8
I628,3,1,1,0,11,0,0,6,0,0,1,0,0,0,2,0,0,1,0,4,20,22,4,0,17,16,8,1,37,8
1184,3,1,1,0,11,2,0,6,0,0,d,0,3,0,2,0,0,1,0,4,20,22,4,d,17,s,d,d,37,8
I630,3,1,1,0,11,0,0,6,0,0,1,0,0,0,2,0,0,1,0,4,20,22,4,0,17,16,8,1,37,8
1317,3,1,1,0,11,0,7,6,0,0,d,0,0,0,2,0,0,d,0,4,20,22,4,d,17,d,d,1,d,d
1316,3,1,1,0,11,d,0,6,0,0,1,0,0,0,2,0,0,1,0,s,20,22,4,0,17,16,8,1,d,8
I631,3,1,1,0,11,0,34,6,0,0,0,0,0,0,2,0,0,1,0,4,0,22,4,0,17,16,8,1,37,8
1384,s,1,1,0,11,d,d,6,3,d,d,0,0,0,2,10,0,1,0,4,0,22,4,21,17,16,8,1,37,8
1413,3,1,1,0,d,0,34,6,d,0,0,5,0,0,2,0,0,1,0,4,0,d,4,0,17,16,s,d,37,8
I634,3,1,0,1,11,0,0,6,0,0,0,0,2,0,2,0,0,1,0,4,0,0,4,0,17,16,8,1,37,8
I635,3,1,0,1,11,0,0,6,3,0,0,0,s,11,2,0,0,1,0,4,0,0,4,0,17,16,8,1,37,8
1335,3,1,0,d,11,d,d,6,3,0,0,0,s,11,2,0,0,1,0,4,0,0,4,0,17,16,8,1,d,8
1485,3,1,0,d,11,0,0,d,3,0,0,3,s,11,d,d,0,1,0,4,0,0,d,0,17,16,8,1,37,8
1468,3,1,0,s,11,d,0,6,0,d,0,0,2,0,2,0,0,s,0,4,0,25,4,0,17,16,8,1,37,8
I641,3,0,0,0,11,0,0,0,0,0,0,0,0,0,2,0,0,1,0,4,0,0,4,s,0,16,8,0,0,8
I642,3,s,0,0,11,0,0,6,0,8,0,3,0,0,2,0,s,1,0,4,9,0,4,s,0,16,8,0,0,8
I643,3,s,0,0,11,0,0,6,0,8,0,3,0,0,2,17,s,1,0,4,9,4,4,s,0,16,8,0,0,8
I644,3,s,0,0,11,0,0,6,0,8,0,3,0,0,2,17,s,1,0,4,9,4,4,s,0,16,8,0,0,8
I645,3,s,0,0,11,0,0,6,0,8,0,3,0,0,2,17,s,1,0,4,9,4,4,s,0,16,8,0,0,8
I646,3,s,0,0,11,0,0,6,0,8,0,3,0,0,2,17,s,1,0,4,9,4,4,s,1,16,8,0,0,8
1882,3,s,0,0,11,0,d,6,0,8,d,3,0,31,2,17,s,1,0,4,9,4,4,s,1,d,8,0,0,8
I648,3,s,0,0,11,s,0,6,0,8,0,3,0,0,s,17,s,1,7,4,9,4,4,s,1,16,8,0,0,8
1861,d,s,0,0,11,s,d,6,0,d,0,d,0,0,s,17,s,1,7,4,9,4,4,s,1,16,8,0,d,8
1860,3,s,0,0,11,s,0,6,0,8,d,3,0,0,s,17,s,1,7,4,9,4,d,s,1,16,d,0,0,8
I649,3,s,0,0,11,7,0,6,0,8,0,3,0,0,2,17,s,1,0,4,9,4,4,s,0,16,8,0,0,8
1819,d,s,1,0,11,s,0,6,d,8,0,3,0,0,2,17,s,1,0,4,9,d,d,s,0,16,8,0,0,8
1559,3,s,0,d,11,d,0,6,0,8,0,d,0,0,2,17,s,d,0,4,9,4,4,s,d,16,8,5,0,8
I652,3,s,0,0,s,6,0,6,3,8,0,3,0,3,2,17,s,1,0,4,9,4,4,s,0,16,8,0,0,8
I653,3,s,0,0,s,6,0,6,3,8,0,3,0,3,2,17,s,1,0,4,9,4,4,s,0,16,8,0,0,8
1288,3,s,0,0,s,6,0,6,3,8,0,3,0,3,2,17,s,1,0,4,9,4,4,s,0,16,8,0,d,8
1518,3,s,0,d,s,6,d,6,3,8,1,3,0,3,2,17,s,d,0,4,9,4,d,s,0,16,8,0,4,8
I658,3,s,0,0,s,6,0,6,3,8,0,3,0,3,2,17,s,1,0,4,9,4,4,s,0,16,8,0,0,8
1701,3,s,0,0,s,6,d,6,3,8,0,3,0,3,2,17,s,1,d,4,9,4,4,s,0,16,8,0,0,8
1700,3,s,0,0,s,6,0,6,3,8,0,3,0,3,2,17,s,d,0,4,9,d,4,s,0,16,8,0,d,8
I659,3,s,0,0,11,0,0,6,0,8,0,3,0,0,2,17,s,1,0,4,9,4,4,s,0,16,8,0,4,8
I660,3,s,0,0,11,6,0,6,0,8,0,3,0,0,2,17,s,1,0,4,9,4,4,s,0,16,8,0,4,8
I661,3,s,0,0,11,6,0,6,0,8,0,3,0,0,2,17,s,1,0,4,9,4,4,s,0,16,8,0,4,8
1228,3,s,0,0,11,6,0,6,0,8,0,3,2,0,2,17,s,d,0,4,d,4,4,s,d,s,8,2,4,8
1220,3,s,0,1,11,6,0,6,0,d,d,3,3,0,2,17,s,1,0,4,9,4,4,s,d,16,8,0,4,d
I664,3,s,0,0,11,6,0,6,3,8,0,3,0,0,2,17,s,1,0,4,s,4,4,s,0,16,8,0,4,8
1470,3,s,0,0,11,6,d,6,3,8,0,3,0,0,2,17,s,d,0,4,s,4,4,s,5,16,d,0,4,8
I666,3,s,0,0,11,6,0,6,3,8,0,3,0,0,s,17,s,1,0,4,s,4,4,s,16,16,8,0,4,8
1403,3,s,0,0,11,6,0,6,3,8,0,3,0,0,s,17,s,1,0,4,s,4,4,s,16,16,8,0,4,8
1402,3,s,0,0,11,6,0,6,3,8,d,d,0,0,s,17,s,1,0,d,s,4,4,s,16,16,8,0,d,8
I667,3,s,0,0,11,0,34,6,0,8,0,3,s,0,2,17,s,1,0,4,9,4,4,s,0,16,8,0,4,8
1560,d,s,0,0,11,d,34,6,0,8,0,d,s,0,2,17,s,1,0,4,9,4,4,s,0,16,8,0,4,8
I671,3,s,0,0,11,0,34,6,0,8,0,3,s,13,2,17,s,1,9,4,9,4,4,s,0,16,8,0,4,8
I672,s,s,0,0,11,0,34,6,0,8,0,3,s,13,2,17,s,1,9,4,9,4,4,s,0,16,8,0,4,8
1631,s,s,d,0,d,0,34,6,0,8,0,3,s,13,2,17,s,1,9,4,9,4,4,s,0,16,8,0,4,8
1630,s,s,0,0,11,0,34,6,0,s,d,d,s,13,2,17,s,d,9,4,d,4,4,s,0,16,d,0,4,8
1779,3,s,0,0,11,0,34,6,7,8,0,3,s,13,2,17,s,1,9,4,9,4,4,s,0,16,8,2,4,8
I674,3,s,0,0,11,12,0,6,0,8,1,3,0,0,2,0,s,1,0,4,9,0,4,s,0,16,8,0,0,8
I675,3,s,0,0,11,12,0,6,0,8,1,3,0,0,2,0,s,1,0,4,9,0,4,s,0,16,8,4,0,8
I676,3,s,0,0,11,12,0,6,0,8,1,3,0,0,2,0,s,1,3,4,9,0,4,s,0,16,8,4,0,8
1465,3,s,1,1,11,d,0,6,0,8,d,3,1,d,2,27,s,1,3,4,9,0,4,s,0,d,8,4,0,8
1134,3,s,1,0,11,12,15,6,0,8,1,3,0,0,2,0,s,1,3,4,9,d,4,s,d,16,8,4,0,8
I683,3,s,0,0,11,12,6,6,0,8,1,3,0,3,2,0,s,1,0,4,9,0,4,s,0,16,8,4,0,8
I684,3,s,0,0,11,12,6,6,0,8,1,3,0,3,2,0,s,1,0,4,9,0,4,s,0,16,8,4,0,8
I685,3,s,0,0,11,12,6,6,0,8,1,3,0,3,2,0,s,1,0,4,9,0,4,s,0,16,8,4,0,8
1855,d,s,0,0,11,12,6,6,0,8,1,3,0,d,d,0,s,1,0,4,9,d,4,s,0,16,8,4,0,8
1854,3,s,0,0,11,12,6,d,0,8,1,3,0,3,2,0,s,1,0,4,9,0,d,s,d,16,d,4,0,8
I686,3,s,0,0,11,12,6,6,0,8,1,3,0,3,2,0,s,1,0,4,9,0,4,s,0,16,8,4,0,8
1795,3,s,0,0,11,12,6,d,0,8,d,3,0,3,2,0,s,1,d,4,9,0,4,s,0,16,8,4,0,8
1794,3,s,0,0,11,12,6,6,0,8,1,3,0,3,d,0,s,1,0,4,9,0,4,s,0,16,8,4,d,8
I687,3,s,0,0,11,12,6,6,0,8,1,3,0,3,2,0,s,1,0,4,9,0,4,s,0,16,8,4,0,8
1531,3,s,d,s,11,12,6,6,3,8,1,3,0,3,2,0,s,1,d,4,9,d,4,s,30,16,8,4,6,8
1526,3,s,d,0,11,12,6,6,0,8,1,3,0,3,d,0,s,1,0,4,9,d,4,s,0,16,8,4,0,s
I690,3,s,0,0,11,12,0,6,0,8,1,3,2,0,2,0,s,1,0,4,9,0,4,s,0,16,8,0,0,8
I691,3,s,0,0,11,12,0,6,0,8,1,3,2,0,2,0,s,1,0,4,9,0,4,s,0,16,8,0,0,8
1148,d,s,0,0,11,12,34,6,0,8,d,3,2,d,d,19,s,1,0,4,9,d,4,s,30,16,8,0,0,8
I695,3,s,0,0,11,12,0,6,3,8,1,3,2,0,2,0,s,1,19,4,9,0,4,s,0,16,8,0,0,8
1462,3,s,0,0,11,12,0,6,3,8,1,d,2,0,2,0,s,1,19,4,9,0,4,s,0,16,8,2,0,8
I697,3,s,0,0,11,12,0,6,3,8,1,3,2,0,2,0,s,1,19,4,9,0,4,s,0,16,8,0,0,8
1511,3,s,0,0,11,12,0,d,3,8,1,3,d,d,2,0,s,1,d,4,9,0,4,s,0,16,8,0,0,8
1510,3,s,0,0,11,12,0,6,3,8,1,d,2,0,d,0,s,d,19,4,9,0,4,s,0,16,8,d,0,d
1275,d,s,d,0,11,12,d,6,d,8,1,3,d,d,2,0,s,1,0,s,9,0,4,s,0,16,8,d,0,8
I705,3,0,0,0,11,0,0,0,0,0,0,0,0,0,2,0,19,1,0,4,0,0,4,s,0,16,8,0,0,8
I706,3,0,1,s,11,0,0,0,0,0,0,0,0,0,2,0,19,1,0,4,0,0,4,s,0,16,8,0,0,8
I707,3,0,1,s,11,2,0,0,0,0,0,0,0,0,2,0,19,1,0,4,0,0,4,s,0,s,8,0,0,8
I708,3,0,1,s,11,2,0,0,0,0,0,0,2,0,2,0,19,1,1,4,0,s,4,s,0,s,8,0,0,8
I709,3,0,1,s,11,2,0,16,s,0,0,0,2,0,2,12,19,1,1,4,0,s,4,s,0,s,8,0,0,8
1232,d,1,d,s,11,2,0,16,s,d,0,0,2,0,2,12,19,1,1,4,9,s,4,s,0,s,8,0,0,8
I711,3,0,1,s,11,2,0,16,s,0,0,0,2,0,2,12,19,1,1,4,7,s,4,s,0,s,8,0,0,8
1555,3,0,1,s,11,2,0,16,s,0,0,0,2,0,2,12,d,1,1,4,7,s,4,s,0,s,8,0,0,8
1554,3,0,1,s,11,d,0,16,s,d,0,0,d,0,2,12,19,1,1,4,7,s,4,s,0,s,8,0,0,8
1673,3,0,1,s,11,2,0,0,0,0,0,0,2,0,2,0,19,1,1,4,0,s,4,s,15,s,s,0,0,8
I715,3,0,1,s,11,2,0,0,0,0,1,0,0,0,2,0,19,1,0,4,0,0,4,s,0,s,8,2,0,8
I718,3,1,1,s,11,2,0,0,0,0,1,3,0,0,2,2,19,1,0,4,5,0,4,s,0,s,8,2,0,8
1817,3,1,1,s,11,2,0,0,0,0,d,3,0,0,2,2,19,1,0,4,s,0,4,s,0,s,8,2,0,8
1816,3,1,1,s,11,2,0,0,d,0,1,3,0,0,2,2,19,d,0,4,d,d,4,s,0,s,8,2,0,8
1856,3,0,1,s,11,2,2,d,3,0,d,3,0,0,2,0,19,d,s,4,0,0,4,s,0,s,8,2,32,d
I722,3,0,1,s,11,0,0,0,0,4,0,0,0,27,2,0,19,1,0,4,0,0,4,s,0,16,8,0,0,8
I723,3,0,1,s,11,0,0,0,0,4,0,0,0,27,2,0,19,1,0,4,0,0,4,s,0,16,8,0,0,s
I724,3,0,1,s,11,0,24,0,0,4,0,0,0,27,2,0,19,1,0,4,0,0,4,s,0,s,8,0,0,s
I725,3,2,1,s,11,0,24,0,0,4,0,0,0,27,2,0,19,1,0,4,0,0,4,s,0,s,8,0,0,s
1577,3,2,1,s,11,0,24,0,0,4,0,0,0,27,2,0,19,1,0,4,0,0,4,s,0,s,8,0,0,s
1576,3,2,1,s,11,6,24,0,0,4,0,0,0,27,d,0,19,1,d,d,0,d,4,s,0,s,8,d,d,s
I726,3,0,1,s,11,0,24,0,0,4,1,0,0,27,2,0,19,1,0,4,0,0,4,s,0,s,8,2,0,s
1647,3,0,1,s,11,0,d,0,0,d,1,0,d,27,2,0,19,d,0,4,0,d,4,s,0,s,8,2,0,s
1646,3,0,1,s,11,d,24,0,0,4,1,0,0,27,2,0,19,1,0,4,0,0,4,s,0,s,8,2,0,s
I727,3,0,1,s,11,0,0,0,0,4,0,4,0,27,2,0,19,1,0,4,0,0,4,s,0,16,8,0,0,s
1946,3,0,1,s,11,0,0,7,0,4,d,4,0,27,2,0,19,1,d,4,0,0,4,s,d,16,8,d,0,s
2034,d,0,1,s,11,0,0,0,0,d,d,4,0,27,2,0,19,1,0,4,0,d,4,s,d,16,8,0,0,s
I730,3,0,1,s,11,0,0,0,0,4,0,0,2,27,2,0,19,1,10,4,0,0,4,s,0,16,8,0,29,8
I731,3,0,1,s,11,0,0,0,0,4,0,0,2,27,2,0,19,1,10,4,0,0,4,s,0,16,8,0,29,8
I732,3,0,1,s,11,0,0,0,3,4,0,0,2,27,2,0,19,1,10,4,0,0,4,s,0,16,8,2,29,8
1873,3,0,1,s,11,0,0,0,d,4,0,0,2,27,2,0,19,1,10,4,0,0,4,s,d,16,8,2,29,8
1872,d,0,1,s,11,0,0,0,3,4,0,d,2,27,d,0,19,1,10,4,0,0,4,s,0,16,8,2,d,8
2023,3,0,1,s,11,d,0,0,0,4,0,d,2,s,2,d,d,1,10,4,0,d,4,s,0,16,8,s,29,8
1989,3,s,1,s,11,0,0,16,0,4,0,0,2,27,2,0,d,1,10,4,0,0,4,s,30,s,8,0,29,8
I737,3,0,0,0,11,0,0,6,0,0,0,0,0,0,2,0,19,1,0,4,9,0,4,s,17,16,8,0,0,8
I738,3,0,0,0,11,0,0,6,0,0,0,0,0,0,2,0,19,1,0,4,9,0,4,s,17,16,8,0,0,8
I739,3,0,0,0,11,0,0,6,0,0,0,0,0,0,2,0,19,1,0,4,9,0,4,s,17,16,8,0,0,8
1260,3,0,0,0,11,0,0,6,0,0,0,d,d,0,2,d,19,1,0,4,9,d,d,s,17,16,8,0,0,8
1366,3,0,1,1,11,0,0,6,0,0,0,0,0,0,2,2,19,1,d,4,9,0,4,s,17,d,8,0,1,8
I750,3,0,0,0,11,0,0,6,0,0,s,0,0,0,2,0,19,1,0,4,9,0,4,s,17,16,8,0,0,8
I751,3,0,0,1,11,0,0,6,0,0,s,0,0,0,2,0,s,1,0,4,9,0,4,s,17,16,8,0,0,8
1363,3,0,1,1,11,0,0,d,d,0,s,d,0,0,2,0,s,1,0,4,9,0,4,s,17,16,8,0,0,d
1362,3,0,0,d,s,0,0,6,d,0,s,0,0,d,2,0,s,1,0,4,9,0,4,s,17,16,8,2,0,8
1105,3,0,1,0,11,s,0,6,0,0,s,2,0,0,2,0,19,1,d,4,9,d,4,s,17,16,8,0,d,8
I753,3,0,0,0,11,0,0,6,0,7,0,0,2,0,2,0,19,1,0,4,9,0,4,s,17,16,8,0,1,8
I754,3,0,0,0,11,7,0,6,0,7,0,0,2,0,2,0,19,1,0,4,9,0,4,s,17,16,8,0,1,8
I755,3,0,0,0,11,7,0,6,0,7,0,0,2,0,2,0,19,1,7,4,9,0,4,s,17,16,8,0,1,8
1214,3,0,0,0,11,7,2,6,0,7,d,0,d,2,d,d,19,d,7,s,9,0,4,s,17,d,8,2,1,8
1171,3,0,1,0,11,d,0,6,0,7,0,0,2,18,2,0,19,1,7,4,9,d,d,s,17,16,8,0,1,8
I758,3,1,1,0,11,7,0,6,0,7,0,0,2,0,2,0,19,1,0,4,9,0,4,s,s,16,8,0,1,8
1204,3,1,1,0,11,7,0,6,0,7,0,0,2,0,2,0,19,d,0,4,9,s,4,s,s,16,8,0,1,8
1235,3,1,1,0,11,7,0,6,d,7,0,0,2,3,2,0,19,1,0,4,9,0,4,s,s,16,8,0,1,8
I762,3,0,0,0,11,6,0,6,0,7,0,0,2,0,2,0,19,1,0,4,9,0,4,s,17,16,8,0,1,8
I763,3,0,0,0,11,6,6,6,0,7,0,0,2,0,2,0,19,1,0,4,9,0,4,s,17,16,8,0,1,8
1139,3,0,0,d,11,6,6,6,d,7,0,0,2,0,2,0,19,1,d,4,9,0,4,s,17,d,8,0,d,8
1138,3,4,0,0,11,6,d,6,0,7,0,0,2,0,2,0,19,1,0,4,9,0,d,s,17,16,d,0,1,8
1062,3,0,0,0,11,6,0,6,3,7,0,0,d,0,2,0,19,1,0,4,9,0,d,s,17,16,8,0,1,8
I768,3,0,0,0,11,0,13,0,0,0,0,0,2,0,2,0,12,1,0,0,0,17,4,0,0,0,0,2,0,8
I769,3,0,0,0,11,0,13,0,0,0,0,3,2,0,2,0,12,1,0,0,0,17,4,0,0,0,0,2,0,8
I770,3,0,0,0,11,0,13,13,s,0,1,3,2,0,2,0,12,1,6,0,0,17,4,0,0,0,0,2,0,8
I771,3,0,0,0,11,0,13,13,s,0,1,3,2,0,2,0,12,1,6,0,0,17,4,0,0,0,0,2,0,8
I772,3,0,0,0,11,0,13,13,s,0,1,3,2,0,2,0,12,1,6,0,5,17,4,0,0,0,0,2,0,8
I773,3,0,1,0,11,s,13,13,s,0,1,3,2,0,2,0,12,1,6,42,5,17,4,0,0,0,0,2,0,8
I774,3,0,1,0,11,s,13,13,s,0,1,3,2,0,2,0,12,1,6,42,5,17,4,0,0,0,s,2,0,8
1871,d,0,1,d,11,s,13,13,s,d,d,3,2,0,2,6,d,1,d,42,5,17,4,0,0,d,s,2,0,8
1955,3,0,1,0,11,s,13,d,s,0,1,d,2,0,2,0,12,1,6,42,5,17,4,0,0,0,s,2,0,8
I777,3,0,1,0,11,s,13,13,s,0,1,3,2,0,2,0,12,1,6,42,5,17,4,9,s,0,5,2,0,8
1224,3,d,1,0,11,s,13,13,s,0,d,3,2,28,2,0,d,1,6,42,5,17,4,9,s,0,5,2,0,8
1641,3,0,1,1,11,s,s,13,s,0,1,3,2,0,2,0,s,d,6,42,5,17,4,9,s,34,5,2,0,8
I780,3,0,1,0,11,0,13,13,s,0,1,3,2,13,2,0,12,1,6,0,5,17,s,0,0,0,0,2,3,8
I781,3,0,1,0,11,0,13,13,s,0,1,3,2,13,2,12,12,1,6,0,5,17,s,0,0,0,0,2,3,8
1430,d,1,1,0,11,0,13,13,s,0,1,3,2,13,2,12,12,1,6,0,5,17,s,0,0,0,0,2,3,8
1360,s,1,1,0,s,0,13,13,s,0,1,3,2,13,d,12,12,1,6,0,5,d,s,d,d,24,0,2,3,8
I784,3,0,1,0,11,0,13,13,s,0,1,3,2,13,2,0,12,1,6,0,5,17,s,0,0,0,0,2,3,8
1622,d,0,1,0,d,0,13,13,s,15,s,3,2,13,2,0,12,1,6,0,d,17,s,0,d,9,0,2,3,8
1696,d,0,1,0,11,0,d,13,s,d,d,3,2,13,2,0,12,1,d,0,5,17,s,0,0,0,d,2,3,8
I787,3,1,0,0,11,0,13,13,s,0,1,3,2,0,2,0,12,1,6,0,0,17,4,0,17,0,0,2,0,8
I788,3,1,0,0,11,10,13,13,s,0,1,3,2,0,2,0,12,1,6,0,0,17,4,0,17,0,0,2,0,8
1999,d,d,0,1,11,10,13,13,s,7,1,3,d,d,d,12,12,1,6,0,0,17,4,0,s,d,0,2,0,8
I791,3,1,0,0,11,10,13,13,s,0,1,3,2,13,2,0,12,1,6,0,0,17,4,0,17,0,15,2,0,8
1720,3,d,0,0,11,10,13,13,s,d,1,3,2,13,2,0,d,1,6,0,7,17,4,d,17,0,15,2,0,8
1917,3,s,0,0,11,10,13,13,s,d,1,3,2,d,2,10,12,1,6,0,0,d,4,0,17,0,15,2,4,8
I794,3,1,1,0,11,0,13,13,s,0,1,3,2,0,2,0,12,1,6,33,0,17,4,5,17,0,0,2,0,8
1020,3,1,1,d,d,d,13,13,s,0,1,3,2,5,2,0,12,1,6,33,13,17,4,5,d,0,0,2,0,8
I798,3,1,1,0,11,10,13,13,s,0,1,3,2,0,2,0,12,1,6,33,0,17,4,5,17,47,0,2,0,8
1939,d,1,1,d,11,10,d,13,s,0,1,3,2,0,2,0,12,1,6,33,0,d,4,d,d,47,0,2,d,d
1938,3,1,1,0,11,10,13,13,s,0,1,3,2,0,2,0,12,1,6,33,0,d,4,d,17,d,0,2,0,8
I799,3,0,1,1,11,0,13,13,s,0,1,3,2,0,2,0,12,1,6,18,0,17,4,0,0,0,0,2,0,8
I800,3,0,1,1,11,10,13,13,s,7,1,3,2,0,2,0,12,1,s,18,0,17,4,0,0,0,0,2,0,8
I801,3,0,1,1,11,10,13,13,s,7,1,s,2,0,2,0,12,1,s,18,0,17,4,0,0,19,15,2,0,8
1774,3,3,d,d,s,10,13,13,s,7,1,s,2,0,2,10,12,1,s,18,0,17,4,3,d,19,15,2,0,d
I805,3,0,1,s,11,10,13,13,s,7,1,s,2,0,2,0,12,1,s,18,0,17,4,0,0,s,15,2,0,8
1962,3,0,1,s,11,10,13,13,s,7,1,s,2,0,2,0,12,1,s,18,0,d,4,0,0,s,15,2,14,8
I807,3,0,1,s,11,10,13,13,s,7,1,s,2,0,2,0,12,1,s,18,0,17,4,0,0,s,15,2,0,8
1501,3,0,1,s,11,d,13,13,s,7,1,s,2,d,2,0,12,1,s,18,d,d,4,0,1,s,d,2,0,8
1500,d,0,1,s,11,10,13,13,s,d,1,s,2,0,d,0,12,1,s,18,0,17,4,d,0,s,15,2,0,8
I808,3,0,1,1,11,10,13,13,s,7,1,3,2,0,2,0,12,1,s,18,0,17,4,0,0,0,0,2,0,8
I811,3,0,1,1,11,10,13,13,s,7,1,3,2,0,2,0,12,1,s,18,s,17,4,19,0,0,0,2,0,8
1823,3,0,1,s,d,10,13,13,s,7,1,d,2,0,2,d,12,1,s,18,s,17,4,19,d,0,d,2,0,d
1822,3,0,d,1,11,10,13,13,s,7,1,3,d,d,2,d,12,1,s,18,s,17,4,19,0,0,d,2,0,d
I812,3,1,1,1,11,10,13,13,s,7,1,3,2,0,2,0,12,1,s,18,0,17,4,0,0,0,0,2,0,8
1924,3,1,1,1,11,10,13,13,s,7,1,3,2,0,2,0,12,1,s,18,s,17,4,d,d,0,0,2,0,8
1992,3,1,1,d,11,10,13,13,s,7,1,3,d,d,2,0,12,d,s,d,d,17,4,0,0,0,d,2,d,8
I815,3,0,1,1,11,0,13,13,s,0,1,3,2,0,2,12,12,1,6,18,0,17,4,0,0,0,0,2,0,8
I816,3,0,1,1,11,15,13,13,s,s,1,3,2,0,2,12,12,1,6,18,0,17,4,0,0,0,0,2,0,8
I818,3,0,1,1,11,15,13,13,s,s,1,3,2,0,2,12,s,1,6,18,7,17,4,s,0,0,0,2,0,8
1919,3,0,1,1,11,15,13,13,s,s,1,3,2,0,2,12,s,1,6,18,d,17,4,s,0,0,0,2,0,8
1918,3,0,1,1,11,15,13,13,s,s,1,3,2,0,2,12,s,1,6,18,7,17,4,s,0,0,d,2,d,8
I820,3,0,1,1,s,15,13,13,s,s,1,3,2,0,2,s,12,1,6,18,0,17,4,0,0,0,0,2,0,8
1967,3,0,d,1,s,15,13,13,s,s,1,3,2,d,2,s,12,1,6,18,0,17,4,0,0,0,0,2,0,d
I822,3,0,1,1,s,15,s,13,s,s,1,3,2,0,2,s,12,1,6,18,0,17,4,0,0,0,0,2,0,8
1851,3,0,d,1,s,15,s,13,s,s,1,3,2,0,d,s,12,d,6,18,0,17,4,0,0,0,0,2,d,8
1850,d,d,1,d,s,15,s,13,s,s,1,3,2,0,d,s,12,1,6,18,0,d,4,0,s,0,0,2,0,8
I823,3,0,1,1,11,0,13,13,s,0,1,s,2,0,2,12,12,1,6,18,0,17,4,0,s,0,0,2,0,8
1459,3,s,1,1,11,0,s,d,s,0,1,s,2,0,2,12,12,1,6,18,s,17,s,0,s,2,0,d,0,8
I829,3,0,1,1,11,6,s,13,s,0,1,s,2,0,2,12,12,1,6,18,0,17,4,0,s,16,0,2,0,8
1707,3,0,d,d,11,6,s,13,s,d,1,s,2,0,2,12,12,s,6,18,0,17,4,d,s,16,d,2,d,8
1706,3,0,1,d,11,6,s,13,s,d,1,s,2,d,2,12,12,1,d,18,0,17,d,0,s,16,0,2,0,8
I830,3,0,0,0,11,0,13,0,0,0,1,3,2,0,2,3,12,1,0,0,0,17,4,27,0,0,2,2,0,8
I831,3,0,0,0,11,0,13,16,0,0,1,3,2,1,2,3,12,1,0,0,0,17,4,27,0,0,2,2,0,8
I832,3,0,0,0,11,0,13,16,0,8,1,3,2,1,2,3,12,1,0,0,0,17,4,27,s,0,2,s,4,8
I833,3,0,0,6,11,0,13,16,0,8,1,3,2,1,2,3,12,1,18,0,0,17,4,27,s,0,2,s,4,8
I834,3,0,0,6,11,0,13,16,0,8,1,3,2,1,2,3,12,1,18,0,0,17,4,27,s,0,2,s,4,8
1515,3,0,0,6,11,s,13,16,0,8,1,3,2,1,2,3,12,d,18,0,0,17,4,27,s,0,2,s,4,8
1686,3,0,0,6,11,0,13,d,0,8,1,3,d,1,2,3,d,1,18,0,0,17,4,d,s,39,2,s,4,8
1731,3,0,0,6,11,0,13,16,3,8,1,3,2,1,s,3,d,1,18,0,0,17,4,27,s,0,2,s,d,8
I844,3,0,0,0,s,0,13,16,3,8,1,s,2,1,2,3,12,1,s,0,7,17,4,27,s,s,2,s,4,8
I845,3,0,0,s,s,0,13,16,3,s,1,s,2,1,2,3,12,1,s,0,7,17,4,27,s,s,2,s,4,8
1615,3,0,d,s,s,0,13,16,d,s,1,s,2,1,2,3,12,1,s,0,7,17,4,27,s,s,2,s,4,d
1614,3,0,d,s,s,0,d,16,3,s,1,s,2,1,2,d,12,1,s,d,7,17,4,27,s,s,2,s,4,8
1681,3,0,0,0,s,0,13,16,s,8,1,s,2,1,2,3,12,1,s,0,7,17,d,27,s,s,2,s,4,8
I847,3,0,0,0,11,0,13,16,0,0,s,3,2,1,2,3,12,1,0,0,0,17,4,27,0,21,2,2,0,8
I848,3,s,0,0,11,0,13,16,0,0,s,3,2,1,2,3,12,1,7,0,0,17,4,27,0,21,2,2,0,8
I849,3,s,0,1,11,0,13,16,0,0,s,3,2,1,2,3,12,1,7,33,0,17,4,27,0,21,2,2,0,8
1635,3,s,0,1,11,0,13,d,d,0,s,d,2,1,d,3,12,1,7,33,0,17,4,27,0,21,2,2,0,8
I851,3,s,0,1,11,0,13,16,3,0,s,3,2,1,2,3,12,1,7,33,0,17,4,27,0,21,2,2,0,8
1777,3,s,0,1,11,d,13,16,3,0,s,3,2,1,2,3,12,1,7,d,0,d,4,27,0,21,2,2,0,d
1776,3,s,0,d,11,0,13,16,3,d,s,3,2,1,2,3,12,d,7,33,0,17,4,27,d,21,2,2,0,d
I852,3,s,1,0,11,0,13,16,0,0,s,3,2,1,2,3,12,1,7,0,0,17,4,27,0,21,2,2,0,8
I853,3,s,1,0,11,0,13,16,0,0,s,3,2,1,2,3,12,1,7,12,0,17,4,27,0,21,2,2,0,8
1345,3,s,1,1,11,0,d,16,0,d,s,d,2,1,2,3,12,1,7,12,0,17,4,27,d,d,2,d,0,8
1344,3,s,1,0,11,0,13,16,0,0,s,3,2,1,d,3,12,1,d,d,0,17,4,d,0,21,2,2,0,8
1568,3,s,d,0,11,d,13,16,0,0,s,d,2,1,d,3,12,d,7,22,0,17,4,27,0,21,d,2,0,8
I855,3,2,0,0,11,0,13,16,0,0,s,3,2,1,2,3,12,1,0,0,0,17,4,27,0,s,2,2,0,8
I856,3,2,0,0,11,0,13,16,0,0,s,3,2,1,2,3,12,1,0,0,0,17,4,27,0,s,2,2,0,8
1572,3,2,0,0,s,0,13,16,3,0,s,3,2,1,2,3,12,1,0,0,d,17,4,27,0,s,2,2,0,s
1767,3,2,0,0,11,0,13,d,0,2,s,3,2,1,2,3,s,1,0,0,0,17,4,d,0,s,2,2,1,8
I859,3,2,0,0,11,0,13,16,5,0,s,3,2,1,2,3,12,1,0,0,0,17,4,27,0,s,2,2,0,8
1757,3,2,0,0,11,0,13,16,5,0,s,3,2,1,2,3,12,1,0,0,0,17,4,27,0,s,2,2,0,8
I861,3,s,0,0,11,0,13,16,5,0,s,3,2,1,2,3,12,1,0,0,0,17,4,27,0,s,2,2,0,8
1571,3,s,0,0,11,0,d,16,d,0,s,3,2,1,2,3,12,1,0,0,0,17,4,27,0,s,2,2,0,8
1570,3,s,0,0,11,s,d,d,5,0,s,3,2,d,2,3,12,1,0,0,0,17,4,27,0,s,2,2,0,s
I862,3,0,0,0,11,6,13,20,0,0,1,3,2,0,2,3,12,1,0,0,0,17,4,27,0,0,2,2,0,8
I863,3,1,0,0,11,6,13,20,0,0,1,3,2,0,2,3,12,1,0,32,6,17,4,27,0,0,2,2,0,8
I864,3,1,0,0,11,6,13,20,0,0,1,s,2,4,2,s,12,1,0,32,6,17,4,27,0,0,2,2,4,8
1264,3,1,1,0,11,6,13,20,0,2,1,s,2,4,2,s,12,d,s,32,6,17,4,27,0,0,2,2,4,8
I868,3,1,0,1,11,6,13,20,0,0,1,s,2,4,2,s,12,1,0,32,6,17,4,27,0,s,2,2,4,8
1117,3,1,0,1,11,6,13,20,d,13,1,s,2,4,2,s,d,d,0,32,d,17,4,27,0,s,d,2,4,8
1122,d,d,s,1,11,6,13,d,d,0,1,s,2,4,2,s,12,1,d,32,6,17,4,d,s,s,2,2,4,8
I871,3,1,0,0,11,6,13,20,0,0,1,3,2,0,2,3,12,1,0,32,6,17,4,27,0,0,2,2,0,8
1422,3,1,0,1,d,6,13,20,0,d,1,3,2,0,2,3,12,1,0,s,6,17,4,s,0,0,2,2,0,8
1758,d,1,0,0,11,6,13,20,7,0,1,3,2,0,d,d,d,1,s,32,6,17,4,27,0,0,2,d,0,8
I878,3,0,0,0,11,6,13,20,0,0,1,3,2,0,2,3,12,1,0,0,0,17,4,27,0,0,2,2,0,8
I879,3,0,0,0,11,6,13,20,0,0,1,3,2,0,2,3,12,1,0,0,0,17,4,27,0,0,2,2,0,s
1738,3,0,0,0,11,6,13,20,0,0,1,3,d,0,d,3,12,1,0,0,0,17,4,27,0,0,2,d,0,s
I883,3,0,1,0,11,6,13,20,0,0,1,s,2,0,2,3,12,1,14,0,0,s,4,27,0,0,2,2,0,s
I884,3,0,1,0,11,6,13,20,0,0,1,s,2,0,2,3,12,1,14,0,0,s,4,27,0,0,2,2,0,s
1847,3,0,1,1,d,d,13,20,0,d,1,s,2,0,2,3,12,1,14,0,0,s,4,27,0,0,2,d,0,s
1846,d,0,1,0,d,6,d,20,0,0,1,s,2,0,2,d,s,1,14,0,0,s,4,d,0,0,2,2,d,s
1922,3,0,1,0,11,d,13,20,0,13,1,s,2,0,2,3,12,d,14,0,0,s,4,27,15,1,d,2,0,s
I886,3,0,1,0,11,6,13,20,0,0,1,3,2,0,2,3,12,1,0,0,0,17,4,27,30,0,2,2,0,8
I887,3,0,1,0,11,6,13,20,0,0,1,3,2,0,2,3,12,1,0,0,0,17,4,27,30,0,2,2,0,8
1597,3,0,1,0,11,6,13,20,0,0,1,s,2,d,d,3,12,1,0,0,0,17,d,27,30,0,2,d,0,8
1433,d,s,d,1,11,d,13,20,0,0,1,3,2,0,2,3,12,1,0,0,0,s,4,27,30,d,2,d,30,8
I891,3,0,1,1,11,s,13,20,0,0,1,3,2,0,2,3,12,1,0,22,0,17,4,27,30,10,2,2,0,s
1869,3,0,1,1,11,s,13,d,0,d,1,3,2,0,2,3,12,1,0,d,d,17,d,d,30,10,2,2,0,s
1868,3,0,1,d,11,s,13,d,0,0,1,3,2,0,2,3,d,1,0,22,0,17,4,27,30,10,2,2,0,s
I893,3,0,0,0,11,0,13,0,0,0,0,s,2,0,2,0,12,1,0,0,0,17,4,0,0,0,0,2,0,8
I894,3,1,0,0,11,0,13,0,0,8,0,s,2,0,2,0,12,1,16,0,0,17,4,0,0,0,0,2,0,8
I895,3,1,0,0,11,0,13,0,0,8,0,s,2,0,2,0,12,1,16,0,0,17,4,0,0,0,0,2,6,8
I896,3,1,0,0,11,0,13,0,0,8,0,s,2,0,2,27,12,1,16,0,18,17,4,0,0,0,0,2,6,8
I897,3,1,0,0,11,0,13,0,0,8,0,s,2,6,2,27,12,1,16,11,18,17,4,0,0,0,0,2,6,8
I900,3,1,0,0,11,0,13,0,0,8,0,s,2,6,2,27,12,1,16,11,18,17,4,0,0,0,s,2,6,8
1227,3,1,0,0,d,0,13,0,0,8,d,s,2,6,2,27,12,1,16,11,18,17,d,0,0,0,s,2,s,8
1226,3,d,0,0,d,0,13,0,0,8,d,s,2,6,2,d,12,1,d,s,18,17,s,0,0,0,s,2,6,8
I901,3,1,0,0,11,0,13,0,0,8,1,s,2,6,2,27,12,1,16,11,18,17,4,0,0,0,0,2,6,8
1242,3,1,0,0,11,0,d,8,0,8,1,s,2,6,2,27,12,1,s,11,18,17,4,0,0,0,d,d,6,d
1328,3,1,0,0,11,0,13,0,d,d,d,s,2,6,2,27,s,1,16,11,d,17,4,0,0,0,0,2,6,8
I904,3,1,0,0,11,0,13,0,0,8,0,s,2,0,2,27,12,1,16,6,18,17,4,0,0,0,0,2,6,8
1397,3,1,d,0,s,6,13,13,0,d,0,s,2,0,2,27,12,1,16,d,18,17,4,d,0,0,0,2,6,8
I908,3,1,0,0,11,0,13,0,0,8,0,s,2,0,2,27,12,1,16,6,18,17,4,0,0,0,0,2,6,8
I909,3,1,0,0,11,0,13,0,0,8,1,s,2,0,2,27,12,1,16,6,18,17,4,0,0,0,0,2,6,8
1781,3,1,0,0,11,0,13,0,d,8,1,s,d,0,2,27,12,1,16,6,18,17,4,0,0,0,0,2,6,8
1780,d,1,0,0,11,d,13,0,0,d,d,s,d,0,2,27,12,1,16,6,18,17,4,0,0,0,0,2,6,8
I910,3,1,0,0,11,7,13,0,0,8,0,s,2,0,2,27,12,1,16,6,18,17,4,0,0,0,0,2,6,8
1737,3,1,0,0,11,7,13,0,0,8,0,s,d,0,2,d,12,d,16,6,18,17,4,0,0,0,0,2,6,8
1736,3,1,d,0,11,7,d,0,0,8,d,s,2,0,2,27,12,1,16,6,18,17,4,0,d,0,0,2,6,8
I911,3,1,1,0,11,0,13,6,0,8,0,s,2,0,2,3,12,1,16,0,0,17,4,0,5,s,0,2,s,8
I912,3,1,1,0,11,1,13,6,0,8,0,s,2,0,2,3,12,1,16,1,0,17,4,0,5,s,0,2,s,8
I913,3,1,1,0,11,1,13,6,3,8,1,s,2,0,2,3,12,1,16,1,9,17,4,0,5,s,0,2,s,8
1494,3,1,d,0,11,1,d,d,3,8,1,s,d,0,2,3,12,1,d,d,9,17,s,d,5,s,15,2,s,8
I915,3,1,1,0,11,1,13,6,3,8,1,s,2,0,2,3,12,1,16,1,9,17,4,0,5,s,0,2,s,8
1693,3,1,1,0,11,1,d,6,3,8,d,s,d,0,2,3,12,1,16,1,9,17,4,0,s,s,0,2,s,8
1692,3,1,1,0,d,1,13,6,d,8,1,s,2,0,2,3,12,1,16,1,9,17,4,d,5,s,0,2,s,d
I916,3,1,1,0,11,1,13,6,0,8,0,s,2,0,2,s,12,1,16,1,0,17,4,0,5,s,0,2,s,8
I917,3,1,1,0,11,1,13,6,0,8,0,s,2,13,2,s,s,1,16,1,2,17,4,0,5,s,0,2,s,8
1657,3,1,1,d,11,1,13,6,d,8,0,s,2,13,2,s,s,1,16,1,d,17,4,0,5,s,0,2,s,8
1656,3,1,1,0,11,1,13,6,0,8,0,s,2,d,2,s,s,1,16,1,2,17,4,0,5,s,0,2,s,d
I918,3,1,1,0,11,1,13,6,0,8,s,s,2,13,2,s,12,1,16,1,0,17,4,0,5,s,0,2,s,8
1557,d,d,1,0,11,1,13,6,0,8,s,s,2,13,d,s,12,d,16,1,0,17,4,0,5,s,d,2,s,8
1556,3,d,d,0,11,1,13,6,0,8,s,s,2,13,d,s,12,1,16,1,0,17,4,0,5,s,0,2,s,8
I919,3,1,1,0,11,0,13,6,0,8,0,s,2,0,2,3,12,1,16,0,5,17,4,0,5,s,5,2,s,8
1683,3,d,1,0,11,0,d,6,0,8,0,s,2,0,2,d,12,d,16,0,5,17,d,0,5,s,5,2,s,8
I923,3,1,1,0,11,0,13,6,0,8,1,s,2,0,2,3,12,1,16,0,5,17,4,3,5,s,5,2,s,8
1930,d,1,1,0,11,0,13,d,0,d,1,s,2,0,2,3,12,d,16,0,5,17,4,3,5,s,5,s,s,8
1802,3,1,1,0,d,0,13,d,d,8,1,s,2,0,2,3,12,1,d,0,5,d,4,3,5,s,d,2,s,8
I926,3,1,0,0,11,0,13,0,0,8,0,s,2,0,2,0,12,1,16,0,0,17,4,0,0,0,0,2,0,8
I927,3,1,0,1,11,2,13,0,0,8,1,s,2,0,2,0,12,1,16,0,0,17,4,0,0,0,11,2,0,8
I928,3,1,0,1,11,2,13,0,0,8,1,s,2,0,2,0,12,1,16,0,0,17,4,21,0,0,11,2,0,8
I929,3,1,0,1,11,2,13,0,0,8,1,s,2,0,2,0,12,1,16,0,0,17,4,21,0,1,11,2,0,8
1842,3,d,0,1,11,2,13,0,0,8,d,s,2,0,d,0,d,1,16,0,0,17,d,21,0,d,11,2,0,d
1926,d,1,0,1,11,d,13,0,3,8,1,s,2,d,2,0,12,d,16,d,0,17,4,21,0,d,11,2,0,8
I932,3,1,0,1,11,2,13,0,2,8,1,s,2,0,2,0,12,1,16,0,0,17,4,21,0,0,11,2,0,8
1848,3,1,0,d,d,2,13,0,2,8,1,s,2,0,2,0,12,1,d,0,0,17,4,21,0,0,11,2,0,8
I934,3,1,0,1,11,2,13,0,s,8,1,s,2,0,2,0,12,1,16,0,0,17,4,21,0,16,11,2,0,8
1877,3,1,0,d,11,2,13,0,s,8,d,s,2,0,2,0,12,1,16,0,0,17,4,21,0,16,11,2,0,8
1876,3,1,0,1,11,2,13,0,s,8,1,s,d,0,2,0,12,1,16,0,0,17,4,21,0,16,d,2,0,8
I935,3,1,0,1,11,2,13,0,3,8,1,s,2,0,2,0,12,1,16,0,0,17,4,0,0,0,11,2,0,8
I936,3,1,0,1,11,2,13,16,3,8,1,s,2,0,2,0,12,1,16,0,0,17,4,0,0,0,11,2,0,8
I937,3,1,0,1,11,2,13,16,3,8,1,s,2,0,2,0,12,1,16,0,0,17,4,0,0,0,11,2,0,8
1961,3,1,0,1,11,2,13,d,3,8,1,s,2,0,2,0,12,1,16,0,d,17,4,0,0,0,11,2,0,8
1960,3,1,0,1,d,2,13,16,3,8,1,s,2,0,2,2,12,1,16,0,0,17,d,0,0,0,11,2,0,8
1990,3,1,0,1,11,2,13,16,3,8,1,s,2,0,d,0,12,d,16,31,0,17,d,29,0,0,11,2,d,8
I939,3,1,0,1,11,2,13,0,3,8,1,s,2,0,2,0,12,1,16,0,0,17,4,0,0,0,11,2,0,8
1956,3,d,1,d,11,d,13,16,3,8,1,s,2,d,2,0,12,d,d,d,0,17,4,0,0,0,11,2,0,8
1935,3,1,0,d,11,2,13,0,d,8,1,s,2,0,2,0,12,1,16,d,0,17,4,0,0,0,11,2,0,8
I942,3,1,1,0,11,0,13,0,3,8,0,s,2,0,2,0,12,1,16,0,0,17,4,0,s,0,0,2,0,8
I943,3,1,1,0,11,0,13,0,3,8,0,s,2,0,2,0,12,1,16,0,5,17,4,0,s,0,0,2,0,8
I944,3,1,1,0,11,0,13,0,3,8,0,s,2,0,2,0,12,1,16,0,5,17,4,0,s,0,0,2,0,8
1717,3,1,1,0,11,0,13,d,3,8,0,s,2,0,2,10,12,d,16,0,5,17,4,0,s,0,0,2,0,8
1912,3,1,1,1,11,0,13,0,3,8,0,s,2,s,d,0,12,1,16,0,5,17,4,0,s,0,0,2,d,d
I947,3,1,1,0,11,0,13,0,3,8,0,s,2,0,2,0,12,1,16,0,5,17,4,0,s,0,0,2,0,8
1645,3,1,1,d,11,0,d,0,3,d,d,s,2,0,2,0,12,1,16,d,5,17,4,3,s,d,d,d,0,8
I949,3,1,1,s,11,0,13,0,3,8,1,s,2,0,2,0,12,1,16,0,5,17,4,0,s,0,0,2,0,8
1617,d,1,1,s,11,d,13,0,d,8,1,s,2,0,2,0,12,d,16,0,5,17,4,d,s,0,0,2,14,8
1616,3,1,1,s,11,6,13,d,3,8,d,s,2,0,2,0,12,1,16,0,5,17,4,0,s,0,0,d,0,8
I950,3,1,1,0,11,0,13,0,3,8,0,s,2,0,2,0,12,1,16,0,0,17,4,0,s,0,0,2,0,8
I952,3,1,1,0,11,0,13,0,3,8,0,s,2,0,2,0,12,1,16,0,0,17,4,0,s,0,0,2,0,8
1629,3,1,1,0,11,0,13,0,3,8,d,s,2,0,2,0,12,1,16,0,0,17,4,0,s,0,0,2,0,8
1628,3,1,1,0,11,d,13,0,3,8,0,s,d,0,2,0,12,1,16,d,0,17,4,0,s,0,0,2,0,8
I956,3,1,1,0,11,0,13,0,3,8,0,s,2,0,2,10,12,1,16,0,0,17,4,0,s,39,3,2,0,8
1863,d,1,1,1,11,0,13,0,3,8,d,s,2,0,2,10,12,1,16,0,0,d,4,d,s,39,3,2,0,8
1862,3,1,d,d,d,0,13,0,d,8,0,s,2,0,2,10,12,1,16,0,d,d,4,0,s,39,3,d,0,8
I957,3,0,0,0,11,0,s,0,0,7,0,s,2,0,2,0,12,1,0,18,0,17,4,0,0,0,0,2,0,8
I958,3,0,0,0,11,0,s,0,0,7,0,s,2,0,2,0,12,1,0,18,0,17,4,0,0,0,0,2,0,8
I959,3,0,0,0,11,0,s,0,0,7,0,s,2,0,2,0,12,1,2,18,20,17,4,0,0,0,0,2,0,8
I961,3,0,0,0,11,0,s,0,0,7,0,s,2,13,2,0,12,1,2,18,20,17,4,0,0,0,0,2,0,8
1212,3,2,1,0,s,0,s,0,0,7,0,s,d,13,2,0,d,1,2,18,20,17,4,0,0,0,d,2,s,8
1240,3,0,0,0,11,0,s,d,0,7,0,s,d,d,2,0,d,d,2,18,20,d,4,0,0,0,0,2,d,8
I967,3,0,0,0,11,0,s,0,1,7,0,s,2,0,2,0,12,1,2,18,20,17,4,0,0,0,4,2,0,8
I968,3,0,0,0,11,0,s,0,1,7,0,s,2,0,2,21,12,1,2,18,20,17,4,0,0,0,4,2,0,8
I969,3,0,0,0,11,10,s,0,1,7,0,s,2,0,2,21,12,1,2,18,20,17,4,0,0,0,4,2,35,8
1473,3,0,1,0,11,10,s,0,1,d,0,s,d,0,d,21,12,1,d,18,20,17,d,d,0,0,4,2,35,8
1472,3,0,0,0,d,10,s,0,1,7,0,s,2,0,2,d,12,1,2,18,20,17,4,0,0,0,4,2,35,d
I970,3,0,0,0,11,7,s,0,1,7,0,s,2,0,2,21,12,1,2,18,20,17,4,0,0,0,4,2,0,8
1581,3,0,0,0,11,7,s,d,1,7,0,s,2,0,2,21,12,1,2,18,20,17,d,0,0,0,4,2,0,8
1580,3,0,0,0,11,d,s,d,1,7,0,s,2,0,2,d,d,1,2,18,20,d,4,0,0,0,4,2,0,8
I971,3,0,0,0,11,0,s,0,1,7,0,s,2,0,2,0,12,1,2,18,20,17,4,0,0,0,4,2,0,8
I972,3,0,0,0,11,0,s,0,1,7,0,s,2,0,2,0,12,1,2,18,20,17,4,0,0,0,4,2,0,8
1315,3,4,0,d,11,0,s,0,1,7,0,s,2,0,2,d,12,1,2,18,20,17,d,0,0,0,d,2,0,8
1314,3,0,d,1,11,s,s,0,d,7,0,s,2,14,2,0,12,1,2,18,20,17,d,0,0,0,4,2,d,8
1447,3,0,1,0,11,d,s,0,1,7,1,s,2,0,2,0,12,1,2,18,20,d,4,0,0,0,4,2,0,8
I974,3,0,0,0,11,10,s,0,0,7,0,s,2,0,2,0,12,1,0,18,0,17,4,0,0,0,0,2,0,8
I975,3,0,1,0,11,10,s,0,0,7,0,s,2,0,2,0,12,1,0,18,0,17,4,0,8,11,0,2,s,8
I977,3,0,1,0,11,10,s,0,3,s,0,s,2,0,2,0,12,1,0,18,0,17,4,0,8,11,0,2,s,8
1309,3,0,1,0,11,10,s,0,3,s,0,s,2,10,2,9,12,1,d,18,d,17,4,0,8,11,0,2,s,8
1308,3,0,1,0,11,10,s,0,3,s,0,s,2,d,2,27,12,1,0,18,9,17,4,0,8,11,d,2,s,8
I979,3,0,1,0,11,10,s,0,0,7,0,s,2,0,2,0,12,1,0,18,0,17,4,0,8,11,0,2,s,8
1512,3,0,d,0,11,10,s,0,0,d,d,s,2,0,2,0,12,1,10,d,7,17,4,0,d,11,0,d,s,8
1702,3,0,1,0,11,10,s,11,s,s,0,s,d,0,2,0,12,1,0,18,0,17,4,0,8,11,0,2,s,d
I982,3,0,0,0,11,10,s,0,0,7,0,s,2,0,2,0,12,1,0,18,0,17,4,16,0,0,0,2,0,8
1729,d,0,0,s,11,10,s,d,0,7,s,s,2,0,d,0,12,1,0,18,0,17,4,16,0,0,0,2,0,8
I986,3,0,0,0,11,10,s,0,0,7,0,s,s,0,2,0,12,1,0,18,0,17,4,16,0,0,0,2,0,8
1258,3,4,0,0,11,10,s,d,0,7,0,s,s,d,2,0,12,1,0,18,0,17,4,16,0,0,0,2,0,8
I988,3,0,0,0,11,10,s,0,0,7,0,s,s,25,2,0,12,1,10,18,0,17,4,16,0,0,0,2,36,8
1591,3,0,0,d,11,10,s,0,0,7,1,s,s,25,2,6,d,1,10,18,0,17,4,16,0,d,0,2,36,8
1590,3,0,0,d,11,10,s,d,0,7,0,s,s,25,2,0,12,1,10,18,0,17,4,16,d,0,s,2,36,d
I989,3,0,0,0,11,0,s,s,0,7,0,s,2,0,2,0,12,1,0,18,0,17,4,0,0,0,0,2,0,8
I990,3,0,0,0,11,0,s,s,0,7,0,s,2,0,2,0,12,1,0,18,15,17,4,0,0,14,0,2,0,8
I991,3,1,0,0,11,0,s,s,0,7,0,s,2,0,2,0,12,1,0,18,15,17,4,0,0,14,0,2,0,8
I992,3,1,0,0,11,0,s,s,0,7,0,s,2,0,2,0,12,1,0,18,15,17,4,0,0,14,0,2,0,8
1312,3,s,s,0,d,d,s,s,0,7,0,s,2,0,2,d,12,1,7,18,15,17,4,0,0,14,0,2,0,8
1231,3,1,d,0,d,0,s,s,3,7,0,s,d,0,2,0,12,1,3,d,15,17,d,d,d,14,0,d,0,8
I995,3,1,0,0,11,0,s,s,0,7,0,s,2,0,2,0,12,1,16,18,15,17,4,0,0,14,0,2,0,8
1509,3,1,0,0,d,0,s,s,0,7,0,s,2,d,2,0,12,1,16,18,15,17,4,0,0,d,0,2,1,d
1395,3,1,0,0,11,10,s,s,0,7,0,s,2,0,2,21,12,1,d,18,15,17,4,0,0,d,0,2,0,s
1979,3,0,0,0,s,d,s,s,3,d,d,s,s,d,s,0,12,1,15,s,15,17,4,8,d,14,0,2,d,8
I1009,3,0,0,0,11,8,s,s,0,7,0,s,2,0,2,0,12,1,0,18,5,17,4,0,0,0,15,2,0,8
I1010,3,0,0,0,11,8,s,s,0,7,0,s,2,0,2,0,12,1,0,18,5,17,4,0,0,0,15,2,0,8
I1011,3,0,0,0,11,8,s,s,0,7,1,s,2,0,2,0,12,1,0,18,5,17,4,0,0,0,15,2,0,8
1304,3,4,0,0,11,d,s,s,0,7,1,s,2,0,2,0,12,1,0,d,d,17,4,d,0,0,15,2,1,8
1114,3,0,0,d,11,s,s,s,0,7,1,s,2,0,2,0,12,1,d,18,5,s,4,d,0,0,15,2,0,8
I1014,3,0,s,0,11,8,s,s,0,7,0,s,2,0,2,0,12,1,0,18,5,17,4,0,0,0,15,2,0,8
1120,3,0,s,0,11,8,s,s,2,7,0,s,2,0,d,0,12,1,0,18,5,17,4,0,0,0,15,2,3,8
I1016,3,0,s,0,11,8,s,s,s,7,0,s,2,0,2,0,12,1,0,18,5,17,4,0,0,0,15,2,0,8
1163,3,0,s,0,11,8,s,s,s,7,0,s,2,0,2,0,12,1,0,18,5,17,4,0,0,0,15,2,0,d
1162,3,0,s,0,11,8,s,s,s,7,0,s,2,0,2,0,s,1,0,18,5,d,4,0,17,d,15,d,0,8
I1017,3,0,0,0,11,8,s,s,0,7,0,s,2,0,2,26,12,1,0,18,5,17,4,0,0,0,15,2,0,8
1371,3,0,0,0,11,8,s,s,0,7,d,s,2,18,2,d,12,d,0,18,5,17,4,d,0,0,15,2,d,8
1097,3,0,0,1,11,8,s,s,0,7,0,s,2,14,2,d,12,1,s,18,5,17,4,0,1,0,15,2,7,8
