cell,r1,r2,r3,r4,r5,r6,r7,r8,r9,r10,r11,r12,r13,r14,r15,r16,r17,r18,r19,r20,r21,r22,r23,r24,r25,r26,r27,r28,r29,r30
I1,0,4,1,0,0,0,0,0,0,0,0,0,0,0,0,0,2,0,0,0,0,0,0,0,5,0,0,0,0,0
I2,0,4,1,0,0,0,0,0,0,0,0,0,0,0,0,17,2,0,0,0,0,0,0,0,5,0,0,0,0,0
I3,0,4,1,0,0,0,0,0,0,0,0,0,0,0,0,17,2,0,0,0,0,0,7,0,5,0,9,0,0,0
I4,0,4,1,0,0,0,0,0,0,0,0,0,0,1,0,17,2,0,0,0,0,0,7,0,5,0,9,0,0,0
I5,0,4,1,7,0,0,0,0,0,0,0,0,0,1,2,17,2,0,29,0,0,0,7,0,5,0,9,13,0,0
I6,17,4,1,7,0,0,0,0,0,0,0,0,0,1,2,17,2,0,29,0,0,6,7,0,5,0,9,13,0,0
I7,17,4,1,7,0,0,0,0,0,0,0,0,0,1,2,17,2,0,29,0,0,6,7,0,5,0,9,13,8,5
I8,17,4,1,7,2,0,9,0,0,0,0,0,0,1,2,17,2,0,29,0,0,6,7,0,5,0,9,13,8,5
I10,17,4,1,7,2,0,9,0,s,0,0,0,0,1,2,17,2,0,29,0,0,6,7,0,5,0,9,13,8,5
1507,17,4,1,7,2,0,9,0,s,0,0,0,0,1,d,17,2,0,29,0,0,6,d,0,5,0,d,13,8,5
1506,d,4,1,7,2,0,9,0,s,0,0,0,0,d,2,17,2,0,29,0,2,6,7,0,5,0,9,13,8,5
1424,17,4,1,7,2,3,9,d,0,0,7,0,0,1,2,d,2,5,29,d,0,6,7,5,5,0,s,13,8,5
I15,17,4,1,7,0,0,3,0,0,3,0,0,0,1,2,17,2,0,29,0,0,6,7,0,5,0,9,13,8,5
I16,17,4,1,7,0,0,3,0,2,3,0,0,0,1,2,17,2,0,29,0,0,6,7,0,5,0,9,13,8,5
1311,17,4,1,7,0,s,3,0,2,d,0,0,5,s,2,17,2,0,29,0,0,6,d,5,5,s,9,13,d,5
1420,17,4,1,7,0,0,3,0,2,3,0,d,0,1,2,17,s,0,29,6,2,6,s,0,d,0,9,d,8,5
I19,17,4,1,7,0,0,3,2,0,3,0,0,0,1,2,17,2,0,29,0,0,6,7,5,5,0,9,13,8,5
1283,17,d,1,7,0,0,3,2,0,3,0,4,0,1,2,17,2,d,29,d,d,6,7,5,5,0,9,13,8,5
1599,17,4,1,7,0,10,3,2,2,3,2,0,0,1,2,d,2,0,29,d,0,6,7,5,5,0,9,13,8,5
I22,17,4,1,7,0,0,11,0,0,0,0,0,0,1,2,17,2,0,29,0,0,6,7,0,5,0,9,13,14,0
I23,17,4,1,7,1,0,11,0,0,0,0,0,0,1,2,17,2,0,29,3,0,6,7,0,5,0,9,13,14,0
I24,17,4,1,7,1,0,11,0,0,0,27,0,0,1,2,17,2,0,29,3,0,6,7,0,5,0,9,13,14,0
1607,d,d,d,7,1,0,d,0,2,0,27,0,0,1,2,17,d,0,29,3,2,d,7,d,5,0,9,d,14,10
I26,17,4,1,7,1,0,11,0,0,0,27,4,0,1,2,17,2,4,29,3,0,6,7,0,5,0,9,13,14,0
1639,17,4,1,7,1,d,d,0,0,0,27,4,0,1,d,17,2,4,d,3,0,6,7,s,5,0,9,d,d,0
1638,17,4,1,7,1,0,11,0,0,d,27,4,0,d,2,17,2,4,29,3,0,6,7,0,5,0,d,13,14,0
I27,17,4,1,7,1,27,11,0,0,3,12,4,0,1,2,17,2,0,29,3,0,6,7,0,5,0,9,13,14,0
1435,17,4,1,7,d,27,11,0,s,3,12,4,0,1,2,17,2,0,29,3,2,6,7,5,d,0,9,d,14,0
1333,17,4,1,7,1,27,11,0,0,3,12,d,d,1,2,17,2,0,29,3,0,6,7,0,5,1,9,13,14,10
I30,17,4,1,7,0,0,11,0,0,0,0,0,0,1,2,17,2,0,29,0,0,6,7,0,5,1,9,13,14,0
1505,17,4,1,7,0,d,11,0,0,0,0,0,0,1,2,17,d,15,29,0,0,6,7,d,5,1,9,13,14,0
I34,17,4,1,7,0,0,11,0,0,0,0,0,0,1,2,17,2,0,29,0,0,6,7,0,5,1,9,13,14,0
1491,17,4,1,d,d,d,d,0,0,0,18,0,0,1,2,s,2,0,29,0,2,6,7,0,5,1,9,d,14,d
I36,17,4,1,7,0,0,11,0,2,0,4,0,0,1,2,17,2,19,29,0,0,6,7,0,5,1,9,13,14,0
1755,17,4,1,7,0,d,11,0,2,8,4,0,0,1,2,d,2,19,29,0,0,6,7,0,5,1,d,13,14,0
1754,17,4,1,7,0,d,11,0,2,0,4,0,0,1,d,17,2,19,29,0,0,6,7,d,d,1,d,13,d,0
I37,0,4,1,7,1,0,0,0,0,3,0,3,0,1,2,17,2,0,29,0,0,0,7,0,5,0,9,13,0,0
I38,0,4,1,7,1,0,0,0,0,3,0,3,0,1,2,17,2,0,29,0,0,0,7,5,5,0,9,13,0,0
I39,0,4,1,7,1,0,0,0,2,3,0,3,0,1,2,17,2,0,29,0,0,0,7,5,5,0,9,s,19,0
1302,0,4,1,7,d,0,8,7,2,3,0,3,0,1,d,17,2,0,29,15,0,0,7,5,5,0,9,s,19,d
I43,0,4,1,7,1,0,0,0,2,3,0,3,0,1,2,17,2,0,29,0,0,0,7,5,5,0,9,s,19,0
1448,d,4,1,7,1,d,6,0,d,3,0,3,0,1,2,17,2,0,29,d,0,d,7,5,5,0,d,s,19,0
1349,0,4,1,7,1,d,s,2,2,3,0,3,0,1,2,17,2,16,29,0,0,0,d,5,d,d,9,s,19,0
I46,0,4,1,7,1,0,0,0,0,3,0,3,0,1,2,17,2,0,29,0,0,0,7,5,5,0,9,13,0,0
1971,0,s,1,7,1,0,0,0,d,3,0,3,8,d,2,17,2,0,29,s,2,0,7,5,5,0,9,13,0,d
I51,0,4,1,s,1,0,0,0,2,3,0,3,0,1,2,17,2,3,29,0,0,0,7,5,5,0,9,13,0,0
1124,0,4,1,s,1,0,0,7,d,3,0,3,d,1,2,17,2,d,29,0,0,0,7,5,5,0,9,13,0,0
I53,0,4,1,s,1,0,0,0,2,3,0,3,0,1,2,17,2,3,29,0,0,0,7,5,5,0,9,13,0,0
1035,0,4,d,s,1,0,d,3,2,3,0,3,0,1,2,17,2,3,29,0,d,s,d,5,5,1,9,13,0,d
1034,0,4,1,s,1,0,0,0,2,3,0,3,0,1,2,17,2,3,29,0,0,d,7,5,5,0,9,d,0,0
I54,0,4,1,7,1,34,0,0,2,3,0,3,0,1,2,17,2,0,29,0,0,0,7,0,5,0,9,13,0,1
I59,0,4,1,7,1,34,0,0,2,3,0,3,0,1,2,17,2,0,29,0,0,0,7,0,5,0,9,13,0,1
I60,0,4,s,7,1,34,0,0,2,3,42,3,0,1,2,17,2,10,29,0,0,0,7,0,5,1,9,13,0,1
1411,0,4,s,7,d,34,0,0,2,3,42,3,0,1,2,17,2,10,29,0,0,0,7,0,5,d,9,13,0,1
1410,0,4,s,7,1,34,s,0,2,3,42,3,12,1,2,17,d,10,29,0,d,0,7,0,5,1,9,d,0,1
1483,0,4,1,7,d,34,0,0,2,3,0,3,8,1,2,17,2,0,29,0,0,0,7,0,5,0,9,13,0,1
I62,0,4,1,7,1,34,0,0,2,3,0,3,0,1,2,17,2,0,29,0,0,0,7,0,5,0,9,13,0,1
I64,0,4,1,7,1,34,5,0,2,3,0,3,0,1,2,17,2,0,29,0,0,0,7,0,5,0,9,13,0,1
1113,0,4,1,7,1,34,d,0,2,3,0,3,0,1,2,17,2,0,29,d,d,d,7,d,5,0,9,13,d,1
1112,d,4,1,7,1,34,d,0,2,3,0,3,0,1,d,17,2,0,29,d,0,0,d,0,5,0,9,13,0,1
1339,7,d,1,7,1,34,5,0,2,3,0,3,0,1,2,17,2,0,29,0,d,6,7,0,s,0,9,13,0,1
I69,0,4,1,0,0,28,0,0,0,0,0,0,0,s,0,17,2,1,0,0,2,0,7,0,5,0,9,0,0,0
I70,0,4,1,19,0,28,0,7,0,0,0,0,0,s,0,17,2,1,0,0,2,0,s,0,5,0,9,0,0,1
I71,0,4,1,19,0,28,0,7,0,0,25,0,0,s,0,17,2,1,0,0,2,3,s,0,5,0,9,9,0,1
I72,0,4,1,19,0,28,0,7,0,8,25,0,0,s,0,17,2,1,0,0,2,3,s,5,5,0,9,9,0,1
I73,0,4,1,19,0,28,0,7,2,8,25,0,8,s,0,17,2,1,0,0,2,3,s,5,5,0,9,9,0,1
I74,0,4,1,19,1,28,0,7,2,8,25,0,8,s,0,17,2,1,0,0,2,3,s,5,5,0,9,9,0,1
1287,0,4,1,19,1,28,0,7,2,8,25,0,8,s,0,17,2,1,0,0,2,3,s,5,5,0,9,9,0,1
1286,d,4,1,19,1,28,0,d,2,d,25,0,8,s,0,17,d,1,0,0,2,3,s,5,5,d,9,9,0,1
1151,0,4,1,19,d,28,0,d,2,8,25,d,8,s,0,17,2,1,0,0,2,d,s,5,5,0,d,9,0,1
I77,0,4,1,19,0,28,0,7,0,8,25,4,0,s,0,17,2,1,0,0,2,3,s,5,5,0,9,9,0,1
1159,0,4,1,19,d,28,0,7,0,8,25,4,0,s,0,s,2,1,0,d,2,3,s,5,d,0,9,9,0,1
1158,0,4,1,19,0,28,d,7,0,8,25,4,0,s,0,17,2,1,0,0,2,d,s,5,5,0,9,9,d,1
I79,0,4,1,19,0,28,0,7,0,0,25,0,0,s,0,17,2,1,0,0,2,3,s,0,5,0,9,9,0,1
I80,0,4,1,s,0,28,0,7,0,0,25,0,0,s,0,17,2,1,0,0,2,3,s,s,5,0,9,9,0,1
1343,6,4,1,s,d,28,0,7,0,8,25,0,0,s,0,17,2,1,0,0,2,3,s,s,5,d,9,9,0,1
1718,d,d,1,s,0,28,0,7,0,s,25,0,0,s,0,17,2,d,8,0,2,3,s,s,5,0,9,9,0,1
I86,0,4,1,19,0,28,0,7,s,s,25,3,0,s,0,17,2,s,0,0,2,3,s,0,5,1,9,9,7,1
2029,0,4,1,19,0,28,0,7,s,s,25,3,0,s,0,17,2,s,0,0,2,3,s,0,5,1,9,9,7,1
2028,0,d,1,19,0,28,0,7,s,s,25,3,0,s,0,d,2,s,0,0,2,3,s,0,5,1,9,9,7,1
I87,0,4,1,s,0,28,0,7,0,0,0,0,0,s,0,17,2,1,0,0,2,3,s,5,5,5,9,0,9,1
I88,0,4,1,s,0,28,0,7,0,0,0,0,0,s,0,17,s,1,0,0,2,3,s,5,5,5,9,9,9,1
I89,0,4,1,s,0,28,0,s,0,0,0,0,0,s,0,17,s,1,0,18,2,3,s,5,5,5,9,9,9,1
1191,d,4,1,s,0,d,d,s,2,d,d,0,d,s,0,17,s,1,0,18,2,3,s,5,5,5,9,9,9,d
I91,0,4,1,s,0,28,0,s,0,3,0,0,0,s,0,17,s,1,0,18,2,3,s,5,5,5,9,9,9,1
1299,d,4,1,s,0,28,5,s,d,3,0,2,0,s,0,17,s,1,0,18,2,3,s,5,d,5,9,9,9,1
1298,7,4,1,s,0,28,0,s,0,d,0,d,0,s,d,17,s,1,0,18,2,3,s,5,d,5,9,9,9,1
I94,0,4,1,s,0,28,0,7,0,0,6,0,0,s,0,17,s,1,21,0,2,3,s,5,5,5,9,9,9,1
1377,0,4,1,s,3,28,0,7,d,0,d,0,d,s,0,17,s,1,d,0,2,3,s,5,5,d,9,9,d,1
1376,0,4,1,s,0,28,0,7,0,0,6,0,0,s,d,17,s,1,21,18,2,3,s,5,5,5,9,9,9,1
I95,0,4,1,s,0,28,0,7,0,0,0,0,0,s,0,17,2,1,0,s,2,3,s,5,5,5,9,0,9,1
I96,0,4,1,s,0,28,0,7,0,0,0,s,1,s,0,17,s,1,2,s,2,3,s,5,5,5,9,13,9,1
I97,0,4,1,s,0,28,0,7,0,0,0,s,1,s,0,17,s,1,2,s,2,3,s,5,5,5,9,13,9,1
1251,0,4,1,s,d,28,0,d,0,0,0,s,1,s,0,17,s,1,d,s,2,3,s,5,5,5,9,13,9,1
1250,0,d,1,s,0,28,0,7,0,0,0,s,d,s,0,17,s,1,2,s,2,d,s,5,5,5,9,13,9,1
1079,0,4,1,s,0,28,d,7,0,d,0,s,1,s,0,17,s,1,2,s,2,3,s,5,5,5,d,13,d,d
I99,0,4,1,s,0,28,0,s,0,0,0,0,0,s,0,17,2,1,0,s,2,3,s,5,5,5,9,0,9,1
I100,0,4,1,s,0,28,0,s,0,0,6,0,0,s,0,17,2,1,0,s,2,3,s,5,5,5,9,0,9,1
1173,d,4,1,s,1,28,0,s,0,d,6,0,0,s,0,17,2,1,d,s,2,3,s,5,5,5,9,0,9,d
1172,d,4,1,s,0,28,0,s,0,0,6,0,0,s,d,17,2,1,0,s,2,3,s,5,5,d,9,d,d,1
I101,0,4,1,s,0,28,4,s,0,0,0,4,0,s,0,17,2,1,0,s,2,3,s,5,5,5,9,0,9,1
1407,0,4,1,s,0,28,4,s,0,0,0,4,11,s,0,17,2,1,0,s,2,3,s,5,5,5,9,d,d,1
1406,0,4,1,s,d,28,s,s,d,0,d,d,d,s,0,17,d,1,0,s,2,3,s,5,5,5,9,0,d,1
I102,0,4,1,0,0,28,0,0,0,0,0,0,0,s,0,17,2,1,0,0,2,0,7,0,5,0,9,0,11,0
I103,0,4,1,0,0,28,0,0,0,3,0,0,0,s,0,17,2,1,5,0,2,0,7,0,5,0,9,0,11,0
I104,0,4,1,0,0,28,0,0,0,3,0,2,0,s,0,17,2,1,5,26,2,0,7,0,5,0,9,0,11,1
1007,9,d,1,0,0,28,0,7,2,s,0,2,0,s,0,17,2,1,5,d,2,0,7,0,s,0,9,0,11,1
I109,0,4,1,0,0,28,0,8,0,3,0,2,0,s,0,17,2,1,s,26,2,0,7,0,5,0,9,0,11,1
I110,0,4,1,0,0,28,4,8,0,3,0,2,0,s,0,17,2,1,s,26,2,3,7,0,5,0,9,0,11,1
I111,0,4,1,0,0,28,4,8,0,3,0,2,0,s,0,17,2,1,s,26,2,3,7,5,5,0,9,0,11,1
1867,0,4,1,0,0,28,4,8,0,3,0,d,0,s,0,17,d,1,s,26,2,3,7,5,5,0,9,0,d,1
1866,0,4,1,0,0,28,4,8,0,3,0,2,0,s,0,17,2,1,s,26,2,3,7,5,5,0,9,d,d,1
1884,0,4,1,0,0,28,4,8,0,3,d,2,d,s,0,17,2,1,s,26,2,3,7,d,5,0,9,0,11,1
I113,0,4,1,0,0,28,0,8,0,3,0,2,0,s,4,17,2,1,s,26,2,0,7,0,5,0,9,0,11,1
2044,0,4,1,0,1,28,d,8,0,3,0,2,s,s,d,17,2,1,s,26,2,d,d,0,5,0,9,0,11,1
2031,0,4,d,3,d,28,d,8,0,3,d,2,12,s,4,17,2,1,s,26,d,0,7,0,d,0,9,s,d,1
I116,0,4,1,0,0,28,0,0,2,3,0,0,0,s,0,17,2,1,5,0,2,0,7,0,5,1,9,0,11,0
I117,0,4,1,0,0,28,0,0,2,3,0,2,0,s,s,17,2,1,5,0,2,0,7,5,5,1,9,0,11,0
I118,0,4,1,0,0,28,0,0,2,3,0,2,0,s,s,17,2,1,5,0,2,0,7,5,5,1,9,0,11,0
1099,0,4,d,0,d,28,0,0,2,d,2,d,d,s,s,17,d,1,5,d,2,0,d,5,5,1,9,0,11,0
1098,0,4,1,0,0,d,0,0,2,3,0,2,0,s,s,17,2,1,5,0,2,0,d,5,5,1,9,d,11,0
I119,0,4,1,0,0,28,0,0,2,3,0,2,0,s,s,17,2,1,5,0,2,0,7,5,5,1,9,0,11,0
1049,0,4,1,0,0,28,0,0,2,3,0,2,0,s,s,17,2,1,5,30,2,0,7,d,5,1,9,0,11,0
1048,0,4,d,0,0,d,0,0,2,d,0,2,0,s,s,17,2,1,5,d,2,0,7,s,5,1,d,0,11,0
I120,4,4,1,0,0,28,0,0,2,3,0,0,0,s,0,17,2,1,5,0,2,0,7,0,5,1,9,0,11,0
1023,4,4,1,0,0,28,d,0,2,3,0,0,d,s,0,17,2,1,5,0,2,0,d,0,5,1,d,0,11,0
1965,4,4,1,0,0,28,0,0,2,3,0,0,0,s,0,17,d,1,5,0,s,0,7,0,d,1,9,0,11,0
I124,0,4,1,0,0,28,0,0,0,0,0,0,8,s,0,17,2,1,0,0,2,0,7,0,5,0,9,0,11,0
I125,7,4,1,0,0,28,0,0,0,0,0,4,8,s,0,17,2,1,0,0,2,0,7,0,5,0,9,7,11,0
1132,7,4,1,0,1,d,0,0,0,3,0,4,8,s,0,17,2,1,0,0,2,0,7,d,5,0,9,7,11,0
I129,7,4,1,0,0,28,11,0,0,0,0,4,8,s,0,17,2,1,0,0,2,0,7,0,5,0,9,7,11,0
I130,7,4,1,0,0,28,11,0,0,3,0,4,8,s,0,17,2,1,0,9,2,0,7,0,5,0,9,7,11,0
1477,7,4,1,0,d,d,11,0,0,3,0,d,8,s,2,17,2,1,d,9,2,5,7,0,5,0,d,7,11,d
1476,7,4,d,0,d,d,11,0,0,3,0,4,8,s,0,17,2,1,0,d,2,0,7,0,5,0,9,7,11,0
I131,7,4,1,0,0,28,11,3,2,0,0,4,8,s,0,17,2,1,0,18,2,0,7,0,5,0,9,7,11,1
1727,7,4,d,0,0,28,d,d,2,0,d,d,8,s,0,17,2,d,0,18,d,d,d,0,5,5,9,7,11,d
1726,7,4,d,0,0,d,d,3,d,0,0,4,8,s,0,17,2,1,0,18,2,0,7,0,5,0,9,7,11,1
I132,0,4,1,0,1,28,0,0,0,0,0,0,8,s,0,17,2,1,0,0,2,0,7,0,5,0,9,0,11,0
I133,0,4,1,0,1,28,0,0,0,3,0,0,8,s,0,17,2,1,0,0,2,0,7,0,5,0,9,0,11,0
I134,0,4,1,0,1,28,0,3,0,3,0,0,8,s,0,17,2,1,0,0,2,0,7,0,5,0,9,0,11,1
1095,0,4,1,0,1,d,0,3,0,3,0,4,d,s,0,17,2,s,0,0,d,0,7,0,5,0,9,0,11,1
1094,0,4,1,0,1,28,0,3,0,3,16,0,d,s,0,17,2,1,0,0,2,0,d,0,d,d,9,0,d,1
I135,0,4,1,0,1,28,0,0,0,3,0,0,8,s,2,17,2,1,0,0,2,0,7,0,5,0,9,0,11,0
1045,0,4,1,0,1,d,0,0,0,d,0,d,8,s,2,d,d,1,d,d,2,0,7,0,5,0,d,0,11,0
1044,0,d,1,d,1,28,0,0,2,3,0,d,8,s,2,17,2,1,0,0,2,0,7,5,5,0,9,0,11,0
1080,0,4,1,d,1,28,0,0,0,3,41,0,8,s,0,d,2,1,13,0,2,3,7,0,5,0,9,0,11,0
I139,0,4,1,0,1,0,0,0,2,0,0,0,0,13,0,17,2,0,15,0,0,0,7,5,5,1,9,0,0,0
I140,0,4,1,0,1,34,0,0,2,0,0,0,0,13,0,17,2,0,15,0,0,0,7,5,5,1,9,0,0,0
I141,0,4,1,0,1,34,9,0,2,3,0,1,0,13,0,17,2,0,15,s,0,0,7,5,5,1,9,0,0,0
I142,0,4,1,0,1,34,9,0,2,3,0,1,0,13,0,17,2,0,15,s,0,0,7,5,5,1,9,0,0,0
I146,0,4,1,0,1,34,9,0,2,3,0,1,0,13,0,17,2,0,15,s,0,0,7,5,5,1,9,0,0,0
1785,0,4,d,0,1,d,9,d,2,3,0,1,0,d,0,17,2,0,15,s,0,0,d,5,5,1,d,0,d,0
1784,0,4,1,0,d,34,9,d,2,d,0,1,d,13,d,17,2,8,15,s,0,0,7,5,5,1,9,0,d,0
I150,7,4,1,0,1,34,9,0,2,3,0,1,0,13,0,17,2,0,15,s,0,0,7,5,5,1,9,0,0,0
I151,7,4,1,0,1,34,9,0,2,3,0,1,0,13,0,17,2,0,15,s,0,0,7,5,5,1,9,0,0,0
1746,d,d,1,0,1,34,9,0,2,3,0,d,0,13,0,17,2,0,d,s,0,0,7,5,5,1,9,0,0,0
988,7,d,1,0,d,34,9,0,2,3,0,1,0,13,0,17,2,d,15,s,0,0,7,5,5,1,9,0,d,0
1093,7,4,1,0,1,d,9,d,d,3,0,d,0,d,0,17,2,15,15,s,d,2,s,d,5,1,9,d,d,1
I154,0,4,1,0,1,34,9,0,2,3,0,1,0,13,0,17,2,0,15,s,0,0,7,5,5,1,9,0,0,0
I155,0,4,1,0,1,34,9,8,2,3,0,1,0,13,0,17,2,0,15,s,0,0,7,5,5,1,9,0,0,0
1743,0,4,1,s,1,34,9,8,s,3,0,1,0,13,d,17,2,0,15,s,0,0,7,5,5,1,9,d,0,d
I159,0,4,1,0,1,34,9,8,2,3,0,1,8,13,0,17,2,0,15,s,2,0,7,5,5,1,9,0,0,0
1579,0,4,1,0,1,34,9,8,2,3,0,1,8,13,0,17,d,0,d,s,d,0,d,5,5,1,9,0,0,0
1578,0,4,1,0,1,34,9,8,2,3,0,1,8,13,0,17,2,0,15,s,d,0,7,5,d,1,9,0,0,d
I161,0,4,1,0,1,34,9,0,2,3,0,1,0,13,0,17,2,0,15,s,0,3,7,5,5,1,9,0,0,0
I162,0,4,1,0,1,34,9,8,2,3,0,1,0,13,0,17,2,0,15,s,0,3,7,5,5,1,9,0,0,0
I163,0,4,1,0,1,34,9,8,2,3,0,1,0,13,0,17,2,0,15,s,0,3,7,5,5,s,9,0,0,0
1365,0,4,1,0,1,d,9,8,2,3,d,1,0,s,0,17,2,11,d,s,2,d,7,5,d,s,9,0,0,0
1364,0,4,1,0,1,34,9,8,d,3,d,1,0,13,d,17,2,0,d,s,0,3,7,5,5,s,9,0,20,0
1669,0,4,1,0,1,34,9,8,2,3,d,1,0,13,0,17,2,0,15,s,0,3,7,5,5,1,9,0,0,0
I165,0,4,1,0,1,34,9,0,2,3,0,1,0,13,0,17,2,1,15,s,0,3,7,5,5,1,9,0,0,1
I166,0,4,1,0,1,34,s,0,2,3,0,1,0,13,0,17,2,1,15,s,0,3,7,5,5,1,9,0,7,1
1903,0,4,1,0,1,d,s,0,2,3,s,1,0,13,0,17,2,1,d,s,0,3,7,5,5,1,d,0,7,1
1902,0,4,1,0,1,d,s,d,2,3,d,d,0,13,0,17,2,1,15,s,0,3,7,5,5,1,9,0,7,d
I167,0,4,1,0,1,34,9,0,2,3,0,1,0,13,0,17,2,1,15,s,0,3,7,5,5,1,9,0,0,s
1667,0,4,1,0,1,d,d,0,2,3,0,1,d,13,0,d,2,1,15,s,0,3,d,d,5,1,9,0,d,s
1666,0,4,1,0,1,d,9,0,d,3,0,1,0,d,0,17,2,1,15,s,0,3,d,5,5,1,9,0,0,s
I168,0,4,1,0,1,s,5,0,2,0,0,0,7,13,0,17,2,0,15,0,0,0,7,5,5,1,9,0,0,0
I169,0,4,s,0,1,s,5,2,2,3,0,0,s,13,0,17,2,0,15,0,0,0,7,5,5,1,9,13,0,0
I176,0,4,s,0,s,s,5,2,2,3,0,0,s,13,0,17,2,0,15,0,0,0,7,5,5,1,9,13,0,0
2009,0,4,s,0,s,s,5,2,2,3,d,0,s,d,0,17,2,0,15,0,0,0,7,5,5,1,9,13,0,0
2008,0,4,s,0,s,s,5,2,2,3,0,d,s,13,0,17,2,d,15,0,0,0,7,5,5,d,d,13,0,0
I177,0,4,s,15,1,s,5,2,2,3,0,0,s,13,0,17,2,0,15,0,2,0,7,5,5,1,9,13,0,0
1879,0,4,s,15,1,s,5,2,2,3,0,0,s,13,0,17,2,0,15,0,2,d,7,5,5,1,9,13,0,0
I181,0,4,s,15,1,s,5,2,2,3,0,0,s,13,0,17,2,0,15,0,2,0,7,5,5,1,9,13,0,0
1029,6,4,s,15,d,s,d,d,2,3,0,d,s,13,0,17,2,0,d,0,2,0,7,5,5,1,9,13,0,0
2042,0,4,s,15,1,s,5,2,2,3,6,0,s,13,d,17,2,0,15,0,2,0,7,d,5,d,9,13,0,0
I183,0,4,1,0,1,s,5,0,2,0,s,0,7,13,0,17,2,0,15,0,0,0,7,5,5,1,9,0,0,0
I184,0,4,1,0,1,s,5,0,2,0,s,0,7,13,0,17,2,0,15,0,0,0,7,5,5,1,9,0,0,0
I187,0,4,1,3,1,s,5,0,2,3,s,0,7,13,0,17,2,0,15,0,0,6,7,5,5,1,9,13,0,0
1715,7,4,1,3,1,s,5,7,2,d,s,0,7,13,0,17,2,0,15,0,0,6,7,5,5,1,9,13,0,0
1714,0,4,1,d,d,s,5,0,2,3,s,0,7,13,2,17,2,0,15,0,0,6,7,5,5,1,9,13,0,0
1787,0,4,d,0,1,s,d,0,2,0,s,0,7,13,0,17,2,5,15,10,2,0,7,d,5,1,9,9,0,0
I191,0,4,1,0,1,s,5,0,2,0,s,0,7,13,0,17,2,0,15,12,0,0,7,5,5,1,9,13,0,0
I192,0,4,1,7,1,s,5,0,2,0,s,0,7,13,0,17,2,0,15,12,0,0,7,5,5,1,9,13,2,0
1792,0,4,1,7,1,s,5,0,2,0,s,4,7,13,0,17,d,0,15,12,d,0,7,5,5,1,9,13,2,0
1544,s,4,1,7,1,s,5,2,2,d,s,0,7,13,0,17,2,6,15,12,0,0,d,d,d,1,9,13,2,0
1372,7,4,1,15,1,s,d,0,2,3,s,0,7,13,0,17,d,0,d,12,d,0,7,5,5,1,9,13,0,d
I198,4,s,1,0,1,0,0,0,2,0,s,0,8,13,0,17,2,0,15,0,s,0,7,5,5,1,9,0,0,0
I199,4,s,1,6,1,0,0,7,2,0,s,0,8,13,0,17,2,0,15,3,s,0,7,5,5,1,9,0,0,0
I200,4,s,1,6,1,0,0,7,2,0,s,0,8,13,0,17,2,0,15,3,s,0,7,5,5,1,9,0,0,0
1042,4,s,d,6,1,d,s,7,2,d,s,0,8,13,0,17,2,2,d,3,s,3,7,5,5,1,9,3,0,0
I206,4,s,1,6,1,0,0,7,2,0,s,0,8,13,0,17,2,4,15,3,s,0,7,5,5,1,9,16,0,0
1920,d,s,1,6,1,0,8,7,2,7,s,0,8,13,0,s,2,4,15,3,s,6,7,5,5,1,9,16,0,0
1952,4,s,1,6,1,0,4,7,2,0,s,0,8,13,0,17,2,d,15,3,s,0,7,5,5,1,9,d,0,0
I210,4,s,1,6,1,0,0,7,2,0,s,0,8,13,0,17,2,0,15,3,s,0,7,5,5,1,9,0,0,0
I211,4,s,1,6,1,0,0,7,2,0,s,0,8,13,0,17,2,0,15,3,s,0,7,s,5,1,9,0,0,0
I212,4,s,1,6,1,0,0,7,2,6,s,4,8,13,s,17,2,0,15,3,s,0,7,s,s,1,9,0,0,0
1041,4,s,1,6,1,0,d,7,2,6,s,4,d,13,s,d,2,0,15,3,s,0,7,s,s,1,9,d,0,0
1040,4,s,d,6,1,0,0,7,2,6,s,4,8,13,s,17,2,d,d,3,s,0,7,s,s,1,9,d,0,0
I213,4,s,1,6,1,4,0,7,2,0,s,4,8,13,0,17,2,0,15,3,s,0,7,s,5,1,9,0,0,0
2006,4,s,1,6,d,4,0,7,2,0,s,4,8,13,0,17,d,0,15,3,s,0,7,s,5,d,9,0,0,d
I215,4,s,1,6,1,4,0,7,2,0,s,4,8,13,0,17,2,0,15,3,s,0,7,s,5,1,9,0,0,0
2013,4,s,1,6,d,4,0,7,2,0,s,4,8,d,0,17,2,0,15,3,s,d,7,s,5,1,9,0,0,0
2012,4,s,1,6,1,d,0,7,2,d,s,4,8,13,0,17,2,0,15,3,s,0,d,s,5,d,d,0,d,0
1426,4,s,1,6,1,0,0,7,2,3,s,0,s,13,0,17,2,d,15,3,s,0,7,5,d,d,9,0,0,0
I223,4,s,1,0,1,0,8,1,2,3,s,0,8,13,0,17,2,0,15,0,s,6,7,5,5,1,9,11,0,0
I224,4,s,1,0,1,0,8,1,2,3,s,0,8,13,0,17,2,0,15,0,s,6,s,5,5,1,9,11,0,0
I225,4,s,1,0,1,0,8,1,2,3,s,0,8,13,0,17,2,0,15,0,s,6,s,5,5,1,9,11,0,0
1594,4,s,1,0,1,d,8,1,2,d,s,0,8,13,0,17,2,0,15,0,s,6,s,5,5,1,9,11,0,0
I229,4,s,1,0,1,0,8,1,2,3,s,0,8,13,0,17,2,0,15,0,s,6,s,5,5,1,9,11,0,0
I230,4,s,1,7,1,0,8,1,2,3,s,0,8,13,0,17,2,0,15,13,s,6,s,5,5,1,9,11,0,0
1833,4,s,1,7,d,d,8,1,2,3,s,0,8,13,0,17,2,0,d,13,s,6,s,d,d,1,9,11,0,0
1832,4,s,1,d,1,0,8,1,2,3,s,0,8,13,0,17,2,0,15,13,s,6,s,5,5,d,9,11,d,0
I231,4,s,1,s,1,0,8,1,2,3,s,0,8,13,0,17,2,0,15,0,s,6,s,5,5,1,9,11,0,0
1661,4,s,1,s,1,0,8,1,2,3,s,0,d,13,0,17,2,0,15,0,s,6,s,5,5,1,9,11,d,0
1660,4,s,1,s,d,0,d,1,2,3,s,0,8,13,0,17,2,d,15,0,s,6,s,5,5,d,d,11,0,0
I232,4,s,1,0,1,8,8,1,2,3,s,4,8,13,0,s,2,0,15,15,s,6,s,5,5,1,9,11,0,0
1562,4,s,d,6,1,d,8,s,2,3,s,4,8,d,0,s,2,0,15,15,s,6,s,5,5,1,d,11,0,0
I236,4,s,1,0,1,8,8,1,2,3,s,4,8,13,0,s,2,0,15,15,s,6,s,5,5,1,9,11,0,0
1624,4,s,1,0,1,d,8,d,s,d,s,4,8,13,0,s,d,0,d,15,s,6,s,5,d,s,9,11,0,d
I238,4,s,1,0,1,8,8,1,2,3,s,4,8,13,0,s,2,0,s,15,s,6,s,5,5,1,9,11,0,0
1441,d,s,1,0,1,8,d,1,d,3,s,4,8,13,0,s,2,0,s,15,s,6,s,5,5,1,9,11,0,0
1440,d,s,1,0,1,8,8,1,2,3,s,4,8,13,0,s,2,0,s,15,s,6,s,5,5,d,9,11,0,0
I239,4,s,1,0,1,0,8,1,2,3,s,0,s,13,0,17,2,0,15,0,s,s,7,5,5,1,9,11,0,0
I240,4,s,1,0,1,0,8,1,2,3,s,s,s,13,0,17,2,0,15,0,s,s,7,5,5,1,9,11,0,0
I241,4,s,1,0,1,0,8,1,2,3,s,s,s,13,0,17,2,0,15,0,s,s,7,5,5,1,9,11,0,0
1951,d,s,1,0,1,0,8,1,2,3,s,s,s,13,0,17,2,0,d,0,s,s,7,5,d,1,9,11,2,0
I243,4,s,1,0,1,0,8,1,2,3,s,s,s,13,0,17,2,0,15,0,s,s,s,5,5,1,9,11,0,0
1797,4,s,1,19,d,0,8,1,2,d,s,s,s,13,0,d,2,0,d,d,s,s,s,5,5,1,9,11,0,0
1796,4,s,1,0,d,0,8,1,2,3,s,s,s,13,d,d,2,0,15,0,s,s,s,5,5,1,d,d,0,d
I245,4,s,1,0,1,0,8,1,2,3,s,s,s,13,2,17,2,0,15,0,s,s,7,5,5,1,9,11,0,0
2033,4,s,1,0,1,d,8,1,2,3,s,s,s,13,2,17,2,0,d,0,s,s,7,5,d,d,9,11,0,0
2032,d,s,d,0,1,0,8,1,2,3,s,s,s,13,2,d,2,0,15,0,s,s,7,5,d,1,9,11,0,0
I246,4,s,1,0,1,0,8,1,2,3,s,0,s,13,0,17,2,0,15,0,s,s,7,5,5,1,9,11,0,0
I247,4,s,1,0,1,0,8,1,2,3,s,0,s,13,0,17,2,0,15,0,s,s,7,5,5,1,9,11,0,0
I248,4,s,1,0,1,s,8,1,2,3,s,s,s,13,0,17,2,0,15,10,s,s,7,5,5,1,9,11,0,0
2021,4,s,1,0,1,s,8,1,2,3,s,s,s,13,0,17,2,0,15,10,s,s,7,5,5,1,9,11,0,0
2020,4,s,1,0,1,s,8,1,d,3,s,s,s,d,0,17,2,0,15,10,s,s,7,5,5,1,9,11,d,d
1050,4,s,1,0,d,0,8,1,2,3,s,0,s,13,0,17,2,0,15,0,s,s,d,5,5,1,9,11,d,0
I249,4,s,1,0,1,8,8,1,2,3,s,0,s,13,0,17,2,0,15,0,s,s,7,5,5,s,9,11,8,0
I250,4,s,1,0,1,8,8,1,2,3,s,0,s,13,0,17,2,s,15,0,s,s,7,5,5,s,9,11,8,1
1997,4,s,1,0,d,8,8,1,2,3,s,0,s,13,0,17,2,s,15,0,s,s,d,5,d,s,9,11,8,1
1996,4,s,1,0,1,8,8,1,d,d,s,0,s,13,0,17,2,s,15,0,s,s,7,d,d,s,9,11,8,1
1030,d,s,1,0,d,8,d,1,2,3,s,2,s,13,0,17,2,0,15,d,s,s,7,5,5,s,9,11,8,0
I251,0,4,1,0,1,0,0,0,0,3,0,0,0,0,0,17,2,0,0,0,0,0,0,0,5,0,0,0,0,0
I252,0,4,1,0,1,0,0,0,2,3,0,0,0,12,0,17,2,0,8,0,0,0,0,0,5,0,0,0,0,0
I253,0,4,1,0,1,0,0,0,2,3,0,0,0,12,0,17,2,0,8,0,0,0,0,0,5,0,0,0,0,0
I254,15,4,1,3,1,0,0,0,2,3,0,0,0,12,0,17,2,0,8,6,0,0,0,5,5,0,25,0,0,0
I255,15,4,1,s,1,0,0,0,2,3,0,0,8,12,0,17,2,0,8,6,0,0,0,5,5,0,s,0,0,0
I256,15,4,1,s,1,0,0,0,2,3,0,0,8,12,0,17,2,0,8,6,0,3,7,5,5,0,s,0,0,0
I257,15,4,1,s,1,0,3,0,2,3,0,0,8,12,2,17,2,0,s,6,2,3,7,5,5,0,s,0,0,3
I258,15,4,1,s,1,s,3,0,2,3,1,0,8,12,2,17,2,0,s,6,2,3,7,5,5,0,s,0,0,3
1223,15,4,1,s,1,s,3,0,2,3,1,d,8,12,d,17,2,6,s,6,2,3,7,5,5,1,s,0,11,3
1222,15,4,1,s,1,s,3,0,2,3,1,0,d,s,2,17,2,0,s,6,2,d,7,5,5,d,s,0,0,3
1378,15,4,1,s,1,0,3,0,2,3,0,3,8,12,2,17,2,0,s,6,2,3,7,5,5,0,s,d,0,3
I260,15,4,1,s,1,0,0,0,2,3,0,0,8,12,0,17,2,0,8,6,0,3,7,5,5,0,s,0,11,0
1069,d,4,1,s,1,0,0,2,2,3,1,0,8,12,2,d,2,0,d,6,0,d,7,5,5,d,s,0,11,d
1358,15,4,d,s,1,13,0,0,2,3,0,s,8,d,0,17,2,0,8,d,0,3,7,5,5,d,s,0,11,0
I263,15,4,1,s,1,0,0,0,2,3,0,0,8,12,0,17,2,0,8,6,0,0,0,5,5,0,s,0,8,0
1100,15,4,1,s,s,d,0,0,2,3,0,0,8,12,0,d,2,0,8,6,s,0,0,5,5,d,s,d,d,0
I267,15,4,1,s,1,0,0,0,2,3,0,0,8,12,0,17,2,0,8,6,0,0,0,5,5,0,s,0,8,5
1054,15,d,1,s,1,0,0,0,2,3,0,0,8,d,0,17,2,d,d,6,s,d,d,5,5,0,s,0,8,5
1279,15,4,1,s,1,0,0,3,2,3,0,0,8,12,0,17,2,0,8,6,2,3,7,5,5,0,s,0,8,s
I270,15,4,1,3,1,0,0,0,2,3,0,0,0,12,0,17,2,0,8,6,2,0,0,5,5,0,25,0,0,1
I271,15,4,1,3,1,0,4,0,2,3,0,0,0,12,0,17,2,0,8,6,2,0,0,5,5,0,25,0,0,1
I272,15,4,1,3,1,0,4,0,2,3,0,0,0,12,0,17,2,0,8,6,2,0,0,5,5,0,25,0,0,1
1004,15,4,1,3,1,2,4,0,2,3,d,0,0,12,0,17,2,0,8,6,2,3,0,s,5,0,25,7,8,1
1995,15,4,1,3,1,0,4,d,d,3,d,0,0,12,0,s,s,d,8,d,2,0,0,5,5,0,25,0,d,1
I277,15,4,1,3,1,0,4,0,2,3,0,4,0,12,0,17,2,0,8,6,2,0,0,5,5,0,25,0,0,1
I278,15,4,1,3,1,0,4,0,2,3,s,4,0,12,0,17,2,0,8,6,2,0,0,5,5,0,25,0,0,1
1073,d,4,1,3,1,0,4,0,2,3,s,d,0,12,0,17,2,0,d,6,d,0,0,5,5,0,25,0,0,1
1072,15,4,d,3,d,13,4,0,2,3,s,4,0,d,0,d,d,0,8,6,2,0,d,5,5,0,25,0,0,1
1187,15,4,1,3,1,0,4,0,2,3,0,4,0,12,0,d,2,0,8,6,2,0,0,d,5,0,25,0,3,1
I283,15,4,1,3,1,0,8,7,2,3,0,s,0,12,0,17,2,0,8,6,2,0,0,5,5,0,25,0,0,1
1181,15,4,1,3,1,d,8,7,2,3,0,s,0,d,0,17,2,0,8,6,2,4,0,5,5,0,25,d,0,1
1180,15,4,1,3,d,0,8,7,2,3,18,s,0,12,d,17,2,0,8,6,d,0,0,5,5,0,25,0,0,1
I287,0,4,1,0,1,0,0,0,2,3,0,s,0,12,0,17,s,0,8,0,0,0,0,5,5,0,0,0,0,0
I288,0,4,1,7,1,0,0,0,2,3,0,s,0,12,0,17,s,0,8,0,0,0,0,5,5,0,0,0,0,0
I289,0,4,1,7,1,4,0,2,2,3,0,s,0,12,5,17,s,0,8,0,0,0,0,5,5,0,0,0,0,0
1489,0,4,1,7,1,4,d,2,2,3,d,s,1,12,d,17,s,0,8,0,2,6,0,d,5,0,8,0,0,0
I293,0,4,1,7,1,4,0,2,2,3,0,s,0,12,5,17,s,0,8,0,0,0,0,5,5,0,0,0,0,0
I294,0,4,1,7,1,4,5,2,2,3,0,s,0,12,5,17,s,0,8,0,0,0,0,5,5,0,0,0,0,0
1605,0,d,1,7,1,d,5,d,2,d,0,s,0,12,d,17,s,0,8,0,0,0,d,5,5,0,0,0,0,1
1604,0,4,d,7,1,4,5,2,2,d,0,s,0,12,5,17,s,0,8,0,0,0,0,5,5,0,0,0,0,0
1417,d,4,1,7,1,4,d,2,2,3,0,s,0,12,5,d,s,15,8,0,2,4,0,5,5,1,3,0,0,0
I296,0,4,1,7,1,0,0,3,2,3,0,s,0,12,0,17,s,1,8,0,0,0,0,5,5,0,0,8,0,0
I299,0,4,1,7,1,10,0,3,2,3,6,s,0,12,0,17,s,1,8,0,0,0,0,5,5,0,0,8,0,0
1147,0,4,1,7,1,10,0,3,d,3,6,s,0,12,0,17,s,1,8,0,0,0,0,5,5,0,0,d,0,0
1146,s,4,1,7,1,10,3,3,2,3,6,s,0,d,0,17,s,1,8,0,d,0,0,5,s,0,36,8,0,0
1238,d,4,1,7,d,16,11,3,2,3,0,s,0,12,0,17,s,1,8,0,0,0,8,5,5,0,0,8,0,s
I303,0,4,1,0,1,s,0,0,2,3,0,s,0,12,0,17,s,0,8,0,0,0,0,5,5,0,0,0,0,0
I304,0,4,1,0,1,s,0,0,2,3,0,s,s,12,0,17,s,0,8,21,0,0,0,5,5,1,0,0,0,0
I305,0,4,1,0,1,s,0,0,2,3,2,s,s,12,2,17,s,0,8,21,0,4,0,5,5,1,s,0,0,0
1799,7,d,1,s,1,s,0,0,2,3,2,s,s,12,d,17,s,0,8,21,0,4,0,5,5,1,s,0,0,0
I307,0,4,1,0,1,s,0,0,2,3,2,s,s,12,2,17,s,s,8,21,0,4,0,5,5,1,s,0,0,s
1807,0,4,1,0,1,s,d,0,2,3,2,s,s,12,2,17,s,s,8,21,0,4,0,5,d,1,s,0,0,s
1806,0,4,1,0,1,s,d,s,2,d,2,s,s,12,2,17,s,s,8,21,0,4,0,5,d,d,s,0,0,s
I309,4,4,1,0,1,s,0,0,2,3,0,s,s,12,0,17,s,0,8,21,0,4,0,5,5,1,2,0,0,0
1841,4,4,1,0,d,s,0,0,2,3,0,s,s,12,d,17,s,0,d,21,0,4,0,5,5,1,2,0,0,d
1840,4,4,1,d,1,s,0,0,2,3,0,s,s,12,0,d,s,0,d,21,0,4,0,5,5,d,2,0,d,0
I311,0,4,1,0,1,s,0,0,2,3,0,s,0,12,0,17,s,0,8,1,0,0,0,5,5,0,0,0,0,0
1745,0,4,1,0,d,s,4,0,2,3,0,s,d,12,0,17,s,0,8,d,0,0,5,5,5,0,0,0,0,0
1368,0,4,1,0,1,s,0,d,2,3,d,s,0,12,0,17,s,0,d,1,0,0,0,5,5,0,0,4,0,d
I317,0,4,1,0,1,0,0,8,2,3,0,0,0,12,2,17,2,2,8,0,0,0,0,0,5,0,0,0,0,s
I318,0,4,1,0,1,0,11,8,2,3,0,0,8,12,2,17,2,2,8,0,0,0,9,0,5,0,0,0,0,s
I319,0,4,1,0,1,1,11,8,2,3,0,0,8,12,2,17,2,2,8,0,0,0,9,0,5,1,0,13,0,s
I320,0,4,1,0,1,1,11,8,2,3,0,0,8,12,2,17,2,2,8,0,0,0,9,0,5,1,0,13,0,s
I321,0,4,1,0,1,1,s,8,2,3,40,0,8,12,2,17,2,2,8,0,0,0,9,0,5,1,0,13,0,s
1801,0,4,1,0,1,1,s,8,2,3,40,0,8,12,2,17,d,d,8,0,2,0,9,d,5,d,0,13,0,s
1374,0,4,1,0,d,1,s,8,2,3,d,0,8,12,2,17,2,2,8,0,0,0,9,d,d,d,46,13,0,s
1455,0,d,1,0,1,1,11,8,d,3,d,d,8,12,2,17,2,2,8,0,0,0,9,0,5,1,0,13,d,s
I327,0,4,1,6,1,1,11,8,2,3,0,0,8,12,2,17,2,2,8,0,0,0,9,0,5,1,0,13,0,s
I328,0,4,1,6,1,1,11,8,2,3,0,0,8,12,2,17,2,2,8,0,0,0,9,0,5,1,0,13,0,s
1129,0,4,1,6,1,1,11,8,2,d,d,0,8,12,2,17,2,d,8,18,0,d,9,0,5,1,19,13,0,s
1293,0,4,1,6,d,1,11,d,2,d,0,d,8,12,2,17,2,2,8,0,0,0,9,0,5,1,0,13,11,s
I331,0,4,1,6,1,1,11,8,2,3,0,0,8,12,2,17,2,2,8,0,2,0,9,0,5,1,0,13,0,s
I332,0,4,1,6,1,1,11,8,2,3,0,2,8,12,2,17,2,2,8,0,2,0,9,0,5,1,0,13,11,s
1141,0,4,1,6,d,1,11,8,2,3,0,2,8,12,2,17,d,2,8,d,2,0,9,d,s,1,0,13,11,s
1140,0,4,1,6,1,1,11,8,2,3,0,2,8,12,2,17,d,2,8,0,2,1,d,0,5,1,0,13,11,s
I333,0,4,1,6,1,1,11,8,2,3,37,0,8,s,2,17,2,2,8,0,2,0,9,5,5,1,0,13,0,s
1539,0,4,d,d,1,1,d,8,2,3,37,0,8,s,2,17,2,2,8,0,2,0,9,d,5,1,0,13,d,s
1538,0,4,1,6,1,d,11,d,2,3,37,0,8,s,2,17,2,2,8,0,2,0,d,d,5,d,0,13,0,s
I334,0,4,1,13,1,0,11,8,2,3,0,0,8,12,2,17,2,2,8,0,0,0,9,0,5,0,0,0,0,s
I335,0,4,1,13,1,0,11,8,2,3,0,0,8,12,2,17,2,2,8,0,0,0,9,0,5,0,0,0,0,s
I336,0,4,1,13,1,0,11,8,2,3,0,0,8,12,2,17,2,2,8,0,0,0,9,3,5,0,0,0,0,s
1977,4,d,1,13,1,0,11,8,2,3,0,d,8,d,2,17,2,2,d,0,0,0,9,3,5,0,0,0,0,s
I338,0,4,1,13,1,0,11,8,2,3,0,0,8,12,2,17,2,2,8,0,0,0,9,3,5,0,0,0,0,s
1897,0,4,1,13,1,0,11,8,2,3,0,0,8,12,2,17,2,2,8,0,0,0,9,d,5,0,0,0,0,s
1896,d,4,1,13,1,d,11,8,2,3,0,0,d,12,2,17,2,d,8,0,0,0,d,3,5,0,0,0,0,s
I339,0,4,1,13,1,0,11,8,2,3,0,0,8,12,2,17,2,2,8,0,0,0,9,0,5,0,0,0,0,s
I340,0,4,1,13,1,0,11,8,2,3,0,0,8,12,2,17,2,2,8,0,0,0,9,0,5,0,0,0,0,s
1665,0,4,1,13,1,0,11,8,d,3,0,0,d,12,2,17,d,2,8,0,d,0,d,0,5,d,0,0,0,s
1664,0,4,1,13,1,0,11,8,d,3,0,0,8,12,2,17,2,2,d,0,0,0,9,0,5,0,0,d,0,s
1898,0,4,1,13,1,0,11,8,2,3,s,0,8,12,d,s,2,2,8,0,0,0,9,0,d,0,8,0,0,s
I342,0,4,1,13,1,0,11,8,2,3,7,0,8,12,2,17,2,2,8,0,0,0,9,0,5,0,0,0,0,s
I343,0,4,1,13,1,0,11,8,2,3,7,0,8,12,2,17,2,2,8,0,0,0,9,0,s,0,0,0,0,s
1735,0,4,1,d,1,d,11,8,2,3,d,0,8,12,2,17,d,2,8,0,0,3,9,3,s,0,0,0,0,s
1694,0,4,1,13,1,0,11,8,2,d,7,0,8,12,2,17,2,2,8,0,0,d,9,0,s,0,0,0,0,s
I346,0,4,1,13,1,37,11,8,2,3,7,0,8,12,2,17,2,s,8,43,0,0,9,0,5,1,0,0,0,s
1936,0,4,1,13,1,37,11,d,2,3,7,0,8,d,2,17,2,s,8,43,0,0,d,0,5,d,0,0,d,s
1498,s,d,1,13,1,37,11,8,2,3,7,0,d,12,2,17,2,s,8,d,d,0,9,5,s,1,d,0,0,s
I349,0,4,1,7,1,0,0,8,2,3,0,0,8,12,2,17,2,2,8,0,0,0,0,0,5,0,0,0,0,s
I350,0,4,1,7,1,0,8,8,2,3,7,0,8,12,2,17,2,2,8,0,0,3,0,0,5,s,0,0,0,s
I351,0,4,1,7,1,0,8,8,2,3,7,0,8,12,2,17,2,2,8,0,0,3,0,0,5,s,1,0,9,s
1768,7,4,1,7,d,13,8,8,2,s,7,2,d,12,2,17,2,2,d,0,2,3,0,0,5,s,1,0,9,s
1601,0,4,1,7,1,d,8,d,2,3,7,0,8,12,d,17,2,d,8,0,0,d,0,5,5,s,1,0,9,s
I358,0,4,1,7,1,0,8,8,2,3,7,0,8,12,2,17,2,2,8,0,0,3,0,0,5,s,0,0,0,s
1166,0,4,1,7,d,0,8,8,2,3,7,0,d,12,2,17,s,2,8,0,d,s,0,0,5,s,d,0,0,s
I362,0,4,1,7,1,0,8,8,2,3,7,0,8,12,2,17,2,2,8,0,0,3,0,0,s,s,0,0,0,s
1219,0,4,1,7,d,0,8,8,2,d,7,0,8,12,2,17,2,d,8,0,0,3,0,0,s,s,0,d,0,s
1246,0,4,1,d,1,0,8,8,2,3,7,2,8,12,2,s,2,2,8,0,0,d,0,0,s,s,46,4,0,s
I365,7,4,1,7,1,0,0,8,2,3,0,0,s,12,2,17,2,2,8,0,0,0,0,0,5,0,0,0,3,s
I366,7,4,1,7,1,0,0,8,2,3,0,0,s,12,2,17,2,2,8,18,0,0,0,0,5,0,0,0,3,s
I367,7,4,1,7,1,0,0,8,2,3,0,0,s,12,2,17,2,2,8,18,0,0,0,0,5,0,0,0,3,s
1650,d,4,1,7,1,27,0,8,d,3,0,0,s,12,d,17,2,2,8,18,0,0,0,0,5,0,0,0,3,s
I369,7,4,1,7,1,0,0,8,2,3,0,0,s,12,2,17,2,2,8,18,0,0,0,5,5,0,0,0,3,s
1525,d,4,1,7,d,0,0,d,2,3,0,0,s,12,2,d,2,2,d,18,0,0,d,5,5,0,0,0,3,s
1524,d,4,s,7,1,0,0,8,2,3,0,0,s,12,d,17,2,d,8,18,0,4,0,5,5,0,0,0,3,s
1940,7,4,1,7,1,d,0,8,2,3,16,0,s,12,2,17,2,2,8,18,0,4,0,0,5,d,0,d,3,s
I373,7,4,1,7,1,0,0,8,2,3,0,0,s,12,2,17,2,2,8,0,2,6,0,0,5,1,19,0,3,s
I374,7,4,1,7,1,0,0,8,2,3,12,0,s,12,2,17,2,2,8,18,2,6,0,0,5,1,19,0,3,s
1347,d,d,1,7,1,d,0,8,d,3,12,0,s,d,2,d,d,2,8,18,2,s,0,0,d,s,19,0,3,s
1084,7,4,1,7,1,0,d,8,2,3,12,s,s,12,2,17,2,2,8,d,d,6,0,0,5,d,19,0,3,s
I379,7,4,1,7,1,0,0,8,2,3,0,s,s,12,2,17,2,2,8,0,2,6,0,0,5,1,19,0,3,s
1077,d,4,d,7,1,0,0,8,2,3,0,s,s,d,d,17,2,2,8,0,2,6,0,5,5,1,d,0,3,s
1076,7,d,1,7,1,0,0,8,2,3,0,s,s,12,d,17,2,2,8,d,2,6,0,0,5,1,19,0,3,s
I380,0,4,1,0,1,0,0,0,0,3,0,0,0,0,2,17,2,0,0,s,0,0,0,0,5,0,0,3,0,0
I381,0,4,1,0,1,0,0,0,0,3,0,4,0,0,2,17,2,0,0,s,0,0,0,0,5,0,0,3,0,0
I382,0,4,1,0,1,0,0,0,0,3,0,4,8,0,2,17,2,0,0,s,0,0,0,0,5,0,0,3,0,0
I383,0,4,1,3,1,0,0,0,1,3,0,4,8,15,2,17,2,0,0,s,0,0,0,0,5,1,0,3,0,0
I384,0,4,1,3,1,0,0,2,1,3,0,4,8,15,2,17,2,0,0,s,0,0,0,0,5,1,0,3,0,0
I385,0,4,1,3,1,0,0,2,1,3,0,4,8,15,2,17,2,0,0,s,0,0,0,0,5,1,0,3,0,0
1839,0,4,1,3,1,0,5,2,1,3,0,4,8,15,d,17,2,0,0,s,0,0,d,0,s,d,3,3,0,12
I387,0,4,1,3,1,0,0,2,1,3,0,4,8,15,2,17,2,0,0,s,0,0,0,0,5,1,0,3,9,0
1567,0,4,1,3,d,0,s,2,1,3,0,d,8,15,d,17,2,0,d,s,0,0,d,0,5,d,0,3,9,d
1566,0,4,1,3,1,d,d,2,1,3,0,4,8,15,2,17,2,0,0,s,d,0,d,0,5,1,0,3,9,0
I390,0,4,1,s,1,0,0,2,1,3,0,4,8,15,2,17,2,1,0,s,0,0,0,5,5,1,0,3,0,0
1699,0,4,1,s,1,d,0,2,1,3,0,4,8,15,2,17,2,1,0,s,0,0,d,5,5,1,0,3,0,d
1698,0,4,d,s,1,13,d,2,1,d,0,4,8,15,2,d,2,1,0,s,0,0,0,5,5,1,d,d,0,0
I391,0,s,1,3,1,0,0,0,1,3,0,4,8,15,2,17,2,4,2,s,2,0,11,0,5,1,0,3,0,0
I392,0,s,1,3,1,0,0,0,1,3,0,4,8,15,2,17,2,4,2,s,2,0,11,0,5,1,s,3,0,0
1675,6,s,1,3,1,3,0,0,1,3,0,4,8,15,d,17,2,4,2,s,2,3,11,0,5,1,s,3,d,d
I394,0,s,1,3,1,0,0,0,1,3,0,4,8,15,2,17,2,4,2,s,2,0,11,0,5,1,s,3,0,0
1741,0,s,1,3,1,0,0,0,1,3,0,d,8,15,2,17,2,4,2,s,2,0,11,d,5,1,s,3,0,0
1740,0,s,1,3,d,0,d,0,1,3,d,4,d,15,2,17,2,4,2,s,2,0,d,0,5,1,s,3,d,0
I395,0,s,1,3,1,0,0,0,1,3,0,4,8,15,2,17,2,4,2,s,2,0,11,0,5,1,0,3,s,0
I396,0,s,1,3,1,0,0,0,1,3,0,4,8,15,2,17,s,4,2,s,2,0,11,0,5,1,0,3,s,0
1593,0,s,1,3,1,0,0,0,1,3,0,4,8,15,2,17,s,4,d,s,d,0,11,0,5,1,0,3,s,0
1592,d,s,d,3,1,0,0,0,1,3,0,4,8,15,2,17,s,4,d,s,d,d,11,0,5,1,0,d,s,0
I397,0,s,1,3,1,0,0,0,1,3,0,4,8,15,2,17,2,s,2,s,2,6,11,s,5,1,0,3,s,4
1711,0,s,1,d,1,3,0,0,1,3,0,4,8,15,2,17,d,s,2,s,2,6,d,s,5,1,0,3,s,4
1710,0,s,d,3,d,0,0,0,1,3,0,4,8,15,2,17,2,s,2,s,2,6,11,s,5,1,0,3,s,4
I398,0,4,1,0,1,0,0,0,2,3,0,4,8,0,2,17,2,0,0,s,0,0,0,0,5,0,0,3,0,0
I399,0,4,1,0,1,0,0,0,2,3,0,4,8,0,2,17,2,0,0,s,0,0,0,0,5,0,0,3,0,0
I400,0,4,1,0,1,0,0,0,2,3,0,4,8,0,2,17,2,0,0,s,0,0,0,0,5,0,0,3,0,0
I401,0,4,1,25,1,0,0,0,2,3,47,4,8,0,2,17,2,0,0,s,0,0,0,0,5,0,0,3,0,0
1933,0,4,1,25,1,0,0,0,2,3,47,4,8,0,2,17,2,0,0,s,0,0,0,0,d,0,d,3,0,d
1932,0,4,1,25,d,d,0,d,2,3,d,d,8,d,2,17,2,0,0,s,0,0,0,0,d,d,0,3,0,0
1894,0,4,s,7,1,0,0,s,2,d,0,4,8,0,2,17,2,5,0,s,0,0,0,0,5,0,0,3,0,d
I403,0,4,1,0,1,0,0,s,2,3,0,4,s,0,2,17,2,0,0,s,s,3,0,5,5,0,0,3,0,1
I404,0,4,1,0,1,0,8,s,2,3,0,4,s,6,2,17,2,0,0,s,s,3,0,5,5,s,0,3,0,1
1789,0,4,1,0,1,0,8,s,d,3,0,4,s,6,2,17,2,0,0,s,s,3,0,5,5,s,0,3,0,1
1788,0,4,1,0,d,0,8,s,2,3,0,4,s,6,2,17,2,0,0,s,s,3,0,5,5,s,0,d,d,1
1880,0,d,1,d,1,27,0,s,2,3,0,4,s,0,2,17,2,0,0,s,s,d,0,5,d,0,0,3,0,d
I406,0,4,1,0,1,s,0,0,2,3,0,4,8,0,2,17,s,0,0,s,1,0,4,0,5,0,0,3,0,0
I407,7,4,1,0,1,s,0,s,2,3,0,4,8,0,2,17,s,0,0,s,1,0,4,0,s,1,0,3,0,0
1689,7,4,1,0,1,s,0,s,d,d,0,4,8,0,2,17,s,0,d,s,1,0,4,0,s,1,d,d,d,0
I409,7,4,1,0,1,s,0,s,2,3,0,s,8,0,2,17,s,0,6,s,1,0,4,0,s,1,0,3,0,0
1901,7,4,1,0,1,s,0,s,2,3,0,s,8,0,2,17,s,0,6,s,1,0,4,0,s,1,0,3,0,0
1900,7,4,1,d,1,s,0,s,d,d,0,s,d,0,2,17,s,0,6,s,d,0,4,0,s,1,d,3,0,0
I410,0,4,1,0,1,s,0,0,2,3,0,4,8,0,2,17,s,0,0,s,1,0,4,0,5,1,0,3,0,0
1829,0,4,1,0,1,s,0,0,2,3,0,4,d,d,2,d,s,0,0,s,1,0,4,0,5,1,0,3,0,0
I412,0,4,s,0,1,s,0,0,2,3,0,4,8,7,2,17,s,0,0,s,1,0,4,0,5,1,0,3,0,0
1983,0,4,s,0,1,s,0,d,2,3,0,4,d,d,2,17,s,0,d,s,1,0,4,d,5,1,0,3,0,0
1982,0,4,s,0,d,s,0,0,d,3,0,4,8,7,2,17,s,0,0,s,1,0,4,0,5,1,0,3,0,0
I413,0,4,1,0,1,0,0,0,0,3,0,4,5,0,2,17,2,0,0,s,0,0,0,0,5,0,0,3,0,0
I414,s,4,1,0,1,0,0,0,0,3,0,4,5,0,2,17,2,0,0,s,0,0,0,0,5,0,0,3,0,0
I415,s,4,1,0,1,0,0,7,0,3,0,4,5,0,2,17,2,0,5,s,0,0,0,5,5,0,0,3,0,0
I416,s,4,1,0,1,0,0,s,0,3,0,4,5,0,2,17,2,0,5,s,0,0,0,5,5,0,0,3,0,0
1330,s,4,1,0,1,0,0,s,0,3,0,4,5,0,2,17,2,0,5,s,d,0,0,5,5,0,0,3,0,0
1415,s,4,1,d,1,0,0,s,0,d,0,4,5,s,2,17,2,0,5,s,0,0,0,5,5,0,0,3,9,1
I419,s,4,1,0,1,0,0,7,0,3,0,4,5,0,2,17,2,0,5,s,0,0,0,5,5,0,0,3,0,1
I420,s,4,1,0,1,10,0,7,0,3,0,4,5,0,2,17,2,0,5,s,0,0,0,5,5,0,0,s,0,1
1291,s,4,1,d,d,10,0,7,0,3,d,4,5,d,2,17,2,19,5,s,2,0,0,5,5,0,d,s,0,1
1290,s,4,1,0,1,10,0,7,0,3,d,4,5,0,2,17,2,0,5,s,0,0,0,5,5,d,d,s,0,d
I421,s,4,1,0,1,0,0,7,0,3,0,4,5,0,2,17,2,0,5,s,0,0,0,5,5,1,0,3,0,1
1285,s,4,d,0,1,0,0,7,0,3,0,d,d,d,2,17,2,0,5,s,0,0,d,5,5,d,d,3,0,1
1284,s,d,1,0,1,0,0,7,0,3,0,4,5,0,2,d,2,0,5,s,0,0,0,5,5,1,0,3,0,d
I422,s,4,1,0,1,0,0,0,0,3,1,4,5,0,2,17,2,0,0,s,0,0,0,0,5,0,0,3,0,0
1451,s,4,1,0,1,0,0,0,2,3,1,4,s,d,2,17,2,0,0,s,2,0,7,5,5,0,d,3,18,0
I427,s,4,1,32,1,0,0,0,0,3,1,4,5,0,2,17,2,0,0,s,0,0,0,0,5,0,0,3,0,0
1157,s,4,1,32,1,0,11,0,d,d,1,4,5,0,2,17,d,0,0,s,0,0,0,d,5,s,0,3,0,0
1156,s,4,d,32,1,0,0,0,d,d,1,4,5,0,2,17,d,d,0,s,0,0,0,0,5,0,0,3,0,0
I429,0,4,1,0,1,0,0,0,0,3,0,4,5,0,2,17,2,0,0,s,0,0,0,0,5,0,0,3,0,0
I430,0,4,1,0,1,0,0,4,0,3,0,4,5,18,2,17,s,0,0,s,0,0,0,0,5,0,0,3,0,0
1409,0,4,1,0,d,0,11,4,2,3,0,4,5,18,2,17,s,0,0,s,0,d,0,0,5,0,0,3,14,0
1662,0,4,1,0,1,d,0,4,d,3,0,4,5,18,2,d,s,0,d,s,2,0,0,3,5,0,d,3,0,0
I437,0,4,1,0,1,0,0,0,0,3,0,4,5,0,2,s,2,0,0,s,0,0,0,0,5,0,0,3,0,0
1602,0,4,1,0,1,30,0,0,0,3,0,d,5,0,2,s,2,0,21,s,0,0,0,0,5,0,0,d,0,0
I441,0,4,1,0,1,0,0,0,0,3,0,4,5,0,2,s,2,0,s,s,0,0,0,0,5,0,0,3,0,0
1974,7,4,1,0,1,d,11,7,0,3,d,4,5,6,2,s,2,0,s,s,0,0,d,d,5,0,0,3,8,5
1542,0,4,1,25,1,s,s,d,0,3,d,4,5,d,2,s,2,d,s,s,0,0,d,0,5,0,d,d,d,0
I444,0,4,1,0,1,0,0,0,0,3,43,0,s,0,2,17,2,0,0,s,0,0,0,0,5,0,0,3,0,0
I445,0,4,1,0,1,0,8,0,0,3,43,0,s,0,2,17,2,0,0,s,0,0,0,0,5,0,12,3,0,1
I446,0,4,1,0,1,0,8,0,0,3,43,0,s,0,2,17,2,0,0,s,2,0,0,0,5,0,12,3,0,1
I451,0,4,1,0,1,0,8,0,0,3,43,0,s,0,2,17,2,0,0,s,2,0,0,0,5,1,12,3,0,1
1143,d,4,1,0,1,0,8,0,0,s,43,0,s,d,2,17,2,0,d,s,2,0,7,5,5,1,12,3,3,1
1152,s,4,1,0,1,0,8,2,d,3,43,0,s,0,2,17,2,0,0,s,d,0,0,0,5,1,12,3,s,1
I454,0,4,1,0,1,0,8,0,0,3,43,0,s,0,2,17,2,0,4,s,2,0,0,0,5,0,12,3,9,1
1821,0,4,1,0,1,0,8,0,d,3,d,0,s,0,2,17,2,0,4,s,2,d,0,5,5,0,d,3,9,1
I458,7,4,1,0,1,0,8,0,0,3,43,0,s,0,2,17,2,0,4,s,2,0,0,0,5,0,12,3,9,1
2025,7,4,1,0,1,0,8,0,0,3,43,0,s,d,2,17,2,0,4,s,2,0,7,0,5,0,12,3,9,d
1875,7,4,1,7,d,s,d,0,0,d,d,0,s,0,d,17,d,0,4,s,2,s,21,5,5,0,12,3,9,1
I461,0,4,1,0,1,0,8,0,0,3,43,0,s,0,2,17,s,5,0,s,0,0,0,0,5,0,12,3,0,1
1771,0,4,1,s,1,0,8,8,2,3,43,0,s,0,2,17,s,5,0,s,d,0,0,0,d,0,12,3,0,1
I469,0,4,1,0,1,0,8,0,0,3,43,0,s,0,2,17,s,5,0,s,0,0,0,0,5,0,12,3,0,1
I470,0,4,1,0,1,0,8,0,2,s,43,0,s,0,2,17,s,5,4,s,0,3,0,0,5,0,12,3,0,1
1653,0,4,1,d,1,0,8,0,d,s,43,0,s,0,2,17,s,s,4,s,0,3,0,0,5,d,12,d,0,1
1619,0,4,1,0,1,30,d,0,2,s,43,0,s,0,2,17,s,5,4,s,0,3,0,0,5,0,12,d,0,1
I473,0,4,1,0,1,0,8,0,0,3,43,2,s,0,2,17,s,5,4,s,0,0,0,5,5,0,12,3,0,1
I474,0,4,1,0,1,38,8,0,0,3,43,2,s,0,2,17,s,5,4,s,0,0,11,5,5,0,12,3,0,1
1853,0,4,1,0,1,d,8,0,0,3,43,d,s,0,2,d,s,5,4,s,0,0,11,5,5,0,12,3,0,1
1852,0,4,1,0,1,38,8,d,0,d,d,2,s,0,2,17,s,5,4,s,0,0,11,5,5,0,12,3,0,1
1914,11,4,d,d,1,0,8,0,0,3,43,2,s,0,2,17,s,5,4,s,0,0,10,5,5,0,d,3,0,1
I476,0,4,1,0,1,0,0,0,0,3,43,0,s,1,2,17,2,0,0,s,0,0,0,0,5,0,0,3,0,0
I477,0,s,1,0,1,0,0,0,0,3,43,0,s,1,2,17,2,0,0,s,0,s,0,s,5,1,0,3,0,0
I478,0,s,1,0,1,0,0,0,0,3,43,0,s,1,2,17,2,0,0,s,0,s,0,s,5,1,0,3,0,0
I479,0,s,1,0,1,0,0,0,0,3,43,0,s,1,2,17,2,0,0,s,0,s,0,s,5,1,38,3,0,0
I480,0,s,1,0,1,0,0,0,0,3,43,0,s,1,2,17,2,0,0,s,0,s,0,s,5,1,38,3,0,0
1503,0,s,1,0,1,0,0,0,0,3,43,d,s,1,2,17,2,0,0,s,0,s,0,s,5,1,d,3,0,0
1502,0,s,1,0,1,0,0,0,d,3,43,d,s,1,2,17,2,0,0,s,0,s,7,s,5,1,d,3,8,0
1608,0,s,1,0,1,0,0,0,0,s,43,0,s,1,2,17,2,2,d,s,0,s,0,s,5,d,d,3,0,0
I483,0,s,1,0,1,0,0,0,0,3,43,0,s,1,2,17,2,2,0,s,0,s,0,s,5,1,0,3,0,0
1825,d,s,1,0,1,d,0,0,0,3,43,d,s,1,2,17,2,2,0,s,0,s,d,s,5,d,0,3,0,0
1824,0,s,1,d,1,0,0,0,0,3,43,0,s,1,2,17,2,2,0,s,0,s,0,s,5,1,0,3,0,0
I485,0,s,1,0,1,0,0,0,0,3,43,0,s,1,2,17,2,0,0,s,0,s,0,s,5,1,0,3,0,0
1809,0,s,1,0,1,0,11,7,2,3,43,0,s,s,2,17,2,0,0,s,0,s,15,s,5,1,0,3,0,0
I489,0,s,1,7,1,0,11,0,0,3,43,0,s,1,2,17,2,0,0,s,0,s,0,s,5,1,0,3,0,0
I490,0,s,1,7,1,13,11,0,0,3,43,0,s,1,2,17,2,0,0,s,0,s,0,s,5,1,0,3,0,0
1751,d,s,1,d,1,13,11,0,0,d,43,0,s,1,2,17,2,0,0,s,0,s,0,s,5,1,0,3,0,0
1750,0,s,1,7,d,13,11,0,0,3,43,0,s,d,2,17,2,0,0,s,0,s,0,s,d,1,0,3,0,1
1968,d,s,1,d,1,2,11,0,2,3,43,0,s,1,2,d,2,d,8,s,0,s,0,s,5,1,0,d,0,0
I492,0,4,1,0,1,0,0,0,2,3,43,4,s,1,2,17,2,19,0,s,0,0,0,s,5,0,0,3,0,0
I493,0,4,1,32,1,0,0,8,2,3,43,4,s,1,2,17,2,19,0,s,0,s,0,s,5,0,0,3,0,0
1865,0,4,s,32,1,0,0,8,2,s,43,4,s,1,2,17,2,19,0,s,0,s,0,s,5,0,0,d,0,0
I497,0,4,1,32,1,0,0,8,2,3,43,4,s,1,2,17,2,19,0,s,0,s,0,s,5,0,0,3,0,0
I498,0,4,1,32,1,0,0,8,2,3,43,4,s,1,2,17,2,19,0,s,0,s,0,s,5,0,6,3,0,0
1611,0,4,1,32,d,0,0,8,2,3,43,4,s,1,2,17,2,19,0,s,0,s,0,s,5,0,6,3,0,5
1610,0,4,d,32,1,0,0,8,2,3,43,4,s,1,2,17,2,19,0,s,d,s,0,s,5,0,6,d,0,d
1479,0,4,1,32,1,0,0,8,2,3,43,4,s,1,2,17,2,d,0,s,0,s,0,s,5,0,0,3,0,d
I500,0,4,1,0,1,27,0,0,2,3,43,4,s,1,2,17,2,19,0,s,0,0,0,s,5,0,0,3,0,0
I501,0,4,1,19,1,27,8,0,2,3,43,4,s,1,2,17,2,19,0,s,0,0,0,s,5,0,1,3,0,0
2040,s,4,1,19,1,27,8,0,2,3,43,4,s,1,2,17,d,d,0,s,2,0,d,s,5,0,1,3,0,0
I503,0,4,1,19,1,27,8,0,2,3,43,4,s,1,2,17,2,19,0,s,s,0,0,s,5,0,1,3,0,0
2001,0,4,1,19,1,27,8,d,2,3,43,4,s,1,2,17,2,d,0,s,s,0,0,s,5,d,1,3,d,0
2000,0,4,1,19,1,27,8,0,2,3,43,d,s,1,2,d,2,19,0,s,s,0,d,s,5,0,d,3,0,0
I506,0,4,1,0,1,27,11,0,2,3,43,4,s,1,2,17,2,19,0,s,0,0,9,s,5,0,0,3,0,0
1905,0,4,1,0,1,27,d,0,2,3,43,4,s,d,2,17,2,19,0,s,0,0,9,s,5,0,0,3,0,0
1904,0,4,1,0,1,27,d,0,2,3,43,4,s,1,2,17,2,19,0,s,0,0,9,s,5,0,0,3,0,d
I507,7,4,1,0,0,2,0,0,0,0,0,4,0,0,2,0,2,0,0,0,0,0,0,0,5,0,0,0,0,0
I508,7,4,1,0,0,2,0,0,0,0,18,4,0,0,2,0,2,0,0,0,0,0,0,0,5,0,0,0,0,0
I509,7,4,1,0,1,2,0,0,0,0,18,4,0,0,2,0,2,0,0,0,0,0,0,0,5,0,0,0,0,0
I510,7,4,1,0,1,2,0,0,0,0,18,4,8,0,2,13,2,0,0,0,0,0,0,0,5,0,0,0,0,0
I511,7,4,1,0,1,2,0,0,0,0,18,4,8,0,2,13,2,0,0,9,0,0,23,0,5,0,0,0,0,0
I512,7,4,1,0,1,2,0,0,0,0,18,4,8,0,2,13,2,0,0,9,0,0,23,5,5,0,0,0,0,0
I513,7,4,1,0,1,2,0,0,0,0,18,4,8,0,s,13,2,0,0,9,2,0,23,5,5,0,0,0,0,0
I514,7,4,1,0,1,2,0,0,0,0,18,4,8,0,s,13,2,0,0,9,2,0,23,5,5,0,0,0,0,0
1067,7,4,1,0,1,2,0,0,0,0,18,4,8,0,s,13,2,d,0,9,2,6,23,5,5,0,d,d,3,0
1065,d,4,s,0,1,2,d,d,0,d,18,4,8,0,s,13,2,0,0,9,d,0,23,d,5,d,0,0,11,0
I517,7,4,1,7,1,2,0,0,0,0,18,4,8,s,s,13,2,0,0,9,2,0,23,5,5,0,0,0,0,0
1090,7,4,1,7,s,2,0,0,0,0,d,d,8,s,s,d,2,3,15,9,2,0,23,5,5,0,0,0,0,1
I519,7,s,1,7,1,s,0,0,0,0,18,4,8,s,s,13,2,0,0,9,2,0,23,5,5,1,0,0,0,0
1107,7,s,1,7,1,s,0,0,0,d,18,4,8,s,s,13,d,0,0,9,2,0,23,5,5,1,0,0,d,0
1106,7,s,d,7,1,s,0,0,0,0,18,4,8,s,s,d,2,0,0,9,d,d,23,5,5,1,0,0,0,d
I520,7,4,1,0,1,2,0,0,0,3,18,4,8,0,2,13,2,0,0,9,0,0,23,5,5,0,0,0,0,1
1256,7,4,d,0,1,2,0,0,0,s,18,d,8,0,2,13,2,d,0,9,d,0,23,5,5,0,0,0,0,1
I524,7,4,1,0,1,2,0,0,0,3,18,4,8,0,2,13,2,0,0,9,0,0,23,5,5,0,0,11,11,1
1354,7,4,1,0,1,2,0,0,0,3,18,4,8,0,2,d,d,1,0,9,d,d,d,5,5,0,0,11,11,1
I526,7,4,1,6,1,2,0,0,0,3,18,4,8,0,2,13,2,0,0,9,0,3,23,5,5,0,0,11,11,1
1587,7,4,d,6,1,2,0,0,0,3,18,4,8,d,2,13,2,0,0,9,0,d,d,5,5,0,d,d,11,1
1586,7,d,1,6,1,2,0,0,d,3,18,4,8,0,2,13,2,0,0,9,0,3,23,d,5,0,0,11,11,1
I527,7,4,1,32,1,2,0,0,0,0,18,4,8,0,2,13,2,4,0,9,0,0,23,0,5,0,0,0,9,0
I528,7,4,1,32,1,2,0,0,0,0,18,4,8,0,2,13,2,4,13,9,0,0,23,0,5,0,0,0,9,5
1655,7,4,1,32,1,d,0,7,0,0,18,4,8,0,d,13,2,4,13,d,d,0,23,0,5,d,0,d,s,5
I532,7,4,1,32,1,2,0,0,0,0,18,4,8,s,2,13,2,4,13,9,0,0,23,0,5,s,0,0,9,5
I533,7,4,1,32,1,2,0,0,0,0,18,4,8,s,2,13,2,4,13,9,0,0,23,0,5,s,0,0,9,5
1389,7,4,1,32,1,2,5,0,0,0,18,4,8,s,2,13,2,4,13,9,0,d,23,d,d,s,d,0,9,5
1388,7,4,1,32,1,2,0,d,0,d,18,d,8,s,2,13,2,d,d,9,0,0,23,0,d,s,0,16,9,d
1393,7,4,1,d,d,2,0,0,0,s,18,4,8,s,2,13,2,4,13,9,d,0,23,0,5,s,0,13,9,5
I535,7,4,1,32,1,2,0,0,0,0,18,4,8,1,2,13,2,4,0,9,0,0,23,0,5,1,1,0,9,0
1237,d,4,d,d,1,2,0,7,2,0,18,4,8,1,2,13,2,4,5,9,0,4,23,0,5,1,1,0,9,1
I539,7,4,1,32,1,2,0,0,0,0,18,4,8,1,2,13,2,s,0,9,0,0,23,0,5,1,1,16,9,0
I540,7,4,1,32,1,2,0,0,0,0,18,4,8,1,2,13,2,s,0,9,0,4,23,5,5,1,1,16,9,0
1155,7,4,1,32,1,2,0,0,0,d,18,4,8,1,2,d,2,s,0,9,0,4,23,5,5,1,1,d,9,0
1154,7,4,s,d,1,2,0,0,0,0,18,4,8,1,2,13,2,s,0,9,d,4,23,d,5,1,d,16,9,0
1174,7,4,1,32,1,2,0,0,0,3,d,4,8,d,2,13,2,s,0,d,0,0,23,0,5,1,1,16,9,0
I542,7,4,1,0,1,2,0,0,0,0,18,4,8,0,2,13,2,0,0,0,0,0,0,0,5,0,0,0,0,0
I543,7,4,1,0,1,2,0,0,0,0,18,4,8,0,2,13,2,0,8,0,0,0,0,0,5,0,0,0,0,0
I544,7,4,1,0,1,2,5,0,0,0,18,4,8,0,2,13,2,0,8,0,0,4,0,0,5,0,0,0,0,0
1182,7,4,d,d,1,2,5,0,0,0,18,4,8,0,2,13,2,0,8,0,d,d,0,5,5,0,0,0,0,0
I548,7,4,1,0,1,2,5,0,0,0,s,4,8,11,2,13,2,0,8,9,0,4,0,0,5,1,0,0,0,0
I549,7,4,1,0,1,2,5,0,0,0,s,4,8,11,2,13,2,0,8,9,0,4,0,0,5,1,0,0,0,1
1047,7,4,d,13,d,2,5,0,0,0,s,4,8,11,2,13,2,0,8,9,0,4,0,0,5,1,0,0,8,1
2047,7,4,1,d,1,2,5,0,0,0,s,d,d,11,2,13,2,0,8,d,0,4,0,d,d,d,0,0,0,1
1127,7,4,1,7,1,2,5,0,s,3,s,4,8,11,d,13,2,0,8,9,0,4,0,0,5,d,0,0,0,1
I552,7,4,1,0,1,2,0,0,0,3,18,4,8,0,2,13,2,0,8,0,0,0,0,0,5,0,0,0,0,0
I553,7,4,1,0,1,2,0,0,0,3,18,4,8,30,2,13,2,0,8,0,0,0,0,0,5,0,0,0,0,0
1088,7,4,1,d,1,2,0,d,0,3,18,4,8,30,2,13,2,d,d,d,0,0,0,0,5,d,0,0,0,1
1202,7,4,s,0,1,2,0,0,0,3,18,4,8,30,2,13,2,0,d,0,2,0,10,0,s,0,0,0,0,d
I559,7,4,1,0,1,2,s,s,0,3,18,4,8,0,2,13,2,0,8,38,0,3,0,5,5,1,0,0,14,0
2017,7,4,1,0,d,2,s,s,0,3,d,d,8,0,2,13,2,0,8,38,d,3,0,5,d,1,0,d,14,0
2016,7,4,1,0,d,2,s,s,0,3,d,4,d,0,2,13,d,0,8,38,0,3,d,5,5,d,0,0,14,0
I561,7,4,1,0,1,2,5,0,0,0,18,4,8,0,s,13,2,0,5,0,0,0,0,0,5,1,3,0,0,0
I562,7,4,1,0,1,2,5,0,0,0,18,4,8,0,s,13,2,0,5,0,0,0,0,0,5,1,3,0,0,0
I563,7,4,1,0,1,2,5,0,0,0,18,4,8,0,s,13,2,0,5,0,0,0,0,5,5,1,3,0,0,0
1195,7,4,1,0,d,2,5,d,0,5,18,4,8,0,s,d,d,0,5,d,0,0,8,5,5,1,3,0,0,0
1169,7,4,1,0,1,2,5,0,0,0,d,4,8,s,s,13,2,0,d,0,s,1,0,5,5,1,d,0,d,1
1516,7,d,1,d,1,2,5,0,d,0,18,4,8,4,s,13,2,0,5,s,0,3,15,d,5,s,3,0,0,0
I569,7,4,1,0,1,2,5,3,0,0,18,4,8,0,s,13,2,6,5,0,2,0,0,0,5,1,3,0,0,0
1352,7,4,1,0,1,2,5,3,2,d,18,4,8,0,s,13,2,6,5,0,d,d,10,0,5,1,3,0,0,1
1197,7,d,1,0,1,2,5,3,1,0,18,4,8,s,s,13,2,6,5,0,2,0,0,d,5,1,3,13,0,0
I576,7,4,1,0,1,2,0,0,0,0,18,4,0,0,2,0,2,0,0,0,0,0,0,0,5,0,0,0,0,0
I577,7,4,1,0,1,2,0,0,0,0,18,4,0,0,2,0,2,0,0,0,0,0,0,0,5,0,0,0,0,0
I578,7,4,1,0,1,2,0,0,0,0,18,4,0,0,2,0,2,0,0,0,0,0,0,0,5,0,0,0,0,0
I579,7,4,1,0,1,2,0,0,0,0,18,4,0,0,2,0,2,0,13,1,0,0,0,0,5,0,0,0,0,0
1835,7,4,1,14,1,2,d,0,0,8,18,4,d,0,2,0,2,0,13,1,0,3,8,0,5,0,0,9,0,0
I583,7,4,1,0,1,2,0,0,0,0,18,4,0,0,2,0,2,0,13,1,0,0,0,0,5,0,0,0,0,0
I584,7,4,1,0,1,2,0,0,0,0,18,4,0,0,2,0,2,19,13,1,2,0,0,0,5,0,0,0,0,0
1949,d,4,1,0,1,2,0,0,0,0,18,4,0,0,2,0,2,19,d,1,2,0,0,0,5,0,0,d,0,0
1948,7,4,1,0,1,2,0,0,0,0,18,d,0,0,2,0,2,19,13,1,d,d,d,0,5,0,d,0,0,0
1748,7,4,1,0,1,2,0,0,1,0,18,4,8,0,2,28,2,4,13,1,d,d,0,0,5,d,0,0,14,1
I586,7,4,1,0,1,2,0,0,0,0,18,4,0,0,2,0,2,0,0,0,0,3,0,0,5,0,0,0,0,0
I587,7,4,1,0,1,2,0,0,0,0,18,4,0,0,2,0,2,0,0,3,0,3,7,0,5,0,0,0,0,1
1269,7,4,1,3,d,2,4,0,0,0,d,4,0,0,2,0,2,d,0,3,0,3,7,0,5,0,0,d,d,1
I589,7,4,1,0,1,2,0,0,2,3,18,4,0,0,2,0,2,0,0,3,0,3,7,0,5,0,0,0,0,1
1177,7,4,1,0,d,2,0,0,2,3,18,4,0,0,2,22,2,0,0,3,0,3,7,0,5,d,d,0,0,1
1176,7,d,d,6,1,2,0,0,2,3,18,4,8,0,d,d,2,0,0,3,0,3,7,d,5,0,0,d,0,1
I590,7,4,1,0,1,s,0,2,0,0,18,4,0,0,2,0,2,0,0,0,0,3,0,5,5,0,0,0,0,1
1910,d,4,1,0,d,s,0,2,0,d,18,d,d,0,2,0,d,0,d,6,d,3,0,5,5,0,0,0,0,d
1340,7,d,1,0,1,s,8,2,0,0,18,4,0,d,2,0,2,0,0,0,0,3,0,5,5,0,22,0,0,1
I593,7,4,1,0,1,2,0,0,0,0,18,4,0,0,2,0,2,0,0,0,0,0,0,0,5,0,0,0,0,0
I594,7,4,1,0,1,2,0,0,0,0,18,4,0,0,2,0,2,0,7,0,0,0,0,0,5,0,0,0,0,0
I598,7,4,1,0,1,2,0,0,0,0,18,4,8,0,2,0,2,s,s,3,2,0,0,0,5,0,0,3,0,5
2011,d,4,1,0,1,2,0,d,0,0,18,4,8,0,2,0,2,s,s,3,d,0,0,0,5,0,0,3,0,5
2010,d,4,d,0,1,2,0,0,0,0,d,4,8,d,2,0,2,s,s,3,2,0,0,d,5,0,0,3,0,5
I600,7,4,1,0,1,2,0,0,0,0,18,4,0,0,2,0,2,0,7,0,0,0,0,0,5,0,12,0,0,0
1217,7,4,1,0,1,2,0,0,0,6,d,4,s,0,2,0,2,0,7,9,0,0,d,0,5,0,12,16,11,0
1326,7,d,1,d,s,2,d,2,0,0,18,4,0,0,2,0,2,0,7,0,0,0,0,5,5,0,12,0,0,0
I603,7,4,1,6,1,2,0,0,0,0,18,4,0,0,2,0,2,0,0,2,0,0,0,0,5,0,s,0,0,0
I604,7,4,1,6,1,2,0,0,0,0,18,4,0,0,2,0,2,0,0,2,0,0,0,0,5,0,s,0,0,0
1418,d,4,1,6,1,2,8,0,0,0,18,4,d,d,2,0,2,1,0,2,d,0,0,d,5,0,s,0,0,0
1086,7,4,d,6,1,2,d,0,d,0,18,4,0,0,2,0,2,0,0,2,0,0,0,d,5,0,s,11,2,5
I607,7,4,1,6,1,2,0,0,0,0,18,4,0,0,2,0,2,0,0,2,0,0,0,0,5,0,s,0,0,0
1206,7,4,d,6,d,2,d,0,0,d,18,4,d,0,2,13,2,s,0,2,0,0,0,0,5,1,s,0,0,0
1178,d,4,1,6,1,2,0,0,d,0,s,4,0,0,2,24,d,d,0,2,0,0,0,0,5,0,s,0,0,10
I610,7,4,1,0,1,2,0,0,0,0,18,4,0,0,2,0,2,0,0,0,0,0,0,0,5,0,0,0,0,0
I611,7,4,1,0,1,2,0,0,0,0,18,4,0,0,2,0,2,0,0,0,0,0,0,5,5,1,0,0,0,0
I612,7,4,1,0,1,2,0,0,0,0,18,4,0,0,2,0,2,0,0,0,2,0,0,5,5,1,3,0,0,5
1642,7,4,1,0,1,2,d,0,0,d,18,4,0,42,2,6,d,0,0,0,d,0,0,d,d,1,3,0,11,5
1532,7,4,1,0,1,2,s,0,2,d,18,4,s,6,2,0,2,5,0,0,d,d,s,5,5,1,3,d,0,5
I619,7,4,1,0,1,2,0,0,0,0,18,4,0,0,2,0,2,0,0,0,0,0,0,5,5,1,0,0,0,0
I620,7,4,1,7,1,2,0,0,0,0,18,4,0,0,2,8,2,s,0,0,0,5,0,5,5,1,0,0,0,0
I621,7,4,1,7,1,2,0,0,0,0,18,4,0,0,2,8,2,s,0,0,0,5,0,5,5,1,0,3,0,0
1461,7,4,1,7,1,2,4,0,0,0,18,4,0,d,2,d,2,s,0,0,0,d,0,d,d,1,0,3,0,0
1460,d,4,1,d,1,2,d,0,d,0,18,4,0,0,s,8,2,s,0,0,0,5,0,5,5,1,0,3,0,d
1200,7,4,1,7,s,d,0,0,0,0,d,4,0,0,2,8,2,s,0,0,d,5,0,5,5,1,0,s,0,1
I623,7,4,1,0,1,2,0,0,0,0,18,4,0,0,2,0,2,0,0,0,0,0,0,5,5,1,0,s,0,0
1325,7,4,d,0,1,2,0,0,0,3,d,4,d,d,2,0,2,0,0,0,0,d,0,5,5,1,0,s,0,0
1399,7,s,1,0,1,2,8,0,0,0,s,4,0,0,2,0,2,0,0,d,2,d,d,5,5,1,0,s,0,1
I626,7,4,1,0,1,2,0,0,0,3,18,4,0,0,2,0,2,0,5,0,0,0,0,0,5,0,0,0,0,0
I627,7,4,1,0,1,2,0,0,0,3,18,4,1,0,2,0,2,0,5,0,0,0,0,0,5,0,0,0,0,11
I628,7,4,1,0,1,2,0,0,0,3,18,4,1,0,2,0,2,0,5,0,0,0,25,0,5,0,20,4,0,11
1185,7,4,d,0,1,d,0,7,0,d,18,4,1,0,2,0,d,0,5,0,2,0,25,d,5,0,20,4,0,11
1316,d,4,1,d,1,2,d,s,d,3,18,4,1,0,2,0,s,0,d,0,0,0,25,d,5,0,20,4,s,11
1385,7,4,s,0,1,2,s,2,d,3,18,4,1,0,2,0,2,0,5,0,0,0,0,5,5,1,d,16,0,d
I634,7,4,1,0,1,2,0,0,0,3,18,4,0,0,2,0,2,0,5,0,0,0,0,0,5,0,0,0,0,0
I635,7,4,1,0,1,2,0,0,0,3,18,4,0,0,2,0,2,0,5,0,0,0,0,0,5,0,1,0,0,0
1335,7,4,1,0,d,d,d,0,2,d,18,4,d,0,2,11,2,0,5,0,d,0,0,1,5,0,1,0,0,d
1484,7,4,1,0,1,2,0,0,0,3,18,4,d,0,2,0,2,0,5,0,0,0,0,0,5,0,1,0,0,d
1350,7,4,1,0,1,2,8,0,0,3,18,d,0,0,2,0,2,0,5,43,0,0,0,0,5,0,d,0,0,0
I641,7,4,1,17,0,2,0,0,0,0,18,4,0,0,2,24,2,0,0,0,0,3,0,0,5,0,0,0,0,0
I642,7,4,1,17,0,2,0,0,0,0,18,4,0,0,2,s,2,0,0,0,2,3,0,0,5,0,2,0,0,0
I643,7,4,1,17,0,2,4,0,0,0,18,4,0,0,2,s,2,5,0,0,2,3,0,0,5,1,2,0,0,0
I644,7,4,1,17,0,2,4,0,0,0,18,4,0,6,2,s,2,5,0,0,2,3,0,0,5,1,2,0,0,0
I645,7,4,1,17,0,2,4,0,0,0,18,4,0,6,2,s,2,5,0,0,2,3,0,0,5,1,2,0,0,1
I646,7,4,1,17,0,2,4,4,s,0,18,4,0,6,2,s,2,5,0,0,2,3,22,0,5,1,2,0,0,1
1882,7,d,s,17,0,2,4,4,s,0,18,d,0,6,2,s,2,5,0,0,2,3,22,0,5,1,2,0,0,1
1860,7,d,1,17,0,2,4,4,s,0,18,4,0,6,2,s,2,5,0,0,2,3,22,0,5,d,2,0,0,1
1558,7,4,1,17,d,2,4,7,2,3,18,4,1,d,2,s,2,5,0,0,2,d,11,d,d,1,2,d,0,1
I652,7,4,1,17,0,2,s,0,0,0,18,4,0,6,2,s,2,5,0,0,2,3,0,0,5,1,2,0,0,0
I653,7,4,1,17,0,2,s,0,0,0,18,4,0,6,2,s,2,5,0,0,2,3,0,0,5,1,2,0,0,0
1288,7,4,d,17,1,2,s,0,d,0,18,d,0,6,2,s,2,5,0,0,2,d,d,0,5,1,2,4,0,0
1519,7,s,1,17,1,2,s,2,s,0,18,d,0,6,2,s,2,5,d,0,2,3,0,0,d,1,2,0,0,0
I656,7,4,1,17,0,2,s,0,0,0,18,4,0,6,2,s,2,s,0,0,2,3,0,0,5,1,2,s,0,0
1637,7,d,1,17,0,2,s,0,0,0,18,4,d,6,2,s,2,s,0,0,2,3,0,0,d,1,2,s,0,0
1701,d,4,1,17,0,2,s,0,0,0,18,d,d,6,2,s,2,s,0,0,2,3,0,0,5,1,2,s,0,0
I659,7,4,1,17,0,2,4,7,0,0,18,4,0,0,2,s,2,5,0,0,2,3,0,0,5,1,2,0,0,0
I660,7,4,1,17,2,2,4,7,0,0,18,4,0,0,2,s,2,5,0,0,2,3,0,0,5,1,2,0,0,0
I661,7,4,1,17,2,2,4,7,0,0,18,4,0,0,2,s,2,5,0,0,2,3,0,0,5,1,2,0,0,0
I662,7,4,1,17,2,2,4,7,0,0,18,4,0,0,2,s,2,5,0,0,2,3,4,0,5,1,2,0,0,0
1229,7,4,1,17,2,2,4,7,0,0,d,4,d,0,s,s,2,5,0,0,2,3,4,0,5,1,2,d,0,0
1228,7,4,1,17,2,2,4,7,0,0,18,4,0,0,2,s,2,d,0,0,2,d,4,0,5,1,2,0,d,0
1221,7,s,1,17,2,2,4,7,d,0,18,4,d,0,2,s,2,5,d,0,2,3,0,0,5,1,2,4,0,0
I664,7,4,1,17,2,s,4,7,0,0,18,4,0,0,2,s,2,5,0,0,2,3,0,0,5,1,2,16,2,0
1470,7,4,d,d,d,s,d,7,0,0,18,4,0,0,2,s,2,s,0,d,s,3,0,0,5,1,2,16,2,0
I666,s,4,1,17,2,s,4,7,0,0,18,4,0,0,2,s,2,5,0,0,2,3,0,0,5,1,2,16,2,0
1403,s,4,1,17,2,s,4,7,0,0,18,4,d,0,2,s,2,5,14,0,d,3,0,d,5,1,2,16,2,1
1402,s,4,1,17,2,s,4,7,0,0,d,d,0,0,2,s,2,5,0,0,2,3,0,0,5,1,2,16,2,0
I667,7,4,1,17,0,2,4,s,0,0,18,4,0,0,2,s,2,5,0,0,2,3,0,0,5,1,2,0,0,0
I668,7,4,1,17,0,2,4,s,0,0,18,4,0,33,2,s,2,5,0,0,2,3,0,0,5,1,2,0,0,s
1560,7,4,1,17,0,d,4,s,s,0,d,4,0,33,2,s,d,5,0,0,s,d,0,0,5,1,2,0,d,s
1620,7,4,1,d,0,2,4,s,0,d,18,4,d,d,d,s,2,5,0,d,2,3,0,0,5,d,d,d,d,s
1630,7,4,1,17,d,2,4,s,0,0,18,4,7,17,s,s,2,5,d,0,2,3,d,d,5,1,2,0,8,0
I674,7,4,1,17,0,2,0,0,0,0,18,4,0,0,2,s,2,0,0,0,2,3,0,0,5,0,2,0,0,0
I675,7,4,1,17,0,s,0,0,0,0,18,4,0,0,2,s,2,3,0,34,2,3,11,5,5,0,2,0,0,0
I676,7,4,1,17,0,s,0,0,0,0,18,4,0,0,2,s,2,3,0,34,2,3,11,5,5,0,2,0,0,0
I678,7,4,1,17,1,s,0,0,0,0,18,4,8,0,2,s,2,3,0,34,2,3,11,5,5,0,2,0,14,0
1541,7,4,1,17,1,s,0,0,0,0,d,4,8,0,2,s,2,3,0,34,2,3,d,5,5,0,2,d,14,d
1540,7,4,1,17,1,s,0,d,d,0,d,4,8,0,2,s,2,3,4,34,2,3,11,d,d,0,2,d,14,0
I680,7,4,1,17,0,s,0,0,0,0,18,4,0,18,2,s,2,3,0,34,2,3,11,5,5,0,2,0,0,0
1297,7,4,1,17,0,s,0,0,0,0,18,4,0,18,d,s,d,3,0,34,d,3,d,5,5,0,2,0,0,d
1135,7,4,d,17,d,s,0,0,0,0,18,4,0,18,2,s,d,3,0,34,2,d,11,5,d,0,2,0,0,1
1855,7,4,s,17,0,s,0,d,0,7,18,d,9,4,s,s,2,3,0,34,2,3,11,s,5,d,2,2,0,0
I690,7,4,1,17,0,2,0,0,2,0,18,4,0,0,2,s,2,0,0,0,2,3,0,0,5,0,2,0,0,0
I691,7,4,1,17,0,2,0,7,2,0,18,4,0,0,2,s,2,0,0,24,s,3,0,0,5,0,2,0,0,0
I692,7,4,1,17,0,2,0,7,2,0,18,4,0,0,2,s,2,3,0,24,s,3,0,0,5,0,2,0,0,1
I693,7,4,1,17,0,2,0,7,2,0,18,4,0,0,2,s,2,3,0,24,s,3,0,0,5,1,2,0,0,1
1149,7,4,d,17,0,2,d,d,2,0,18,d,0,d,d,s,2,3,0,24,s,3,0,0,d,d,2,d,0,1
1148,7,4,1,17,0,2,0,7,d,d,18,4,0,0,d,s,2,3,0,24,s,3,d,0,5,1,2,0,d,1
1189,d,d,1,17,0,2,0,d,2,0,18,4,s,0,d,s,2,3,d,24,s,3,0,0,5,0,s,13,0,d
I695,7,4,1,17,0,2,0,7,2,0,18,4,0,0,2,s,2,0,0,24,s,3,0,0,5,0,2,0,0,0
I696,7,4,1,17,0,2,0,7,2,3,18,4,0,0,2,s,2,0,0,24,s,3,0,0,5,0,2,0,0,0
1463,7,4,1,17,0,2,0,d,2,3,18,4,0,d,2,s,2,0,0,24,s,3,0,0,5,0,2,0,d,0
1462,7,4,1,d,0,2,0,d,2,3,18,4,0,0,2,s,2,0,0,d,s,3,0,0,5,d,2,0,0,0
I697,7,4,1,17,0,2,0,7,2,8,18,4,0,0,2,s,2,4,0,24,s,3,0,0,5,0,2,0,3,0
1511,7,4,1,17,0,2,0,d,2,8,18,d,d,d,2,s,2,4,0,24,s,d,0,0,5,0,2,0,3,0
1510,7,4,1,d,0,2,0,7,d,8,18,4,d,0,2,s,2,4,0,24,s,3,d,0,d,d,2,d,3,0
I698,7,4,1,17,0,2,0,0,2,0,18,4,0,0,2,s,2,0,0,0,2,3,0,0,5,0,2,0,0,0
I699,7,4,1,17,0,2,0,7,2,0,18,4,0,0,2,s,2,0,0,13,2,3,0,0,5,0,2,0,0,0
I700,7,4,1,17,0,2,0,s,2,0,18,4,9,0,2,s,2,0,0,13,2,3,0,0,5,0,2,0,0,5
1357,7,4,1,17,0,2,d,s,2,0,18,4,9,0,d,s,d,d,0,13,d,3,d,0,5,d,2,0,0,5
1356,d,d,1,17,0,2,4,s,2,0,18,d,d,0,2,s,2,0,0,13,2,d,0,0,5,0,d,0,0,5
1275,s,4,1,17,0,2,0,7,d,0,18,d,0,0,2,s,2,0,4,13,d,3,d,0,5,0,2,0,0,d
I702,7,4,1,17,0,2,3,0,2,0,18,4,0,0,s,s,2,0,0,0,2,3,0,0,5,0,2,0,0,0
1306,7,s,1,17,0,2,3,0,2,0,18,d,0,0,s,s,d,7,0,0,d,3,0,0,5,0,d,0,0,d
I704,7,4,1,17,0,2,3,0,2,0,18,4,0,0,s,s,2,0,0,0,2,3,0,0,5,0,2,0,0,0
1271,7,4,1,17,d,2,3,d,2,0,18,4,0,0,s,s,2,0,0,0,2,3,d,0,5,0,2,0,0,11
1270,7,4,1,17,0,2,3,0,2,0,18,4,0,0,s,s,2,d,0,0,2,d,d,0,5,0,2,0,d,0
I705,7,4,1,17,3,2,0,0,0,0,18,4,0,0,2,24,2,0,0,0,0,3,0,0,5,0,0,0,0,0
I706,7,4,1,17,3,2,0,0,2,0,18,4,0,21,2,24,2,0,17,13,0,3,0,3,5,0,0,0,0,0
I707,7,4,1,17,3,2,0,0,2,0,18,s,0,21,2,24,2,0,17,13,0,3,0,3,5,1,0,0,0,1
I708,7,4,1,17,3,2,0,7,2,0,18,s,0,21,2,24,2,19,17,13,0,3,0,3,5,1,0,0,14,1
1232,7,4,d,17,3,2,0,7,2,0,18,s,d,21,2,24,2,19,d,13,0,3,0,3,5,d,d,0,14,d
I712,7,4,1,17,3,2,0,7,2,0,18,s,3,21,2,24,2,19,17,13,0,3,0,3,5,1,0,0,14,1
I713,7,4,1,17,3,2,0,7,2,0,18,s,3,21,2,24,2,19,17,13,0,3,0,3,5,1,0,0,14,1
1387,d,4,1,17,3,2,2,d,2,0,18,s,d,21,2,24,2,d,17,13,d,3,0,d,5,1,0,d,14,d
1386,7,4,1,17,d,2,0,7,2,0,18,s,d,21,2,24,2,19,17,d,0,3,9,3,5,1,d,0,14,1
I714,7,4,1,17,3,2,0,7,2,0,18,s,3,21,2,24,2,19,17,13,0,3,0,3,5,1,0,0,14,1
1673,7,4,1,17,d,2,0,7,d,0,18,s,3,21,2,24,2,19,17,13,0,d,0,3,s,d,0,0,14,1
1672,7,d,1,17,3,2,0,d,2,0,18,s,d,21,2,24,d,19,17,13,0,3,0,3,5,1,0,0,14,1
I715,7,4,1,17,3,2,0,0,2,0,18,s,0,21,2,24,2,0,17,13,0,3,0,3,5,1,0,0,0,1
I716,s,4,1,17,3,2,0,0,2,0,18,s,0,21,2,24,2,0,17,13,0,3,0,3,5,1,0,0,0,1
I717,s,4,1,17,3,2,0,2,s,0,18,s,0,21,2,24,2,0,17,13,0,3,0,3,5,1,0,0,11,1
1723,s,4,1,17,3,2,0,2,s,d,18,s,0,d,2,24,2,0,d,13,d,3,0,3,d,d,0,0,11,1
1722,s,4,1,17,3,2,0,2,s,0,18,s,0,21,2,24,2,0,17,13,d,3,0,3,5,1,0,0,11,1
I718,s,4,1,17,3,2,0,0,2,0,18,s,0,21,2,24,2,0,17,13,0,3,0,3,5,1,0,0,0,1
1817,s,4,1,17,3,2,0,0,2,d,18,s,0,21,2,24,2,0,17,d,0,3,0,3,5,1,0,0,0,1
1816,s,4,1,17,3,2,0,0,2,0,18,s,0,21,2,24,d,d,17,d,0,3,0,3,5,d,0,0,0,1
1831,7,4,d,17,3,2,d,0,d,0,18,s,0,21,d,24,2,0,17,13,0,3,d,3,d,1,0,0,0,1
I722,7,4,1,17,3,2,0,0,2,0,18,4,0,21,2,24,2,s,17,13,0,3,0,3,5,0,0,0,0,0
I723,7,4,1,17,3,2,0,0,2,0,18,4,0,21,2,24,s,s,17,13,0,3,0,3,5,0,0,0,3,0
1576,7,d,1,17,3,2,0,0,2,d,18,4,5,21,2,24,s,s,17,13,2,3,d,3,5,0,12,0,3,0
I727,7,4,1,17,3,2,0,0,2,0,18,4,0,21,2,24,s,s,17,13,2,3,0,3,5,0,0,0,3,0
1947,7,4,1,17,3,2,0,s,2,0,18,d,d,21,2,24,s,s,d,13,2,3,0,3,5,0,0,0,3,d
2034,7,4,1,17,3,2,9,0,2,0,18,4,0,21,2,24,s,s,17,13,2,3,15,3,d,s,0,d,3,0
I730,7,4,1,17,3,2,0,0,2,0,18,4,0,21,2,24,2,s,17,13,0,3,0,3,5,0,0,0,s,1
I731,7,4,1,17,3,2,0,0,2,0,18,4,8,21,2,24,2,s,17,13,0,3,0,3,5,0,0,0,s,1
1872,7,4,1,d,3,s,s,0,2,0,18,4,8,21,2,24,2,s,17,13,0,3,11,3,5,1,0,0,s,1
I733,7,4,1,17,3,2,0,0,2,0,18,4,8,21,2,24,2,s,17,13,0,3,0,3,5,0,0,0,s,1
2023,7,4,1,17,3,2,d,0,2,0,18,4,8,21,2,24,2,s,17,13,0,3,0,3,5,0,0,0,s,1
2022,7,4,1,17,3,2,0,0,2,0,18,4,8,21,d,24,d,s,17,d,0,3,0,3,5,0,0,0,s,1
I734,7,4,1,17,3,2,0,0,2,0,18,4,9,21,2,24,2,s,17,13,0,3,0,3,5,0,0,0,s,1
1989,7,4,1,17,3,2,0,0,2,0,d,4,9,21,2,24,d,s,17,13,0,3,0,3,d,0,0,0,s,d
2018,7,d,1,17,3,2,8,0,2,d,18,d,9,21,d,24,2,s,17,13,0,3,0,3,5,0,0,0,s,d
I737,7,4,1,17,3,2,0,0,0,0,18,4,8,0,2,24,2,1,8,0,0,3,0,5,5,0,0,0,0,s
I738,7,4,1,17,3,2,5,0,0,0,18,4,8,s,2,24,2,1,8,0,0,3,0,5,5,0,0,0,0,s
I739,7,4,1,17,3,2,5,0,0,0,18,4,8,s,2,24,2,1,8,0,0,3,0,5,5,0,0,0,0,s
1437,7,d,1,17,3,2,5,2,0,0,d,4,8,s,2,24,2,1,8,0,0,3,0,5,5,0,0,0,d,s
1366,7,4,1,17,3,2,5,0,0,0,18,4,8,s,2,24,d,1,8,0,0,3,d,5,s,0,2,0,d,s
I746,7,4,1,17,3,2,5,0,0,0,18,4,8,s,2,24,2,1,8,0,2,3,0,5,5,0,4,0,0,s
1497,7,4,1,17,3,2,5,0,0,3,18,d,d,s,d,24,2,1,8,0,2,3,0,5,5,0,d,d,9,s
1363,7,4,d,17,3,2,5,0,0,4,18,4,d,s,2,24,2,1,d,0,2,3,d,5,5,0,4,0,0,s
I753,7,4,1,17,3,2,0,s,0,0,18,4,8,s,2,24,2,1,8,0,0,3,4,5,5,0,0,0,0,s
I754,7,4,1,17,3,2,0,s,0,0,18,4,8,s,2,24,2,1,8,0,0,3,4,5,5,0,0,0,0,s
1170,7,4,1,17,d,2,d,s,0,d,18,4,8,s,2,24,2,1,d,0,0,d,4,5,5,0,0,0,0,s
I758,7,4,1,17,3,2,0,s,0,0,18,4,8,s,2,24,2,1,8,0,0,3,4,5,5,0,0,0,0,s
1204,7,4,1,17,3,2,0,s,0,0,18,4,8,s,2,s,2,1,8,d,0,3,4,5,5,0,d,0,8,s
I760,7,4,1,17,3,2,0,s,2,0,18,4,8,s,2,24,2,1,8,0,0,3,4,5,5,0,0,0,0,s
1235,7,4,1,17,3,2,0,s,2,0,d,s,8,s,s,24,2,1,8,d,0,3,4,5,5,0,0,d,d,s
1234,d,4,1,d,3,2,0,s,2,0,18,d,8,s,2,d,d,1,8,0,0,d,4,5,5,0,0,0,0,s
I761,7,4,1,17,3,2,0,s,0,0,18,4,8,s,2,24,2,1,8,s,0,3,4,5,5,0,0,0,0,s
I762,7,4,1,17,3,2,0,s,0,0,18,4,8,s,2,24,2,1,8,s,0,3,4,5,5,1,0,0,14,s
1139,7,4,1,17,3,s,0,s,0,0,18,4,8,s,2,d,s,1,8,s,0,3,4,5,5,1,0,d,14,s
1062,7,4,1,17,3,2,0,s,0,6,18,4,s,s,2,24,2,1,s,s,d,3,4,5,5,d,2,0,14,s
I765,7,4,1,17,3,2,0,s,0,0,18,4,8,s,2,24,2,1,8,s,0,3,4,5,5,0,0,0,0,s
I766,7,4,1,17,3,2,0,s,0,0,18,4,8,s,2,24,2,1,8,s,0,3,4,5,5,1,0,0,0,s
1131,d,4,1,17,3,s,0,s,0,0,d,4,8,s,2,24,2,d,8,s,0,3,d,5,5,1,0,0,0,s
1130,d,4,1,17,3,2,0,s,0,0,18,4,8,s,2,24,2,1,8,s,d,3,4,5,d,1,0,d,0,s
1280,7,4,1,17,3,2,d,s,0,0,18,4,8,s,d,d,2,1,8,s,2,3,4,5,5,0,1,0,0,s
I768,7,4,1,0,1,2,0,0,0,0,0,4,0,0,2,0,2,6,s,0,0,0,0,s,5,0,0,0,0,0
I769,7,4,1,17,1,2,0,0,0,s,0,4,0,0,2,12,s,6,s,34,0,4,10,s,5,0,0,0,0,0
I770,7,4,1,17,1,2,0,0,0,s,0,4,0,0,2,12,s,6,s,34,0,4,10,s,5,0,0,0,0,0
I771,7,4,1,17,1,2,0,0,0,s,0,4,0,0,2,12,s,6,s,34,0,4,10,s,5,0,0,0,0,0
I772,7,4,1,17,1,2,0,0,0,s,0,4,0,0,2,12,s,6,s,34,0,4,10,s,5,0,0,0,0,1
I773,7,4,1,17,1,2,0,0,0,s,0,4,0,0,2,12,s,6,s,34,0,4,10,s,5,0,0,0,19,1
I776,s,4,1,17,1,2,0,0,1,s,0,4,8,0,2,12,s,6,s,s,2,4,10,s,5,0,0,0,19,1
1955,s,4,1,d,1,d,d,0,1,s,0,4,8,0,2,12,s,6,s,s,2,4,10,s,5,0,0,0,19,d
1954,s,4,1,17,1,2,0,0,1,s,0,4,8,0,2,12,s,6,s,s,2,4,10,s,d,0,0,d,d,d
1224,7,4,1,17,1,2,4,0,2,s,0,4,0,0,2,12,s,6,s,34,0,4,10,s,d,0,0,0,19,1
I780,7,4,1,17,1,2,0,7,0,s,0,4,0,0,2,12,s,6,s,34,0,4,10,s,5,0,0,0,0,1
I781,7,4,1,17,1,2,0,7,0,s,0,4,s,0,2,12,s,6,s,34,0,4,10,s,5,0,0,0,0,1
I782,7,4,1,17,1,2,0,7,0,s,0,4,s,0,2,12,s,6,s,34,0,4,10,s,5,0,0,0,0,1
1431,7,4,1,17,1,2,0,d,0,s,d,4,s,0,2,12,s,6,s,34,0,4,d,s,5,0,0,0,0,1
1430,7,4,1,17,1,d,0,7,d,s,0,4,s,0,d,12,s,6,s,34,d,4,10,s,5,0,0,0,0,1
1360,7,4,1,17,1,2,5,d,0,s,0,4,s,0,2,12,s,6,s,34,0,4,d,s,5,0,0,4,0,1
1622,7,4,1,17,1,2,d,7,d,s,0,s,8,d,2,12,s,6,s,34,2,4,10,s,5,1,0,d,0,1
I787,7,4,1,17,1,2,0,0,0,s,0,4,0,42,2,12,s,6,s,34,0,4,10,s,5,0,0,0,0,0
I788,7,4,1,17,1,2,0,0,0,s,0,4,0,42,2,12,s,6,s,34,0,4,10,s,5,0,0,0,0,0
I789,7,4,1,17,1,2,0,0,0,s,0,4,0,42,2,12,s,6,s,s,0,4,10,s,5,0,0,0,0,0
I790,7,4,1,17,1,2,0,0,0,s,0,4,0,42,2,12,s,6,s,s,2,4,10,s,5,1,0,0,0,0
1999,7,4,1,17,1,2,0,d,0,s,0,d,0,42,d,12,s,6,s,s,2,4,d,s,5,1,0,0,0,0
1998,d,4,1,17,d,2,0,0,0,s,d,4,d,42,2,12,s,d,s,s,2,4,10,s,5,1,0,0,0,0
998,7,d,1,17,d,2,0,0,0,s,0,4,d,42,2,12,s,6,s,s,0,4,10,s,5,0,0,9,0,0
I791,7,4,1,17,1,2,0,0,0,s,43,4,0,42,2,12,s,6,s,34,0,4,10,s,5,1,0,0,0,0
I792,7,4,1,17,1,2,0,2,0,s,43,4,0,42,2,12,s,6,s,34,0,4,10,s,5,1,0,0,0,0
1721,7,d,d,17,d,2,0,d,0,s,43,4,0,42,2,12,s,d,s,34,d,4,10,s,5,d,d,d,0,0
1720,7,4,1,17,1,2,0,2,0,s,43,4,0,42,d,12,s,6,s,d,0,d,10,s,5,1,d,0,0,0
1916,7,4,d,17,d,2,0,d,0,s,d,4,0,42,2,12,s,6,s,34,0,4,10,s,5,1,0,13,0,0
1939,s,4,1,17,1,2,d,0,d,s,s,4,0,42,2,d,s,6,s,34,0,d,10,s,5,1,0,16,8,0
I799,7,4,1,17,1,2,3,0,0,s,7,4,0,0,2,12,s,6,s,34,0,4,10,s,5,0,0,0,0,0
I800,7,4,1,17,1,2,3,0,0,s,7,4,0,0,2,s,s,6,s,34,2,4,10,s,5,0,0,0,0,11
I801,7,4,1,17,1,2,3,0,0,s,7,4,0,0,2,s,s,6,s,34,2,4,10,s,5,0,0,0,0,11
I802,7,4,1,17,1,2,3,0,0,s,7,4,0,0,2,s,s,6,s,34,2,4,10,s,5,s,0,0,0,11
1845,7,4,1,17,1,2,3,0,0,s,7,4,0,0,2,s,s,6,s,34,2,4,10,s,5,s,0,16,0,11
1774,s,4,1,d,1,2,d,0,d,s,7,4,8,0,2,s,s,6,s,34,2,4,10,s,5,s,0,16,0,11
I805,7,4,1,17,1,2,3,0,0,s,7,s,0,0,2,s,s,6,s,34,2,4,10,s,5,0,0,0,0,11
1963,d,d,1,17,1,2,3,0,0,s,7,s,0,0,d,s,s,6,s,34,2,d,10,s,5,1,0,0,0,11
I807,7,4,1,17,1,2,3,0,0,s,7,s,0,0,2,s,s,6,s,34,2,4,10,s,5,0,0,0,0,11
1501,7,4,1,17,1,2,d,0,0,s,7,s,0,0,2,s,s,6,s,34,2,4,10,s,5,0,0,d,0,11
1500,7,4,d,17,d,d,3,0,d,s,7,s,d,0,2,s,s,6,s,34,2,d,10,s,5,s,0,d,0,11
I812,7,4,s,17,1,2,3,0,0,s,7,4,0,0,2,s,s,6,s,34,2,4,10,s,5,0,0,11,0,11
1925,d,d,s,17,1,2,3,0,0,s,7,4,0,0,2,s,s,d,s,34,2,4,10,s,d,s,0,s,0,11
I814,7,4,s,17,1,2,3,0,0,s,7,4,0,0,2,s,s,6,s,34,2,4,10,s,5,0,0,11,0,11
1993,7,d,s,d,1,2,3,0,0,s,7,d,0,0,2,s,s,6,s,34,2,4,10,s,d,0,d,11,0,11
1992,d,4,s,17,1,2,3,0,0,s,7,4,0,0,2,s,s,d,s,34,2,d,10,s,5,0,0,11,0,11
I815,7,4,1,17,1,2,3,0,0,s,7,4,0,0,2,12,s,6,s,34,0,4,10,s,5,0,0,0,0,0
I816,7,4,1,17,1,2,s,0,0,s,7,4,0,0,2,12,s,6,s,34,0,4,10,s,5,1,0,0,0,0
I817,7,4,1,17,1,2,s,0,0,s,7,4,8,0,2,12,s,6,s,34,0,4,10,s,5,1,0,0,0,9
1918,s,d,1,d,1,2,s,0,0,s,7,d,8,d,2,12,s,6,s,34,0,4,10,s,5,1,d,0,0,9
I819,7,4,1,17,1,2,s,0,0,s,7,4,8,0,2,12,s,6,s,34,0,4,10,s,5,1,0,0,0,9
2027,7,4,1,17,d,2,s,0,0,s,d,d,8,0,2,12,s,6,s,34,0,4,10,s,d,1,0,0,0,9
2026,7,4,1,17,1,2,s,0,d,s,7,4,8,0,2,12,s,6,s,34,0,4,10,s,5,d,0,0,0,9
I820,7,4,1,17,1,2,s,0,0,s,7,4,0,0,2,12,s,6,s,34,2,4,10,s,5,s,0,10,0,0
1966,7,4,1,17,1,2,s,d,0,s,7,4,d,0,d,12,s,6,s,34,2,4,10,s,5,s,0,10,0,0
I822,7,4,1,17,1,2,s,0,0,s,7,4,0,0,2,12,s,6,s,34,2,4,10,s,5,s,0,10,0,0
1851,7,4,1,17,1,2,s,0,0,s,7,4,0,0,2,12,s,d,s,34,2,4,10,s,d,s,0,10,d,d
1850,7,d,1,17,1,2,s,0,0,s,7,d,0,0,d,12,s,6,s,34,2,4,10,s,5,s,0,10,0,0
I823,7,4,1,17,1,2,3,0,0,s,7,4,0,0,2,12,s,6,s,34,0,4,10,s,5,0,0,0,0,11
I824,7,4,1,17,1,2,3,0,0,s,7,4,0,0,2,12,s,6,s,34,0,4,10,s,5,0,0,0,0,11
1458,7,4,1,17,1,2,d,0,d,s,d,4,d,0,2,12,s,6,s,34,0,4,d,s,5,0,d,0,d,11
1534,7,4,d,d,1,2,3,0,0,s,7,d,d,0,2,12,s,6,s,34,2,4,10,s,5,d,0,0,0,11
I827,7,4,1,17,1,2,3,0,0,s,7,4,0,0,2,12,s,6,s,34,0,4,10,s,5,0,0,3,0,11
1546,7,4,1,17,1,d,3,0,0,s,d,d,0,d,2,12,s,6,s,34,0,4,10,s,5,0,d,3,0,11
I829,7,4,1,17,1,2,3,0,0,s,7,4,0,0,2,12,s,6,s,34,0,4,10,s,5,0,0,3,2,11
1707,7,4,1,17,1,2,3,d,d,s,7,4,0,0,2,12,s,6,s,34,d,4,10,s,5,0,0,3,2,11
1706,7,4,1,17,1,2,d,0,0,s,7,4,0,0,2,d,s,6,s,34,0,4,10,s,5,2,0,3,2,11
I830,7,4,1,17,1,2,0,0,0,s,0,4,0,0,2,12,s,6,s,34,0,4,10,s,5,0,0,0,13,0
I831,7,4,1,17,1,2,0,0,0,s,0,4,0,0,2,12,s,6,s,34,0,4,10,s,5,0,0,0,13,0
I832,7,4,1,17,1,2,0,0,0,s,0,4,0,0,2,12,s,6,s,34,0,4,10,s,5,0,0,0,13,0
I833,7,4,1,17,1,2,3,0,0,s,0,4,0,0,2,12,s,6,s,34,0,4,10,s,5,0,0,0,13,0
1687,7,4,1,17,1,d,3,0,d,s,0,4,0,0,2,d,s,d,s,34,2,4,d,s,d,0,0,0,13,d
I837,7,4,1,17,1,2,3,0,0,s,0,4,9,0,2,12,s,s,s,34,0,4,10,s,5,0,0,0,13,6
I838,7,4,1,17,1,2,3,0,0,s,0,4,9,0,2,12,s,s,s,34,0,4,10,s,5,0,0,0,13,6
1731,d,4,d,17,1,2,3,d,0,s,0,4,9,0,2,12,s,s,s,34,0,d,10,s,d,0,0,d,13,d
1730,7,4,1,d,1,2,3,0,0,s,0,4,9,0,2,12,s,s,s,34,0,4,d,s,5,0,0,0,d,6
1679,7,4,1,17,1,2,3,d,d,s,0,4,9,1,2,12,s,s,s,d,0,4,10,s,d,d,0,0,13,6
I840,7,4,1,17,1,2,0,s,0,s,0,4,0,0,2,12,s,6,s,34,2,4,10,s,5,0,0,0,13,0
I841,7,4,1,17,1,2,0,s,0,s,0,4,0,0,2,12,s,6,s,34,2,4,10,s,5,1,31,0,13,0
1677,d,4,1,17,1,d,0,s,0,s,0,d,0,0,2,s,s,6,s,34,d,4,10,s,5,1,31,0,13,0
I843,7,4,1,17,1,2,0,s,0,s,2,4,0,23,2,12,s,6,s,s,2,4,10,s,5,1,31,0,13,1
1753,7,4,1,17,1,2,0,s,0,s,2,4,0,23,2,12,s,6,s,s,2,4,10,s,5,1,31,0,13,1
1752,7,4,1,17,1,2,0,s,0,s,2,4,0,23,2,12,s,6,s,s,d,4,10,s,5,1,31,0,d,1
I844,7,4,1,17,1,2,0,s,0,s,0,4,0,17,2,12,s,6,s,34,s,4,10,s,5,0,0,0,13,0
1614,7,4,1,17,1,2,8,s,0,s,0,4,d,17,2,12,s,6,s,34,s,4,10,s,5,0,0,0,13,d
I846,7,4,1,17,1,2,0,s,0,s,0,4,0,17,2,12,s,6,s,34,s,4,10,s,5,0,0,0,13,0
1681,7,4,1,17,1,2,0,s,0,s,0,4,0,17,2,12,s,s,s,d,s,4,10,s,5,d,0,0,13,0
1680,7,4,d,17,1,d,6,s,0,s,0,4,0,17,2,12,s,6,s,34,s,4,10,s,5,0,0,0,13,0
I847,7,4,1,17,1,2,0,0,0,s,0,4,0,12,2,12,s,6,s,34,0,4,10,s,5,0,0,16,13,0
I848,7,4,1,17,1,s,0,0,0,s,0,4,0,12,2,12,s,6,s,34,0,4,10,s,5,0,0,16,13,0
1776,7,4,d,17,d,s,0,d,0,s,0,4,0,d,2,12,s,6,s,s,0,4,10,s,5,0,0,16,13,0
I852,7,4,1,17,1,s,0,0,0,s,0,4,0,12,2,12,s,6,s,34,0,4,10,s,5,0,0,16,13,0
I853,7,4,1,17,1,s,0,0,0,s,0,4,0,12,2,12,s,6,s,34,0,4,10,s,5,0,0,16,13,0
1345,7,4,1,17,1,s,0,0,0,s,0,d,0,12,d,12,s,6,s,d,0,4,10,s,5,d,0,16,13,0
1344,7,d,1,17,1,s,0,d,0,s,0,4,d,12,2,12,s,6,s,34,0,d,10,s,5,0,0,16,13,0
1569,7,4,d,17,1,s,0,0,0,s,d,4,0,12,2,12,s,6,s,34,0,4,10,s,5,0,0,16,13,0
I859,7,4,1,17,1,2,0,7,0,s,0,4,0,12,2,12,s,6,s,34,0,s,10,s,5,0,0,16,13,0
1756,d,4,1,17,1,2,0,7,0,s,0,4,0,12,2,12,s,6,s,d,0,s,d,s,5,s,0,16,d,0
I861,7,4,1,17,1,2,0,7,0,s,0,4,0,12,2,12,s,6,s,34,0,s,10,s,5,0,0,16,13,1
1571,7,4,1,17,1,2,0,7,2,s,0,4,d,12,2,12,s,6,s,34,0,s,d,s,5,0,0,16,13,1
1570,7,4,d,17,d,2,0,7,0,s,0,4,0,12,2,12,s,6,s,d,0,s,10,s,d,0,0,16,13,1
I862,7,4,1,17,1,2,0,0,0,s,12,4,0,0,2,12,s,6,s,34,0,4,10,s,5,0,0,0,13,0
I863,7,4,1,17,1,2,0,2,0,s,12,4,0,0,2,12,s,6,s,34,0,4,10,s,5,0,0,16,13,0
I864,7,4,1,17,1,2,0,2,0,s,12,4,0,0,2,12,s,6,s,34,0,4,10,s,5,0,0,16,13,s
I866,7,4,1,17,1,2,0,2,0,s,12,4,0,0,2,12,s,6,s,34,0,4,10,s,5,0,0,16,13,s
1245,7,4,1,17,1,2,0,2,d,s,12,4,0,0,2,12,s,6,s,34,0,4,10,s,5,0,0,16,13,s
1244,7,4,1,17,1,2,0,2,d,s,12,d,0,0,2,12,s,6,s,34,2,4,10,s,5,0,0,16,13,s
1123,d,4,1,d,1,d,11,2,s,s,12,d,0,0,2,d,s,6,s,34,d,4,10,s,5,0,0,16,13,s
I874,7,4,1,17,1,2,0,2,0,s,12,4,0,0,2,12,s,6,s,34,0,4,10,s,5,0,25,16,13,0
1553,7,d,1,17,1,2,0,2,0,s,12,4,0,0,2,12,s,6,s,34,0,4,10,s,5,0,25,16,13,0
1552,7,4,1,17,1,2,0,2,0,s,12,d,0,0,2,12,s,6,s,34,0,d,10,s,5,1,25,16,13,0
I878,7,4,1,17,1,2,0,0,0,s,12,4,0,0,2,12,s,6,s,34,0,4,10,s,5,0,0,0,13,0
I879,7,4,1,17,1,2,3,0,0,s,12,4,0,0,2,12,s,6,s,s,0,4,10,s,5,0,0,0,13,0
I882,7,4,1,17,1,2,3,0,0,s,12,4,0,0,2,12,s,6,s,s,0,4,10,s,s,0,3,0,13,0
1739,7,4,1,d,d,2,3,0,0,s,12,4,0,0,2,12,s,6,s,s,0,4,10,s,s,d,3,0,13,0
1738,7,4,1,d,1,2,3,0,0,s,12,4,0,0,2,12,s,6,s,s,0,4,10,s,s,0,3,0,13,0
I883,7,4,1,17,1,2,3,2,0,s,12,4,0,0,2,12,s,6,s,s,0,4,10,s,5,0,0,0,13,0
I884,7,4,1,17,1,2,3,2,0,s,12,4,0,0,2,12,s,6,s,s,0,4,10,s,5,0,0,0,13,10
1847,7,4,1,17,1,2,3,2,0,s,12,4,0,0,2,12,s,6,s,s,0,d,10,s,5,1,0,0,13,10
1846,7,4,1,17,1,2,3,2,0,s,12,4,0,d,2,12,s,6,s,s,0,4,d,s,5,0,0,0,d,10
1922,7,4,d,17,1,2,3,d,0,s,12,4,d,0,2,12,s,6,s,s,0,4,10,s,5,d,d,0,13,0
I886,7,4,1,17,1,2,0,0,0,s,12,4,0,0,2,12,s,6,s,34,0,4,10,s,5,0,0,0,13,1
I887,7,4,1,17,1,2,0,0,0,s,12,4,0,0,2,12,s,6,s,34,0,4,10,s,5,0,0,0,13,1
I888,7,4,1,17,1,2,3,8,0,s,12,4,0,0,2,12,s,6,s,34,2,4,10,s,5,0,0,0,13,1
1597,d,4,1,17,1,d,3,8,0,s,12,4,d,0,2,12,s,6,s,34,2,4,10,s,5,0,d,0,13,1
1596,7,4,1,d,1,2,3,8,0,s,12,d,0,0,2,12,s,6,s,34,2,4,10,s,5,0,0,d,13,1
1432,7,4,1,17,d,2,d,d,0,s,12,d,0,0,2,12,s,6,s,34,0,4,10,s,5,1,25,16,13,d
I890,7,4,1,17,1,2,0,0,0,s,12,4,0,0,2,12,s,6,s,34,2,4,10,s,5,0,0,s,13,1
1869,7,4,1,17,d,2,0,0,0,s,12,d,d,d,d,12,s,6,s,34,2,4,10,s,s,0,d,s,d,1
1826,7,4,1,17,1,2,0,2,0,s,12,d,0,0,2,12,s,6,s,34,2,d,10,s,5,0,d,s,13,1
I893,7,4,1,0,1,2,0,7,0,0,0,4,0,0,2,19,2,6,s,0,0,0,0,s,5,0,0,0,0,0
I894,7,4,1,0,1,2,0,7,2,0,0,4,0,0,2,s,2,6,s,0,0,0,0,s,5,0,0,0,0,0
I895,7,4,1,6,1,2,0,7,2,0,0,4,0,0,2,s,2,6,s,0,0,0,0,s,5,0,0,0,0,0
I896,7,4,1,6,1,2,5,7,2,3,0,4,0,0,2,s,2,6,s,0,0,0,0,s,5,0,0,0,0,0
I897,7,s,1,6,1,2,5,7,2,3,0,4,0,0,2,s,2,6,s,0,0,0,0,s,5,0,0,s,0,0
I898,7,s,1,6,1,2,5,7,2,3,0,4,0,0,2,s,2,6,s,0,0,0,0,s,5,0,0,s,0,0
1439,7,s,1,d,1,2,5,7,d,3,0,4,0,0,d,s,2,6,s,0,0,0,0,s,d,0,0,s,0,0
1226,7,s,1,d,1,2,5,7,2,3,s,4,7,d,2,s,2,d,s,0,0,3,0,s,5,0,0,s,0,0
I903,7,s,1,6,1,2,5,7,2,3,0,4,0,0,2,s,2,6,s,34,0,0,0,s,5,1,0,s,9,12
1329,d,s,d,6,d,2,5,d,2,d,s,d,d,15,2,s,2,6,s,34,0,0,s,s,d,1,0,s,9,12
1328,7,s,1,6,1,d,5,d,2,3,0,4,0,0,2,s,2,6,s,34,0,0,0,s,d,1,0,s,9,12
I904,7,4,1,6,1,s,5,7,2,3,0,4,0,21,2,s,2,6,s,0,0,0,0,s,5,0,0,0,0,0
I906,7,4,1,6,1,s,5,7,2,3,0,4,0,21,2,s,2,s,s,0,0,0,0,s,s,0,0,0,2,0
1397,d,4,d,6,1,s,5,7,2,3,0,4,0,21,2,s,2,s,s,0,0,0,0,s,s,0,0,0,2,d
1396,7,4,1,6,1,s,d,7,2,3,0,s,0,21,2,s,2,s,s,0,d,0,d,s,s,0,0,0,2,0
1737,d,4,1,6,1,s,5,7,2,3,1,4,0,21,d,s,2,6,s,34,0,3,0,s,5,0,d,0,0,0
I911,7,4,1,6,1,2,0,7,2,0,0,4,0,0,2,s,2,6,s,0,0,3,0,s,5,0,0,4,s,0
I912,7,4,1,6,1,s,0,7,2,0,0,s,0,0,2,s,2,6,s,0,0,3,0,s,5,0,0,4,s,3
1692,7,s,1,d,1,s,4,7,2,0,0,s,0,0,2,s,2,6,s,0,2,s,0,s,5,5,d,4,s,3
I916,7,4,1,6,1,s,0,7,2,0,0,s,0,0,2,s,2,6,s,0,0,3,0,s,5,0,0,4,s,3
1657,7,d,1,6,1,s,0,7,d,d,0,s,0,1,s,s,2,6,s,43,0,3,0,s,5,d,0,s,s,3
1556,7,4,1,6,1,s,0,7,2,0,0,s,8,0,2,s,2,6,s,0,0,3,15,s,d,d,0,4,s,3
I919,7,4,1,6,1,2,0,7,2,0,0,4,1,0,2,s,2,6,s,0,0,3,0,s,5,0,0,4,s,0
I921,7,4,1,6,1,2,0,7,2,0,0,4,1,0,2,s,2,6,s,0,0,3,0,s,5,0,19,4,s,0
1277,7,4,1,6,d,2,0,7,2,0,0,d,1,d,2,s,2,6,s,d,d,3,0,s,5,0,19,4,s,0
1276,7,4,1,6,1,2,0,7,2,0,45,4,1,0,2,s,2,6,s,0,0,3,0,s,5,0,19,d,s,d
1802,7,4,1,6,1,2,0,7,2,3,0,4,1,0,d,s,d,s,s,38,0,3,s,s,5,0,0,4,s,d
I926,7,4,1,3,1,2,3,s,2,0,0,4,0,0,2,s,2,6,s,33,s,0,0,s,5,0,0,0,0,0
I927,7,4,1,3,1,2,3,s,2,0,0,4,0,0,2,s,2,6,s,33,s,0,0,s,5,0,0,0,0,0
I928,7,4,1,3,1,2,3,s,2,0,0,4,0,0,2,s,2,6,s,33,s,0,0,s,5,0,0,4,0,0
1842,7,4,1,3,1,s,3,s,2,0,37,4,8,d,2,s,2,6,s,33,s,d,0,s,5,d,0,4,0,0
1849,7,4,d,3,1,2,3,s,2,0,6,4,0,0,2,s,2,6,s,33,s,0,0,s,5,0,d,4,19,0
I935,7,4,1,3,1,2,3,s,2,0,0,4,0,16,2,s,2,6,s,33,s,0,0,s,5,0,0,0,0,0
1990,7,4,1,3,1,s,d,s,2,0,0,4,d,16,2,s,2,6,s,33,s,0,0,s,d,0,d,0,0,0
1957,d,d,1,d,1,2,3,s,2,3,0,4,0,d,d,s,2,6,s,d,s,0,d,s,d,0,31,13,0,d
I942,7,4,1,3,1,2,3,s,2,0,0,4,0,0,2,s,2,6,s,33,s,0,0,s,5,0,0,0,0,0
I943,7,4,1,3,1,2,3,s,2,0,0,4,0,14,2,s,2,6,s,33,s,0,0,s,5,0,0,0,0,0
1912,7,s,1,3,1,s,3,s,2,0,0,4,8,14,2,s,2,6,s,33,s,0,0,s,d,0,0,0,0,0
I947,7,4,1,3,1,2,3,s,2,0,0,4,0,14,2,s,2,6,s,33,s,0,0,s,5,0,0,0,0,0
1644,d,4,1,3,1,2,3,s,2,0,d,4,0,14,2,s,2,d,s,33,s,0,0,s,5,0,0,9,0,0
1617,7,4,1,3,1,d,3,s,2,0,d,d,0,s,2,s,2,6,s,33,s,d,d,s,5,d,0,0,0,0
I950,7,4,1,3,1,2,3,s,2,0,0,4,0,0,2,s,2,6,s,33,s,3,0,s,5,0,0,0,0,0
1928,7,4,1,3,1,2,d,s,2,6,0,d,0,0,2,s,2,6,s,33,s,d,d,s,5,d,0,0,s,0
I956,s,4,1,3,1,s,3,s,2,0,0,4,0,18,2,s,2,6,s,33,s,3,0,s,5,1,0,15,0,1
1863,s,4,1,3,1,s,3,s,2,0,d,4,d,18,2,s,2,6,s,33,s,3,0,s,5,1,0,15,0,1
1862,s,4,1,3,1,s,3,s,2,0,0,4,0,18,2,s,2,6,s,33,s,3,d,s,5,1,0,d,0,d
I957,7,4,1,0,1,2,0,7,2,0,0,4,0,0,2,19,2,6,s,0,0,0,0,s,5,3,0,0,0,0
I958,7,4,1,0,1,2,0,7,2,0,0,4,0,0,2,19,2,6,s,0,0,0,0,s,5,3,0,0,0,0
I959,7,4,1,0,1,2,0,7,2,0,0,4,0,0,2,19,2,s,s,0,0,0,0,s,5,3,0,0,0,0
I960,7,4,1,0,1,2,0,7,2,0,0,4,0,0,2,19,2,s,s,0,0,0,0,s,5,3,0,0,0,0
1212,7,d,1,0,1,2,0,7,2,3,0,4,0,0,2,d,2,s,s,34,0,0,0,s,5,3,46,0,8,0
1060,7,4,1,0,1,2,d,7,2,0,0,d,0,d,2,19,2,s,s,0,s,4,0,s,5,3,19,0,d,d
I967,7,4,1,0,1,2,0,7,2,0,34,4,0,0,2,19,2,s,s,0,0,0,0,s,5,3,0,0,s,0
1580,7,4,d,d,1,d,0,7,2,0,34,4,8,0,2,19,2,s,s,d,0,0,0,s,5,3,0,d,s,0
1315,d,d,1,0,1,2,0,d,2,d,34,4,0,d,2,19,2,s,s,0,2,0,0,s,d,3,0,d,s,0
I974,7,4,1,0,1,2,0,7,2,0,37,4,0,0,2,19,2,6,s,0,0,0,0,s,5,3,0,0,0,0
I975,7,4,1,0,1,2,0,7,2,0,37,4,0,0,2,19,2,6,s,0,0,0,0,s,5,3,0,0,0,0
I976,7,4,1,0,1,2,0,7,2,0,37,4,0,0,2,19,2,6,s,0,0,0,16,s,5,3,0,0,19,1
1308,7,4,1,0,s,2,0,7,2,3,37,d,0,0,2,19,2,6,s,0,0,0,16,s,d,3,0,0,19,1
1613,7,4,1,0,1,2,0,d,2,0,d,4,0,0,2,19,2,6,s,4,0,0,16,s,5,3,0,3,19,1
I979,7,4,s,0,1,2,0,7,2,0,37,4,0,0,2,19,2,6,s,0,0,0,15,s,5,3,0,0,0,0
1512,7,4,s,0,1,2,0,7,d,0,37,4,d,0,d,19,2,6,s,d,s,0,15,s,5,3,0,0,0,0
I981,7,4,s,0,1,2,0,7,2,0,s,4,0,0,2,19,2,6,s,0,0,0,15,s,5,3,0,0,0,5
1703,7,4,s,d,1,2,0,7,2,0,s,4,0,0,d,d,2,d,s,0,0,0,15,s,5,3,0,0,0,5
1702,7,4,s,3,1,2,0,7,2,0,s,4,0,0,2,19,d,6,s,0,0,0,d,s,5,3,0,3,0,5
I982,7,4,1,0,1,2,0,7,2,0,37,4,0,0,2,19,2,6,s,0,2,0,0,s,5,3,0,3,0,0
I983,7,4,1,0,1,2,0,7,2,3,37,4,8,0,2,19,2,6,s,0,2,0,0,s,5,3,0,3,0,0
I984,7,4,1,0,1,2,0,7,2,3,37,4,8,1,2,19,2,6,s,0,2,0,0,s,5,3,0,3,0,0
1729,7,4,1,0,1,2,d,7,2,3,37,4,8,1,2,19,2,6,s,0,d,s,0,s,5,3,0,3,0,d
1728,7,4,d,0,1,2,0,7,2,3,37,s,8,d,2,d,2,6,s,d,2,0,d,s,5,3,0,3,0,0
I985,7,4,1,s,1,2,0,7,2,3,37,4,8,17,2,19,2,6,s,0,2,0,0,s,5,3,0,3,0,0
1633,7,4,d,s,1,d,0,7,2,3,37,4,8,17,2,19,2,6,s,0,2,0,0,s,5,3,0,d,0,0
1632,7,d,1,s,1,2,0,7,d,3,d,4,8,17,2,19,2,d,s,d,2,0,d,s,5,d,d,3,0,0
I986,7,4,1,0,s,2,0,7,2,0,37,4,0,0,2,19,2,6,s,0,2,0,0,s,5,3,0,s,0,0
I987,7,4,1,0,s,2,0,7,2,0,37,4,8,3,2,19,2,s,s,32,2,0,0,s,5,3,0,s,0,0
1259,7,4,1,d,s,2,d,7,2,0,37,4,8,3,2,d,2,s,s,32,2,0,0,s,5,3,0,s,0,0
1258,7,4,1,0,s,2,0,7,2,0,37,d,8,3,d,19,2,s,s,d,2,0,0,s,5,d,0,s,0,0
1591,d,4,1,0,s,d,0,7,2,3,37,4,d,0,2,19,2,d,s,0,2,0,0,s,5,3,d,s,d,0
I989,7,4,1,0,1,2,0,7,2,0,0,4,0,0,s,19,2,6,s,0,0,0,0,s,5,3,0,0,0,0
I990,7,4,1,0,1,2,0,7,2,0,0,4,0,0,s,19,2,6,s,0,0,0,0,s,5,3,0,0,0,0
I991,7,4,1,0,1,2,0,7,2,0,0,4,0,0,s,19,2,6,s,0,0,0,0,s,5,3,0,13,0,0
1312,7,d,1,0,1,2,0,7,2,0,1,4,d,0,s,19,2,s,s,43,0,0,s,s,5,3,d,d,s,0
I995,7,4,1,0,1,2,0,7,2,0,1,4,0,0,s,19,2,6,s,0,0,0,0,s,5,3,0,13,0,0
1509,7,4,1,s,1,2,0,7,2,3,1,4,0,0,s,d,2,d,s,d,0,0,0,s,d,3,0,13,2,0
I997,7,4,1,0,1,2,0,7,2,0,1,4,0,0,s,19,2,6,s,0,0,0,s,s,5,3,0,13,0,0
1395,7,4,d,0,1,2,0,7,2,0,1,4,0,d,s,19,2,6,s,0,0,6,s,s,5,3,0,13,0,0
1394,7,4,1,0,1,d,0,7,2,0,1,4,0,24,s,19,2,d,s,0,0,6,s,s,5,3,d,13,d,0
I998,7,4,1,s,1,2,0,7,2,0,0,4,8,0,s,19,2,6,s,0,0,0,0,s,5,3,0,0,14,0
I999,7,4,1,s,1,2,0,7,2,0,0,4,8,0,s,19,2,6,s,0,2,0,0,s,5,3,0,0,14,0
I1000,7,4,1,s,1,2,0,7,2,0,0,4,8,0,s,19,2,6,s,0,2,0,11,s,5,3,0,0,14,0
I1001,7,4,1,s,1,2,0,7,2,0,16,4,8,0,s,19,2,6,s,0,2,3,11,s,5,3,0,0,14,0
2015,7,d,1,s,1,2,0,7,2,0,16,4,8,0,s,19,2,6,s,0,2,d,11,s,5,3,0,0,14,0
2014,7,4,1,s,1,2,0,7,d,0,16,4,8,0,s,19,2,6,s,d,d,3,11,s,5,3,d,0,14,0
1032,7,4,d,s,1,2,0,7,2,0,0,4,8,0,s,19,2,6,s,0,2,d,11,s,5,3,0,0,14,0
1026,7,4,1,s,1,2,0,7,2,0,0,4,8,0,s,19,2,6,s,0,2,3,0,s,5,3,0,0,14,s
2004,7,4,1,s,1,2,d,7,2,0,26,4,8,0,s,19,2,6,s,0,2,0,0,s,5,3,3,3,d,0
I1009,7,4,1,0,1,2,0,7,2,0,0,4,0,0,s,s,2,6,s,0,0,0,0,s,5,3,3,0,0,0
I1010,7,4,1,0,1,2,0,7,2,0,0,4,0,0,s,s,2,6,s,0,0,0,0,s,5,3,3,0,0,0
1304,7,4,1,7,1,2,3,7,2,0,0,4,0,0,s,s,2,6,s,0,0,5,d,s,5,3,3,0,3,0
I1016,7,4,1,0,1,2,0,7,2,0,0,4,0,22,s,s,2,6,s,0,2,3,0,s,5,3,3,0,s,0
1163,7,4,d,0,1,2,0,d,2,0,0,4,0,22,s,s,2,6,s,0,2,3,0,s,d,3,3,0,s,0
1162,7,4,d,0,1,2,0,7,2,0,0,4,0,22,s,s,2,6,s,0,2,3,0,s,5,3,3,0,s,0
I1017,7,4,1,0,1,2,0,7,2,0,0,4,8,0,s,s,2,6,s,0,0,0,0,s,5,3,3,0,0,0
1442,7,4,1,0,1,2,0,7,2,0,0,d,8,0,s,s,2,6,s,0,0,0,7,s,5,3,3,s,0,0
I1021,7,4,1,0,1,2,0,7,2,0,0,4,8,0,s,s,2,6,s,0,0,0,0,s,5,3,3,3,0,0
1096,d,4,d,d,1,2,0,7,2,0,0,4,s,0,s,s,d,6,s,0,0,0,0,s,5,3,3,3,0,1
I1023,7,4,1,0,1,2,0,7,2,3,0,4,8,0,s,s,2,6,s,0,0,0,0,s,5,3,3,3,0,0
1337,7,4,1,0,1,2,11,7,2,3,0,4,d,0,s,s,2,6,s,0,0,0,0,s,5,3,3,s,0,0
1336,7,4,1,d,1,2,0,7,2,3,d,4,8,4,s,s,2,d,s,0,0,d,0,s,5,3,3,3,0,0
