cell,r1,r2,r3,r4,r5,r6,r7,r8,r9,r10,r11,r12,r13,r14,r15,r16,r17,r18,r19,r20,r21,r22,r23,r24,r25,r26,r27,r28,r29,r30
I1,0,0,0,0,0,0,0,0,0,0,0,4,0,0,0,0,0,3,0,0,0,0,0,0,0,0,0,0,0,0
I2,s,0,0,18,3,0,0,0,0,0,0,4,0,2,0,0,2,3,0,0,8,0,0,0,0,0,0,0,s,0
I3,s,0,0,18,3,0,0,s,0,0,0,4,3,2,0,0,2,3,0,0,8,0,0,0,0,0,0,0,s,0
I4,s,0,0,18,3,0,0,s,0,0,0,4,3,2,0,0,2,3,0,0,8,0,0,0,0,0,0,0,s,0
I5,s,0,0,18,3,0,0,s,0,0,0,4,3,2,0,0,2,3,0,0,8,0,0,0,0,0,0,0,s,0
I6,s,0,0,18,3,0,0,s,0,0,0,4,3,2,0,0,2,3,0,0,8,0,0,0,0,0,0,0,s,0
I7,s,0,0,18,3,0,0,s,0,0,0,4,3,2,0,0,2,3,11,0,8,0,0,0,0,0,0,0,s,0
I8,s,0,0,18,3,0,0,s,0,0,0,4,3,2,0,0,2,3,11,20,8,0,0,0,0,s,0,0,s,0
I9,s,0,4,18,3,0,0,s,0,0,0,4,3,2,0,2,2,3,11,20,8,0,0,0,0,s,0,0,s,0
1506,s,0,4,18,3,0,d,s,0,0,0,4,3,2,0,2,2,3,11,20,8,d,d,0,d,s,0,0,s,0
1981,s,0,4,18,3,0,0,s,0,d,0,4,d,d,0,2,s,3,11,20,8,0,0,0,0,s,0,0,s,0
I12,s,0,0,18,3,0,0,s,0,0,0,4,3,2,0,0,2,3,11,20,8,0,0,0,0,s,0,0,s,0
1424,s,d,0,18,3,0,s,s,0,0,0,4,3,2,d,0,2,d,11,20,8,0,0,0,0,s,0,d,s,d
1626,s,0,0,18,3,0,0,s,0,0,d,4,3,2,0,0,2,3,11,20,8,0,0,0,0,s,0,0,s,d
I15,s,0,0,18,3,0,s,s,0,0,0,4,3,2,0,0,2,3,11,0,8,0,16,0,1,0,0,9,s,0
1420,s,d,0,18,3,0,s,s,3,d,0,4,3,d,28,0,2,3,s,0,8,0,16,0,1,0,0,d,s,0
I20,s,1,4,18,3,0,s,s,0,1,0,4,3,2,0,0,2,3,11,0,8,0,16,18,1,0,0,9,s,0
1283,s,d,d,18,3,0,s,s,0,1,0,4,3,2,0,0,2,3,11,0,8,0,d,18,1,0,0,9,s,0
1282,s,d,4,18,3,0,s,s,0,1,d,4,3,d,0,0,2,d,11,0,8,0,16,18,1,29,0,9,s,0
I22,s,0,0,18,3,0,0,s,0,0,0,4,3,2,0,0,2,3,0,2,8,0,0,0,0,0,0,0,s,0
1607,s,10,d,18,3,4,0,s,0,0,0,4,3,s,d,0,2,3,11,2,8,0,0,0,0,d,d,d,s,0
I31,s,0,0,18,3,0,0,s,0,0,0,4,3,2,0,0,2,3,9,2,8,0,0,0,0,5,1,0,s,0
1521,s,s,0,18,3,0,12,s,0,0,d,d,3,2,0,0,2,3,d,2,8,0,0,0,12,5,1,0,s,0
1504,s,0,4,18,3,4,d,s,0,4,0,4,d,2,0,0,2,3,9,2,8,0,3,0,0,5,1,0,s,0
I37,s,0,0,18,3,4,0,s,0,0,0,4,3,2,0,0,2,3,0,s,8,0,0,0,0,0,0,0,s,0
I38,s,0,4,18,3,4,0,s,0,0,0,4,3,2,0,0,2,3,0,s,8,30,0,4,0,0,0,0,s,0
I39,s,0,4,18,3,4,0,s,0,0,0,4,3,2,0,2,2,3,0,s,8,30,0,4,0,0,0,0,s,0
I40,s,0,4,18,3,4,0,s,0,0,6,4,3,2,0,2,2,3,0,s,8,30,0,4,0,0,s,0,s,0
1303,s,0,4,18,3,4,d,s,0,0,6,d,3,d,d,2,2,3,0,s,d,30,7,4,15,0,s,0,s,0
I42,s,0,4,18,3,4,0,s,0,0,6,4,3,2,4,2,2,3,0,s,8,30,0,4,0,0,s,0,s,0
1523,s,0,4,18,3,4,0,s,0,d,6,4,3,2,4,d,2,d,0,s,8,d,0,4,0,0,s,0,s,0
1522,s,0,4,18,3,4,0,s,d,0,6,4,3,2,4,d,d,d,0,s,8,30,0,4,0,d,s,0,s,0
I43,s,0,4,18,3,4,0,s,0,0,0,4,3,2,0,2,2,3,0,s,8,30,5,4,0,0,0,0,s,0
1449,s,0,4,18,3,4,0,s,0,0,0,4,3,2,0,2,2,3,15,s,8,30,5,4,d,26,0,d,s,0
I45,s,0,4,18,3,4,0,s,0,0,0,4,3,2,0,2,2,3,0,s,8,30,5,4,0,0,0,25,s,0
1349,s,0,4,18,3,4,0,s,0,4,d,4,3,d,0,2,2,s,0,s,8,30,5,4,0,0,1,25,s,0
1348,s,0,4,18,3,4,5,s,0,0,0,4,3,2,31,2,2,3,0,s,8,30,d,4,0,0,0,25,s,0
I46,s,0,4,18,3,4,0,s,0,0,0,4,3,2,0,0,2,3,0,s,8,30,21,4,0,0,0,0,s,0
I47,s,0,4,18,3,4,0,s,0,0,0,4,3,2,0,0,2,3,0,s,8,30,21,4,0,0,0,0,s,0
I49,s,0,4,18,3,4,0,s,0,0,0,4,3,2,0,0,2,3,0,s,8,30,21,4,0,0,0,0,s,0
1971,s,0,4,18,3,4,0,s,0,0,0,d,3,2,0,0,2,3,0,s,8,30,d,4,d,0,0,0,s,0
1970,s,0,4,18,3,4,0,s,0,0,d,d,3,2,0,d,2,3,0,s,d,30,21,4,0,d,d,0,s,0
I50,s,0,4,18,3,4,0,s,0,0,0,4,3,2,0,0,2,3,0,s,8,30,21,4,0,0,3,0,s,0
1193,s,0,4,18,3,4,0,s,0,0,d,4,d,2,0,0,d,3,0,s,8,30,21,4,0,1,3,0,s,0
1192,s,0,d,18,3,4,0,s,0,0,0,4,3,2,0,0,2,3,0,s,8,d,d,4,0,0,3,0,s,0
I51,s,0,4,18,3,4,0,s,0,0,0,4,3,2,0,s,2,3,15,s,8,30,21,4,0,0,0,0,s,0
1125,s,0,4,18,3,4,0,s,0,0,0,4,d,2,0,s,2,3,15,s,8,30,21,4,0,0,0,0,s,0
1035,s,0,4,18,3,4,0,s,0,0,0,4,3,2,0,s,d,s,d,s,d,30,21,4,0,0,0,0,s,d
I54,s,0,0,18,3,4,6,s,0,0,0,4,3,2,0,0,2,3,0,s,8,0,0,0,0,9,0,0,s,0
I55,s,3,0,18,3,4,6,s,0,0,0,4,3,2,0,2,2,3,15,s,8,0,0,0,79,9,1,0,s,0
I56,s,3,0,18,3,4,6,s,0,0,0,4,3,2,0,2,2,3,15,s,8,0,0,0,79,9,1,0,s,0
1119,s,d,0,18,3,4,d,s,0,2,13,4,3,2,0,2,2,3,15,s,8,d,11,0,79,d,1,0,s,d
I58,s,3,0,18,3,4,6,s,0,s,0,4,3,2,0,2,2,3,15,s,8,0,0,0,79,9,1,0,s,0
1161,s,3,0,d,3,4,6,s,0,s,0,d,3,2,0,2,2,3,d,s,8,0,0,d,79,d,1,0,s,0
1160,s,3,d,18,3,d,6,s,0,s,0,4,3,2,0,2,2,d,s,s,8,0,d,d,79,9,1,d,s,0
1410,s,3,4,18,3,4,6,s,0,0,d,d,3,2,0,2,2,3,15,s,d,0,0,3,d,s,1,0,s,0
I62,s,0,0,18,3,4,6,s,2,0,0,4,3,2,0,1,2,3,0,s,8,0,0,0,0,9,0,0,s,0
I65,s,0,0,18,3,4,6,s,2,0,1,4,3,2,0,1,2,3,0,s,8,2,0,0,0,9,0,0,s,0
1405,s,0,d,18,3,4,6,s,2,d,1,4,3,2,0,1,2,3,0,s,s,2,0,0,0,9,0,0,s,0
1404,s,0,0,18,d,d,6,s,2,0,1,4,3,2,0,1,2,3,0,s,8,2,0,d,d,9,0,0,s,d
I66,s,0,0,18,3,4,6,s,2,0,0,4,3,2,0,1,2,3,0,s,8,0,0,0,0,9,0,0,s,0
1457,s,0,0,18,3,4,6,s,2,0,0,4,3,2,d,d,2,d,0,s,8,0,1,0,d,s,0,d,s,6
I68,s,s,0,18,3,4,6,s,2,4,0,4,3,2,0,1,2,3,0,s,8,0,0,0,0,9,0,0,s,0
1339,s,s,0,d,d,4,d,s,2,4,0,4,3,2,0,1,2,3,d,s,8,0,0,0,0,9,0,0,s,0
1338,s,s,0,18,3,4,6,s,2,4,15,4,3,2,0,1,2,3,0,s,8,0,0,0,0,9,0,0,s,d
I69,s,0,0,18,3,0,0,s,0,0,0,4,s,2,0,0,2,3,0,0,8,0,0,0,0,s,0,0,s,0
I70,s,0,0,18,3,0,3,s,0,0,13,4,s,2,0,0,2,3,0,0,8,0,0,0,0,s,0,0,s,0
I71,s,7,0,18,3,0,3,s,0,0,13,4,s,2,0,0,2,3,0,0,8,2,0,0,0,s,0,0,s,0
I72,s,7,0,18,3,0,3,s,0,0,13,4,s,2,0,0,s,3,0,1,8,2,16,0,0,s,0,0,s,0
I73,s,7,0,18,3,0,3,s,0,0,13,4,s,2,0,0,s,3,s,1,8,2,16,0,0,s,0,0,s,0
I74,s,7,0,18,3,0,3,s,0,0,13,s,s,2,0,0,s,3,s,1,8,2,16,4,0,s,2,0,s,0
1287,s,7,0,18,3,4,3,s,d,0,d,s,s,2,0,0,s,3,s,1,8,d,16,4,0,s,2,0,s,d
1286,s,7,0,d,3,0,d,s,0,0,13,s,s,d,0,2,s,3,s,1,8,2,16,4,0,s,d,0,s,0
1150,s,7,0,18,3,0,3,s,0,0,13,d,s,2,0,0,s,3,s,1,8,2,16,0,d,s,1,0,s,0
I76,s,7,0,18,3,0,3,s,0,0,13,4,s,2,0,0,s,3,0,1,8,2,16,0,0,s,0,0,s,0
1159,s,d,4,18,3,d,3,s,4,0,13,4,s,2,0,d,s,3,0,d,8,2,16,0,0,s,0,0,s,6
1252,s,7,0,d,3,4,3,s,3,0,d,d,s,2,26,3,s,d,0,d,8,2,16,0,d,s,0,0,s,5
I79,s,7,0,18,3,0,3,s,0,0,13,4,s,2,0,0,2,3,0,0,8,2,10,0,0,s,0,0,s,0
I80,s,7,0,18,3,0,3,s,1,0,13,4,s,2,0,0,2,3,23,0,8,2,10,0,0,s,0,0,s,0
1342,s,7,d,18,3,0,3,s,1,0,13,4,s,2,0,2,2,d,23,0,8,d,10,0,0,s,0,0,s,0
1719,s,s,0,d,3,4,3,s,1,0,13,4,s,d,0,0,2,3,23,0,8,d,d,0,0,s,0,4,s,0
1110,s,7,0,18,3,0,3,s,0,4,13,4,s,2,0,0,2,3,0,0,8,2,10,13,0,s,0,0,s,0
I87,s,0,0,18,3,0,3,s,0,0,13,4,s,2,0,0,2,3,4,0,8,0,0,0,0,s,0,4,s,0
I88,s,0,0,18,3,0,3,s,0,0,13,4,s,2,0,0,2,3,4,0,8,0,0,0,0,s,0,4,s,0
I89,s,0,4,18,3,4,3,s,0,0,13,4,s,2,0,0,2,3,4,0,8,0,0,0,0,s,1,4,s,0
1190,s,0,4,18,3,d,3,s,0,0,d,4,s,2,0,0,d,3,4,0,8,0,d,0,0,s,1,4,s,0
I91,s,0,4,18,3,4,3,s,0,0,13,4,s,2,0,0,2,3,4,0,8,0,0,0,0,s,1,4,s,0
1299,s,0,4,d,s,4,3,s,d,0,d,4,s,2,0,0,2,3,4,0,8,d,0,0,0,s,1,4,s,0
1298,s,d,4,18,3,4,3,s,0,0,13,4,s,2,0,0,2,3,4,0,8,0,0,0,0,s,1,4,s,0
1377,s,0,0,d,3,0,3,s,d,0,13,4,s,2,0,0,2,3,4,1,8,0,0,0,50,s,0,d,s,d
I95,s,0,0,18,3,4,3,s,0,0,13,4,s,2,0,0,2,3,4,8,8,0,0,0,0,s,0,4,s,0
I96,s,0,0,18,3,4,3,s,0,0,13,4,s,2,0,0,2,3,4,8,8,0,0,0,0,s,0,4,s,0
1250,s,0,0,18,3,4,3,s,0,0,d,4,s,2,0,d,2,3,d,8,8,0,d,0,0,s,0,4,s,0
I98,s,0,0,18,3,4,3,s,0,0,13,4,s,2,0,0,2,3,4,8,8,0,0,0,0,s,0,4,s,0
1079,s,d,1,18,3,d,d,s,0,d,13,4,s,2,17,0,2,3,d,8,8,0,0,d,0,s,0,4,s,0
1078,s,0,4,18,3,4,3,s,d,0,13,4,s,2,0,0,2,3,4,8,8,0,0,d,0,s,0,4,s,d
I101,s,0,0,18,3,4,3,s,0,2,13,4,s,2,0,0,2,3,4,8,8,s,0,0,s,s,1,4,s,14
1407,s,0,0,18,3,4,3,s,0,2,13,d,s,2,d,0,2,3,4,d,8,s,0,0,s,s,1,4,s,14
1406,s,d,0,18,3,4,3,s,0,2,13,d,s,2,0,0,2,3,d,8,d,s,d,0,s,s,d,4,s,14
I102,s,0,0,18,3,0,0,s,s,0,0,4,s,2,0,0,2,3,0,1,8,0,0,0,0,s,0,0,s,0
I103,s,0,0,18,3,0,0,s,s,0,9,4,s,2,0,0,2,3,0,1,8,0,0,0,0,s,0,0,s,0
I104,s,0,0,18,3,0,0,s,s,0,9,4,s,2,0,0,2,3,0,1,8,0,0,0,0,s,0,0,s,0
I106,s,0,0,18,3,0,3,s,s,0,9,4,s,2,0,0,2,3,0,1,8,s,0,23,0,s,0,0,s,0
1007,s,0,0,d,3,4,3,s,s,0,9,d,s,d,0,0,2,3,0,1,8,s,0,23,0,s,d,0,s,0
1973,s,0,0,18,d,0,3,s,s,0,9,4,s,2,d,2,2,3,0,1,8,s,d,23,0,s,0,0,s,0
I109,s,20,0,18,3,0,0,s,s,0,9,4,s,2,0,0,s,3,0,1,8,12,0,0,8,s,s,0,s,0
1884,s,20,4,18,3,0,s,s,s,3,d,4,s,2,d,0,s,d,0,s,8,12,6,0,8,s,s,0,s,0
I113,s,20,0,18,3,0,0,s,s,0,9,4,s,2,0,0,s,3,0,s,8,12,0,0,8,s,s,0,s,0
I114,s,20,0,s,3,4,0,s,s,0,9,4,s,2,0,0,s,3,0,s,8,12,0,0,8,s,s,0,s,0
2045,s,20,0,s,3,4,0,s,s,0,9,4,s,2,d,0,s,d,0,s,d,12,d,0,8,s,s,0,s,0
2044,s,d,0,s,3,4,0,s,s,0,9,4,s,2,d,0,s,3,d,s,8,12,0,0,d,s,s,0,s,0
2031,s,20,d,18,3,0,0,s,s,0,9,4,s,2,0,0,s,d,0,s,8,12,0,d,8,s,s,0,s,0
I116,s,0,0,18,3,0,0,s,s,0,9,4,s,2,0,0,2,3,0,1,8,0,0,0,0,s,0,0,s,5
1098,s,0,2,18,3,0,12,s,s,0,9,4,s,s,0,0,2,3,0,d,8,0,0,0,15,s,0,0,s,5
I120,s,0,0,18,3,0,0,s,s,4,9,4,s,2,0,0,2,3,0,1,8,0,0,0,0,s,0,0,s,5
I121,s,0,0,18,3,0,0,s,s,4,9,4,s,2,0,0,2,3,0,1,8,20,0,0,0,s,0,0,s,5
1023,s,0,0,d,3,0,0,s,s,s,9,4,s,2,s,0,2,3,d,1,8,20,0,0,0,s,d,0,s,d
1022,s,0,d,18,3,0,d,s,s,d,9,4,s,2,0,d,2,3,d,d,8,20,0,0,0,s,0,d,s,5
I122,s,0,0,18,3,0,0,s,s,4,9,4,s,2,0,0,2,3,12,1,8,0,0,0,63,s,1,0,s,5
983,s,0,0,18,3,d,0,s,s,4,9,4,s,2,0,0,2,3,12,1,d,0,0,d,63,s,s,0,s,d
1964,s,0,0,18,d,0,d,s,s,4,9,4,s,2,0,d,d,3,d,1,s,0,d,0,63,s,1,0,s,5
I124,s,0,0,18,3,0,0,s,s,4,0,4,s,2,1,0,2,3,6,1,8,0,0,0,0,s,0,0,s,0
I125,s,0,0,18,3,0,0,s,s,4,0,4,s,2,1,0,2,3,6,1,8,21,0,0,0,s,0,0,s,0
I127,s,0,0,18,3,0,0,s,s,4,0,4,s,2,s,0,2,3,6,1,s,21,0,0,0,s,0,0,s,0
1301,s,0,0,18,3,0,0,s,s,4,0,4,s,2,s,d,2,d,6,s,s,d,0,0,0,s,0,d,s,0
1300,s,d,d,18,d,0,d,s,s,4,0,4,s,d,s,0,2,3,6,1,s,21,0,0,0,s,0,0,s,0
I129,s,0,0,18,3,0,0,s,s,4,0,4,s,2,1,0,2,3,6,1,8,21,0,0,0,s,0,0,s,0
1477,s,0,0,18,3,0,0,s,s,4,0,4,s,2,1,s,d,3,6,1,8,21,0,0,0,s,1,0,s,0
I131,s,1,4,18,3,0,0,s,s,4,0,4,s,2,1,0,2,3,6,1,8,21,0,0,0,s,0,0,s,0
1727,s,d,4,d,3,0,0,s,s,d,0,d,s,2,1,0,2,3,d,1,8,21,0,0,0,s,0,0,s,d
1726,s,1,4,18,3,0,d,s,s,d,0,4,s,2,1,d,2,3,6,1,8,21,d,0,d,s,0,0,s,0
I132,s,0,4,18,3,0,0,s,s,4,0,4,s,2,1,0,2,3,6,1,8,0,0,0,0,s,0,0,s,0
I133,s,0,4,18,3,0,2,s,s,4,0,4,s,2,1,0,2,3,6,1,8,0,0,0,0,s,0,0,s,0
I134,s,0,4,18,3,0,2,s,s,4,0,4,s,2,1,0,2,3,6,1,8,0,0,0,0,s,0,0,s,0
1095,s,0,4,18,3,d,2,s,s,4,0,d,s,s,1,0,2,3,6,1,8,1,d,d,0,s,0,0,s,0
1094,s,0,4,18,3,0,2,s,s,4,0,4,s,2,1,d,2,d,6,d,8,0,0,0,d,s,2,0,s,0
1045,s,0,4,18,3,4,2,s,s,4,0,4,s,2,1,d,2,3,6,1,8,0,0,0,d,s,0,0,s,0
I136,s,0,4,18,3,0,0,s,s,4,0,4,s,2,1,0,2,3,6,1,8,0,0,0,0,s,2,0,s,14
1165,s,d,4,18,d,0,s,s,s,4,0,4,s,d,1,0,2,3,6,1,8,0,0,0,d,s,d,0,s,14
1080,s,0,d,18,3,0,0,s,s,4,9,4,s,2,1,0,2,3,d,1,8,0,0,0,0,s,2,43,s,14
I139,s,0,0,18,3,0,0,s,0,0,0,4,3,2,0,0,2,3,0,0,8,0,0,0,0,0,3,0,s,0
I140,s,0,4,18,3,0,0,s,0,0,0,4,3,2,0,2,2,3,0,0,8,0,0,0,0,26,3,0,s,0
I141,s,0,4,18,3,0,6,s,0,0,0,4,3,2,0,2,2,3,0,0,8,0,0,0,0,26,3,0,s,2
I142,s,0,4,18,3,0,6,s,s,4,0,4,3,2,0,2,2,3,0,0,8,2,0,0,0,26,3,0,s,2
I143,s,0,4,18,3,0,6,s,s,4,0,4,3,2,0,2,2,s,0,0,8,2,0,0,10,26,3,0,s,2
I144,s,s,4,18,3,0,6,s,s,4,0,4,3,2,0,2,2,s,0,0,8,2,2,0,10,26,3,0,s,2
1763,s,s,d,18,3,0,6,s,s,4,0,4,3,2,0,2,2,s,0,0,8,2,2,0,10,26,3,3,s,2
I146,s,s,4,18,3,0,6,s,s,4,0,4,3,2,0,2,2,s,0,0,8,2,2,0,10,26,s,0,s,2
1785,s,s,4,18,3,0,6,s,s,4,0,4,3,2,0,2,2,s,0,0,8,2,2,0,10,26,s,d,s,2
1784,s,s,4,18,3,0,6,s,s,4,0,4,3,d,d,2,2,s,0,0,8,2,2,0,d,26,s,0,s,2
I147,s,0,4,18,3,0,s,s,s,4,0,4,3,2,3,2,2,s,0,0,8,2,0,0,10,26,3,6,s,2
I148,s,0,4,18,3,0,s,s,s,4,12,4,3,2,3,2,2,s,0,0,8,2,10,0,10,26,3,6,s,2
1893,s,0,4,18,3,0,s,s,s,4,12,4,3,2,d,2,d,s,0,0,8,2,10,0,d,26,3,d,s,2
1892,s,0,4,18,3,0,s,s,s,4,12,4,d,d,3,2,2,s,0,0,8,2,d,0,10,26,3,6,s,2
1804,s,0,4,18,3,0,s,s,s,d,0,4,3,2,3,2,d,s,15,0,8,2,0,0,10,26,3,6,s,2
I150,s,0,4,18,s,0,6,s,s,4,15,4,3,2,0,2,2,3,0,0,8,2,0,0,0,s,3,38,s,2
1747,s,d,4,18,s,0,6,s,s,4,15,s,3,d,3,2,d,3,d,8,8,2,0,0,d,s,s,38,s,2
1093,s,0,4,18,s,0,6,s,s,d,15,4,3,2,0,2,2,d,0,0,d,2,1,d,3,s,3,38,s,2
I154,s,0,4,18,3,0,6,s,0,0,0,4,3,2,0,2,2,3,0,0,8,0,0,0,0,26,3,0,s,2
I155,s,0,4,18,3,0,6,s,0,0,0,4,3,2,0,2,2,3,12,0,8,22,0,13,0,26,3,0,s,2
I156,s,0,4,18,3,0,6,s,0,0,0,4,3,2,0,2,2,3,12,0,8,22,0,13,0,26,3,0,s,2
1742,s,d,4,18,3,0,6,s,d,d,0,4,d,2,0,2,2,3,12,d,8,22,0,13,49,26,3,0,s,2
976,s,0,4,18,3,0,6,s,0,0,0,4,3,2,0,s,2,3,s,2,8,22,0,13,0,26,3,0,s,2
I158,s,0,4,18,3,0,6,s,0,4,15,4,3,2,0,2,2,3,12,0,8,22,0,13,0,26,3,0,s,2
I159,s,0,4,18,3,0,6,s,0,4,15,4,3,2,0,2,2,3,12,0,8,22,0,13,0,26,3,0,s,2
1579,s,0,4,18,3,d,6,s,0,4,d,4,3,2,0,2,2,3,12,0,8,d,0,13,d,26,d,0,s,2
1578,s,0,4,18,d,0,6,s,0,4,15,4,3,2,d,2,2,d,12,0,8,22,0,13,d,26,3,0,s,2
1725,s,0,d,18,3,0,6,s,0,4,15,4,3,2,0,2,2,3,d,0,8,22,0,13,0,26,d,0,s,2
I161,s,0,4,18,3,0,6,s,0,4,0,4,3,2,0,2,2,3,0,0,8,0,0,0,0,26,3,0,s,2
I162,s,0,4,18,3,0,6,s,0,4,0,4,3,2,0,2,2,3,0,0,8,0,0,0,0,26,3,0,s,2
1365,s,0,4,d,3,0,6,s,0,d,0,4,s,2,0,2,2,d,d,0,8,d,0,0,0,26,3,0,s,2
1668,s,0,4,18,3,0,6,s,0,4,d,4,3,2,0,2,2,3,0,0,8,d,0,3,0,d,3,d,s,2
1667,s,0,4,18,3,s,6,s,0,4,0,4,3,2,0,2,d,3,0,0,8,0,d,18,0,d,3,3,s,2
I168,s,0,4,18,3,0,6,s,0,0,0,4,3,2,4,2,2,3,0,0,8,0,3,0,0,26,3,1,s,0
I169,s,0,4,18,3,0,6,s,0,0,9,4,3,2,4,2,2,3,0,0,8,0,3,0,0,26,3,1,s,0
I170,s,0,4,18,3,0,6,s,0,0,9,4,3,2,4,2,2,3,0,0,8,0,3,0,0,26,3,1,s,0
I171,s,0,4,18,3,0,6,s,0,0,9,4,3,2,4,2,2,3,0,0,8,0,3,0,0,26,3,1,s,0
1814,s,0,4,18,3,0,6,s,0,0,9,4,3,d,4,2,2,3,d,0,8,0,3,0,25,26,3,1,s,0
1887,s,0,4,18,3,d,6,s,0,0,9,d,3,2,4,2,2,3,0,14,d,0,3,0,0,26,3,1,s,0
I176,s,0,4,18,3,0,6,s,0,0,9,4,3,2,4,2,2,3,0,0,8,18,3,0,0,26,3,1,s,0
2009,s,0,4,18,3,0,6,s,0,d,9,d,3,2,d,2,2,3,0,0,8,18,3,0,0,26,3,1,s,0
2008,s,0,4,18,3,0,d,s,0,d,9,4,3,2,4,2,2,3,0,0,d,18,3,0,0,26,3,1,s,0
I177,s,0,4,18,3,0,6,s,0,0,9,4,3,2,4,2,2,3,0,0,8,0,3,0,0,26,3,1,s,0
1859,s,0,4,18,3,0,d,s,0,0,d,4,3,2,4,2,2,3,d,6,d,0,3,0,s,26,d,1,s,0
I182,s,0,4,18,3,0,6,s,1,0,9,4,3,2,4,2,2,3,0,0,8,0,3,15,0,26,3,1,s,0
2043,s,0,4,18,3,0,6,s,1,0,9,4,3,2,4,2,2,3,0,d,8,0,3,d,0,d,3,1,s,0
2042,s,0,4,18,3,0,6,s,1,0,d,4,3,2,4,2,2,d,0,0,8,0,3,15,0,26,d,1,s,0
I183,s,0,4,18,3,s,6,s,0,0,0,4,3,2,4,2,2,3,0,11,8,0,s,13,0,26,3,1,s,0
I184,s,0,4,18,3,s,6,s,0,0,0,4,3,2,4,2,2,3,0,11,8,39,s,13,0,26,3,1,s,0
I185,s,0,4,18,3,s,6,s,0,0,0,4,3,2,4,2,2,3,0,11,8,39,s,13,0,26,3,1,s,31
I186,s,1,4,18,3,s,6,s,0,0,s,4,3,2,4,2,2,3,0,11,8,39,s,13,0,26,3,1,s,31
1575,s,1,4,18,3,s,6,s,d,d,s,4,3,2,4,2,2,3,0,11,8,39,s,13,0,26,3,d,s,31
1574,s,1,d,18,3,s,6,s,0,0,s,4,3,d,4,2,2,3,0,11,8,39,s,13,0,26,3,1,s,31
1715,s,0,d,18,3,s,6,s,3,0,0,4,d,d,4,2,2,3,0,11,8,39,s,13,0,26,3,1,s,31
1786,s,0,4,18,3,s,6,s,0,0,9,4,3,2,d,2,2,3,5,11,8,39,s,13,d,26,3,1,s,0
I191,s,0,4,18,3,s,6,s,0,0,0,4,3,2,4,2,2,3,15,11,8,0,s,13,0,26,3,1,s,0
I192,s,0,4,18,3,s,6,s,0,s,0,4,3,2,4,2,2,3,15,11,8,0,s,13,0,26,3,s,s,0
1792,s,d,4,18,3,s,6,s,0,s,d,4,3,2,4,2,2,3,15,11,8,0,s,13,23,26,3,s,s,0
1545,s,0,d,18,3,s,6,s,3,s,0,4,3,2,4,2,2,s,15,d,8,0,s,13,0,26,3,s,s,0
I195,s,0,4,18,3,s,6,s,0,0,0,4,3,2,4,2,2,3,15,11,8,0,s,13,0,26,3,1,s,6
1536,s,0,4,18,3,s,d,s,0,0,0,4,3,d,4,2,2,3,15,d,d,0,s,s,0,26,3,1,s,6
1372,s,0,d,d,3,s,6,s,2,0,12,4,3,2,4,2,2,3,15,d,8,0,s,13,0,26,3,d,s,d
I198,s,0,0,18,3,0,0,s,0,0,0,4,3,2,0,2,2,3,0,0,8,0,0,0,0,s,3,0,s,0
I199,s,18,0,18,3,0,0,s,0,0,0,4,3,2,0,2,2,3,0,0,8,0,0,0,0,s,3,0,s,0
I205,s,18,4,18,3,0,1,s,0,0,0,4,3,2,0,2,2,3,0,0,8,0,7,22,0,s,3,0,s,0
1921,s,18,4,18,3,0,1,s,d,0,0,4,3,2,22,2,d,3,s,d,8,34,7,22,0,s,3,0,s,0
1025,s,18,4,18,3,s,1,s,0,3,0,4,3,2,0,2,2,3,4,0,8,0,7,22,d,s,3,0,s,0
I210,s,18,0,18,s,0,0,s,3,0,0,4,3,2,0,2,2,3,0,0,8,0,0,23,0,s,3,0,s,0
I211,s,18,0,18,s,4,11,s,3,0,0,4,3,2,0,2,2,3,0,0,8,0,0,23,69,s,3,0,s,0
1040,s,18,0,18,s,4,11,s,3,0,0,4,3,s,d,2,2,3,0,0,8,0,0,d,69,s,3,0,s,0
2007,s,d,4,18,s,d,11,s,3,0,0,4,d,2,0,2,2,3,0,0,8,0,0,23,d,s,3,0,s,37
I216,s,18,4,18,s,0,0,s,3,0,0,4,3,2,0,2,2,3,0,0,8,0,0,23,0,s,3,0,s,0
I217,s,18,4,18,s,0,0,s,3,0,9,4,3,2,0,2,2,3,15,0,8,0,0,23,0,s,3,6,s,0
1649,s,18,d,18,s,0,0,s,3,0,9,4,d,2,d,2,2,3,15,0,8,0,0,23,0,s,3,6,s,0
I219,s,18,4,s,s,0,0,s,3,0,9,4,3,2,0,2,2,3,15,0,8,0,0,23,0,s,3,6,s,0
1985,s,18,4,s,s,0,0,s,3,0,d,4,3,2,0,2,2,3,15,0,8,0,0,23,0,s,3,6,s,0
1984,s,18,d,s,s,0,0,s,d,d,9,4,3,d,0,2,2,3,15,0,8,0,0,d,d,s,3,6,s,0
1582,s,18,4,18,s,4,0,s,3,0,0,4,3,2,3,2,d,3,4,s,8,36,17,23,0,s,3,0,s,6
I223,s,0,2,18,3,0,0,s,0,0,0,4,3,2,0,2,2,3,0,0,8,0,0,0,0,s,3,0,s,0
I224,s,18,2,18,3,0,0,s,0,0,10,4,3,2,0,2,2,3,0,21,8,0,0,0,0,s,3,0,s,0
I225,s,s,2,18,3,0,0,s,0,0,10,4,3,2,0,2,2,3,0,21,8,4,13,0,0,s,3,1,s,0
1595,s,s,2,18,3,0,1,s,d,0,10,4,3,2,4,2,2,3,0,21,8,d,13,0,73,s,3,1,s,d
I229,s,s,2,18,3,0,0,s,0,0,10,4,3,2,28,2,2,3,0,21,8,4,13,0,23,s,3,1,s,0
1833,s,s,2,18,3,0,12,s,0,0,10,4,3,2,28,d,2,3,0,21,8,4,d,0,d,s,s,1,s,0
1660,s,s,2,18,d,0,d,s,s,0,10,4,3,2,s,2,2,3,0,21,8,4,13,d,23,s,3,1,s,0
I232,s,18,2,18,3,0,0,s,0,0,10,4,3,2,0,2,2,3,0,21,8,0,0,0,0,s,3,0,s,0
1487,s,18,2,18,3,0,6,s,d,0,10,4,s,2,0,d,2,3,4,21,d,32,0,0,0,s,3,0,s,33
I237,s,18,2,18,3,0,2,s,0,0,10,4,3,2,0,s,2,3,0,21,8,0,0,0,7,s,3,0,s,0
1625,s,18,2,18,3,0,2,s,2,0,10,d,3,2,0,s,2,3,0,d,8,0,s,0,7,s,3,0,s,d
1624,s,18,2,d,3,0,d,s,0,0,10,d,3,2,0,s,d,3,0,21,s,0,0,d,7,s,3,d,s,0
I239,s,0,2,18,3,0,0,s,3,2,0,4,3,2,0,2,2,3,0,0,8,0,0,0,7,s,3,0,s,0
I244,s,0,2,18,3,0,0,s,3,2,9,4,3,2,27,2,2,3,0,0,8,0,0,9,7,s,3,0,s,0
985,s,d,2,18,3,0,0,s,3,d,9,4,3,2,27,2,2,s,0,0,8,0,0,9,d,s,3,0,s,48
2032,s,d,2,18,3,0,0,s,3,2,9,4,3,2,27,2,2,3,0,0,8,0,d,9,7,s,3,0,s,0
I249,s,0,2,18,3,0,0,s,3,2,13,4,3,2,0,2,s,3,0,0,8,39,0,0,7,s,3,0,s,0
1996,s,d,d,18,3,0,11,s,3,2,13,4,3,2,4,2,s,3,0,0,8,39,0,d,7,s,3,0,s,d
1030,s,d,2,18,3,0,0,s,3,d,13,4,3,2,4,2,s,3,d,d,8,39,0,0,7,s,3,0,s,0
I251,s,0,0,18,3,0,0,0,0,0,0,4,0,2,0,0,2,3,0,0,8,0,0,0,0,0,0,19,s,27
I252,s,0,0,18,3,0,0,0,0,0,12,4,0,2,3,0,2,3,0,0,8,0,0,0,0,s,0,19,s,27
I253,s,0,0,18,s,0,0,0,0,0,12,4,0,2,3,0,2,3,0,0,8,0,0,0,68,s,0,19,s,27
I254,s,0,0,18,s,0,0,0,0,0,12,4,0,2,3,0,2,3,0,2,8,0,0,0,68,s,0,19,s,27
I255,s,7,0,18,s,4,0,0,0,s,12,4,0,2,3,2,2,3,0,2,8,0,0,0,68,s,0,19,s,27
1223,s,7,0,18,s,4,12,0,3,s,12,s,0,2,3,2,2,3,d,d,8,0,0,s,68,s,0,19,s,27
I263,s,7,0,18,s,4,0,0,0,s,12,4,0,2,3,2,2,3,0,2,8,0,0,0,68,s,0,19,s,27
1255,s,7,0,18,s,4,0,0,0,s,12,4,0,2,3,2,2,d,0,2,8,d,0,d,68,s,0,19,s,27
I267,s,7,2,18,s,4,0,0,0,s,12,4,0,2,3,2,2,3,0,2,8,0,0,0,68,s,0,19,s,27
1055,s,7,2,18,s,4,0,0,0,s,d,4,0,2,3,2,2,d,0,2,8,2,0,0,68,s,0,19,s,d
I269,s,7,2,18,s,4,0,0,0,s,12,4,0,2,3,2,2,3,0,2,8,0,0,0,68,s,1,19,s,27
1279,s,7,2,18,s,4,0,0,0,s,12,4,3,2,3,d,2,3,0,2,8,0,0,0,68,s,d,d,s,27
1278,s,7,s,18,s,4,5,0,0,s,12,4,0,d,d,2,2,3,d,2,8,0,0,d,68,s,1,19,s,27
I270,s,0,0,18,s,4,0,0,0,0,12,4,0,2,3,0,2,3,0,2,8,0,15,0,68,s,0,19,s,27
I271,s,0,0,18,s,4,0,0,0,0,12,4,0,2,3,2,2,3,0,2,8,0,15,0,68,s,0,19,s,27
I272,s,0,0,18,s,4,0,0,0,0,12,4,s,2,3,2,2,3,0,2,8,4,15,15,68,s,0,19,s,27
1004,s,4,0,18,s,4,0,0,0,0,12,4,s,2,3,2,2,3,0,2,8,4,15,d,d,s,0,19,s,27
I274,s,0,4,18,s,4,0,0,0,4,12,4,s,2,3,2,2,3,4,2,8,4,15,15,68,s,0,19,s,27
I275,s,0,4,18,s,4,0,0,0,4,12,4,s,2,3,2,2,3,4,2,8,4,15,15,68,s,3,19,s,27
1995,s,0,4,18,s,4,0,0,0,4,12,4,s,2,3,2,2,3,4,2,8,4,15,15,68,s,d,19,s,27
1994,s,0,4,18,s,4,d,d,0,d,12,4,s,2,3,2,2,3,4,2,8,d,15,15,68,s,3,19,s,27
1909,s,d,d,18,s,4,0,0,0,4,12,4,s,2,d,2,2,3,4,2,8,4,15,15,68,s,d,19,s,27
I277,s,0,0,18,s,4,0,0,0,s,12,4,0,2,3,2,2,3,3,2,8,0,15,0,68,s,0,19,s,27
I278,s,0,0,18,s,4,0,0,0,s,12,4,3,2,3,2,2,3,3,2,8,0,15,0,68,s,1,19,s,27
1073,s,0,0,18,s,4,d,0,0,s,12,4,3,2,3,2,2,3,3,2,8,0,15,d,68,s,1,19,s,27
1072,s,0,0,18,s,4,d,d,0,s,12,d,3,d,3,2,2,3,3,d,8,0,d,0,68,s,1,d,s,27
1187,s,0,0,18,s,4,0,0,0,s,12,s,d,2,3,2,2,3,3,2,d,0,15,0,d,s,0,19,s,27
I280,s,20,0,18,s,4,0,0,0,0,12,4,0,2,3,0,2,3,0,2,8,0,15,0,68,s,0,19,s,27
1318,s,d,0,18,s,4,0,2,d,d,12,4,d,2,3,0,2,3,9,2,8,d,15,d,68,s,1,19,s,27
I284,s,20,0,18,s,4,0,0,3,4,12,4,0,2,3,2,2,3,0,2,8,0,15,0,68,s,0,19,s,27
I285,s,20,0,18,s,4,0,0,3,4,12,4,0,2,3,2,2,3,0,2,8,0,15,0,68,s,0,19,s,27
1773,s,20,0,d,s,4,0,0,3,d,12,4,0,2,3,2,2,3,0,2,8,0,15,0,d,s,d,19,s,27
1772,s,20,0,18,s,4,0,0,3,4,12,4,0,2,3,2,2,3,0,2,8,0,15,0,68,s,0,19,s,d
1475,s,20,d,18,s,4,0,0,3,4,12,4,0,2,3,2,2,3,d,2,8,21,d,0,68,s,d,19,s,27
I287,s,0,0,18,s,4,0,0,0,0,12,4,0,2,3,0,2,3,0,3,8,14,0,0,68,s,0,19,s,27
I288,s,0,0,18,s,4,0,0,2,0,12,4,0,2,3,0,2,3,0,3,8,14,0,0,68,s,0,19,s,27
I289,s,0,0,18,s,4,1,s,2,0,12,4,0,2,3,0,2,3,0,3,8,14,0,0,68,s,0,19,s,27
I290,s,0,2,18,s,4,1,s,2,0,12,4,0,2,3,0,2,3,0,3,8,14,0,0,68,s,0,19,s,27
1144,s,0,2,18,s,4,1,s,2,d,12,d,0,2,3,0,2,3,0,3,8,14,d,0,68,s,3,19,s,d
1488,s,0,2,18,s,4,d,s,2,0,12,d,3,d,d,0,2,3,0,d,8,14,5,0,68,s,2,d,s,s
I293,s,2,0,18,s,4,1,s,2,0,12,4,0,2,3,0,2,3,0,3,8,14,0,0,68,s,1,19,s,27
1604,s,2,0,d,s,s,1,s,2,2,12,4,0,2,3,0,2,3,0,d,8,14,17,0,68,s,d,19,s,27
1417,s,2,0,18,s,4,1,s,2,0,12,4,0,2,s,0,2,3,0,d,d,14,d,13,68,s,1,19,s,27
I296,s,0,0,18,s,4,0,0,2,0,12,4,0,2,3,0,2,3,0,3,8,14,0,0,68,s,0,19,s,27
I297,s,0,0,18,s,4,0,0,2,3,12,4,0,2,3,0,2,3,0,3,8,14,0,0,68,s,0,19,s,27
1733,s,0,0,18,s,4,0,0,2,3,12,4,0,2,3,0,2,d,0,s,8,14,s,0,68,s,0,19,s,27
I299,s,0,0,18,s,4,0,0,2,3,12,4,0,2,3,0,2,3,12,3,8,14,0,0,68,s,0,19,s,27
1147,s,0,0,18,s,d,0,0,2,3,12,4,0,2,3,0,2,d,12,3,8,d,d,d,68,s,0,d,s,27
1146,s,0,0,18,s,d,11,d,2,3,12,4,0,2,3,d,2,3,12,3,8,14,0,d,68,s,0,19,s,27
I300,s,0,0,18,s,4,0,5,2,0,12,4,0,2,3,0,2,3,0,3,8,14,0,0,68,s,0,19,s,27
I301,s,0,0,18,s,4,0,5,2,s,12,4,0,2,3,0,2,3,0,3,8,14,0,9,68,s,0,19,s,27
1493,s,0,0,18,s,4,0,5,2,s,12,4,d,2,3,0,2,3,0,3,8,14,d,9,68,s,0,19,s,27
1492,s,0,0,d,s,4,5,d,2,s,12,4,d,2,d,0,2,d,0,d,d,14,d,9,68,s,0,19,s,27
1239,s,d,2,18,s,4,d,5,2,0,12,4,d,2,3,d,d,3,0,3,d,14,0,0,d,s,0,19,s,27
I303,s,0,0,18,s,4,5,0,0,0,12,4,0,2,3,0,2,3,0,3,8,14,0,0,68,s,1,19,s,27
I304,s,0,0,s,s,4,5,s,0,0,12,4,0,2,3,0,2,3,0,3,8,14,0,4,68,s,1,19,s,27
I305,s,0,0,s,s,4,5,s,0,2,12,4,0,2,3,0,2,3,0,3,8,14,0,4,68,s,1,19,s,27
I306,s,0,0,s,s,4,5,s,0,2,12,4,0,2,3,0,2,3,0,3,8,14,0,4,68,s,1,19,s,27
1799,s,0,0,s,s,4,5,s,0,d,d,d,0,2,3,d,d,3,d,3,8,d,d,d,68,s,d,19,s,27
1798,s,0,0,s,s,4,5,s,0,2,d,d,0,2,3,d,2,3,d,d,d,d,0,d,68,s,1,19,s,27
1806,s,0,0,s,s,4,5,s,0,2,12,4,0,2,d,0,2,d,d,3,8,14,0,4,68,s,1,19,s,27
I308,s,0,0,s,s,4,5,s,0,0,12,4,0,2,3,2,2,s,0,3,8,14,0,4,68,s,1,19,s,27
947,s,0,d,s,s,4,5,s,0,0,12,4,0,2,3,2,2,s,0,3,8,14,0,4,68,s,1,19,s,27
1840,s,0,0,s,s,4,d,s,0,0,12,4,d,2,3,d,2,s,0,3,8,14,0,4,68,s,1,19,s,27
1888,s,0,0,18,s,4,5,0,3,0,d,4,0,2,s,0,2,3,0,d,8,14,0,0,s,s,1,19,s,d
I317,s,0,0,18,3,3,3,0,0,0,12,4,0,2,3,0,2,s,0,0,8,0,0,0,0,s,0,19,s,27
I318,s,0,0,18,3,3,3,0,0,0,12,4,0,2,3,0,2,s,0,21,8,0,0,3,0,s,0,19,s,27
I319,s,0,0,18,3,3,3,0,0,0,12,4,0,2,3,0,2,s,0,21,8,0,0,3,0,s,0,19,s,27
I320,s,0,0,18,3,3,3,0,2,0,12,4,0,2,3,0,2,s,0,21,8,0,0,3,0,s,0,19,s,27
I321,s,0,0,18,3,3,3,0,2,0,12,4,0,2,3,0,2,s,0,21,8,0,s,3,0,s,0,19,s,27
1801,s,0,0,s,3,3,d,0,2,0,12,s,0,d,3,d,d,s,0,21,d,0,s,3,0,s,0,19,s,27
1375,s,0,d,18,3,3,3,12,2,s,12,d,3,2,3,0,s,s,d,21,8,d,s,3,0,s,1,d,s,27
I324,s,0,0,18,3,3,3,0,2,0,12,4,0,2,3,0,2,s,0,21,8,0,0,3,0,s,0,19,s,27
1454,s,0,d,18,3,3,3,3,2,0,12,4,0,2,3,0,2,s,0,21,8,0,d,d,0,s,0,19,s,27
1428,s,d,d,d,3,3,3,0,2,0,12,4,0,2,3,0,2,s,0,21,8,22,0,3,0,s,0,19,s,d
I331,s,0,2,18,3,3,3,0,0,0,12,4,0,2,3,0,2,s,0,21,8,0,0,3,0,s,0,19,s,27
1140,s,0,2,18,3,d,3,0,0,0,12,4,d,2,d,0,d,s,0,21,8,0,0,3,d,s,0,19,s,27
1538,s,0,2,18,3,s,3,0,0,0,12,4,0,2,3,0,2,s,0,21,8,0,0,3,0,s,d,19,s,27
I334,s,0,0,18,3,s,3,0,0,0,12,4,0,2,3,0,2,s,0,21,8,0,0,3,0,s,0,19,s,27
I335,s,0,0,18,3,s,3,0,0,0,12,4,0,2,3,2,2,s,0,21,8,0,0,3,0,s,1,19,s,27
I336,s,0,0,18,3,s,3,0,0,0,12,4,0,2,3,2,2,s,0,21,8,0,24,3,0,s,1,19,s,27
1977,s,0,0,18,3,s,3,0,0,0,12,4,d,s,3,2,2,s,0,d,8,0,24,s,63,s,1,d,s,d
1897,s,0,d,18,3,s,3,0,0,0,12,4,0,2,3,2,2,s,0,21,8,20,d,3,d,s,1,19,s,27
I341,s,2,0,18,3,s,3,0,3,0,12,4,0,2,3,2,2,s,0,21,8,0,0,3,0,s,1,19,s,27
1899,s,2,d,18,d,s,3,0,3,d,12,4,0,d,3,d,2,s,0,21,d,0,0,3,0,s,1,19,s,d
1898,s,2,0,18,3,s,d,0,3,d,12,4,d,2,3,2,2,s,0,21,8,0,0,3,0,s,1,19,s,27
I342,s,0,s,18,3,s,3,0,0,0,12,4,0,2,3,0,2,s,0,21,8,0,0,3,0,s,0,19,s,27
I343,s,0,s,18,3,s,3,0,0,0,12,4,0,2,3,0,2,s,0,21,8,0,0,3,0,s,0,19,s,27
I344,s,0,s,18,3,s,3,0,0,0,12,4,0,2,3,0,2,s,0,21,8,0,0,3,0,s,0,19,s,27
1735,s,0,s,d,d,s,3,0,0,d,12,4,0,2,3,d,2,s,d,d,8,0,0,3,0,s,0,19,s,27
1734,s,0,s,18,3,s,3,0,0,0,12,d,0,2,3,0,2,s,15,21,8,0,0,3,0,s,d,19,s,27
I345,s,0,s,18,3,s,3,0,0,0,12,4,0,2,3,0,2,s,0,21,8,0,0,3,s,s,0,19,s,27
1695,s,d,s,18,3,s,3,0,0,d,12,4,0,2,3,d,2,s,0,21,d,0,0,3,s,s,0,19,s,27
1694,s,d,s,18,3,s,d,0,0,d,12,4,0,2,3,0,2,s,d,21,8,0,0,3,s,s,0,19,s,27
I346,s,0,s,18,3,s,3,0,0,0,12,s,0,2,3,0,2,s,0,21,8,0,0,3,0,s,0,19,s,27
1937,s,0,s,18,3,s,3,0,0,0,d,s,0,2,d,0,d,s,9,21,8,0,0,d,0,s,0,19,s,27
I348,s,0,s,18,3,s,3,0,0,0,12,s,0,2,3,0,2,s,0,21,8,0,0,3,0,s,0,19,s,27
1499,s,0,s,18,3,s,3,d,d,d,12,s,0,2,3,d,d,s,12,21,d,d,0,3,0,s,0,19,s,27
1498,s,d,s,18,d,s,3,0,0,d,d,s,0,2,3,d,d,s,0,d,8,0,0,d,0,s,3,19,s,27
I349,s,0,0,18,3,3,3,0,3,0,12,4,0,2,3,0,2,s,5,0,s,0,0,4,0,s,0,19,s,27
I350,s,s,0,18,3,3,3,0,3,4,12,4,0,2,3,0,2,s,5,0,s,0,19,4,0,s,0,19,s,27
I355,s,s,0,18,3,3,3,0,3,4,12,4,0,2,3,0,2,s,5,0,s,0,19,4,69,s,0,19,s,27
1600,s,s,4,18,3,3,d,0,3,4,d,4,0,2,3,0,d,s,d,0,s,0,19,4,69,s,0,19,s,27
1685,s,s,4,18,3,s,3,0,3,d,12,4,3,2,3,0,2,s,5,0,s,39,19,d,69,s,0,19,s,27
I358,s,s,0,18,3,3,3,0,3,4,12,4,0,2,3,0,2,s,5,0,s,0,19,4,23,s,2,19,s,27
1136,s,s,0,18,d,3,3,0,3,d,12,4,d,2,s,2,2,s,5,d,s,0,19,4,23,s,s,19,s,27
I362,s,s,0,18,3,3,3,0,3,4,12,4,0,2,3,0,2,s,5,0,s,0,19,4,23,s,2,19,s,27
1218,s,s,4,18,3,3,3,0,3,4,12,4,0,2,3,0,2,s,5,d,s,0,19,4,23,s,2,19,s,27
1246,s,s,0,18,3,3,3,0,3,4,12,d,0,2,3,d,2,s,d,0,s,32,19,d,d,s,2,19,s,d
I365,s,0,0,18,3,3,s,0,3,0,12,4,0,2,3,2,2,s,5,2,s,0,0,4,0,s,0,19,s,27
I366,s,0,4,18,3,3,s,0,3,0,12,4,0,2,3,2,2,s,5,2,s,0,11,4,0,s,0,19,s,27
I367,s,0,4,18,3,3,s,0,3,0,12,4,0,2,3,2,2,s,5,2,s,0,11,4,0,s,0,19,s,27
1650,s,0,4,18,3,3,s,0,3,d,12,4,0,2,3,2,2,s,5,2,s,0,11,4,50,s,0,d,s,27
1524,s,0,4,18,3,d,s,18,s,0,12,4,0,2,3,2,2,s,5,2,s,0,11,4,s,s,0,19,s,27
1445,s,0,s,18,3,3,s,0,3,d,12,4,0,2,3,s,2,s,5,d,s,0,11,4,0,s,0,d,s,d
I373,s,0,0,18,3,3,s,8,3,0,12,4,0,2,3,2,2,s,5,2,s,0,0,4,0,s,0,19,s,27
1085,s,0,d,18,3,3,s,8,3,0,12,4,3,2,3,2,2,s,5,2,s,d,0,4,0,s,0,19,s,27
1390,s,d,4,d,3,3,s,8,3,4,12,4,0,2,3,2,2,s,5,2,s,0,0,d,0,s,0,19,s,27
I380,s,0,0,18,3,0,0,8,0,0,0,4,s,2,0,0,2,3,0,0,8,0,0,0,0,0,0,19,s,27
I381,s,2,0,18,3,0,0,8,1,0,0,4,s,2,0,3,2,3,5,s,8,4,0,0,0,0,0,19,s,27
I382,s,2,4,18,3,0,0,8,1,0,0,4,s,2,0,3,2,3,5,s,8,4,0,0,0,0,0,19,s,27
I383,s,2,4,18,3,0,0,8,1,0,0,4,s,2,0,3,2,3,5,s,8,4,0,0,0,0,0,19,s,27
I384,s,2,4,18,3,0,0,8,1,0,7,4,s,2,0,3,2,3,5,s,8,4,0,0,0,26,2,19,s,27
1567,s,d,s,18,3,4,0,8,1,0,7,d,s,2,d,3,2,3,5,s,d,s,d,0,0,26,d,d,s,d
1698,s,2,4,18,3,d,0,8,1,3,7,d,s,2,27,d,2,d,5,s,8,4,0,0,0,26,2,19,s,27
1741,s,2,d,18,3,0,0,8,1,0,0,4,s,2,0,3,2,3,5,s,8,d,19,0,d,0,1,19,s,27
I398,s,2,4,18,3,0,0,8,1,0,0,4,s,2,0,3,2,3,5,s,8,4,0,0,0,0,0,19,s,27
I399,s,2,4,18,3,0,0,8,1,4,0,4,s,2,0,3,2,3,5,s,8,4,0,9,0,0,0,19,s,27
I401,s,2,4,18,3,0,2,s,1,4,0,4,s,2,s,3,2,3,5,s,8,4,0,9,0,0,0,19,s,27
1933,s,2,4,d,3,0,2,s,1,d,0,4,s,2,s,3,2,3,5,s,8,4,0,9,0,d,0,d,s,27
1932,s,d,4,18,3,0,2,s,1,4,0,4,s,2,s,3,2,3,5,s,8,d,0,9,d,0,0,19,s,27
I403,s,2,4,18,3,0,0,8,1,4,0,4,s,2,0,3,2,3,5,s,8,4,15,9,0,0,0,19,s,27
1788,s,2,4,18,3,0,0,8,1,d,0,4,s,2,0,3,2,3,5,s,8,4,15,d,d,0,0,19,s,27
1881,s,d,4,18,3,0,0,8,1,4,0,4,s,2,16,3,2,d,5,s,d,4,d,9,0,0,d,19,s,d
I406,s,2,4,18,3,0,0,8,1,0,0,4,s,2,0,3,2,3,5,s,8,4,0,0,0,0,0,19,s,27
I407,s,2,4,18,3,0,0,8,1,0,0,4,s,2,4,3,2,3,5,s,8,4,0,0,0,0,0,19,s,27
1689,s,2,d,18,3,d,0,8,1,0,d,4,s,2,4,3,2,d,5,s,8,4,0,d,23,0,0,d,s,27
1901,s,2,4,18,3,0,0,s,1,d,0,4,s,2,4,d,d,3,5,s,8,4,d,0,0,0,0,19,s,27
1828,s,2,4,18,3,4,0,8,1,0,d,4,s,2,0,3,d,3,5,s,d,4,0,d,0,d,d,19,s,27
I413,s,2,4,18,3,0,0,8,1,0,0,4,s,2,0,3,2,3,5,s,8,4,0,0,0,0,0,19,s,27
I414,s,2,4,18,3,0,0,8,1,0,0,4,s,2,0,3,2,3,5,s,8,4,0,0,0,0,0,19,s,27
I419,s,2,4,18,3,0,3,8,s,0,0,4,s,2,0,3,s,3,5,s,8,4,s,13,72,0,0,19,s,27
1291,s,2,4,18,3,4,3,8,s,0,0,d,s,2,0,3,s,3,5,s,8,4,s,13,72,13,0,19,s,d
I421,s,2,4,18,3,0,3,8,s,0,0,4,s,2,0,3,s,3,5,s,8,4,s,13,72,0,0,19,s,27
1285,s,2,4,18,3,5,3,8,s,0,0,4,s,2,0,3,s,3,5,s,8,d,s,13,72,0,0,19,s,27
1284,s,2,4,18,d,0,3,8,s,0,d,4,s,2,0,d,s,3,5,s,8,d,s,13,72,0,0,d,s,s
I422,s,2,4,18,3,4,8,8,1,0,0,4,s,2,17,3,2,3,5,s,8,4,0,22,0,0,0,19,s,27
I423,s,2,4,18,3,4,8,8,1,s,12,4,s,2,17,s,2,3,5,s,8,4,0,22,0,0,3,19,s,27
I424,s,2,4,18,3,4,8,8,1,s,12,4,s,2,17,s,2,3,5,s,8,4,0,22,0,14,3,19,s,27
1451,s,2,s,18,d,4,8,d,1,s,12,d,s,2,17,s,2,3,5,s,8,4,0,22,d,d,3,d,s,27
1450,s,d,4,18,3,4,8,8,1,s,12,4,s,2,17,s,2,d,5,s,8,4,d,22,d,14,d,19,s,27
I425,s,s,4,18,3,4,8,8,1,s,12,4,s,2,17,s,2,3,5,s,8,4,0,22,0,0,3,19,s,27
1209,s,s,4,18,3,4,8,8,1,s,12,d,s,2,17,s,d,3,d,s,8,4,0,22,0,0,3,19,s,27
1208,s,s,4,18,3,4,8,8,1,s,12,4,s,2,17,s,d,3,5,s,8,4,16,22,d,0,3,19,s,27
I426,s,2,4,18,3,4,8,8,1,0,0,4,s,2,17,3,2,3,5,s,8,4,0,22,0,0,0,19,s,27
I427,s,2,4,18,3,4,8,8,1,0,0,4,s,2,17,3,2,3,5,s,8,4,0,22,0,0,0,19,s,27
1157,s,2,4,d,3,4,8,8,1,0,d,4,s,2,d,3,2,3,5,s,8,d,0,22,0,0,0,s,s,27
1156,s,2,s,18,3,4,8,d,1,0,0,4,s,2,17,3,2,3,5,s,8,4,0,22,0,9,3,19,s,d
1109,s,2,4,18,d,4,8,8,d,0,d,4,s,2,d,s,2,3,d,s,8,4,0,22,0,0,d,19,s,27
I429,s,2,4,18,3,0,0,8,1,0,0,4,s,2,0,3,2,3,5,s,8,4,0,s,0,0,0,19,s,27
I430,s,2,4,18,3,0,0,8,1,0,0,4,s,2,0,3,2,s,5,s,8,4,0,s,0,0,0,19,s,27
I431,s,2,4,18,3,0,0,8,1,0,0,4,s,2,0,3,2,s,5,s,8,4,4,s,0,0,0,19,s,27
1408,s,2,4,18,3,0,0,8,d,0,d,4,s,d,0,3,d,s,5,s,8,4,4,s,0,d,d,19,s,27
1691,s,2,4,18,3,0,3,8,1,d,0,4,s,d,s,3,2,s,5,s,8,4,s,s,0,22,0,19,s,27
I434,s,2,4,18,3,0,0,8,1,0,0,4,s,2,0,3,2,s,5,s,8,4,0,s,0,0,0,19,s,27
I435,s,2,4,18,3,0,0,8,1,0,0,4,s,2,0,3,2,s,5,s,8,4,0,s,0,0,0,19,s,27
1663,s,2,4,18,3,0,0,8,1,0,0,4,s,2,31,3,2,s,d,s,8,4,0,s,0,d,0,19,s,27
1662,s,2,4,18,3,0,0,8,1,d,0,4,s,2,0,d,2,s,5,s,8,4,d,s,0,0,0,19,s,d
1584,s,2,4,d,3,d,d,8,1,0,0,4,s,2,d,3,2,s,5,s,8,4,0,s,d,0,d,19,s,27
I438,s,2,4,18,3,0,0,8,1,0,0,4,s,2,0,3,2,s,5,s,8,4,0,s,0,s,1,19,s,27
1529,s,d,4,18,3,0,0,8,1,0,0,4,s,2,0,3,2,s,5,s,d,4,0,s,0,s,1,19,s,27
1602,s,2,4,18,3,0,0,8,1,0,0,4,s,2,0,3,2,s,d,s,8,4,0,s,0,s,d,19,s,d
I444,s,0,0,18,3,0,0,8,0,0,0,s,s,2,7,0,2,3,0,0,8,0,0,0,37,0,0,19,s,27
I445,s,0,0,18,3,0,0,8,0,0,0,s,s,2,7,0,2,3,0,0,8,0,0,0,37,0,0,19,s,27
I446,s,0,4,18,3,0,0,8,0,4,0,s,s,2,7,0,2,3,0,0,8,0,0,0,37,0,0,19,s,27
1273,s,0,4,18,3,4,5,d,0,4,d,s,s,2,7,0,2,d,0,0,8,32,19,18,37,0,0,19,s,27
I454,s,0,4,18,3,0,0,8,0,4,0,s,s,2,7,2,2,3,0,6,8,11,0,0,37,0,0,19,s,27
I455,s,0,4,18,3,0,0,8,0,4,0,s,s,2,7,2,2,3,0,6,8,11,0,0,37,0,0,19,s,27
1907,s,0,4,18,3,0,0,8,0,4,0,s,s,d,7,2,2,3,0,6,8,11,d,0,37,0,0,19,s,27
1820,s,2,d,18,3,0,0,8,0,4,0,s,s,2,7,2,2,3,d,6,8,11,0,0,37,0,0,d,s,27
2024,s,18,4,18,3,0,0,8,0,4,0,s,s,2,7,2,2,3,0,6,8,11,0,4,37,0,0,19,s,27
I461,s,0,0,18,3,0,0,8,0,0,0,s,s,2,7,0,2,3,0,0,8,0,0,0,37,0,0,19,s,27
1466,s,0,d,18,3,4,d,8,2,4,0,s,s,2,7,0,2,3,0,s,d,0,0,5,37,0,s,s,s,27
I469,s,0,0,18,3,0,11,8,0,0,0,s,s,2,7,0,2,3,0,4,8,30,0,0,37,0,0,19,s,27
I470,s,0,0,18,3,0,11,8,0,0,0,s,s,2,7,0,2,3,9,4,8,30,0,9,37,0,0,19,s,27
I471,s,0,0,18,3,0,11,8,0,4,0,s,s,2,7,0,2,3,9,4,8,30,0,9,37,0,3,19,s,27
1653,s,0,d,18,3,0,11,8,0,4,d,s,s,2,7,0,2,3,9,4,8,30,d,9,37,d,3,19,s,27
1652,s,0,0,18,3,0,11,d,0,4,0,s,s,2,7,0,2,3,9,4,8,d,0,9,37,d,3,19,s,27
1619,s,d,0,18,3,0,11,8,0,d,0,s,s,2,7,0,d,3,9,4,8,30,0,9,37,d,3,19,s,27
1853,s,13,0,d,3,0,11,d,0,2,13,s,s,2,7,0,2,3,0,4,8,30,0,0,37,0,0,19,s,27
I476,s,3,0,18,3,0,0,8,0,0,0,s,s,2,7,0,2,3,0,0,8,0,0,0,37,0,0,s,s,27
I477,s,3,0,18,3,0,0,8,0,0,0,s,s,2,7,0,2,3,0,0,8,0,0,0,37,0,0,s,s,27
I478,s,3,0,18,3,4,0,8,0,0,0,s,s,2,7,0,2,3,4,0,8,27,13,0,37,0,0,s,s,27
1503,s,3,0,18,3,4,0,d,0,0,0,s,s,2,7,0,2,3,4,14,8,27,13,23,37,0,0,s,s,27
I484,s,3,0,18,3,4,5,8,0,0,0,s,s,2,7,0,2,3,4,0,8,27,13,0,37,0,0,s,s,27
1705,s,3,0,18,3,4,5,8,d,4,0,s,s,2,7,0,2,3,4,0,8,27,d,d,37,d,0,s,s,27
1704,s,3,0,d,3,d,5,8,0,0,0,s,s,2,7,2,2,3,4,0,d,27,13,d,37,0,0,s,s,27
I486,s,s,0,18,3,0,0,8,0,s,0,s,s,2,7,2,2,3,12,6,8,0,0,0,37,0,0,s,s,27
I487,s,s,0,18,3,0,0,8,0,s,0,s,s,2,7,2,2,3,12,6,8,21,0,0,37,0,0,s,s,27
1809,s,s,0,18,3,0,0,8,0,s,0,s,s,2,7,2,2,3,12,6,8,21,0,0,37,d,0,s,s,27
1808,s,s,0,18,3,0,0,d,0,s,0,s,s,d,7,2,2,3,d,6,8,21,0,0,37,0,0,s,s,27
1708,s,s,0,18,d,0,d,8,0,s,15,s,s,2,7,2,2,3,d,6,8,0,0,0,37,0,0,s,s,s
I492,s,3,0,18,3,0,0,8,3,0,13,s,s,2,7,2,2,3,0,0,8,0,0,13,37,0,0,s,s,27
1865,s,s,d,d,3,4,0,8,3,0,13,s,s,2,7,2,2,d,0,d,8,d,19,13,37,0,d,s,s,d
I500,s,3,0,18,3,0,0,8,3,0,13,s,s,2,7,2,2,3,0,9,8,0,0,13,37,0,0,s,s,27
I501,s,3,0,18,3,4,0,8,3,0,13,s,s,2,7,s,2,3,0,9,8,0,0,13,37,0,0,s,s,27
2040,s,3,0,18,3,4,0,8,3,0,13,s,s,2,7,s,2,3,0,9,d,d,0,13,37,0,0,s,s,27
I503,s,3,4,18,3,4,0,8,3,0,13,s,s,2,7,s,2,3,0,9,8,32,0,13,37,0,0,s,s,27
2001,s,3,4,18,d,4,0,8,3,0,13,s,s,2,7,s,2,d,0,9,8,32,0,13,d,0,0,s,s,27
2000,s,3,d,18,3,4,0,8,3,0,13,s,s,2,7,s,d,3,0,9,8,d,0,13,37,0,0,s,s,27
I504,s,3,0,18,3,0,0,8,3,0,13,s,s,2,7,2,2,3,12,9,8,0,0,13,37,0,0,s,s,27
I505,s,3,s,18,3,0,0,8,3,0,13,s,s,2,7,2,2,3,12,9,8,0,0,13,37,0,0,s,s,27
1659,s,3,s,18,3,0,0,8,d,d,13,s,s,2,7,d,2,3,12,9,8,0,0,13,37,0,0,s,s,27
1658,s,3,s,18,3,0,0,8,3,0,13,s,s,d,7,2,2,d,12,9,8,0,d,13,37,0,0,s,s,d
1905,s,3,0,18,s,0,0,8,d,d,13,s,s,2,7,2,2,s,12,d,8,0,0,13,37,0,0,s,s,27
I507,0,0,0,0,0,4,0,0,0,0,0,4,0,0,0,0,0,3,0,0,0,0,16,12,0,0,0,0,1,0
I508,0,0,0,0,0,4,0,0,0,0,15,4,3,0,0,0,0,3,0,0,0,11,16,12,0,0,0,0,1,0
I509,1,0,s,0,0,4,0,0,0,4,15,4,3,0,0,0,0,3,0,0,0,11,16,12,0,0,0,0,1,0
I510,1,0,s,2,0,4,12,0,2,4,15,s,3,0,0,0,0,3,0,0,0,11,16,12,0,0,0,0,1,44
I511,1,0,s,2,0,4,12,0,2,4,15,s,3,9,0,0,0,3,0,0,0,11,16,12,69,0,0,0,1,44
I512,1,0,s,2,0,4,12,0,2,4,15,s,3,9,0,0,0,3,0,0,0,11,16,12,69,0,0,0,1,44
I513,1,0,s,2,0,4,12,0,2,4,15,s,3,9,0,0,0,3,0,0,0,11,16,12,69,0,0,0,1,44
I514,1,0,s,2,0,4,12,0,2,4,15,s,3,9,0,0,0,3,0,0,0,11,16,12,69,0,0,0,1,44
1066,1,0,s,2,0,4,12,0,2,4,15,s,3,9,0,0,0,3,0,d,19,11,16,d,d,0,0,d,1,44
I516,1,0,s,2,0,4,12,0,2,4,15,s,3,9,0,0,10,3,0,0,0,11,16,12,69,0,0,38,1,44
1065,1,0,s,2,0,4,12,0,d,4,15,s,3,9,0,0,10,3,0,0,0,11,16,12,69,0,0,38,1,44
1064,1,0,s,d,0,4,12,0,2,4,15,s,3,9,1,0,10,3,0,d,d,11,16,12,69,0,d,38,1,44
1107,1,d,s,2,3,d,12,0,2,4,15,s,3,9,0,2,0,3,0,0,d,11,16,12,69,d,d,0,1,d
I520,1,15,s,2,0,4,12,0,2,4,15,s,3,9,0,0,0,3,0,0,0,11,16,12,69,0,0,0,1,44
I521,1,15,s,2,0,4,12,0,2,4,15,s,3,9,0,0,0,3,0,s,0,11,16,12,69,0,0,0,1,44
1323,1,15,s,2,0,4,d,d,2,4,15,s,3,d,0,0,0,d,0,s,0,11,16,12,69,0,0,0,1,44
I523,1,15,s,2,0,4,12,0,2,4,15,s,3,9,5,2,0,3,0,s,0,11,16,12,69,0,0,0,1,44
1257,1,15,s,2,0,d,12,0,2,4,15,s,3,9,d,d,0,3,0,s,0,11,16,12,69,27,0,0,1,44
1256,d,15,s,2,0,4,12,0,2,4,15,s,d,9,d,2,d,3,0,s,0,11,16,12,d,d,0,0,1,44
I525,1,15,s,2,3,4,12,0,2,4,15,s,3,9,0,0,0,3,0,0,0,11,16,12,69,27,0,0,1,44
1355,1,15,s,d,3,4,12,0,2,4,d,s,s,d,0,0,0,3,0,0,0,11,16,12,d,27,d,0,1,d
1354,1,15,s,2,3,d,12,0,2,4,15,s,3,9,0,0,0,3,0,0,0,11,16,12,69,27,0,d,1,44
I527,1,0,s,2,0,4,12,0,2,4,15,s,3,9,0,0,0,3,0,0,0,11,16,12,69,26,0,0,1,44
I528,1,0,s,2,0,4,12,0,2,4,15,s,3,9,0,0,0,3,0,0,0,s,16,12,69,26,0,0,1,44
1381,1,0,s,d,0,4,12,0,2,4,15,s,3,9,0,0,d,3,15,d,0,s,16,12,69,26,0,39,1,44
I532,1,0,s,2,0,4,12,0,2,4,15,s,3,9,0,0,0,3,0,0,0,s,16,12,69,26,0,s,1,44
1388,1,0,s,2,0,d,12,0,d,4,d,s,3,9,0,0,0,d,0,0,d,s,16,12,69,d,0,s,1,44
I534,1,0,s,2,0,4,12,0,2,4,15,s,3,s,0,2,0,3,0,0,0,s,16,12,69,26,0,s,1,44
1393,d,0,s,2,0,4,12,d,2,4,15,s,3,s,0,2,0,3,0,0,0,s,16,12,69,26,0,s,1,d
1392,1,0,s,d,0,4,12,0,2,4,d,s,3,s,0,2,0,3,d,d,0,s,16,12,69,26,0,s,1,44
I535,1,20,s,2,0,4,12,0,2,4,s,s,3,9,0,0,0,3,0,0,0,11,16,12,69,26,0,0,1,44
I536,1,20,s,2,0,4,12,0,2,4,s,s,3,9,0,1,0,3,0,0,0,s,16,12,69,26,0,0,1,44
I537,1,20,s,2,0,4,12,0,2,4,s,s,3,9,0,1,0,3,0,0,0,s,16,12,69,26,0,0,1,44
1211,1,20,s,2,0,4,12,d,2,4,s,s,3,9,0,1,0,3,0,0,0,s,16,d,69,26,0,0,1,44
1210,1,20,s,2,3,4,12,d,2,4,s,s,3,9,0,1,0,3,0,0,0,s,16,12,69,d,0,0,1,44
1237,d,20,s,2,0,4,12,0,2,4,s,s,3,9,s,1,0,3,0,11,0,s,16,12,69,d,0,0,1,44
I539,1,20,s,2,0,s,12,0,2,4,s,s,3,9,0,0,s,3,15,0,6,11,16,12,69,26,0,0,1,44
I540,1,20,s,2,0,s,12,0,2,4,s,s,3,9,0,0,s,3,15,0,6,11,16,12,69,26,0,0,1,44
1155,1,d,s,2,0,s,d,0,2,4,s,s,3,9,0,0,s,3,15,0,6,d,16,d,69,26,0,0,1,44
1154,d,20,s,2,0,s,12,0,2,4,s,s,3,d,d,0,s,3,d,0,6,11,16,12,69,26,d,0,1,44
1175,1,20,s,2,0,s,12,0,2,4,s,s,d,d,7,d,s,3,15,9,d,11,d,12,69,26,0,d,1,44
I542,1,0,s,2,0,4,12,0,2,4,15,s,3,0,2,0,0,3,0,0,0,11,16,12,0,0,0,0,1,44
I543,1,1,s,2,0,4,12,0,2,4,15,s,3,0,2,0,0,3,0,0,0,11,16,12,0,0,1,0,1,44
I544,1,1,s,s,0,4,12,0,2,4,15,s,3,0,2,0,0,3,0,0,0,11,16,12,0,26,s,0,1,44
I545,1,s,s,s,0,4,12,0,2,4,15,s,3,0,2,2,0,3,9,0,0,11,16,12,0,26,s,0,s,44
I546,1,s,s,s,0,4,12,14,2,4,15,s,3,0,2,2,0,3,9,0,0,11,16,12,0,26,s,0,s,44
1183,1,s,s,s,0,4,12,14,2,4,d,s,3,0,2,2,0,3,9,d,0,11,16,d,0,26,s,0,s,44
1182,1,s,s,s,0,4,12,14,2,d,15,s,3,0,2,2,0,3,9,d,0,d,16,12,0,26,s,17,s,44
I547,1,s,s,s,0,4,12,0,2,4,15,s,3,0,2,2,0,3,9,0,0,11,16,12,0,26,s,0,s,44
1083,1,s,s,s,0,4,12,0,2,d,15,s,3,0,2,2,3,d,9,0,0,11,16,12,d,26,s,0,s,44
1082,1,s,s,s,0,4,12,0,2,4,15,s,3,27,2,2,0,3,9,0,0,11,d,12,0,26,s,41,s,44
I548,1,1,s,s,3,4,12,0,2,4,15,s,s,0,2,0,0,3,s,0,0,11,16,12,0,26,s,0,1,44
I549,1,1,s,s,3,4,12,0,2,4,15,s,s,35,2,0,0,3,s,0,0,11,16,12,0,26,s,1,1,44
1047,d,1,s,s,3,d,d,0,2,4,d,s,s,35,2,0,0,3,s,0,d,11,16,12,0,26,s,d,1,44
I550,1,1,s,s,3,4,12,0,2,4,15,s,s,35,2,0,0,3,s,0,0,11,16,12,0,26,s,1,1,44
2047,d,1,s,s,d,4,12,0,2,d,15,s,s,35,2,0,0,3,s,0,0,11,16,12,0,26,s,1,1,44
2046,1,d,s,s,3,4,12,0,2,4,15,s,s,35,2,0,d,3,s,0,0,11,16,12,0,d,s,1,1,44
1126,1,1,s,s,3,d,12,0,s,4,15,s,s,0,2,0,d,3,s,0,0,11,16,d,0,26,s,0,1,44
I552,1,1,s,2,0,4,12,0,2,4,15,s,3,0,2,0,0,3,9,0,7,11,16,12,0,0,1,0,1,44
I555,1,1,s,2,0,4,12,0,2,4,15,s,3,0,2,2,0,3,s,0,7,s,16,12,0,0,1,0,1,44
1203,1,1,s,2,d,4,12,0,2,4,15,s,3,0,2,2,d,3,s,0,7,s,16,12,0,0,1,d,1,44
1202,1,1,s,2,0,4,d,0,2,4,d,s,3,0,2,2,d,3,s,d,7,s,16,12,0,0,1,0,1,d
I556,1,1,s,2,0,4,12,0,2,4,15,s,3,0,2,0,0,3,9,0,7,11,16,12,0,0,s,0,1,44
1267,s,1,s,d,0,4,12,s,2,d,15,s,3,0,2,0,0,3,9,0,7,11,16,12,d,0,s,0,1,44
I558,1,1,s,2,0,4,12,0,2,4,15,s,3,23,2,0,0,3,9,0,7,11,16,12,s,0,s,0,1,44
2016,1,1,s,2,d,4,12,0,2,4,15,s,3,23,2,0,0,3,9,0,7,11,16,12,s,0,s,22,d,44
I560,1,1,s,2,0,4,12,0,2,4,15,s,3,23,2,0,0,3,9,0,7,11,16,12,s,s,s,0,1,44
2039,1,d,s,2,d,4,12,0,2,4,15,s,3,23,2,0,0,3,9,0,7,11,16,d,s,s,s,0,1,44
2038,1,1,s,2,0,4,d,0,d,4,15,s,3,23,2,0,0,3,9,0,7,11,16,12,s,s,s,d,1,d
I561,1,0,s,2,0,4,12,0,2,4,15,s,3,0,2,2,0,3,0,0,0,11,16,12,0,0,0,0,s,44
I562,1,0,s,2,3,4,12,0,2,4,15,s,3,0,2,2,0,3,0,0,7,11,16,12,0,0,0,0,s,44
I565,1,0,s,2,3,4,12,0,2,4,15,s,3,0,2,2,0,3,9,0,7,11,16,s,0,0,0,0,s,44
1169,1,0,s,2,3,4,12,d,2,4,15,s,3,0,2,2,0,3,s,0,7,11,16,s,0,1,d,0,s,44
1168,d,0,s,2,3,4,12,0,2,4,15,s,3,0,d,d,0,3,d,0,7,11,16,s,0,0,0,0,s,d
1400,d,0,s,2,3,4,12,0,2,d,15,s,3,0,2,2,0,3,d,0,7,11,16,12,0,0,0,d,s,44
I570,1,0,s,2,0,4,12,14,2,4,15,s,s,0,2,2,2,3,0,0,0,s,16,12,0,14,0,0,s,44
1294,1,0,s,2,0,4,12,s,2,4,15,s,s,0,2,2,2,3,d,0,d,s,d,12,0,14,0,0,s,44
1353,1,0,s,2,0,4,12,14,2,4,15,s,s,0,d,2,2,d,0,0,10,s,16,12,d,14,0,d,s,44
I576,1,0,s,0,0,4,0,0,0,4,15,4,3,0,0,0,1,3,0,0,0,11,16,12,0,0,0,0,1,0
I577,1,0,s,0,0,4,0,0,0,4,15,4,3,0,0,0,1,3,0,0,0,11,16,12,0,0,0,0,1,0
I578,1,0,s,0,0,4,0,0,0,4,15,4,3,0,0,0,1,3,11,0,0,11,16,12,0,0,3,0,1,0
I579,1,0,s,21,0,4,0,0,s,4,15,4,3,0,0,0,1,3,11,0,0,11,16,12,0,0,s,0,1,0
I580,1,0,s,21,0,4,0,0,s,4,15,4,3,0,0,0,1,3,11,0,0,11,16,12,0,0,s,0,1,0
1835,1,0,s,21,0,d,d,9,s,d,d,4,3,0,d,0,1,3,11,0,d,11,16,12,0,0,s,0,1,d
1671,1,0,s,21,0,4,0,0,s,s,15,4,3,d,0,0,1,3,11,0,0,11,16,12,12,0,s,0,1,0
I583,1,0,s,21,0,4,0,0,s,4,15,4,3,s,0,0,1,3,11,0,0,11,16,12,0,0,s,0,1,0
I584,1,0,s,21,0,4,0,0,s,4,15,4,3,s,0,0,1,3,11,14,0,11,s,12,0,0,s,0,1,0
1949,d,0,s,21,0,4,0,0,s,4,15,4,3,s,0,0,1,3,11,14,0,11,s,12,0,0,s,0,1,0
1948,d,0,s,d,d,4,0,0,s,d,15,4,d,s,0,0,d,3,11,14,0,11,s,12,0,0,s,0,1,0
1748,1,0,s,d,0,4,2,0,s,4,d,4,3,s,0,0,1,3,11,d,0,11,d,12,0,0,s,0,1,0
I586,1,0,s,0,0,4,0,0,0,4,s,4,3,0,0,0,1,3,11,0,0,11,16,12,0,0,3,0,1,0
I589,1,0,s,0,0,4,3,0,0,4,s,4,3,0,0,2,1,3,11,0,0,11,16,12,0,0,3,0,1,0
1177,1,d,s,0,0,4,3,0,0,4,s,4,3,0,0,2,1,3,11,0,0,11,16,12,0,0,3,0,1,0
1176,1,0,s,0,0,s,3,0,0,4,s,4,d,0,0,2,1,3,11,0,0,11,16,12,0,0,3,0,1,0
I590,1,0,s,0,0,4,0,0,0,4,s,4,3,0,0,0,1,3,11,0,0,11,16,12,0,0,3,0,1,0
1910,1,0,s,0,0,4,0,0,3,4,s,4,s,0,0,0,1,3,11,s,0,d,16,12,0,d,3,0,1,0
1341,1,0,s,0,0,4,0,0,s,4,s,d,3,0,d,1,1,d,11,0,20,11,16,12,0,0,3,0,1,0
I593,1,0,s,0,0,4,0,0,1,4,15,4,3,8,0,0,1,3,0,0,0,11,16,12,23,0,0,16,1,0
I594,1,s,s,0,0,4,0,0,1,4,15,4,3,8,0,0,1,3,0,0,0,11,16,12,23,0,0,16,1,0
I595,1,s,s,0,0,4,0,0,1,4,15,4,3,8,8,0,1,3,0,0,12,11,16,12,23,0,0,16,1,0
1199,1,s,s,0,0,4,0,0,d,4,15,4,3,8,8,0,1,3,0,0,12,11,16,12,23,0,d,16,1,0
2011,1,s,s,0,d,4,d,0,1,4,d,4,3,8,8,2,1,3,d,0,12,11,16,12,23,0,0,16,1,0
I600,1,s,s,0,0,4,6,0,1,4,15,4,3,8,0,0,1,3,0,0,0,11,16,12,23,0,1,16,1,0
1216,1,s,s,0,0,d,6,d,1,4,d,4,d,8,0,2,1,3,0,0,0,11,16,12,23,0,1,d,d,0
1327,1,s,s,0,0,4,d,15,1,d,d,4,3,8,0,0,1,3,15,0,d,11,16,12,23,15,1,16,1,0
I603,1,0,s,0,0,4,0,3,1,4,15,4,3,8,0,0,1,3,0,0,0,11,16,12,23,0,3,16,1,0
I604,1,0,s,0,0,4,0,3,1,4,15,4,3,8,0,0,1,3,0,0,7,11,16,12,23,0,3,16,1,0
1419,1,0,s,0,0,4,0,3,1,4,d,4,d,8,d,0,1,3,d,0,7,11,16,d,23,0,3,16,1,40
1086,1,11,s,0,3,4,0,d,1,4,15,4,d,8,0,0,d,3,0,0,7,d,d,12,23,0,3,d,d,0
I607,1,0,s,0,0,4,0,3,1,4,15,4,3,s,0,0,1,3,0,0,0,11,16,12,23,0,3,16,1,0
1207,d,0,s,0,0,4,0,3,d,d,15,4,3,s,0,0,1,3,0,d,0,d,16,12,23,0,3,16,1,0
I609,1,0,s,0,0,4,0,3,1,4,15,4,3,s,0,2,1,3,0,0,0,11,16,12,23,0,3,16,1,0
1179,1,0,s,0,0,4,0,3,1,4,15,s,3,s,33,2,1,3,0,d,0,11,16,d,23,0,3,16,1,0
1178,1,0,s,0,0,4,0,3,1,4,d,4,3,s,0,2,1,3,0,0,0,11,16,12,23,0,3,16,1,0
I610,1,0,s,0,0,4,s,0,0,4,15,4,3,0,0,0,1,3,0,2,0,11,16,12,0,26,0,16,1,0
I611,1,0,s,0,0,4,s,0,0,4,15,4,3,2,0,0,1,3,9,2,0,11,16,12,0,26,2,16,1,0
I616,1,0,s,0,0,4,s,0,0,4,s,4,3,2,35,0,1,3,9,2,0,11,16,12,0,26,2,16,1,4
1452,1,0,s,0,0,4,s,15,d,4,s,4,3,d,s,0,1,3,9,2,0,11,16,12,0,d,d,16,1,4
1533,1,0,s,0,0,4,s,0,0,s,s,4,s,2,35,0,d,d,9,2,0,11,d,12,0,26,2,16,1,4
I619,1,0,s,17,0,4,s,0,0,4,15,4,3,2,0,0,1,3,9,2,0,11,16,12,0,26,2,16,1,0
I622,1,0,s,17,3,4,s,0,0,4,15,4,3,2,0,0,1,3,9,2,0,11,16,12,0,26,2,16,1,0
1201,1,0,s,17,3,4,s,0,0,4,15,4,3,2,0,0,1,3,9,d,0,d,16,12,0,26,d,16,1,d
1200,1,0,s,17,d,d,s,0,0,4,d,4,3,2,0,0,1,3,9,2,0,11,16,12,0,26,2,d,d,0
I623,1,0,s,17,3,4,s,0,1,4,15,4,3,2,0,0,1,3,9,2,0,11,16,12,0,26,s,16,1,0
1324,1,d,s,17,3,4,s,0,1,d,15,4,3,2,0,0,1,3,9,2,0,11,16,12,0,26,s,16,1,0
I625,1,13,s,17,3,4,s,0,1,4,15,4,3,2,0,0,1,3,9,2,0,s,16,12,73,26,s,16,1,0
1399,1,13,s,d,3,4,s,0,1,4,15,4,3,2,0,0,d,d,9,2,0,s,16,12,d,26,s,16,d,0
1398,1,13,s,17,3,4,s,0,1,4,15,4,3,2,0,0,1,3,d,2,0,s,d,12,73,26,s,16,1,0
I626,1,0,s,0,0,4,s,0,0,4,15,4,3,3,0,0,1,3,0,2,0,11,16,12,0,26,1,16,1,0
I627,1,0,s,0,0,4,s,0,0,4,15,4,3,3,0,0,1,3,0,2,0,11,16,12,14,26,1,16,1,0
1316,1,s,s,0,0,4,s,0,0,4,15,4,3,3,35,0,1,3,0,2,s,11,16,12,s,26,1,16,1,37
1384,1,0,s,d,0,4,s,d,3,4,15,4,3,3,0,0,1,3,0,2,28,11,16,d,14,26,1,16,1,0
I634,1,3,s,0,0,4,s,0,0,4,15,4,3,3,0,0,1,3,0,2,0,11,16,12,0,26,1,16,1,54
I635,1,3,s,0,0,4,s,5,0,4,15,s,3,3,0,0,1,3,0,2,0,11,16,12,0,26,1,16,1,54
1335,1,3,s,7,0,4,s,5,1,4,15,s,3,3,d,0,1,3,0,2,0,d,16,d,0,26,1,16,1,54
1484,1,3,s,s,3,d,s,d,3,4,15,s,d,3,0,0,d,3,d,2,0,11,16,12,0,26,1,16,1,54
I638,1,3,s,s,0,4,s,2,0,4,15,4,3,3,5,0,1,3,0,2,0,11,16,12,0,26,1,16,1,54
1469,1,3,s,s,0,4,s,2,d,4,15,4,3,3,s,0,1,3,18,2,0,11,16,12,0,26,1,16,1,54
1350,1,3,s,s,0,d,s,2,0,4,15,d,3,3,5,0,1,3,0,2,0,11,16,12,0,26,1,16,1,54
I641,0,0,4,17,0,4,0,0,0,4,15,4,s,0,0,0,0,3,0,0,6,11,16,12,15,0,0,0,1,0
I642,0,0,4,17,0,4,0,0,0,4,15,4,s,0,0,0,0,3,0,0,6,11,16,12,15,0,0,0,1,0
I643,0,0,4,17,0,4,0,0,0,4,15,4,s,0,0,2,0,3,0,0,6,11,16,12,15,0,1,0,1,0
I644,0,0,4,17,0,4,0,0,0,4,15,4,s,0,0,2,0,3,0,0,6,11,16,12,15,0,1,0,1,0
I645,0,0,4,17,0,4,0,0,2,4,15,4,s,0,0,2,0,3,0,0,6,11,16,12,15,0,1,0,1,s
I646,0,0,4,17,0,4,0,0,2,4,15,s,s,0,0,2,1,3,0,0,6,11,16,12,15,0,1,0,1,s
I647,0,0,4,17,0,4,0,0,2,4,15,s,s,0,0,2,1,3,0,0,6,11,16,12,15,0,1,0,1,s
1883,0,0,4,d,d,4,0,0,d,4,15,s,s,0,0,2,1,3,0,0,6,11,16,d,15,0,1,0,1,s
1882,d,d,4,17,0,4,0,0,2,4,15,s,s,0,0,2,1,3,0,0,6,11,16,12,15,0,1,9,1,s
I648,0,0,4,17,0,4,0,0,2,4,15,s,s,0,0,2,1,3,0,0,6,11,16,12,15,0,1,0,1,s
1861,0,0,4,d,0,4,0,0,2,d,15,s,s,0,0,2,1,3,d,0,6,11,16,d,15,0,1,0,1,s
1860,0,d,4,17,d,d,0,0,2,d,15,s,s,0,d,2,1,3,0,0,6,11,d,12,d,0,1,0,1,s
I651,0,0,4,17,0,4,3,0,2,4,15,4,s,0,0,2,0,3,0,0,6,11,16,12,15,26,1,0,1,s
1559,0,0,4,17,d,d,3,0,2,4,15,d,s,0,0,2,0,d,0,0,6,11,16,d,15,26,1,0,1,s
1558,0,0,4,17,0,4,3,0,s,d,15,4,s,d,0,2,0,3,0,0,d,11,16,12,15,26,1,0,1,s
1700,0,0,4,s,d,4,0,s,0,4,15,4,s,s,0,2,0,d,d,s,6,11,d,12,15,0,d,0,1,0
I659,1,0,4,17,0,4,s,0,0,4,15,4,s,0,0,2,0,3,0,2,6,11,16,12,15,0,1,0,1,0
I660,1,1,4,17,0,4,s,0,0,4,15,4,s,0,0,2,0,3,0,2,6,11,16,12,15,0,1,0,1,0
I661,1,1,4,17,0,4,s,0,0,4,15,4,s,0,0,2,0,3,0,2,6,11,16,12,15,0,1,0,1,0
1229,1,1,4,d,d,d,s,3,2,d,15,d,s,0,0,2,1,s,d,2,6,11,16,12,15,0,1,0,1,0
I663,1,1,4,17,0,4,s,0,0,4,15,4,s,0,0,2,0,3,0,2,6,11,16,12,15,0,1,0,1,0
1221,1,1,4,d,0,4,s,0,0,4,15,4,s,0,0,2,d,3,0,2,6,11,16,12,15,0,d,0,1,0
1220,1,1,4,17,0,4,s,0,d,d,15,d,s,0,0,2,0,3,0,2,6,11,16,12,15,d,1,0,d,0
I664,1,1,4,17,0,4,s,0,0,4,15,4,s,0,0,2,0,3,0,2,6,11,16,12,15,0,1,0,1,0
1470,d,1,4,17,0,4,s,1,0,4,d,4,s,d,0,2,0,3,0,2,6,11,16,12,15,0,d,0,1,5
I666,1,1,4,17,0,4,s,0,3,4,15,4,s,0,0,2,0,3,0,2,6,11,16,12,15,0,1,23,1,0
1403,1,d,4,d,0,4,s,0,3,4,15,4,s,0,0,2,0,3,0,2,6,11,16,12,d,0,1,23,1,0
1402,1,1,4,17,0,4,s,0,3,4,15,4,s,0,0,2,d,3,d,2,6,11,16,12,d,0,1,23,1,5
I667,1,0,4,17,0,4,s,0,3,4,15,4,s,0,0,2,0,3,0,2,6,11,16,12,15,0,1,0,1,0
1561,1,0,4,17,0,4,s,0,3,4,15,4,s,0,d,2,10,3,0,2,d,11,16,12,15,8,1,d,1,0
I671,1,0,4,17,3,4,s,0,3,4,15,4,s,0,0,2,0,3,0,2,6,11,16,12,15,0,1,0,1,0
1631,1,0,4,17,3,4,s,d,3,4,15,d,s,d,0,d,d,3,0,2,6,d,16,12,15,0,1,0,1,d
1778,1,0,4,17,3,4,s,0,3,4,15,4,s,0,0,2,d,3,0,2,6,d,16,12,15,0,1,0,1,0
I674,0,0,4,17,0,4,0,0,0,4,15,4,s,0,0,0,0,3,0,0,6,11,16,12,15,0,0,0,1,0
I675,0,0,4,17,0,4,0,0,0,4,15,4,s,0,0,0,0,3,0,0,6,11,16,12,15,0,0,0,1,0
I676,1,0,4,17,s,4,0,0,3,4,15,4,s,0,0,0,0,3,0,0,6,11,16,12,15,0,0,6,1,0
1540,1,0,4,17,s,4,0,1,3,4,d,d,s,0,d,d,d,s,9,0,6,11,16,12,15,0,1,6,1,0
I680,1,0,4,17,s,4,0,0,3,4,15,4,s,0,0,2,0,3,0,0,6,11,16,12,15,0,0,6,1,0
1297,1,0,4,17,s,4,0,0,3,4,15,4,s,0,d,d,0,3,0,0,6,11,16,12,d,0,1,6,1,0
1134,d,d,4,17,s,4,12,d,d,4,15,d,s,3,0,2,0,d,0,0,6,11,d,12,15,26,0,6,1,0
I683,0,0,4,17,0,4,0,0,0,4,15,4,s,0,0,0,0,3,5,0,6,11,16,12,15,0,0,0,1,0
I684,0,0,4,17,0,4,0,0,0,4,15,4,s,0,0,0,0,3,5,9,6,11,16,12,15,0,0,0,1,0
I685,0,0,4,17,0,4,0,0,0,4,15,s,s,28,0,0,12,3,5,9,6,11,16,12,15,0,1,0,1,0
1855,0,d,4,17,d,4,d,d,0,4,d,s,s,28,0,0,12,d,5,9,6,11,d,12,15,d,1,0,1,0
1854,0,0,4,17,0,4,0,0,0,4,15,s,s,28,0,0,12,3,5,9,6,11,16,d,15,0,1,0,1,d
1795,0,s,4,17,0,4,6,0,d,4,15,d,s,0,0,0,d,3,5,9,6,11,d,12,15,0,0,0,1,2
I687,0,0,4,17,0,4,0,0,0,4,15,4,s,0,0,0,0,3,5,0,6,11,16,12,15,0,0,0,1,0
1531,0,0,4,17,0,d,5,0,0,d,d,4,s,0,0,0,0,d,5,0,6,d,16,12,15,0,0,0,1,18
1527,0,0,4,17,0,4,s,0,d,d,15,4,s,0,0,0,0,3,5,0,6,11,16,d,s,d,0,d,1,0
I690,0,0,4,17,0,4,0,2,0,4,15,4,s,0,0,0,0,3,0,0,6,11,16,12,15,0,0,0,1,0
I691,0,0,4,17,0,4,0,2,0,4,15,4,s,0,0,0,0,3,0,0,6,11,16,12,15,0,0,4,1,0
I692,0,0,4,17,0,4,0,2,0,4,15,4,s,0,0,0,0,3,0,0,6,11,16,12,15,0,0,4,1,0
1148,0,d,d,17,0,4,5,2,0,4,15,4,s,0,34,0,0,s,0,0,6,11,d,d,15,0,0,4,1,0
I694,0,0,4,17,0,4,6,2,0,s,15,4,s,0,0,0,0,3,0,0,6,11,16,12,15,0,0,4,1,0
1189,0,0,4,d,0,4,6,2,0,s,15,d,s,d,0,d,0,s,0,3,6,11,16,d,15,0,0,d,1,0
1188,0,0,d,17,0,4,6,2,0,s,d,4,s,0,0,0,0,3,0,s,d,11,16,12,15,0,0,4,1,0
I696,0,0,4,17,3,s,0,2,0,4,15,4,s,0,0,2,0,3,0,0,6,11,16,12,s,13,0,4,1,0
1463,0,0,d,17,d,s,0,2,0,4,15,4,s,0,0,2,0,3,0,0,6,11,16,12,s,13,d,4,1,0
1462,0,0,4,17,d,s,0,2,0,4,15,4,s,0,0,d,0,3,0,16,6,11,16,12,s,d,0,d,1,0
I698,0,0,4,17,0,4,0,2,0,4,15,4,s,0,0,0,s,3,0,0,6,11,16,12,15,0,0,0,1,5
I699,0,15,4,17,0,4,0,2,0,4,15,4,s,0,0,0,s,3,0,12,6,11,16,12,15,0,0,0,1,5
I700,0,15,4,17,0,4,0,2,s,4,15,4,s,0,0,0,s,3,0,12,6,11,16,12,15,0,0,0,1,5
1357,0,15,d,17,2,4,0,d,s,4,15,4,s,0,0,0,s,3,d,d,6,11,16,12,15,0,0,0,1,5
1356,0,d,4,d,d,4,0,2,s,4,15,4,s,17,0,0,s,3,0,12,6,11,16,12,15,d,0,0,1,5
1275,1,d,4,17,0,4,6,d,0,4,15,4,s,0,0,0,s,3,0,d,6,11,16,12,15,0,d,0,1,5
I702,1,0,4,17,0,4,0,2,0,4,15,4,s,0,0,0,s,3,8,0,6,11,16,12,15,0,0,0,1,5
1307,1,0,4,d,0,4,0,2,0,4,15,4,s,0,0,0,s,3,8,18,6,11,16,12,15,d,0,d,1,5
1270,1,15,4,17,0,4,0,2,d,4,15,4,s,0,0,2,s,3,8,0,6,d,16,d,15,0,0,0,1,5
I705,0,0,4,17,0,4,s,0,0,4,15,4,s,0,0,0,0,3,0,0,6,11,16,12,15,0,0,0,1,0
I706,0,0,4,17,0,4,s,1,0,4,15,4,s,0,0,0,0,3,0,0,6,11,16,12,15,0,0,0,1,0
I707,1,0,4,17,0,4,s,1,3,4,15,4,s,0,0,0,0,3,0,0,6,11,16,12,15,0,0,0,1,0
I708,1,0,4,17,0,4,s,1,3,4,15,4,s,12,0,0,0,s,0,0,6,11,16,12,15,0,0,0,1,0
I711,1,0,4,17,0,4,s,s,3,4,15,4,s,12,0,0,0,s,0,6,6,11,16,12,15,0,0,0,1,0
1555,1,d,4,17,0,4,s,s,3,4,15,4,s,12,0,0,0,s,d,6,6,11,16,12,15,0,0,0,1,0
1554,1,0,4,17,0,4,s,s,3,4,15,4,s,12,0,0,0,s,d,6,6,11,d,d,15,0,d,d,1,0
I712,1,0,4,17,3,4,s,1,3,4,15,4,s,12,0,2,0,s,0,0,6,s,16,12,15,0,0,0,1,0
1387,s,0,4,17,3,4,s,1,3,4,15,4,s,12,0,2,0,s,0,0,d,s,16,12,15,0,0,4,1,d
1673,1,0,4,17,3,4,s,1,3,4,d,4,s,d,d,d,0,s,0,0,6,s,d,d,15,d,d,0,1,0
I715,1,0,4,17,0,4,s,1,3,4,15,4,s,0,0,0,0,3,4,0,6,11,16,12,15,0,3,17,1,0
I716,1,0,4,17,3,4,s,1,3,4,15,4,s,0,0,0,0,3,4,0,6,11,16,12,15,0,3,17,1,0
1722,d,0,d,17,3,4,s,1,3,4,15,4,s,41,0,0,0,3,4,2,s,11,16,12,15,0,3,17,1,44
1816,1,0,4,d,3,4,s,1,3,4,d,4,s,0,0,0,0,3,4,0,6,11,16,d,15,1,3,d,1,0
I719,1,0,4,17,0,4,s,1,3,4,15,4,s,0,0,0,0,s,4,0,6,11,16,12,15,0,3,17,1,0
1856,d,0,4,17,0,4,s,1,3,4,15,d,s,0,0,0,3,s,4,6,6,11,16,12,15,0,3,17,1,0
I721,1,0,4,17,0,4,s,1,3,4,15,4,s,0,0,0,0,s,s,0,6,11,16,12,15,0,3,17,1,0
1831,1,0,4,d,0,4,s,1,3,4,15,d,s,0,0,0,0,s,s,0,6,d,16,12,15,0,3,17,1,0
1830,1,0,4,17,0,4,s,1,3,4,15,4,s,0,0,d,0,s,s,0,6,11,16,12,15,d,3,17,1,0
I722,0,0,4,17,0,4,s,1,0,4,15,4,s,0,0,0,0,3,0,0,6,11,16,12,15,0,0,0,1,0
I723,0,0,4,17,0,4,s,1,0,4,15,4,s,0,0,0,0,3,0,0,6,11,16,12,15,0,0,0,1,0
I724,0,20,4,17,0,4,s,1,0,4,15,4,s,0,0,2,0,3,0,0,6,11,16,12,15,27,0,0,1,0
I725,0,20,4,17,0,4,s,1,0,4,15,4,s,0,0,2,0,3,0,0,6,11,16,12,15,27,0,0,1,0
1577,0,20,4,17,0,4,s,d,0,4,15,4,s,0,0,2,0,3,0,0,6,11,16,12,15,27,0,0,1,d
1576,0,20,4,17,0,4,s,1,3,4,d,4,s,0,d,2,d,3,0,d,6,d,16,12,15,27,d,0,1,0
I726,0,20,4,17,0,4,s,1,0,4,15,4,s,0,0,2,0,3,0,0,6,11,16,12,15,27,0,0,1,0
1647,0,20,4,17,0,4,s,1,2,4,15,4,s,0,0,2,d,3,0,0,6,11,16,12,15,27,0,0,1,0
1646,d,20,4,17,0,d,s,d,0,4,15,d,s,0,0,d,0,3,0,d,6,11,16,12,15,27,0,0,d,27
I727,0,0,4,17,0,4,s,1,0,4,15,4,s,0,0,0,0,3,0,0,6,11,16,12,15,26,0,0,1,0
1946,0,d,4,17,0,4,s,1,0,d,15,4,s,0,0,0,0,3,0,0,6,11,16,12,d,26,3,0,1,0
I729,0,0,4,17,0,4,s,1,0,4,15,4,s,0,0,0,0,3,0,0,6,11,16,12,15,26,2,0,1,0
2035,d,0,4,17,0,4,s,1,0,4,15,4,s,d,0,0,0,3,0,0,d,11,16,12,15,26,2,0,1,0
2034,d,0,4,17,d,4,s,1,d,4,15,4,s,0,0,0,0,3,0,0,6,11,16,12,15,26,2,0,1,0
I730,0,1,4,17,0,s,s,1,0,4,15,4,s,0,11,0,0,3,0,0,6,11,16,12,15,0,0,0,1,0
I731,1,1,4,17,0,s,s,1,0,4,15,4,s,0,11,0,0,3,0,0,6,11,16,12,15,0,0,0,1,50
1873,1,1,d,17,0,s,s,1,0,4,15,4,s,0,11,0,0,3,0,0,6,11,16,12,15,0,0,d,1,d
2022,1,1,4,17,0,s,s,s,0,4,15,4,s,0,d,0,0,3,0,0,6,11,16,12,15,3,d,0,1,50
I734,0,1,4,17,0,s,s,1,0,4,15,4,s,0,11,0,0,3,0,0,6,11,16,12,15,0,0,0,1,0
I735,0,1,4,17,0,s,s,1,0,4,15,4,s,0,11,0,0,3,0,6,6,11,16,12,15,0,0,0,1,0
1989,0,1,4,17,0,s,s,1,0,4,15,4,s,0,d,d,0,3,0,6,6,11,16,12,15,d,0,0,1,0
1988,d,1,4,17,0,s,s,1,0,4,d,4,s,d,11,0,0,d,0,d,6,11,16,12,15,0,0,d,1,0
I736,0,1,4,17,3,s,s,1,0,4,15,4,s,0,11,0,0,3,13,0,6,11,16,12,15,0,0,0,1,0
2019,0,1,4,17,3,s,s,1,0,4,15,4,s,0,d,0,0,3,d,0,6,d,d,12,15,0,0,d,1,0
2018,0,1,4,d,3,s,s,1,0,4,15,d,s,0,11,0,0,3,13,0,6,s,16,12,15,0,0,d,d,0
I737,0,0,4,17,0,4,s,0,0,s,15,4,s,0,0,2,0,3,0,0,6,11,16,12,15,0,0,0,1,0
I738,0,0,4,17,0,4,s,0,0,s,15,4,s,0,0,2,0,3,0,0,6,11,16,12,15,0,0,0,1,27
I739,0,0,4,17,0,4,s,0,0,s,15,4,s,0,0,2,0,3,0,0,6,11,16,12,15,0,0,7,1,27
I740,0,0,4,17,0,4,s,0,0,s,15,4,s,0,0,2,0,3,0,0,6,11,16,12,15,0,0,7,1,27
I741,1,0,4,17,0,4,s,7,0,s,15,4,s,0,0,2,0,3,0,0,6,11,16,12,15,0,0,7,1,27
1261,d,d,d,d,d,4,s,7,0,s,15,4,s,0,0,2,0,3,0,0,6,d,16,12,15,0,0,s,1,27
1260,1,d,d,17,0,4,s,7,0,s,15,4,s,0,0,d,0,3,0,0,6,11,d,d,15,0,0,7,1,27
1437,0,0,4,17,0,4,s,d,0,s,15,4,s,0,0,d,0,3,0,0,s,11,16,12,15,0,0,7,1,27
1366,0,0,4,17,d,4,s,d,0,s,15,s,s,s,0,2,0,3,0,0,6,11,d,d,15,0,0,7,1,27
I746,0,0,s,17,0,4,s,5,0,s,15,4,s,0,0,s,0,3,0,0,6,11,16,12,15,0,2,0,1,27
I747,0,0,s,17,0,4,s,5,0,s,15,4,s,0,0,s,0,s,0,0,6,11,16,12,15,0,2,0,1,27
1496,0,0,s,17,0,4,s,5,1,s,15,4,s,28,s,s,0,s,0,0,6,11,16,12,15,d,2,0,1,27
I749,0,0,s,17,0,4,s,5,1,s,15,4,s,0,0,s,0,s,0,0,6,11,16,12,15,0,2,0,1,27
1321,0,0,s,17,0,4,s,5,1,s,15,4,s,0,d,s,0,s,0,1,6,11,16,12,15,0,2,0,1,d
1320,0,0,s,17,0,4,s,5,1,s,15,4,s,0,0,s,0,s,0,0,6,11,d,12,15,0,2,0,1,d
I750,0,0,s,17,0,4,s,5,0,s,15,4,s,0,3,s,0,3,0,0,6,11,16,12,15,0,2,0,1,27
1362,0,d,s,17,0,4,s,5,d,s,15,4,s,0,3,s,d,3,0,0,6,11,16,d,d,d,2,0,d,27
I752,0,10,s,17,3,4,s,5,0,s,15,4,s,0,3,s,0,3,0,0,6,11,16,12,15,0,2,0,1,27
1105,0,10,s,17,d,4,s,5,0,s,d,d,s,d,3,s,0,3,0,0,6,11,16,12,15,0,2,0,1,27
1104,0,10,s,d,3,4,s,5,0,s,15,4,s,d,3,s,0,3,d,0,d,11,16,12,15,0,2,0,d,27
I753,0,0,4,17,0,4,s,0,0,s,15,4,s,0,0,2,0,3,13,0,6,11,16,12,15,0,0,0,1,0
I754,0,0,4,17,0,4,s,0,0,s,15,4,s,0,24,2,0,3,13,0,6,11,16,12,15,0,0,35,1,0
1171,0,0,4,17,0,d,s,0,0,s,d,d,s,0,24,s,0,3,13,0,6,d,16,12,15,0,d,35,1,0
I760,0,2,4,17,0,4,s,0,1,s,15,4,s,0,24,2,1,3,13,0,6,11,16,12,15,0,3,35,1,0
1235,0,d,4,17,0,4,s,0,1,s,15,4,s,0,24,2,1,3,13,0,6,11,16,12,15,0,3,35,1,0
1234,0,d,4,17,s,4,s,0,1,s,15,d,s,0,d,2,1,3,13,27,d,11,16,12,15,0,3,35,1,0
I761,1,0,4,17,0,4,s,0,0,s,15,4,s,0,0,2,0,3,13,0,6,11,16,12,15,0,0,0,1,0
I763,1,0,4,17,0,4,s,0,0,s,15,4,s,0,0,2,0,3,13,0,6,11,16,12,15,0,0,0,1,0
1139,1,0,d,17,0,4,s,d,0,s,s,4,s,0,28,2,0,d,13,0,6,d,16,12,15,0,d,0,1,0
1138,1,0,4,d,0,4,s,0,0,s,15,4,s,0,0,2,0,3,13,0,6,11,16,12,15,0,3,1,1,d
I765,1,0,4,17,2,4,s,0,0,s,15,4,s,0,0,2,0,3,13,0,6,11,16,12,15,0,0,35,1,0
1130,1,0,d,17,d,d,s,0,0,s,15,d,s,0,0,2,0,3,13,0,d,d,16,d,15,0,0,d,1,0
I767,1,0,4,17,2,s,s,0,0,s,15,4,s,0,0,2,0,3,13,0,6,11,16,12,15,0,0,35,1,0
1281,1,0,4,17,2,s,s,0,0,s,15,4,s,0,0,2,d,3,13,0,6,11,16,12,15,0,0,35,1,0
1280,d,4,4,17,2,s,s,d,d,s,15,4,s,0,0,d,0,3,13,0,6,11,d,12,15,0,d,35,1,0
I768,0,0,4,0,0,s,0,11,0,0,0,4,0,0,0,0,0,3,0,0,0,0,16,12,0,0,0,0,1,14
I769,0,0,4,0,0,s,3,11,0,0,0,4,0,0,0,0,0,3,0,0,13,0,16,12,0,0,0,0,1,14
I770,0,2,4,0,0,s,3,11,3,0,1,4,0,0,0,0,0,3,15,0,13,0,16,12,0,0,0,17,1,14
I771,0,2,4,0,3,s,3,11,3,0,1,4,0,0,12,0,0,3,15,0,13,0,16,12,0,0,0,17,1,14
I772,0,2,4,0,3,s,3,11,3,0,1,4,0,0,12,0,0,3,15,0,13,0,16,12,0,0,0,17,1,14
I773,0,2,4,0,3,s,3,11,3,0,1,4,0,0,12,0,6,3,15,0,13,0,16,12,0,30,0,17,1,14
1870,0,2,4,0,3,s,3,11,3,0,1,4,0,23,12,0,6,d,15,0,13,0,16,12,0,30,0,17,1,d
1225,d,d,4,0,3,s,3,11,3,0,1,d,3,0,d,0,6,3,s,0,13,0,d,d,0,30,0,d,1,14
I780,0,2,4,0,3,s,3,11,3,0,1,4,0,0,12,0,0,3,15,0,13,0,16,12,0,0,0,17,1,14
I781,0,2,4,0,3,s,3,11,3,0,1,4,0,0,12,0,s,3,15,3,13,0,16,12,0,18,0,17,1,14
1431,d,2,4,0,3,s,3,11,3,0,d,d,d,0,12,d,s,3,15,3,d,0,16,d,0,d,2,17,1,14
I783,0,2,4,0,3,s,3,11,3,0,1,4,0,0,12,2,s,3,15,3,13,0,16,12,0,18,0,17,1,14
1361,0,2,4,0,3,s,3,11,3,d,1,4,0,0,12,2,s,3,15,3,13,0,16,12,0,18,0,17,1,14
1360,0,2,4,0,3,s,3,11,3,0,1,4,0,0,12,2,s,3,15,3,13,d,16,12,0,18,0,17,1,14
I786,1,2,4,0,3,s,3,11,3,3,1,4,0,6,12,0,9,3,15,2,13,0,16,12,0,23,0,s,1,14
1697,1,2,4,0,3,s,3,d,3,3,1,4,0,6,d,0,9,3,15,2,13,0,16,d,76,23,0,s,1,14
1696,1,2,4,0,3,s,3,11,d,d,1,4,0,d,12,0,9,3,15,2,13,0,16,12,0,23,0,s,1,14
I787,0,2,4,0,3,s,3,11,3,0,1,4,0,0,12,0,0,3,15,0,13,0,s,12,0,0,0,17,1,14
I788,0,2,4,0,3,s,3,11,3,0,1,4,0,0,12,0,0,3,15,0,13,0,s,12,0,0,0,17,1,14
I790,0,2,4,15,3,s,3,11,3,0,1,4,0,0,s,0,0,3,15,0,13,0,s,12,0,0,0,17,1,14
1999,0,d,4,15,3,s,3,11,3,0,1,4,0,0,s,d,0,3,15,0,13,0,s,12,0,0,0,17,1,14
1998,0,d,4,15,3,s,3,11,3,0,1,4,0,0,s,0,0,3,15,0,13,0,s,12,0,0,0,17,1,14
I791,0,2,4,2,3,s,3,11,3,0,1,4,0,33,12,0,0,3,15,0,13,0,s,12,0,0,0,17,1,14
1720,0,2,4,2,3,s,3,11,3,0,1,4,0,33,12,0,0,3,15,0,13,0,s,12,0,d,0,d,1,14
I793,0,2,4,2,3,s,3,11,3,0,1,4,3,33,12,0,0,3,15,0,13,0,s,12,0,0,0,17,1,14
1917,d,2,4,2,3,s,3,11,3,0,1,4,d,33,12,0,d,d,15,0,13,0,s,12,0,0,0,17,1,14
1916,0,2,4,2,3,s,3,11,3,0,1,d,3,33,12,0,0,3,15,d,13,0,s,12,0,0,0,17,d,14
I794,0,2,4,0,3,s,3,11,3,0,1,4,0,0,12,0,12,3,15,0,13,0,s,12,0,0,0,17,1,14
1020,5,2,4,0,3,s,3,11,3,0,d,4,0,d,12,0,12,3,15,0,d,0,s,12,0,0,0,17,s,14
I797,0,2,4,0,3,s,3,11,3,0,1,4,3,0,12,0,12,3,15,0,13,0,s,12,0,0,0,17,1,14
1837,0,2,4,0,3,s,3,11,3,0,1,4,3,0,12,0,d,3,15,0,13,0,s,12,0,d,0,17,1,14
1836,d,2,4,0,3,s,3,d,3,0,1,4,3,0,12,0,12,3,15,0,13,0,s,12,0,0,0,17,1,14
I799,0,2,4,52,0,s,3,11,3,0,1,4,0,0,0,2,0,3,15,20,13,0,16,12,0,0,0,17,1,14
I800,0,2,4,52,0,s,3,11,3,s,1,4,0,0,0,2,0,3,15,20,13,0,16,12,0,0,0,17,1,14
I801,0,2,4,52,0,s,3,11,3,s,1,4,0,0,0,2,0,3,15,20,13,0,16,12,0,0,0,17,1,14
I802,0,2,4,52,3,s,3,s,3,s,1,4,0,0,0,2,0,3,15,20,13,0,16,12,0,0,0,17,1,14
1844,0,d,4,52,3,s,3,s,3,s,1,d,0,0,0,2,0,3,15,20,13,0,16,12,0,0,0,d,1,14
1774,1,d,4,52,s,s,3,s,3,s,1,4,0,0,0,d,0,d,15,20,13,0,16,12,0,13,0,17,1,14
I805,0,2,4,52,0,s,3,11,3,s,1,s,0,0,0,2,0,3,15,20,13,0,16,12,0,0,0,17,1,14
I806,0,2,4,52,0,s,3,11,3,s,1,s,0,0,s,2,0,3,15,20,13,0,16,12,0,0,0,17,1,14
1963,0,2,4,52,d,s,3,11,3,s,1,s,0,0,s,d,0,d,15,20,13,0,16,d,0,0,0,17,1,14
1962,0,2,4,52,0,s,3,11,3,s,1,s,3,0,s,2,0,d,15,d,13,0,16,12,0,d,0,17,1,14
1500,0,2,4,52,0,s,3,11,3,s,1,s,0,0,0,2,6,3,15,d,d,0,16,12,0,0,0,17,d,14
I808,0,2,4,52,0,s,3,11,3,s,1,4,0,0,0,2,0,3,15,20,13,0,16,12,0,0,0,17,1,14
I809,0,2,4,52,0,s,3,11,3,s,1,4,0,0,0,2,0,3,15,20,13,0,16,12,s,0,0,17,1,14
I810,0,2,4,52,0,s,3,11,3,s,1,4,0,0,0,2,2,3,15,20,13,0,16,12,s,0,1,17,1,14
1813,0,2,4,52,0,s,3,11,3,s,1,4,0,0,0,2,d,3,15,20,13,0,16,12,s,0,1,d,1,14
1812,0,2,4,52,0,s,3,11,d,s,1,4,0,0,0,2,2,3,15,20,13,0,d,d,s,0,1,d,1,d
1823,0,2,4,52,0,s,3,11,3,s,1,4,d,0,0,2,0,3,15,20,13,4,16,12,s,0,0,17,1,14
1925,0,2,4,52,0,s,d,11,3,s,1,4,0,0,0,2,6,3,15,20,13,d,16,12,57,9,0,17,1,14
I815,s,2,4,52,0,s,3,11,3,0,1,4,0,0,0,2,0,3,15,20,13,0,16,12,0,0,2,17,1,14
I816,s,2,4,52,0,s,3,11,3,0,1,4,3,0,0,2,0,3,15,20,13,0,16,12,0,0,2,17,1,14
2027,s,2,4,52,0,s,3,11,3,0,1,4,s,0,0,2,0,3,d,20,d,0,16,12,0,d,2,17,1,14
1851,s,d,4,52,3,s,3,11,3,0,1,4,3,0,0,2,0,3,15,20,13,0,16,12,0,d,2,17,1,14
I823,s,2,4,52,0,s,3,11,3,0,1,4,0,0,0,2,6,3,15,20,13,0,16,12,0,0,2,17,1,14
I824,s,2,4,52,0,s,3,11,3,0,1,4,0,0,0,2,6,3,15,20,13,0,16,12,0,0,2,s,1,14
1459,s,2,4,52,0,s,3,d,3,0,1,4,0,0,d,2,6,3,15,20,13,0,16,d,0,0,2,s,1,14
1534,s,2,d,52,0,s,3,11,3,0,1,4,0,0,0,2,d,3,15,20,13,22,16,12,0,0,2,s,1,14
I827,s,2,4,52,0,s,3,11,3,0,1,4,0,0,0,2,6,3,15,20,13,0,16,12,0,0,2,17,1,14
1547,s,2,4,52,0,s,3,11,3,0,1,d,0,d,0,2,6,3,15,20,13,0,16,12,0,0,2,17,1,14
1706,s,2,4,52,3,s,3,11,d,4,1,d,0,0,0,2,6,3,15,20,13,0,16,12,0,0,2,17,d,14
I830,0,0,4,0,0,s,3,11,1,0,0,4,3,0,0,0,0,3,0,16,13,4,16,12,0,0,0,0,1,14
I831,0,0,4,0,3,s,3,11,1,0,12,4,3,0,0,0,0,3,0,16,13,4,16,12,0,0,0,0,1,14
I832,1,0,4,0,3,s,3,11,1,0,12,4,3,0,0,0,0,3,0,16,13,4,16,12,0,0,0,0,1,14
I833,1,0,4,0,3,s,3,11,1,0,12,4,3,0,0,0,0,3,0,16,13,4,16,12,0,0,0,s,1,14
I834,1,0,4,0,3,s,3,11,1,0,12,4,3,0,0,2,3,3,0,16,13,4,16,12,0,0,0,s,1,14
I835,1,0,4,28,3,s,3,11,1,0,12,4,3,0,0,2,3,3,0,16,13,4,16,12,0,0,s,s,1,14
1515,1,0,4,28,3,s,d,11,1,0,12,4,3,0,0,2,3,3,0,16,13,d,16,12,d,0,s,s,1,14
1514,1,0,4,28,3,s,3,d,1,3,12,d,3,0,0,2,3,3,0,16,13,4,16,12,0,0,s,s,1,14
I836,1,0,4,5,3,s,3,11,1,0,12,4,3,s,0,2,3,3,0,16,13,4,16,12,0,0,0,s,1,14
1687,d,d,4,5,3,s,3,11,1,d,12,4,3,s,0,2,3,3,0,d,13,d,16,12,0,23,0,s,1,14
1686,1,0,d,d,3,s,3,11,d,0,12,4,3,s,d,d,3,3,d,16,13,d,16,12,0,0,0,s,1,14
I839,1,0,4,0,3,s,3,11,1,0,12,4,3,0,0,2,0,3,3,16,13,4,16,12,0,0,1,s,1,14
1679,1,0,4,0,3,s,3,11,1,d,12,d,3,d,0,d,0,3,3,16,13,d,16,12,0,0,1,s,1,14
1678,1,d,4,0,3,s,3,11,1,0,12,4,3,0,0,2,0,3,3,16,13,4,16,12,0,0,1,s,d,14
I840,1,0,4,0,3,s,3,11,1,0,12,4,3,0,0,0,0,3,0,16,13,4,16,12,0,0,0,0,1,14
I841,1,0,4,0,3,s,3,11,1,0,12,4,3,0,0,0,0,3,0,16,13,4,16,12,3,0,0,0,1,14
I842,1,0,4,0,3,s,3,11,1,0,12,4,3,0,0,2,0,3,9,16,13,4,16,12,3,0,0,0,1,14
1677,1,d,4,d,3,s,3,11,1,0,12,4,3,0,0,2,0,3,9,16,13,4,16,d,3,d,0,0,1,14
1676,1,0,4,0,d,s,d,11,1,2,12,4,3,s,d,2,0,d,9,16,13,4,16,12,3,0,0,6,d,14
1753,1,d,4,0,3,s,3,d,1,0,d,4,3,0,0,0,10,3,0,16,13,4,16,12,3,0,0,13,1,14
I844,1,0,4,34,3,s,3,11,1,0,12,4,3,0,0,0,0,3,0,16,13,4,16,12,0,9,0,0,1,14
1614,1,15,4,34,3,s,d,11,1,2,12,4,d,0,0,0,0,d,0,16,13,4,16,12,0,9,1,6,1,14
1681,1,0,4,34,3,s,3,11,1,0,s,4,3,0,0,2,d,3,0,16,13,d,16,12,0,9,0,0,1,14
I847,0,0,4,0,3,s,3,11,1,0,12,4,s,0,0,0,0,3,0,16,13,4,16,12,0,0,0,s,1,14
I848,0,0,4,0,3,s,3,11,1,0,12,4,s,0,0,0,0,3,4,16,13,4,16,12,0,0,0,s,1,14
1634,d,s,4,0,3,s,3,s,1,d,12,s,s,0,25,0,0,3,4,16,13,d,16,12,0,0,0,s,1,14
1344,1,0,4,0,3,s,d,11,1,0,12,4,s,23,11,0,0,3,4,s,13,4,16,s,d,0,0,s,1,14
I855,0,0,4,0,3,s,3,11,1,0,12,4,s,0,0,0,0,3,12,16,13,4,16,12,0,0,0,s,1,14
I856,0,0,4,0,s,s,3,11,1,0,12,4,s,0,0,0,0,3,12,16,13,4,16,12,1,0,0,s,1,14
1572,0,13,d,d,s,s,3,11,1,d,12,4,s,0,0,d,d,3,12,16,13,4,16,12,1,d,0,s,1,d
I858,0,0,4,34,s,s,3,11,1,0,12,4,s,0,0,0,0,3,12,16,13,4,16,12,1,0,0,s,1,14
1767,d,0,4,34,s,s,3,11,1,d,12,d,s,0,0,d,0,3,12,d,13,4,d,12,d,d,0,s,1,14
1766,0,d,4,34,s,s,3,11,1,0,12,4,s,0,0,d,0,3,12,16,d,4,16,12,1,0,0,s,1,14
I859,1,0,4,0,3,s,3,11,1,0,12,4,s,0,0,0,7,3,12,16,13,4,16,12,0,1,0,s,1,14
1756,1,0,4,0,3,s,3,11,1,4,12,d,s,d,0,2,7,d,12,16,13,4,16,12,0,1,0,s,1,14
1571,d,d,4,0,3,s,3,11,1,0,12,4,s,0,0,0,d,d,d,16,13,4,16,d,0,1,0,s,1,14
I862,0,0,4,0,0,s,3,11,1,0,s,4,3,0,0,0,0,3,0,16,13,4,16,12,0,0,0,0,1,14
I863,0,0,4,0,0,s,3,11,1,0,s,4,3,0,0,0,0,3,13,16,13,4,16,12,0,0,0,0,1,14
I864,0,0,4,0,0,s,3,11,1,0,s,4,3,0,0,0,0,3,13,16,13,4,16,12,0,0,0,0,1,14
1244,d,0,4,0,0,s,3,11,1,0,s,4,3,0,0,0,0,3,13,16,13,4,16,12,0,s,0,0,1,d
1123,1,0,4,17,0,s,3,11,1,s,s,4,3,0,37,2,s,d,d,16,13,4,16,d,0,0,0,0,1,14
I871,1,0,4,0,0,s,3,11,1,0,s,4,3,0,0,0,0,3,13,16,13,4,16,12,0,0,0,0,1,14
I872,1,0,4,0,0,s,3,11,1,0,s,4,3,0,0,0,0,3,13,16,13,4,16,12,0,1,0,0,1,14
1422,1,d,4,0,0,s,3,11,1,0,s,4,3,0,0,0,12,3,13,16,13,4,16,12,11,1,0,38,d,14
1553,1,0,4,0,0,s,3,11,1,0,s,s,3,d,1,0,0,d,13,d,13,4,16,12,0,1,d,0,1,14
I875,1,0,4,0,0,s,3,11,1,0,s,4,3,0,0,3,0,3,13,16,13,4,16,12,0,0,0,42,1,14
1811,1,0,s,0,0,s,3,11,d,0,s,4,3,0,0,3,0,3,13,16,s,4,16,12,0,0,0,42,d,14
1758,d,0,4,0,0,s,3,11,1,0,s,4,3,0,0,s,d,3,d,16,13,4,16,d,0,0,3,42,d,14
I878,0,0,4,0,0,s,3,11,1,0,s,4,3,0,0,0,0,3,0,16,13,4,16,12,0,0,0,0,1,14
I879,0,0,4,0,0,s,3,11,1,0,s,4,3,0,0,0,0,3,0,16,13,4,16,12,0,0,0,0,1,14
1738,1,0,4,0,0,s,3,d,1,0,s,4,3,0,0,d,0,3,0,16,13,4,16,12,28,0,1,s,1,14
I883,0,0,4,0,0,s,3,11,1,0,s,4,3,0,24,0,0,3,0,16,13,4,16,12,2,0,0,0,1,14
1846,0,0,4,0,d,s,d,d,1,0,s,4,3,0,24,d,0,d,0,16,13,4,16,d,d,0,0,d,1,14
I885,0,0,4,0,0,s,3,11,s,4,s,4,3,0,24,2,0,3,0,16,13,4,16,12,2,0,0,9,1,14
1923,0,d,d,0,0,s,3,11,s,4,s,d,3,0,24,d,0,3,0,16,13,4,16,12,2,0,d,9,1,14
1922,d,d,d,d,d,s,d,11,s,4,s,4,3,0,24,2,0,3,0,d,13,4,16,12,2,0,0,9,d,d
I886,0,0,4,0,0,s,3,11,1,0,s,4,3,0,0,0,1,3,0,16,13,4,16,12,0,0,0,0,1,14
I887,1,0,4,0,0,s,3,11,1,0,s,4,3,0,0,0,1,3,9,16,13,4,16,s,s,1,1,0,1,14
1596,1,8,4,d,3,s,d,d,d,0,s,d,3,0,2,0,1,3,9,16,13,4,16,s,s,1,1,0,d,14
I889,1,0,4,0,0,s,3,11,1,0,s,4,3,0,0,0,1,3,9,16,13,4,16,s,s,1,1,0,1,14
1433,1,0,d,1,0,s,3,11,1,0,s,4,3,0,0,0,1,3,9,16,13,4,d,s,s,1,1,9,1,14
1432,1,d,4,0,0,s,3,11,1,d,s,4,3,0,0,0,1,3,9,16,13,4,d,s,s,1,1,0,1,14
1826,0,9,d,0,0,s,3,d,d,2,s,d,3,0,0,2,1,d,0,16,13,4,16,s,0,0,0,16,1,14
I893,1,0,4,0,0,s,0,11,4,0,s,4,0,0,0,0,s,3,0,0,0,0,16,12,0,0,0,0,1,14
I894,1,0,4,0,0,s,0,11,s,0,s,4,0,0,0,0,s,3,0,0,0,0,16,12,1,0,0,0,1,14
I895,1,0,4,0,3,s,0,11,s,0,s,4,0,0,0,0,s,3,0,0,0,0,16,12,1,0,0,0,1,14
I896,1,0,4,0,3,s,0,11,s,0,s,4,0,0,0,0,s,3,0,0,0,0,s,12,1,0,0,42,1,14
I897,1,1,4,0,3,s,0,11,s,0,s,4,0,7,0,0,s,3,23,0,0,0,s,12,1,0,0,42,1,14
I898,1,1,4,0,3,s,0,11,s,0,s,4,0,7,4,0,s,3,23,0,0,0,s,12,1,0,0,s,1,14
1439,d,1,4,0,3,s,0,11,s,1,s,4,0,7,4,0,s,3,23,0,0,0,s,d,1,0,d,s,1,14
I900,1,1,4,0,3,s,0,11,s,0,s,4,0,7,4,0,s,3,23,0,0,0,s,12,1,0,0,s,1,14
1227,1,d,4,0,3,s,10,11,s,0,s,4,0,7,4,0,s,3,23,0,d,0,s,d,d,0,3,s,1,14
1226,1,1,4,d,3,s,0,11,s,0,s,4,0,7,d,d,s,3,23,0,d,0,s,12,1,0,0,s,1,14
I901,1,1,4,0,3,s,0,11,s,0,s,4,3,7,0,0,s,3,23,0,0,0,s,12,1,11,0,42,1,14
I902,1,1,4,0,3,s,0,11,s,0,s,4,3,7,5,0,s,3,23,0,0,0,s,12,1,11,0,42,1,14
1243,1,1,4,0,3,s,0,11,s,0,s,4,3,7,d,3,s,3,23,0,0,0,s,12,d,11,0,42,1,14
1242,1,1,4,7,d,s,d,11,s,0,s,4,3,7,5,0,s,3,d,9,0,21,s,12,1,11,0,d,1,d
1329,1,d,4,s,3,s,d,d,s,s,s,4,3,7,0,0,s,3,23,1,d,0,s,12,1,11,0,d,1,14
I904,1,0,4,0,3,s,0,11,s,0,s,4,0,0,0,0,s,3,0,0,24,0,s,12,1,0,s,42,1,14
1249,1,s,4,7,3,s,0,11,s,0,s,4,0,0,3,0,s,d,5,0,24,12,s,12,1,0,s,42,1,14
I908,1,0,4,0,3,s,0,11,s,0,s,4,0,0,0,0,s,3,0,0,24,0,s,12,1,0,s,42,1,14
I909,1,0,4,0,3,s,0,11,s,0,s,4,0,0,0,2,s,3,0,0,24,0,s,12,1,0,s,42,1,14
1781,1,0,4,0,3,s,0,11,s,0,s,4,0,0,0,d,s,3,d,0,24,0,s,12,1,0,s,42,1,14
1780,1,0,4,0,3,s,0,11,s,0,s,4,0,0,0,2,s,3,0,0,s,d,s,12,1,0,s,d,1,14
I910,1,0,4,s,3,s,0,11,s,0,s,4,0,0,0,0,s,3,0,0,24,0,s,12,1,0,s,42,1,14
1737,1,d,4,s,3,s,0,d,s,0,s,d,0,0,d,0,s,3,0,0,d,0,s,d,1,0,s,d,1,14
1736,1,7,d,s,d,s,0,d,s,0,s,4,0,0,0,0,s,3,0,0,24,0,s,12,1,0,s,42,d,14
I911,1,0,4,0,3,s,0,11,s,0,s,4,0,0,0,0,s,3,0,0,0,0,16,12,1,0,0,0,1,14
I912,1,0,4,0,3,s,0,11,s,0,s,4,0,3,0,0,s,3,0,0,0,0,16,12,1,0,0,0,1,14
1494,1,0,4,0,3,s,0,11,s,4,s,4,0,3,16,0,s,3,0,0,0,0,16,12,1,0,s,0,1,14
1656,1,0,4,0,3,s,0,11,s,0,s,4,s,3,0,0,s,3,0,22,d,0,16,12,d,8,0,d,1,14
I919,1,0,4,0,3,s,0,11,s,s,s,4,0,8,0,0,s,3,0,0,0,0,16,12,1,0,1,0,1,14
I920,1,0,4,0,3,s,0,11,s,s,s,4,0,8,0,2,s,3,0,0,0,8,16,12,1,0,1,0,1,14
1277,1,0,4,d,d,s,d,11,s,s,s,d,0,8,0,d,s,3,13,1,0,8,16,12,1,0,1,0,1,14
1682,1,0,4,d,3,s,0,11,s,s,s,d,0,d,d,d,s,3,s,0,0,8,d,12,d,d,1,0,1,14
I923,1,0,4,0,3,s,0,11,s,s,s,4,0,8,0,0,s,3,0,0,0,0,16,12,1,0,1,0,1,14
1931,1,0,d,49,d,s,0,11,s,s,s,d,0,8,d,2,s,3,0,d,0,0,16,12,1,0,1,0,1,14
1803,1,0,4,0,3,s,d,11,s,s,s,4,d,8,0,0,s,3,0,0,10,d,16,12,1,d,1,d,1,14
I926,1,0,4,0,0,s,0,11,s,0,s,4,0,0,0,0,s,3,0,0,s,0,16,12,s,0,0,0,1,14
I927,1,0,4,0,0,s,0,11,s,0,s,4,0,0,0,2,s,3,0,0,s,0,16,12,s,0,0,0,1,14
I928,1,0,4,0,0,s,0,11,s,2,s,4,s,s,0,2,s,3,0,0,s,0,16,12,s,0,0,0,s,14
I929,1,0,4,0,3,s,0,11,s,2,s,4,s,s,0,2,s,3,0,0,s,0,16,12,s,0,0,25,s,14
1843,1,0,4,0,3,s,0,11,s,2,s,4,s,s,0,2,s,3,0,0,s,0,16,12,s,d,0,25,s,14
1926,d,0,d,0,3,s,0,11,s,2,s,d,s,s,d,2,s,s,0,0,s,0,16,12,s,0,0,25,s,14
1876,1,0,4,0,0,s,0,11,s,s,s,4,s,s,0,2,s,d,d,0,s,0,16,12,s,0,d,0,s,14
I935,1,0,4,0,3,s,0,11,s,4,s,4,0,0,35,2,s,3,0,0,s,0,16,12,s,0,0,0,1,14
I936,1,0,4,0,s,s,0,11,s,4,s,4,3,0,35,2,s,3,0,0,s,0,16,12,s,0,0,0,1,14
1961,1,0,4,0,s,s,0,11,s,d,s,4,3,0,d,2,s,3,0,16,s,0,16,12,s,0,0,d,d,14
I938,1,0,4,0,s,s,0,11,s,4,s,4,3,0,35,2,s,3,0,0,s,0,16,12,s,0,0,0,1,14
1991,1,d,4,0,s,s,0,11,s,4,s,4,d,0,35,2,s,3,0,0,s,0,16,12,s,0,0,0,1,14
1990,d,0,4,0,s,s,0,d,s,4,s,4,3,0,35,2,s,3,0,0,s,d,16,12,s,0,0,0,d,14
1935,1,0,4,s,d,s,0,11,s,4,s,d,0,d,35,d,s,3,d,2,s,0,16,12,s,d,0,0,1,14
I942,1,0,4,0,0,s,0,11,s,0,s,4,0,0,0,0,s,3,0,0,s,0,16,12,s,0,0,44,1,14
I943,1,0,4,18,0,s,0,11,s,0,s,4,0,0,0,0,s,3,0,0,s,0,16,12,s,0,0,44,1,14
I944,1,0,4,18,0,s,0,11,s,0,s,4,0,0,0,0,s,3,15,0,s,0,16,12,s,0,0,44,1,14
1716,1,d,4,d,0,s,0,11,s,0,s,4,0,0,0,0,s,3,15,0,s,0,16,12,s,0,0,44,1,14
1913,1,0,4,18,0,s,0,11,s,d,s,4,3,0,d,0,s,3,d,0,s,0,16,12,s,0,1,44,1,14
1617,1,0,4,18,0,s,0,s,s,0,s,d,s,0,d,2,s,3,s,0,s,0,16,12,s,0,0,44,1,14
I950,1,0,4,0,0,s,0,11,s,0,s,4,0,6,0,0,s,3,0,0,s,0,16,12,s,0,1,44,1,14
I951,1,0,4,0,0,s,0,11,s,0,s,4,3,6,0,0,s,3,15,0,s,0,16,12,s,0,1,44,1,14
1628,1,0,d,0,0,s,0,11,s,2,s,4,3,6,4,d,s,3,d,d,s,s,d,12,s,0,d,44,1,14
1929,1,0,d,d,0,s,3,11,s,0,s,4,3,6,0,2,s,3,15,d,s,0,16,12,s,0,1,44,1,d
I954,1,0,4,0,3,s,0,11,s,0,s,4,0,6,0,0,s,3,0,0,s,0,16,12,s,0,1,44,1,14
1944,d,0,4,0,3,s,0,11,s,0,s,4,0,6,0,0,s,3,0,d,s,0,16,12,s,0,1,d,1,14
1863,1,4,d,d,3,s,0,11,s,0,s,4,0,6,0,0,s,3,0,14,s,0,16,d,s,0,1,d,1,14
I957,1,2,4,0,0,s,0,11,4,0,s,4,0,0,0,0,s,3,0,0,0,0,16,12,0,0,0,0,1,14
I958,1,2,4,0,0,s,0,11,4,0,s,4,0,0,0,0,s,3,0,0,0,0,16,12,0,14,0,0,1,14
I959,1,2,4,0,0,s,0,11,4,0,s,4,0,0,3,0,s,3,0,0,0,0,16,12,0,14,0,4,1,14
I960,1,2,4,0,0,s,0,11,4,0,s,4,0,0,3,0,s,3,0,0,0,0,16,12,0,14,0,4,1,14
I963,1,2,4,0,s,s,0,11,4,0,s,4,3,0,s,0,s,3,0,0,0,0,16,12,0,14,3,4,1,14
1241,1,2,4,4,s,s,0,d,4,0,s,4,d,0,s,0,s,d,0,0,0,0,16,12,0,14,3,4,1,14
1240,1,2,4,0,s,s,0,11,4,d,s,4,3,d,s,0,s,3,0,0,0,0,16,12,0,14,3,4,d,14
I964,1,2,4,0,0,s,0,11,4,0,s,4,0,0,3,0,s,3,0,25,0,s,16,12,0,14,0,4,1,14
1075,d,2,4,0,0,s,0,11,4,0,s,4,0,0,3,0,s,3,d,25,0,s,d,12,0,14,3,4,1,14
1061,1,2,4,0,0,s,0,d,4,0,s,4,0,0,3,0,s,3,0,25,0,s,16,12,0,14,0,4,1,14
I967,1,2,4,0,3,s,0,11,4,0,s,4,0,21,3,0,s,3,s,32,0,0,16,12,0,14,0,4,1,14
1580,d,2,4,s,3,s,0,11,s,0,s,4,3,21,3,0,s,3,s,32,0,12,16,12,d,14,d,4,1,14
1315,d,2,4,d,3,s,0,11,4,d,s,4,0,21,3,d,s,3,s,s,0,0,16,12,15,14,0,d,1,14
I974,1,2,4,0,0,s,0,11,4,0,s,4,0,0,0,0,s,3,0,12,0,0,16,12,0,14,0,25,1,14
I975,1,2,4,0,0,s,0,11,4,0,s,4,0,0,0,0,s,3,0,12,0,0,16,12,0,14,0,25,1,14
I976,1,2,4,0,0,s,0,11,s,1,s,4,0,7,0,0,s,3,0,12,0,0,16,12,0,14,0,25,1,14
1308,d,2,4,0,3,s,0,11,s,s,s,4,0,7,0,0,s,3,0,12,7,d,d,12,0,14,0,25,1,14
1613,d,d,d,37,0,s,0,11,s,1,s,4,0,7,0,0,s,d,0,12,0,0,16,12,0,14,d,25,1,14
1513,1,2,4,0,0,s,2,11,4,d,s,4,0,3,0,0,s,3,0,12,0,0,s,12,0,d,0,25,d,14
I982,1,2,4,0,0,s,0,11,4,0,s,4,0,0,29,0,s,3,0,12,19,0,16,12,0,14,2,25,1,14
I983,1,2,4,0,0,s,0,11,4,0,s,4,0,0,29,0,s,3,0,12,19,0,16,12,0,14,2,25,1,14
I984,1,2,4,0,0,s,0,11,4,0,s,4,0,0,29,2,s,3,0,12,s,0,16,12,0,s,2,25,s,14
1729,1,2,4,0,0,s,d,11,4,0,s,4,0,0,29,2,s,3,d,12,s,0,16,12,0,s,2,25,s,14
1728,1,2,4,0,0,s,0,11,4,0,s,4,0,0,29,2,s,3,0,12,s,17,16,12,0,s,2,25,s,14
1633,1,d,4,0,0,s,2,11,4,4,s,4,0,0,d,s,s,3,0,12,19,0,16,12,11,14,2,25,1,14
I986,1,2,4,0,0,s,0,11,4,0,s,4,0,0,29,0,s,3,0,12,19,0,16,12,0,14,2,25,1,14
1258,1,2,4,s,d,s,d,11,d,4,s,4,0,0,d,0,s,3,0,12,19,0,16,12,s,d,2,25,d,14
I988,1,2,4,0,0,s,0,11,4,0,s,4,3,0,29,0,s,3,0,12,19,39,16,12,0,14,2,25,1,14
1591,d,2,d,0,0,s,0,11,d,d,s,4,3,0,d,d,s,3,0,12,19,39,16,12,0,14,2,25,1,d
1590,d,2,4,0,0,s,0,11,4,d,s,4,d,0,29,0,s,3,0,12,19,39,d,12,0,d,2,25,1,14
I989,1,2,4,0,0,s,0,11,4,0,s,4,s,0,0,0,s,3,0,0,0,0,16,12,0,0,0,0,1,14
I990,1,2,4,0,0,s,0,11,4,0,s,4,s,0,0,0,s,3,0,0,0,1,16,12,0,0,0,7,1,14
I991,1,2,4,0,0,s,0,11,4,0,s,4,s,0,0,3,s,3,0,0,19,1,16,12,0,0,0,7,1,14
I992,1,2,4,0,0,s,0,11,4,0,s,4,s,0,0,3,s,3,0,0,19,1,16,12,0,0,0,7,1,14
I993,1,2,4,0,0,s,0,11,4,0,s,4,s,0,0,3,s,3,0,19,19,1,16,12,0,0,0,7,1,14
1313,1,2,4,0,d,s,0,11,4,0,s,4,s,0,0,3,s,3,0,19,19,1,16,12,d,0,0,7,d,14
1312,1,2,4,0,0,s,d,d,4,0,s,4,s,d,d,3,s,3,0,19,19,1,16,12,0,0,0,d,1,d
I994,1,2,4,0,0,s,0,11,4,0,s,4,s,0,0,s,s,3,0,0,19,1,16,12,0,0,0,7,1,14
1231,1,2,4,0,d,s,0,11,4,0,s,4,s,0,d,s,s,d,0,0,19,1,16,12,d,0,1,7,1,14
1230,1,2,4,0,0,s,d,11,4,0,s,4,s,0,0,s,s,3,0,0,19,d,16,12,23,0,0,d,1,14
1395,1,2,4,0,0,s,0,s,4,0,s,4,s,0,0,3,s,3,4,0,19,1,16,12,0,0,1,7,1,14
I998,1,2,4,0,0,s,0,11,4,0,s,4,s,0,0,0,s,3,4,s,6,1,16,12,0,0,0,7,1,14
I999,1,s,4,0,3,s,0,11,4,0,s,4,s,0,0,0,s,3,4,s,6,1,16,12,0,0,0,7,1,14
I1001,1,s,4,2,3,s,0,11,4,0,s,4,s,0,0,0,s,3,4,s,6,1,16,12,0,0,0,7,1,14
2015,d,s,4,2,3,s,0,11,4,0,s,4,s,0,0,0,s,3,4,s,6,d,d,12,0,0,0,7,1,14
2014,1,s,4,2,3,s,0,11,4,0,s,4,s,0,0,0,s,d,4,s,6,1,16,12,0,0,0,7,1,14
1026,1,s,4,0,3,s,0,11,4,0,s,4,s,0,0,0,s,3,4,s,6,1,16,12,0,0,0,d,1,14
I1004,1,2,4,0,0,s,0,11,4,0,s,4,s,0,0,0,s,3,4,s,6,1,16,12,0,0,0,7,1,14
I1005,1,2,4,0,0,s,0,11,4,0,s,4,s,0,0,0,s,3,4,s,6,1,s,12,0,0,0,7,1,14
I1006,1,2,4,0,0,s,0,11,4,0,s,4,s,0,0,0,s,3,4,s,6,1,s,12,0,0,0,7,1,14
2005,1,d,4,0,d,s,0,11,d,0,s,4,s,0,0,d,s,3,d,s,6,1,s,12,0,0,0,7,1,14
2004,1,2,4,0,d,s,0,11,4,0,s,4,s,0,0,0,s,3,4,s,6,1,s,12,0,0,0,7,1,14
1010,1,2,d,0,0,s,12,d,4,0,s,d,s,d,0,0,s,3,4,s,6,1,s,12,0,0,0,7,1,d
1978,1,d,4,34,0,s,0,11,4,0,s,4,s,0,0,0,s,3,4,s,6,1,16,12,d,14,d,7,d,14
I1009,1,2,4,5,0,s,0,11,4,0,s,4,s,0,0,0,s,3,11,20,0,20,16,12,0,0,s,9,1,14
I1010,1,2,4,5,0,s,0,11,4,0,s,4,s,0,0,0,s,3,11,20,0,20,16,12,0,0,s,9,1,14
I1011,1,2,4,5,0,s,2,11,4,0,s,4,s,0,0,0,s,3,11,20,0,20,16,12,0,0,s,9,1,14
I1012,1,2,4,5,0,s,2,11,4,0,s,4,s,0,0,0,s,3,11,20,0,20,16,12,0,0,s,9,1,14
1305,1,2,4,5,0,s,2,11,d,0,s,4,s,0,0,0,s,d,11,20,0,20,16,12,0,0,s,9,1,14
1304,1,2,4,5,0,s,s,11,4,0,s,4,s,0,0,0,s,3,11,20,0,20,16,12,0,0,s,d,1,14
1114,1,2,4,5,0,s,2,d,4,0,s,4,s,0,0,s,s,3,11,20,d,20,16,12,0,0,s,9,d,14
I1014,1,2,4,5,0,s,0,11,4,0,s,4,s,0,0,0,s,3,11,20,19,20,16,12,23,0,s,9,1,14
1120,1,2,4,5,d,s,0,11,4,0,s,4,s,0,0,0,s,3,11,20,19,d,16,12,d,0,s,d,1,14
I1016,1,2,4,5,0,s,0,11,4,0,s,4,s,0,0,0,s,3,11,20,19,20,16,12,23,0,s,9,1,14
1163,1,2,d,5,0,s,0,11,4,d,s,4,s,9,d,2,s,3,11,20,19,20,16,12,23,0,s,9,1,14
1162,1,d,4,5,0,s,d,11,d,0,s,4,s,0,0,0,s,3,11,20,19,20,16,12,23,0,s,9,1,14
I1017,1,2,4,5,0,s,0,11,4,0,s,4,s,0,0,0,s,3,11,20,0,20,16,12,0,0,s,9,1,14
I1018,1,2,4,5,0,s,0,11,4,0,s,4,s,0,0,0,s,3,11,s,0,20,16,12,0,0,s,9,1,14
I1019,1,2,4,5,0,s,0,11,4,0,s,4,s,0,0,0,s,3,11,s,6,20,16,12,35,0,s,9,1,14
1371,1,2,4,5,0,s,d,11,d,0,s,4,s,0,0,d,s,3,11,s,6,20,16,12,35,0,s,9,1,d
1370,d,2,4,5,0,s,0,11,d,0,s,4,s,0,0,0,s,3,11,s,6,20,16,12,35,0,s,d,1,14
I1020,1,2,4,5,0,s,0,11,4,0,s,4,s,0,17,0,s,3,11,s,0,20,16,12,0,0,s,9,1,14
1443,1,2,d,5,0,s,0,11,d,d,s,4,s,0,17,0,s,3,11,s,0,20,16,12,d,0,s,9,d,14
1442,1,d,4,5,0,s,0,11,4,0,s,d,s,d,17,0,s,3,11,s,0,20,16,12,0,0,s,9,1,14
1337,1,2,4,5,0,s,0,s,4,d,s,4,s,s,0,0,s,3,11,20,d,20,s,12,0,0,s,9,d,14
