cell,r1,r2,r3,r4,r5,r6,r7,r8,r9,r10,r11,r12,r13,r14,r15,r16,r17,r18,r19,r20,r21,r22,r23,r24,r25,r26,r27,r28,r29,r30
I1,1,0,0,0,0,0,0,0,0,0,0,0,0,0,0,0,0,0,0,0,0,s,0,0,0,0,0,0,0,0
I2,1,0,0,0,0,0,0,0,0,0,0,0,0,0,0,0,0,0,0,0,0,s,0,0,0,0,0,0,0,0
I3,s,0,0,0,0,0,0,0,0,0,0,0,0,0,0,0,0,0,25,0,0,s,0,0,0,0,0,0,0,0
I4,s,0,4,0,0,0,0,3,0,0,0,s,0,0,0,0,0,0,25,0,0,s,0,0,0,0,0,0,0,0
I5,s,0,4,0,0,0,2,3,0,0,0,s,0,0,0,6,0,0,25,0,0,s,0,0,0,0,61,0,0,0
I6,s,0,4,0,0,0,2,3,0,0,0,s,0,0,0,6,0,s,25,0,0,s,0,17,0,0,61,0,0,0
I7,s,0,4,0,0,0,2,3,0,4,0,s,0,0,0,6,0,s,25,0,0,s,0,17,0,0,61,0,0,0
I8,s,0,4,0,0,0,2,3,10,4,0,s,0,0,0,6,4,s,25,0,0,s,0,17,0,0,61,0,0,0
I9,s,0,4,0,0,0,2,3,10,4,0,s,0,13,0,6,4,s,25,0,0,s,0,17,0,0,61,0,79,0
1506,s,0,4,0,0,0,2,3,10,4,d,s,10,13,0,d,4,s,25,0,0,s,0,d,0,d,61,0,79,d
I11,s,0,4,0,0,0,2,3,10,4,0,s,0,13,0,6,4,s,25,0,0,s,0,17,0,0,61,0,79,0
1981,s,0,4,0,d,0,2,3,10,d,0,s,0,13,0,d,4,s,d,0,0,s,0,d,0,d,61,0,79,0
1980,s,0,4,0,0,0,2,3,10,4,d,s,0,13,d,6,4,s,25,0,0,s,0,17,0,0,61,0,79,0
I12,s,0,4,0,0,0,2,3,10,4,0,s,0,0,0,6,4,s,25,0,0,s,s,17,0,0,61,0,0,0
I13,s,0,4,1,5,0,2,3,10,4,0,s,0,0,0,6,4,s,25,0,0,s,s,17,0,0,61,0,0,0
1425,s,0,4,1,5,0,2,3,10,d,d,s,0,0,1,6,4,s,25,0,0,s,s,17,0,0,61,0,0,0
1424,s,0,4,1,5,0,2,3,10,s,0,s,0,0,0,6,4,s,25,0,0,s,s,d,0,0,61,0,0,0
1626,s,0,4,0,5,0,d,3,d,d,0,s,0,d,0,6,4,s,25,0,0,s,s,d,4,0,61,0,0,0
I16,s,11,4,0,0,0,2,3,0,4,0,s,0,0,0,s,0,s,25,s,0,s,0,17,19,18,61,0,69,0
1311,s,11,d,0,0,6,d,3,0,4,0,s,0,0,d,s,d,s,25,s,0,s,0,17,19,18,61,d,d,d
I18,s,11,4,0,0,0,2,3,19,4,1,s,0,0,0,s,0,s,25,s,0,s,0,17,19,18,61,0,69,0
1421,s,11,d,0,d,d,d,3,19,d,1,s,0,d,0,s,0,s,25,s,0,s,0,17,19,18,61,0,69,0
1420,s,11,4,1,0,0,2,3,d,4,1,s,0,0,0,s,0,s,25,s,0,s,0,17,19,18,61,0,d,0
I22,s,0,4,0,0,0,2,3,0,0,1,s,0,0,0,6,0,s,25,0,0,s,1,17,0,0,61,0,0,0
I23,s,0,4,0,0,0,2,3,0,0,1,s,0,8,0,6,0,s,25,0,0,s,1,17,0,0,61,0,0,0
I26,s,0,4,0,0,0,2,3,0,2,1,s,0,8,0,6,0,s,25,0,0,s,1,17,0,0,61,0,0,0
1639,s,0,4,0,0,0,2,d,0,2,1,s,0,d,0,6,0,s,25,0,0,s,1,17,d,0,61,0,0,0
1638,s,0,4,0,0,0,2,3,0,2,1,s,0,8,0,6,0,s,25,d,0,s,1,17,0,0,61,0,d,0
I27,s,0,4,0,0,0,2,3,0,0,1,s,4,8,0,6,0,s,25,s,0,s,1,17,0,0,61,0,0,2
I28,s,0,4,0,20,0,2,3,0,0,1,s,4,8,0,s,0,s,25,s,0,s,1,17,0,33,61,0,0,2
1435,s,0,4,0,d,0,d,3,0,0,1,s,d,8,d,s,0,s,d,s,0,s,1,d,0,d,61,0,25,2
1434,s,0,4,d,20,0,2,3,0,0,1,s,4,8,0,s,d,s,25,s,0,s,1,17,d,33,61,0,0,2
I29,s,0,4,0,0,0,2,3,0,0,1,s,4,8,0,6,0,s,25,s,0,s,1,17,0,22,61,0,0,2
1333,s,0,d,d,0,10,2,3,0,0,1,s,4,8,0,6,0,s,25,s,0,s,d,17,0,22,61,d,0,2
1332,s,0,d,d,0,0,2,3,0,0,1,s,4,8,0,6,0,s,25,s,0,s,1,d,8,22,61,d,0,2
I30,s,0,4,1,0,0,2,3,0,14,1,s,0,0,0,s,7,s,25,0,0,s,1,17,0,0,61,0,0,0
I31,s,0,4,1,0,0,2,3,0,14,1,s,0,0,0,s,7,s,25,0,0,s,1,17,6,0,61,0,0,0
I32,s,0,4,1,0,0,2,3,s,14,1,s,0,0,0,s,7,s,25,0,0,s,s,17,6,0,61,0,0,0
1521,s,0,4,1,d,0,2,3,s,14,d,s,s,0,d,s,7,s,25,0,d,s,s,17,6,30,61,0,0,2
1520,s,0,4,1,0,0,2,3,s,14,d,s,0,0,0,s,7,s,25,0,0,s,s,17,6,d,61,0,0,0
1504,s,0,4,1,0,0,2,3,0,14,1,s,0,0,0,s,7,s,s,d,0,s,d,17,6,d,61,0,d,2
I34,s,0,4,1,0,0,2,3,0,14,1,s,0,0,3,s,7,s,25,0,0,s,1,17,0,0,61,0,0,0
I35,s,0,4,1,0,s,2,3,0,14,1,s,0,0,3,s,7,s,25,0,0,s,1,17,s,0,61,0,0,0
1491,s,d,4,1,d,s,2,d,0,14,1,s,d,0,3,s,7,s,25,0,0,s,1,17,s,20,61,0,0,0
1490,s,d,4,1,0,s,d,3,0,14,1,s,0,0,3,s,d,s,25,0,0,s,1,17,s,0,61,0,d,0
I36,s,0,4,1,2,0,2,3,10,14,1,s,0,0,3,s,7,s,25,0,0,s,1,17,0,0,61,0,0,0
1755,s,0,4,1,2,0,2,3,10,14,1,s,0,0,3,s,7,s,25,0,0,s,1,17,0,0,61,0,0,0
1754,s,0,4,1,2,0,2,3,10,14,1,s,d,0,3,s,7,s,25,0,0,s,1,17,0,0,61,0,0,0
I37,s,0,4,0,0,3,2,3,0,0,0,s,0,0,0,6,0,0,25,0,0,s,0,0,0,0,61,0,0,0
I38,s,0,4,0,0,3,2,3,0,0,0,s,0,0,0,6,0,0,25,0,0,s,0,0,0,0,61,0,0,0
I39,s,0,4,0,0,3,2,3,0,0,0,s,0,0,3,6,0,0,25,0,0,s,0,0,27,0,61,0,0,2
I40,s,0,4,0,0,3,2,3,0,0,0,s,0,4,3,6,0,0,25,0,10,s,0,0,27,0,61,0,0,2
I41,s,0,4,0,0,3,2,3,15,0,0,s,0,4,3,6,0,0,25,0,10,s,0,0,27,0,61,0,0,2
1303,s,0,4,0,s,3,2,3,15,0,0,s,0,4,d,d,0,0,25,0,10,s,0,0,27,0,61,7,0,2
1302,s,0,4,0,d,3,2,3,d,0,s,s,0,4,d,6,0,0,25,d,10,s,0,0,27,0,61,0,0,2
1522,s,0,4,0,0,3,2,3,d,0,1,s,0,4,3,6,0,0,25,8,10,s,d,16,27,d,61,7,0,2
I43,s,7,s,0,0,3,2,3,0,0,0,s,0,0,3,6,0,0,25,0,0,s,0,0,27,0,61,0,0,2
I44,s,7,s,0,0,3,2,3,0,0,0,s,0,0,3,6,0,0,25,0,0,s,1,0,27,0,61,0,0,2
1449,s,7,s,d,d,s,2,3,0,0,d,s,0,0,3,6,0,d,d,7,0,s,1,0,27,d,61,0,0,2
1448,s,7,s,0,0,3,2,3,s,0,0,s,0,0,3,d,5,0,25,0,0,s,d,0,27,0,d,0,0,2
1348,s,s,s,d,0,3,2,3,0,0,0,s,0,0,d,6,25,6,25,0,0,s,0,0,d,0,61,0,34,2
I46,s,0,4,0,0,3,2,3,0,0,0,s,0,0,0,6,0,0,25,0,0,s,0,0,0,0,61,0,0,0
I47,s,0,4,0,0,3,2,3,0,0,0,s,0,19,0,6,0,0,25,0,0,s,0,0,0,0,61,0,0,0
I48,s,0,4,1,0,3,2,3,19,0,0,s,s,19,0,6,0,0,25,0,0,s,0,0,0,0,61,11,0,0
I49,s,0,4,1,0,3,2,3,19,0,0,s,s,19,0,6,5,0,25,0,0,s,0,0,0,0,61,11,0,0
1971,s,d,4,1,0,3,2,3,d,0,0,s,s,19,0,d,5,d,25,0,0,s,0,d,0,0,61,d,0,0
1970,s,0,4,1,0,3,2,3,19,0,0,s,s,19,0,6,5,0,25,0,0,s,0,0,0,0,d,11,d,d
1052,s,0,4,1,0,3,2,d,19,0,1,s,s,19,0,6,0,0,d,0,0,s,0,0,d,0,61,d,0,0
1192,s,0,4,0,0,d,2,3,10,0,1,s,0,19,0,6,0,0,d,0,d,s,0,s,14,22,61,0,d,0
I51,s,0,4,0,0,3,2,3,0,0,1,s,0,17,0,6,0,0,25,0,0,s,0,0,0,0,61,0,0,0
1125,s,0,4,0,0,3,2,3,0,14,1,s,0,17,d,6,0,5,25,0,0,s,0,0,0,0,61,0,0,0
1035,s,0,4,0,0,3,d,3,d,0,1,s,0,17,0,6,9,0,25,0,0,s,0,0,2,d,61,0,0,2
I54,s,0,4,0,0,3,2,3,0,0,0,s,0,0,3,6,0,0,25,0,0,s,0,0,0,0,61,0,0,0
I55,s,0,4,0,11,3,2,3,0,0,0,s,0,0,3,6,0,0,25,0,0,s,0,0,0,0,61,0,0,0
I56,s,0,4,0,11,3,2,3,0,0,0,s,10,0,3,6,0,0,25,0,0,s,0,0,0,0,61,0,0,0
1118,s,14,4,d,11,3,2,3,0,8,0,s,10,d,3,d,0,d,25,0,0,s,0,0,0,0,61,s,0,0
1160,s,d,4,0,11,3,d,3,0,2,0,s,10,d,3,6,0,0,25,0,0,s,0,0,d,0,61,d,0,d
I59,s,0,4,0,11,3,2,3,0,0,0,s,0,0,3,6,0,0,25,0,0,s,0,0,0,0,61,0,45,0
1410,s,d,4,1,11,3,2,3,0,0,0,s,0,0,3,6,d,0,25,0,d,s,0,0,d,d,61,0,d,0
1482,s,14,4,1,11,3,2,3,0,8,d,s,0,d,3,6,0,1,25,0,d,s,0,0,0,0,61,0,45,0
I62,s,0,4,0,0,3,2,3,0,0,0,s,0,0,3,6,0,0,25,0,0,s,0,0,0,0,61,0,0,0
I63,s,0,4,0,0,3,2,3,0,0,0,s,0,0,3,6,0,0,25,0,0,s,0,0,0,0,61,0,0,0
1112,s,2,4,0,2,3,2,3,0,0,0,s,0,11,3,6,0,1,25,0,28,s,d,0,d,0,s,0,d,0
1405,s,0,4,0,0,3,d,3,0,0,0,s,2,0,3,6,0,0,25,0,0,s,0,d,0,22,61,0,0,0
1456,s,0,4,0,d,3,d,3,0,0,0,s,0,0,d,6,7,1,25,s,0,s,s,0,0,d,61,0,s,2
I69,s,0,4,0,0,10,0,3,0,0,0,s,1,31,0,0,0,0,25,0,0,s,0,0,0,0,0,0,0,0
I70,s,0,4,0,0,10,0,3,0,0,0,s,1,31,0,0,0,0,25,0,0,s,0,0,0,0,0,0,0,0
I71,s,5,4,0,0,10,0,3,0,0,0,s,1,31,0,s,0,s,25,0,0,s,0,0,0,0,0,0,0,0
I75,s,5,4,0,0,10,1,3,19,0,0,s,1,31,0,s,s,s,25,0,0,s,0,0,25,1,61,0,0,0
1151,s,5,4,0,0,10,1,3,19,0,d,s,d,31,2,s,s,s,25,0,0,s,0,0,25,1,61,0,0,0
1150,s,5,4,0,2,10,d,3,19,d,d,s,1,31,0,s,s,s,25,0,0,s,0,d,25,1,61,d,d,0
I79,s,5,4,0,0,10,0,3,15,0,0,s,1,31,0,s,0,s,25,0,0,s,0,0,0,0,0,0,0,0
I80,s,5,4,0,7,10,0,3,15,0,0,s,1,31,0,s,23,s,25,0,9,s,0,0,16,0,3,0,0,0
1343,s,5,4,0,7,10,0,3,15,0,0,s,1,d,0,s,d,s,25,0,9,s,0,0,16,0,3,0,0,0
1719,s,5,d,0,7,10,0,3,15,2,0,s,d,31,3,s,23,s,25,0,9,s,0,0,16,0,d,0,0,0
1111,s,5,4,1,20,d,d,d,d,0,0,s,d,d,3,s,0,s,25,0,18,s,0,0,d,0,0,s,0,0
I87,s,0,4,0,0,10,0,3,0,0,0,s,1,31,0,0,0,0,25,0,0,s,1,0,0,0,0,0,0,0
I88,s,1,4,0,0,10,0,3,0,0,0,s,1,31,0,0,0,0,25,3,0,s,1,0,0,9,0,11,23,0
I89,s,1,4,0,0,10,s,3,0,0,0,s,1,31,0,0,0,0,25,3,0,s,1,0,0,9,0,11,23,2
I90,s,s,4,0,0,10,s,3,0,0,0,s,1,31,0,0,0,0,25,3,0,s,1,0,0,9,0,11,23,2
1191,s,s,4,d,0,10,s,3,0,0,d,s,1,31,0,0,0,s,25,d,0,s,1,0,0,9,d,11,23,2
1190,s,s,4,1,0,10,s,3,0,0,0,s,1,31,0,0,0,0,25,3,0,s,1,0,0,9,0,11,23,2
1299,s,1,4,0,d,10,s,d,0,0,0,s,d,31,0,0,0,0,25,s,d,s,1,d,d,9,0,11,23,2
1262,s,s,4,0,0,10,0,3,d,1,1,s,1,31,0,0,4,0,25,3,d,s,1,0,0,9,d,11,s,0
I95,s,0,4,0,0,10,0,3,0,0,1,s,1,31,0,0,0,0,25,0,0,s,1,0,0,0,0,0,0,0
I97,s,0,4,0,7,10,0,3,0,0,1,s,1,31,0,0,6,0,25,0,0,s,1,25,19,0,0,4,41,0
1251,s,d,4,0,d,10,0,3,0,0,1,s,1,d,0,0,6,0,25,0,0,s,d,25,19,0,0,d,41,0
1250,s,0,4,0,7,10,0,3,0,0,1,s,1,31,0,d,6,d,25,34,d,s,1,25,19,0,0,4,41,0
I100,s,14,4,0,0,10,0,3,0,0,1,s,1,31,0,0,0,0,25,0,0,s,1,12,0,0,0,0,0,2
1173,s,d,4,0,20,10,0,3,d,1,1,s,1,31,0,0,0,0,25,d,0,s,1,12,d,0,0,0,0,2
1172,s,14,4,0,8,10,d,3,21,3,1,s,1,31,0,0,0,0,25,0,0,s,1,12,0,0,0,0,0,2
I102,s,0,4,0,0,10,0,3,0,0,0,s,1,31,0,0,20,0,25,0,0,s,0,0,0,0,0,0,0,0
I103,s,0,4,0,0,10,0,3,0,0,0,s,1,31,0,3,20,0,25,0,0,s,0,0,0,10,0,0,0,0
I104,s,0,4,0,0,10,1,3,0,0,0,s,1,31,0,3,20,0,25,0,0,s,0,0,0,10,0,0,0,0
I105,s,0,4,0,0,10,1,3,21,0,0,s,1,31,0,3,20,0,25,0,0,s,0,0,0,10,0,0,0,0
I106,s,0,4,0,0,10,1,3,21,0,0,s,1,31,0,3,20,0,25,0,0,s,0,0,0,10,0,0,0,2
1007,s,0,4,0,0,10,1,3,21,0,0,s,1,31,0,d,20,d,25,d,0,s,0,0,d,d,0,0,0,2
I107,s,0,4,0,0,10,1,3,21,0,0,s,1,31,0,s,20,0,25,0,2,s,0,0,0,10,0,0,0,2
1973,s,0,4,1,0,10,1,3,d,0,0,s,1,31,0,s,20,0,d,0,2,s,0,0,0,10,0,0,0,2
1972,s,0,4,0,0,d,1,3,21,0,0,s,1,31,0,s,20,0,25,0,2,s,0,0,0,d,d,0,0,2
1058,s,0,d,0,d,s,s,3,21,0,0,s,1,s,0,3,20,0,25,0,0,s,d,d,0,10,0,6,d,0
I109,s,0,4,0,0,10,1,3,0,0,1,s,1,31,0,3,20,0,25,0,0,s,0,0,0,10,0,0,0,0
1867,s,0,d,d,0,10,1,3,0,2,1,s,1,31,3,3,20,1,d,0,13,s,3,0,0,10,d,11,d,0
2031,s,0,4,0,2,s,1,3,24,0,d,s,1,31,0,3,20,s,25,0,d,s,0,0,0,10,0,d,0,0
I116,s,0,4,0,0,10,0,3,0,0,0,s,1,31,0,3,20,1,25,0,0,s,0,29,0,10,0,7,0,0
1098,s,12,4,s,0,10,0,d,d,2,s,s,1,31,0,d,s,1,25,0,0,s,0,29,0,10,d,7,33,0
I120,s,0,4,0,0,10,0,3,0,0,0,s,1,31,0,3,20,1,25,0,0,s,0,29,s,10,0,7,0,2
1022,s,0,4,1,s,10,d,3,24,0,0,s,1,d,0,3,20,1,25,0,0,s,d,29,s,10,d,7,d,2
I122,s,0,4,0,0,10,0,3,0,0,0,s,1,31,0,3,20,1,25,0,0,s,0,29,s,10,0,7,0,2
983,s,6,4,0,0,10,1,3,0,8,0,s,1,d,0,3,20,1,d,0,1,s,0,d,s,10,25,7,0,2
1964,s,0,d,0,20,10,0,d,0,0,0,s,1,31,0,3,d,1,25,s,0,s,0,29,s,10,0,7,0,2
I124,s,19,4,0,s,10,0,3,0,0,0,s,1,31,0,0,20,0,25,0,0,s,0,0,0,0,0,0,0,0
I129,s,19,4,s,s,10,1,3,0,0,1,s,1,31,3,31,20,0,25,0,0,s,0,3,0,0,0,0,0,2
1476,s,19,4,s,s,10,1,3,0,8,1,s,1,31,3,d,s,0,25,0,0,s,0,3,0,0,d,0,d,d
I131,s,19,4,s,s,10,1,3,s,0,1,s,1,31,3,31,20,0,25,19,0,s,0,3,0,0,0,0,25,2
1727,s,19,d,s,s,10,d,3,s,0,d,s,1,31,3,d,20,d,25,19,0,s,0,3,12,0,0,0,25,2
1726,s,d,4,s,s,10,1,3,s,0,1,s,1,d,3,31,20,0,d,d,0,s,0,d,0,d,0,0,25,2
1094,s,19,4,0,s,10,0,3,d,0,0,s,1,d,0,0,20,0,25,0,d,s,d,16,0,15,0,0,0,0
I139,s,0,0,0,0,0,0,10,0,0,0,0,0,0,3,0,0,0,25,0,0,s,0,34,14,0,0,0,0,0
I140,s,0,0,0,0,0,0,10,0,0,0,0,0,0,3,0,0,0,25,0,0,s,0,34,14,0,0,0,0,0
I141,s,0,1,0,0,0,0,10,0,0,0,0,0,0,3,0,0,0,25,2,0,s,4,34,14,0,0,0,0,0
I142,s,0,1,0,0,0,0,10,0,5,0,0,0,0,3,0,0,0,25,2,0,s,4,34,14,0,0,0,0,0
I143,s,0,1,0,7,0,0,10,0,5,0,0,0,5,3,4,23,0,25,2,0,s,4,34,14,0,0,0,0,0
I144,s,0,1,0,7,0,0,10,0,5,0,0,0,5,3,4,23,0,25,2,0,s,4,34,14,7,0,0,0,0
I145,s,0,1,0,7,3,0,10,0,5,0,0,0,5,3,4,23,0,25,2,0,s,4,34,14,7,0,0,0,0
1763,s,0,1,0,7,3,0,10,0,5,0,d,0,5,3,4,23,0,25,2,0,s,d,34,14,7,0,0,0,0
1762,s,0,1,0,7,3,0,10,0,5,d,d,0,5,3,4,23,0,d,2,0,s,4,34,14,7,0,0,0,0
1785,s,0,1,0,7,d,1,10,0,5,0,0,10,5,3,4,23,0,25,2,0,s,4,34,14,7,0,0,61,0
I147,s,0,1,0,7,0,0,10,0,5,0,0,0,5,3,4,23,0,25,2,0,s,4,34,14,24,0,0,0,0
I148,s,0,1,0,7,0,1,10,0,5,0,0,0,5,3,4,23,s,25,2,0,s,4,34,14,24,0,0,0,2
1893,s,d,1,d,7,0,1,d,0,5,0,0,0,5,3,4,d,s,25,2,0,s,d,d,14,24,0,0,0,2
1892,s,0,1,0,7,0,1,10,0,5,0,d,0,d,3,4,d,s,25,2,0,s,4,34,14,24,0,0,0,2
I149,s,0,1,0,7,0,0,10,0,5,0,0,0,5,3,4,23,0,25,2,0,s,4,34,14,24,0,0,0,0
1805,s,d,1,0,7,0,0,10,0,5,1,0,0,d,3,4,d,0,25,2,0,s,4,34,d,24,0,0,0,0
1804,s,0,1,0,7,0,0,10,0,5,0,0,0,5,3,4,23,0,25,2,d,s,4,34,14,24,0,0,0,0
I151,s,0,1,0,15,0,0,10,0,s,1,0,0,37,3,0,0,0,25,2,0,s,4,34,14,0,25,11,0,0
1747,s,d,d,0,15,10,0,d,15,s,1,d,0,37,3,19,0,0,d,2,0,s,d,34,d,0,25,11,0,0
988,s,d,1,0,15,10,0,d,d,s,1,0,0,37,3,0,d,d,25,2,0,s,4,34,14,0,25,11,76,0
I154,s,0,1,0,0,0,0,10,25,0,0,0,0,0,3,0,0,0,25,2,0,s,4,s,14,0,0,0,0,0
I155,s,0,1,0,0,0,1,10,25,0,1,1,0,0,3,0,0,0,25,2,0,s,4,s,14,0,0,0,0,0
I157,s,0,1,0,0,0,1,10,25,0,1,1,10,0,3,0,0,0,25,2,s,s,4,s,14,0,0,0,23,2
1743,s,0,1,0,0,0,d,10,25,0,1,d,d,0,3,0,0,0,d,2,s,s,4,s,14,0,0,0,23,2
1742,s,d,d,d,d,0,d,10,25,14,1,1,10,0,3,0,d,0,25,2,s,s,4,s,14,0,0,0,23,2
1578,s,0,1,0,d,0,1,10,25,0,1,d,0,0,3,23,0,d,25,d,d,s,4,s,14,0,0,0,0,2
I161,s,0,1,1,0,0,0,10,25,0,0,0,0,0,3,0,0,0,25,2,0,s,4,s,14,0,0,4,0,0
I162,s,31,1,1,0,0,0,10,25,0,0,0,0,26,3,0,0,0,25,2,0,s,4,s,14,0,0,4,0,0
1364,s,31,1,1,0,0,0,10,25,0,0,s,5,26,3,29,4,0,25,2,0,s,4,s,14,0,0,4,0,0
I164,s,31,1,1,0,0,0,10,25,0,0,0,0,26,3,0,0,0,25,2,0,s,4,s,14,0,0,4,s,0
1669,s,31,1,d,d,0,0,10,25,0,0,0,0,d,3,0,0,0,25,2,d,s,4,s,14,d,0,4,s,0
1668,s,31,1,1,0,0,0,d,25,0,0,0,0,26,3,0,d,0,25,2,0,s,4,s,14,0,0,4,s,0
I165,s,0,1,1,0,0,0,10,25,s,0,0,0,0,3,0,0,0,25,2,0,s,4,s,14,s,0,4,1,0
1903,s,0,d,d,0,0,0,10,25,s,1,3,0,0,3,0,0,s,d,2,0,s,4,s,d,s,0,4,1,0
1666,s,0,1,1,0,0,d,10,d,s,1,0,d,0,3,11,2,0,25,2,d,s,4,s,14,s,45,4,1,0
I168,s,0,0,0,0,0,0,10,0,0,0,0,0,4,3,0,0,1,25,0,11,s,0,34,14,0,0,7,0,0
I169,s,0,0,1,5,0,1,10,0,0,0,3,0,4,3,0,0,1,25,0,11,s,0,34,14,0,0,7,0,2
I170,s,0,0,1,5,0,1,10,0,0,0,3,0,4,3,0,0,1,25,0,11,s,0,34,14,14,0,7,0,2
I171,s,0,2,1,5,0,1,10,0,0,0,3,0,4,3,0,0,1,25,0,11,s,0,34,14,14,0,7,0,2
1814,s,0,2,1,5,0,d,10,12,d,0,3,0,4,3,d,d,1,25,0,d,s,0,34,14,d,d,7,0,2
I173,s,0,2,1,5,0,1,10,24,0,0,3,0,4,3,0,0,1,25,0,11,s,4,34,14,14,19,7,0,2
1887,s,0,d,1,5,0,1,d,24,0,0,3,4,4,3,4,0,1,d,0,11,s,4,34,d,14,d,7,0,2
1886,s,0,2,1,5,0,1,10,24,0,0,3,0,4,3,0,0,1,d,0,11,s,4,34,d,d,19,7,0,2
I174,s,0,2,1,5,0,1,10,0,0,0,3,0,4,3,0,0,1,25,0,11,s,0,34,14,14,0,7,0,2
1942,s,0,2,1,5,0,1,10,0,0,0,3,0,4,3,0,d,1,25,d,d,s,0,d,14,14,0,7,0,2
2009,s,d,2,1,d,2,1,10,0,0,0,3,0,4,3,0,0,1,25,d,11,s,0,34,14,14,0,7,d,2
I177,s,0,0,1,5,0,1,10,0,0,0,3,14,4,3,0,20,1,25,0,11,s,0,34,14,0,0,7,0,2
1859,s,0,0,1,5,10,1,10,s,0,0,3,s,4,3,0,20,1,d,0,11,s,d,34,14,0,s,d,s,2
I181,s,10,0,1,5,0,1,10,22,8,0,3,14,4,3,0,20,1,25,0,11,s,0,34,14,0,0,7,0,2
1029,s,10,0,1,5,0,1,d,22,8,0,d,14,4,3,0,20,1,d,0,11,s,4,34,14,d,0,d,d,2
2042,s,10,1,d,5,0,1,10,d,8,0,3,14,4,3,0,20,1,25,0,d,s,0,34,14,0,d,7,0,2
I183,s,0,2,0,21,0,0,10,0,0,0,0,0,4,3,0,0,1,25,0,11,s,0,34,14,0,25,7,0,0
1574,s,0,d,d,21,0,1,10,0,0,1,0,0,4,3,0,0,d,s,0,11,s,3,34,d,0,25,7,89,0
I191,s,0,2,0,21,0,0,10,0,14,0,0,0,4,3,0,0,1,25,8,11,s,0,34,14,0,25,7,0,0
I192,s,0,2,0,21,0,0,10,0,14,0,0,0,4,3,0,21,1,25,8,11,s,4,34,14,0,25,7,0,0
I193,s,0,2,0,21,0,0,10,0,14,0,0,0,4,3,0,21,1,25,8,11,s,4,34,14,0,25,7,0,0
1793,s,0,2,0,21,0,0,10,0,14,0,0,0,d,3,0,21,d,25,8,11,s,d,34,14,0,25,d,0,d
1792,s,0,2,d,21,0,0,10,0,14,0,0,0,4,3,0,21,d,25,8,d,s,4,34,14,0,25,7,0,0
1545,s,10,2,0,21,0,0,d,0,14,d,d,0,4,3,19,21,1,25,8,11,s,4,34,14,0,25,7,0,d
1372,s,0,2,1,21,0,0,10,0,14,1,0,0,4,d,3,0,d,25,8,11,s,0,34,14,0,25,7,0,0
I198,s,0,0,0,0,0,0,10,0,0,0,0,0,0,3,0,9,0,25,0,0,s,0,34,14,0,0,0,0,0
I199,s,0,0,0,0,0,0,10,0,0,0,0,0,0,3,0,9,0,25,0,0,s,0,34,14,0,0,0,0,0
I200,s,0,0,0,0,0,0,10,0,0,0,0,0,0,3,0,9,0,25,0,0,s,0,34,14,0,0,7,0,0
I201,s,0,0,0,0,0,1,10,0,0,0,0,0,0,3,0,9,0,25,26,0,s,0,34,14,0,0,7,0,0
1043,s,0,1,1,0,0,1,10,0,0,0,5,4,0,3,0,9,0,25,26,0,s,0,34,14,0,0,d,0,0
I203,s,0,0,1,0,0,1,10,0,0,0,0,5,0,3,0,9,0,25,26,0,s,s,34,14,0,0,7,7,2
I204,s,0,0,1,0,0,1,10,0,0,0,0,5,0,3,0,9,2,25,26,0,s,s,34,14,0,0,7,7,2
2037,s,0,0,d,0,0,1,10,0,0,0,0,d,0,3,0,d,2,d,26,0,s,s,34,14,0,0,7,7,2
2036,s,0,0,1,0,0,1,10,0,0,0,0,5,0,d,0,9,2,d,26,d,s,s,d,14,0,0,7,7,2
1056,s,0,0,1,0,12,d,d,0,0,0,d,5,0,3,0,d,0,25,26,0,s,s,34,d,0,0,7,7,2
I205,s,0,1,0,8,0,0,10,0,0,0,0,0,0,3,0,9,0,25,0,0,s,3,34,14,0,0,7,0,6
1921,s,0,1,0,8,s,0,10,0,0,0,0,d,0,3,19,9,0,d,0,0,s,3,34,14,0,0,7,0,d
I209,s,0,1,0,8,0,0,10,0,0,0,0,0,0,3,0,9,0,25,0,0,s,3,34,14,0,0,7,0,6
1025,s,0,1,0,d,0,d,10,0,0,0,0,10,0,3,0,d,1,25,0,21,s,3,d,14,0,76,7,0,6
1024,s,0,1,d,8,0,0,10,d,0,0,0,0,d,3,0,9,0,d,0,0,s,3,34,14,d,d,7,0,6
I210,s,0,0,0,0,0,0,10,0,0,0,0,0,0,3,0,9,0,25,0,0,s,0,34,14,0,0,0,0,0
I211,s,0,0,0,9,0,0,10,0,0,1,0,0,0,3,0,9,s,25,0,27,s,0,34,14,0,0,0,0,0
1040,s,0,0,0,9,0,0,d,d,8,1,6,0,0,d,28,9,s,25,s,d,s,0,34,14,d,1,d,0,0
I213,s,0,0,0,9,0,0,10,0,0,1,0,0,0,3,0,9,s,25,0,27,s,0,34,14,0,0,0,15,0
I214,s,3,0,0,9,10,0,10,0,0,1,0,0,0,3,0,9,s,25,0,27,s,0,34,14,0,0,0,15,0
2007,s,3,0,1,d,10,d,10,0,0,1,d,0,0,3,0,9,s,25,d,27,s,0,34,14,0,0,d,15,0
2006,s,3,0,0,9,d,0,10,0,0,1,0,0,0,3,0,9,s,25,0,27,s,0,34,14,0,0,d,15,0
2013,s,0,0,0,9,d,0,d,0,0,1,0,s,0,d,0,9,s,25,0,27,s,0,34,d,0,0,0,15,0
I216,s,0,0,0,20,s,0,10,0,0,1,5,0,0,3,0,9,0,25,0,0,s,0,34,14,0,0,0,0,0
1985,s,0,2,0,20,s,0,10,0,d,d,5,d,0,3,0,9,0,25,0,4,s,4,d,d,19,d,0,0,0
I220,s,0,1,0,20,s,0,10,0,0,1,5,0,19,3,23,9,0,25,0,0,s,0,34,14,0,0,0,0,0
1583,s,0,1,0,20,s,d,10,0,0,1,5,0,19,3,23,9,0,d,0,0,s,0,34,14,0,d,0,0,d
1427,s,0,1,1,20,s,0,10,0,0,1,5,0,19,3,23,9,0,25,21,11,s,1,34,14,0,0,0,0,0
I223,s,0,0,0,0,0,0,10,0,0,0,0,0,0,3,0,9,0,25,0,0,s,0,34,14,0,0,0,0,0
I224,s,0,0,0,0,0,0,10,0,0,0,0,0,0,3,0,9,0,25,0,0,s,0,34,14,0,0,0,0,0
I225,s,0,0,0,0,0,0,10,0,0,0,0,0,0,3,0,9,0,25,0,0,s,4,34,14,0,0,0,0,0
I226,s,0,0,0,0,0,0,10,0,0,0,0,0,0,3,0,9,0,25,0,0,s,4,34,14,0,0,11,0,0
1548,s,0,1,d,0,d,1,10,0,0,1,0,0,0,3,0,9,0,25,d,4,s,4,d,s,0,0,11,0,0
I228,s,12,0,0,0,0,0,10,0,0,0,0,0,0,3,0,9,1,25,0,0,s,4,34,14,0,0,11,0,0
1595,s,12,0,0,d,0,0,10,0,0,1,0,d,0,3,0,d,1,25,0,0,s,4,34,14,0,0,11,0,0
1594,s,12,0,0,0,0,0,d,5,0,0,0,d,0,3,0,9,1,25,d,0,s,4,34,14,0,0,11,0,0
1661,s,0,1,0,d,0,0,10,0,0,0,5,0,0,3,3,9,2,25,0,s,s,4,34,14,0,25,0,0,3
I232,s,0,0,0,0,3,0,10,0,0,0,0,0,0,3,2,9,0,25,0,0,s,0,34,14,0,0,4,0,0
1486,s,0,0,d,0,3,1,s,d,0,0,0,0,0,3,2,d,1,25,0,0,s,0,34,14,0,0,4,0,0
I236,s,0,0,0,0,3,1,10,0,0,0,0,0,0,3,2,9,0,25,0,0,s,0,34,14,0,0,4,0,0
1624,s,0,0,0,0,d,1,10,0,0,0,0,0,0,3,2,9,0,25,0,0,s,0,34,14,d,d,4,s,0
1440,s,0,1,0,5,3,1,10,d,0,0,0,0,0,3,d,9,0,25,0,0,s,3,34,14,0,d,4,0,d
I239,s,27,0,0,0,3,0,10,0,0,0,3,0,19,3,0,9,0,25,0,27,s,0,34,14,25,0,0,0,0
I244,s,27,0,0,0,3,1,10,19,8,0,3,0,19,3,0,9,1,25,0,27,s,3,34,14,25,0,0,0,0
985,s,27,d,0,0,d,d,d,19,8,0,3,0,19,3,0,d,d,25,9,27,s,3,34,14,25,0,0,d,0
I245,s,27,0,0,0,3,1,10,19,8,0,3,0,19,3,0,9,1,25,0,27,s,3,34,14,25,0,0,0,0
2033,s,27,d,0,0,3,1,10,19,d,d,d,0,19,3,0,9,1,25,0,d,s,3,34,14,25,0,0,0,0
2032,s,27,0,0,0,3,1,10,19,8,0,3,0,19,3,0,d,1,25,0,27,s,3,34,14,d,0,0,0,0
I246,s,27,1,0,0,3,0,10,0,0,0,3,0,19,3,0,9,0,25,0,27,s,0,34,14,25,0,8,0,0
I248,s,27,1,1,0,3,0,10,0,2,1,3,0,19,3,0,9,0,25,0,27,s,0,34,14,25,0,8,0,0
2021,s,27,1,1,0,3,0,10,0,2,1,d,0,19,d,0,9,0,25,d,d,s,0,d,14,d,0,d,0,0
2020,s,27,1,d,0,d,0,10,0,2,1,3,0,19,3,0,9,d,25,0,d,s,0,34,14,25,0,8,d,d
1030,s,27,s,1,0,3,0,10,0,0,0,3,0,19,d,0,9,0,25,0,d,s,0,34,14,s,0,8,0,1
I251,1,0,0,0,0,0,0,0,0,0,0,0,10,37,0,0,0,0,0,0,0,s,0,0,0,0,0,0,0,0
I252,1,0,0,0,0,0,0,0,0,0,s,0,10,37,0,0,0,0,0,0,0,s,0,0,0,0,0,0,0,0
I253,1,0,0,0,0,0,4,0,0,0,s,0,10,37,0,0,0,0,0,0,21,s,0,0,0,0,0,4,0,2
I254,1,0,0,0,0,0,4,0,0,0,s,0,10,37,0,0,0,0,0,0,21,s,0,0,0,0,0,4,0,2
I255,1,0,0,1,0,15,4,0,0,8,s,0,10,37,0,0,0,0,s,0,21,s,0,0,0,30,0,4,0,2
I256,1,0,0,1,0,15,4,0,0,8,s,0,10,37,0,20,0,0,s,0,21,s,0,0,0,30,0,4,0,2
I257,1,0,0,1,0,15,4,24,0,8,s,0,10,37,0,20,0,0,s,0,21,s,s,0,0,s,0,4,0,2
I258,1,0,0,1,0,15,4,24,0,8,s,0,10,37,0,20,17,0,s,0,21,s,s,12,0,s,0,4,0,2
1223,1,0,0,1,0,15,4,24,0,8,s,0,d,37,0,20,17,0,s,0,21,s,s,12,0,s,0,4,0,2
1222,1,0,0,1,0,15,4,24,0,8,s,0,10,37,0,20,17,d,s,0,d,s,s,12,0,s,0,4,0,2
1379,1,0,0,d,0,15,4,d,0,8,s,0,10,37,0,d,0,0,s,0,d,s,s,0,0,s,0,d,0,2
I260,1,0,0,1,0,15,4,0,0,8,s,0,10,37,0,20,0,0,s,0,21,s,0,0,0,30,0,4,0,2
1068,1,d,0,1,0,15,4,d,0,8,s,d,10,37,d,20,d,0,s,0,21,s,0,8,0,30,0,4,d,2
1359,1,0,0,d,d,15,4,0,0,8,s,0,10,37,0,20,0,0,s,0,d,s,0,d,0,d,d,4,0,2
I263,1,0,1,1,0,15,4,0,0,8,s,0,10,37,0,0,0,0,s,0,21,s,0,0,12,30,0,4,0,2
I264,1,0,1,1,0,15,4,0,0,8,s,0,10,37,0,0,0,1,s,0,21,s,0,0,12,30,0,4,0,s
I265,1,0,1,1,11,15,4,0,0,8,s,0,10,37,0,0,0,1,s,0,21,s,0,0,12,30,0,4,0,s
1101,1,0,1,1,d,15,4,d,0,8,s,10,10,37,0,0,0,1,s,0,21,s,0,0,12,30,0,4,0,s
1100,1,0,d,d,11,15,4,0,0,8,s,0,d,37,0,0,d,1,s,0,d,s,0,0,12,d,0,s,0,s
I266,1,0,1,1,0,15,4,0,0,8,s,0,10,37,0,0,0,1,s,0,21,s,0,0,12,30,0,4,73,s
1255,1,0,1,1,2,15,4,0,0,8,s,0,s,37,2,0,d,d,s,d,21,s,0,25,12,30,0,4,73,s
1254,1,0,1,d,0,15,d,0,0,d,s,0,10,37,0,d,0,1,s,0,21,s,0,0,12,30,0,4,73,s
I267,1,0,1,1,0,15,4,0,0,8,s,0,10,37,0,0,0,0,s,0,21,s,0,0,12,30,76,4,0,2
I268,1,0,1,1,0,15,4,0,0,8,s,0,10,37,0,3,0,0,s,0,21,s,0,0,12,30,76,4,0,2
1055,d,0,1,1,0,15,4,16,19,8,s,0,10,37,d,3,d,d,s,0,21,s,0,0,12,30,76,4,0,2
1054,1,0,1,1,0,s,4,0,0,8,s,d,d,37,0,3,0,d,s,0,21,s,d,0,12,30,76,4,20,2
1278,1,0,1,d,0,15,d,0,0,8,s,0,10,37,0,0,0,0,s,0,21,s,d,0,12,30,76,4,d,2
I270,1,0,0,0,0,0,4,1,0,0,s,0,10,37,1,0,0,0,0,0,21,s,0,0,0,0,0,4,0,2
I271,1,0,0,0,0,0,4,1,0,0,s,0,10,37,1,0,0,0,0,0,21,s,0,0,13,0,0,4,0,2
I272,1,0,0,0,0,0,4,1,0,0,s,0,10,37,1,0,0,0,0,0,21,s,0,0,13,s,0,4,0,2
I273,1,0,0,s,0,0,4,1,0,0,s,0,10,37,1,0,33,0,0,0,21,s,0,2,13,s,0,4,0,2
1005,d,0,0,s,0,0,4,d,0,0,s,0,10,37,1,s,33,d,0,d,21,s,0,2,13,s,0,4,0,2
1004,1,0,0,s,0,0,4,1,0,0,s,0,10,37,1,6,33,1,0,0,21,s,0,2,13,s,0,4,0,2
I274,1,0,1,0,0,0,4,1,0,0,s,0,10,37,1,0,1,0,0,0,21,s,0,0,13,s,11,4,0,2
1994,1,0,1,d,0,0,4,1,1,0,s,0,10,37,1,0,d,d,0,0,21,s,0,0,d,s,d,4,0,2
1909,1,0,1,0,0,d,4,d,0,0,s,0,10,d,1,0,1,0,21,0,d,s,0,0,13,s,11,4,0,2
1073,1,0,1,0,d,7,d,1,0,d,s,0,d,37,1,0,5,0,0,s,d,s,0,d,13,0,0,4,d,2
I280,1,0,0,0,0,15,4,1,0,5,s,1,10,37,1,0,0,0,0,0,21,s,0,0,0,0,0,4,0,2
I281,1,0,0,0,0,15,4,1,0,5,s,1,10,37,1,0,s,0,0,0,21,s,0,0,0,0,s,4,0,2
I282,1,0,0,0,0,15,4,1,0,5,s,1,10,37,1,0,s,0,0,0,21,s,0,0,4,0,s,4,0,2
1319,d,0,0,0,11,d,4,1,0,5,s,1,10,37,1,0,s,0,0,0,d,s,0,0,4,0,s,4,0,2
1318,1,d,0,d,0,15,4,d,0,5,s,1,10,37,1,0,s,0,0,0,d,s,0,d,4,0,s,4,0,2
I283,1,0,0,0,0,15,4,1,0,5,s,1,10,37,1,6,s,0,0,0,21,s,0,0,0,0,s,4,0,2
1181,1,0,0,0,0,15,4,1,0,d,s,1,10,37,d,d,s,d,0,0,21,s,0,0,0,0,s,4,0,2
1180,d,d,0,0,0,15,4,1,0,5,s,1,10,37,1,6,s,0,0,0,21,s,d,12,0,0,s,4,0,2
I284,1,0,0,0,0,15,4,1,0,5,s,1,10,37,1,0,0,0,0,0,21,s,0,0,0,0,1,4,0,2
1773,1,0,0,0,0,15,d,d,0,5,s,1,10,37,1,0,0,0,0,0,21,s,1,0,0,d,d,4,0,d
1475,1,0,0,0,0,d,4,1,d,d,s,1,10,d,d,d,0,0,0,0,21,s,0,0,0,0,d,4,s,2
I287,1,0,2,0,0,0,4,2,0,0,s,0,10,37,0,0,0,5,0,0,21,s,s,0,0,0,0,4,0,2
I288,1,0,2,0,0,0,4,2,0,0,s,0,10,37,0,0,0,5,0,0,21,s,s,0,0,0,0,4,0,2
I289,1,0,2,0,0,0,4,2,0,0,s,0,10,37,0,0,0,5,0,0,21,s,s,0,0,0,0,4,0,2
I292,1,0,2,0,0,0,4,2,0,0,s,0,10,37,0,0,0,5,0,0,21,s,s,17,s,0,0,4,0,2
1489,1,d,2,0,d,0,4,2,3,0,s,0,10,37,0,0,d,5,0,0,21,s,s,17,s,0,0,4,0,2
1488,1,0,2,0,d,0,4,2,0,0,s,0,10,37,0,0,1,5,0,s,21,s,s,d,s,0,0,4,0,2
I293,1,0,2,0,0,9,4,2,0,0,s,0,s,37,0,0,0,5,0,0,21,s,s,0,0,0,0,4,0,2
1605,1,d,d,0,0,9,4,2,s,0,s,0,s,37,0,0,0,5,0,0,21,s,s,d,d,0,0,4,0,2
1417,1,10,2,0,0,9,d,2,0,0,s,5,s,37,0,0,0,5,0,0,21,s,s,0,0,0,0,4,0,2
I296,1,0,2,0,0,0,4,2,0,0,s,0,10,37,0,0,0,5,0,0,21,s,s,0,0,0,0,4,0,2
I299,1,10,2,0,0,0,4,2,0,0,s,0,10,37,3,0,8,5,2,0,21,s,s,0,0,0,46,4,0,s
1147,1,d,2,0,0,d,4,2,0,0,s,0,10,37,3,0,8,5,2,0,21,s,s,0,0,0,s,4,0,s
1146,1,10,2,d,0,0,4,2,0,0,s,0,10,37,3,0,8,5,2,0,21,s,s,0,0,d,46,d,0,s
1492,1,20,2,0,0,0,4,2,0,1,s,d,10,37,3,3,d,5,0,0,21,s,s,14,0,0,0,4,0,2
I303,1,0,2,0,2,0,4,2,0,0,s,0,10,37,0,0,0,5,0,0,21,s,s,0,0,0,0,4,0,2
I306,1,0,2,0,2,2,4,2,0,14,s,0,10,37,1,0,0,5,0,0,21,s,s,14,s,0,0,4,58,2
1799,1,0,2,0,2,d,4,2,0,14,s,0,10,37,1,0,0,5,0,0,21,s,s,14,s,0,d,4,58,2
1798,1,0,2,0,2,2,4,d,0,14,s,0,d,37,1,23,0,5,0,0,d,s,s,14,s,7,0,4,58,2
I310,1,0,2,0,2,2,4,2,0,0,s,0,10,37,0,27,4,5,0,0,21,s,s,0,0,0,0,4,0,2
I311,1,0,2,0,2,2,4,2,0,0,s,0,10,37,0,27,4,5,0,0,21,s,s,0,0,0,s,4,0,2
I312,1,0,2,0,2,2,4,2,0,0,s,0,10,37,0,s,4,5,0,0,21,s,s,0,0,0,s,4,0,2
1745,1,0,2,d,d,d,4,2,d,0,s,0,10,d,d,s,4,5,0,0,21,s,s,0,d,0,s,4,d,d
1744,1,0,2,0,2,2,4,2,0,d,s,0,10,37,0,s,4,5,0,d,21,s,s,0,0,0,s,4,0,2
1368,1,0,2,d,2,2,4,2,0,0,s,d,10,37,0,27,4,5,0,0,s,s,s,d,0,d,s,4,0,2
1889,1,12,2,1,2,d,4,2,d,0,s,d,10,37,0,27,s,5,8,0,21,s,s,0,d,30,s,4,0,2
I317,1,0,1,0,0,0,0,0,0,0,s,0,10,37,0,0,0,0,0,0,0,s,0,0,0,0,0,0,0,0
I318,1,s,1,0,0,0,s,0,21,0,s,0,10,37,0,0,0,0,0,0,0,s,0,41,0,0,0,0,0,0
I319,1,s,1,0,0,0,s,0,21,0,s,5,10,37,s,0,0,0,0,0,0,s,0,41,0,0,0,0,69,0
I320,1,s,1,0,0,0,s,0,21,0,s,5,10,37,s,0,0,0,0,0,0,s,0,41,0,0,0,0,69,2
1801,1,s,1,0,0,s,s,d,21,5,s,d,d,37,s,0,0,0,25,0,d,s,d,d,s,0,0,0,s,2
1428,d,s,1,1,0,0,s,10,21,0,s,d,10,37,s,0,4,0,d,d,0,s,0,41,0,0,41,0,69,2
I327,1,s,1,0,0,0,s,0,21,0,s,5,10,37,s,19,0,0,0,2,0,s,0,41,0,0,0,0,69,0
I328,1,s,1,0,0,0,s,0,21,0,s,5,10,37,s,19,0,0,0,2,0,s,0,41,0,0,0,0,69,0
1129,1,s,1,0,0,0,s,0,21,d,s,5,10,d,s,19,0,0,0,d,0,s,0,d,d,7,1,0,69,0
1292,1,s,1,0,0,0,s,0,21,0,s,5,10,37,s,19,0,d,0,2,27,s,0,41,d,0,0,0,d,0
I331,1,s,1,0,0,0,s,s,21,0,s,5,10,37,s,19,0,0,0,2,0,s,0,41,0,0,0,0,69,0
I332,1,s,1,0,15,0,s,s,21,0,s,5,10,37,s,19,0,0,0,2,0,s,3,41,0,0,69,0,69,0
1141,1,s,d,1,15,0,s,s,21,0,s,5,10,37,s,19,0,0,0,2,0,s,3,41,0,0,69,0,d,0
1140,1,s,1,0,15,0,s,s,21,0,s,5,d,37,s,19,18,0,0,2,0,s,3,41,0,0,69,0,69,d
1539,1,s,1,s,0,0,s,s,21,5,s,5,10,37,s,19,35,1,0,2,0,s,0,41,0,0,0,0,69,0
I334,1,s,1,0,0,0,s,11,21,s,s,0,10,37,0,0,0,0,0,0,0,s,0,41,0,0,0,0,0,0
I335,1,s,1,0,5,0,s,11,21,s,s,0,10,37,0,0,0,0,0,0,0,s,0,41,0,0,0,0,0,0
I336,1,s,1,0,5,0,s,11,21,s,s,5,10,37,0,0,0,0,0,0,0,s,0,41,0,0,0,0,0,0
I337,1,s,1,0,5,0,s,11,21,s,s,5,10,37,0,0,0,s,0,0,0,s,0,41,0,0,0,0,0,0
1977,1,s,1,0,5,0,s,11,21,s,s,5,10,37,0,d,0,s,0,0,0,s,0,41,0,0,0,0,0,0
1976,d,s,1,0,5,0,s,11,21,s,s,5,10,37,d,0,0,s,0,0,0,s,d,41,0,d,0,d,0,0
1897,d,s,1,0,5,0,s,d,d,s,s,5,10,37,d,0,0,0,0,0,0,s,3,d,0,0,0,0,0,0
I339,1,s,1,0,5,0,s,11,21,s,s,0,10,37,0,0,0,0,26,0,13,s,0,41,0,0,0,0,0,0
1664,d,s,1,0,5,0,s,d,21,s,s,0,d,37,d,0,6,0,26,0,13,s,0,41,0,0,68,7,0,s
I341,1,s,1,0,5,0,s,11,21,s,s,0,10,37,3,0,0,0,26,0,13,s,0,41,0,s,0,0,0,2
1899,1,s,1,0,5,0,s,d,21,s,s,d,10,d,3,0,0,0,26,d,13,s,0,41,0,s,d,0,0,2
1898,1,s,1,0,5,0,s,11,21,s,s,0,10,37,3,0,0,0,26,0,13,s,0,41,0,s,0,0,0,d
I342,1,s,1,0,0,0,s,11,21,s,s,0,10,37,0,0,0,0,0,0,0,s,0,41,0,0,0,0,0,0
I343,1,s,1,0,0,0,s,11,21,s,s,0,10,37,0,0,0,0,0,s,0,s,0,41,0,0,0,0,0,0
1735,1,s,1,0,d,0,s,d,d,s,s,0,10,37,d,0,0,0,0,s,0,s,0,41,0,0,0,d,0,0
1694,1,s,1,0,0,6,s,11,21,s,s,0,10,37,d,0,0,0,5,s,0,s,0,41,0,0,0,0,d,2
I346,1,s,1,0,0,0,s,11,21,s,s,0,10,37,0,0,0,1,0,0,0,s,0,41,0,0,23,11,0,0
1936,1,s,1,d,0,0,s,11,d,s,s,d,10,d,0,0,0,d,0,3,0,s,3,41,0,0,23,11,0,0
1498,1,s,1,0,0,0,s,d,21,s,s,0,10,37,3,s,0,s,0,0,0,s,d,41,0,d,23,d,0,0
I349,1,0,1,0,0,0,0,s,0,0,s,0,10,37,0,0,0,0,0,0,0,s,0,0,0,0,0,0,0,0
I350,1,0,1,0,11,0,0,s,0,0,s,0,10,37,3,0,0,0,0,31,0,s,0,0,0,0,0,0,0,0
I351,1,0,1,0,11,0,0,s,0,0,s,0,10,37,3,13,0,0,0,31,0,s,0,0,0,0,0,0,0,0
I352,1,0,1,0,11,1,0,s,0,0,s,0,10,37,3,13,0,0,0,31,0,s,0,0,0,0,0,11,0,0
1712,1,0,d,0,d,1,d,s,0,0,s,d,10,37,3,13,7,0,0,31,0,s,d,0,12,33,0,s,0,0
1768,1,0,1,s,11,1,d,s,0,0,s,0,10,d,3,13,d,0,0,31,0,s,d,0,0,0,0,d,0,0
1600,1,0,1,0,11,15,1,s,19,d,s,0,10,37,3,d,0,0,0,31,7,s,0,s,4,0,27,0,87,0
I358,1,0,1,0,11,0,0,s,0,0,s,0,10,37,3,0,0,0,0,31,0,s,0,17,0,0,0,11,0,0
I360,1,s,1,0,11,0,1,s,0,0,s,0,10,37,3,0,0,0,0,31,0,s,0,17,0,0,0,11,0,0
1167,1,s,1,0,11,0,1,s,0,0,s,d,d,37,3,0,s,0,0,31,d,s,0,17,0,0,0,11,0,0
1166,1,s,1,1,11,0,1,s,15,d,s,0,10,37,3,0,0,1,0,31,0,s,0,17,s,0,0,11,0,0
I362,1,0,1,0,11,0,0,s,0,0,s,0,10,37,3,0,0,0,0,31,0,s,0,17,0,0,0,11,0,0
I363,1,0,1,0,11,0,0,s,0,8,s,0,10,37,3,0,0,1,0,31,0,s,0,17,0,0,0,11,0,0
1219,1,0,d,d,11,3,d,s,0,8,s,6,10,37,3,0,0,1,0,31,d,s,0,17,0,0,0,11,0,d
1218,1,d,1,0,11,0,0,s,0,8,s,0,10,37,3,0,0,1,d,31,0,s,0,17,0,d,25,11,0,0
1246,d,0,1,1,11,0,0,s,0,0,s,0,10,37,d,0,d,0,0,s,0,s,s,17,16,0,61,d,1,d
I365,1,0,1,0,0,0,0,s,0,14,s,0,10,37,0,0,0,s,0,0,0,s,0,0,0,0,0,0,0,0
I366,1,0,1,0,0,0,0,s,18,14,s,0,10,37,0,0,0,s,0,0,0,s,0,0,0,22,0,5,69,0
I367,1,19,1,0,0,0,0,s,18,14,s,0,10,37,0,0,0,s,15,0,18,s,0,0,0,22,0,5,69,0
1650,1,19,1,1,0,0,0,s,18,14,s,0,10,37,0,0,0,s,15,0,18,s,0,0,0,d,0,d,s,0
1524,1,d,1,0,d,0,0,s,18,14,s,0,10,37,0,0,0,s,d,8,18,s,0,0,d,22,0,5,69,0
I370,1,0,1,1,0,0,0,s,18,14,s,0,10,37,0,0,0,s,0,0,0,s,0,0,0,22,0,5,69,0
I371,1,0,1,1,7,9,0,s,18,14,s,s,10,37,3,0,s,s,0,0,0,s,0,0,0,22,40,5,69,0
1941,1,0,1,1,7,9,0,s,18,14,s,s,10,37,3,0,s,s,0,0,0,s,0,0,d,22,40,5,69,d
1940,1,0,1,1,7,9,0,s,18,14,s,s,d,37,3,0,s,s,0,d,0,s,0,0,0,22,40,5,69,0
1444,1,d,1,1,0,0,d,s,d,14,s,0,d,37,3,d,18,s,0,0,0,s,0,0,d,d,61,5,69,2
I373,1,27,1,0,0,0,0,s,0,14,s,0,10,37,0,0,0,s,20,0,0,s,0,12,0,0,0,0,0,0
I374,1,27,1,0,0,0,0,s,0,14,s,0,10,37,0,0,0,s,20,0,28,s,0,12,0,0,0,7,0,0
1346,1,27,d,0,3,0,0,s,6,14,s,0,10,d,0,0,0,s,20,d,28,s,0,d,0,d,d,7,d,0
I376,1,27,s,1,0,0,0,s,0,14,s,3,10,37,0,14,0,s,20,0,28,s,0,12,0,s,0,7,0,0
1085,1,27,s,1,d,d,d,s,0,14,s,d,10,37,0,14,0,s,20,0,28,s,d,12,0,s,d,7,s,0
1084,1,d,s,1,d,s,d,s,0,14,s,3,10,37,d,14,0,s,20,0,28,s,4,12,0,s,d,7,0,0
I377,1,27,1,0,0,0,0,s,0,14,s,0,10,37,0,0,0,s,20,0,0,s,0,12,0,0,0,0,0,0
I378,1,27,1,0,0,0,1,s,0,14,s,0,10,37,0,9,0,s,20,0,0,s,0,12,0,0,0,0,0,0
1391,1,27,1,d,0,d,1,s,0,14,s,0,10,37,0,d,0,s,20,0,0,s,0,12,d,0,0,d,0,0
1390,1,d,1,0,0,0,d,s,0,14,s,0,10,37,d,d,d,s,d,d,0,s,0,12,0,d,0,0,0,0
1076,1,27,1,0,0,d,d,s,0,14,s,0,10,37,0,d,0,s,20,0,10,s,0,d,0,d,0,d,0,0
I380,1,0,0,0,0,0,0,0,22,0,0,0,10,37,0,0,0,0,0,34,0,s,0,0,0,0,0,0,0,0
I381,1,0,0,0,0,0,0,0,22,13,0,0,10,37,0,0,0,1,25,34,28,s,0,0,0,0,0,0,23,0
I382,1,0,0,0,0,s,0,0,22,13,0,0,10,37,0,0,0,1,25,34,28,s,0,0,0,0,0,0,23,0
I383,1,s,0,0,0,s,0,0,22,13,1,5,10,37,0,0,0,1,25,34,28,s,0,0,0,0,0,0,23,0
I384,1,s,0,0,0,s,0,0,22,13,1,5,10,37,0,0,0,1,25,34,28,s,0,0,0,0,0,0,23,0
1838,1,s,1,0,0,s,d,0,22,d,1,5,10,37,0,s,0,1,25,d,28,s,0,0,0,0,0,0,23,0
1790,d,s,0,0,19,s,1,0,22,13,1,5,10,37,0,0,22,1,25,34,28,s,0,0,0,0,0,d,23,d
I391,1,s,0,0,0,s,0,0,22,13,1,5,10,37,0,0,0,1,25,34,28,s,0,0,0,0,0,0,23,0
I392,1,s,0,0,0,s,0,10,22,13,1,s,10,37,1,0,0,1,25,34,28,s,0,0,0,0,0,0,23,0
1674,d,s,0,0,0,s,0,d,22,13,1,s,10,37,1,0,0,1,25,34,28,s,0,0,0,9,11,0,23,0
I394,1,s,0,0,0,s,0,10,22,13,1,s,10,37,1,0,0,1,25,34,28,s,0,0,s,0,0,0,23,0
1741,d,s,d,d,0,s,d,10,22,d,1,s,10,37,1,0,d,1,25,34,28,s,0,d,s,0,0,0,23,d
1740,1,s,0,0,0,s,0,10,22,13,1,s,10,37,1,0,0,1,25,34,28,s,d,d,s,d,0,0,23,0
I395,1,s,0,0,0,s,0,0,22,13,1,5,10,37,0,0,1,1,25,s,28,s,0,0,0,0,0,0,23,0
1593,1,s,0,0,0,s,0,0,22,13,1,5,10,37,0,d,1,1,25,s,28,s,d,0,0,0,0,0,23,0
1710,1,s,d,0,d,s,0,0,22,13,1,5,10,37,0,0,1,1,25,s,28,s,0,0,d,0,0,0,23,0
I398,1,0,0,0,0,s,0,0,22,13,0,0,10,37,0,0,0,1,25,34,28,s,0,0,0,0,0,0,23,0
I399,1,1,0,0,0,s,0,0,22,13,0,0,10,37,0,0,14,1,25,34,28,s,3,41,0,0,0,0,23,0
1932,1,1,0,0,0,s,0,7,22,13,1,0,d,d,0,0,14,1,25,34,28,s,3,41,0,0,d,0,d,2
I403,1,1,0,0,0,s,0,0,22,13,1,0,10,37,0,0,14,1,25,34,28,s,3,41,0,0,0,0,23,0
I404,1,1,0,0,0,s,0,0,22,13,1,0,10,37,0,0,14,1,25,34,28,s,3,41,0,0,0,11,23,0
1789,1,1,0,0,0,s,0,0,22,13,1,0,10,37,0,0,14,1,d,34,28,s,3,41,d,0,0,11,23,d
1788,1,1,0,0,0,s,0,0,22,d,1,d,10,37,0,d,14,1,25,34,28,s,3,d,d,0,0,11,23,0
I405,1,1,1,0,0,s,0,0,22,13,1,0,10,37,0,0,14,1,25,34,28,s,3,41,0,0,84,0,23,2
1881,1,1,1,0,0,s,0,0,22,13,1,0,10,37,0,0,14,1,25,34,28,s,3,41,0,0,84,0,23,d
1880,d,1,1,0,0,s,0,0,d,13,1,0,10,37,0,0,14,1,25,34,28,s,d,41,0,0,84,0,23,2
I406,1,0,0,1,0,s,0,0,22,13,0,0,10,37,0,0,25,1,25,34,28,s,0,0,14,0,0,0,23,0
I408,1,0,1,1,0,s,0,0,22,13,0,0,10,37,0,0,25,1,25,34,28,s,0,0,14,0,s,0,23,0
1689,1,0,1,d,0,s,0,0,22,13,0,0,10,37,0,0,d,d,25,34,28,s,0,0,14,0,s,0,23,0
1688,1,0,1,1,0,s,0,0,22,13,0,0,10,37,0,0,25,1,25,d,d,s,0,0,14,0,s,0,23,0
1829,1,0,0,1,d,s,0,s,22,13,0,0,10,37,0,0,25,1,d,34,28,s,0,0,14,0,0,d,23,0
I413,1,0,0,1,0,0,0,0,22,13,0,0,10,37,0,0,0,1,25,34,28,s,0,0,0,0,0,11,23,0
I414,1,0,0,1,0,0,0,0,22,13,0,0,10,37,0,0,0,1,25,34,28,s,0,0,0,0,0,11,23,0
I415,1,0,0,1,0,0,0,0,22,13,0,0,10,37,0,0,0,1,25,34,28,s,0,0,0,0,0,11,23,0
I418,1,0,0,1,0,s,0,1,22,13,1,s,10,37,0,9,0,1,25,34,28,s,0,19,17,22,23,11,23,0
1415,1,0,0,1,0,s,0,1,22,13,1,s,10,d,0,d,0,1,d,34,28,s,d,d,17,22,23,11,23,0
1414,1,0,0,1,0,s,0,1,22,13,1,s,d,d,0,9,0,1,25,34,28,s,d,19,17,22,23,d,d,0
I420,1,3,s,1,0,6,0,0,22,13,0,0,10,37,0,0,0,1,25,34,28,s,0,0,0,0,0,11,23,0
1291,d,d,s,1,0,6,d,0,22,13,0,0,d,37,0,0,23,1,25,34,28,s,0,0,0,0,0,11,d,0
1290,1,3,s,1,0,d,0,0,22,13,d,0,d,37,0,0,0,1,25,34,28,s,0,0,13,d,d,11,23,2
I422,1,0,0,1,0,0,0,0,22,13,0,0,10,37,0,0,0,1,25,34,28,s,1,0,0,0,0,11,23,0
1209,d,0,s,1,0,0,0,0,22,13,0,0,10,37,0,0,0,1,25,34,28,s,1,0,0,0,20,11,23,0
1108,1,0,1,1,0,d,d,22,22,d,1,0,10,37,d,33,0,1,d,34,28,s,d,0,0,0,s,11,23,s
I429,1,0,0,1,0,0,0,0,22,13,0,0,10,37,0,0,0,1,25,34,28,s,0,3,0,0,0,11,23,2
I430,1,0,0,1,0,0,0,0,22,13,0,0,10,37,0,0,0,1,25,34,28,s,0,3,0,0,0,11,23,2
I431,1,0,0,1,0,0,0,0,22,13,s,0,10,s,0,0,0,1,25,34,28,s,0,3,0,0,0,11,23,2
I432,1,0,0,1,0,0,0,0,22,13,s,0,10,s,3,0,23,1,25,34,28,s,0,3,0,0,0,11,23,2
1409,1,0,0,d,0,0,0,0,22,13,s,0,10,s,3,d,23,1,25,34,28,s,0,3,0,0,0,11,23,2
1408,d,0,0,d,0,0,0,d,22,13,s,0,10,s,3,d,23,1,25,34,28,s,0,3,0,d,0,11,23,2
1690,1,d,0,1,0,0,0,0,22,13,s,0,10,s,0,0,0,1,25,34,d,s,0,3,14,27,0,11,23,2
1585,1,12,0,d,0,s,1,0,22,13,0,0,10,37,0,0,22,d,25,34,28,s,0,d,0,4,0,11,23,2
I437,1,0,0,1,0,0,0,16,22,13,0,s,10,37,0,0,0,1,25,34,28,s,0,3,0,2,40,11,23,2
I439,1,0,0,1,0,0,2,16,22,13,1,s,10,37,0,0,0,1,25,34,28,s,0,3,7,2,40,11,23,s
1529,1,0,0,1,0,0,2,16,d,13,d,s,10,37,3,0,0,1,25,34,28,s,0,3,7,2,40,11,23,s
1528,1,0,0,1,0,0,2,s,22,13,s,s,10,37,0,0,0,1,25,34,28,s,0,3,d,2,40,11,23,s
I441,1,0,0,1,0,0,0,s,22,13,0,s,10,37,0,s,0,1,25,34,28,s,s,3,0,2,40,11,23,2
I442,1,2,0,1,0,0,0,s,22,s,0,s,10,37,0,s,0,1,25,34,28,s,s,3,0,2,40,11,23,2
1975,d,2,0,d,0,0,0,s,22,s,0,s,10,d,0,s,d,d,25,34,d,s,s,3,d,2,40,11,23,d
1974,d,2,0,1,0,0,0,s,22,s,0,s,10,37,d,s,0,1,25,34,28,s,s,3,d,2,40,11,23,2
1543,1,0,1,1,0,0,0,s,22,d,d,s,10,37,d,s,s,1,25,34,28,s,s,3,d,s,40,11,23,d
I444,1,0,0,0,0,0,0,0,22,0,0,0,10,37,0,0,0,0,0,34,20,s,0,0,0,0,0,0,0,0
I445,1,0,0,0,0,3,0,0,22,0,0,0,10,37,0,0,0,0,0,34,20,s,1,0,0,15,0,0,0,0
I446,1,0,0,0,0,3,0,0,22,0,0,0,10,37,0,0,0,0,0,34,20,s,1,0,0,15,0,0,0,0
I447,1,14,0,0,0,3,0,0,22,0,0,0,10,37,0,0,0,0,0,34,20,s,1,0,0,15,0,0,0,0
I448,1,14,0,0,0,3,1,0,22,0,0,0,10,37,0,0,35,0,0,34,20,s,1,0,0,15,0,0,0,0
1480,1,14,d,0,0,3,1,0,d,1,0,0,10,37,0,0,35,0,0,34,20,s,1,0,s,s,0,0,0,d
I450,1,14,0,0,0,3,1,0,22,0,0,0,10,37,0,0,35,0,0,34,s,s,1,0,0,15,0,0,0,0
1273,1,14,0,0,0,3,1,0,22,0,s,0,10,37,0,3,35,d,0,34,s,s,1,d,0,15,0,0,0,0
1272,1,14,0,1,0,3,1,d,d,0,d,0,10,37,0,d,35,0,d,d,s,s,1,0,0,15,d,d,0,0
I451,1,14,0,0,0,3,0,0,22,0,0,0,10,37,0,0,0,0,0,34,20,s,1,0,8,15,69,7,0,0
1143,1,14,d,1,5,3,0,0,22,8,0,0,10,37,d,6,d,4,0,34,d,s,1,d,8,15,69,7,20,0
I453,1,14,0,0,0,3,0,21,22,0,0,0,10,37,3,4,0,0,0,34,20,s,1,17,8,15,69,7,0,0
1153,1,14,0,0,0,d,d,21,22,0,d,0,10,d,3,4,0,0,0,34,d,s,1,17,8,15,d,7,0,d
1152,1,14,0,0,0,3,0,21,22,0,0,0,10,37,3,4,0,0,0,34,20,s,1,17,8,15,69,7,d,0
I454,1,5,1,0,0,3,0,0,22,0,0,0,10,37,0,0,0,0,0,34,20,s,1,0,0,15,0,0,10,6
1907,1,d,d,0,d,3,0,0,22,d,s,0,10,37,s,0,s,0,0,d,20,s,d,0,0,15,0,0,10,6
2024,1,5,1,0,d,3,0,d,22,d,0,5,10,37,0,0,0,0,d,34,20,s,1,2,0,15,53,0,10,d
I461,1,0,0,0,0,3,0,0,22,0,1,0,10,37,3,0,0,0,0,34,20,s,1,0,0,15,44,0,0,0
I462,1,0,0,0,8,3,0,2,22,0,1,0,10,37,3,0,0,1,0,34,20,s,1,0,0,15,44,0,10,2
I463,1,0,0,0,8,3,0,2,22,0,1,0,10,37,3,0,0,1,0,34,20,s,1,s,0,15,44,8,10,2
1467,d,d,0,0,8,3,0,2,22,d,1,0,10,37,3,0,5,1,d,34,20,s,d,s,0,d,44,8,10,2
I465,1,0,0,1,8,3,0,2,22,0,1,0,10,37,3,0,0,1,s,34,20,s,1,s,0,15,44,8,10,2
1565,d,0,0,d,8,3,0,2,22,0,d,0,10,d,3,0,0,1,s,34,d,s,1,s,0,15,44,8,10,2
1564,1,0,0,1,8,3,0,2,22,0,1,0,10,37,3,0,0,1,s,34,20,s,1,s,0,15,44,8,10,2
I466,1,0,0,0,8,3,0,2,22,0,1,0,10,37,3,0,0,1,2,34,20,s,1,0,0,15,44,0,10,2
1890,1,d,d,0,8,3,1,d,d,0,1,0,10,d,3,0,0,d,2,34,20,s,1,0,16,15,44,0,10,2
I468,1,0,0,0,8,3,0,2,22,0,1,0,10,37,3,0,0,1,2,34,20,s,1,0,0,15,44,0,10,2
1771,1,0,0,d,8,3,0,2,22,0,1,0,10,37,3,0,15,1,d,34,20,s,1,0,0,d,d,0,10,2
1770,1,0,0,0,8,3,0,2,22,0,1,0,10,37,3,0,0,1,d,34,d,s,1,0,0,15,44,0,d,2
I469,1,1,0,0,12,3,0,22,22,8,1,0,10,37,3,0,0,0,0,34,20,s,1,0,0,15,44,0,25,0
1618,1,1,0,0,12,d,0,22,22,8,d,0,10,37,3,0,30,0,0,d,d,s,1,0,0,15,d,0,s,6
I473,1,1,0,0,12,3,0,22,22,8,1,0,10,37,3,9,0,0,0,34,20,s,1,0,10,15,44,0,25,0
1853,1,1,d,0,12,d,0,22,22,8,1,0,10,37,3,9,0,0,0,34,20,s,1,14,10,15,44,d,25,0
1915,1,1,0,0,d,3,0,d,22,8,d,0,s,37,3,9,0,0,0,34,d,s,1,0,10,15,44,0,25,d
I476,1,0,0,1,0,0,0,0,22,14,0,0,10,37,0,0,28,0,26,34,20,s,0,0,0,0,0,0,15,0
I477,1,0,0,1,0,1,0,0,s,14,0,0,10,37,0,0,28,0,26,34,20,s,0,0,0,0,0,0,15,0
I478,1,12,0,1,0,1,1,0,s,14,1,0,10,37,0,0,28,0,26,34,20,s,3,0,0,0,0,s,15,2
I479,1,12,0,1,0,1,1,0,s,14,1,s,10,37,0,0,28,0,26,34,20,s,3,0,0,0,0,s,15,2
1502,1,12,0,1,0,1,1,d,s,d,1,s,10,37,0,0,28,0,26,d,d,s,3,0,d,0,d,s,15,2
1609,1,12,0,1,0,d,1,d,s,14,1,s,10,37,0,0,s,0,26,d,20,s,3,d,0,0,0,s,15,2
I483,1,12,0,1,0,1,1,0,s,14,1,0,10,37,0,6,s,2,26,34,20,s,3,12,0,0,0,s,15,2
1825,1,12,d,1,0,1,1,0,s,14,d,d,10,37,0,6,s,2,26,34,20,s,3,12,d,0,0,s,15,2
1824,1,d,0,1,0,1,1,0,s,14,1,0,10,37,0,6,s,2,26,d,20,s,3,12,0,d,7,s,15,2
I485,1,0,0,1,15,1,0,0,s,14,0,0,10,37,0,3,28,1,26,34,20,s,0,0,0,0,0,0,15,0
I487,1,0,0,1,15,1,0,0,s,14,0,0,10,37,s,3,28,1,26,34,20,s,3,0,0,0,12,0,15,0
1809,d,0,0,1,15,1,0,0,s,d,0,0,10,37,s,3,28,1,d,34,20,s,3,0,0,0,12,0,15,0
1808,1,0,0,1,15,1,0,0,s,14,0,0,10,d,s,3,28,1,d,34,20,s,3,0,d,0,12,0,15,0
1968,1,0,0,1,15,1,0,s,s,14,0,0,d,37,0,3,d,d,26,34,20,s,0,0,16,27,0,0,15,0
I492,1,0,0,1,0,0,0,0,22,14,0,0,10,37,0,0,28,1,26,34,20,s,0,0,0,0,0,8,15,0
I493,1,0,0,1,0,3,0,0,22,14,0,0,10,37,0,0,28,1,26,34,20,s,0,0,0,0,0,8,15,0
I494,1,0,0,1,0,3,0,0,22,14,0,0,10,37,0,21,28,1,26,34,20,s,0,0,0,0,0,8,15,0
I495,1,0,0,1,0,3,0,0,22,14,0,0,10,37,3,21,28,1,26,34,20,s,0,0,0,0,0,8,15,0
1865,1,0,0,d,0,3,0,0,22,14,0,0,d,37,3,21,28,1,26,34,20,s,0,0,d,0,0,8,15,0
1864,1,0,0,1,0,3,0,0,22,14,d,0,10,37,3,21,28,d,d,34,20,s,0,0,0,0,0,8,15,0
1958,1,0,0,1,0,3,0,0,22,14,1,0,10,37,0,d,28,1,26,34,20,s,0,d,0,0,0,8,15,d
I497,1,0,0,1,0,3,0,0,22,14,0,0,10,37,0,0,28,1,26,34,20,s,0,0,0,0,0,8,15,0
1611,1,0,0,1,0,d,0,0,d,14,0,0,10,37,0,0,28,d,26,34,20,s,0,0,d,0,d,8,15,0
1478,1,0,0,1,0,3,0,0,22,14,0,0,10,37,0,0,28,1,26,34,20,s,0,0,0,0,0,8,15,s
I500,1,0,0,1,0,0,0,0,22,14,1,0,10,37,0,0,28,1,26,34,20,s,0,43,0,0,69,8,15,0
I501,1,0,0,1,7,0,1,s,22,14,1,0,10,37,0,0,28,1,26,34,20,s,0,43,0,s,69,8,15,0
2040,1,25,0,1,d,0,1,s,22,14,1,0,10,37,0,0,d,1,26,d,20,s,0,43,0,s,69,8,15,2
2001,1,d,0,1,7,d,1,s,22,14,1,0,10,37,0,d,d,1,d,34,20,s,0,43,0,s,69,8,15,0
I506,1,0,0,1,s,0,0,s,22,14,1,0,10,37,0,0,28,1,26,34,20,s,0,43,0,0,69,8,15,0
1905,1,0,0,1,s,0,d,s,d,14,1,d,10,37,0,0,28,d,26,34,20,s,0,d,0,0,69,8,15,0
1904,1,0,0,1,s,0,d,s,22,14,1,0,10,37,d,0,28,1,26,34,d,s,0,43,0,0,69,8,15,0
I507,s,0,1,0,0,0,2,0,0,0,0,0,0,11,0,0,0,0,0,0,1,s,3,0,0,0,0,0,10,0
I508,s,0,1,0,0,0,2,0,0,0,0,5,0,11,0,0,0,0,0,0,1,s,3,0,0,0,0,0,10,0
I509,s,0,1,0,5,0,2,0,0,0,0,5,0,11,0,23,0,0,0,0,1,s,3,0,0,0,0,0,10,0
I510,s,0,1,0,5,0,2,22,0,14,0,5,5,11,0,23,1,s,0,0,1,s,3,0,0,0,0,0,10,s
I511,s,0,1,0,5,0,2,22,0,14,0,5,5,11,0,23,1,s,0,0,1,s,3,0,0,0,7,0,10,s
I512,s,0,1,0,5,0,2,22,0,14,0,5,5,11,0,23,1,s,0,0,1,s,3,0,0,0,7,0,10,s
I513,s,0,1,0,5,0,2,22,0,14,1,5,5,11,0,23,1,s,0,0,1,s,3,0,0,0,7,0,10,s
I514,s,0,1,s,5,0,2,22,0,14,1,5,5,11,0,23,1,s,0,0,1,s,3,0,0,0,7,0,10,s
1066,s,0,1,s,5,0,2,d,d,14,1,5,5,11,0,23,1,s,0,d,1,s,3,0,d,0,d,0,10,s
1065,s,0,1,s,5,6,d,d,0,d,1,5,5,11,s,23,1,s,d,0,1,s,d,0,d,0,7,0,10,s
I517,s,0,1,0,5,0,2,22,0,14,1,5,5,11,0,23,1,s,0,0,1,s,3,8,0,0,7,0,10,s
1091,s,d,d,0,5,0,2,22,0,14,1,5,d,d,0,23,1,s,d,0,1,s,3,d,10,0,7,0,d,s
1107,s,d,1,0,5,0,2,d,0,d,1,5,5,11,0,23,d,s,0,0,1,s,3,8,1,0,7,0,10,s
I520,s,0,1,0,5,0,2,22,0,14,0,5,5,11,0,23,1,s,0,0,1,s,3,0,0,0,7,0,10,s
1256,s,d,1,d,5,0,d,22,d,14,d,5,5,11,0,23,1,s,0,0,1,s,s,0,0,33,7,0,10,s
I524,s,0,1,0,5,0,2,22,0,14,0,5,5,11,0,23,1,s,0,0,1,s,3,0,0,33,7,0,10,s
1355,s,0,1,1,5,d,2,22,0,14,0,5,d,11,0,d,d,s,0,s,1,s,s,0,d,33,7,0,10,s
I526,s,0,1,0,5,0,2,22,0,14,0,5,5,11,0,23,1,s,0,0,1,s,3,0,0,33,7,0,10,s
1587,s,d,1,0,5,0,2,22,0,14,0,5,5,11,0,23,1,s,0,0,d,s,3,0,10,33,7,d,10,s
1586,s,0,1,0,5,0,2,22,0,14,0,5,5,11,0,23,1,s,0,0,d,s,3,0,0,33,7,0,10,s
I527,s,0,1,0,5,0,2,22,0,14,0,5,5,11,0,23,1,s,0,3,1,s,3,0,0,0,7,0,10,s
I528,s,0,1,0,5,0,2,22,0,14,0,5,5,11,0,23,1,s,0,3,1,s,3,0,0,0,7,6,10,s
I529,s,5,1,0,5,0,2,22,0,14,0,5,5,11,0,23,1,s,0,3,1,s,3,6,0,0,7,6,10,s
I530,s,5,1,0,5,0,2,22,0,14,0,5,5,11,0,23,1,s,0,3,1,s,3,6,0,0,7,6,10,s
1381,s,5,1,1,5,0,2,22,s,14,d,5,5,11,0,23,1,s,0,3,s,s,3,6,0,0,7,6,d,s
1380,s,d,1,d,5,d,2,22,0,14,0,5,5,11,0,23,1,s,0,3,d,s,d,6,0,0,7,6,10,s
I531,s,5,1,0,5,0,2,22,21,14,0,5,5,11,0,23,1,s,0,3,1,s,3,6,0,0,7,6,10,s
1655,s,5,1,0,5,0,2,22,21,14,d,5,5,11,0,23,1,s,d,3,1,s,3,6,d,0,d,6,10,s
1654,s,5,1,0,5,0,2,d,21,14,0,d,d,11,0,d,d,s,0,3,1,s,3,6,0,0,d,6,10,s
I532,s,0,1,1,5,0,2,22,0,14,0,5,5,11,0,23,1,s,0,3,1,s,3,0,0,0,7,6,10,s
I533,s,0,1,1,5,0,2,22,0,14,0,5,5,11,0,23,1,s,0,3,1,s,3,25,0,0,7,6,10,s
1389,s,0,d,d,5,d,d,22,0,14,0,d,5,11,0,23,1,s,d,3,1,s,3,25,0,0,d,6,10,s
1388,s,0,1,1,5,0,2,22,d,14,1,5,5,11,0,d,1,s,0,d,d,s,3,d,0,0,d,6,10,s
1393,s,0,1,1,5,6,2,22,0,14,0,d,5,11,0,23,1,s,0,3,1,s,3,0,0,0,d,6,10,s
I535,s,0,1,0,5,0,2,22,0,14,0,5,5,11,0,23,1,s,0,3,1,s,3,0,0,0,7,0,10,s
I537,s,0,1,0,5,0,2,22,0,14,0,5,5,11,0,23,1,s,26,3,1,s,3,17,0,0,7,7,10,s
1211,s,0,1,d,5,0,d,s,0,14,0,5,5,11,0,23,d,s,26,3,1,s,3,17,0,0,7,7,d,s
1210,s,0,1,0,d,0,2,22,0,14,0,d,5,11,0,s,1,s,26,3,1,s,3,d,0,0,7,7,10,s
I541,s,0,1,s,5,0,2,22,0,14,s,5,5,11,1,23,1,s,0,3,1,s,3,3,0,0,7,0,10,s
1175,s,0,1,s,5,0,2,22,0,14,s,5,d,11,1,d,1,s,0,d,1,s,d,3,0,0,d,0,10,s
1174,s,0,1,s,d,0,2,22,0,14,s,d,5,11,1,23,1,s,0,3,1,s,3,3,0,d,d,d,10,s
I542,s,0,1,0,5,0,2,22,0,14,0,5,5,11,0,23,1,s,0,0,1,s,3,0,0,0,25,0,10,s
I543,s,18,1,0,5,0,2,22,0,14,0,5,5,11,0,23,1,s,0,0,1,s,3,0,0,0,25,0,10,s
I544,s,18,1,0,5,0,2,22,21,14,1,5,5,11,3,23,1,s,20,0,1,s,3,0,s,0,25,0,10,s
I545,s,18,1,0,5,0,2,22,21,14,1,5,5,11,3,23,1,s,20,9,1,s,3,0,s,0,25,0,10,s
1183,s,18,1,0,5,0,2,22,21,14,d,s,5,11,3,23,1,s,20,d,1,s,3,0,s,0,25,0,10,s
1082,s,18,1,0,5,0,2,d,21,14,1,5,5,11,3,23,1,s,d,9,1,s,3,0,s,0,25,0,10,s
I548,s,18,1,0,5,0,2,22,21,14,1,5,5,11,3,23,1,s,20,0,1,s,3,0,s,0,25,0,10,s
2046,s,d,1,0,5,0,2,22,21,14,1,5,d,11,3,23,1,s,20,18,1,s,3,0,s,0,25,d,10,s
1127,s,18,1,0,5,d,2,22,21,14,1,5,5,11,3,23,1,s,20,0,1,s,3,0,s,0,25,0,10,s
I552,s,18,1,0,5,0,2,22,0,14,s,5,5,11,0,23,1,s,0,0,1,s,3,0,19,0,25,0,10,s
I555,s,18,1,1,5,0,2,22,21,14,s,5,5,11,0,23,1,s,0,0,1,s,3,0,19,0,25,0,10,s
1203,s,18,1,1,5,0,2,22,21,d,s,d,5,11,d,23,1,s,s,d,1,s,3,d,19,0,25,7,10,s
1202,s,18,1,d,5,0,2,d,21,14,s,5,5,11,0,23,1,s,0,d,1,s,3,0,19,0,25,d,10,s
I556,s,18,1,0,5,0,2,22,0,14,s,5,5,11,0,23,1,s,0,0,1,s,3,16,19,0,25,0,10,s
I557,s,18,1,0,5,0,2,22,0,14,s,5,5,11,0,23,1,s,0,0,1,s,3,16,19,0,25,0,10,s
1267,s,18,1,0,d,d,2,d,0,14,s,5,d,11,d,d,1,s,0,0,1,s,3,d,19,0,25,0,10,s
1266,s,18,1,0,5,0,d,22,0,14,s,5,5,11,d,23,1,s,0,0,1,s,3,d,19,d,25,0,10,s
I560,s,18,1,s,5,0,2,22,0,14,s,5,5,11,3,23,1,s,0,0,1,s,3,16,19,0,25,0,10,s
2039,s,18,1,s,5,0,2,22,0,d,s,5,5,11,3,23,1,s,0,d,1,s,3,16,19,0,25,0,10,s
2038,s,d,1,s,d,0,2,22,0,14,s,5,5,11,3,23,1,s,0,0,1,s,d,16,d,0,d,0,10,s
I561,s,0,1,0,5,0,2,22,18,14,0,5,5,11,3,23,1,s,0,0,1,s,3,0,0,0,25,0,10,s
I562,s,0,1,0,5,0,2,22,18,14,0,5,5,11,3,23,1,s,0,7,1,s,3,0,0,0,25,0,10,s
I564,s,27,1,0,5,0,2,22,18,14,0,5,5,11,3,23,1,s,0,7,1,s,3,0,24,0,25,11,10,s
1195,s,27,1,0,5,0,2,22,18,14,0,d,5,11,3,23,1,s,6,7,1,s,s,0,24,0,25,11,10,s
1194,s,27,s,0,5,0,2,d,18,14,0,5,5,11,3,23,1,s,0,7,1,s,3,0,24,0,25,11,d,s
1517,s,10,1,1,5,0,2,22,d,d,d,5,5,11,3,23,1,s,d,7,1,s,3,0,0,0,25,0,10,s
I569,s,s,1,0,5,0,2,22,18,14,0,5,5,11,3,23,1,s,0,0,1,s,3,0,0,0,25,0,10,s
I570,s,s,1,1,5,0,2,22,18,14,0,5,5,11,3,23,1,s,0,0,1,s,3,0,0,0,25,0,10,s
1294,s,s,1,1,5,d,2,22,18,14,0,5,5,d,3,d,1,s,0,0,1,s,3,0,d,0,25,d,10,s
1353,s,s,1,1,5,0,2,22,18,14,0,5,5,11,3,23,1,s,s,0,1,s,3,0,17,33,25,0,10,s
1197,s,s,1,0,d,0,2,22,18,14,0,5,5,11,3,23,1,s,0,0,1,s,d,0,0,d,25,0,10,s
I576,s,14,1,0,5,0,2,0,0,0,0,5,0,11,3,23,0,0,0,0,1,s,3,0,1,16,79,s,10,0
I577,s,14,s,0,5,0,2,0,0,0,0,5,0,11,3,23,5,0,0,0,1,s,3,0,1,16,79,s,10,0
I578,s,14,s,0,5,0,2,0,0,0,0,5,0,11,3,23,5,1,0,0,1,s,3,0,1,16,79,s,10,0
I583,s,14,s,0,5,0,s,4,15,2,0,5,0,11,3,23,5,1,0,7,1,s,3,0,1,16,79,s,10,0
1948,s,d,s,0,5,0,s,4,15,d,0,5,0,11,3,d,5,1,0,7,1,s,d,0,1,16,79,s,10,0
1749,s,14,s,1,5,d,s,4,d,2,0,5,0,11,3,d,5,1,0,7,1,s,3,d,1,d,79,s,10,2
I589,s,14,s,1,5,0,2,23,0,0,0,5,0,11,3,23,s,1,0,0,1,s,3,0,1,16,79,s,10,0
1177,s,14,s,1,5,0,2,23,4,0,d,5,0,11,3,23,s,1,0,0,1,s,3,0,1,16,79,s,10,0
1176,s,14,s,d,5,10,2,23,0,d,0,5,0,11,3,23,s,d,0,29,1,s,d,0,1,16,79,s,10,0
I593,s,14,s,0,5,0,2,0,0,0,0,5,0,11,3,23,5,0,0,0,s,s,3,0,1,16,79,s,10,0
I594,s,s,s,0,5,0,2,0,0,0,0,5,0,11,3,23,5,0,0,0,s,s,3,0,1,16,79,s,10,0
2002,s,s,s,0,d,d,2,0,s,0,0,5,17,11,d,d,5,0,0,30,s,s,3,0,1,16,79,s,d,0
I600,s,s,s,s,5,0,2,0,0,0,0,5,0,11,3,23,5,0,0,0,s,s,3,12,1,16,79,s,10,0
1216,s,s,s,s,5,0,2,23,0,d,0,5,0,11,3,23,5,d,0,0,s,s,3,12,1,16,d,s,10,0
1327,s,s,s,s,5,0,s,0,0,0,0,s,0,11,3,23,s,0,0,0,s,s,3,12,1,16,79,s,d,d
I603,s,14,s,0,5,7,2,16,21,0,0,5,0,11,3,23,5,0,0,0,s,s,3,0,1,16,79,s,10,0
I604,s,14,s,0,5,7,2,16,21,0,0,5,0,11,3,23,5,0,0,0,s,s,3,0,1,16,79,s,10,0
1419,s,14,s,d,5,7,2,16,d,0,0,5,0,11,3,d,5,0,0,0,s,s,3,0,1,16,d,s,s,d
1087,s,d,s,0,5,d,d,16,21,d,0,5,d,11,3,23,5,0,0,0,s,s,3,0,1,16,79,s,10,0
1179,s,14,s,0,5,7,d,16,d,0,s,5,d,11,3,23,5,0,0,0,s,s,s,s,1,16,79,s,d,0
I610,s,14,1,0,5,0,2,0,0,0,0,5,0,11,3,23,0,0,0,0,1,s,3,0,1,16,79,s,10,0
I611,s,14,1,0,5,0,2,0,0,1,0,s,0,11,3,23,0,0,0,0,1,s,3,0,1,16,79,s,10,0
I612,s,14,1,1,5,3,2,0,8,1,0,s,0,11,3,23,0,0,8,0,1,s,3,0,1,16,79,s,10,0
I614,s,14,1,1,5,3,2,1,8,1,0,s,0,11,3,23,0,0,8,0,1,s,3,0,1,16,79,s,10,0
1643,s,14,1,1,5,3,2,1,8,1,1,s,0,11,3,23,0,0,8,34,1,s,3,0,1,d,79,s,10,0
1642,s,14,1,1,5,3,2,1,8,1,0,s,0,d,3,23,d,0,8,0,1,s,3,0,1,16,79,s,10,d
I616,s,14,1,1,5,3,2,0,8,1,0,s,0,11,3,23,0,s,8,0,1,s,3,0,1,16,79,s,10,0
I617,s,14,1,1,5,3,2,0,8,1,0,s,0,11,3,23,0,s,8,0,1,s,3,0,1,16,79,s,10,0
1453,s,14,1,d,5,3,2,0,8,1,0,s,0,11,3,23,0,s,8,0,s,s,3,0,1,d,79,s,10,0
1452,s,14,1,1,5,d,2,0,8,d,0,s,0,11,d,23,0,s,d,0,1,s,3,2,d,16,79,s,10,0
1532,s,14,1,s,5,3,2,d,8,d,0,s,0,11,3,23,0,s,8,d,1,s,3,0,1,d,d,s,10,2
I619,s,14,1,0,5,0,2,0,22,1,0,s,0,11,3,23,18,1,0,0,1,s,3,0,1,16,79,s,10,0
I620,s,14,1,0,5,0,2,0,22,1,0,s,0,11,3,23,s,1,0,0,1,s,3,0,1,16,79,s,10,0
I621,s,14,1,1,5,0,2,0,22,1,0,s,0,11,3,23,s,1,0,0,1,s,3,27,1,16,79,s,10,0
1461,s,14,1,1,d,0,2,0,22,1,0,s,0,11,3,d,s,1,0,d,s,s,3,27,1,d,79,s,d,0
1460,s,14,d,d,d,0,2,0,22,1,0,s,0,11,3,23,s,1,0,0,1,s,3,27,1,16,79,s,10,d
1200,s,14,1,0,5,0,2,0,22,d,d,s,0,11,3,23,s,1,5,0,1,s,3,0,1,16,79,s,10,0
I623,s,14,1,0,5,0,2,0,22,1,0,s,0,11,3,23,18,1,0,0,1,s,3,0,1,16,79,s,10,0
1325,s,14,d,0,5,0,2,7,22,1,0,s,0,11,3,23,18,1,0,0,1,s,3,0,1,16,d,s,10,2
1398,s,14,1,0,5,d,2,0,d,1,d,s,0,11,d,23,18,1,0,0,1,s,3,0,1,16,79,s,10,2
I626,s,14,1,0,5,0,2,0,0,0,0,5,0,11,3,23,0,0,0,0,1,s,3,0,1,16,79,s,10,0
1184,s,14,1,0,5,0,d,1,0,0,1,5,0,11,3,23,0,0,0,0,1,s,3,0,1,16,79,s,10,0
I634,s,14,1,0,5,0,2,4,0,0,0,5,0,11,3,23,0,0,0,0,1,s,3,0,1,16,79,s,10,0
I637,s,14,1,1,5,0,2,4,0,0,0,5,10,11,3,23,0,0,0,0,1,s,3,6,1,16,79,s,10,0
1485,s,14,1,d,d,0,2,4,0,0,0,5,10,11,3,23,0,0,0,0,1,s,3,6,1,16,79,s,d,0
1484,s,14,1,1,5,0,2,4,0,0,0,5,10,11,3,d,0,d,0,0,1,s,3,6,1,16,79,s,10,0
1469,s,14,1,0,5,0,2,d,0,s,0,5,0,11,3,23,0,0,0,0,1,s,d,39,1,16,79,s,10,0
I641,s,0,1,0,0,0,2,0,0,0,0,5,0,11,0,0,0,0,0,0,1,s,3,0,0,0,0,0,10,0
I642,s,0,1,0,2,0,2,22,0,2,0,5,10,11,0,0,0,0,0,0,1,s,3,0,0,0,0,0,10,0
I643,s,1,1,1,2,0,2,22,0,2,0,5,10,11,0,33,0,0,0,0,1,s,3,0,0,0,46,0,10,0
I644,s,1,1,1,2,0,2,22,0,2,0,5,10,11,0,33,12,0,0,0,1,s,3,10,0,0,46,0,10,0
I646,s,1,1,1,2,0,2,22,0,2,0,5,10,11,3,33,12,0,0,s,1,s,3,10,0,0,46,0,10,s
I647,s,1,1,1,2,0,2,22,0,2,1,5,10,11,3,33,12,0,0,s,1,s,3,10,0,0,46,0,10,s
1883,s,1,d,1,2,d,d,22,d,2,1,d,10,11,3,33,d,0,0,s,1,s,3,10,17,d,46,0,10,s
1882,s,d,1,1,d,0,2,22,d,2,1,5,d,11,3,33,d,d,0,s,d,s,3,10,0,0,d,0,10,s
I648,s,1,1,1,2,0,2,22,0,2,0,5,10,11,3,33,12,0,0,s,1,s,3,s,0,0,46,0,10,s
1861,s,1,1,1,2,1,2,22,0,2,0,5,10,11,3,33,12,d,d,s,1,s,3,s,0,0,46,0,10,s
1860,s,1,1,1,d,d,2,22,0,2,0,5,10,11,3,33,12,0,0,s,1,s,3,s,d,0,46,0,10,s
I652,s,1,1,1,2,0,2,22,0,2,0,5,10,11,0,33,12,0,0,0,1,s,3,10,0,0,46,0,10,0
I653,s,1,1,1,2,0,2,22,0,2,0,5,10,11,0,33,12,0,0,0,1,s,3,10,0,0,46,0,10,0
I654,s,1,s,1,s,0,2,22,21,2,0,5,10,11,0,33,12,0,0,0,1,s,3,10,0,0,46,0,10,0
1289,s,1,s,d,s,d,2,22,21,2,0,5,d,11,0,33,d,0,d,0,1,s,3,10,0,0,46,0,d,0
1288,s,1,s,1,s,d,2,22,21,2,1,5,10,11,d,33,12,0,0,0,1,s,3,10,0,0,46,0,10,0
1518,s,d,d,1,2,3,2,22,d,2,0,5,d,11,0,33,12,0,28,0,1,s,d,10,7,s,46,0,10,3
I656,s,1,1,1,2,0,s,22,0,2,0,5,10,11,0,33,12,0,0,0,1,s,3,10,0,0,46,s,10,0
1637,s,d,1,d,2,0,s,22,0,2,d,5,10,d,d,33,d,0,0,0,d,s,3,10,0,0,s,s,10,0
1701,s,1,1,1,2,0,s,22,10,2,d,5,10,11,0,33,12,0,25,0,1,s,3,10,d,0,46,s,d,0
I659,s,1,1,1,2,0,2,22,0,2,1,5,10,11,3,33,0,5,0,0,1,s,3,0,0,0,46,0,10,0
I660,s,1,1,1,2,0,2,22,6,2,1,5,10,11,3,33,5,5,0,0,1,s,3,0,0,0,46,0,10,0
I661,s,1,1,1,2,0,2,22,6,2,1,5,10,11,3,33,5,5,0,0,1,s,3,0,0,0,46,0,10,0
1229,s,1,1,1,2,0,2,22,6,d,1,5,10,11,3,33,d,d,0,d,1,s,3,0,0,d,d,0,10,0
I663,s,1,1,1,2,0,2,22,6,2,1,5,10,11,3,33,5,5,0,0,1,s,3,0,13,0,46,0,10,0
1221,s,1,1,1,2,0,2,22,6,2,1,d,10,11,3,d,5,d,0,0,1,s,3,0,13,0,d,0,10,0
1220,s,1,1,1,2,0,2,d,6,2,1,d,10,d,3,33,5,5,0,0,1,s,3,0,13,0,46,0,10,0
I666,s,1,1,1,2,0,2,22,6,2,1,5,10,11,3,33,5,5,2,0,1,s,3,0,0,0,46,0,10,0
1403,s,1,1,1,2,0,2,22,6,2,1,5,10,11,3,33,5,5,2,0,1,s,3,0,0,0,d,d,10,d
1402,s,1,d,1,2,0,2,22,6,2,1,5,10,11,3,d,5,d,2,0,1,s,3,0,0,d,46,0,10,s
I667,s,1,1,1,2,0,2,22,0,2,1,5,10,11,s,33,0,5,0,0,1,s,s,0,0,0,46,0,10,0
1561,s,1,1,1,2,10,2,22,0,2,1,5,d,11,s,33,1,5,d,11,s,s,s,0,0,0,d,0,10,2
I671,s,1,1,1,2,0,2,22,7,2,1,5,10,11,s,33,0,5,0,0,1,s,s,0,0,32,46,8,10,0
1631,s,1,1,1,2,0,2,22,7,2,1,5,10,11,s,33,30,5,d,0,1,s,s,0,0,32,d,8,d,2
1779,s,1,1,1,2,0,2,22,7,2,1,5,d,11,s,d,0,5,0,0,1,s,s,d,d,32,d,8,s,0
I674,s,0,1,0,2,0,2,22,0,2,0,5,10,11,0,0,6,0,0,0,1,s,3,0,0,22,0,0,10,0
I675,s,0,1,0,2,0,2,22,0,2,0,5,10,11,0,0,6,0,0,14,1,s,3,0,0,22,0,0,10,0
I682,s,0,1,0,2,6,2,22,0,2,0,5,10,11,0,0,6,0,0,14,1,s,3,0,14,22,0,0,10,0
1135,s,0,1,0,d,d,2,22,0,d,d,5,10,11,0,0,d,d,0,14,1,s,3,0,14,22,0,0,10,0
1134,s,11,1,0,2,6,2,22,0,2,d,5,10,11,0,0,6,1,d,14,d,s,3,0,14,22,0,d,10,0
I683,s,0,1,0,2,0,2,22,0,2,0,5,10,11,0,0,6,0,26,14,1,s,3,0,12,22,0,8,10,0
1854,s,0,1,0,2,0,s,d,0,s,0,s,s,11,0,0,6,0,26,14,d,s,3,0,12,22,0,8,10,2
I687,s,1,1,0,2,0,2,22,0,2,0,5,10,11,0,3,6,0,26,14,1,s,3,0,12,22,0,8,10,0
I688,s,1,1,0,2,4,2,22,0,2,0,5,10,11,3,3,6,0,26,14,1,s,3,0,12,22,69,8,10,0
1531,s,1,1,0,2,4,2,22,0,2,0,d,10,11,3,3,6,0,s,d,1,s,3,0,d,22,69,8,10,0
1530,s,1,1,0,2,4,2,d,0,2,0,5,10,11,3,d,6,0,26,14,1,s,3,d,12,d,69,8,10,0
1526,s,1,1,d,2,0,2,22,0,2,0,5,10,d,3,3,d,0,26,14,d,s,3,d,12,22,d,8,10,0
I690,s,0,1,0,2,0,2,22,0,2,0,5,10,11,0,0,6,0,0,7,1,s,3,0,16,22,0,0,10,0
I691,s,0,1,0,2,0,2,22,0,2,0,5,10,11,0,0,6,0,0,7,1,s,s,0,16,22,0,0,10,0
I692,s,0,1,0,2,9,2,22,0,2,0,5,10,11,0,0,6,0,0,s,1,s,s,0,16,22,0,8,10,0
1149,s,0,1,d,2,9,2,22,0,2,d,5,10,11,0,d,6,0,d,s,1,s,s,0,16,22,0,8,10,0
1188,s,1,1,d,2,9,2,22,1,2,0,5,10,11,0,26,d,0,0,s,1,s,s,d,16,22,0,8,10,0
I695,s,0,1,0,2,0,2,22,0,2,0,5,10,11,0,0,6,0,0,7,1,s,s,0,16,22,0,0,10,0
1463,s,0,1,1,2,0,d,22,0,2,0,5,d,d,0,0,6,1,0,7,1,s,s,0,d,22,0,d,10,0
1511,s,30,d,1,2,0,2,22,0,2,0,5,10,11,0,s,6,0,0,7,1,s,s,0,16,d,0,0,10,0
I699,s,0,1,0,2,0,2,22,0,2,0,5,10,11,0,0,6,0,0,7,1,s,3,0,16,22,0,0,10,0
1357,s,0,1,0,2,0,2,22,0,2,0,5,10,11,0,0,6,0,0,7,d,s,3,d,16,d,0,0,10,0
I701,s,0,1,0,2,0,2,22,0,2,0,5,10,11,0,0,6,0,0,7,1,s,3,0,16,22,3,0,10,2
1275,s,0,1,0,2,0,2,22,d,2,d,5,10,11,0,0,6,0,0,7,1,s,d,0,16,22,3,0,10,2
1274,s,d,1,0,2,0,2,22,0,2,0,5,10,11,0,d,d,0,0,7,1,s,3,0,16,22,d,0,10,2
I705,s,0,1,0,28,0,2,0,0,0,1,5,0,11,0,0,0,2,0,0,1,s,3,0,0,0,0,0,10,0
I706,s,0,1,0,28,0,2,0,0,0,1,5,0,11,0,0,0,2,0,0,1,s,3,0,0,0,0,0,10,2
I707,s,0,1,0,28,2,2,0,0,0,1,5,0,11,3,24,0,2,5,0,1,s,3,0,0,0,0,0,10,2
I708,s,0,1,0,28,2,2,0,0,0,1,5,0,11,3,24,0,2,5,0,1,s,3,0,0,0,28,0,10,2
I710,s,0,1,0,28,2,2,0,0,0,1,5,0,11,3,24,0,2,5,0,1,s,3,0,0,0,28,0,10,2
1233,s,0,1,0,28,d,2,0,d,d,1,5,0,11,3,d,0,2,5,0,1,s,3,0,0,0,28,0,s,2
1232,s,0,1,0,28,d,2,0,0,0,1,5,0,11,3,d,0,2,5,0,1,s,3,d,0,0,28,0,d,2
1387,s,0,1,0,28,2,2,0,d,d,1,5,10,d,3,24,0,2,5,0,1,s,3,0,0,0,28,0,10,2
I715,s,0,1,0,28,2,2,0,0,0,1,5,0,11,3,24,0,2,5,0,1,s,3,0,0,0,0,0,10,2
I716,s,0,1,0,28,2,2,0,1,0,1,5,0,11,3,24,0,s,5,0,1,s,3,0,12,0,0,0,10,2
1722,s,0,1,0,28,2,2,d,d,0,1,5,d,11,3,24,0,s,d,0,d,s,3,0,12,0,0,0,10,2
1816,s,0,1,0,28,2,2,0,1,0,1,5,0,11,3,24,0,s,5,0,1,s,3,d,12,0,39,0,10,2
I719,s,12,1,0,28,2,2,0,0,0,1,5,0,11,3,24,0,2,5,0,1,s,3,0,0,0,0,0,10,2
I720,s,12,1,0,28,2,2,0,0,0,1,5,0,11,3,24,0,2,5,0,1,s,3,0,0,0,0,0,10,2
1857,s,12,1,0,28,2,2,0,0,0,1,5,0,11,3,24,0,2,5,d,1,s,3,0,0,0,0,0,10,d
1856,s,12,1,0,28,2,2,0,0,0,1,5,0,11,3,d,0,2,5,d,1,s,3,d,d,0,0,7,d,d
1831,s,12,1,1,28,2,2,10,0,0,1,5,0,11,3,24,d,d,d,0,1,s,d,0,0,0,0,0,10,s
I722,s,0,1,0,28,0,2,0,0,0,1,5,0,11,0,0,0,2,0,0,s,s,3,0,0,0,0,11,10,2
1947,s,0,d,d,28,1,2,0,0,0,d,5,1,11,d,0,0,2,d,d,s,s,3,0,15,0,46,11,10,2
I734,s,10,1,0,28,2,2,0,10,0,1,5,0,11,0,19,0,2,0,9,s,s,3,0,0,0,73,11,10,2
I735,s,10,1,0,28,2,2,0,10,0,1,5,0,11,0,19,0,2,0,9,s,s,3,0,0,0,73,11,10,2
1989,s,10,1,0,28,2,2,d,10,0,1,5,0,d,d,19,d,2,0,9,s,s,3,0,0,0,73,d,10,2
1988,s,d,d,d,28,2,d,0,10,0,1,5,0,11,0,d,0,2,0,9,s,s,3,0,0,0,73,11,10,2
2018,s,10,1,d,28,2,2,0,10,0,d,d,0,11,0,19,0,d,0,9,s,s,3,0,0,0,73,11,10,2
I737,s,0,1,0,28,1,2,0,0,0,1,5,0,11,0,0,0,2,0,0,1,s,3,0,0,0,0,0,10,0
I738,s,0,1,0,28,1,2,0,0,0,1,5,s,11,0,0,0,2,23,0,1,s,3,0,0,0,0,0,10,0
I739,s,7,1,0,28,1,2,0,20,0,1,5,s,11,0,0,0,2,23,0,1,s,3,0,0,0,0,0,10,0
1261,s,7,1,d,28,1,2,0,20,0,1,5,s,11,0,0,0,d,d,18,1,s,3,d,2,0,0,s,10,0
I743,s,7,1,0,28,1,2,0,20,0,1,5,s,11,0,0,0,2,23,0,1,s,3,0,0,0,0,0,10,0
1588,s,7,1,0,28,1,d,16,20,0,1,5,s,11,0,0,d,d,23,0,1,s,3,0,0,0,0,0,10,0
1367,s,s,d,0,28,1,2,0,20,0,1,d,s,11,0,0,0,d,23,0,s,s,3,0,17,0,0,0,s,0
I746,s,0,1,0,28,1,2,0,0,0,1,5,s,11,0,29,6,2,s,0,1,s,3,0,0,0,0,0,10,0
I747,s,0,1,0,28,1,2,0,10,0,1,5,s,11,0,29,6,2,s,0,1,s,3,0,0,0,0,0,10,0
1496,s,0,1,0,28,1,2,0,10,0,1,5,s,11,0,29,6,2,s,0,1,s,d,0,d,0,0,0,10,d
1320,s,0,1,d,28,1,2,d,10,0,1,5,s,11,0,29,6,2,s,0,1,s,d,0,14,s,d,d,d,0
I750,s,0,1,s,28,1,2,0,0,0,1,5,s,11,0,29,6,2,s,0,1,s,3,0,0,0,0,0,10,0
1363,s,0,d,s,28,1,2,0,d,14,1,5,s,11,0,29,6,2,s,0,1,s,3,0,0,0,d,11,10,0
I752,s,0,1,s,28,1,2,0,0,0,1,5,s,11,0,29,6,2,s,0,1,s,3,0,0,0,0,0,10,0
1105,s,0,1,s,d,1,2,21,0,0,d,5,s,11,0,29,6,2,s,0,1,s,3,0,0,d,0,0,d,0
1104,s,0,1,s,28,1,2,4,0,d,1,5,s,11,0,29,6,2,s,0,1,s,d,0,4,d,0,5,10,d
I753,s,12,1,0,28,1,2,0,0,0,1,5,0,11,0,0,14,2,0,0,1,s,3,14,0,0,0,0,10,0
I754,s,12,1,0,28,s,2,0,0,0,1,5,0,11,0,20,14,2,0,0,1,s,3,s,23,0,0,0,10,0
I755,s,12,1,1,28,s,2,0,0,0,1,5,0,11,0,20,s,2,0,0,1,s,s,s,23,0,0,0,10,0
1215,s,12,d,1,28,s,2,d,0,0,d,5,0,11,d,20,s,2,0,7,1,s,s,s,23,1,0,0,10,d
I757,s,12,1,1,28,s,2,0,0,8,1,5,0,11,0,20,s,2,2,0,1,s,s,s,23,0,0,0,10,0
1171,s,12,1,1,28,s,2,0,0,8,1,5,0,11,0,20,s,2,2,0,1,s,s,s,23,d,d,0,10,0
1170,s,12,1,1,d,s,2,0,0,8,1,5,0,11,0,20,s,d,2,2,1,s,s,s,23,d,d,0,d,0
I760,s,12,1,0,28,s,2,0,0,14,1,5,s,11,0,20,14,s,0,0,1,s,3,s,23,7,0,0,10,3
1235,s,12,1,0,28,s,2,0,0,14,1,5,s,11,0,20,14,s,0,d,1,s,3,s,d,7,0,0,10,3
1234,s,12,1,0,28,s,2,0,21,d,d,d,s,11,d,d,14,s,0,d,d,s,3,s,23,7,0,0,10,3
I761,s,12,1,0,28,1,2,0,0,0,1,5,0,11,0,0,14,2,0,0,1,s,3,14,0,0,0,0,10,0
1063,s,d,1,d,28,1,2,22,0,1,1,5,5,11,s,d,14,2,0,0,1,s,3,d,0,0,0,0,10,2
I765,s,12,1,0,28,1,2,0,0,0,1,5,0,11,0,0,14,2,0,0,1,s,3,14,0,0,0,0,10,0
I766,s,12,1,0,28,1,2,0,0,14,1,5,0,11,3,0,14,2,0,0,1,s,3,14,0,0,0,0,10,0
1131,s,12,d,0,28,1,2,0,0,14,1,5,0,11,d,0,14,2,0,0,1,s,3,14,0,0,0,0,10,0
1130,s,12,1,d,28,1,2,0,0,14,1,5,0,11,3,0,d,2,0,0,1,s,3,14,0,d,0,6,10,0
1281,s,12,1,0,28,d,2,d,0,0,1,d,0,11,0,0,14,2,20,2,1,s,3,14,0,0,s,0,10,2
I768,s,0,1,0,0,0,2,0,0,0,0,0,0,11,0,0,0,0,0,0,1,s,3,0,0,0,0,0,10,2
I769,s,0,1,0,0,0,2,0,8,0,0,0,0,11,0,0,0,0,0,0,1,s,3,0,0,0,23,0,10,2
I770,s,25,1,0,0,0,2,0,8,0,0,0,0,11,0,0,0,0,0,7,1,s,3,0,s,22,23,11,10,2
I771,s,25,1,1,8,0,2,0,8,0,0,0,0,11,0,0,0,0,0,7,1,s,3,0,s,22,23,11,10,2
I772,s,25,1,1,8,0,2,1,8,0,1,0,0,11,3,0,0,0,0,7,1,s,3,0,s,22,23,11,10,2
I773,s,25,1,1,8,0,2,1,8,s,1,0,0,11,3,0,0,0,24,7,1,s,3,0,s,22,23,11,10,2
I776,s,25,1,1,8,7,2,1,8,s,1,0,7,11,3,0,0,0,24,7,1,s,3,0,s,22,23,11,s,2
1955,s,25,d,d,8,7,2,1,8,s,1,0,7,11,3,0,0,0,24,7,1,s,3,0,s,d,23,11,s,2
1954,s,25,1,1,d,7,2,1,8,s,1,0,7,11,3,d,0,d,24,7,d,s,3,0,s,d,23,11,s,2
I777,s,25,1,1,8,0,2,1,8,s,1,0,0,11,3,0,0,0,24,7,1,s,3,0,s,22,23,11,10,2
I778,s,25,1,1,8,0,2,1,8,s,1,0,0,11,3,0,0,0,24,7,1,s,3,0,s,22,23,11,10,2
1225,s,25,1,1,s,d,2,1,8,s,1,5,0,11,d,0,0,0,24,7,1,s,d,0,s,22,23,11,10,2
1224,s,25,1,1,8,0,2,1,8,s,1,0,7,11,3,0,0,0,24,7,d,s,3,0,s,22,d,11,10,2
I779,s,25,1,1,8,0,2,1,8,s,1,5,0,11,3,s,0,0,24,7,1,s,3,0,s,22,23,11,10,2
1641,s,25,1,1,8,9,2,1,8,s,1,5,0,d,3,s,0,0,24,7,1,s,3,0,s,22,23,11,10,d
1640,s,25,1,1,d,0,2,1,8,s,1,d,d,11,d,s,0,d,24,7,1,s,3,0,s,22,23,11,10,2
I780,s,25,1,1,8,0,2,1,8,0,1,0,0,11,3,0,s,0,0,7,1,s,3,0,s,22,23,11,10,2
I781,s,25,1,1,8,0,2,1,8,0,1,0,0,11,3,0,s,0,0,7,1,s,3,12,s,22,23,11,10,2
I782,s,25,1,1,8,0,2,1,8,0,1,0,0,11,3,0,s,0,0,7,1,s,3,12,s,22,s,11,10,2
1431,s,25,1,d,8,d,2,1,8,0,1,0,d,11,3,d,s,0,0,7,1,s,3,12,s,22,s,11,10,d
1430,s,25,1,1,8,9,2,1,8,0,1,d,0,s,3,0,s,0,0,7,1,s,3,12,s,22,s,11,10,2
1360,s,s,1,1,8,0,2,d,8,0,1,0,0,11,d,0,s,1,0,7,1,s,3,d,s,d,23,11,10,d
I784,s,25,1,1,8,0,2,1,8,0,1,0,0,11,3,0,s,0,0,7,1,s,3,24,s,22,23,11,10,s
I785,s,25,1,1,8,0,2,1,8,14,1,0,5,11,3,0,s,0,0,7,1,s,3,24,s,22,23,11,10,s
1623,s,25,1,1,8,0,2,1,8,14,1,0,5,11,d,0,s,0,0,7,1,s,3,24,s,22,23,d,10,s
1622,s,25,1,1,8,0,2,1,8,14,1,0,5,11,3,0,s,0,0,7,1,s,d,24,s,22,23,11,10,s
1697,s,25,1,1,d,6,2,1,8,0,1,2,0,11,3,0,s,s,0,7,1,s,d,24,s,22,23,11,10,s
I787,s,25,1,1,8,0,2,4,8,0,0,0,0,11,0,0,0,0,0,7,1,s,3,0,s,22,s,11,10,2
I791,s,25,1,1,8,0,2,4,8,0,0,0,0,11,3,0,0,0,0,7,1,s,3,0,s,s,s,11,10,2
I792,s,25,1,1,8,0,2,4,8,0,0,0,0,11,3,0,17,0,0,7,1,s,3,0,s,s,s,11,10,2
1721,s,25,d,d,8,0,d,4,8,0,0,0,0,11,3,0,17,0,0,7,1,s,d,d,s,s,s,11,d,d
1720,s,25,1,1,d,0,2,4,8,d,d,0,0,11,3,0,17,0,0,d,1,s,3,0,s,s,s,d,10,2
1916,s,d,1,1,8,0,d,d,8,0,d,s,0,11,d,0,0,d,0,7,1,s,3,0,s,s,s,11,10,2
1836,s,25,1,1,8,0,2,d,8,0,0,0,0,11,3,0,14,1,0,d,1,s,3,2,s,22,s,11,10,2
I799,s,25,1,0,0,0,2,0,8,0,0,0,0,11,0,0,0,1,30,7,1,s,3,0,s,22,23,11,10,2
I800,s,25,1,0,0,0,2,0,8,0,0,0,0,11,0,0,0,1,s,7,1,s,3,0,s,22,23,11,10,2
I801,s,25,1,0,0,0,2,0,8,0,0,0,7,11,0,0,0,1,s,7,1,s,3,0,s,22,23,11,10,2
1775,s,d,d,0,d,0,2,0,8,8,0,3,7,11,0,0,0,1,s,d,d,s,3,d,s,22,23,11,10,2
1963,s,25,1,s,0,0,d,0,8,0,0,10,7,11,3,s,20,1,s,7,1,s,3,2,s,22,23,11,10,s
I808,s,25,1,1,3,0,2,0,8,0,0,0,0,11,0,0,0,1,s,7,1,s,3,0,s,22,23,11,10,2
I809,s,25,1,1,3,0,2,0,8,0,0,0,1,11,3,0,0,1,s,7,1,s,3,0,s,22,23,11,10,2
1813,s,25,d,1,3,0,d,0,8,5,1,0,1,11,3,0,0,1,s,7,1,s,3,0,s,22,d,11,10,d
I811,s,25,s,1,s,0,2,0,8,0,0,0,1,11,3,29,29,1,s,7,1,s,3,0,s,22,23,11,10,2
1823,s,25,s,1,s,0,2,d,8,d,0,0,1,11,3,29,29,1,s,7,1,s,3,0,s,22,23,11,10,2
1822,s,25,s,1,s,d,2,0,d,0,0,0,1,11,3,d,29,1,s,d,1,s,3,0,s,22,23,11,10,2
I812,s,25,1,1,3,0,2,0,8,0,0,0,0,11,0,0,0,1,s,7,1,s,3,0,s,22,23,11,10,2
1925,s,25,1,1,3,0,2,0,8,0,0,0,d,11,0,s,0,1,s,d,1,s,3,0,s,22,d,11,10,2
1993,s,d,1,1,3,0,2,0,8,0,0,5,0,11,0,29,0,1,s,7,1,s,3,d,s,22,23,11,10,2
I815,s,25,1,0,0,0,2,0,8,0,0,0,0,11,0,0,0,1,30,7,1,s,3,0,s,22,23,11,10,2
I816,s,25,1,0,0,0,s,0,8,0,0,0,0,11,0,0,0,1,30,7,1,s,3,0,s,22,23,11,10,2
I817,s,25,1,0,20,9,s,0,8,0,0,0,0,11,0,0,0,1,30,s,1,s,3,0,s,22,23,11,10,2
1918,s,25,d,d,20,9,s,0,8,1,1,0,0,11,0,0,0,1,d,s,d,s,3,0,s,22,s,11,10,2
2026,s,25,1,d,20,9,s,0,8,8,1,0,0,d,0,s,0,1,30,s,1,s,d,0,s,s,23,d,10,d
I820,s,25,1,0,0,0,s,0,8,0,0,0,0,11,3,0,0,1,30,7,1,s,3,0,s,22,23,11,10,2
1966,s,25,1,0,0,s,s,0,s,d,d,0,0,11,d,0,d,1,30,d,1,s,3,0,s,22,23,d,d,2
I822,s,25,1,0,0,s,s,s,8,0,0,0,0,11,3,0,28,1,30,7,1,s,3,0,s,22,23,11,10,2
1851,s,25,1,0,0,s,s,s,d,0,0,0,0,11,d,0,28,1,30,7,1,s,d,0,s,22,d,11,10,2
1850,s,25,1,d,0,s,s,s,d,0,0,0,0,11,d,0,28,1,30,d,1,s,3,0,s,d,d,11,10,2
I823,s,25,1,0,15,0,2,0,8,0,1,0,4,11,0,0,0,1,30,7,1,s,3,0,s,22,23,11,10,2
I826,s,25,1,0,15,0,2,0,8,0,1,0,4,11,3,23,0,1,30,7,s,s,3,0,s,22,23,11,10,2
1535,s,25,1,0,d,0,2,0,8,0,d,0,4,11,3,23,23,1,d,d,s,s,d,0,s,22,23,11,10,d
1534,s,25,1,d,15,0,2,0,d,0,d,0,4,11,3,23,0,d,30,7,s,s,3,0,s,22,d,11,10,2
1547,s,25,1,0,15,0,2,0,8,s,d,0,4,11,0,d,9,1,30,7,1,s,3,0,s,22,23,11,10,2
I830,s,21,1,1,20,0,2,0,8,0,0,0,4,11,s,29,0,0,0,8,1,s,3,0,0,s,23,0,10,s
I831,s,21,1,1,20,0,2,0,8,0,0,0,4,11,s,29,0,0,0,8,1,s,3,0,0,s,23,0,10,s
I832,s,21,1,1,20,0,2,0,8,0,0,0,4,11,s,29,0,0,0,8,1,s,3,0,0,s,23,0,10,s
I833,s,21,1,1,20,0,2,0,8,0,0,0,4,11,s,s,0,0,0,8,1,s,3,0,0,s,23,0,10,s
I834,s,21,1,1,20,0,2,0,8,0,0,s,4,11,s,s,12,2,0,8,1,s,3,0,0,s,23,0,10,s
1514,s,21,s,s,20,0,s,d,8,8,0,s,4,d,s,s,12,2,0,8,1,s,3,0,0,s,23,0,10,s
1686,s,21,1,d,d,10,2,0,8,0,d,s,d,11,s,s,12,2,5,8,1,s,3,0,d,s,23,0,10,s
I837,s,21,1,1,20,0,2,0,8,0,0,0,4,11,s,s,0,0,26,8,1,s,3,0,0,s,23,0,10,s
1730,s,21,1,1,20,d,d,d,8,0,0,d,4,11,s,s,35,0,26,8,1,s,3,0,0,s,23,0,d,s
1678,s,21,1,1,20,0,2,0,8,0,d,d,d,11,s,s,d,0,26,8,1,s,3,0,0,s,23,5,10,s
I840,s,21,1,1,20,0,2,0,8,0,0,0,4,11,s,29,0,0,0,8,1,s,3,0,0,s,23,0,10,s
1676,s,21,1,1,20,d,2,4,d,0,0,0,4,d,s,29,0,0,0,8,1,s,3,0,16,s,23,0,10,s
1680,s,21,1,d,20,0,2,0,8,d,0,0,4,11,s,29,9,0,0,d,1,s,3,d,0,s,23,0,10,s
I847,s,21,1,1,20,0,2,15,8,0,0,0,4,11,s,29,0,0,0,8,1,s,3,0,0,s,23,5,10,s
I848,s,21,1,1,20,0,2,15,8,0,0,0,4,11,s,29,0,0,0,8,1,s,3,0,0,s,23,5,10,s
I851,s,21,1,1,20,15,2,15,8,0,s,3,4,11,s,29,0,0,0,8,1,s,3,8,0,s,23,5,10,s
1777,s,21,1,d,20,d,2,s,8,0,s,3,d,11,s,29,0,0,0,8,1,s,s,8,0,s,23,d,10,s
1776,s,21,1,1,d,15,2,15,8,0,s,3,4,11,s,d,0,d,0,8,1,s,3,8,0,s,23,5,10,s
I852,s,21,1,1,20,0,2,15,8,0,0,0,4,11,s,29,0,0,0,8,1,s,3,0,0,s,23,5,10,s
1344,s,21,1,1,20,10,2,15,d,1,0,0,4,11,s,d,0,0,0,8,d,s,d,0,0,s,23,5,10,s
1569,s,21,1,1,20,0,2,15,8,0,1,0,d,d,s,29,0,0,21,8,1,s,3,0,0,s,23,5,d,s
I855,s,21,1,1,20,0,2,15,8,0,0,1,4,11,s,29,35,0,0,8,1,s,3,0,0,s,23,s,10,s
I856,s,21,1,1,20,0,2,15,8,0,0,1,4,11,s,29,35,0,0,8,1,s,3,0,0,s,23,s,10,s
I857,s,21,1,1,20,0,2,15,8,0,0,1,4,11,s,29,35,0,0,8,1,s,3,0,0,s,23,s,10,s
1573,s,21,1,1,20,0,2,15,8,0,0,1,4,11,s,29,d,0,0,8,1,s,3,0,0,s,23,s,10,s
1572,s,d,1,1,20,0,d,15,8,0,0,1,4,11,s,29,35,0,0,8,d,s,3,0,d,s,23,s,10,s
1766,s,21,1,d,d,0,2,15,8,0,0,1,4,11,s,d,35,0,d,8,1,s,3,d,12,s,23,s,10,s
1571,s,21,1,1,20,d,s,15,8,0,d,1,4,11,s,29,d,0,0,8,1,s,3,0,19,s,23,s,10,s
I862,s,21,1,1,20,6,2,0,8,0,0,0,4,11,s,29,0,0,0,8,1,s,3,0,14,s,23,0,10,s
I863,s,21,1,1,20,6,2,0,8,0,0,0,4,11,s,29,0,0,0,8,1,s,3,0,14,s,23,0,10,s
I864,s,21,1,1,20,6,2,0,8,0,0,0,4,11,s,29,0,0,0,8,1,s,3,0,14,s,23,0,10,s
1244,s,21,d,1,s,6,d,0,8,0,0,d,d,11,s,29,0,0,0,d,1,s,3,0,d,s,23,5,10,s
I870,s,21,1,1,20,6,2,0,8,0,0,3,4,11,s,29,0,0,0,8,1,s,3,0,14,s,23,0,10,s
1123,s,21,d,1,20,6,2,4,8,0,0,3,d,11,s,29,0,d,0,8,1,s,3,0,14,s,23,s,10,s
1122,s,d,1,1,20,6,2,0,8,0,0,d,4,11,s,29,0,0,0,8,1,s,3,0,14,s,23,0,10,s
I871,s,21,1,1,20,6,2,0,8,0,0,0,4,11,s,29,0,0,0,8,1,s,3,0,14,s,23,0,10,s
I872,s,21,1,1,20,6,2,0,8,0,0,0,4,11,s,29,0,2,0,8,1,s,3,0,14,s,23,0,10,s
1422,s,21,1,1,20,6,2,3,8,14,d,0,4,11,s,29,0,2,d,8,1,s,3,d,d,s,23,6,10,s
1552,s,21,d,d,20,6,2,0,s,0,0,0,4,11,s,29,0,d,0,8,1,s,3,0,14,s,23,0,10,s
I875,s,21,1,1,20,6,2,0,8,0,0,5,4,11,s,29,0,0,0,8,1,s,3,14,14,s,23,7,10,s
I876,s,s,s,1,20,6,2,0,8,0,0,5,4,11,s,29,0,0,0,8,1,s,3,14,14,s,23,7,10,s
1811,s,s,s,1,20,6,2,0,d,0,0,5,4,11,s,29,0,0,0,8,d,s,3,14,14,s,23,7,10,s
1810,s,s,s,d,20,6,2,0,8,0,0,5,4,11,s,d,0,0,0,8,1,s,3,d,14,s,23,7,10,s
I877,s,21,1,1,20,6,2,0,8,0,0,5,4,11,s,29,0,0,0,8,1,s,3,14,14,s,23,7,10,s
1759,s,21,1,1,20,6,2,0,8,0,1,5,4,11,s,29,0,0,0,d,1,s,3,d,d,s,23,7,10,s
1758,s,21,1,1,20,6,s,0,8,0,0,5,4,11,s,29,0,0,0,8,1,s,3,14,14,s,23,7,d,s
I878,s,21,1,1,20,6,2,0,8,0,0,0,4,11,s,29,15,0,0,8,1,s,3,0,14,s,23,7,10,s
I879,s,21,1,1,20,6,2,19,8,0,0,0,4,11,s,29,15,0,0,8,1,s,3,0,14,s,23,7,10,s
I880,s,21,1,1,20,6,2,19,8,0,0,0,4,11,s,29,15,1,0,8,1,s,3,0,14,s,23,7,10,s
1760,s,21,1,s,20,6,2,19,s,0,0,0,4,11,s,29,15,1,0,8,d,s,3,0,14,s,23,7,10,s
1739,s,21,1,1,20,6,2,19,8,0,0,0,4,11,s,d,15,1,0,d,1,s,d,14,14,s,d,7,10,s
I884,s,21,1,1,20,6,2,19,8,0,0,0,4,s,s,29,15,0,0,8,1,s,3,0,14,s,23,7,s,s
1847,s,21,1,1,d,d,2,19,8,d,0,0,4,s,s,29,15,0,0,8,d,s,3,0,d,s,23,7,s,s
1846,s,d,1,1,20,6,2,19,d,0,0,0,4,s,s,29,15,0,0,s,d,s,3,0,14,s,23,7,s,s
I886,s,21,1,1,20,6,2,0,s,0,0,0,4,11,s,29,15,1,0,8,1,s,3,0,14,s,23,7,10,s
I887,s,21,1,1,20,6,2,0,s,0,0,0,4,11,s,29,15,1,0,8,1,s,3,0,14,s,23,7,10,s
1596,s,21,1,1,20,6,2,0,s,5,0,d,4,11,s,29,15,1,0,8,1,s,3,0,14,s,d,7,10,s
I889,s,21,1,1,20,6,2,0,s,0,0,0,4,11,s,29,15,1,0,8,1,s,3,0,14,s,23,7,10,s
1433,s,21,1,1,20,d,2,0,s,0,0,0,4,11,s,29,15,d,0,8,1,s,3,d,14,s,23,7,d,s
1432,s,21,1,1,20,s,2,0,s,0,0,0,4,d,s,29,15,1,0,8,1,s,3,d,14,s,23,7,10,s
I892,s,21,1,1,20,6,2,0,s,0,0,0,4,s,s,29,15,1,0,8,1,s,3,5,14,s,23,7,10,s
1827,s,21,1,1,20,6,2,d,s,0,0,0,4,s,s,29,15,1,0,8,1,s,3,5,14,s,23,d,10,s
1826,s,d,d,1,20,6,2,0,s,0,0,0,d,s,s,29,d,1,0,8,1,s,3,5,d,s,23,7,d,s
I893,s,0,1,0,0,0,2,0,0,0,0,0,0,11,0,0,6,0,0,0,1,s,3,0,0,0,0,0,10,2
I894,s,0,1,0,0,12,2,0,0,0,0,0,1,11,0,0,6,0,0,0,1,s,3,0,0,s,7,0,10,2
I895,s,0,1,0,0,12,2,0,0,0,0,0,1,11,0,0,6,0,0,0,1,s,3,0,0,s,7,0,10,2
I896,s,0,1,0,0,12,2,0,0,8,0,0,1,11,0,24,6,0,0,0,1,s,3,0,0,s,7,0,10,2
I901,s,0,1,0,0,12,2,0,0,8,0,0,1,11,0,24,6,0,3,3,1,s,3,0,1,s,7,0,10,2
I902,s,0,1,0,0,12,2,0,0,8,0,0,1,11,0,24,6,0,3,3,1,s,3,0,1,s,7,0,10,2
1243,s,0,1,0,0,12,2,d,0,d,0,5,1,11,0,d,6,0,3,3,d,s,s,0,1,s,7,0,10,2
1242,s,0,1,0,0,d,2,0,d,8,0,0,1,11,0,24,6,0,3,3,1,s,3,0,1,s,7,0,10,d
1328,s,d,1,d,5,12,d,0,0,8,0,2,1,d,0,24,6,0,3,3,1,s,3,0,1,s,7,0,10,2
I904,s,0,1,1,0,12,2,0,0,8,1,0,1,11,0,24,6,0,13,0,1,s,3,0,0,s,7,0,10,2
I905,s,0,1,1,0,12,2,0,0,8,1,0,1,11,2,24,6,0,13,0,1,s,3,0,0,s,7,7,10,2
1396,s,d,1,1,0,12,2,s,0,d,1,0,1,d,2,24,6,0,d,0,d,s,3,0,0,s,7,7,10,2
1249,s,0,1,1,0,12,2,0,0,8,1,2,1,11,2,d,6,d,13,0,1,s,3,0,0,s,d,d,10,d
1781,s,14,1,1,0,s,2,0,0,d,d,0,1,d,0,24,6,1,d,d,1,s,s,0,0,s,7,s,10,2
I911,s,0,1,0,0,12,2,0,0,0,0,5,1,11,0,4,6,1,0,s,1,s,3,0,0,s,7,0,10,2
I912,s,0,1,0,0,12,2,0,7,0,0,5,1,11,0,4,6,1,0,s,1,s,3,0,0,s,7,0,10,2
1693,s,0,1,0,0,12,s,0,7,d,s,5,1,11,0,4,6,1,6,s,1,s,d,d,14,s,7,0,10,2
I916,s,0,1,0,0,12,2,0,7,8,0,5,1,11,0,4,6,1,0,s,1,s,3,0,0,s,7,8,10,s
1657,s,d,1,0,0,12,2,0,7,8,0,5,1,11,3,4,6,1,0,s,1,s,3,0,d,s,d,8,10,s
1557,s,0,1,0,0,12,2,16,7,8,0,5,1,11,0,4,6,1,0,s,1,s,3,0,s,s,7,8,10,s
I919,s,0,1,0,8,12,2,0,0,0,0,5,1,11,0,4,6,1,0,s,1,s,3,0,0,s,7,0,10,2
I920,s,12,1,0,8,12,s,0,0,0,0,5,1,11,0,4,6,1,0,s,1,s,3,0,10,s,7,0,10,2
I921,s,12,1,0,8,12,s,0,0,8,0,5,1,11,0,4,6,1,0,s,1,s,3,0,10,s,7,0,10,2
1277,s,12,1,0,d,12,s,0,0,8,1,5,1,11,0,d,6,1,d,s,1,s,3,d,10,s,7,0,10,2
1276,s,12,1,0,8,12,s,0,0,8,0,5,d,11,0,4,6,d,d,s,d,s,3,0,10,s,7,0,10,2
1683,s,s,1,1,8,d,s,4,0,10,0,5,1,d,3,4,6,1,0,s,1,s,3,0,10,s,s,0,10,2
I923,s,0,1,0,8,12,2,12,0,0,1,5,1,11,1,4,6,1,0,s,1,s,3,0,0,s,7,0,10,2
I924,s,0,1,0,8,12,2,12,0,0,1,5,1,11,1,4,6,1,0,s,1,s,3,0,0,s,7,0,10,2
1931,s,0,1,0,d,d,2,12,0,0,1,5,1,11,d,d,6,1,0,s,1,s,3,0,0,s,7,0,10,2
1930,s,0,1,0,8,d,d,12,0,0,1,5,d,11,1,4,6,1,0,s,1,s,3,d,0,s,7,0,10,2
I925,s,5,1,0,8,12,2,12,0,0,1,5,1,11,1,4,6,1,0,s,1,s,3,0,0,s,7,0,10,2
1803,s,5,1,0,8,12,2,12,0,0,1,d,1,d,1,4,6,1,d,s,d,s,3,0,0,s,7,0,10,2
1802,s,5,1,0,8,12,2,12,21,8,1,d,1,d,1,d,6,1,0,s,1,s,3,0,d,s,d,0,10,2
I926,s,0,1,0,0,12,2,0,0,0,0,0,1,11,0,0,6,0,0,0,1,s,3,0,0,s,7,0,10,2
I927,s,12,1,1,0,12,2,0,0,0,0,0,1,11,0,0,6,0,0,0,1,s,3,0,0,s,7,0,10,2
I928,s,12,1,1,0,12,2,0,24,0,0,0,1,11,0,0,6,0,0,0,1,s,3,0,0,s,7,0,10,2
1843,s,s,1,1,d,12,2,d,d,0,0,0,1,d,0,d,6,6,0,0,1,s,d,0,0,s,7,0,10,2
I934,s,12,1,1,0,12,2,0,24,0,0,0,1,11,0,s,6,0,0,0,1,s,3,0,0,s,7,0,10,2
1877,s,12,1,1,0,12,2,d,24,0,0,d,1,11,0,s,6,0,0,0,1,s,3,0,0,s,7,0,10,2
1876,s,d,1,1,d,12,d,0,24,0,d,0,d,11,0,s,6,0,0,0,1,s,3,0,0,s,7,0,10,2
I935,s,12,1,1,0,12,2,0,0,1,1,5,1,11,0,0,6,s,0,0,1,s,3,0,0,s,7,0,10,2
I936,s,12,1,1,0,12,2,0,0,1,1,5,1,11,0,0,6,s,0,0,1,s,3,0,0,s,7,0,10,2
1961,s,12,1,1,0,d,2,0,0,1,1,5,1,11,d,0,6,s,0,0,1,s,3,0,0,s,7,8,10,2
1991,s,12,1,1,0,12,d,24,0,1,1,5,1,d,0,0,d,s,0,0,1,s,3,0,0,s,7,0,10,2
1957,s,12,d,1,0,12,2,10,0,1,d,5,1,11,0,0,6,s,0,8,1,s,d,0,0,s,7,5,10,2
I942,s,0,1,0,0,12,2,0,7,0,1,0,1,11,0,0,6,0,0,0,1,s,3,0,1,s,7,11,10,2
I943,s,0,1,0,0,12,2,0,7,0,1,0,1,11,0,0,6,0,0,0,1,s,3,0,1,s,7,11,10,2
I944,s,0,1,0,15,12,2,0,7,0,1,s,1,11,0,9,s,0,0,0,1,s,3,0,1,s,7,s,10,2
1717,s,0,1,0,15,12,2,0,d,0,1,s,d,d,0,9,s,4,0,0,1,s,3,0,1,s,s,s,10,2
I946,s,0,1,0,15,12,2,0,7,0,1,s,1,11,0,9,s,0,0,0,1,s,s,0,1,s,7,s,10,2
1913,s,0,1,0,d,d,d,0,7,0,1,s,1,11,0,9,s,0,0,0,d,s,s,0,1,s,d,s,10,2
1912,s,0,1,0,15,12,2,d,7,0,1,s,1,11,0,9,s,0,d,0,1,s,s,0,1,s,7,s,d,d
I947,s,0,1,0,0,12,2,10,7,0,1,0,1,11,0,0,6,1,0,0,1,s,3,9,1,s,7,11,10,2
1644,s,0,1,0,0,12,s,s,7,0,1,0,1,11,0,0,6,1,20,d,1,s,3,9,1,s,7,11,10,2
I949,s,0,s,1,0,12,2,10,7,0,1,0,1,11,0,0,6,1,0,0,1,s,3,9,1,s,7,11,10,2
1617,s,0,s,1,0,12,2,10,7,0,1,0,1,11,0,0,6,1,0,0,1,s,3,9,1,s,7,11,10,2
1616,s,0,s,1,0,12,d,10,d,0,1,d,1,11,0,d,6,1,0,d,d,s,3,9,1,s,7,11,10,2
1929,s,0,1,0,0,12,d,0,7,0,1,0,1,d,d,0,s,1,15,0,1,s,3,43,1,s,7,s,10,2
I957,s,0,1,0,0,0,2,0,0,0,0,0,0,11,0,0,6,0,0,0,1,s,3,0,0,0,0,0,10,2
I958,s,0,1,0,0,0,2,0,0,0,0,0,0,11,0,0,6,0,0,3,1,s,3,0,0,0,0,0,10,2
I959,s,0,1,0,0,0,2,0,0,0,0,0,0,11,0,0,6,0,s,3,1,s,3,0,0,0,0,0,10,2
I960,s,0,1,0,0,0,2,0,0,0,0,0,0,11,0,0,6,0,s,3,1,s,3,0,0,0,79,0,10,2
1240,s,d,1,0,0,0,2,10,0,0,0,0,0,d,3,0,6,0,s,3,1,s,3,22,7,0,d,0,10,2
I966,s,s,1,0,0,0,2,0,0,0,0,0,0,11,0,0,6,0,s,3,1,s,3,0,0,22,79,0,10,2
1061,s,s,1,0,8,0,2,0,0,0,0,0,0,11,s,0,6,0,s,3,1,s,s,d,s,22,79,0,10,2
1060,s,s,1,0,0,0,2,d,1,0,0,d,0,11,0,d,6,1,s,3,1,s,3,0,d,d,79,0,10,d
I967,s,0,1,0,0,0,2,0,0,0,1,0,0,11,0,0,6,0,s,3,1,s,3,0,0,0,0,0,10,2
1581,s,0,1,d,0,d,2,d,0,0,1,0,7,d,0,0,6,0,s,3,1,s,3,d,d,d,0,0,10,2
1314,s,0,1,0,0,15,2,d,0,0,1,3,d,11,0,0,6,1,s,3,1,s,3,0,12,0,0,0,d,2
I974,s,0,1,0,0,11,2,0,0,0,1,0,0,11,0,0,6,0,0,3,1,s,3,0,16,0,0,7,10,2
I975,s,1,1,0,0,11,2,0,0,2,1,0,0,11,0,0,6,0,0,3,1,s,3,0,16,15,0,7,10,2
I976,s,1,1,0,0,11,2,0,0,2,1,3,0,11,0,3,6,0,0,3,1,s,3,10,16,15,69,7,10,2
I977,s,1,1,0,0,11,2,0,0,2,1,3,0,11,0,3,6,0,0,3,1,s,3,10,16,15,69,7,10,2
1309,s,1,1,0,d,11,2,d,0,2,1,3,1,11,0,3,6,1,0,d,1,s,3,10,16,15,69,7,10,2
1308,s,1,1,0,0,d,2,0,0,2,1,3,0,11,0,3,6,d,0,3,1,s,3,10,16,15,69,7,10,2
1613,s,1,1,0,5,d,2,d,0,d,1,3,0,11,0,3,6,d,25,3,1,s,3,d,16,15,69,7,10,2
I979,s,1,1,0,0,11,2,22,0,2,1,0,0,11,0,0,6,0,0,3,1,s,3,0,16,15,0,7,10,2
1512,s,1,1,d,d,11,2,d,0,2,1,d,d,11,3,s,6,0,0,3,1,s,3,0,16,15,0,d,d,2
1703,s,1,1,0,0,11,2,22,d,2,1,0,0,11,0,0,6,0,0,3,1,s,3,0,16,d,0,7,10,2
I982,s,0,1,1,0,11,2,0,0,0,1,0,0,11,0,0,6,1,0,3,1,s,3,0,16,0,0,7,10,2
I983,s,0,1,1,0,11,2,0,s,0,1,0,7,11,0,0,6,1,0,3,1,s,3,45,16,0,0,7,10,2
1729,s,0,1,1,0,11,2,d,s,s,d,0,7,11,0,d,6,1,0,3,1,s,3,45,d,0,45,7,10,2
1633,s,0,d,1,0,11,2,0,s,0,s,0,7,11,0,0,6,1,0,3,1,s,d,45,16,0,0,d,10,2
I986,s,0,1,1,0,11,2,3,0,0,1,0,0,11,0,0,6,1,0,3,1,s,3,0,16,0,0,7,10,2
1258,s,0,1,1,0,d,2,3,0,d,d,0,0,11,d,0,6,1,0,3,1,s,3,0,d,30,0,d,10,2
I988,s,0,1,1,0,11,2,3,0,s,1,0,0,11,0,0,6,1,0,3,1,s,3,0,16,0,0,7,10,2
1591,s,0,1,1,0,11,2,3,0,s,1,0,0,11,0,d,6,1,0,3,d,s,3,0,16,0,0,d,10,d
1590,s,0,1,1,0,11,2,3,6,s,1,0,0,11,0,0,6,1,0,d,1,s,3,0,16,d,0,d,10,2
I989,s,10,1,0,28,0,2,0,0,0,0,0,0,11,0,0,6,0,25,0,1,s,3,0,0,0,0,0,10,2
I990,s,10,1,0,28,0,2,0,0,0,0,0,0,11,0,0,6,0,25,s,1,s,3,0,0,0,0,0,10,2
I991,s,10,1,0,28,0,2,0,0,0,0,0,0,11,0,0,6,0,25,s,1,s,3,0,16,0,0,8,10,2
1312,s,10,1,0,28,d,2,0,0,0,0,1,d,11,0,0,6,0,25,s,1,s,3,0,16,10,0,8,10,2
1508,s,10,1,0,d,0,2,0,0,0,0,0,1,11,0,5,6,d,25,s,1,s,3,0,s,0,0,8,10,2
I998,s,10,1,0,28,0,2,0,0,0,0,2,0,11,0,0,6,5,25,s,1,s,3,0,0,0,0,0,10,2
I999,s,10,1,0,28,0,2,0,0,s,0,2,0,11,0,0,6,5,25,s,1,s,3,0,0,0,0,0,10,2
I1001,s,10,1,0,28,0,2,0,0,s,0,2,0,11,0,0,6,5,25,s,1,s,3,0,0,0,0,0,10,2
2015,s,10,1,0,28,0,2,0,0,s,0,2,0,11,0,0,6,d,25,s,1,s,d,0,0,0,0,0,10,2
2014,s,10,1,0,28,0,d,0,0,s,0,2,0,11,0,0,6,5,25,s,1,s,3,0,0,0,0,0,10,2
I1002,s,10,1,0,28,0,2,0,0,s,1,2,0,11,0,0,6,5,25,s,s,s,3,0,0,0,0,0,s,2
I1003,s,10,1,1,28,0,2,0,0,s,1,2,0,11,0,0,6,5,25,s,s,s,3,0,0,0,0,0,s,2
1987,s,10,1,1,28,0,2,0,0,s,1,d,0,11,0,0,d,5,d,s,s,s,3,0,0,0,d,d,s,2
1986,s,10,1,1,28,0,2,0,0,s,1,2,0,11,d,0,d,5,25,s,s,s,3,0,0,0,0,0,s,2
1026,s,d,1,d,28,d,2,0,0,s,1,d,0,11,s,0,d,d,25,s,s,s,3,0,0,33,0,0,s,2
I1004,s,10,1,0,28,0,2,0,0,2,0,2,0,11,3,0,6,5,25,s,1,s,3,0,0,30,0,0,10,2
I1005,s,10,1,0,28,0,2,0,0,2,0,2,0,11,3,0,6,5,25,s,1,s,3,0,0,30,0,0,10,2
2005,s,10,1,0,28,0,2,0,d,2,0,2,0,d,3,d,d,5,d,s,1,s,3,d,0,30,0,0,d,2
1010,s,10,d,0,28,0,2,4,d,2,1,2,0,11,3,0,s,5,25,s,d,s,3,0,0,30,0,0,10,2
I1007,s,10,1,1,28,0,2,0,0,2,0,2,12,11,3,0,6,5,25,s,1,s,3,0,0,30,0,0,10,2
1978,s,10,1,1,28,0,2,d,0,2,0,2,12,11,3,0,6,5,25,s,1,s,3,0,0,30,0,0,10,d
1038,s,10,1,1,d,0,2,d,0,2,d,d,12,11,3,0,d,5,d,s,d,s,3,0,0,30,0,0,d,2
I1009,s,10,1,1,28,0,2,0,0,0,0,0,0,11,0,0,6,0,25,0,1,s,3,0,0,0,0,0,10,2
I1010,s,10,1,1,28,0,2,0,0,0,0,0,0,11,0,0,6,5,25,0,1,s,3,16,0,0,0,0,10,2
1305,s,10,1,s,28,6,2,0,0,0,0,0,d,11,3,20,6,5,25,d,1,s,3,16,0,6,0,8,d,d
1162,s,10,1,1,28,2,2,0,15,0,0,0,0,11,0,0,6,5,d,0,1,s,3,16,0,d,0,0,10,2
I1023,s,10,1,1,28,0,2,0,0,0,0,0,0,11,3,0,s,5,25,0,1,s,3,0,10,0,0,0,10,2
1337,s,10,1,1,28,0,2,0,0,d,0,0,0,d,3,0,s,5,25,0,1,s,3,0,d,0,0,0,10,2
1336,s,10,1,1,28,0,2,0,d,0,0,0,0,11,3,0,s,5,25,0,1,s,3,0,10,0,21,0,10,2
