cell,r1,r2,r3,r4,r5,r6,r7,r8,r9,r10,r11,r12,r13,r14,r15,r16,r17,r18,r19,r20,r21,r22,r23,r24,r25,r26,r27,r28,r29,r30
I1,0,0,0,0,0,0,2,0,0,0,0,0,0,0,0,0,0,0,0,0,0,0,1,0,0,0,0,0,0,14
I2,0,0,0,0,1,0,2,0,0,0,6,0,0,0,16,0,0,0,0,0,0,8,1,0,0,0,0,0,0,14
I3,0,0,0,0,1,0,2,0,0,0,6,0,0,0,16,7,12,0,0,2,0,8,1,0,0,0,0,3,0,14
I4,0,0,0,0,1,0,2,0,0,0,6,11,0,5,16,s,12,0,0,2,0,8,1,0,0,0,0,3,0,14
I5,0,3,0,0,1,0,2,0,0,3,6,11,0,5,16,s,12,0,0,2,0,8,1,0,0,0,0,3,0,14
I6,0,3,0,0,1,0,2,0,0,3,6,11,0,5,16,s,12,0,0,2,0,8,1,0,0,0,0,3,0,14
I7,0,3,0,0,1,0,2,0,1,3,6,11,0,5,16,s,12,0,0,2,0,8,1,0,0,0,0,3,0,14
I8,1,s,0,0,1,0,2,0,1,3,6,11,0,5,16,s,12,0,1,2,0,8,1,s,2,0,0,3,0,14
I11,s,s,0,0,1,0,2,0,1,3,6,11,0,5,s,s,12,0,1,2,0,8,1,s,2,3,24,3,0,14
1981,s,s,0,d,1,0,2,0,1,3,6,11,0,5,s,s,12,0,1,d,0,8,1,s,2,3,24,3,d,d
1980,s,s,0,0,1,0,2,0,d,d,d,11,0,d,s,s,12,0,1,d,0,8,d,s,2,d,24,3,0,14
I12,1,s,0,0,1,0,2,0,s,3,6,11,0,5,16,s,12,0,1,2,s,8,1,s,2,0,11,3,0,14
1425,1,s,0,0,1,0,2,3,s,s,6,11,d,5,d,s,12,s,1,2,s,8,1,s,2,0,s,3,0,14
1626,1,s,0,0,1,0,2,0,s,3,6,11,2,5,16,s,12,0,1,2,s,8,1,s,2,10,11,3,0,14
I15,0,3,0,12,1,0,2,0,1,3,6,11,2,5,16,s,12,0,0,2,0,8,1,0,0,0,0,3,0,14
I16,0,3,0,12,1,0,2,0,1,3,6,11,2,5,16,s,12,0,0,2,0,8,1,0,0,0,s,3,0,14
1311,0,d,0,12,d,0,2,0,1,3,6,11,2,5,16,s,12,0,0,2,0,8,1,0,0,0,s,d,0,14
1420,0,3,0,12,1,0,2,0,1,3,6,11,2,5,16,s,12,22,0,2,0,8,1,0,0,0,s,3,13,14
I19,0,3,0,12,1,0,2,3,1,3,6,s,2,5,16,s,12,0,0,2,0,8,1,0,0,0,0,3,0,14
1282,0,3,0,12,1,d,2,d,1,3,d,s,2,5,16,s,12,4,0,2,0,8,1,0,0,0,d,d,0,14
1598,d,3,0,12,1,3,2,d,1,3,6,s,2,5,16,s,12,0,0,2,0,8,1,0,d,0,0,3,13,14
I22,0,3,0,0,1,0,2,0,0,3,6,s,0,5,16,s,12,0,0,s,0,8,1,0,0,0,0,3,0,14
I23,0,3,0,0,1,0,2,0,0,3,6,s,2,5,16,s,12,0,0,s,0,8,1,15,0,0,0,3,0,14
I24,0,3,47,0,1,0,2,0,4,3,6,s,2,5,16,s,12,3,0,s,0,8,1,15,0,0,0,3,0,14
1606,d,3,47,0,1,0,2,0,4,3,6,s,2,5,16,s,12,d,0,s,0,8,1,15,0,0,d,3,d,14
I26,0,3,47,0,1,0,2,0,4,3,6,s,2,5,16,s,12,3,0,s,0,8,1,15,0,0,0,3,0,14
1639,0,3,47,0,1,0,2,0,4,3,6,s,2,5,16,s,12,3,1,s,0,8,1,d,0,d,0,d,0,14
1638,0,3,47,d,1,0,2,0,d,3,6,s,2,5,16,s,12,3,0,s,0,8,1,15,0,0,0,3,0,14
I27,s,3,0,0,1,0,2,0,0,3,6,s,2,5,16,s,12,0,s,s,0,8,1,15,0,0,0,3,0,14
I28,s,3,42,0,1,0,2,0,0,3,6,s,2,5,16,s,12,0,s,s,s,8,1,15,0,0,0,3,0,14
1435,s,3,42,0,d,0,2,0,0,3,6,s,2,5,16,s,d,0,s,s,s,8,1,d,d,d,0,s,0,14
1434,s,d,42,0,1,0,2,0,0,3,6,s,d,5,16,s,12,d,s,s,s,8,1,15,0,0,0,3,0,14
1333,s,3,d,0,d,0,2,0,0,3,6,s,2,5,16,s,12,0,s,s,0,8,1,15,0,d,4,3,d,14
I30,0,3,0,0,1,0,2,0,0,3,6,s,2,5,16,s,12,0,0,s,0,8,1,0,0,0,0,3,0,14
I31,0,3,0,0,1,0,2,0,0,3,6,s,2,5,16,s,12,0,0,s,0,8,1,0,0,0,0,3,0,14
I32,0,3,0,0,1,0,2,0,0,3,6,s,2,5,16,s,12,0,0,s,0,8,1,0,0,0,0,3,0,14
1521,0,d,0,0,1,0,2,0,0,3,6,s,2,5,16,s,12,d,0,s,0,8,1,0,0,0,0,3,0,14
1520,0,d,0,0,1,0,2,0,0,3,6,s,2,5,16,s,12,0,0,s,0,8,1,0,d,0,0,3,0,14
1504,0,3,0,0,1,0,d,0,0,3,d,s,2,5,16,s,12,0,0,s,0,8,s,d,0,d,0,d,0,14
1491,d,3,0,0,1,0,d,0,0,3,6,s,2,d,16,s,d,0,0,s,0,8,1,31,0,0,3,3,13,14
I37,0,3,0,0,1,0,2,0,0,3,6,11,0,5,16,s,12,0,0,2,0,8,1,0,0,0,0,3,13,14
I38,0,3,0,0,1,0,2,0,0,3,6,11,0,5,16,s,12,0,1,2,0,8,1,0,12,0,0,3,13,14
I43,1,3,0,16,1,0,2,1,0,3,6,11,0,5,16,s,12,0,1,2,3,8,1,0,12,0,0,3,13,14
1449,1,d,6,d,1,0,d,d,0,3,6,11,0,5,16,s,12,d,1,2,3,8,1,d,12,22,0,3,13,d
1348,1,3,0,16,1,s,2,1,0,3,6,11,5,5,d,s,12,0,1,2,3,8,d,0,d,0,0,d,13,d
I46,0,3,0,0,1,0,2,0,0,3,6,11,0,5,16,s,12,0,1,2,0,8,1,0,12,0,0,3,13,14
I48,0,3,0,16,1,0,2,0,0,3,6,11,0,5,16,s,12,1,1,2,0,8,1,0,12,0,0,3,13,14
1970,d,3,0,16,1,0,2,0,0,3,6,11,0,5,16,s,12,1,1,2,d,8,1,0,12,0,0,3,13,14
1052,s,3,0,16,d,0,2,d,0,3,6,11,0,5,16,s,d,1,1,2,3,8,1,0,s,0,d,d,13,14
I51,0,3,0,0,1,0,2,0,0,3,6,11,0,5,16,s,12,0,1,2,0,8,1,0,12,0,4,3,13,14
1125,0,3,0,0,d,0,2,1,0,3,6,11,2,d,16,s,12,0,1,2,0,d,1,0,12,d,4,d,13,14
1035,d,3,0,0,1,0,2,0,0,3,6,11,2,5,d,s,12,26,1,2,0,8,1,0,12,0,4,3,13,14
I54,0,3,0,0,1,0,2,0,0,3,6,11,0,5,16,s,12,0,1,2,0,8,1,0,0,0,0,3,13,14
I55,0,3,0,0,1,0,2,0,0,3,6,11,0,5,16,s,12,0,1,2,0,8,1,0,0,0,0,3,13,14
I56,0,3,0,0,1,3,2,0,0,3,6,11,0,5,16,s,12,3,1,2,0,8,1,0,0,0,0,3,13,14
I57,1,3,0,0,1,3,2,0,0,3,6,11,0,5,16,s,12,3,1,2,0,8,1,0,0,0,0,3,13,14
1119,1,3,0,0,1,3,2,0,0,3,6,11,0,5,16,s,12,3,1,2,0,d,1,0,0,d,0,3,13,14
1118,d,3,0,0,d,3,2,3,0,3,6,11,0,d,d,s,12,3,1,2,d,8,d,0,0,0,0,3,13,14
1160,0,3,45,0,1,3,2,0,d,3,6,11,d,5,16,s,12,3,1,d,0,8,1,0,0,0,0,3,13,14
I59,1,3,0,0,1,0,2,0,0,3,6,11,0,5,16,s,12,0,1,2,0,8,1,0,0,0,0,3,13,14
1411,1,d,0,0,d,0,2,0,0,3,6,11,0,5,16,s,12,0,1,d,0,8,1,0,0,0,0,3,13,14
I61,1,3,0,0,1,0,2,0,0,3,6,11,0,5,16,s,12,s,1,2,0,8,1,0,0,0,0,3,13,14
1483,d,3,0,0,1,0,2,0,0,3,6,d,0,5,16,s,12,s,1,d,0,8,1,d,0,0,0,3,13,14
1482,1,3,d,0,1,0,2,0,0,3,6,11,0,5,16,s,12,s,1,2,4,8,1,0,0,0,d,3,13,d
I62,0,3,0,0,1,1,2,0,0,3,6,11,0,5,16,s,12,0,1,2,0,8,1,0,0,0,0,3,13,14
I63,0,3,0,0,1,s,2,1,0,3,6,11,0,5,16,s,12,0,1,2,0,8,1,0,0,0,0,3,13,14
1112,0,3,19,10,1,s,s,1,0,3,d,11,0,5,16,s,12,0,1,2,d,8,1,d,0,0,0,3,13,14
1405,d,3,0,0,1,s,2,1,9,3,6,11,0,5,16,s,12,0,1,2,4,8,1,0,d,d,0,d,13,14
1456,d,d,0,0,1,1,2,1,0,3,d,11,d,5,16,s,12,d,1,2,0,8,1,0,d,0,0,3,13,d
I69,0,0,0,0,1,0,2,0,0,0,6,11,0,5,16,s,12,0,0,2,0,8,1,0,0,31,0,3,0,14
I70,0,0,0,0,1,0,2,0,0,0,6,11,0,5,16,s,12,0,0,2,0,8,1,0,0,31,0,3,0,14
I71,0,0,0,12,1,0,2,0,0,0,6,11,0,5,16,s,12,0,1,2,0,8,1,0,8,31,0,3,0,14
I76,1,0,0,12,1,0,2,1,0,3,6,11,2,5,16,s,12,0,1,2,0,8,1,0,8,31,0,s,0,14
1159,1,0,22,d,1,0,2,1,0,3,6,11,2,5,16,s,12,0,1,2,d,8,1,0,8,31,0,s,0,14
1253,1,0,0,12,1,0,2,1,0,3,6,11,2,d,16,s,12,0,1,2,0,d,1,d,8,d,d,s,0,14
I79,0,0,0,12,1,0,2,0,0,0,6,11,2,5,16,s,12,0,1,2,0,8,1,0,8,31,0,3,0,14
I80,0,0,0,12,1,3,2,0,0,0,6,11,2,5,16,s,12,18,1,2,0,8,1,0,8,31,0,3,0,14
I81,0,3,0,12,1,3,2,0,0,0,s,11,2,5,16,s,12,18,1,2,3,8,1,0,8,31,0,3,0,14
1343,0,d,d,12,1,3,2,d,0,0,s,11,2,d,16,s,12,18,1,2,3,8,1,10,8,31,0,3,0,14
1342,d,3,0,12,1,3,2,0,0,0,s,11,2,5,16,s,12,18,1,d,3,8,d,d,8,d,0,3,0,14
1719,0,0,1,12,1,3,2,0,0,d,6,11,d,d,16,s,12,18,d,2,1,d,1,s,s,31,0,3,0,14
2028,0,0,0,12,d,d,2,0,0,0,6,11,2,s,16,s,12,s,1,2,0,8,1,0,8,31,0,d,0,14
I87,0,3,0,0,1,0,2,0,0,3,6,11,0,5,16,s,12,0,3,2,0,8,1,0,0,31,0,3,0,14
I88,1,3,0,0,1,0,2,0,0,3,6,11,0,5,16,s,12,0,3,2,0,8,1,0,0,31,0,3,0,14
I91,1,3,0,0,1,0,2,0,0,3,6,11,0,5,16,s,12,0,3,2,s,8,1,0,0,31,0,3,0,14
1299,1,3,d,s,1,0,d,d,d,3,6,11,0,d,d,s,12,0,3,2,s,8,1,0,13,31,0,3,s,d
1298,1,3,0,d,1,0,d,0,0,3,6,11,0,5,16,s,d,0,3,2,s,8,d,0,0,d,d,3,0,14
I92,1,3,46,0,1,0,2,0,10,3,6,11,0,5,16,s,12,15,3,2,0,8,1,0,0,31,0,3,0,14
I93,1,3,46,0,1,0,2,0,10,3,s,11,0,5,16,s,12,s,3,2,0,8,1,0,0,31,0,3,0,14
1263,1,3,46,0,1,0,2,0,10,3,s,11,0,5,16,s,12,s,3,2,d,8,d,d,0,31,d,d,0,14
1262,1,3,46,0,1,0,d,0,10,3,s,11,0,5,16,s,12,s,3,2,0,d,d,18,d,d,d,3,0,14
I94,1,3,46,0,1,0,2,0,10,3,6,11,0,5,16,s,12,15,3,2,0,8,1,0,0,31,s,3,13,14
1377,1,3,46,16,1,0,2,d,10,3,6,11,0,5,16,s,12,15,3,2,0,8,1,0,d,31,s,3,13,14
1376,1,3,46,0,1,0,2,0,10,3,6,11,0,5,16,s,12,15,3,2,d,8,1,15,0,31,s,3,13,14
I95,0,3,0,0,1,0,2,0,0,3,6,11,0,5,16,s,12,0,3,2,0,8,1,0,2,31,0,3,0,14
1250,0,3,0,0,1,0,2,0,0,3,6,11,0,5,16,s,12,0,3,2,0,d,1,0,2,31,0,3,0,14
I99,0,3,0,0,1,0,2,0,4,3,6,11,2,5,16,s,12,0,3,2,0,8,1,5,2,31,0,3,0,14
I100,0,3,0,0,1,0,2,0,4,3,6,11,2,5,16,s,12,0,3,2,0,8,1,5,2,31,0,3,s,14
1173,0,3,0,0,s,0,2,d,4,3,6,11,2,5,16,s,12,0,d,2,0,8,d,5,2,31,0,3,s,14
1172,0,3,0,0,1,0,d,0,4,3,6,11,2,5,16,s,12,0,3,2,0,8,1,5,2,31,d,d,s,14
1407,0,d,0,18,d,d,d,0,4,3,6,11,2,5,16,s,12,0,3,2,0,8,1,5,2,d,d,3,d,14
I102,0,0,0,0,1,0,2,0,0,0,6,11,0,5,16,s,12,0,0,2,0,8,1,0,0,31,0,3,15,14
I103,0,0,0,0,1,3,2,0,0,0,6,11,0,5,16,s,12,0,0,2,0,8,1,0,s,31,0,3,15,14
I104,0,0,0,0,1,3,2,0,0,3,6,11,0,5,16,s,12,0,s,2,0,8,1,0,s,31,0,3,15,14
I105,0,0,0,0,1,3,2,1,0,3,6,11,0,5,16,s,12,0,s,2,0,8,1,0,s,31,0,3,15,14
I106,0,0,0,0,1,3,2,1,0,3,6,11,0,5,16,s,12,0,s,2,0,8,1,0,s,31,0,3,15,14
1007,0,0,0,0,1,3,2,1,0,3,6,d,0,5,16,s,12,d,s,2,d,8,1,d,s,31,0,3,15,14
I107,0,0,0,0,1,3,2,1,0,3,6,11,0,s,16,s,12,0,s,2,0,8,1,0,s,31,0,3,15,14
1973,0,0,0,0,1,3,2,1,0,3,6,d,d,s,d,s,12,0,s,2,0,8,1,0,s,31,0,3,d,14
1972,d,0,0,0,1,3,2,1,0,3,6,11,0,s,16,s,12,0,s,2,0,8,d,0,s,31,0,d,d,14
I108,0,0,0,0,1,3,2,1,0,3,6,11,0,5,16,s,12,0,s,2,0,8,1,0,s,31,0,3,15,14
1059,0,s,0,0,1,3,d,1,0,3,6,11,0,5,16,s,12,0,s,2,0,8,1,0,s,d,d,3,15,14
1058,0,0,0,0,1,3,2,1,0,d,6,11,0,5,16,s,d,0,s,2,0,8,1,d,s,31,d,d,d,14
I109,0,1,1,0,s,3,2,1,0,3,6,11,0,5,16,s,12,0,s,2,0,8,1,0,s,31,4,3,15,14
1867,0,1,1,33,s,3,2,d,0,3,6,11,2,5,16,s,12,d,s,2,0,8,1,0,s,31,4,d,15,14
2031,0,1,1,0,s,3,2,1,d,3,6,11,d,5,16,s,12,0,s,d,0,8,1,0,s,s,4,3,15,14
I116,0,0,0,0,1,3,2,0,0,0,6,11,0,5,16,s,12,0,1,2,0,8,1,0,s,31,0,3,15,14
I117,0,0,0,0,1,3,2,0,10,0,6,11,0,5,16,s,12,0,1,2,0,8,1,16,s,s,0,3,15,14
1099,0,0,0,d,1,3,d,0,10,0,6,11,d,5,16,s,12,0,1,2,0,8,1,16,s,s,0,3,d,14
1049,0,0,0,0,1,3,2,3,10,3,6,11,0,s,16,s,d,0,1,2,0,8,1,16,s,s,0,3,d,14
I120,0,0,0,0,1,3,2,0,0,0,6,11,0,5,16,s,12,0,1,2,0,8,1,31,s,31,0,3,15,14
1022,d,0,0,0,1,3,2,0,d,d,6,11,0,5,16,s,12,s,1,2,0,8,1,31,s,31,0,3,15,14
1965,0,0,0,d,1,3,2,0,16,d,6,11,0,5,16,s,12,0,1,2,0,8,d,31,s,31,0,3,s,14
I124,0,0,0,0,1,3,2,0,0,0,6,11,0,5,16,s,12,0,0,2,0,8,1,0,0,31,0,3,15,14
I125,0,0,0,0,1,3,2,0,0,0,6,11,0,5,16,s,12,0,0,2,0,8,1,0,0,31,0,3,15,14
1133,0,0,0,0,s,3,2,0,0,0,6,11,d,s,16,s,12,0,0,2,0,8,1,10,0,d,0,d,15,14
1726,0,1,0,s,1,d,2,0,0,8,d,d,0,5,16,s,d,0,0,2,4,8,1,2,0,31,d,3,15,14
I132,0,0,0,0,1,3,2,0,0,0,s,11,0,5,16,s,12,0,0,2,0,8,1,0,s,s,0,3,15,s
I133,0,0,0,0,1,3,2,0,0,0,s,11,0,5,16,s,12,0,0,2,0,8,1,0,s,s,0,3,s,s
1095,0,0,0,0,1,3,d,0,0,0,s,11,0,5,16,s,d,d,0,s,0,8,1,0,s,s,0,d,s,s
I135,0,0,0,0,1,3,2,0,0,0,s,11,0,5,16,s,12,0,0,2,0,8,1,0,s,s,0,3,s,s
1045,0,d,0,0,1,3,2,0,0,0,s,d,0,5,16,s,12,0,3,2,d,8,1,0,s,s,0,3,s,s
1044,0,0,0,0,1,3,2,1,0,0,s,11,d,5,16,s,12,0,0,2,0,d,1,0,s,s,26,3,s,s
I136,0,0,0,0,1,3,2,0,0,3,s,11,0,5,16,s,12,0,0,2,0,8,1,0,s,s,0,3,15,s
I137,0,0,29,0,1,3,2,0,0,3,s,11,0,5,16,s,12,0,0,2,0,s,1,0,s,s,0,3,15,s
1165,1,d,29,0,1,3,d,0,0,3,s,11,0,d,16,s,12,0,0,d,d,s,1,d,s,s,0,d,15,s
1164,0,0,29,0,1,3,2,0,0,3,s,11,0,5,d,s,12,0,0,2,0,s,1,0,s,s,0,3,15,s
1080,0,d,0,d,d,3,2,d,0,3,s,11,d,5,16,s,12,d,0,2,0,d,1,0,s,s,0,3,15,s
I139,0,0,0,0,1,0,2,0,0,3,6,0,0,0,16,7,12,0,0,2,0,8,1,0,0,0,0,3,s,14
I140,0,0,0,0,1,0,2,0,0,3,6,13,5,0,16,7,12,0,0,s,0,8,1,0,0,0,0,3,s,14
I141,0,0,s,0,1,0,2,0,0,3,6,13,5,0,16,7,12,0,0,s,0,8,1,0,0,0,0,3,s,14
I142,0,0,s,0,1,0,2,s,0,3,6,13,5,0,16,7,12,0,0,s,0,8,1,0,0,0,0,3,s,14
I143,1,0,s,0,1,0,2,s,0,3,6,13,5,s,16,7,12,0,0,s,0,8,1,0,0,0,0,3,s,14
I144,1,0,s,0,1,0,2,s,0,3,6,13,5,s,16,7,12,0,0,s,0,8,1,0,12,1,0,s,s,14
1762,1,0,s,s,1,0,2,s,0,3,d,13,5,s,16,7,12,0,0,s,0,8,1,0,12,1,0,s,s,14
I146,1,0,s,0,1,0,2,s,0,3,6,13,5,s,16,7,12,0,0,s,0,8,1,0,12,1,0,s,s,14
1785,1,0,s,0,1,0,2,s,0,3,6,13,5,s,16,d,d,0,0,s,0,8,1,0,12,1,0,s,s,14
1784,1,0,s,0,1,0,d,s,d,d,6,13,5,s,16,7,12,15,0,s,0,8,1,0,12,1,d,s,s,14
I147,1,3,s,0,1,3,2,s,0,3,6,13,5,s,16,7,12,0,0,s,0,8,1,0,0,0,0,3,s,14
I148,1,3,s,2,1,3,2,s,0,3,6,s,5,s,16,7,12,0,0,s,4,8,1,0,13,1,3,3,s,14
1893,1,3,s,2,1,3,2,s,0,d,6,s,5,s,d,7,12,0,0,s,4,8,1,0,13,d,s,3,s,14
1892,1,3,s,2,1,3,2,s,0,3,6,s,5,s,16,7,d,0,0,s,4,8,1,d,13,1,3,3,s,14
I149,1,3,s,0,1,3,2,s,0,3,6,13,5,s,16,7,12,0,0,s,0,8,1,0,0,0,0,3,s,14
1805,1,3,s,0,1,3,2,s,0,d,6,13,5,s,16,7,12,0,0,s,0,8,s,0,0,0,d,d,s,d
1804,1,3,s,0,1,3,2,s,0,3,6,13,5,s,16,7,12,0,0,s,0,8,d,0,0,0,0,d,s,14
I150,0,0,s,0,1,0,2,s,0,3,6,13,5,0,16,7,12,0,0,s,0,8,1,0,0,0,0,3,s,14
I151,0,3,s,0,1,0,2,s,0,3,6,13,5,0,16,7,12,0,0,s,0,8,1,0,0,0,0,3,s,14
1746,d,3,s,12,1,0,d,s,0,d,6,13,5,0,16,7,12,d,0,s,0,8,1,0,0,0,0,3,s,14
988,0,3,s,0,1,3,2,s,24,3,6,13,5,0,16,7,d,0,0,s,d,8,1,0,0,0,0,3,s,14
I153,0,0,s,0,1,0,2,s,1,3,6,13,5,0,16,7,12,0,0,s,0,8,1,31,0,0,s,3,s,14
1093,d,0,s,0,1,3,2,s,d,3,6,13,5,0,16,7,12,d,0,s,0,8,1,31,0,25,s,3,s,14
1092,d,0,s,d,1,0,d,s,1,3,6,13,5,0,16,7,12,0,0,s,d,8,1,31,0,0,s,3,s,14
I154,0,0,s,s,1,3,2,0,0,3,6,13,5,0,16,7,12,0,0,s,0,8,1,0,0,18,0,3,s,14
I155,0,0,s,s,1,3,2,0,0,3,6,13,5,0,16,7,12,0,0,s,0,8,1,0,0,18,0,3,s,14
1743,0,d,s,s,1,3,2,0,0,d,s,13,5,0,16,7,d,s,0,s,0,8,1,0,0,18,0,3,s,14
I158,0,0,s,s,1,3,2,0,0,3,6,13,5,0,16,7,12,0,0,s,0,8,1,0,11,18,0,3,s,14
1578,0,0,s,s,1,3,2,0,0,d,6,13,5,0,d,7,12,0,0,s,0,8,1,0,11,18,0,3,s,d
I160,0,0,s,s,1,3,2,0,0,3,6,13,5,0,16,s,12,14,1,s,0,8,1,0,11,18,0,3,s,14
1725,0,d,s,s,d,3,d,0,0,3,6,13,5,s,16,s,12,14,1,s,d,8,1,0,11,18,0,3,s,14
1724,0,0,s,s,1,3,2,0,19,3,6,13,5,d,16,s,12,14,1,s,0,d,1,5,d,18,0,3,s,14
I161,0,s,s,s,1,3,2,0,0,3,6,13,5,0,16,7,12,0,0,s,0,8,1,0,0,18,0,3,s,14
1365,1,s,s,s,1,3,2,0,0,3,6,13,d,0,d,7,12,0,0,s,0,8,d,0,0,18,8,3,s,14
I165,0,s,s,s,1,3,2,0,0,3,6,13,5,0,16,7,12,0,3,s,0,8,1,0,0,18,0,3,s,14
1902,0,s,s,s,1,3,2,0,0,3,6,13,5,0,16,7,d,0,d,s,1,8,1,0,0,18,0,3,s,14
1667,0,s,s,s,1,3,2,d,0,3,6,13,5,3,16,7,d,0,3,s,d,8,1,0,0,d,d,d,s,14
I168,0,0,0,0,s,0,2,0,0,3,6,13,5,0,16,7,12,0,0,s,0,8,1,0,0,0,0,3,s,14
I169,0,3,0,0,s,0,2,0,11,3,6,13,5,0,16,7,12,0,0,s,0,8,1,0,0,0,0,3,s,14
I170,0,3,0,0,s,0,2,0,11,3,6,13,5,0,16,7,12,0,0,s,0,8,1,0,0,0,0,3,s,14
I171,1,3,0,0,s,0,s,0,s,3,6,13,5,0,16,7,12,0,0,s,0,8,1,0,0,0,0,3,s,14
I172,1,3,0,0,s,0,s,0,s,s,6,13,5,0,s,7,12,0,0,s,0,8,1,0,0,0,0,3,s,14
1815,d,3,0,0,s,0,s,0,s,s,6,13,5,0,s,7,12,d,0,s,0,8,1,0,1,0,0,3,s,14
1814,1,3,0,0,s,0,s,0,s,s,6,13,5,0,s,7,12,0,0,s,0,8,1,0,d,0,0,3,s,14
I173,1,3,0,0,s,0,s,0,s,3,6,13,5,0,16,7,12,0,0,s,0,8,1,0,0,0,0,3,s,14
1887,1,3,0,0,s,0,s,0,s,3,6,13,5,0,16,7,12,0,0,s,0,8,1,0,d,d,0,3,s,14
1886,1,d,0,0,s,3,s,0,s,3,6,d,5,0,16,7,12,0,0,s,0,d,1,d,0,d,0,3,s,14
I174,0,3,0,0,s,0,2,0,11,3,6,13,5,0,16,7,12,0,s,s,0,8,1,0,0,0,0,3,s,14
1943,0,d,22,d,s,0,2,0,11,3,6,13,d,0,16,7,12,0,s,s,0,8,1,0,0,0,d,3,s,14
2009,0,3,0,d,s,0,2,0,11,3,6,13,d,0,16,7,12,0,s,s,d,8,1,0,d,0,0,3,s,d
I177,1,3,0,0,s,3,2,0,11,3,6,13,5,3,16,7,12,0,1,s,0,8,1,0,0,0,0,3,s,14
1879,1,3,d,0,s,3,2,0,11,d,d,13,5,3,16,d,d,0,1,s,0,8,1,0,13,d,8,3,s,14
2042,1,3,0,12,s,3,2,0,11,3,s,13,5,3,d,s,12,12,1,s,0,d,1,35,0,0,0,3,s,14
I183,0,0,0,0,s,0,2,0,0,3,6,13,5,5,16,7,12,12,0,s,1,8,1,0,0,0,0,3,s,14
I184,0,0,0,0,s,0,2,0,0,3,6,13,5,5,16,s,12,12,0,s,1,8,1,0,0,0,0,3,s,14
I186,0,s,0,0,s,3,2,0,25,3,6,13,5,5,16,s,12,12,1,s,1,8,1,0,0,0,0,3,s,14
1575,0,s,0,0,s,d,2,d,25,3,6,13,5,5,16,s,12,12,1,s,1,8,s,0,0,0,0,d,s,14
1574,d,s,0,0,s,3,2,0,25,3,6,13,d,5,d,s,12,12,1,s,d,d,1,d,0,d,0,3,s,14
I188,0,0,0,0,s,2,2,0,0,3,6,13,5,5,16,s,12,12,0,s,1,8,1,0,0,0,0,3,s,14
1765,1,0,31,0,s,2,d,0,24,3,6,13,5,5,d,s,12,12,0,s,1,8,1,d,0,0,0,3,s,14
1786,s,0,38,9,s,2,2,d,0,3,6,13,5,5,d,s,12,12,0,s,1,8,1,0,8,0,d,3,s,14
1537,d,3,0,d,s,3,2,0,4,d,6,13,d,5,d,7,d,d,0,s,1,d,d,d,0,23,0,s,s,14
I198,0,0,0,0,1,3,2,0,0,3,6,0,0,0,16,7,12,0,0,2,0,8,1,0,0,0,0,3,s,14
I199,0,0,0,0,1,3,2,1,0,3,6,0,0,0,16,7,12,0,0,2,0,8,1,0,0,0,0,3,s,14
I200,0,0,0,0,1,3,2,1,0,3,6,0,0,0,16,7,12,0,0,2,0,8,1,0,0,0,0,3,s,14
I201,0,0,0,2,1,3,2,1,0,3,6,0,0,0,16,7,12,0,0,2,0,8,s,0,0,0,0,3,s,14
1042,0,0,0,2,1,3,2,1,0,3,6,0,0,0,16,7,12,0,0,2,0,s,s,0,0,0,0,3,s,14
I203,0,0,0,2,1,3,2,1,0,3,6,0,0,0,16,7,12,0,0,2,0,8,s,0,0,0,0,3,s,14
2036,s,0,d,2,1,3,2,1,0,3,d,0,0,d,d,7,12,s,0,d,0,d,s,0,0,0,0,3,s,14
1056,0,0,d,2,1,3,2,1,d,3,6,d,d,0,16,7,12,0,0,2,0,d,s,0,d,0,20,3,s,14
I205,0,0,0,0,1,3,2,1,19,3,6,0,0,0,16,7,12,0,0,2,4,8,1,0,0,0,0,3,s,14
I206,0,0,0,0,1,3,2,1,19,3,6,0,0,0,16,7,12,0,1,2,4,8,1,0,0,0,0,3,s,14
I207,1,0,0,0,1,3,2,1,19,3,6,7,0,0,16,7,12,0,1,2,4,8,1,0,0,0,0,3,s,14
1921,1,0,0,0,1,3,2,1,19,3,6,7,0,0,16,7,12,0,1,d,4,8,d,d,0,0,d,d,s,14
1920,1,0,0,d,1,3,d,1,19,3,6,7,0,0,d,7,12,0,1,2,4,8,1,0,0,0,0,3,s,d
1952,0,0,22,0,1,3,2,1,19,3,d,0,0,0,16,7,12,0,1,d,4,8,d,0,d,d,0,3,s,14
1024,0,s,d,7,1,3,2,1,19,3,6,0,d,0,16,7,12,0,0,d,d,8,1,0,12,s,0,3,s,14
I210,0,s,0,0,1,3,2,1,0,3,6,0,2,0,16,7,12,0,0,2,0,8,1,0,0,0,0,3,s,14
I211,0,s,0,0,1,3,2,1,0,3,6,0,2,3,16,7,12,0,0,2,1,8,1,0,0,0,0,3,s,14
1040,0,s,0,d,1,3,2,d,4,3,6,d,2,3,16,7,12,0,3,2,1,8,1,s,0,1,0,3,s,14
I213,0,s,0,0,1,3,2,1,0,3,6,0,2,3,16,7,12,0,0,2,1,8,1,0,0,0,11,3,s,14
2006,0,s,0,0,1,3,2,d,0,3,d,0,2,3,16,7,12,0,1,2,d,8,d,0,0,0,11,d,s,14
I215,0,s,0,16,1,3,2,1,3,3,6,7,2,3,16,7,12,0,0,2,1,8,1,0,0,0,11,3,s,14
2013,0,s,0,16,1,3,2,1,3,3,d,7,2,3,16,7,12,0,d,2,d,8,d,0,d,d,11,3,s,14
2012,0,s,0,16,1,3,2,1,3,3,6,7,2,d,16,7,12,0,0,2,1,8,1,0,0,0,11,3,s,d
I216,0,s,0,5,1,3,2,1,11,3,6,0,2,0,16,7,12,0,0,2,1,8,1,0,6,0,0,3,s,14
1648,0,s,0,5,1,3,2,1,11,3,6,0,d,0,16,7,d,0,0,d,1,8,1,0,6,d,0,3,s,d
I220,0,s,0,5,1,3,2,1,11,3,6,0,2,3,16,7,12,0,0,2,1,8,1,0,6,0,0,3,s,14
1582,d,s,0,d,1,3,2,1,d,d,6,0,2,3,16,7,12,0,0,2,1,8,1,0,6,0,15,3,s,14
1426,0,s,0,5,1,d,d,1,11,3,6,1,2,s,16,7,12,19,0,2,d,8,1,0,6,0,0,3,s,14
I223,1,0,0,0,1,3,2,0,0,3,6,0,0,0,16,7,12,0,0,2,7,8,1,0,0,18,0,3,s,14
I224,1,0,0,0,1,3,2,0,0,3,s,0,0,0,16,7,12,0,0,2,7,8,1,s,0,18,0,3,s,14
I225,1,0,0,0,1,3,2,0,0,3,s,0,0,0,16,7,12,0,0,2,7,8,1,s,2,18,0,3,s,14
I226,1,0,22,0,1,3,2,0,0,3,s,0,0,0,16,7,12,0,0,2,7,8,1,s,2,18,0,3,s,14
1548,1,0,22,0,1,3,2,0,0,3,s,0,2,0,16,7,12,0,0,2,7,8,d,s,2,18,0,3,s,14
I228,1,0,22,0,1,3,2,0,0,3,s,0,0,0,16,7,12,0,1,2,7,8,1,s,2,18,0,3,s,14
1595,1,0,22,0,1,d,d,0,0,3,s,0,d,0,16,7,12,0,1,2,7,8,1,s,2,18,0,d,s,d
1594,1,d,d,0,1,3,d,0,d,3,s,0,0,d,16,7,d,d,1,d,7,8,1,s,2,18,0,3,s,14
I229,1,0,0,0,1,3,2,0,0,3,s,0,0,0,16,7,12,3,0,2,7,8,1,s,2,18,0,3,s,14
1832,1,0,d,0,1,3,2,0,d,3,s,0,0,0,16,7,12,3,0,2,7,8,1,s,2,d,0,3,s,14
1661,1,d,d,2,1,3,d,0,0,3,s,s,0,0,16,7,12,d,0,2,7,8,1,s,2,18,0,3,s,14
I232,1,0,0,0,1,3,2,0,0,3,s,14,0,0,16,7,12,0,0,2,7,8,1,s,0,18,0,3,s,14
1562,1,0,0,25,1,3,d,0,0,3,s,14,0,d,16,7,12,0,0,2,d,8,1,s,0,18,0,3,s,14
I236,1,0,0,0,1,3,2,0,0,3,s,14,0,3,16,7,12,0,0,2,7,8,1,s,0,18,0,3,s,14
I237,1,0,0,0,1,3,2,0,0,3,s,14,0,3,16,7,12,0,0,2,7,8,1,s,0,18,0,3,s,14
1625,d,0,0,0,1,3,d,0,0,3,s,14,d,d,d,d,12,0,0,2,7,8,1,s,0,18,0,3,s,d
1624,1,0,0,d,1,d,2,0,0,3,s,14,0,d,16,7,12,0,0,2,7,8,d,s,0,18,0,3,s,14
1441,1,0,0,13,1,3,2,0,0,3,s,14,d,3,16,7,s,d,s,2,7,8,1,s,0,18,0,3,s,14
I239,1,0,6,0,1,3,2,0,0,3,6,0,0,0,16,7,12,0,0,2,7,8,1,0,0,18,0,3,s,14
I240,1,0,6,0,1,3,2,0,0,3,6,0,0,0,16,7,12,0,0,2,7,8,1,0,0,18,0,3,s,14
I241,1,0,6,0,1,3,2,0,0,3,6,0,0,0,16,7,12,0,0,2,7,8,1,0,0,18,0,3,s,14
I242,1,0,6,0,1,3,2,2,0,3,6,0,0,0,16,7,12,0,0,2,7,8,1,0,0,18,0,3,s,14
1951,1,d,d,0,1,3,2,2,0,3,d,0,0,0,16,7,d,0,d,2,7,8,1,0,0,18,0,d,s,14
1950,d,0,6,0,1,3,d,2,0,3,6,0,0,0,16,7,d,0,0,2,7,8,1,0,0,18,0,3,s,14
I243,1,0,6,0,1,3,2,0,0,3,6,0,0,0,16,7,s,0,0,2,7,8,1,0,0,18,0,3,s,14
1797,d,0,6,0,1,3,2,0,d,3,6,0,0,0,d,7,s,0,0,2,7,8,d,0,0,18,0,3,s,14
1796,1,0,6,0,1,3,d,0,0,d,6,d,0,0,d,d,s,0,0,2,7,d,1,0,0,d,d,3,s,14
I245,1,3,6,0,1,3,2,0,0,s,6,0,0,0,16,7,12,0,0,2,7,8,1,0,0,18,0,3,s,14
2033,1,3,6,0,1,3,2,0,0,s,d,0,0,0,16,7,12,0,0,2,7,8,1,0,0,18,0,3,s,14
2032,1,3,6,0,1,3,2,0,0,s,6,d,0,d,16,7,12,0,0,2,d,8,1,0,d,d,0,3,s,14
I246,1,0,6,2,1,3,2,0,0,3,6,34,0,0,16,7,12,0,0,2,7,8,1,0,0,18,25,3,s,14
2021,1,2,6,2,1,d,2,0,0,3,6,34,0,3,16,7,12,41,0,d,7,8,1,0,0,18,25,3,s,14
I249,1,0,6,2,1,3,2,0,0,3,6,34,0,0,16,7,12,0,0,2,7,8,1,0,0,18,25,3,s,14
I250,1,0,6,2,1,3,2,0,0,3,6,34,0,0,16,7,12,0,0,2,7,8,1,0,0,18,25,3,s,14
1997,1,d,d,d,1,3,2,0,0,3,6,34,0,0,16,d,d,0,0,2,7,8,1,0,0,d,d,3,s,14
1996,1,0,6,2,d,3,2,0,0,3,d,34,0,d,16,7,12,0,0,2,d,8,d,0,0,d,25,3,s,14
1030,1,0,6,2,1,d,2,1,0,3,6,34,d,0,16,7,12,1,0,2,d,8,1,0,0,18,25,3,s,14
I251,0,0,0,0,1,0,2,0,0,0,6,0,0,0,16,0,0,0,1,4,0,8,1,0,0,0,0,0,0,14
I252,0,0,0,0,1,0,2,0,0,0,6,0,0,3,16,0,0,0,1,4,0,8,1,0,0,0,0,0,0,14
I253,0,0,0,0,1,0,2,0,0,0,6,32,0,3,16,0,1,0,1,4,0,8,1,0,0,0,0,0,0,14
I254,0,0,0,0,s,0,2,0,0,0,6,32,0,3,16,0,1,0,1,4,0,8,1,0,0,0,0,0,0,14
I255,0,0,0,0,s,0,2,1,0,0,6,32,0,3,16,0,1,0,1,4,0,8,1,0,0,0,0,0,0,14
I256,0,0,0,0,s,0,2,1,0,0,6,32,0,3,16,0,1,0,1,4,3,8,1,0,0,0,0,0,0,14
I257,0,0,0,0,s,0,2,1,s,0,6,32,0,3,16,0,1,0,1,4,3,8,1,0,11,0,0,0,0,14
1223,1,0,0,d,s,0,2,1,s,s,6,32,d,3,16,0,1,25,s,4,d,8,1,0,11,d,d,0,0,14
1379,0,0,31,0,s,0,2,1,s,0,6,32,0,3,d,0,1,0,d,4,3,8,1,0,11,0,0,0,s,14
I260,0,0,0,0,s,0,2,1,0,0,6,32,0,3,16,0,1,33,1,4,3,8,1,0,0,0,10,0,0,14
I261,0,0,11,27,s,0,2,1,0,0,6,32,0,3,16,0,1,33,1,4,3,8,1,0,0,0,10,0,0,14
1069,0,0,11,27,s,0,2,1,0,0,6,32,d,3,16,0,1,33,1,4,3,8,1,0,0,d,10,0,0,14
1068,d,0,11,27,s,0,2,1,s,4,s,32,0,d,16,d,1,33,1,4,s,8,1,0,0,0,d,0,0,14
1359,0,1,0,0,s,0,2,1,0,0,6,32,0,3,16,0,1,33,d,4,3,8,1,0,13,d,10,0,0,14
I263,0,0,0,0,s,0,2,1,0,0,6,32,0,3,16,0,1,43,1,4,0,8,1,0,0,0,0,0,0,14
1254,d,0,0,s,s,d,d,d,18,3,6,32,0,3,16,0,1,43,1,4,0,8,1,0,d,0,d,0,0,14
1055,0,0,0,0,s,0,2,1,0,0,6,32,0,3,16,0,1,43,1,d,0,8,1,0,0,s,0,16,0,14
I270,0,0,0,0,s,0,2,0,0,3,6,32,0,3,16,0,1,0,1,4,0,8,s,0,0,0,0,0,0,14
I271,1,0,0,0,s,0,2,0,0,3,6,32,0,3,16,0,1,0,1,4,0,8,s,0,0,18,0,0,0,14
I272,1,2,0,0,s,0,2,0,10,3,6,32,0,3,16,0,1,0,1,4,0,8,s,0,0,18,0,13,0,14
1004,1,2,0,2,s,0,2,0,10,3,6,d,d,3,16,0,d,0,d,4,0,8,s,20,0,18,0,13,0,14
1995,1,2,d,0,s,0,2,0,10,3,6,32,0,3,16,0,1,0,1,d,0,8,s,14,0,18,0,13,0,14
I279,1,0,0,0,s,0,2,0,1,3,6,s,0,3,16,0,1,0,1,s,0,8,s,0,6,18,4,5,0,s
1187,1,0,0,6,s,0,2,d,1,3,6,s,0,3,16,0,1,0,1,s,0,8,s,d,6,d,4,5,0,s
1186,1,0,0,0,s,0,2,0,1,3,6,s,0,3,16,0,1,0,1,s,3,d,s,0,6,18,4,d,13,s
I280,0,0,0,0,s,0,2,1,0,3,6,32,0,3,16,0,1,0,1,4,0,8,s,0,0,0,0,0,0,14
I281,0,0,0,0,s,0,2,1,0,3,6,32,0,3,16,0,1,0,1,4,0,8,s,0,s,0,0,0,0,14
I282,0,0,0,0,s,0,2,1,0,3,6,32,0,3,16,0,1,0,s,4,0,8,s,0,s,0,0,0,0,14
1319,0,0,d,0,s,0,2,1,d,3,6,32,0,3,16,0,1,0,s,4,0,8,s,0,s,0,d,0,0,14
1318,0,d,0,0,s,d,2,1,0,3,6,32,0,3,s,0,1,0,s,4,3,8,s,0,s,0,0,0,0,14
1181,0,0,0,6,s,0,2,s,d,3,6,32,0,3,d,0,1,0,1,4,0,d,s,0,s,0,0,0,0,d
1773,0,d,0,d,s,0,d,1,0,3,6,32,2,3,16,0,1,0,1,d,d,8,s,0,d,0,25,d,0,14
I287,0,0,0,0,1,0,2,0,0,0,6,32,0,3,16,0,1,0,1,4,0,8,1,0,0,0,0,0,4,14
I288,0,0,0,0,1,0,2,0,0,3,6,32,0,3,16,0,1,0,1,4,0,8,1,0,0,0,0,3,4,14
1145,1,0,0,0,d,0,d,1,0,3,6,32,0,d,16,0,1,s,1,4,0,8,1,15,0,0,d,3,4,14
I296,0,0,0,0,1,0,2,0,0,3,6,32,0,3,16,11,1,0,1,4,0,8,1,0,0,0,0,3,4,14
1732,0,d,d,0,d,0,d,0,s,3,6,32,0,s,16,d,d,0,1,4,0,8,1,0,0,25,s,3,4,14
1238,d,0,3,0,1,0,d,d,0,3,6,d,0,3,16,11,1,0,1,d,0,8,1,d,0,0,0,3,4,14
I303,0,0,0,0,1,0,2,0,0,0,6,32,0,3,16,0,1,0,1,4,0,8,1,0,0,0,0,41,4,14
I305,1,0,0,0,1,0,2,0,11,0,6,32,0,3,16,0,1,0,s,4,3,8,1,0,0,21,24,41,4,14
1799,1,d,0,5,1,3,2,0,11,d,6,32,0,3,16,d,1,0,s,4,3,8,d,0,0,21,24,41,4,14
1807,1,3,s,d,1,d,2,0,11,0,6,32,0,3,16,0,1,0,s,d,3,8,1,0,0,21,24,41,4,14
I310,0,0,0,0,1,0,2,0,0,3,6,32,0,3,16,0,1,0,1,4,0,8,1,0,0,25,0,41,4,14
I311,0,3,0,0,1,0,2,0,s,3,6,32,0,3,16,0,1,0,1,4,0,8,1,0,0,25,0,41,4,14
1744,d,3,0,0,d,0,d,0,s,3,6,32,0,3,16,0,1,0,1,4,0,8,d,0,0,25,0,d,4,14
1368,0,d,0,0,d,0,2,0,s,d,6,32,0,3,16,0,1,0,1,4,0,8,1,0,0,d,0,41,4,14
I314,0,0,0,0,1,0,s,0,0,3,6,32,0,3,16,0,1,0,1,4,0,8,1,0,0,25,0,s,4,14
I315,0,0,0,0,1,0,s,0,0,3,6,32,5,3,16,0,1,0,1,4,1,8,1,0,12,25,0,s,4,14
1783,0,0,d,0,d,0,s,0,0,3,6,32,5,3,16,0,1,0,d,4,1,8,1,d,12,25,0,s,4,14
1782,0,0,0,0,1,0,s,0,0,3,6,32,5,3,16,s,1,0,1,d,1,d,1,d,12,25,0,s,4,14
I316,0,0,0,0,1,0,s,0,6,3,6,32,0,3,16,11,1,0,1,4,1,s,1,0,0,25,0,s,4,14
1889,d,0,0,0,1,d,s,0,6,3,6,32,0,3,16,11,1,0,1,4,1,s,d,0,0,25,0,s,4,14
1888,d,0,0,0,d,0,s,0,6,3,6,32,6,3,16,11,1,0,1,4,1,s,1,0,0,25,0,s,4,14
I317,0,3,0,0,1,0,2,0,0,3,6,0,0,3,16,0,0,0,1,4,0,8,1,0,0,0,0,0,0,14
I318,0,3,0,0,1,0,2,0,27,3,6,0,0,3,16,0,0,0,1,4,s,8,1,0,0,0,0,3,0,14
I319,0,3,0,0,1,0,2,0,27,3,6,0,0,3,16,0,0,0,1,4,s,8,1,1,0,0,0,3,0,14
I320,0,3,0,0,1,0,2,0,27,3,6,0,0,3,16,0,0,0,1,4,s,8,1,1,0,0,19,3,0,14
1375,0,3,0,d,1,0,d,0,27,3,6,19,2,3,16,0,0,0,d,4,s,d,1,1,s,0,19,3,0,14
1429,0,3,22,0,1,0,s,1,d,3,6,0,0,d,16,0,6,0,1,4,s,d,1,1,d,d,19,3,0,d
I331,s,3,0,0,1,0,2,0,27,3,6,0,0,3,16,5,0,0,1,4,s,8,1,1,0,0,0,3,0,14
1141,s,3,0,0,1,0,2,0,27,3,6,0,d,3,16,5,0,0,1,4,s,8,1,1,0,0,0,3,13,14
1538,s,3,0,2,1,0,2,0,27,3,6,34,0,3,16,5,0,0,1,4,s,8,1,1,0,0,0,3,0,14
I334,0,3,0,0,1,0,2,0,27,3,6,0,0,3,16,0,0,0,1,s,s,8,1,0,0,0,0,3,0,14
I335,0,3,0,0,1,0,2,0,27,3,6,0,0,3,16,0,0,0,1,s,s,8,1,0,0,0,0,3,0,14
1896,0,3,0,0,1,d,2,0,d,3,6,6,0,s,16,0,0,s,1,s,s,8,1,13,0,0,0,3,0,14
1898,0,3,0,0,d,0,2,0,d,3,6,40,0,3,16,0,d,0,1,s,s,8,1,0,0,d,0,3,2,14
I342,0,3,6,0,1,0,2,0,27,3,6,0,0,3,16,9,0,0,1,s,s,8,1,0,0,0,0,3,0,14
I345,0,3,6,8,1,0,2,0,27,3,6,0,0,3,16,s,0,33,1,s,s,8,1,0,0,0,0,3,0,14
1695,0,3,6,8,1,d,2,0,27,3,6,0,0,3,16,s,0,33,1,s,s,8,1,0,0,d,0,d,0,s
1694,0,3,d,8,1,0,2,d,27,3,d,0,0,d,16,s,17,d,1,s,s,d,1,d,2,d,0,3,0,14
1498,0,3,6,0,s,0,d,0,27,3,6,0,2,3,16,9,0,0,1,s,s,8,d,0,0,21,d,d,13,14
I349,1,3,22,0,1,s,2,0,0,3,6,0,0,3,16,0,0,0,1,4,0,8,1,0,0,0,0,0,0,s
I350,1,3,22,0,1,s,2,0,20,3,6,0,0,3,16,0,0,0,1,4,0,8,1,0,0,0,0,0,0,s
I351,1,3,22,0,1,s,2,0,20,3,6,0,0,3,16,5,0,18,1,4,0,8,1,0,0,0,0,0,0,s
I352,1,3,22,0,1,s,2,0,20,3,6,0,2,3,16,5,0,18,1,4,0,8,1,0,0,0,0,0,0,s
I353,1,3,22,0,1,s,2,0,20,3,6,0,2,3,16,5,17,18,1,4,0,8,1,0,0,0,0,0,0,s
1713,1,d,22,0,1,s,2,0,20,d,6,0,2,3,16,d,17,18,d,4,0,8,1,0,0,0,0,d,0,s
1712,d,d,22,0,1,s,2,d,20,3,6,0,2,3,16,5,17,18,1,4,0,8,1,0,0,0,0,0,0,s
1768,d,3,22,0,1,s,2,0,20,3,6,0,2,d,16,5,0,s,1,4,0,8,1,31,0,0,0,d,0,s
I355,1,3,22,0,1,s,2,0,20,3,6,0,0,3,16,5,0,18,1,4,0,8,1,0,8,0,0,0,0,s
1601,1,d,22,0,1,s,2,0,d,3,6,0,0,3,16,5,0,18,d,4,0,8,1,0,8,d,0,0,12,s
1685,1,3,22,0,1,s,2,0,20,3,6,s,0,3,16,5,1,18,s,s,0,8,1,d,8,0,16,0,0,s
I358,1,3,22,0,1,s,2,0,20,3,6,0,0,3,16,0,0,0,1,4,0,8,1,0,0,0,0,0,15,s
1137,d,3,22,0,d,s,2,0,20,3,6,40,0,3,16,0,0,0,d,4,d,s,1,1,0,0,6,0,15,s
I362,1,3,22,0,1,s,2,0,20,3,6,0,0,3,16,0,0,0,1,4,7,8,1,0,0,0,0,0,15,s
1219,1,3,22,0,1,s,d,d,20,3,d,0,d,3,16,0,0,23,1,4,d,8,1,0,0,31,0,0,15,s
1246,1,3,22,0,1,s,2,0,20,3,6,0,2,3,16,d,0,d,1,4,7,8,s,0,11,0,0,0,d,s
I365,1,3,22,0,1,s,2,0,0,3,6,0,0,3,16,6,13,0,1,4,0,8,1,0,0,0,0,0,0,s
I366,1,3,22,0,1,s,2,0,0,3,6,0,0,3,16,6,13,0,1,4,0,8,1,0,0,0,0,0,0,s
I367,1,3,22,0,1,s,2,0,24,3,6,0,0,3,16,6,13,0,1,4,0,8,1,0,0,0,0,0,4,s
1651,1,3,22,0,1,s,d,0,s,3,6,0,0,3,16,d,d,0,1,4,d,8,1,0,7,0,0,0,d,s
1525,d,3,22,0,1,s,2,0,24,3,6,d,0,3,d,d,13,0,1,4,0,8,1,d,0,23,0,0,4,s
I371,1,3,22,0,1,s,2,0,3,3,6,0,0,3,16,6,13,0,1,4,0,8,1,0,0,0,4,0,s,s
1941,1,3,d,0,1,s,2,d,3,3,6,0,0,3,16,6,13,0,1,4,0,8,1,0,0,0,4,0,s,s
1940,1,d,22,0,1,s,2,0,3,3,6,d,0,3,16,d,13,0,d,4,d,8,d,0,0,0,4,0,s,s
I373,1,3,22,0,1,s,2,0,0,3,6,0,0,3,16,6,13,0,1,4,0,8,1,9,0,28,0,0,0,s
1084,1,3,22,d,1,s,2,0,0,3,6,0,0,s,16,6,13,0,d,4,0,d,1,9,6,28,0,0,13,s
I377,1,3,22,0,1,s,2,0,0,3,6,0,0,3,16,6,13,0,1,4,0,8,1,9,0,28,0,0,0,s
1390,1,s,d,0,1,s,2,0,0,3,6,0,0,3,16,6,d,0,1,4,0,8,1,9,0,28,0,0,0,s
I379,1,3,22,0,1,s,2,0,0,3,6,0,0,3,16,6,13,0,1,4,0,8,1,9,0,28,0,0,0,s
1077,1,3,22,0,1,s,2,0,0,3,d,0,0,3,16,6,d,d,d,4,0,8,1,9,d,28,0,d,d,s
1076,1,3,22,0,1,s,2,1,0,3,6,0,2,3,16,6,s,14,1,4,0,8,1,9,0,28,0,5,0,s
I380,0,0,42,8,1,0,2,0,0,0,6,0,0,0,16,0,0,0,1,4,0,8,1,0,0,0,0,0,0,14
I381,0,0,42,8,1,0,2,0,0,0,6,0,0,0,16,0,0,0,1,4,4,8,1,0,0,1,0,0,0,14
I382,0,0,42,8,1,0,2,0,0,0,6,0,0,0,16,0,0,0,1,4,4,8,1,0,0,1,0,0,0,14
I383,0,0,42,8,1,0,2,0,0,0,6,0,0,0,16,0,0,0,1,4,4,8,1,0,0,1,0,0,0,14
1567,0,0,42,d,1,0,2,1,1,0,6,14,0,0,16,2,0,0,1,4,4,d,1,0,d,1,0,s,d,14
I391,1,0,42,8,1,0,2,0,0,0,6,0,0,0,16,0,0,0,1,4,4,8,1,0,0,1,11,0,0,14
1740,1,d,s,8,1,3,2,0,4,d,6,0,0,0,16,d,0,0,1,d,4,8,1,0,d,1,11,0,0,14
I395,1,0,42,8,1,0,2,0,0,0,6,0,0,0,16,3,6,22,1,4,4,8,s,0,0,1,11,0,0,14
I396,1,0,42,8,1,4,2,0,0,0,6,0,0,0,16,s,6,22,1,4,4,8,s,0,0,1,11,0,0,14
1593,1,0,42,8,1,d,2,0,d,d,6,0,0,0,16,s,6,22,1,4,4,8,s,0,0,1,d,0,0,14
1592,1,0,d,8,d,4,d,d,0,0,6,0,8,0,16,s,6,22,1,4,4,8,s,0,d,1,11,d,0,14
I397,1,0,42,8,1,0,2,0,0,0,6,0,0,0,16,3,6,22,1,4,4,8,s,0,0,1,11,0,0,14
1711,1,0,42,d,1,0,2,0,0,0,6,0,0,0,16,3,6,22,d,4,d,8,s,0,0,1,d,0,0,14
1710,1,0,d,8,1,0,2,0,d,3,6,d,0,0,16,3,6,d,1,4,d,8,s,0,0,1,11,0,0,14
I398,0,0,42,8,1,0,2,0,0,0,6,0,0,0,16,0,0,0,1,4,4,8,1,0,0,1,0,0,0,14
I399,0,0,42,8,1,s,2,0,0,0,6,0,0,0,16,0,0,0,1,4,4,8,1,0,0,1,10,0,0,14
1932,0,0,d,8,1,s,2,d,d,0,6,19,2,0,16,0,d,0,1,4,4,8,1,0,d,1,10,0,d,14
I403,0,0,42,8,1,s,2,0,0,0,6,0,0,0,16,0,0,0,1,4,s,8,1,0,0,1,10,0,0,14
I404,0,0,42,8,1,s,2,0,0,0,6,0,0,0,16,0,0,0,1,4,s,8,1,0,0,1,10,0,0,14
1789,0,0,42,8,1,s,2,0,0,d,6,0,0,d,16,0,0,0,d,4,s,8,1,0,d,1,10,0,0,14
1788,0,0,42,d,d,s,2,1,0,0,6,0,0,0,16,0,0,0,d,4,s,8,1,0,d,d,10,0,0,14
1880,0,0,42,8,1,s,2,d,0,d,6,0,0,d,d,0,0,0,1,4,s,8,1,0,d,d,10,0,0,14
I406,0,0,42,8,1,0,2,0,0,5,6,0,2,0,16,0,0,25,1,4,4,8,1,0,0,1,0,0,0,14
1900,0,0,42,8,1,0,2,0,d,5,6,d,2,0,16,0,0,25,d,4,4,8,1,0,0,1,0,0,d,14
I410,0,0,42,8,1,0,2,0,0,5,6,0,2,0,16,0,0,25,1,4,4,8,1,0,0,1,0,0,0,14
I411,0,3,42,8,1,0,2,0,0,5,6,0,2,0,16,0,0,25,1,4,4,8,1,0,0,1,0,0,0,14
1829,d,d,42,8,1,0,2,0,d,d,6,0,2,d,16,0,0,25,1,4,d,d,1,d,0,1,d,0,0,14
1828,0,3,42,8,1,0,2,0,0,5,6,0,2,0,16,d,0,25,1,4,4,8,1,0,d,1,0,0,0,14
1983,d,d,42,d,d,0,2,1,1,5,6,0,2,d,s,0,0,25,1,4,4,8,1,0,0,1,0,0,d,s
I413,0,0,42,8,1,0,2,0,0,0,6,s,0,0,16,0,0,0,1,4,4,8,1,0,0,1,0,0,0,14
I414,0,0,42,8,1,0,s,0,0,0,6,s,0,3,16,0,s,12,s,4,s,8,1,0,0,1,0,0,0,14
I415,1,0,42,8,1,0,s,0,0,0,6,s,0,3,16,0,s,12,s,4,s,8,1,0,0,1,0,0,0,14
1415,1,3,42,8,d,0,s,0,19,3,6,s,0,3,16,0,s,12,s,4,s,8,1,0,0,1,18,0,d,d
1291,1,3,42,s,1,3,s,3,3,3,d,s,0,3,16,0,s,12,s,4,s,8,1,0,0,1,16,0,10,14
I423,0,0,42,8,1,0,s,1,0,s,6,s,s,3,16,0,s,12,s,4,s,8,1,0,0,1,0,4,0,14
1451,0,0,42,8,1,0,s,1,0,s,d,s,s,3,16,0,s,12,s,4,s,8,d,0,0,1,0,4,0,14
I425,0,0,42,8,1,0,s,1,0,s,s,s,s,3,16,0,s,12,s,4,s,8,1,0,0,1,0,4,14,14
1209,d,0,42,8,1,0,s,1,0,s,s,s,s,3,16,11,s,12,s,4,s,8,1,0,d,1,0,4,14,14
1208,d,0,42,8,1,0,s,1,0,s,s,s,s,3,16,d,s,12,s,d,s,8,1,d,0,d,d,4,14,14
I429,0,0,42,8,1,0,2,0,0,0,6,s,0,0,16,0,0,0,1,4,4,s,1,0,13,s,0,41,0,14
I430,1,0,42,8,1,0,2,0,3,0,6,s,0,0,16,0,0,0,1,4,4,s,1,0,13,s,0,41,0,14
1408,1,3,42,8,1,0,2,0,d,d,d,s,2,0,16,0,0,0,1,4,d,s,1,d,d,s,s,41,0,d
1584,1,d,42,8,1,3,2,0,3,d,6,s,0,0,16,0,3,0,1,4,4,s,d,0,13,s,d,41,3,14
I437,0,0,42,8,1,0,2,0,0,0,6,s,0,0,16,0,0,33,1,4,4,s,1,0,13,s,0,41,0,14
1529,0,1,42,8,1,0,2,d,0,0,6,s,s,3,16,0,0,33,1,4,4,s,s,0,d,s,0,41,0,d
1975,0,1,42,8,1,0,2,d,0,0,d,s,0,3,16,d,0,33,1,4,4,s,1,0,13,s,0,41,13,14
I444,0,3,42,8,1,0,2,0,0,0,6,0,0,0,16,0,0,0,1,4,0,8,1,0,0,0,0,0,0,14
I445,0,3,42,8,1,3,2,0,0,0,6,0,0,0,16,0,0,0,1,4,s,8,1,0,0,0,0,0,0,14
I446,0,3,42,8,1,3,2,0,0,0,6,0,0,0,16,0,0,0,1,4,s,8,1,0,0,0,0,0,0,14
I447,0,3,42,8,1,3,2,0,0,0,6,0,0,0,s,0,0,14,1,4,s,8,1,0,0,0,0,0,0,14
1480,0,3,42,8,s,3,2,1,0,s,s,d,s,0,s,0,0,14,1,4,s,8,s,0,0,0,0,d,0,14
1143,1,d,s,8,1,3,d,0,0,0,6,0,2,0,s,d,0,14,1,4,s,8,d,0,0,0,0,20,13,14
I454,1,3,42,8,1,s,2,0,0,0,6,0,2,0,16,5,0,0,1,4,s,8,1,0,0,21,0,0,0,14
I455,1,3,42,8,1,s,2,0,0,0,6,0,2,0,16,5,0,0,1,4,s,8,1,0,0,21,0,0,0,14
1907,1,3,42,8,1,s,d,0,0,d,6,0,2,0,16,5,d,0,1,4,s,d,1,0,0,21,d,0,0,14
I457,1,3,42,8,1,s,2,0,0,0,6,0,2,0,16,5,0,0,1,4,s,8,1,0,0,21,0,0,0,14
1821,1,3,42,8,1,s,2,d,0,0,6,0,2,d,16,5,d,0,1,d,s,8,d,0,0,21,0,d,d,d
1820,1,3,42,8,d,s,d,0,d,0,d,0,2,0,16,5,s,0,d,d,s,8,1,0,0,21,0,d,0,d
I458,1,3,42,8,1,s,2,0,0,0,6,0,2,0,16,5,0,0,1,4,s,8,1,2,0,21,0,0,0,s
2025,1,3,42,8,1,s,d,0,0,0,6,16,2,0,16,5,0,2,1,4,s,8,1,2,0,21,0,0,0,s
I460,1,3,42,8,1,s,2,0,0,0,6,2,2,0,16,5,0,0,1,4,s,8,1,2,0,21,16,0,0,s
1875,d,3,42,8,1,s,d,0,0,0,6,2,d,0,16,5,0,0,1,4,s,8,1,2,0,d,16,0,0,s
1874,1,3,42,8,1,s,2,0,0,0,6,2,2,d,16,5,d,0,1,d,s,d,1,2,0,21,d,0,d,s
I461,0,3,42,8,1,3,2,0,0,0,6,0,0,0,16,0,0,0,1,4,s,8,1,0,0,0,0,0,13,14
I462,0,3,42,8,1,3,2,0,10,0,6,0,0,0,16,0,0,0,1,4,s,8,1,0,0,14,0,10,13,14
I463,0,3,42,8,1,3,2,1,10,0,6,0,0,0,16,0,41,0,1,4,s,8,1,0,0,14,11,10,13,s
1467,0,3,42,8,d,3,2,1,10,d,6,6,0,0,16,0,41,0,1,4,s,8,1,15,0,d,11,10,d,s
1565,0,3,42,8,1,3,2,1,d,0,6,0,0,d,d,0,41,0,1,4,s,8,1,0,d,14,11,10,13,s
I466,0,3,42,8,1,3,2,0,10,0,6,0,0,0,16,0,0,0,1,4,s,8,s,0,8,14,0,10,13,14
I467,0,3,42,8,1,3,2,1,10,0,6,0,0,0,16,0,0,0,1,4,s,8,s,0,8,14,0,10,13,14
1891,0,d,42,8,1,3,2,d,d,0,6,0,0,0,d,0,0,0,1,4,s,8,s,0,8,14,0,10,13,14
1890,0,3,d,d,d,3,2,1,d,0,6,0,0,0,16,d,d,0,1,4,s,8,s,0,8,14,d,d,13,14
1771,0,3,42,d,1,3,d,0,10,d,6,0,0,0,16,d,0,0,1,4,s,8,s,0,8,14,0,10,13,d
I469,0,3,42,8,1,3,2,0,0,0,6,0,0,0,16,0,0,0,1,4,s,8,1,0,s,0,0,0,13,14
I470,0,3,42,8,1,3,2,0,0,0,6,0,0,0,16,0,0,0,1,4,s,8,1,0,s,0,25,0,13,14
I471,0,3,42,8,1,3,2,0,0,0,6,0,0,s,16,0,0,0,1,4,s,8,1,0,s,0,25,0,13,14
1653,0,3,d,8,1,3,2,0,0,d,6,0,0,s,16,0,0,0,1,4,s,8,d,0,s,0,25,0,13,14
1652,0,3,42,8,1,3,2,0,0,0,6,0,0,s,16,0,0,0,1,4,s,d,1,0,s,0,25,0,13,d
I472,0,3,42,8,1,3,2,0,0,0,6,0,2,0,16,0,0,0,1,4,s,8,1,0,s,0,25,5,13,14
1619,d,3,42,8,d,d,d,0,0,0,6,0,2,0,16,d,0,0,1,4,s,8,1,d,s,0,25,5,13,14
1618,d,d,42,8,1,3,2,0,0,0,6,0,2,0,16,0,d,0,1,4,s,8,1,0,s,0,25,5,13,d
I473,0,3,42,8,1,3,2,0,0,0,6,0,2,0,16,0,0,0,1,4,s,8,1,0,s,0,0,0,13,14
I474,0,3,42,8,1,3,2,0,0,0,6,0,2,0,16,0,0,0,1,4,s,8,1,0,s,0,25,0,13,14
1853,0,3,42,8,1,d,2,0,0,0,6,0,2,0,16,0,0,d,1,4,s,8,1,0,s,0,25,0,13,14
1852,0,3,d,d,1,3,2,0,0,0,6,0,2,0,d,0,0,0,1,4,s,d,1,0,s,0,25,0,13,14
1914,0,3,42,8,1,d,2,0,0,0,6,0,2,0,16,0,0,0,1,d,s,8,d,d,s,0,0,0,13,14
I476,0,3,42,8,1,0,2,0,0,0,6,0,0,0,16,0,0,0,1,4,0,8,1,0,0,0,s,0,0,14
I477,0,3,42,8,1,3,2,0,0,0,6,0,0,0,16,0,0,0,1,4,0,8,1,0,0,0,s,0,0,14
I478,0,3,42,8,1,3,2,0,0,0,6,0,0,0,16,0,0,0,1,4,0,8,1,0,0,0,s,0,0,14
I479,0,3,42,8,1,3,2,0,0,0,6,0,0,0,16,0,0,0,1,4,0,8,1,5,0,0,s,0,0,14
1502,0,3,d,d,1,3,d,0,0,0,6,0,0,0,16,0,0,0,1,4,d,8,1,5,0,0,s,d,0,14
1608,0,3,42,8,1,3,2,d,15,0,d,0,d,0,d,0,0,0,1,4,0,8,1,5,0,0,s,0,13,14
I482,s,3,42,8,1,3,2,0,0,0,6,0,0,0,16,0,0,0,1,4,0,8,1,0,0,0,s,0,0,14
1824,s,d,42,8,1,3,2,4,0,0,6,0,0,0,16,d,d,0,1,d,0,8,1,5,d,0,s,0,0,14
I484,s,3,42,8,1,3,2,1,0,0,6,0,0,0,16,0,0,0,1,4,0,8,1,5,0,0,s,0,0,14
1705,s,3,42,d,1,3,2,d,d,0,6,0,0,d,16,5,0,d,1,4,0,8,1,5,d,d,s,0,0,14
1704,s,3,42,8,1,3,d,d,0,0,6,0,0,0,16,0,0,0,1,4,0,8,1,5,0,25,s,0,d,14
I485,0,3,42,8,1,3,2,0,0,3,6,0,0,0,16,0,0,0,1,4,0,8,1,0,0,0,s,0,13,14
I486,0,3,42,8,1,3,2,0,6,3,6,0,2,0,16,0,0,0,1,4,0,8,1,0,0,0,s,0,13,14
I487,0,3,42,8,1,3,2,0,6,3,6,0,2,0,16,0,s,5,1,4,0,8,1,0,12,0,s,0,13,14
1809,0,d,42,8,d,3,2,0,6,3,d,0,2,0,16,0,s,5,1,4,0,8,1,0,d,0,s,d,13,14
1808,d,3,42,8,1,3,2,d,6,3,d,0,2,d,16,0,s,5,1,4,0,8,1,0,12,0,s,0,13,14
1709,0,3,42,8,1,d,2,d,d,3,6,0,2,0,16,0,0,0,1,4,0,8,1,7,s,d,s,0,13,d
I489,0,3,42,8,1,3,2,0,0,3,6,0,0,0,16,0,0,0,1,4,0,8,1,0,0,0,s,0,13,14
I490,0,3,42,8,1,3,2,0,0,3,6,0,0,0,16,11,0,0,1,4,0,8,1,12,0,0,s,0,13,14
1751,0,3,42,8,1,3,2,d,0,3,6,0,0,0,16,11,0,0,1,4,0,8,1,12,0,0,s,0,13,14
1750,0,3,42,8,d,d,2,0,0,3,6,0,0,d,16,11,0,0,1,4,0,8,1,12,0,0,s,0,13,14
1968,1,3,42,d,1,3,2,0,0,d,6,0,0,0,d,0,0,0,1,4,0,8,1,d,0,0,s,0,13,d
I492,0,3,42,8,1,0,2,0,0,0,6,0,0,0,16,11,0,0,1,4,1,8,1,0,0,0,s,0,0,14
I493,0,3,42,8,1,3,2,0,0,0,6,0,0,0,16,11,0,0,1,4,1,8,1,0,0,0,s,0,0,14
I494,0,3,42,8,1,s,2,0,0,0,6,0,0,0,16,11,0,0,1,4,1,8,1,0,0,0,s,0,0,14
1865,d,3,d,8,1,s,2,0,0,0,d,0,0,0,16,11,0,0,1,d,1,8,1,0,0,0,s,0,d,d
I496,0,3,42,8,1,s,2,0,0,0,6,40,0,0,16,11,0,0,1,4,1,8,s,0,0,0,s,0,0,14
1959,0,3,42,8,1,s,2,d,d,0,d,40,0,0,16,11,0,0,1,4,1,8,s,0,d,0,s,0,0,14
1958,0,3,42,8,1,s,2,0,10,0,6,40,0,0,16,11,0,0,1,4,1,8,s,0,0,0,s,0,0,14
I497,0,3,42,8,1,3,2,0,s,0,6,0,0,0,16,11,0,0,1,4,1,8,1,0,0,0,s,0,0,14
1611,0,3,42,8,1,3,2,d,s,0,6,0,0,3,16,11,0,8,1,4,1,8,1,d,0,0,s,d,0,14
I499,0,3,42,8,1,3,2,0,s,0,6,22,0,0,16,11,0,0,1,4,1,8,1,0,0,0,s,0,17,14
1479,0,3,42,8,1,d,2,0,s,0,d,22,d,0,16,d,0,0,1,4,d,8,1,0,0,0,s,0,d,14
1478,0,3,42,d,1,3,2,0,s,d,6,22,0,0,16,11,0,0,d,4,d,8,d,0,0,0,s,0,17,14
I500,0,3,42,8,1,3,2,s,0,0,6,0,0,0,16,11,0,0,1,4,1,8,1,0,0,0,s,0,0,s
I502,0,3,42,8,1,3,2,s,0,0,6,0,0,0,16,11,0,3,1,4,1,8,1,0,0,2,s,0,0,s
2041,0,d,d,8,1,3,2,s,0,0,d,0,0,0,16,d,0,3,1,4,1,8,1,0,0,2,s,0,0,s
2040,0,d,42,d,1,3,2,s,0,d,6,0,0,0,16,11,0,3,1,4,1,d,1,0,d,2,s,0,0,s
I504,0,3,42,8,1,3,2,s,0,0,6,0,0,0,16,11,0,0,1,4,1,8,1,0,0,0,s,0,0,s
1659,0,3,42,8,s,3,2,s,0,0,6,40,0,d,16,11,d,0,1,4,1,8,1,0,0,0,s,d,0,s
1904,1,3,42,8,1,3,2,s,0,0,6,20,0,0,16,11,0,s,1,4,1,8,1,0,d,0,s,s,0,s
I507,0,0,0,0,3,0,2,0,0,0,0,0,0,0,0,0,17,0,0,0,0,0,1,0,0,0,0,s,0,14
I508,0,0,0,0,s,3,2,0,22,0,10,0,0,0,0,0,17,0,0,0,0,0,1,0,8,0,0,s,0,14
I509,0,0,6,0,s,3,2,0,22,0,10,0,0,0,0,0,17,0,4,0,0,0,1,0,8,0,0,s,13,14
I510,0,0,6,0,s,3,2,1,22,3,10,0,0,0,0,s,17,0,4,0,0,0,1,0,8,0,0,s,13,14
I511,0,3,6,0,s,3,2,1,22,3,10,25,0,0,0,s,17,0,4,0,0,0,1,0,8,0,0,s,13,14
I512,0,3,6,0,s,3,2,1,22,3,10,25,0,0,0,s,17,0,4,0,0,0,1,0,8,0,0,s,13,14
I513,0,3,6,0,s,3,2,1,22,3,10,25,5,0,0,s,17,0,4,0,0,0,1,0,8,0,0,s,13,14
I514,0,3,6,0,s,3,2,1,22,3,10,25,5,0,0,s,17,0,4,0,0,0,1,0,8,0,0,s,13,14
1066,0,3,6,0,s,3,2,d,22,3,10,d,5,5,d,s,17,d,4,0,0,d,1,29,8,0,0,s,13,14
1064,d,3,d,d,s,3,2,1,22,3,10,25,5,0,0,s,17,0,4,0,2,1,1,0,8,0,0,s,d,14
I519,0,3,6,0,s,3,2,1,22,3,10,25,5,3,10,s,17,0,4,0,0,0,1,0,8,0,0,s,13,14
1107,1,3,6,d,s,3,2,1,22,d,d,25,d,3,10,s,d,32,d,0,0,0,1,0,8,0,0,s,13,14
1106,0,3,6,0,s,d,d,1,22,3,10,25,5,3,10,s,17,0,4,0,0,0,1,d,8,0,0,s,13,14
I524,0,3,6,15,s,3,2,1,22,3,10,25,0,0,0,s,17,0,4,4,s,0,1,15,8,0,0,s,13,14
1354,0,3,6,d,s,3,2,1,22,3,10,25,s,0,0,s,17,0,4,4,s,0,d,15,8,0,d,s,13,d
1586,s,3,6,d,s,3,2,1,22,3,10,25,2,0,0,s,17,d,4,d,s,0,1,15,8,d,0,s,13,d
I527,0,3,6,0,s,3,2,1,22,3,10,25,0,0,0,s,17,0,4,0,0,0,1,0,8,0,0,s,13,14
I528,0,3,6,0,s,3,2,1,22,3,10,25,0,0,0,s,17,0,4,0,0,0,1,0,8,0,0,s,13,s
1381,0,3,6,0,s,3,2,1,d,3,10,25,2,0,0,s,17,d,4,0,d,0,1,0,s,0,s,s,d,s
I532,0,3,6,0,s,3,2,1,22,3,10,25,0,0,0,s,17,0,4,0,0,0,1,0,8,0,0,s,13,s
1388,0,3,d,30,s,3,2,1,d,3,10,s,2,0,d,s,17,0,4,d,d,0,1,0,8,d,0,s,13,s
I534,0,3,6,0,s,3,2,1,22,3,10,25,0,0,0,s,17,2,4,0,4,0,1,0,8,0,0,s,13,s
1393,d,3,6,0,s,3,d,d,22,d,10,25,d,0,d,s,17,2,4,d,4,0,1,0,d,0,0,s,d,s
1392,0,3,6,0,s,3,2,1,22,3,d,25,0,0,0,s,17,2,4,0,4,0,1,0,d,0,0,s,13,s
I535,0,3,6,0,s,3,2,1,22,3,10,25,0,0,0,s,17,0,4,0,0,0,1,0,8,0,0,s,13,14
I536,0,3,6,0,s,s,2,1,22,3,10,25,0,0,0,s,17,0,4,0,0,0,1,0,8,2,0,s,13,14
1210,0,s,6,0,s,s,2,1,22,3,10,25,0,0,0,s,17,s,4,0,0,0,1,0,8,2,10,s,13,14
1237,0,3,6,0,s,s,2,1,d,3,10,d,0,0,0,s,17,1,4,d,0,s,1,7,8,2,0,s,13,d
1175,0,3,6,0,s,3,2,d,22,3,10,d,5,0,0,s,17,11,4,0,0,0,1,0,8,0,0,s,d,14
I542,1,0,6,0,s,3,2,1,22,3,10,0,0,0,0,s,17,0,4,0,s,0,1,0,8,0,0,s,13,14
I543,1,0,6,0,s,3,2,1,22,3,10,0,0,0,0,s,17,0,4,0,s,0,1,0,8,0,0,s,13,14
I544,1,0,6,5,s,3,2,1,22,3,10,0,0,0,13,s,17,0,4,0,s,0,1,0,8,0,0,s,13,14
1083,d,0,6,s,s,3,2,1,22,3,10,0,6,0,13,s,17,0,4,s,s,0,1,0,8,0,d,s,d,14
I548,1,0,6,5,s,3,2,1,22,3,10,0,0,0,13,s,17,0,4,4,s,0,1,0,8,0,0,s,13,14
I549,1,0,6,5,s,3,2,1,22,3,10,0,3,0,13,s,17,0,4,4,s,0,1,0,8,0,0,s,13,14
1047,1,0,6,5,s,3,2,d,22,3,10,0,3,0,d,s,17,0,4,4,s,d,1,0,8,d,0,s,13,d
I550,1,0,6,5,s,3,2,1,22,3,10,0,3,0,13,s,17,0,4,4,s,0,1,0,8,0,0,s,13,14
2047,1,0,6,5,s,d,2,1,22,d,10,0,d,0,13,s,17,0,4,4,s,0,1,0,8,0,0,s,13,14
2046,1,0,6,5,s,3,2,1,d,d,10,0,3,0,13,s,17,0,4,d,s,0,1,0,8,0,0,s,13,14
1127,1,0,6,5,s,3,2,1,22,3,10,d,0,0,13,s,17,0,4,d,s,0,1,d,8,1,25,s,13,14
I553,1,0,6,0,s,3,2,s,22,3,10,12,0,0,s,s,17,0,s,0,s,0,1,15,8,0,0,s,13,14
1088,1,0,6,0,s,3,d,s,22,3,d,12,0,d,s,s,17,s,s,0,s,d,1,15,8,d,0,s,13,d
I555,1,0,6,0,s,3,2,s,22,3,10,12,0,0,s,s,17,0,s,0,s,19,1,15,8,0,3,s,13,14
1203,1,0,6,0,s,3,2,s,d,3,10,12,0,0,s,s,17,0,s,0,s,d,1,15,8,0,d,s,13,14
1202,d,0,6,0,s,3,2,s,22,3,10,12,0,0,s,s,17,0,s,2,s,19,1,15,8,0,3,s,13,14
I561,1,0,6,0,s,3,2,1,22,3,10,0,0,0,0,s,17,0,4,0,s,0,1,0,8,0,0,s,13,14
I562,1,0,6,0,s,3,2,1,22,3,10,0,0,0,0,s,17,0,4,0,s,8,1,0,8,0,0,s,13,14
I563,1,0,6,16,s,3,2,1,22,3,10,0,0,0,s,s,17,0,4,0,s,8,1,0,8,0,0,s,13,14
I564,1,0,6,16,s,3,2,1,22,3,10,0,0,0,s,s,17,0,4,0,s,8,1,0,8,0,0,s,13,14
1195,1,0,6,16,s,3,2,1,22,3,10,0,0,0,s,s,17,0,4,1,s,d,1,0,8,0,d,s,13,14
1194,1,d,6,16,s,3,2,s,22,3,10,0,0,0,s,s,17,0,4,0,s,8,1,0,8,0,d,s,13,14
1169,1,d,6,16,s,3,2,1,22,3,d,6,d,0,s,s,d,0,4,0,s,8,1,0,8,d,0,s,13,d
I566,1,0,6,0,s,3,2,1,22,3,10,0,0,0,0,s,17,0,4,0,s,8,1,0,8,0,0,s,13,14
1401,1,0,6,0,s,3,s,1,22,3,10,0,0,3,0,s,17,0,4,s,s,d,d,d,8,0,0,s,13,d
I568,1,0,6,0,s,3,2,1,22,3,10,0,0,0,0,s,17,0,4,0,s,8,1,0,8,0,0,s,13,14
1517,1,0,6,0,s,3,d,1,22,3,10,0,0,0,d,s,17,d,4,0,s,8,d,0,8,0,4,s,d,14
1516,1,d,6,0,s,3,2,1,22,3,10,d,0,d,0,s,17,d,4,0,s,8,1,0,8,0,0,s,d,14
I569,1,s,6,0,s,3,2,1,22,3,10,0,2,0,0,s,17,0,4,0,s,0,1,0,8,21,0,s,13,14
1353,1,s,6,0,s,d,2,1,22,3,10,34,d,0,0,s,17,40,d,0,s,0,d,15,8,21,0,s,d,14
1197,1,s,6,15,s,d,2,1,22,d,10,0,2,0,0,s,17,0,4,d,s,0,1,0,8,21,0,s,13,14
I576,0,0,6,0,s,3,2,0,22,0,10,0,0,0,0,0,17,0,4,0,0,0,1,0,8,0,0,s,13,14
I577,0,0,6,0,s,3,2,0,22,0,10,0,0,0,22,0,17,0,4,0,0,0,1,0,8,0,3,s,13,14
I578,0,0,6,0,s,3,2,0,22,0,10,0,0,0,22,0,17,0,4,0,0,0,1,0,8,0,s,s,13,14
I579,0,0,6,0,s,3,2,0,22,0,10,0,0,5,22,0,17,0,4,0,0,0,1,0,8,0,s,s,13,14
I582,0,0,6,0,s,3,2,0,22,0,10,0,0,5,22,s,17,6,4,0,4,0,1,0,8,0,s,s,13,14
1671,0,0,6,0,s,3,2,0,22,d,10,0,0,5,22,s,17,6,4,0,4,0,1,0,8,d,s,s,13,14
1670,d,d,6,0,s,3,2,0,22,0,10,0,0,5,22,s,17,6,4,0,4,0,1,0,8,1,s,s,13,14
I583,0,0,6,12,s,3,2,0,22,0,10,0,0,5,22,0,17,0,4,0,0,0,1,0,8,0,s,s,13,14
1948,1,0,6,12,s,d,2,0,22,d,10,d,0,5,22,0,d,0,4,0,3,0,1,d,8,2,s,s,13,14
1748,0,0,d,12,s,3,d,0,22,3,10,0,0,5,22,0,d,0,4,0,0,d,1,0,8,0,s,s,13,d
I586,0,0,6,0,s,3,2,0,22,0,10,0,0,0,22,0,17,0,4,0,0,0,1,0,8,3,s,s,13,14
I587,0,0,6,0,s,3,s,0,22,0,10,0,0,0,22,0,17,0,4,0,0,0,1,28,8,3,s,s,13,14
1268,0,s,6,s,s,3,s,s,22,0,10,d,0,0,d,0,17,0,4,d,0,6,1,d,8,3,s,s,d,14
1177,1,0,6,0,s,d,s,0,22,0,10,0,0,0,22,11,17,0,4,0,0,0,1,28,8,d,s,s,13,d
I590,0,3,6,0,s,3,2,0,22,0,10,0,0,0,22,7,17,33,4,0,0,0,1,0,8,3,s,s,13,14
I591,0,3,6,0,s,3,2,0,22,9,10,s,2,0,22,7,17,33,4,0,0,0,1,0,8,3,s,s,13,14
1911,0,d,6,0,s,d,2,d,22,9,10,s,2,0,22,7,d,d,4,0,0,0,1,0,8,3,s,s,13,14
1910,0,3,6,3,s,3,2,0,22,9,10,s,2,0,22,d,17,33,d,d,0,0,1,d,8,3,s,s,13,14
1341,0,3,6,d,s,d,2,0,22,d,10,0,0,0,22,7,d,33,4,0,d,22,1,0,8,3,s,s,13,d
I593,0,0,6,12,s,3,2,0,22,0,10,0,0,0,22,0,17,0,4,0,0,0,1,0,8,0,s,s,13,14
I594,0,0,6,12,s,3,2,0,22,3,10,0,0,3,22,11,17,0,4,0,0,0,1,0,8,0,s,s,13,14
I595,0,0,6,12,s,3,2,0,22,3,10,0,6,3,22,11,17,0,4,0,0,2,1,0,8,0,s,s,13,14
1199,0,d,6,12,s,d,2,0,22,3,10,20,6,3,22,11,17,22,4,0,3,2,1,0,8,d,s,s,13,14
I597,0,0,6,12,s,3,2,0,22,3,10,0,6,3,22,11,17,0,4,2,0,2,1,0,8,0,s,s,13,14
2011,0,0,6,d,s,3,2,0,22,3,d,1,d,3,s,11,17,0,4,d,d,d,1,d,8,0,s,s,13,14
2002,s,0,6,12,s,d,2,4,22,d,10,0,6,3,22,d,17,0,4,d,0,2,d,0,8,14,s,s,13,14
I601,0,0,6,12,s,3,2,0,22,3,10,0,0,3,22,11,17,s,4,4,0,0,1,35,8,0,s,s,13,14
1217,0,0,d,d,s,3,2,0,22,3,d,30,0,3,22,11,17,s,d,4,0,0,1,35,8,0,s,s,13,d
1216,d,3,6,12,s,d,2,d,22,d,10,0,0,3,22,11,17,s,d,4,1,0,1,d,8,0,s,s,13,d
I603,0,0,6,12,s,3,2,0,22,0,10,0,0,0,22,0,17,0,4,0,0,0,1,32,8,0,s,s,13,14
I604,0,0,6,12,s,3,2,0,22,0,10,0,0,0,22,0,17,0,4,4,0,0,1,32,8,0,s,s,13,14
1418,0,0,6,s,s,3,d,0,22,d,10,0,0,0,d,0,d,0,4,4,0,0,1,32,8,0,s,s,d,14
1086,1,d,s,12,s,3,2,0,d,0,d,d,0,0,22,0,17,0,4,4,0,0,s,32,8,0,s,s,13,d
I607,0,0,6,12,s,3,2,0,22,0,10,0,0,0,22,0,17,0,4,0,0,0,1,32,8,0,s,s,13,14
1207,1,0,6,12,s,3,2,d,22,0,10,0,0,0,22,0,17,33,4,0,0,0,1,32,8,d,s,s,s,14
I609,0,3,6,12,s,3,2,0,22,0,10,0,0,0,22,0,17,0,4,0,0,0,1,32,8,0,s,s,13,14
1179,0,3,6,12,s,3,2,0,22,d,10,0,0,0,22,10,17,0,4,0,4,0,1,32,8,0,s,s,13,14
1178,d,3,d,12,s,3,2,0,22,d,d,0,6,0,22,0,17,0,4,0,d,19,1,32,8,0,s,s,13,14
I610,0,0,6,0,s,3,2,0,22,0,10,0,0,3,0,0,17,0,4,0,0,4,1,0,8,0,0,s,13,s
I611,1,0,6,0,s,3,2,0,22,0,10,0,0,3,0,0,17,s,4,0,0,4,1,0,8,3,0,s,13,s
I612,1,s,6,0,s,3,2,0,22,0,10,0,0,3,0,0,17,s,4,0,0,4,1,0,8,3,0,s,13,s
I613,1,s,6,0,s,3,s,0,22,0,10,0,0,3,0,0,17,s,4,2,0,4,1,0,8,3,0,s,13,s
1642,1,s,6,0,s,3,s,0,22,0,d,0,d,3,0,0,17,s,d,2,7,s,1,0,d,3,0,s,13,s
1383,1,s,d,0,s,3,s,0,22,0,10,0,0,3,0,0,17,s,4,2,d,4,1,d,8,3,0,s,13,s
I616,1,s,6,0,s,3,2,0,s,0,10,0,0,3,0,6,17,s,4,0,0,4,1,0,s,3,0,s,13,s
1452,1,s,6,0,s,3,2,d,s,0,d,20,0,3,0,d,d,s,4,0,0,4,1,0,s,3,0,s,d,s
I618,1,s,6,0,s,3,2,0,s,0,10,0,2,3,0,6,17,s,4,0,1,4,1,0,s,3,0,s,13,s
1533,1,s,6,12,s,3,2,0,s,0,10,0,d,3,0,6,17,s,4,0,1,4,1,6,s,3,0,s,13,s
1532,1,s,6,0,s,3,2,0,s,d,10,d,2,3,0,6,17,s,4,0,1,4,1,0,s,3,d,s,13,s
I624,1,0,6,16,s,s,2,0,22,0,10,0,0,3,0,0,17,s,4,0,0,4,1,0,8,3,0,s,13,s
1325,d,0,6,16,s,s,2,0,d,0,10,0,s,3,0,0,17,s,4,0,s,d,1,d,8,3,0,s,13,s
1324,1,0,d,16,s,s,2,0,22,0,10,0,0,3,0,d,17,s,4,0,0,s,1,13,d,3,0,s,d,s
I626,0,0,6,0,s,3,2,3,22,0,10,0,0,3,0,0,17,0,4,0,s,4,1,0,8,0,0,s,13,s
I631,0,3,6,0,s,3,2,3,22,0,10,0,0,3,0,0,17,0,4,0,s,4,1,5,8,0,0,s,13,s
1384,1,3,6,0,s,3,2,3,22,d,10,0,0,3,0,8,17,12,4,0,s,4,1,5,8,d,0,s,13,s
1413,0,3,6,0,s,3,2,3,22,0,10,0,0,3,0,0,17,0,4,d,s,4,1,5,8,0,0,s,13,s
I634,0,0,6,0,s,3,2,3,22,0,10,41,0,3,0,0,17,0,4,0,s,4,1,0,8,0,0,s,13,s
I635,0,0,6,0,s,3,2,3,22,0,10,41,2,3,0,0,17,0,4,0,s,4,1,0,8,1,10,s,13,s
1335,d,0,6,d,s,3,2,d,22,0,10,41,2,3,0,0,17,0,4,0,s,d,d,0,8,1,10,s,13,s
1484,0,d,6,0,s,3,2,3,d,0,10,41,2,3,0,0,17,0,4,0,s,4,d,0,8,1,10,s,s,s
I638,0,0,6,2,s,3,2,3,22,0,10,41,0,3,0,0,17,0,4,0,s,4,1,0,8,31,0,s,13,s
1468,d,3,d,2,s,3,2,3,22,8,10,41,0,3,1,0,17,0,4,0,s,d,d,d,8,31,0,s,13,s
1350,0,0,6,2,s,d,d,3,s,0,10,d,d,d,d,0,17,31,4,d,s,4,1,0,8,31,3,s,13,s
I641,0,0,0,0,s,3,2,3,22,0,10,0,0,0,0,0,17,0,0,0,0,0,s,0,8,0,0,s,0,14
I642,0,0,0,0,s,3,2,3,22,0,10,2,0,0,0,3,s,0,0,0,0,0,s,0,8,0,0,s,0,14
I643,0,0,0,0,s,3,2,3,22,0,10,2,0,0,5,3,s,0,0,0,0,0,s,0,8,0,0,s,0,14
I644,0,0,0,0,s,3,2,3,22,0,10,2,0,0,5,3,s,0,0,0,0,0,s,0,8,0,4,s,0,14
I645,0,0,0,0,s,3,2,3,22,0,10,2,0,0,5,3,s,0,0,0,4,0,s,0,8,0,4,s,0,14
I646,0,0,0,0,s,3,2,3,22,0,10,2,0,0,5,3,s,0,0,0,4,0,s,0,8,0,4,s,7,14
1882,d,3,41,0,s,3,2,3,22,0,10,2,0,0,5,3,s,0,0,d,4,2,s,0,8,0,4,s,7,14
I648,1,3,0,1,s,3,2,3,22,0,10,2,0,2,5,3,s,0,1,0,4,0,s,7,8,0,4,s,7,14
1861,1,3,0,1,s,d,d,d,22,0,d,2,0,d,d,3,s,0,1,d,d,0,s,7,8,0,4,s,d,d
1860,1,3,0,1,s,3,2,d,22,0,10,2,0,2,5,3,s,0,1,0,4,0,s,7,8,0,4,s,7,14
I649,0,0,1,0,s,3,2,3,22,0,10,2,10,0,5,s,s,0,s,0,4,0,s,0,8,0,4,s,0,14
1819,0,0,1,13,s,d,2,3,22,0,10,2,10,0,5,s,s,d,s,0,4,0,s,0,8,0,d,s,0,d
I651,0,0,1,0,s,3,2,3,22,0,10,2,10,0,5,s,s,0,s,0,4,0,s,0,8,22,4,s,0,14
1559,0,0,1,5,s,3,2,3,22,0,10,2,10,d,5,s,s,0,s,0,4,d,s,d,8,22,4,s,0,d
1558,0,3,1,0,s,3,2,3,s,0,10,2,d,0,5,s,s,0,s,0,4,0,s,d,8,22,4,s,0,14
I652,0,3,0,0,s,3,2,3,22,0,10,2,0,0,5,3,s,0,0,0,0,0,s,0,8,14,4,s,0,14
I653,0,3,0,0,s,3,2,3,22,0,10,2,0,0,5,3,s,s,1,0,1,0,s,0,8,14,4,s,0,14
I654,0,3,0,0,s,3,2,3,22,0,10,2,0,0,5,3,s,s,1,0,1,0,s,0,8,14,4,s,0,14
1289,0,3,0,0,s,d,2,3,22,3,10,2,0,0,5,3,s,s,1,d,1,0,s,d,8,14,4,s,0,14
1288,0,d,0,d,s,3,2,3,22,0,10,2,0,0,5,3,s,s,1,d,1,0,s,0,8,d,4,s,0,d
1519,0,3,0,0,s,3,d,3,22,3,10,2,0,d,5,3,s,s,1,0,1,0,s,1,8,14,4,s,0,d
I656,0,3,0,0,s,3,2,3,22,0,10,2,0,0,5,3,s,1,0,0,0,0,s,0,8,14,4,s,0,14
1637,1,3,0,0,s,3,2,3,22,0,10,d,0,0,5,3,s,1,0,0,0,d,s,31,8,14,4,s,0,14
1700,0,3,d,0,s,3,2,3,22,0,10,2,0,0,5,d,s,1,1,0,0,0,s,0,8,14,4,s,0,14
I659,1,0,0,0,s,3,2,3,22,0,10,2,0,0,5,3,s,0,0,0,0,0,s,0,8,0,0,s,0,14
I660,1,0,0,0,s,3,2,3,22,0,10,2,0,0,5,3,s,0,0,0,0,0,s,0,8,0,0,s,0,14
I661,1,0,0,0,s,3,2,3,22,0,10,2,0,0,5,3,s,0,0,0,0,0,s,0,8,25,0,s,0,14
1229,1,d,0,0,s,3,2,3,22,s,10,d,0,s,5,3,s,0,0,0,d,0,s,0,8,d,s,s,13,14
1220,1,0,29,0,s,3,d,3,22,0,10,2,d,0,5,3,s,d,0,0,0,0,s,d,8,25,d,s,0,d
1403,1,0,d,8,s,3,d,3,22,0,10,d,2,3,d,d,s,22,s,0,0,15,s,d,8,21,0,s,0,14
I667,1,0,0,0,s,3,2,3,22,0,10,s,0,0,5,3,s,5,0,0,0,0,s,0,8,0,0,s,0,14
I670,1,0,0,0,s,3,2,3,22,0,10,s,0,0,5,3,s,5,0,0,0,0,s,0,8,0,0,s,0,14
1621,1,0,0,0,s,3,d,3,d,d,10,s,0,0,5,d,s,5,0,0,0,0,s,0,d,0,0,s,0,14
1620,1,0,0,0,s,3,2,3,22,0,10,s,d,0,5,3,s,5,0,d,0,0,s,0,8,0,0,s,0,14
1779,1,0,0,0,s,d,d,3,22,0,10,s,0,0,5,3,s,5,0,2,0,0,s,d,8,1,0,s,0,14
I674,1,0,0,0,s,3,2,3,22,0,10,2,0,0,0,3,s,0,0,0,0,0,s,0,8,0,0,s,0,14
I675,1,0,0,0,s,3,2,3,22,0,10,2,0,0,0,3,s,0,0,0,0,0,s,0,8,0,0,s,13,14
I676,1,0,0,s,s,3,2,3,22,0,10,2,0,0,0,3,s,0,0,0,0,0,s,0,8,0,0,s,13,14
I677,1,0,0,s,s,3,2,3,22,0,10,2,0,0,0,3,s,0,0,0,4,0,s,0,8,0,0,s,13,14
1540,1,3,6,s,s,d,2,3,22,0,d,2,0,d,0,3,s,0,0,0,4,s,s,d,d,0,0,s,13,14
1465,1,0,0,s,s,d,2,3,22,0,d,d,0,0,0,3,s,3,0,0,4,0,s,0,8,d,0,s,13,d
I680,1,0,0,s,s,3,2,3,22,0,10,2,0,0,0,3,s,3,0,0,0,0,s,0,8,0,0,s,13,14
I681,1,0,0,s,s,3,2,3,22,0,10,2,0,0,0,3,s,3,0,0,0,s,s,0,8,0,0,s,13,14
1297,1,d,0,s,s,3,2,3,d,0,10,d,d,0,0,d,s,3,0,d,0,s,s,d,8,0,d,s,d,14
1296,d,0,0,s,s,3,d,3,22,0,10,d,0,d,d,3,s,d,0,0,d,s,s,0,d,0,0,s,13,14
I682,1,0,0,s,s,3,2,3,22,0,10,2,0,0,0,3,s,3,0,0,0,0,s,0,8,0,0,s,13,14
1135,1,0,0,s,s,3,2,d,22,d,d,2,0,0,0,3,s,3,0,0,d,0,s,s,8,0,0,s,13,14
1134,d,0,0,s,s,3,2,3,22,d,10,2,0,0,0,3,s,d,0,d,0,0,s,0,d,0,0,s,d,14
I683,1,0,0,0,s,3,2,3,22,0,10,2,0,0,0,3,s,0,0,0,0,0,s,0,8,0,0,s,13,14
I684,1,0,0,0,s,3,2,3,22,0,10,2,0,0,0,3,s,0,0,0,0,0,s,5,8,0,0,s,13,14
I685,1,0,0,0,s,3,s,s,22,0,10,2,0,0,0,3,s,0,s,0,0,0,s,5,8,0,0,s,13,14
1855,1,0,0,0,s,3,s,s,22,0,d,2,0,0,0,3,s,0,s,0,0,d,s,5,8,0,0,s,13,14
1854,1,d,0,0,s,3,s,s,22,0,10,2,d,0,0,3,s,d,s,d,d,0,s,5,8,d,0,s,13,14
1794,1,0,0,0,s,3,d,3,22,0,d,2,0,0,0,3,s,d,0,0,d,0,s,5,8,0,0,s,13,14
I687,1,3,0,0,s,3,2,3,22,0,10,2,2,0,0,3,s,0,0,4,0,20,s,0,8,0,0,s,13,14
1531,1,3,0,0,s,3,2,3,d,0,10,2,2,0,0,3,s,0,0,4,0,d,s,1,d,0,0,s,13,d
I689,1,3,0,0,s,3,2,3,22,0,10,2,2,0,14,3,s,0,0,4,0,20,s,0,8,0,0,s,13,14
1527,1,d,0,0,s,3,d,3,d,0,10,2,2,0,14,3,s,0,d,4,0,20,s,0,8,0,d,s,13,14
1526,d,3,0,d,s,3,d,3,s,0,10,2,2,0,14,3,s,d,0,4,d,20,s,d,8,0,d,s,13,14
I690,1,0,0,0,s,3,2,3,22,0,10,2,0,0,0,3,s,0,0,0,0,0,s,0,8,0,0,s,0,14
I691,1,0,0,0,s,3,2,3,22,0,10,2,0,0,0,3,s,0,0,2,0,0,s,0,8,0,0,s,0,14
I692,1,0,0,0,s,3,2,3,22,0,10,2,2,3,0,3,s,0,0,2,0,0,s,7,8,0,0,s,0,14
1148,1,0,31,0,s,3,d,3,d,s,s,2,2,3,0,3,s,0,d,d,d,d,s,7,8,0,0,s,0,d
1188,s,0,19,d,s,3,2,3,d,s,10,2,2,3,0,3,s,0,0,2,0,0,s,7,8,0,0,s,13,14
1463,1,d,30,s,s,3,d,3,22,0,10,2,2,d,1,3,s,0,1,s,0,1,s,0,8,0,24,s,0,s
I698,1,0,0,0,s,3,2,3,22,0,10,2,0,0,4,s,s,0,0,0,7,0,s,0,8,0,0,s,13,14
1357,1,0,s,d,s,3,2,3,s,0,10,2,0,0,d,s,s,0,d,0,7,0,s,0,8,d,d,s,13,d
1270,1,0,0,0,s,3,2,d,d,3,10,2,0,3,4,s,s,0,0,0,7,0,s,0,8,d,10,s,13,d
I705,1,0,0,11,s,3,2,3,22,0,10,0,0,0,0,0,17,12,0,0,0,0,s,0,8,0,0,s,0,14
I706,1,0,0,11,s,3,2,3,22,0,10,0,0,0,0,0,17,12,0,0,0,0,s,0,8,22,0,s,0,14
I707,1,0,0,11,s,3,2,3,22,0,10,0,0,0,0,0,17,12,0,0,0,0,s,0,8,22,6,s,0,14
I708,1,0,0,11,s,3,2,3,22,0,10,0,0,0,0,0,17,12,0,0,0,22,s,0,8,22,6,s,0,14
I711,1,0,0,11,s,3,2,3,22,0,10,32,0,0,0,5,17,12,0,0,0,22,s,0,8,22,6,s,0,14
1555,1,0,40,d,s,3,2,3,22,0,10,32,0,d,0,d,17,12,0,0,0,22,s,0,8,22,6,s,8,14
1554,1,0,d,11,s,3,2,3,22,0,d,32,0,0,0,5,17,12,d,0,0,d,s,0,d,22,6,s,d,14
I712,1,0,0,11,s,3,2,3,22,0,10,0,0,0,s,0,17,12,0,0,0,22,s,0,8,22,6,s,0,14
1386,1,0,6,11,s,3,2,3,22,0,10,0,0,5,s,0,17,d,0,0,0,22,s,10,d,22,6,s,0,14
1672,1,0,0,11,s,d,2,d,22,0,d,0,0,0,s,0,17,12,0,4,0,22,s,s,d,s,d,s,d,14
I715,1,0,0,11,s,3,2,3,22,0,10,0,0,0,0,0,17,12,0,0,0,1,s,0,8,22,6,s,0,14
1816,1,d,0,11,s,3,2,3,22,0,10,0,0,d,0,0,17,12,d,2,0,1,s,0,8,22,s,s,8,14
1830,1,0,47,11,s,3,2,d,22,0,10,0,d,0,0,0,17,12,0,0,0,1,s,d,d,22,6,s,0,s
I722,1,0,0,11,s,3,2,3,22,0,10,0,0,0,0,0,17,12,0,0,0,0,s,0,8,22,0,s,s,14
I723,1,0,0,11,s,3,2,3,22,3,10,0,0,0,0,9,17,12,0,0,0,0,s,0,8,22,0,s,s,14
I724,1,0,0,11,s,3,2,3,22,3,10,0,0,0,0,9,17,12,0,0,0,22,s,0,8,22,0,s,s,14
I725,1,0,0,11,s,3,2,s,22,3,10,0,0,0,0,9,17,12,0,0,0,22,s,0,8,22,0,s,s,14
1577,d,0,0,11,s,3,d,s,22,3,10,0,0,0,0,9,17,12,0,0,d,22,s,0,8,22,0,s,s,14
1576,1,d,46,11,s,d,2,s,22,d,10,d,d,0,0,9,17,d,0,0,0,d,s,0,8,22,6,s,s,14
I726,1,0,0,11,s,3,2,3,22,3,10,0,0,0,0,9,17,12,0,0,0,22,s,0,8,22,0,s,s,14
1647,1,0,d,11,s,3,2,d,22,3,10,0,0,0,0,d,17,12,0,0,0,22,s,0,8,d,d,s,s,14
1646,1,0,d,11,s,s,2,3,22,3,10,0,0,0,0,d,17,12,0,0,0,d,s,0,8,22,0,s,s,14
I728,1,0,0,11,s,3,2,3,22,3,10,0,2,0,0,s,17,12,0,0,0,22,s,s,8,22,19,s,s,14
1947,1,0,0,11,s,3,2,3,22,3,10,d,2,0,0,s,17,12,d,d,0,22,s,s,8,22,19,s,s,14
1946,1,0,0,11,s,d,2,3,22,3,10,0,2,0,0,s,d,12,0,0,0,d,s,s,8,22,19,s,s,14
I731,1,3,0,s,s,3,2,3,22,3,10,0,0,0,0,0,17,12,0,4,1,0,s,35,8,s,0,s,s,14
1872,1,3,0,s,s,3,2,d,22,3,d,d,d,0,0,0,17,12,0,4,1,0,s,35,d,s,0,s,s,14
I733,1,3,15,s,s,3,2,3,22,3,10,1,2,0,0,0,17,12,0,4,1,0,s,35,8,s,0,s,s,14
2023,1,3,15,s,s,d,2,d,22,3,10,1,2,0,0,0,17,12,0,4,1,0,s,35,8,s,0,s,s,14
2022,1,3,d,s,s,3,2,3,22,3,10,1,2,0,0,0,17,12,0,4,1,0,s,35,8,s,0,s,s,14
I737,1,0,0,11,s,3,2,3,22,0,10,0,0,0,0,0,17,12,0,4,0,0,s,0,s,0,0,s,0,14
I738,1,1,0,11,s,3,2,3,22,0,10,0,0,0,0,0,17,12,0,4,0,0,s,0,s,0,0,s,0,14
1260,1,1,0,11,s,d,2,3,d,3,10,34,0,d,0,0,d,12,s,4,0,d,s,35,s,d,0,s,0,14
I750,1,1,0,s,s,3,2,3,22,0,10,0,0,0,5,s,17,12,0,4,0,0,s,9,s,0,0,s,0,14
1363,1,d,0,s,s,3,2,3,22,0,10,0,5,0,5,s,17,12,0,d,0,0,s,9,s,0,0,s,0,14
I752,1,1,0,s,s,3,2,3,22,0,10,0,0,0,5,s,17,12,0,4,0,0,s,9,s,0,0,s,0,14
1105,1,1,0,s,s,3,2,3,22,0,10,0,0,0,5,s,17,12,0,4,0,0,s,9,s,0,0,s,0,14
1104,d,d,0,s,s,3,2,3,22,0,10,27,0,0,d,s,17,d,d,4,0,0,s,9,s,d,0,s,s,14
I753,1,0,0,11,s,3,2,3,22,0,10,0,s,0,0,0,17,12,0,4,3,0,s,0,s,0,0,s,0,14
I754,1,0,0,11,s,3,2,3,22,0,10,0,s,0,0,0,17,12,0,4,3,8,s,0,s,0,0,s,0,14
1215,1,d,0,d,s,3,2,3,22,3,d,0,s,0,d,0,17,12,1,4,3,8,s,0,s,d,d,s,0,14
I758,1,0,0,11,s,3,2,3,22,0,10,42,s,0,0,0,17,12,0,4,3,8,s,0,s,0,0,s,0,14
1205,1,0,d,11,s,3,2,3,22,0,10,d,s,3,37,6,17,12,1,4,3,8,s,0,s,0,0,s,0,14
1234,1,0,d,11,s,3,2,3,22,0,10,42,s,s,0,0,d,12,0,4,d,8,s,d,s,0,s,s,0,14
I761,1,0,0,11,s,3,2,3,22,0,10,0,s,0,0,0,17,12,0,4,3,0,s,0,s,0,0,s,0,14
I762,1,0,0,11,s,3,2,3,22,0,10,0,s,0,0,0,17,12,0,4,3,0,s,0,s,0,0,s,0,14
I763,1,0,0,11,s,3,2,3,22,0,10,0,s,0,0,s,17,12,0,4,3,0,s,0,s,0,0,s,0,14
1139,1,0,0,11,s,3,2,3,d,0,10,34,s,5,0,s,d,12,0,4,d,0,s,0,s,0,d,s,0,14
1138,1,0,0,11,s,3,2,3,22,3,10,d,s,0,0,s,17,12,d,4,3,0,s,0,s,d,0,s,0,14
1062,1,d,47,11,s,3,2,3,22,0,10,d,s,0,0,0,17,12,0,4,3,s,s,13,s,14,0,s,0,14
I765,1,0,0,11,s,3,2,3,22,0,10,14,s,0,0,0,17,12,0,4,3,5,s,0,s,0,0,s,0,14
1131,d,0,31,11,s,3,2,3,22,0,10,d,s,3,0,0,17,12,0,4,3,5,s,0,s,0,11,s,0,14
1281,1,0,0,11,s,3,2,3,22,0,10,14,s,0,0,0,17,12,d,4,3,5,s,0,s,0,0,s,0,d
I768,0,0,0,0,3,0,2,0,0,0,0,16,0,0,34,0,17,0,2,0,0,0,1,0,0,0,0,s,0,14
I769,0,0,0,0,3,0,2,0,0,0,0,16,0,5,34,0,17,0,2,4,0,0,1,0,0,0,0,s,0,14
I770,0,0,0,0,3,0,2,0,0,0,0,16,0,5,34,0,17,0,2,4,0,0,1,0,0,0,0,s,0,14
I771,0,0,0,0,3,0,2,s,0,0,0,16,0,5,34,0,17,0,2,4,0,0,1,0,0,0,0,s,0,14
I772,0,0,0,0,3,0,2,s,0,3,0,16,0,5,34,5,17,26,s,4,0,0,1,0,0,0,0,s,0,14
I773,1,0,0,0,3,0,2,s,0,3,0,16,0,5,34,5,17,26,s,4,0,0,1,0,0,0,0,s,0,14
I774,1,0,3,0,3,0,2,s,0,3,0,16,0,5,34,5,17,26,s,4,0,0,1,0,0,3,0,s,0,14
1870,d,d,3,0,3,0,2,s,4,d,0,16,d,5,34,5,d,26,s,4,d,0,1,0,0,3,d,s,0,s
1955,1,d,3,0,3,d,d,s,d,3,0,16,0,5,34,5,d,26,s,4,d,0,1,0,0,3,0,s,0,14
I777,1,0,0,0,3,0,2,s,0,3,0,16,0,5,34,5,17,26,s,4,0,0,1,0,0,8,0,s,0,14
1225,d,0,d,15,3,s,2,s,0,3,d,d,0,d,34,5,17,26,s,4,0,0,d,0,0,8,0,s,0,d
1640,1,0,0,0,3,0,2,s,0,3,0,16,0,d,d,5,17,26,s,4,0,0,1,0,0,8,0,s,0,14
I780,0,0,0,0,3,0,2,s,0,3,0,16,0,5,34,5,17,26,s,4,0,0,1,0,0,0,0,s,0,14
I783,1,0,0,0,3,0,2,s,0,3,0,16,2,5,34,5,17,26,s,4,0,0,s,0,0,0,0,s,13,14
1361,1,0,0,0,3,0,2,s,0,3,0,16,2,d,34,d,17,26,s,4,0,23,s,0,d,0,0,s,13,14
1360,1,0,0,0,d,0,2,s,0,3,0,16,2,5,34,5,17,26,s,d,d,0,s,0,0,0,0,s,13,14
I784,0,0,0,0,3,0,2,s,0,3,0,16,0,5,34,5,17,26,s,4,0,0,1,28,0,0,0,s,0,14
1623,0,0,0,0,3,0,2,s,0,3,0,s,s,5,34,5,17,26,s,4,0,0,d,28,0,0,0,s,0,14
1696,0,3,0,0,3,0,2,s,0,3,s,16,0,5,34,5,17,26,s,4,0,0,1,28,0,0,0,s,13,14
I787,0,3,0,0,3,0,2,s,0,0,0,16,0,5,34,0,17,0,2,4,0,0,1,0,6,0,17,s,0,14
I788,0,3,0,0,3,0,2,s,0,0,0,16,0,5,34,0,17,22,2,4,0,0,1,0,6,0,17,s,0,14
I789,0,3,0,0,3,0,2,s,0,0,0,16,0,5,34,0,17,22,2,4,0,0,s,0,6,0,17,s,0,14
1999,0,3,0,0,d,0,2,s,0,0,0,d,0,5,34,0,17,d,2,4,0,0,s,0,6,0,d,s,0,14
998,0,3,0,0,3,0,d,s,0,d,0,s,0,5,34,2,17,22,2,4,0,0,s,0,6,0,17,s,0,14
I791,0,3,19,0,3,0,2,s,0,0,0,16,0,5,34,0,17,22,2,4,3,0,1,0,6,0,17,s,0,14
1721,0,3,19,0,3,0,2,s,0,0,0,16,d,5,34,0,17,22,2,4,3,0,d,0,6,0,17,s,7,14
1917,1,3,19,0,3,0,2,s,d,0,0,16,0,5,34,0,17,22,2,4,3,0,d,d,6,0,17,s,d,14
I794,0,3,0,0,3,0,2,s,0,0,0,16,0,5,34,0,17,0,2,4,0,0,1,0,6,0,17,s,0,14
1021,0,3,0,0,3,d,d,s,0,0,0,d,0,5,34,0,17,0,2,4,d,0,1,0,6,0,17,s,0,d
1837,0,3,0,d,3,0,2,s,0,0,0,16,0,5,34,0,17,33,2,4,0,0,1,0,s,0,d,s,0,14
I799,1,0,0,0,3,0,2,0,0,0,0,16,0,5,34,0,17,0,2,4,0,0,1,0,0,0,4,s,0,14
I800,1,0,30,0,3,0,2,0,0,0,0,16,2,5,34,0,17,0,2,4,0,0,1,0,0,0,4,s,0,14
I801,1,1,30,0,3,3,2,0,0,0,0,16,2,5,34,0,17,2,2,4,0,0,1,0,0,0,4,s,0,14
I802,1,1,30,0,3,3,2,0,0,0,0,16,2,5,34,0,17,2,2,4,0,0,1,0,0,0,4,s,0,14
I803,1,1,30,0,3,3,2,0,0,3,0,16,2,5,34,0,17,2,2,4,0,0,1,5,0,0,4,s,0,14
1845,1,1,30,0,d,3,2,0,0,3,d,16,2,5,34,0,17,2,2,4,d,0,d,5,d,0,4,s,0,d
1844,1,1,30,0,d,3,2,0,0,d,0,16,2,5,34,0,17,2,2,d,0,0,1,5,0,0,d,s,0,14
1774,1,1,30,0,d,3,d,0,0,0,27,d,2,5,34,0,17,2,2,4,0,3,1,0,0,23,d,s,0,14
I806,1,1,30,0,3,3,2,0,0,3,0,16,2,5,34,5,17,2,2,4,0,0,1,2,0,0,4,s,0,14
1963,1,1,30,0,3,3,2,0,0,3,0,16,2,d,34,5,17,d,2,4,0,0,1,2,0,0,4,s,0,14
1962,1,1,30,0,3,3,2,0,0,3,0,16,2,5,34,5,17,2,2,4,0,0,1,2,0,0,d,s,0,14
I808,1,0,30,0,3,0,2,0,0,0,0,16,2,5,34,0,17,0,2,4,0,0,1,0,0,3,4,s,0,14
1812,1,0,30,s,3,3,d,0,19,3,0,16,2,5,34,11,17,0,2,4,0,0,1,0,0,3,4,s,d,14
I812,1,0,30,0,3,0,2,0,0,0,0,16,2,5,34,11,17,0,2,4,0,0,1,0,0,3,4,s,0,14
1925,1,0,30,0,3,0,2,0,0,s,0,16,2,5,34,11,17,0,2,4,7,0,1,0,0,3,4,s,0,14
I814,1,0,30,0,3,0,2,0,0,0,0,16,2,s,34,11,17,0,2,4,0,3,1,0,0,3,4,s,0,14
1993,1,0,30,d,3,0,d,0,0,0,0,16,2,s,34,11,17,0,2,4,0,d,1,0,0,3,d,s,d,14
1992,1,0,30,0,3,d,2,0,d,0,0,16,2,s,34,11,17,0,2,4,0,3,1,0,0,3,4,s,d,14
I815,1,0,0,0,3,s,2,0,0,0,0,16,0,5,34,0,17,0,2,4,0,5,1,0,0,0,4,s,0,14
I816,1,0,0,0,3,s,2,0,0,0,0,16,0,5,34,0,17,0,2,4,0,5,1,0,0,0,4,s,0,14
I817,1,0,0,0,3,s,2,0,0,0,0,16,0,5,34,0,17,14,2,4,0,5,1,0,0,0,4,s,0,14
1918,1,3,0,0,3,s,2,0,0,0,0,16,0,5,34,0,17,14,d,4,0,5,1,0,0,0,4,s,0,14
I819,1,3,0,0,3,s,2,0,0,0,0,16,0,5,34,0,17,14,2,4,0,5,1,0,12,0,4,s,0,14
2027,1,3,0,0,3,s,2,d,d,d,0,16,d,d,34,0,d,14,2,4,0,5,1,0,12,0,4,s,d,14
2026,1,3,d,0,3,s,2,0,0,0,0,16,0,5,34,0,17,d,d,4,0,5,1,0,12,d,4,s,0,14
I822,s,0,0,0,3,s,2,0,1,0,0,16,0,5,34,0,17,0,2,4,0,5,1,0,0,0,4,s,0,14
1851,s,d,d,0,3,s,2,d,d,0,0,16,0,5,34,0,17,d,2,4,0,d,d,0,0,0,4,s,d,14
1850,s,0,0,0,d,s,2,0,1,3,0,16,0,5,34,d,d,0,2,4,d,5,1,0,d,0,4,s,0,d
I823,1,0,0,0,3,s,2,0,7,0,0,16,0,5,34,0,17,s,2,4,0,5,1,0,0,0,4,s,15,14
1458,1,0,22,0,3,s,2,0,7,6,0,d,10,5,34,0,17,s,2,4,d,5,1,0,0,d,s,s,15,d
I827,1,3,0,0,3,s,2,0,s,0,0,16,0,5,34,0,17,s,2,4,0,5,1,0,0,0,4,s,15,14
1547,1,d,0,0,3,s,2,0,s,0,0,16,d,d,d,0,17,s,2,4,7,5,1,0,0,0,4,s,15,d
1707,1,3,22,0,3,s,2,0,s,0,0,d,0,d,34,0,d,s,2,4,0,5,1,0,0,0,4,s,15,14
I830,0,0,0,2,3,3,2,0,0,0,0,16,0,5,34,0,17,22,2,s,0,0,1,0,0,0,0,s,0,14
I831,0,0,0,2,3,3,2,1,24,0,0,16,0,5,34,0,17,22,2,s,0,0,1,1,0,0,3,s,0,14
I832,0,0,0,2,3,3,2,1,24,0,0,16,0,5,34,0,17,22,2,s,0,0,1,1,0,0,3,s,0,14
I833,0,0,0,2,3,3,2,1,24,0,17,16,0,5,34,0,17,22,2,s,0,0,1,1,0,0,3,s,0,14
I834,0,0,0,2,3,3,2,1,24,0,s,16,0,5,34,0,17,22,2,s,0,6,1,1,0,0,3,s,0,14
1515,0,0,0,2,s,3,2,d,24,0,s,16,6,s,34,5,d,22,2,s,0,6,1,1,0,0,d,s,0,14
1687,d,0,0,2,3,3,2,d,24,d,s,16,0,5,d,0,17,d,2,s,d,6,1,1,d,0,d,s,0,14
I837,0,3,0,2,3,3,2,1,24,0,17,16,0,5,34,0,17,22,2,s,4,0,1,1,0,s,3,s,0,14
1731,d,3,d,2,3,3,2,1,24,s,17,d,0,5,34,d,17,s,2,s,4,0,1,d,0,s,3,s,0,14
1678,0,3,0,2,d,3,2,1,24,0,17,d,0,5,34,0,17,22,2,s,4,0,1,1,0,s,3,s,0,14
I840,0,0,0,2,3,3,2,1,24,3,0,16,2,5,34,0,17,22,2,s,0,0,1,1,0,0,3,s,0,14
I841,0,0,0,2,3,3,2,1,24,3,0,16,2,5,34,0,17,22,2,s,0,0,1,1,0,0,3,s,0,14
I842,0,0,0,2,3,3,2,1,24,3,0,16,2,5,34,0,17,22,2,s,0,0,1,1,6,0,3,s,0,14
1677,d,0,0,2,3,3,2,1,24,d,0,16,2,5,34,d,d,22,d,s,0,d,1,1,6,0,d,s,0,14
1676,0,0,0,2,d,3,2,1,24,3,2,16,2,5,34,0,17,22,2,s,0,0,1,1,d,0,d,s,0,14
1753,0,0,31,2,3,3,2,1,24,s,0,d,2,5,34,7,17,22,2,s,0,d,1,1,d,d,3,s,0,14
I844,0,1,44,2,3,3,2,1,24,s,0,16,2,5,34,0,17,22,2,s,0,0,1,1,0,0,3,s,0,14
1615,d,1,44,2,3,3,2,1,24,s,0,16,2,5,34,0,17,22,2,s,0,0,1,1,13,0,3,s,0,14
1680,d,1,d,2,d,3,2,1,24,s,0,16,2,5,34,0,17,22,2,s,d,0,1,1,0,0,3,s,13,14
I847,0,0,0,2,3,3,2,1,24,0,0,16,0,5,34,0,17,22,2,s,0,0,1,1,0,0,3,s,0,14
I848,0,0,0,2,3,3,2,1,24,0,s,16,0,5,34,0,17,22,2,s,0,0,1,1,0,0,3,s,0,14
1635,0,d,0,2,3,3,2,d,24,0,s,16,2,5,34,0,17,22,2,s,4,0,1,1,0,0,3,s,d,14
I852,0,0,0,2,3,3,2,1,24,0,s,16,2,5,34,0,17,22,2,s,0,0,1,1,0,0,3,s,0,14
1344,1,0,11,2,d,3,2,1,24,0,s,d,2,5,34,0,s,22,2,s,0,0,1,1,d,14,3,s,12,14
I854,s,0,0,2,3,s,2,1,24,0,s,16,2,5,34,0,17,22,2,s,0,0,1,1,0,0,3,s,0,14
1569,s,d,0,2,3,s,2,1,24,d,s,16,2,5,34,0,17,22,2,s,0,d,1,1,0,0,d,s,0,14
1568,s,0,d,2,3,s,2,d,24,0,s,16,2,5,34,0,17,22,2,s,0,0,1,d,0,0,3,s,0,14
I855,0,0,6,2,3,3,2,1,24,3,0,16,0,5,34,0,17,22,2,s,0,0,1,1,0,0,3,s,0,14
I856,1,0,6,2,3,3,2,1,24,3,0,16,0,5,34,14,17,22,2,s,0,0,s,1,6,0,3,s,4,14
1572,1,0,d,2,3,3,2,1,24,3,0,16,0,5,34,14,17,22,2,s,0,0,s,1,6,0,3,s,4,14
I858,1,0,6,2,3,3,2,1,24,3,0,16,0,5,34,14,17,22,2,s,1,0,s,1,6,0,3,s,4,14
1767,1,0,6,2,3,3,2,1,24,d,0,16,0,5,34,14,17,d,2,s,1,0,s,1,6,23,3,s,4,14
1766,1,d,d,d,3,3,2,1,24,3,0,16,d,d,34,14,17,22,2,s,1,0,s,1,6,0,3,s,4,14
I859,0,0,6,2,3,3,2,1,24,3,0,16,0,5,34,0,17,22,2,s,0,0,1,1,0,0,3,s,0,14
1757,0,0,d,2,3,3,d,1,s,3,0,16,0,5,34,0,17,22,2,s,7,0,1,1,0,0,3,s,0,14
1571,0,0,6,2,3,3,2,1,24,3,0,16,0,5,34,0,17,22,2,s,0,0,1,1,d,0,3,s,0,14
I862,0,0,0,2,3,3,2,0,0,0,0,16,0,5,34,0,17,22,2,s,0,5,1,0,0,0,0,s,0,14
I863,0,0,0,2,3,3,2,0,0,0,0,16,0,5,34,0,17,22,2,s,4,5,1,0,0,0,0,s,0,14
I864,0,0,6,2,3,3,2,0,0,0,0,16,0,5,34,9,17,22,2,s,4,5,1,0,0,0,0,s,0,14
I865,0,0,6,2,3,3,2,0,3,0,0,16,0,5,34,9,17,22,2,s,4,5,1,0,0,0,0,s,0,14
1244,0,0,6,2,3,3,2,0,3,d,0,16,0,5,34,d,17,22,2,s,4,5,1,35,0,0,d,s,0,14
1264,1,d,6,2,3,3,2,d,3,0,0,16,0,5,34,9,17,22,2,s,4,5,1,0,12,0,0,s,8,14
I868,0,0,6,2,3,3,2,0,0,0,0,16,2,5,34,9,17,22,2,s,4,5,1,0,2,0,0,s,0,14
1116,0,0,6,2,3,3,2,0,0,0,s,16,d,5,34,9,17,d,2,s,4,5,1,1,d,0,d,s,0,14
1122,0,0,d,2,3,3,d,0,0,0,0,16,2,5,d,9,17,d,2,s,4,5,1,d,2,0,0,s,0,14
I871,0,0,0,2,3,3,2,1,10,0,6,16,0,5,34,0,17,22,2,s,4,5,1,0,0,0,0,s,0,14
I872,0,0,0,s,3,3,2,1,10,0,6,16,0,5,34,0,17,22,2,s,4,5,1,35,0,0,0,s,0,14
I873,1,0,0,s,3,3,2,1,10,0,6,16,0,5,34,0,17,22,2,s,4,5,1,35,0,0,0,s,13,14
1423,1,0,0,s,3,3,2,1,10,d,d,16,0,5,34,0,d,22,2,s,4,5,d,35,0,0,0,s,13,14
1422,1,0,0,s,3,3,2,1,10,0,6,16,d,d,34,0,17,22,2,s,s,5,1,35,6,0,28,s,13,14
1552,0,3,0,s,3,d,2,1,10,0,6,16,0,5,34,0,17,22,2,s,4,5,1,35,d,0,0,s,d,14
I875,0,0,0,2,3,3,2,1,10,0,6,16,0,5,34,0,17,22,2,s,4,s,1,0,0,0,0,s,0,14
1811,1,s,0,2,3,3,d,1,s,4,6,16,0,5,34,0,17,22,2,s,4,s,d,0,0,0,0,s,0,14
1758,d,0,0,d,3,3,2,1,10,d,6,16,d,5,34,d,17,22,2,s,4,s,1,0,0,0,3,s,0,d
I878,0,0,0,2,3,3,2,0,0,0,0,16,0,5,34,0,17,22,2,s,0,5,1,0,0,0,0,s,0,14
I879,0,0,0,2,3,3,2,0,0,0,0,16,0,5,34,0,17,22,2,s,0,5,1,0,1,22,0,s,0,14
I880,0,0,0,2,3,3,2,0,0,3,0,16,2,5,34,0,17,22,2,s,0,5,1,s,1,22,0,s,15,14
1760,0,0,0,2,3,3,2,0,0,s,0,16,2,5,34,0,s,22,d,s,0,5,1,s,d,d,25,s,d,d
1739,1,0,0,2,3,3,2,0,0,3,0,16,d,5,d,0,17,22,2,s,0,5,1,s,1,22,0,s,15,14
I883,0,3,0,2,3,3,2,2,0,5,0,16,3,5,34,0,17,22,2,s,1,5,1,0,1,22,0,s,0,14
I884,0,s,0,2,3,3,2,2,0,5,0,16,3,5,34,0,17,22,2,s,1,5,1,0,1,22,0,s,13,14
1847,0,s,0,2,3,3,2,2,0,5,0,16,3,d,34,0,17,22,2,s,1,5,1,0,1,22,d,s,13,14
1846,d,s,0,2,3,3,2,2,0,5,0,16,d,5,34,0,d,22,2,s,d,5,1,0,1,22,0,s,13,14
1922,0,d,s,2,3,3,2,2,d,5,0,16,3,5,34,0,17,22,2,s,1,d,1,0,1,22,d,s,0,14
I886,0,0,0,2,3,3,2,0,0,0,0,16,0,5,34,0,17,22,2,s,0,5,1,0,0,0,0,s,0,14
I887,0,0,0,2,3,3,2,0,0,0,0,16,0,5,34,0,17,22,2,s,0,5,1,0,0,0,0,s,0,14
1597,1,0,0,2,3,3,2,0,0,0,0,16,0,5,34,0,17,22,2,s,0,5,1,d,0,0,0,s,0,14
1433,1,0,d,2,3,3,2,0,10,0,0,16,0,5,34,0,17,s,2,s,d,5,1,0,0,0,0,s,0,14
I890,0,0,17,2,3,3,2,0,0,3,0,16,0,5,34,0,17,22,2,s,0,5,1,0,0,s,10,s,17,14
1868,s,0,17,2,3,3,2,0,0,3,0,16,0,5,d,0,17,22,2,s,0,5,1,0,0,s,10,s,17,14
1827,0,2,17,2,3,3,2,0,0,d,0,16,0,5,34,0,17,22,2,s,0,d,1,0,0,s,10,s,17,14
I893,0,0,0,0,3,0,2,0,0,0,0,16,2,0,34,0,17,0,2,0,3,0,1,0,0,0,0,s,0,14
I894,0,s,0,0,3,0,2,0,0,0,0,16,2,0,34,0,17,0,2,0,3,0,1,0,0,0,0,s,0,14
I895,0,s,0,0,3,0,2,0,0,0,0,16,2,0,34,0,17,0,2,0,3,0,1,0,0,0,0,s,0,14
I896,0,s,0,0,3,0,2,0,0,0,10,16,2,0,34,0,17,0,2,0,3,0,1,0,0,0,0,s,0,14
I897,0,s,0,0,3,0,2,0,s,0,10,16,2,3,34,0,17,0,2,0,3,10,1,0,0,1,0,s,0,14
I898,0,s,1,0,3,0,2,0,s,0,10,16,2,3,34,0,17,s,2,0,3,10,1,0,0,1,0,s,0,14
1438,0,s,1,0,3,0,2,0,s,3,d,16,2,3,34,0,17,s,2,0,3,10,1,0,0,1,0,s,0,14
1227,0,s,1,0,3,3,2,0,s,0,10,16,d,3,34,0,17,s,2,0,3,d,1,1,0,1,d,s,0,14
I901,0,s,0,0,3,0,2,0,s,0,10,16,2,3,34,0,17,0,s,0,3,10,1,0,0,1,0,s,0,14
1243,0,s,0,0,3,0,d,0,s,0,10,16,2,3,34,0,17,0,s,0,3,10,1,14,0,1,s,s,d,14
I903,0,s,0,2,3,3,2,0,s,0,10,16,2,3,34,0,17,0,s,0,3,10,1,0,0,1,0,s,0,14
1329,d,s,s,d,d,3,d,d,s,d,10,16,d,d,34,0,17,0,s,0,3,10,1,d,0,1,0,s,0,14
1328,d,s,d,2,3,3,d,0,s,0,10,16,2,3,34,0,17,0,s,d,3,d,1,0,d,1,0,s,0,14
I904,0,s,0,0,3,0,2,0,0,0,10,16,2,0,34,0,17,0,2,0,3,0,1,0,0,0,0,s,0,14
1248,s,s,0,0,3,0,2,d,0,0,10,16,2,0,34,5,17,d,d,0,3,0,d,22,0,s,0,s,0,14
I908,0,s,0,7,3,0,2,0,0,0,10,16,2,0,34,0,17,0,2,0,3,0,1,0,0,0,15,s,0,14
I909,0,s,0,7,3,0,2,0,0,0,10,16,2,0,34,0,17,0,2,0,3,0,1,10,12,0,15,s,0,14
1781,0,s,0,7,d,0,2,1,0,0,10,16,d,0,34,0,17,0,d,0,3,d,d,10,12,0,15,s,d,14
1780,0,s,0,7,d,0,2,d,0,0,10,16,2,0,34,d,17,0,2,0,3,0,1,10,12,0,15,s,0,14
1736,0,s,0,d,d,0,2,0,0,0,s,16,2,0,d,0,17,0,s,0,3,0,1,d,0,0,15,s,0,14
I911,1,s,0,0,s,0,2,0,0,0,0,16,2,0,34,0,17,0,2,0,3,0,1,0,0,0,0,s,0,14
I912,1,s,0,5,s,0,s,0,0,0,0,16,2,0,34,0,17,0,2,0,3,10,1,0,0,0,0,s,13,14
1494,1,s,30,5,s,d,s,0,0,0,d,16,2,d,34,0,17,0,2,d,3,10,1,0,d,0,0,s,13,d
1656,1,s,0,5,s,0,s,d,8,0,d,16,2,0,34,0,17,0,d,4,3,10,1,0,d,0,0,s,13,d
I919,1,s,0,0,s,0,2,0,0,3,0,16,2,0,34,0,17,0,2,0,3,16,1,0,0,0,0,s,0,14
I922,1,s,0,7,s,0,2,0,0,3,0,16,2,0,34,0,17,0,2,0,3,16,s,0,0,0,0,s,0,14
1683,1,s,0,d,s,0,2,1,0,3,0,16,2,0,34,0,d,0,2,0,3,s,s,0,0,0,0,s,0,14
1682,s,s,0,d,s,0,2,1,0,3,0,16,2,0,34,0,17,3,2,0,d,16,s,0,0,0,0,s,0,14
1802,1,s,0,s,s,0,2,0,d,3,0,16,2,3,34,0,17,d,2,d,3,16,1,0,0,0,0,s,14,14
I926,0,s,3,0,3,0,s,3,0,0,0,16,2,0,34,0,17,21,2,0,3,0,1,0,0,23,3,s,13,14
I927,0,s,3,0,3,0,s,3,0,3,17,16,2,0,34,0,17,21,2,0,3,0,1,0,0,23,3,s,13,14
I928,0,s,3,0,3,0,s,3,0,s,17,16,2,0,34,0,17,21,2,0,3,0,1,0,0,23,3,s,13,14
I929,0,s,3,0,3,0,s,3,0,s,17,16,2,0,34,0,17,21,2,0,3,0,1,0,0,23,3,s,13,14
1843,0,s,3,0,3,0,s,3,0,s,d,16,d,d,34,0,17,21,2,0,d,0,1,d,0,23,3,s,13,14
1927,0,s,3,0,3,0,s,d,0,s,17,16,2,0,34,d,d,d,2,0,3,0,1,0,0,23,3,s,13,14
I932,0,s,3,0,3,0,s,s,0,s,17,16,2,0,34,0,17,21,2,0,3,0,1,0,13,23,3,s,13,14
1849,0,s,3,0,3,0,s,s,0,s,17,16,d,0,d,0,17,21,2,0,3,0,1,5,13,23,3,s,13,d
I934,0,s,3,0,3,0,s,s,0,s,17,16,2,0,34,0,17,21,2,0,3,0,1,0,13,23,3,s,13,14
1877,0,s,3,0,3,0,s,s,0,s,17,16,2,0,34,0,d,d,2,0,3,0,1,0,13,23,3,s,13,14
1876,0,s,3,0,3,0,s,s,0,s,17,16,2,0,34,0,17,21,2,0,d,0,d,0,13,23,3,s,13,14
I935,0,s,3,s,3,0,s,3,0,3,17,16,2,0,34,0,17,21,2,0,3,0,1,0,0,23,3,s,13,14
I936,1,s,3,s,3,0,s,3,0,3,17,16,2,2,34,0,17,21,2,0,3,0,1,0,0,23,3,s,13,14
1960,1,s,3,s,3,3,s,3,0,3,17,16,2,d,34,d,17,21,2,0,3,d,1,0,0,23,3,s,13,14
1990,1,s,3,s,3,0,s,3,0,3,17,16,2,d,34,0,17,21,2,3,3,d,d,5,0,d,3,s,13,14
I939,0,s,3,s,3,0,s,s,s,3,17,16,2,0,34,0,17,21,2,4,3,0,1,18,0,s,3,s,13,14
1957,0,s,3,s,3,d,s,s,s,3,17,16,2,0,34,s,17,21,2,4,3,0,1,18,0,s,d,s,13,14
1934,0,s,d,s,3,0,s,s,s,3,17,d,2,0,34,0,17,d,2,4,3,0,1,d,0,s,d,s,d,14
I942,0,s,3,0,3,0,s,3,0,0,0,16,2,0,34,0,s,21,2,0,3,3,1,0,0,23,3,s,13,14
I944,0,s,3,0,3,0,s,3,0,0,18,16,2,s,34,11,s,21,2,3,3,3,1,0,0,23,3,s,13,14
I945,0,s,3,0,3,0,s,3,0,0,18,16,2,s,34,11,s,21,2,3,3,3,1,0,0,23,3,s,13,14
1717,0,s,d,0,3,0,s,3,0,0,18,d,2,s,34,11,s,21,2,3,3,3,1,0,0,23,3,s,13,14
1716,0,s,3,d,3,0,s,3,d,0,18,16,2,s,34,11,s,d,2,3,d,3,1,d,0,23,3,s,13,14
I946,0,s,3,0,3,0,s,3,0,0,18,16,2,s,34,11,s,21,2,3,3,s,1,0,0,23,3,s,13,14
1913,0,s,d,0,3,0,s,3,d,0,d,16,2,s,34,11,s,21,2,3,3,s,1,0,0,d,3,s,13,d
1912,0,s,3,0,3,0,s,d,0,0,18,d,2,s,34,11,s,d,2,3,3,s,1,d,d,d,3,s,13,14
I950,0,s,3,5,3,s,s,3,0,0,0,16,2,3,34,6,s,21,2,0,3,3,1,0,0,23,3,s,13,14
1928,0,s,s,5,3,s,s,3,0,5,0,16,2,d,34,6,s,21,2,0,3,d,1,0,6,23,3,s,13,14
I954,0,s,3,5,3,s,s,3,0,0,0,16,2,3,34,6,s,21,2,0,3,3,1,0,0,23,3,s,13,14
I955,0,s,3,5,3,s,s,3,0,0,0,16,2,3,34,6,s,21,2,0,3,3,1,0,0,23,3,s,13,14
1945,0,s,3,5,3,s,s,3,0,0,0,16,2,3,34,6,s,21,2,0,3,3,1,0,0,23,3,s,13,14
1944,0,s,3,d,3,s,s,3,0,d,0,16,2,d,34,6,s,21,2,d,3,3,1,d,0,23,3,s,13,14
1862,0,s,3,d,d,s,s,d,0,0,0,16,2,3,34,d,s,21,2,2,3,d,1,0,0,d,3,s,13,14
I957,0,0,0,0,3,0,2,0,0,0,0,16,2,0,34,s,17,0,2,0,3,0,1,0,0,0,0,s,0,14
I958,1,0,6,31,3,0,2,0,0,3,0,16,2,0,34,s,17,0,2,0,3,0,1,0,0,0,0,s,0,14
I967,1,3,6,31,3,3,2,1,0,s,0,16,2,0,34,s,17,0,2,0,3,0,1,0,0,0,0,s,0,14
1580,1,d,6,31,3,3,d,1,0,s,0,16,2,3,34,s,17,0,2,2,3,19,d,s,0,0,0,s,d,d
I971,1,3,6,31,3,3,2,1,0,s,0,16,2,0,34,s,17,0,2,0,3,0,1,0,0,0,0,s,0,14
I972,1,3,6,31,3,3,2,1,0,s,0,16,2,5,34,s,17,0,2,0,3,0,1,0,0,0,0,s,0,14
1315,1,3,6,31,3,3,2,1,0,s,0,16,2,5,34,s,17,0,2,0,d,0,1,0,0,0,0,s,0,14
1314,1,3,6,31,3,3,2,1,d,s,0,16,2,5,d,s,17,0,2,0,3,0,1,0,0,0,0,s,0,14
1446,d,3,6,d,3,3,2,1,25,s,9,16,2,0,34,s,17,0,2,0,3,22,1,d,0,0,11,s,0,14
I974,1,0,6,31,3,0,2,0,0,3,6,16,2,0,34,s,17,33,2,0,s,0,1,0,0,0,0,s,0,14
I975,1,0,6,31,3,0,2,0,3,3,6,16,2,0,34,s,17,33,2,0,s,0,1,0,0,0,0,s,0,14
I976,1,0,6,31,3,0,2,0,3,3,6,16,2,0,34,s,17,33,2,0,s,0,1,0,0,23,0,s,0,14
1309,1,0,6,31,3,0,2,0,3,3,6,d,2,0,34,s,17,33,2,0,s,d,1,0,0,23,0,s,0,d
I978,1,0,6,31,3,0,2,0,3,3,6,16,2,0,34,s,17,33,2,0,s,5,1,0,0,23,0,s,0,14
1613,1,0,6,31,3,0,d,0,3,3,d,d,2,0,d,s,17,33,2,2,s,5,1,0,0,23,0,s,d,14
1612,1,0,6,31,3,0,2,0,3,3,6,16,d,0,34,s,d,33,2,0,s,5,1,0,0,d,0,s,d,14
I979,1,0,6,31,s,2,2,0,3,3,6,16,2,0,34,s,17,33,2,0,s,0,1,0,0,0,0,s,0,14
1513,1,0,6,31,s,2,2,0,3,3,d,16,2,0,34,s,17,33,d,0,s,0,d,0,0,0,d,s,0,14
1703,d,0,6,d,s,2,2,0,3,3,6,16,2,0,34,s,17,33,2,0,s,0,1,d,6,0,4,s,0,14
I982,1,0,6,31,3,0,2,0,0,3,6,16,2,0,34,s,17,33,2,s,s,0,1,0,0,0,0,s,0,14
I983,1,0,6,31,3,0,2,0,17,3,6,16,2,0,34,s,17,33,2,s,s,0,1,0,0,0,0,s,13,14
I984,1,0,6,31,3,3,2,0,17,3,6,16,2,3,34,s,17,33,2,s,s,0,1,16,s,0,0,s,13,14
1729,1,0,6,31,3,d,2,0,17,3,6,16,2,3,34,s,d,d,2,s,s,0,1,16,s,0,d,s,13,d
1728,d,0,6,31,3,3,d,0,17,3,6,16,2,3,34,s,d,d,2,s,s,0,1,d,s,0,0,s,13,14
1633,1,d,6,d,3,0,2,0,17,3,6,s,2,0,34,s,17,33,2,s,s,0,d,d,0,d,0,s,13,d
1258,1,0,6,31,3,d,2,0,0,3,d,16,2,0,34,s,17,33,2,s,s,d,1,0,0,0,0,s,12,14
I989,1,3,0,0,3,0,2,0,0,0,0,16,2,0,34,s,17,0,2,0,3,0,1,0,0,0,0,s,0,14
I990,1,3,0,0,3,0,2,0,0,0,0,16,2,0,34,s,17,0,2,0,3,0,1,0,0,0,4,s,0,14
I991,1,3,0,0,3,0,2,s,10,0,0,16,2,0,34,s,17,0,2,0,3,5,1,0,0,0,4,s,0,14
I992,1,3,0,0,3,0,2,s,10,0,0,16,2,0,34,s,17,0,2,0,3,5,1,0,0,0,4,s,0,14
1312,d,3,0,0,3,0,2,s,10,0,0,16,d,0,34,s,17,0,d,0,3,5,1,0,0,0,4,s,0,14
1231,1,3,11,2,3,0,2,s,10,0,0,16,2,0,34,s,17,d,2,0,d,5,1,0,0,0,s,s,0,14
1395,1,3,0,0,d,0,2,s,10,3,0,16,2,0,34,s,17,d,2,0,d,5,1,0,8,0,4,s,d,14
I998,1,3,0,0,3,0,s,0,0,0,0,16,2,0,34,s,17,0,2,0,3,0,1,0,0,0,4,s,0,14
I999,1,3,0,0,3,0,s,0,0,0,0,16,2,0,34,s,17,0,2,0,3,0,1,0,0,0,4,s,0,14
I1000,1,3,0,0,3,5,s,0,0,0,0,16,2,0,34,s,17,0,2,0,3,0,1,0,0,0,4,s,0,14
2015,1,d,d,d,3,5,s,0,0,0,12,16,2,0,34,s,d,0,2,0,3,0,1,0,d,0,4,s,0,14
1032,d,3,0,0,d,5,s,0,0,d,0,16,2,0,34,s,17,0,d,d,3,0,1,0,0,0,4,s,0,14
I1002,1,3,0,0,3,0,s,0,0,0,0,16,2,0,34,s,17,0,2,0,3,0,1,0,2,0,4,s,0,14
1986,1,3,d,0,d,0,s,0,0,d,0,16,2,0,34,s,17,0,2,0,d,0,1,7,2,10,4,s,0,14
1026,1,3,0,0,3,0,s,d,0,0,0,16,2,0,34,s,17,25,d,0,3,0,1,d,2,0,4,s,0,14
1010,1,3,0,0,3,0,s,1,0,0,0,16,2,0,34,s,17,0,2,0,3,0,1,0,0,18,4,s,0,14
I1009,1,3,0,0,3,0,2,0,0,0,0,16,2,3,34,s,17,0,2,0,3,19,1,0,0,0,8,s,0,14
I1010,s,3,0,7,3,s,2,0,0,0,12,16,2,3,34,s,17,0,2,0,3,19,1,0,0,0,8,s,0,14
I1011,s,3,0,7,3,s,2,0,0,0,12,16,2,3,34,s,17,0,2,0,3,19,1,s,0,s,8,s,0,14
I1012,s,3,0,7,3,s,2,0,0,0,12,16,2,3,34,s,17,0,2,0,3,19,1,s,0,s,8,s,0,14
1305,s,3,29,7,3,s,2,0,0,0,12,16,d,3,34,s,17,0,2,0,3,19,1,s,0,s,8,s,0,14
1304,s,3,0,7,3,s,2,0,0,3,12,s,2,d,34,s,17,d,2,d,3,19,1,s,0,s,8,s,0,14
1114,s,3,d,7,3,s,2,0,0,d,12,16,2,3,34,s,s,0,2,0,3,19,1,s,0,s,8,s,d,14
I1014,s,3,0,7,3,s,2,0,0,0,12,16,2,3,34,s,17,0,2,4,3,19,1,0,0,0,8,s,0,14
I1015,s,3,0,7,3,s,2,0,0,0,12,16,2,3,34,s,17,0,2,4,3,19,1,0,0,0,8,s,0,14
1121,s,d,0,7,3,s,2,0,0,0,12,16,2,3,34,s,17,0,2,4,3,19,1,18,0,0,8,s,d,14
1120,s,3,0,7,3,s,2,0,0,0,12,16,d,3,d,s,17,0,2,4,d,19,1,0,0,0,d,s,0,d
1163,s,3,0,s,3,s,2,0,0,3,12,16,2,3,34,s,17,d,2,4,3,19,1,0,0,d,8,s,d,14
I1017,1,3,29,0,3,0,2,0,0,0,0,16,2,3,34,s,17,0,2,0,3,19,1,0,0,0,8,s,0,14
I1018,1,3,29,0,3,0,2,0,0,0,0,16,2,3,34,s,17,0,2,0,3,19,1,29,0,0,8,s,0,s
1370,1,3,29,0,s,d,2,0,0,0,d,d,2,3,34,s,d,0,2,s,d,19,1,29,d,0,8,s,0,s
I1020,1,3,29,0,3,0,2,0,0,3,0,16,2,3,34,s,17,0,2,2,3,19,1,29,7,0,8,s,0,s
1443,d,3,29,0,3,0,2,0,0,d,d,16,2,3,34,s,17,0,2,d,3,19,1,29,7,d,8,s,0,s
1442,1,3,29,0,3,0,2,0,0,3,21,16,2,d,34,s,d,0,2,2,3,19,1,29,7,0,8,s,0,s
I1021,1,3,29,0,3,0,2,0,0,0,0,16,2,3,34,s,17,0,2,2,3,19,1,0,0,0,8,s,0,14
1096,1,d,29,0,3,0,2,0,d,6,3,16,d,3,34,s,17,d,2,d,3,19,1,0,0,d,8,s,0,14
I1023,1,3,29,0,3,0,2,0,0,0,0,16,2,3,34,s,17,0,2,2,3,19,1,0,0,2,8,s,0,14
1337,1,3,29,30,3,0,2,0,0,0,d,16,2,3,d,s,17,d,2,d,3,d,1,0,0,2,d,s,0,14
1336,1,3,29,0,3,0,d,0,15,0,0,16,2,3,34,s,d,0,2,d,3,19,1,0,6,2,8,s,0,14
