cell,r1,r2,r3,r4,r5,r6,r7,r8,r9,r10,r11,r12,r13,r14,r15,r16,r17,r18,r19,r20,r21,r22,r23,r24,r25,r26,r27,r28,r29,r30
I1,1,0,0,0,0,0,0,0,0,0,0,0,0,0,0,0,0,0,0,0,0,s,0,0,0,0,0,0,0,0
I2,1,0,0,0,0,0,0,0,0,0,0,0,0,0,0,0,0,0,0,0,0,s,0,0,0,0,0,0,0,0
I3,s,0,0,0,0,0,0,0,0,0,0,0,0,0,0,0,0,0,25,0,0,s,0,0,0,0,0,0,0,0
I4,s,0,4,0,0,0,0,3,0,0,0,s,0,0,0,0,0,0,25,0,0,s,0,0,0,0,0,0,0,0
I5,s,0,4,0,0,0,2,3,0,0,0,s,0,0,0,6,0,0,25,0,0,s,0,0,0,0,61,0,0,0
I6,s,0,4,0,0,0,2,3,0,0,0,s,0,0,0,6,0,s,25,0,0,s,0,17,0,0,61,0,0,0
I7,s,0,4,0,0,0,2,3,0,4,0,s,0,0,0,6,0,s,25,0,0,s,0,17,0,0,61,0,0,0
1980,s,0,4,0,0,0,2,3,10,4,d,s,0,13,d,6,4,s,25,0,0,s,0,17,0,0,61,0,79,0
I21,s,11,4,0,0,0,2,3,0,4,0,s,0,0,0,s,0,s,25,s,2,s,0,17,19,18,61,0,69,2
1599,s,11,4,0,s,d,2,3,0,4,0,s,d,d,0,s,d,s,25,s,2,s,4,d,19,d,d,0,69,2
1598,s,d,4,0,0,0,s,3,0,4,0,s,0,d,0,s,0,s,25,s,d,s,0,17,19,18,61,0,69,2
I22,s,0,4,0,0,0,2,3,0,0,1,s,0,0,0,6,0,s,25,0,0,s,1,17,0,0,61,0,0,0
1434,s,0,4,d,20,0,2,3,0,0,1,s,4,8,0,s,d,s,25,s,0,s,1,17,d,33,61,0,0,2
I30,s,0,4,1,0,0,2,3,0,14,1,s,0,0,0,s,7,s,25,0,0,s,1,17,0,0,61,0,0,0
I31,s,0,4,1,0,0,2,3,0,14,1,s,0,0,0,s,7,s,25,0,0,s,1,17,6,0,61,0,0,0
1520,s,0,4,1,0,0,2,3,s,14,d,s,0,0,0,s,7,s,25,0,0,s,s,17,6,d,61,0,0,0
I33,s,0,4,1,0,0,2,3,0,14,1,s,0,0,0,s,7,s,25,0,0,s,1,17,6,0,61,0,0,2
1505,s,0,4,1,0,0,d,3,0,d,1,s,0,0,0,s,d,s,25,d,0,s,d,17,6,0,61,0,0,2
1504,s,0,4,1,0,0,2,3,0,14,1,s,0,0,0,s,7,s,s,d,0,s,d,17,6,d,61,0,d,2
I34,s,0,4,1,0,0,2,3,0,14,1,s,0,0,3,s,7,s,25,0,0,s,1,17,0,0,61,0,0,0
I35,s,0,4,1,0,s,2,3,0,14,1,s,0,0,3,s,7,s,25,0,0,s,1,17,s,0,61,0,0,0
1491,s,d,4,1,d,s,2,d,0,14,1,s,d,0,3,s,7,s,25,0,0,s,1,17,s,20,61,0,0,0
1490,s,d,4,1,0,s,d,3,0,14,1,s,0,0,3,s,d,s,25,0,0,s,1,17,s,0,61,0,d,0
1755,s,0,4,1,2,0,2,3,10,14,1,s,0,0,3,s,7,s,25,0,0,s,1,17,0,0,61,0,0,0
I37,s,0,4,0,0,3,2,3,0,0,0,s,0,0,0,6,0,0,25,0,0,s,0,0,0,0,61,0,0,0
I38,s,0,4,0,0,3,2,3,0,0,0,s,0,0,0,6,0,0,25,0,0,s,0,0,0,0,61,0,0,0
I39,s,0,4,0,0,3,2,3,0,0,0,s,0,0,3,6,0,0,25,0,0,s,0,0,27,0,61,0,0,2
1523,s,0,4,0,0,3,2,3,0,0,1,s,0,4,3,6,0,0,25,8,10,s,d,d,27,0,61,0,d,2
I43,s,7,s,0,0,3,2,3,0,0,0,s,0,0,3,6,0,0,25,0,0,s,0,0,27,0,61,0,0,2
I44,s,7,s,0,0,3,2,3,0,0,0,s,0,0,3,6,0,0,25,0,0,s,1,0,27,0,61,0,0,2
1449,s,7,s,d,d,s,2,3,0,0,d,s,0,0,3,6,0,d,d,7,0,s,1,0,27,d,61,0,0,2
1448,s,7,s,0,0,3,2,3,s,0,0,s,0,0,3,d,5,0,25,0,0,s,d,0,27,0,d,0,0,2
1349,s,s,s,0,d,3,2,3,0,0,0,s,0,0,s,d,0,d,25,d,0,s,0,0,27,0,61,0,34,d
I46,s,0,4,0,0,3,2,3,0,0,0,s,0,0,0,6,0,0,25,0,0,s,0,0,0,0,61,0,0,0
I47,s,0,4,0,0,3,2,3,0,0,0,s,0,19,0,6,0,0,25,0,0,s,0,0,0,0,61,0,0,0
1052,s,0,4,1,0,3,2,d,19,0,1,s,s,19,0,6,0,0,d,0,0,s,0,0,d,0,61,d,0,0
1193,s,d,4,0,0,3,2,3,0,0,1,s,0,19,0,6,0,0,25,0,19,s,0,0,0,22,d,0,12,d
I51,s,0,4,0,0,3,2,3,0,0,1,s,0,17,0,6,0,0,25,0,0,s,0,0,0,0,61,0,0,0
1124,s,0,4,0,0,3,2,3,0,d,1,s,0,17,0,6,d,5,25,0,d,s,0,0,0,d,d,0,0,2
1034,s,0,4,0,0,3,2,3,0,0,1,s,0,17,3,6,9,0,25,0,0,s,0,0,2,0,61,s,d,d
I54,s,0,4,0,0,3,2,3,0,0,0,s,0,0,3,6,0,0,25,0,0,s,0,0,0,0,61,0,0,0
I55,s,0,4,0,11,3,2,3,0,0,0,s,0,0,3,6,0,0,25,0,0,s,0,0,0,0,61,0,0,0
I56,s,0,4,0,11,3,2,3,0,0,0,s,10,0,3,6,0,0,25,0,0,s,0,0,0,0,61,0,0,0
1118,s,14,4,d,11,3,2,3,0,8,0,s,10,d,3,d,0,d,25,0,0,s,0,0,0,0,61,s,0,0
1160,s,d,4,0,11,3,d,3,0,2,0,s,10,d,3,6,0,0,25,0,0,s,0,0,d,0,61,d,0,d
I59,s,0,4,0,11,3,2,3,0,0,0,s,0,0,3,6,0,0,25,0,0,s,0,0,0,0,61,0,45,0
1410,s,d,4,1,11,3,2,3,0,0,0,s,0,0,3,6,d,0,25,0,d,s,0,0,d,d,61,0,d,0
I61,s,14,4,1,11,3,2,3,0,8,0,s,0,0,3,6,0,0,25,0,0,s,0,0,0,0,61,0,45,0
1483,s,14,4,1,11,d,d,3,0,d,d,s,d,0,3,6,0,0,25,0,d,s,0,d,d,0,61,0,45,0
1482,s,14,4,1,11,3,2,3,0,8,d,s,0,d,3,6,0,1,25,0,d,s,0,0,0,0,61,0,45,0
I62,s,0,4,0,0,3,2,3,0,0,0,s,0,0,3,6,0,0,25,0,0,s,0,0,0,0,61,0,0,0
I63,s,0,4,0,0,3,2,3,0,0,0,s,0,0,3,6,0,0,25,0,0,s,0,0,0,0,61,0,0,0
1113,s,0,4,0,2,3,2,3,0,0,0,s,d,d,3,6,0,d,25,0,d,s,0,0,0,d,d,d,0,0
1405,s,0,4,0,0,3,d,3,0,0,0,s,2,0,3,6,0,0,25,0,0,s,0,d,0,22,61,0,0,0
I66,s,0,4,0,0,3,2,3,0,0,0,s,0,0,3,6,0,1,25,5,0,s,s,0,0,0,61,0,0,0
I67,s,0,4,0,0,3,2,3,0,0,0,s,0,0,3,6,7,1,25,5,0,s,s,0,0,22,61,0,s,2
1457,s,0,4,0,0,3,2,3,0,0,s,s,0,d,3,6,7,1,25,5,0,s,s,d,0,22,61,0,s,2
1456,s,0,4,0,d,3,d,3,0,0,0,s,0,0,d,6,7,1,25,s,0,s,s,0,0,d,61,0,s,2
1338,s,0,4,0,0,3,d,3,0,d,d,s,4,0,3,6,0,1,25,5,0,s,s,0,0,0,61,s,d,0
I69,s,0,4,0,0,10,0,3,0,0,0,s,1,31,0,0,0,0,25,0,0,s,0,0,0,0,0,0,0,0
I70,s,0,4,0,0,10,0,3,0,0,0,s,1,31,0,0,0,0,25,0,0,s,0,0,0,0,0,0,0,0
I71,s,5,4,0,0,10,0,3,0,0,0,s,1,31,0,s,0,s,25,0,0,s,0,0,0,0,0,0,0,0
I72,s,5,4,0,0,10,0,3,0,0,0,s,1,31,0,s,0,s,25,0,0,s,0,0,25,0,0,0,0,0
I73,s,5,4,0,0,10,1,3,19,0,0,s,1,31,0,s,s,s,25,0,0,s,0,0,25,1,61,0,0,0
1287,s,5,4,d,d,10,1,3,d,0,0,s,1,31,0,s,s,s,25,0,0,s,0,24,25,1,61,0,0,0
I75,s,5,4,0,0,10,1,3,19,0,0,s,1,31,0,s,s,s,25,0,0,s,0,0,25,1,61,0,0,0
1151,s,5,4,0,0,10,1,3,19,0,d,s,d,31,2,s,s,s,25,0,0,s,0,0,25,1,61,0,0,0
1150,s,5,4,0,2,10,d,3,19,d,d,s,1,31,0,s,s,s,25,0,0,s,0,d,25,1,61,d,d,0
I78,s,5,4,0,0,10,0,3,0,0,0,s,1,31,0,s,0,s,25,0,0,s,0,0,25,0,0,0,0,0
1253,s,5,d,d,0,10,d,3,0,0,0,s,1,31,0,s,0,s,25,0,0,s,d,0,25,0,0,0,0,0
1252,s,5,4,0,0,10,0,3,0,0,d,s,1,31,0,s,0,s,25,0,0,s,0,0,25,0,0,0,0,0
I79,s,5,4,0,0,10,0,3,15,0,0,s,1,31,0,s,0,s,25,0,0,s,0,0,0,0,0,0,0,0
1343,s,5,4,0,7,10,0,3,15,0,0,s,1,d,0,s,d,s,25,0,9,s,0,0,16,0,3,0,0,0
I83,s,5,4,1,0,10,0,3,15,0,0,s,1,31,0,s,0,s,25,0,0,s,0,0,0,0,0,s,0,0
I84,s,5,4,1,20,10,1,3,15,0,0,s,1,31,3,s,0,s,25,0,0,s,0,0,14,0,0,s,0,0
1111,s,5,4,1,20,d,d,d,d,0,0,s,d,d,3,s,0,s,25,0,18,s,0,0,d,0,0,s,0,0
1110,s,5,4,d,20,10,d,3,15,0,1,s,1,31,3,s,0,s,25,0,0,s,0,0,14,0,0,s,d,0
1071,s,s,4,d,9,10,1,3,15,s,0,s,1,31,0,s,27,s,25,0,d,s,0,2,0,0,0,s,d,0
I87,s,0,4,0,0,10,0,3,0,0,0,s,1,31,0,0,0,0,25,0,0,s,1,0,0,0,0,0,0,0
I88,s,1,4,0,0,10,0,3,0,0,0,s,1,31,0,0,0,0,25,3,0,s,1,0,0,9,0,11,23,0
I90,s,s,4,0,0,10,s,3,0,0,0,s,1,31,0,0,0,0,25,3,0,s,1,0,0,9,0,11,23,2
1191,s,s,4,d,0,10,s,3,0,0,d,s,1,31,0,0,0,s,25,d,0,s,1,0,0,9,d,11,23,2
1190,s,s,4,1,0,10,s,3,0,0,0,s,1,31,0,0,0,0,25,3,0,s,1,0,0,9,0,11,23,2
I92,s,s,4,0,0,10,0,3,0,1,1,s,1,31,0,0,0,0,25,3,0,s,1,0,0,9,0,11,s,0
1263,s,s,4,0,d,10,d,3,d,1,1,s,1,31,3,0,0,0,25,3,0,s,1,d,0,9,0,11,s,0
1376,s,s,4,0,d,10,1,3,d,1,1,s,1,31,3,0,0,d,25,3,7,s,1,0,0,9,0,d,s,0
I95,s,0,4,0,0,10,0,3,0,0,1,s,1,31,0,0,0,0,25,0,0,s,1,0,0,0,0,0,0,0
I96,s,0,4,0,7,10,0,3,0,0,1,s,1,31,0,0,6,0,25,0,0,s,1,0,0,0,0,4,41,0
1250,s,0,4,0,7,10,0,3,0,0,1,s,1,31,0,d,6,d,25,34,d,s,1,25,19,0,0,4,41,0
I98,s,0,4,0,7,10,0,3,0,0,1,s,1,31,0,0,6,0,25,0,0,s,1,0,0,0,0,4,41,0
1079,s,12,d,0,s,10,0,3,0,0,1,s,1,31,0,0,d,0,25,0,d,s,1,0,0,0,0,d,41,0
1078,s,d,4,0,7,10,0,3,0,0,1,s,1,31,0,0,6,d,25,0,d,s,1,d,d,0,0,d,41,0
I100,s,14,4,0,0,10,0,3,0,0,1,s,1,31,0,0,0,0,25,0,0,s,1,12,0,0,0,0,0,2
1173,s,d,4,0,20,10,0,3,d,1,1,s,1,31,0,0,0,0,25,d,0,s,1,12,d,0,0,0,0,2
1172,s,14,4,0,8,10,d,3,21,3,1,s,1,31,0,0,0,0,25,0,0,s,1,12,0,0,0,0,0,2
I102,s,0,4,0,0,10,0,3,0,0,0,s,1,31,0,0,20,0,25,0,0,s,0,0,0,0,0,0,0,0
I103,s,0,4,0,0,10,0,3,0,0,0,s,1,31,0,3,20,0,25,0,0,s,0,0,0,10,0,0,0,0
I104,s,0,4,0,0,10,1,3,0,0,0,s,1,31,0,3,20,0,25,0,0,s,0,0,0,10,0,0,0,0
I105,s,0,4,0,0,10,1,3,21,0,0,s,1,31,0,3,20,0,25,0,0,s,0,0,0,10,0,0,0,0
1007,s,0,4,0,0,10,1,3,21,0,0,s,1,31,0,d,20,d,25,d,0,s,0,0,d,d,0,0,0,2
1059,s,0,4,0,0,s,1,3,21,0,0,s,1,31,0,3,20,0,25,8,18,s,0,d,0,10,38,0,0,0
I109,s,0,4,0,0,10,1,3,0,0,1,s,1,31,0,3,20,0,25,0,0,s,0,0,0,10,0,0,0,0
1885,s,10,4,1,7,10,1,d,0,2,1,s,1,31,0,d,20,0,25,0,d,s,s,8,d,10,3,11,0,0
2045,s,0,4,0,d,10,d,3,24,d,1,s,1,31,0,3,20,s,25,0,0,s,s,0,0,10,0,0,0,0
I116,s,0,4,0,0,10,0,3,0,0,0,s,1,31,0,3,20,1,25,0,0,s,0,29,0,10,0,7,0,0
1049,s,d,4,0,0,10,1,3,19,0,1,s,1,31,0,3,s,1,25,0,14,s,d,29,d,10,0,7,33,0
I120,s,0,4,0,0,10,0,3,0,0,0,s,1,31,0,3,20,1,25,0,0,s,0,29,s,10,0,7,0,2
1022,s,0,4,1,s,10,d,3,24,0,0,s,1,d,0,3,20,1,25,0,0,s,d,29,s,10,d,7,d,2
I123,s,0,4,0,20,10,0,3,0,0,0,s,1,31,0,3,20,1,25,0,0,s,0,29,s,10,0,7,0,2
1965,s,0,d,0,20,10,0,d,0,0,d,s,1,31,0,3,20,1,25,d,0,s,d,29,s,10,0,7,0,2
1964,s,0,d,0,20,10,0,d,0,0,0,s,1,31,0,3,d,1,25,s,0,s,0,29,s,10,0,7,0,2
I124,s,19,4,0,s,10,0,3,0,0,0,s,1,31,0,0,20,0,25,0,0,s,0,0,0,0,0,0,0,0
I125,s,19,4,s,s,10,1,3,0,0,0,s,1,31,3,31,20,0,25,0,0,s,0,0,0,0,0,0,0,2
I128,s,19,4,s,s,10,1,3,0,5,0,s,1,31,3,31,20,0,25,1,0,s,0,0,0,33,0,0,0,2
1133,s,19,4,s,s,d,1,3,d,5,1,s,d,31,3,31,d,0,d,1,0,s,0,0,d,33,0,0,0,2
1132,s,19,d,s,s,10,1,3,0,d,0,s,1,31,3,d,20,0,25,d,0,s,0,0,0,33,0,0,0,d
I129,s,19,4,s,s,10,1,3,0,0,1,s,1,31,3,31,20,0,25,0,0,s,0,3,0,0,0,0,0,2
I130,s,19,4,s,s,10,1,3,0,0,1,s,1,31,3,31,s,0,25,0,0,s,0,3,0,0,0,0,23,2
1477,s,19,4,s,s,10,1,d,0,d,1,s,d,31,3,d,s,0,25,0,0,s,0,3,0,0,0,0,23,2
1476,s,19,4,s,s,10,1,3,0,8,1,s,1,31,3,d,s,0,25,0,0,s,0,3,0,0,d,0,d,d
I131,s,19,4,s,s,10,1,3,s,0,1,s,1,31,3,31,20,0,25,19,0,s,0,3,0,0,0,0,25,2
1727,s,19,d,s,s,10,d,3,s,0,d,s,1,31,3,d,20,d,25,19,0,s,0,3,12,0,0,0,25,2
1726,s,d,4,s,s,10,1,3,s,0,1,s,1,d,3,31,20,0,d,d,0,s,0,d,0,d,0,0,25,2
I132,s,19,4,0,s,10,0,3,0,0,0,s,1,31,0,0,20,0,25,0,0,s,0,16,0,0,0,0,0,0
1095,s,19,4,0,s,d,0,3,13,0,0,s,1,31,0,0,20,0,25,d,0,s,d,16,0,0,0,0,0,0
I136,s,19,4,0,s,10,0,3,0,2,0,s,1,31,0,0,20,0,25,0,0,s,0,16,30,0,0,0,0,2
1165,s,19,4,0,s,10,0,3,0,2,0,s,d,d,0,0,20,0,d,0,0,s,0,s,30,0,0,0,0,2
1080,s,19,4,0,s,10,0,3,0,2,0,s,1,d,3,d,d,0,25,19,0,s,0,16,30,s,0,0,0,2
I139,s,0,0,0,0,0,0,10,0,0,0,0,0,0,3,0,0,0,25,0,0,s,0,34,14,0,0,0,0,0
I140,s,0,0,0,0,0,0,10,0,0,0,0,0,0,3,0,0,0,25,0,0,s,0,34,14,0,0,0,0,0
I141,s,0,1,0,0,0,0,10,0,0,0,0,0,0,3,0,0,0,25,2,0,s,4,34,14,0,0,0,0,0
I142,s,0,1,0,0,0,0,10,0,5,0,0,0,0,3,0,0,0,25,2,0,s,4,34,14,0,0,0,0,0
I143,s,0,1,0,7,0,0,10,0,5,0,0,0,5,3,4,23,0,25,2,0,s,4,34,14,0,0,0,0,0
I144,s,0,1,0,7,0,0,10,0,5,0,0,0,5,3,4,23,0,25,2,0,s,4,34,14,7,0,0,0,0
I145,s,0,1,0,7,3,0,10,0,5,0,0,0,5,3,4,23,0,25,2,0,s,4,34,14,7,0,0,0,0
1763,s,0,1,0,7,3,0,10,0,5,0,d,0,5,3,4,23,0,25,2,0,s,d,34,14,7,0,0,0,0
1762,s,0,1,0,7,3,0,10,0,5,d,d,0,5,3,4,23,0,d,2,0,s,4,34,14,7,0,0,0,0
1784,s,0,1,0,7,0,1,10,0,5,0,0,d,5,3,4,23,0,25,2,d,s,4,d,14,7,0,0,61,0
I147,s,0,1,0,7,0,0,10,0,5,0,0,0,5,3,4,23,0,25,2,0,s,4,34,14,24,0,0,0,0
I148,s,0,1,0,7,0,1,10,0,5,0,0,0,5,3,4,23,s,25,2,0,s,4,34,14,24,0,0,0,2
1893,s,d,1,d,7,0,1,d,0,5,0,0,0,5,3,4,d,s,25,2,0,s,d,d,14,24,0,0,0,2
1892,s,0,1,0,7,0,1,10,0,5,0,d,0,d,3,4,d,s,25,2,0,s,4,34,14,24,0,0,0,2
1804,s,0,1,0,7,0,0,10,0,5,0,0,0,5,3,4,23,0,25,2,d,s,4,34,14,24,0,0,0,0
I151,s,0,1,0,15,0,0,10,0,s,1,0,0,37,3,0,0,0,25,2,0,s,4,34,14,0,25,11,0,0
1746,s,0,1,0,d,10,d,10,d,s,1,10,0,37,3,19,0,0,25,d,0,s,4,d,14,0,25,11,0,0
988,s,d,1,0,15,10,0,d,d,s,1,0,0,37,3,0,d,d,25,2,0,s,4,34,14,0,25,11,76,0
I154,s,0,1,0,0,0,0,10,25,0,0,0,0,0,3,0,0,0,25,2,0,s,4,s,14,0,0,0,0,0
I155,s,0,1,0,0,0,1,10,25,0,1,1,0,0,3,0,0,0,25,2,0,s,4,s,14,0,0,0,0,0
I156,s,0,1,0,0,0,1,10,25,0,1,1,0,0,3,0,0,0,25,2,0,s,4,s,14,0,0,0,0,0
1743,s,0,1,0,0,0,d,10,25,0,1,d,d,0,3,0,0,0,d,2,s,s,4,s,14,0,0,0,23,2
976,s,0,1,0,0,0,1,10,25,d,1,1,s,0,d,0,d,0,25,2,d,s,d,s,14,0,19,0,0,0
1578,s,0,1,0,d,0,1,10,25,0,1,d,0,0,3,23,0,d,25,d,d,s,4,s,14,0,0,0,0,2
I161,s,0,1,1,0,0,0,10,25,0,0,0,0,0,3,0,0,0,25,2,0,s,4,s,14,0,0,4,0,0
I162,s,31,1,1,0,0,0,10,25,0,0,0,0,26,3,0,0,0,25,2,0,s,4,s,14,0,0,4,0,0
1365,s,31,1,1,0,0,0,10,25,0,0,s,d,26,3,29,4,d,25,2,0,s,d,s,14,0,d,4,0,0
1668,s,31,1,1,0,0,0,d,25,0,0,0,0,26,3,0,d,0,25,2,0,s,4,s,14,0,0,4,s,0
1902,s,0,d,1,0,0,0,10,25,s,1,3,0,0,3,0,0,s,25,d,0,s,4,s,14,s,0,4,1,0
I168,s,0,0,0,0,0,0,10,0,0,0,0,0,4,3,0,0,1,25,0,11,s,0,34,14,0,0,7,0,0
I169,s,0,0,1,5,0,1,10,0,0,0,3,0,4,3,0,0,1,25,0,11,s,0,34,14,0,0,7,0,2
I170,s,0,0,1,5,0,1,10,0,0,0,3,0,4,3,0,0,1,25,0,11,s,0,34,14,14,0,7,0,2
1887,s,0,d,1,5,0,1,d,24,0,0,3,4,4,3,4,0,1,d,0,11,s,4,34,d,14,d,7,0,2
I176,s,0,2,1,5,2,1,10,0,0,0,3,0,4,3,0,0,1,25,0,11,s,0,34,14,14,0,7,0,2
2009,s,d,2,1,d,2,1,10,0,0,0,3,0,4,3,0,0,1,25,d,11,s,0,34,14,14,0,7,d,2
2008,s,0,2,1,5,2,d,d,0,0,0,3,0,4,3,0,0,1,25,0,11,s,d,34,14,14,d,7,0,2
I177,s,0,0,1,5,0,1,10,0,0,0,3,14,4,3,0,20,1,25,0,11,s,0,34,14,0,0,7,0,2
I180,s,0,0,1,5,10,1,10,s,0,0,3,s,4,3,0,20,1,25,0,11,s,s,34,14,0,s,7,11,2
1879,s,d,0,1,d,10,1,10,s,0,0,3,s,4,3,0,20,1,25,0,11,s,s,34,14,0,s,7,11,2
1878,s,0,0,1,5,10,1,10,s,d,0,3,s,4,3,d,20,1,25,d,d,s,s,d,14,0,s,7,11,2
I182,s,10,1,1,5,0,1,10,22,8,0,3,14,4,3,0,20,1,25,0,11,s,0,34,14,0,0,7,0,2
2043,s,10,1,1,5,0,1,10,d,8,d,3,14,4,3,0,20,1,d,0,d,s,d,34,14,0,0,7,0,2
2042,s,10,1,d,5,0,1,10,d,8,0,3,14,4,3,0,20,1,25,0,d,s,0,34,14,0,d,7,0,2
I183,s,0,2,0,21,0,0,10,0,0,0,0,0,4,3,0,0,1,25,0,11,s,0,34,14,0,25,7,0,0
I184,s,0,2,1,21,0,1,10,0,0,0,0,0,4,3,0,0,1,25,0,11,s,0,34,14,0,25,7,89,0
I185,s,0,2,1,21,0,1,10,0,0,1,0,0,4,3,0,0,1,25,0,11,s,0,34,14,0,25,7,89,0
1574,s,0,d,d,21,0,1,10,0,0,1,0,0,4,3,0,0,d,s,0,11,s,3,34,d,0,25,7,89,0
I187,s,0,2,1,21,0,1,10,0,0,1,0,0,4,3,0,0,1,25,0,11,s,0,34,14,0,25,7,89,0
1715,s,0,d,1,21,0,1,d,0,0,1,0,0,4,3,3,0,1,25,0,11,s,0,34,14,0,25,7,d,0
1714,s,0,2,1,d,0,1,10,d,d,1,0,7,d,3,0,0,1,25,0,11,s,0,34,d,0,25,d,89,0
I188,s,0,2,1,21,0,1,10,0,0,0,0,0,4,3,0,0,1,25,0,11,s,0,34,14,0,25,7,89,0
I189,s,14,2,1,21,0,1,10,0,0,1,0,0,4,3,0,0,1,25,18,11,s,0,s,14,0,25,7,s,0
1765,s,14,2,1,d,0,1,10,0,0,1,d,0,4,3,0,0,1,25,18,11,s,0,s,d,0,25,7,s,0
1764,s,14,2,1,d,0,1,10,0,0,1,0,0,4,3,0,0,1,25,18,11,s,d,s,14,0,25,7,s,0
1787,s,0,2,1,21,0,1,10,24,14,0,0,0,d,3,0,0,1,25,0,11,s,0,34,14,d,25,7,s,0
I191,s,0,2,0,21,0,0,10,0,14,0,0,0,4,3,0,0,1,25,8,11,s,0,34,14,0,25,7,0,0
I192,s,0,2,0,21,0,0,10,0,14,0,0,0,4,3,0,21,1,25,8,11,s,4,34,14,0,25,7,0,0
1792,s,0,2,d,21,0,0,10,0,14,0,0,0,4,3,0,21,d,25,8,d,s,4,34,14,0,25,7,0,0
I194,s,0,2,0,21,0,0,10,0,14,0,0,0,4,3,19,21,1,25,8,11,s,4,34,14,0,25,7,0,0
1545,s,10,2,0,21,0,0,d,0,14,d,d,0,4,3,19,21,1,25,8,11,s,4,34,14,0,25,7,0,d
1544,s,0,2,1,21,0,0,10,0,14,0,0,0,4,s,19,21,1,25,8,11,s,d,34,14,0,25,7,0,d
I195,s,0,2,0,21,0,0,10,0,14,0,0,0,4,3,0,0,1,25,8,11,s,0,34,14,0,25,7,0,0
I196,s,0,2,0,21,0,0,10,15,14,0,0,0,4,3,0,0,1,25,8,11,s,1,34,14,7,25,7,0,0
1537,s,0,2,0,21,0,0,10,15,d,d,0,0,4,3,s,0,d,25,8,11,s,1,34,d,d,25,7,0,0
1536,s,5,2,0,d,0,0,10,15,14,0,0,0,4,d,0,0,1,25,8,d,s,1,34,14,7,25,7,d,0
1373,s,0,2,1,21,0,d,10,d,14,0,0,0,4,d,3,0,1,25,d,11,s,0,34,14,0,25,7,d,0
I198,s,0,0,0,0,0,0,10,0,0,0,0,0,0,3,0,9,0,25,0,0,s,0,34,14,0,0,0,0,0
I199,s,0,0,0,0,0,0,10,0,0,0,0,0,0,3,0,9,0,25,0,0,s,0,34,14,0,0,0,0,0
I200,s,0,0,0,0,0,0,10,0,0,0,0,0,0,3,0,9,0,25,0,0,s,0,34,14,0,0,7,0,0
I202,s,0,0,1,0,0,1,10,0,0,0,0,4,0,3,0,9,0,25,26,0,s,0,34,14,0,0,7,0,0
1043,s,0,1,1,0,0,1,10,0,0,0,5,4,0,3,0,9,0,25,26,0,s,0,34,14,0,0,d,0,0
1042,s,0,0,1,0,0,1,10,d,0,0,2,4,0,3,0,d,0,d,26,0,s,0,34,14,0,0,7,0,0
I206,s,0,1,0,8,s,0,10,0,0,0,0,0,0,3,19,9,0,25,0,0,s,3,34,14,0,0,7,0,6
1921,s,0,1,0,8,s,0,10,0,0,0,0,d,0,3,19,9,0,d,0,0,s,3,34,14,0,0,7,0,d
I208,s,0,1,0,8,s,0,10,0,0,0,0,0,0,3,19,9,1,25,0,0,s,3,34,14,0,0,7,0,6
1953,s,0,1,0,8,s,d,d,0,0,0,0,0,0,3,d,9,1,25,d,0,s,3,34,14,0,d,7,0,6
1952,s,0,1,0,8,s,0,10,0,0,0,d,0,0,3,19,d,1,d,d,0,s,3,d,d,0,0,7,0,6
I210,s,0,0,0,0,0,0,10,0,0,0,0,0,0,3,0,9,0,25,0,0,s,0,34,14,0,0,0,0,0
I211,s,0,0,0,9,0,0,10,0,0,1,0,0,0,3,0,9,s,25,0,27,s,0,34,14,0,0,0,0,0
1041,s,19,0,d,9,0,0,10,0,8,1,6,d,0,3,28,9,s,25,2,d,s,0,d,14,0,1,0,0,0
I213,s,0,0,0,9,0,0,10,0,0,1,0,0,0,3,0,9,s,25,0,27,s,0,34,14,0,0,0,15,0
2007,s,3,0,1,d,10,d,10,0,0,1,d,0,0,3,0,9,s,25,d,27,s,0,34,14,0,0,d,15,0
I215,s,0,0,0,9,0,0,10,0,0,1,0,s,0,3,0,9,s,25,0,27,s,0,34,14,0,0,0,15,0
2013,s,0,0,0,9,d,0,d,0,0,1,0,s,0,d,0,9,s,25,0,27,s,0,34,d,0,0,0,15,0
2012,s,0,0,0,9,0,0,10,0,0,1,0,s,0,d,0,9,s,25,0,27,s,0,34,14,0,0,d,15,0
I216,s,0,0,0,20,s,0,10,0,0,1,5,0,0,3,0,9,0,25,0,0,s,0,34,14,0,0,0,0,0
1984,s,0,2,0,20,s,0,10,0,0,1,5,0,0,d,0,9,0,25,d,4,s,4,34,14,19,41,0,0,0
1427,s,0,1,1,20,s,0,10,0,0,1,5,0,19,3,23,9,0,25,21,11,s,1,34,14,0,0,0,0,0
I223,s,0,0,0,0,0,0,10,0,0,0,0,0,0,3,0,9,0,25,0,0,s,0,34,14,0,0,0,0,0
I224,s,0,0,0,0,0,0,10,0,0,0,0,0,0,3,0,9,0,25,0,0,s,0,34,14,0,0,0,0,0
I225,s,0,0,0,0,0,0,10,0,0,0,0,0,0,3,0,9,0,25,0,0,s,4,34,14,0,0,0,0,0
I226,s,0,0,0,0,0,0,10,0,0,0,0,0,0,3,0,9,0,25,0,0,s,4,34,14,0,0,11,0,0
1548,s,0,1,d,0,d,1,10,0,0,1,0,0,0,3,0,9,0,25,d,4,s,4,d,s,0,0,11,0,0
1595,s,12,0,0,d,0,0,10,0,0,1,0,d,0,3,0,d,1,25,0,0,s,4,34,14,0,0,11,0,0
1833,s,0,1,0,d,0,d,10,1,0,0,0,0,d,d,0,9,0,25,d,1,s,4,34,14,0,d,0,0,3
I232,s,0,0,0,0,3,0,10,0,0,0,0,0,0,3,2,9,0,25,0,0,s,0,34,14,0,0,4,0,0
I233,s,0,0,0,0,3,1,10,0,0,0,0,0,0,3,2,9,0,25,0,0,s,0,34,14,0,0,4,0,0
1486,s,0,0,d,0,3,1,s,d,0,0,0,0,0,3,2,d,1,25,0,0,s,0,34,14,0,0,4,0,0
1563,s,0,0,0,10,3,1,10,0,0,d,0,0,0,3,2,9,0,25,3,0,s,0,34,d,d,0,s,0,0
1624,s,0,0,0,0,d,1,10,0,0,0,0,0,0,3,2,9,0,25,0,0,s,0,34,14,d,d,4,s,0
I239,s,27,0,0,0,3,0,10,0,0,0,3,0,19,3,0,9,0,25,0,27,s,0,34,14,25,0,0,0,0
985,s,27,d,0,0,d,d,d,19,8,0,3,0,19,3,0,d,d,25,9,27,s,3,34,14,25,0,0,d,0
I246,s,27,1,0,0,3,0,10,0,0,0,3,0,19,3,0,9,0,25,0,27,s,0,34,14,25,0,8,0,0
I247,s,27,1,0,0,3,0,10,0,2,0,3,0,19,3,0,9,0,25,0,27,s,0,34,14,25,0,8,0,0
2021,s,27,1,1,0,3,0,10,0,2,1,d,0,19,d,0,9,0,25,d,d,s,0,d,14,d,0,d,0,0
1050,s,d,1,0,d,d,0,10,0,2,d,3,0,19,3,0,9,0,d,0,s,s,0,34,14,25,0,8,0,0
I249,s,27,1,0,0,3,0,10,0,0,0,3,0,19,3,0,9,0,25,0,27,s,0,34,14,s,0,8,0,1
1996,s,s,1,0,0,3,0,10,0,d,0,d,0,19,3,0,s,0,25,0,27,s,0,34,14,s,0,8,0,1
1030,s,27,s,1,0,3,0,10,0,0,0,3,0,19,d,0,9,0,25,0,d,s,0,34,14,s,0,8,0,1
I251,1,0,0,0,0,0,0,0,0,0,0,0,10,37,0,0,0,0,0,0,0,s,0,0,0,0,0,0,0,0
I252,1,0,0,0,0,0,0,0,0,0,s,0,10,37,0,0,0,0,0,0,0,s,0,0,0,0,0,0,0,0
I253,1,0,0,0,0,0,4,0,0,0,s,0,10,37,0,0,0,0,0,0,21,s,0,0,0,0,0,4,0,2
I254,1,0,0,0,0,0,4,0,0,0,s,0,10,37,0,0,0,0,0,0,21,s,0,0,0,0,0,4,0,2
I255,1,0,0,1,0,15,4,0,0,8,s,0,10,37,0,0,0,0,s,0,21,s,0,0,0,30,0,4,0,2
I257,1,0,0,1,0,15,4,24,0,8,s,0,10,37,0,20,0,0,s,0,21,s,s,0,0,s,0,4,0,2
1223,1,0,0,1,0,15,4,24,0,8,s,0,d,37,0,20,17,0,s,0,21,s,s,12,0,s,0,4,0,2
1378,1,0,0,1,d,15,4,24,0,8,s,0,10,37,0,20,d,0,s,0,d,s,s,0,0,s,0,4,0,2
I263,1,0,1,1,0,15,4,0,0,8,s,0,10,37,0,0,0,0,s,0,21,s,0,0,12,30,0,4,0,2
I264,1,0,1,1,0,15,4,0,0,8,s,0,10,37,0,0,0,1,s,0,21,s,0,0,12,30,0,4,0,s
1101,1,0,1,1,d,15,4,d,0,8,s,10,10,37,0,0,0,1,s,0,21,s,0,0,12,30,0,4,0,s
1255,1,0,1,1,2,15,4,0,0,8,s,0,s,37,2,0,d,d,s,d,21,s,0,25,12,30,0,4,73,s
I267,1,0,1,1,0,15,4,0,0,8,s,0,10,37,0,0,0,0,s,0,21,s,0,0,12,30,76,4,0,2
1055,d,0,1,1,0,15,4,16,19,8,s,0,10,37,d,3,d,d,s,0,21,s,0,0,12,30,76,4,0,2
1278,1,0,1,d,0,15,d,0,0,8,s,0,10,37,0,0,0,0,s,0,21,s,d,0,12,30,76,4,d,2
I270,1,0,0,0,0,0,4,1,0,0,s,0,10,37,1,0,0,0,0,0,21,s,0,0,0,0,0,4,0,2
I271,1,0,0,0,0,0,4,1,0,0,s,0,10,37,1,0,0,0,0,0,21,s,0,0,13,0,0,4,0,2
I274,1,0,1,0,0,0,4,1,0,0,s,0,10,37,1,0,1,0,0,0,21,s,0,0,13,s,11,4,0,2
1995,1,0,d,0,0,0,4,1,d,d,s,0,10,37,1,d,1,0,0,d,21,s,0,d,13,s,11,4,0,d
1908,1,0,1,0,0,0,4,d,0,0,s,0,10,37,1,32,1,0,0,0,21,s,0,0,d,s,d,4,0,2
I278,1,0,1,0,0,0,4,1,0,0,s,0,10,37,1,0,5,0,0,s,21,s,0,0,13,0,0,4,0,2
1073,1,0,1,0,d,7,d,1,0,d,s,0,d,37,1,0,5,0,0,s,d,s,0,d,13,0,0,4,d,2
1072,1,0,1,0,0,0,4,1,0,0,s,0,d,37,1,0,s,1,0,s,21,s,0,14,13,0,0,4,0,2
I280,1,0,0,0,0,15,4,1,0,5,s,1,10,37,1,0,0,0,0,0,21,s,0,0,0,0,0,4,0,2
I281,1,0,0,0,0,15,4,1,0,5,s,1,10,37,1,0,s,0,0,0,21,s,0,0,0,0,s,4,0,2
1318,1,d,0,d,0,15,4,d,0,5,s,1,10,37,1,0,s,0,0,0,d,s,0,d,4,0,s,4,0,2
1180,d,d,0,0,0,15,4,1,0,5,s,1,10,37,1,6,s,0,0,0,21,s,d,12,0,0,s,4,0,2
I284,1,0,0,0,0,15,4,1,0,5,s,1,10,37,1,0,0,0,0,0,21,s,0,0,0,0,1,4,0,2
I285,1,0,0,0,0,15,4,1,0,5,s,1,10,37,1,0,0,0,0,0,21,s,1,0,0,0,1,4,0,2
1773,1,0,0,0,0,15,d,d,0,5,s,1,10,37,1,0,0,0,0,0,21,s,1,0,0,d,d,4,0,d
1772,1,0,d,d,d,15,4,1,0,5,s,1,10,37,1,d,0,0,0,0,21,s,1,0,0,d,1,4,0,2
I286,1,0,0,0,0,15,4,1,0,5,s,1,10,37,1,0,0,0,0,0,21,s,0,0,0,0,1,4,s,2
1475,1,0,0,0,0,d,4,1,d,d,s,1,10,d,d,d,0,0,0,0,21,s,0,0,0,0,d,4,s,2
1474,d,0,0,0,0,15,4,d,0,5,s,d,10,37,1,0,d,0,0,d,21,s,0,0,0,0,1,4,s,2
I287,1,0,2,0,0,0,4,2,0,0,s,0,10,37,0,0,0,5,0,0,21,s,s,0,0,0,0,4,0,2
I288,1,0,2,0,0,0,4,2,0,0,s,0,10,37,0,0,0,5,0,0,21,s,s,0,0,0,0,4,0,2
I289,1,0,2,0,0,0,4,2,0,0,s,0,10,37,0,0,0,5,0,0,21,s,s,0,0,0,0,4,0,2
I290,1,0,2,0,0,0,4,2,0,0,s,0,10,37,0,0,0,5,0,0,21,s,s,17,s,0,0,4,0,2
1144,1,s,2,0,0,6,4,2,d,0,s,0,10,d,0,0,0,5,2,0,d,s,s,17,s,0,0,4,0,d
1488,1,0,2,0,d,0,4,2,0,0,s,0,10,37,0,0,1,5,0,s,21,s,s,d,s,0,0,4,0,2
I293,1,0,2,0,0,9,4,2,0,0,s,0,s,37,0,0,0,5,0,0,21,s,s,0,0,0,0,4,0,2
1604,d,0,2,0,0,9,4,2,s,0,s,0,s,d,0,0,d,d,0,0,21,s,s,0,0,d,0,4,0,d
I295,1,10,2,0,0,9,4,2,0,0,s,5,s,37,0,0,0,5,0,0,21,s,s,0,0,0,0,4,0,2
1417,1,10,2,0,0,9,d,2,0,0,s,5,s,37,0,0,0,5,0,0,21,s,s,0,0,0,0,4,0,2
1416,d,10,d,0,0,9,4,2,0,0,s,5,s,37,0,0,0,5,d,0,21,s,s,d,0,0,0,4,0,2
I296,1,0,2,0,0,0,4,2,0,0,s,0,10,37,0,0,0,5,0,0,21,s,s,0,0,0,0,4,0,2
I297,1,10,2,0,0,0,4,2,0,0,s,0,10,37,3,0,8,5,2,0,21,s,s,0,0,0,0,4,0,s
I298,1,10,2,0,0,0,4,2,0,0,s,0,10,37,3,0,8,5,2,0,21,s,s,0,0,0,0,4,0,s
1733,1,10,2,d,0,d,4,2,0,d,s,0,10,37,3,0,8,5,2,0,21,s,s,0,0,0,0,4,d,s
1732,1,d,2,0,0,0,4,2,0,0,s,d,10,37,3,0,8,d,d,0,21,s,s,0,0,0,0,4,d,s
I299,1,10,2,0,0,0,4,2,0,0,s,0,10,37,3,0,8,5,2,0,21,s,s,0,0,0,46,4,0,s
1147,1,d,2,0,0,d,4,2,0,0,s,0,10,37,3,0,8,5,2,0,21,s,s,0,0,0,s,4,0,s
1146,1,10,2,d,0,0,4,2,0,0,s,0,10,37,3,0,8,5,2,0,21,s,s,0,0,d,46,d,0,s
I300,1,20,2,0,0,0,4,2,0,1,s,0,10,37,3,0,0,5,0,0,21,s,s,0,0,0,0,4,0,2
1492,1,20,2,0,0,0,4,2,0,1,s,d,10,37,3,3,d,5,0,0,21,s,s,14,0,0,0,4,0,2
1239,1,20,2,0,0,0,4,2,19,1,s,3,10,37,3,0,0,d,0,0,21,s,s,0,0,0,0,4,d,2
I303,1,0,2,0,2,0,4,2,0,0,s,0,10,37,0,0,0,5,0,0,21,s,s,0,0,0,0,4,0,2
I304,1,0,2,0,2,0,4,2,0,14,s,0,10,37,1,0,0,5,0,0,21,s,s,0,0,0,0,4,58,2
I305,1,0,2,0,2,2,4,2,0,14,s,0,10,37,1,0,0,5,0,0,21,s,s,14,s,0,0,4,58,2
1799,1,0,2,0,2,d,4,2,0,14,s,0,10,37,1,0,0,5,0,0,21,s,s,14,s,0,d,4,58,2
1807,1,0,2,0,2,2,4,2,0,14,s,d,10,37,1,0,0,5,2,8,d,s,s,d,s,0,0,4,58,2
1841,s,0,2,0,d,0,4,d,s,14,s,5,10,37,1,0,0,5,20,0,21,s,s,d,0,0,0,4,58,2
I310,1,0,2,0,2,2,4,2,0,0,s,0,10,37,0,27,4,5,0,0,21,s,s,0,0,0,0,4,0,2
1369,1,3,2,0,2,2,4,2,0,0,s,0,d,37,0,27,4,5,d,0,s,s,s,0,0,0,s,4,0,2
I316,1,12,2,1,2,2,4,2,0,0,s,0,10,37,0,27,s,5,8,0,21,s,s,0,10,0,s,4,0,2
1889,1,12,2,1,2,d,4,2,d,0,s,d,10,37,0,27,s,5,8,0,21,s,s,0,d,30,s,4,0,2
1888,1,12,2,1,2,2,4,2,0,0,s,0,10,37,0,27,s,5,8,0,d,s,s,0,d,0,s,4,0,2
I317,1,0,1,0,0,0,0,0,0,0,s,0,10,37,0,0,0,0,0,0,0,s,0,0,0,0,0,0,0,0
I318,1,s,1,0,0,0,s,0,21,0,s,0,10,37,0,0,0,0,0,0,0,s,0,41,0,0,0,0,0,0
I319,1,s,1,0,0,0,s,0,21,0,s,5,10,37,s,0,0,0,0,0,0,s,0,41,0,0,0,0,69,0
I320,1,s,1,0,0,0,s,0,21,0,s,5,10,37,s,0,0,0,0,0,0,s,0,41,0,0,0,0,69,2
1374,1,s,1,d,0,0,s,0,21,5,s,5,d,37,s,0,0,1,25,0,0,s,0,41,s,d,0,0,69,2
1455,1,s,1,d,0,s,s,d,d,0,s,5,10,37,s,0,0,0,0,0,7,s,0,41,0,0,41,d,69,2
I327,1,s,1,0,0,0,s,0,21,0,s,5,10,37,s,19,0,0,0,2,0,s,0,41,0,0,0,0,69,0
I328,1,s,1,0,0,0,s,0,21,0,s,5,10,37,s,19,0,0,0,2,0,s,0,41,0,0,0,0,69,0
I329,1,s,1,0,0,0,s,0,21,6,s,5,10,37,s,19,0,0,0,2,0,s,0,41,0,7,1,0,69,0
1129,1,s,1,0,0,0,s,0,21,d,s,5,10,d,s,19,0,0,0,d,0,s,0,d,d,7,1,0,69,0
1128,1,s,1,0,0,0,s,0,21,6,s,d,10,d,s,19,0,0,0,2,d,s,d,41,0,7,1,0,69,d
1292,1,s,1,0,0,0,s,0,21,0,s,5,10,37,s,19,0,d,0,2,27,s,0,41,d,0,0,0,d,0
I331,1,s,1,0,0,0,s,s,21,0,s,5,10,37,s,19,0,0,0,2,0,s,0,41,0,0,0,0,69,0
1140,1,s,1,0,15,0,s,s,21,0,s,5,d,37,s,19,18,0,0,2,0,s,3,41,0,0,69,0,69,d
1539,1,s,1,s,0,0,s,s,21,5,s,5,10,37,s,19,35,1,0,2,0,s,0,41,0,0,0,0,69,0
I334,1,s,1,0,0,0,s,11,21,s,s,0,10,37,0,0,0,0,0,0,0,s,0,41,0,0,0,0,0,0
I335,1,s,1,0,5,0,s,11,21,s,s,0,10,37,0,0,0,0,0,0,0,s,0,41,0,0,0,0,0,0
1976,d,s,1,0,5,0,s,11,21,s,s,5,10,37,d,0,0,s,0,0,0,s,d,41,0,d,0,d,0,0
I339,1,s,1,0,5,0,s,11,21,s,s,0,10,37,0,0,0,0,26,0,13,s,0,41,0,0,0,0,0,0
I340,1,s,1,0,5,0,s,11,21,s,s,0,10,37,0,0,6,0,26,0,13,s,0,41,0,0,0,7,0,s
1665,1,s,d,0,5,0,s,11,21,s,s,0,10,d,0,d,d,0,26,0,13,s,0,41,0,0,0,7,0,s
1664,d,s,1,0,5,0,s,d,21,s,s,0,d,37,d,0,6,0,26,0,13,s,0,41,0,0,68,7,0,s
1898,1,s,1,0,5,0,s,11,21,s,s,0,10,37,3,0,0,0,26,0,13,s,0,41,0,s,0,0,0,d
I342,1,s,1,0,0,0,s,11,21,s,s,0,10,37,0,0,0,0,0,0,0,s,0,41,0,0,0,0,0,0
I343,1,s,1,0,0,0,s,11,21,s,s,0,10,37,0,0,0,0,0,s,0,s,0,41,0,0,0,0,0,0
1734,1,s,1,0,0,0,s,11,21,s,s,d,10,37,0,0,d,0,0,s,d,s,0,41,0,0,0,0,0,0
1694,1,s,1,0,0,6,s,11,21,s,s,0,10,37,d,0,0,0,5,s,0,s,0,41,0,0,0,0,d,2
1937,1,s,1,0,0,0,s,11,21,s,s,0,10,37,0,0,0,1,0,3,d,s,d,41,d,0,23,11,d,d
I349,1,0,1,0,0,0,0,s,0,0,s,0,10,37,0,0,0,0,0,0,0,s,0,0,0,0,0,0,0,0
I350,1,0,1,0,11,0,0,s,0,0,s,0,10,37,3,0,0,0,0,31,0,s,0,0,0,0,0,0,0,0
1712,1,0,d,0,d,1,d,s,0,0,s,d,10,37,3,13,7,0,0,31,0,s,d,0,12,33,0,s,0,0
I358,1,0,1,0,11,0,0,s,0,0,s,0,10,37,3,0,0,0,0,31,0,s,0,17,0,0,0,11,0,0
I359,1,s,1,0,11,0,1,s,0,0,s,0,10,37,3,0,0,0,0,31,0,s,0,17,0,0,0,11,0,0
1166,1,s,1,1,11,0,1,s,15,d,s,0,10,37,3,0,0,1,0,31,0,s,0,17,s,0,0,11,0,0
I361,1,s,1,0,11,0,1,s,0,0,s,0,10,37,3,0,0,0,0,31,1,s,0,17,0,0,0,11,0,0
1137,1,s,1,0,11,d,1,s,0,9,s,d,10,37,3,0,0,0,0,31,1,s,0,17,0,0,0,11,0,0
1136,1,s,1,0,11,0,1,s,0,0,s,0,10,d,3,0,14,d,0,31,d,s,0,17,d,d,0,d,d,0
1218,1,d,1,0,11,0,0,s,0,8,s,0,10,37,3,0,0,1,d,31,0,s,0,17,0,d,25,11,0,0
I365,1,0,1,0,0,0,0,s,0,14,s,0,10,37,0,0,0,s,0,0,0,s,0,0,0,0,0,0,0,0
I366,1,0,1,0,0,0,0,s,18,14,s,0,10,37,0,0,0,s,0,0,0,s,0,0,0,22,0,5,69,0
1651,d,19,1,1,d,0,0,s,d,14,s,0,10,37,0,0,0,s,15,d,18,s,0,0,0,22,0,5,69,0
I370,1,0,1,1,0,0,0,s,18,14,s,0,10,37,0,0,0,s,0,0,0,s,0,0,0,22,0,5,69,0
I371,1,0,1,1,7,9,0,s,18,14,s,s,10,37,3,0,s,s,0,0,0,s,0,0,0,22,40,5,69,0
1941,1,0,1,1,7,9,0,s,18,14,s,s,10,37,3,0,s,s,0,0,0,s,0,0,d,22,40,5,69,d
1940,1,0,1,1,7,9,0,s,18,14,s,s,d,37,3,0,s,s,0,d,0,s,0,0,0,22,40,5,69,0
1445,1,0,1,1,0,d,0,s,18,14,s,0,10,s,3,0,18,s,0,0,0,s,0,0,0,22,0,5,69,2
I373,1,27,1,0,0,0,0,s,0,14,s,0,10,37,0,0,0,s,20,0,0,s,0,12,0,0,0,0,0,0
I374,1,27,1,0,0,0,0,s,0,14,s,0,10,37,0,0,0,s,20,0,28,s,0,12,0,0,0,7,0,0
1347,d,d,1,0,3,0,d,s,0,14,s,d,10,37,0,0,0,s,20,0,28,s,0,12,0,0,d,7,0,0
1084,1,d,s,1,d,s,d,s,0,14,s,3,10,37,d,14,0,s,20,0,28,s,4,12,0,s,d,7,0,0
1390,1,d,1,0,0,0,d,s,0,14,s,0,10,37,d,d,d,s,d,d,0,s,0,12,0,d,0,0,0,0
I380,1,0,0,0,0,0,0,0,22,0,0,0,10,37,0,0,0,0,0,34,0,s,0,0,0,0,0,0,0,0
I381,1,0,0,0,0,0,0,0,22,13,0,0,10,37,0,0,0,1,25,34,28,s,0,0,0,0,0,0,23,0
I382,1,0,0,0,0,s,0,0,22,13,0,0,10,37,0,0,0,1,25,34,28,s,0,0,0,0,0,0,23,0
I383,1,s,0,0,0,s,0,0,22,13,1,5,10,37,0,0,0,1,25,34,28,s,0,0,0,0,0,0,23,0
I384,1,s,0,0,0,s,0,0,22,13,1,5,10,37,0,0,0,1,25,34,28,s,0,0,0,0,0,0,23,0
I385,1,s,1,0,0,s,0,0,22,13,1,5,10,37,0,0,0,1,25,34,28,s,0,0,0,0,0,0,23,0
1838,1,s,1,0,0,s,d,0,22,d,1,5,10,37,0,s,0,1,25,d,28,s,0,0,0,0,0,0,23,0
1567,1,s,1,d,0,s,d,0,d,d,1,5,d,37,3,0,d,1,25,34,28,s,0,8,0,0,0,0,23,0
I388,1,s,0,0,0,s,1,0,22,13,1,5,10,37,0,0,22,1,25,34,28,s,0,0,0,0,0,0,23,0
1790,d,s,0,0,19,s,1,0,22,13,1,5,10,37,0,0,22,1,25,34,28,s,0,0,0,0,0,d,23,d
I390,1,s,0,0,0,s,1,0,22,13,1,5,10,37,0,0,22,1,25,34,28,s,0,0,0,0,0,0,23,0
1699,1,s,0,0,0,s,1,0,22,13,1,5,10,37,0,0,22,1,25,34,28,s,0,0,0,0,0,0,23,0
1698,1,s,0,0,0,s,1,0,22,d,1,5,10,37,0,0,22,1,25,34,28,s,0,0,0,0,0,0,23,0
I391,1,s,0,0,0,s,0,0,22,13,1,5,10,37,0,0,0,1,25,34,28,s,0,0,0,0,0,0,23,0
I392,1,s,0,0,0,s,0,10,22,13,1,s,10,37,1,0,0,1,25,34,28,s,0,0,0,0,0,0,23,0
I393,1,s,0,0,0,s,0,10,22,13,1,s,10,37,1,0,0,1,25,34,28,s,0,0,0,0,11,0,23,0
1675,1,s,0,0,0,s,0,10,22,13,1,s,10,37,d,0,d,1,d,34,28,s,d,0,12,0,d,0,23,0
1674,d,s,0,0,0,s,0,d,22,13,1,s,10,37,1,0,0,1,25,34,28,s,0,0,0,9,11,0,23,0
1740,1,s,0,0,0,s,0,10,22,13,1,s,10,37,1,0,0,1,25,34,28,s,d,d,s,d,0,0,23,0
I395,1,s,0,0,0,s,0,0,22,13,1,5,10,37,0,0,1,1,25,s,28,s,0,0,0,0,0,0,23,0
1593,1,s,0,0,0,s,0,0,22,13,1,5,10,37,0,d,1,1,25,s,28,s,d,0,0,0,0,0,23,0
1710,1,s,d,0,d,s,0,0,22,13,1,5,10,37,0,0,1,1,25,s,28,s,0,0,d,0,0,0,23,0
I398,1,0,0,0,0,s,0,0,22,13,0,0,10,37,0,0,0,1,25,34,28,s,0,0,0,0,0,0,23,0
I399,1,1,0,0,0,s,0,0,22,13,0,0,10,37,0,0,14,1,25,34,28,s,3,41,0,0,0,0,23,0
I400,1,1,0,0,0,s,0,7,22,13,0,0,10,37,0,0,14,1,25,34,28,s,3,41,0,0,0,0,23,0
1933,1,1,0,0,0,s,0,7,22,d,d,0,d,d,0,d,14,1,25,34,28,s,3,41,d,0,0,0,23,2
I402,1,1,0,0,15,s,0,7,22,13,0,0,10,37,0,3,14,1,25,34,28,s,3,41,0,0,0,0,23,0
1895,1,1,0,0,15,s,0,d,22,13,0,0,10,d,0,3,14,1,25,34,28,s,3,41,d,0,0,0,23,0
1894,1,1,0,1,15,s,d,7,22,13,0,0,10,37,0,3,14,1,25,34,28,s,3,41,0,d,0,0,23,d
I403,1,1,0,0,0,s,0,0,22,13,1,0,10,37,0,0,14,1,25,34,28,s,3,41,0,0,0,0,23,0
1788,1,1,0,0,0,s,0,0,22,d,1,d,10,37,0,d,14,1,25,34,28,s,3,d,d,0,0,11,23,0
1880,d,1,1,0,0,s,0,0,d,13,1,0,10,37,0,0,14,1,25,34,28,s,d,41,0,0,84,0,23,2
I406,1,0,0,1,0,s,0,0,22,13,0,0,10,37,0,0,25,1,25,34,28,s,0,0,14,0,0,0,23,0
1900,1,d,0,1,0,s,0,0,22,13,1,11,10,37,0,d,25,1,25,34,28,s,0,0,14,0,d,0,23,0
1983,1,0,0,1,2,s,0,1,22,d,0,0,10,d,0,0,25,1,d,34,28,s,0,0,14,33,0,0,23,2
I413,1,0,0,1,0,0,0,0,22,13,0,0,10,37,0,0,0,1,25,34,28,s,0,0,0,0,0,11,23,0
I414,1,0,0,1,0,0,0,0,22,13,0,0,10,37,0,0,0,1,25,34,28,s,0,0,0,0,0,11,23,0
I415,1,0,0,1,0,0,0,0,22,13,0,0,10,37,0,0,0,1,25,34,28,s,0,0,0,0,0,11,23,0
I416,1,0,0,1,0,s,0,0,22,13,0,0,10,37,0,0,0,1,25,34,28,s,0,0,17,22,23,11,23,0
I417,1,0,0,1,0,s,0,0,22,13,0,0,10,37,0,9,0,1,25,34,28,s,1,0,17,22,23,11,23,0
1331,1,0,d,1,0,s,0,0,22,13,0,d,10,37,0,9,d,1,25,34,28,s,1,d,d,22,23,11,23,0
1330,1,d,0,1,0,s,0,d,22,13,0,0,d,37,0,9,0,1,25,34,28,s,d,0,17,22,23,11,23,0
I418,1,0,0,1,0,s,0,1,22,13,1,s,10,37,0,9,0,1,25,34,28,s,0,19,17,22,23,11,23,0
1415,1,0,0,1,0,s,0,1,22,13,1,s,10,d,0,d,0,1,d,34,28,s,d,d,17,22,23,11,23,0
1414,1,0,0,1,0,s,0,1,22,13,1,s,d,d,0,9,0,1,25,34,28,s,d,19,17,22,23,d,d,0
I420,1,3,s,1,0,6,0,0,22,13,0,0,10,37,0,0,0,1,25,34,28,s,0,0,0,0,0,11,23,0
1291,d,d,s,1,0,6,d,0,22,13,0,0,d,37,0,0,23,1,25,34,28,s,0,0,0,0,0,11,d,0
1290,1,3,s,1,0,d,0,0,22,13,d,0,d,37,0,0,0,1,25,34,28,s,0,0,13,d,d,11,23,2
I422,1,0,0,1,0,0,0,0,22,13,0,0,10,37,0,0,0,1,25,34,28,s,1,0,0,0,0,11,23,0
1450,1,0,s,1,0,4,d,0,22,13,d,0,10,37,0,0,0,1,25,34,d,s,1,0,0,0,0,d,d,0
I427,1,0,0,1,0,0,0,0,22,13,0,0,10,37,0,0,0,1,25,34,28,s,1,0,0,0,s,11,23,0
1157,1,0,0,1,0,d,0,0,22,13,0,0,10,37,0,0,0,1,25,d,28,s,1,0,10,0,s,11,23,0
1156,1,0,d,1,0,0,1,0,22,13,0,0,10,37,0,d,d,1,25,d,d,s,d,0,d,0,s,11,23,d
I429,1,0,0,1,0,0,0,0,22,13,0,0,10,37,0,0,0,1,25,34,28,s,0,3,0,0,0,11,23,2
I430,1,0,0,1,0,0,0,0,22,13,0,0,10,37,0,0,0,1,25,34,28,s,0,3,0,0,0,11,23,2
I431,1,0,0,1,0,0,0,0,22,13,s,0,10,s,0,0,0,1,25,34,28,s,0,3,0,0,0,11,23,2
1409,1,0,0,d,0,0,0,0,22,13,s,0,10,s,3,d,23,1,25,34,28,s,0,3,0,0,0,11,23,2
I433,1,0,0,1,0,0,0,0,22,13,s,0,10,s,0,0,0,1,25,34,28,s,0,3,14,0,0,11,23,2
1691,1,0,d,1,0,d,0,0,22,13,s,d,d,s,0,0,0,1,25,34,28,s,0,d,14,0,0,11,23,2
1690,1,d,0,1,0,0,0,0,22,13,s,0,10,s,0,0,0,1,25,34,d,s,0,3,14,27,0,11,23,2
I434,1,12,0,1,0,s,1,0,22,13,0,0,10,37,0,0,22,1,25,34,28,s,0,3,0,0,0,11,23,2
I435,1,12,0,1,0,s,1,0,22,13,0,s,10,37,0,20,22,1,25,34,28,s,0,3,0,26,14,11,23,2
1663,d,12,0,1,d,s,1,0,22,13,0,s,10,37,s,20,22,1,25,34,d,s,0,3,0,26,14,11,23,s
1662,1,12,0,1,0,s,1,s,d,13,0,s,10,37,d,20,22,1,25,34,28,s,0,3,d,26,14,d,23,2
I436,1,12,0,1,0,s,1,0,22,13,0,0,10,37,0,0,22,1,25,34,28,s,0,3,0,4,0,11,23,2
1585,1,12,0,d,0,s,1,0,22,13,0,0,10,37,0,0,22,d,25,34,28,s,0,d,0,4,0,11,23,2
1584,1,12,0,1,d,s,1,0,22,d,0,0,d,d,0,0,22,d,25,d,28,s,d,3,0,d,0,11,23,2
I438,1,0,0,1,0,0,0,16,22,13,1,s,10,37,0,0,0,1,25,34,28,s,0,3,7,2,40,11,23,s
1528,1,0,0,1,0,0,2,s,22,13,s,s,10,37,0,0,0,1,25,34,28,s,0,3,d,2,40,11,23,s
1602,1,0,0,d,0,0,0,d,22,d,1,s,10,37,0,d,0,d,25,34,d,s,0,3,7,2,40,11,23,s
I444,1,0,0,0,0,0,0,0,22,0,0,0,10,37,0,0,0,0,0,34,20,s,0,0,0,0,0,0,0,0
I445,1,0,0,0,0,3,0,0,22,0,0,0,10,37,0,0,0,0,0,34,20,s,1,0,0,15,0,0,0,0
I446,1,0,0,0,0,3,0,0,22,0,0,0,10,37,0,0,0,0,0,34,20,s,1,0,0,15,0,0,0,0
I447,1,14,0,0,0,3,0,0,22,0,0,0,10,37,0,0,0,0,0,34,20,s,1,0,0,15,0,0,0,0
I448,1,14,0,0,0,3,1,0,22,0,0,0,10,37,0,0,35,0,0,34,20,s,1,0,0,15,0,0,0,0
I449,1,14,0,0,0,3,1,0,22,1,0,0,10,37,0,0,35,0,0,34,20,s,1,0,0,15,0,0,0,0
1481,1,14,0,d,0,3,1,0,22,1,d,d,10,37,d,0,35,0,0,34,d,s,1,0,0,15,0,d,0,0
1480,1,14,d,0,0,3,1,0,d,1,0,0,10,37,0,0,35,0,0,34,20,s,1,0,s,s,0,0,0,d
1272,1,14,0,1,0,3,1,d,d,0,d,0,10,37,0,d,35,0,d,d,s,s,1,0,0,15,d,d,0,0
I452,1,14,0,1,5,3,0,0,22,8,0,0,10,37,0,6,0,0,0,34,20,s,1,0,8,15,69,7,0,0
1143,1,14,d,1,5,3,0,0,22,8,0,0,10,37,d,6,d,4,0,34,d,s,1,d,8,15,69,7,20,0
1142,1,14,0,1,d,3,0,0,22,8,0,0,10,37,0,d,0,0,0,34,d,s,1,d,8,15,69,d,0,0
I454,1,5,1,0,0,3,0,0,22,0,0,0,10,37,0,0,0,0,0,34,20,s,1,0,0,15,0,0,10,6
I455,1,5,1,0,11,3,0,0,22,0,0,0,10,37,s,0,s,0,0,34,20,s,1,0,0,15,0,0,10,6
1907,1,d,d,0,d,3,0,0,22,d,s,0,10,37,s,0,s,0,0,d,20,s,d,0,0,15,0,0,10,6
1820,1,5,1,d,d,3,0,0,22,d,0,d,s,s,s,0,s,0,0,34,20,s,1,0,0,15,0,0,10,6
I458,1,5,1,0,0,3,0,0,22,0,0,5,10,37,0,0,0,0,0,34,20,s,1,0,0,15,0,0,10,6
2025,1,5,1,0,d,d,0,0,22,0,0,d,10,d,0,0,0,0,0,34,20,s,1,d,0,d,53,0,10,6
1875,1,5,1,1,0,3,1,0,22,0,0,5,10,37,0,0,0,0,0,34,20,s,1,0,0,15,0,0,10,6
I461,1,0,0,0,0,3,0,0,22,0,1,0,10,37,3,0,0,0,0,34,20,s,1,0,0,15,44,0,0,0
I462,1,0,0,0,8,3,0,2,22,0,1,0,10,37,3,0,0,1,0,34,20,s,1,0,0,15,44,0,10,2
I463,1,0,0,0,8,3,0,2,22,0,1,0,10,37,3,0,0,1,0,34,20,s,1,s,0,15,44,8,10,2
I464,1,0,0,0,8,3,0,2,22,0,1,0,10,37,3,0,5,1,0,34,20,s,1,s,0,15,44,8,10,2
1467,d,d,0,0,8,3,0,2,22,d,1,0,10,37,3,0,5,1,d,34,20,s,d,s,0,d,44,8,10,2
1466,1,0,0,0,8,3,0,d,22,0,1,d,10,37,3,0,5,1,0,34,20,s,1,s,12,15,44,8,10,2
1565,d,0,0,d,8,3,0,2,22,0,d,0,10,d,3,0,0,1,s,34,d,s,1,s,0,15,44,8,10,2
I466,1,0,0,0,8,3,0,2,22,0,1,0,10,37,3,0,0,1,2,34,20,s,1,0,0,15,44,0,10,2
1891,1,0,0,0,8,3,0,2,22,0,1,0,d,37,3,0,0,1,2,34,20,s,1,0,16,15,44,0,10,2
1770,1,0,0,0,8,3,0,2,22,0,1,0,10,37,3,0,0,1,d,34,d,s,1,0,0,15,44,0,d,2
I469,1,1,0,0,12,3,0,22,22,8,1,0,10,37,3,0,0,0,0,34,20,s,1,0,0,15,44,0,25,0
1653,1,d,2,0,12,d,0,d,22,8,d,0,s,37,3,0,0,5,0,d,20,s,1,3,0,15,s,0,25,0
I473,1,1,0,0,12,3,0,22,22,8,1,0,10,37,3,9,0,0,0,34,20,s,1,0,10,15,44,0,25,0
1853,1,1,d,0,12,d,0,22,22,8,1,0,10,37,3,9,0,0,0,34,20,s,1,14,10,15,44,d,25,0
I475,1,1,0,0,12,3,0,22,22,8,1,0,s,37,3,9,0,0,0,34,20,s,1,0,10,15,44,0,25,0
1915,1,1,0,0,d,3,0,d,22,8,d,0,s,37,3,9,0,0,0,34,d,s,1,0,10,15,44,0,25,d
1914,1,1,0,0,12,3,0,22,22,8,1,0,s,d,3,9,0,d,0,34,20,s,1,0,10,15,44,0,25,0
I476,1,0,0,1,0,0,0,0,22,14,0,0,10,37,0,0,28,0,26,34,20,s,0,0,0,0,0,0,15,0
I477,1,0,0,1,0,1,0,0,s,14,0,0,10,37,0,0,28,0,26,34,20,s,0,0,0,0,0,0,15,0
I478,1,12,0,1,0,1,1,0,s,14,1,0,10,37,0,0,28,0,26,34,20,s,3,0,0,0,0,s,15,2
1502,1,12,0,1,0,1,1,d,s,d,1,s,10,37,0,0,28,0,26,d,d,s,3,0,d,0,d,s,15,2
I482,1,12,0,1,0,1,1,0,s,14,1,0,10,37,0,0,28,0,26,34,20,s,3,0,0,0,0,s,15,2
I483,1,12,0,1,0,1,1,0,s,14,1,0,10,37,0,6,s,2,26,34,20,s,3,12,0,0,0,s,15,2
1825,1,12,d,1,0,1,1,0,s,14,d,d,10,37,0,6,s,2,26,34,20,s,3,12,d,0,0,s,15,2
1824,1,d,0,1,0,1,1,0,s,14,1,0,10,37,0,6,s,2,26,d,20,s,3,12,0,d,7,s,15,2
I484,1,12,0,1,0,1,1,0,s,14,1,0,10,37,0,0,28,1,26,34,20,s,3,0,0,0,0,s,15,2
1705,1,12,0,1,0,1,1,0,s,d,1,d,10,37,0,0,28,1,26,34,20,s,3,0,0,0,0,s,15,2
1704,d,12,0,1,0,1,d,d,s,14,1,0,10,37,0,0,d,1,d,d,20,s,3,0,0,0,d,s,15,2
I485,1,0,0,1,15,1,0,0,s,14,0,0,10,37,0,3,28,1,26,34,20,s,0,0,0,0,0,0,15,0
1708,1,d,0,1,d,1,0,0,s,14,0,0,10,37,0,3,d,1,26,34,20,s,3,0,0,0,0,0,15,d
I489,1,0,0,1,15,1,0,s,s,14,0,0,10,37,0,3,28,1,26,34,20,s,0,0,0,27,0,0,15,0
1750,1,0,0,1,15,1,0,s,s,d,1,d,10,37,0,3,d,1,26,34,20,s,0,0,d,27,d,0,15,2
I491,1,0,0,1,15,1,0,s,s,14,0,0,10,37,0,3,28,1,26,34,20,s,0,0,16,27,0,0,15,0
1969,1,0,0,1,15,1,0,s,s,14,d,d,10,37,0,3,28,1,26,34,20,s,0,0,16,d,0,0,15,0
1968,1,0,0,1,15,1,0,s,s,14,0,0,d,37,0,3,d,d,26,34,20,s,0,0,16,27,0,0,15,0
I492,1,0,0,1,0,0,0,0,22,14,0,0,10,37,0,0,28,1,26,34,20,s,0,0,0,0,0,8,15,0
I493,1,0,0,1,0,3,0,0,22,14,0,0,10,37,0,0,28,1,26,34,20,s,0,0,0,0,0,8,15,0
I494,1,0,0,1,0,3,0,0,22,14,0,0,10,37,0,21,28,1,26,34,20,s,0,0,0,0,0,8,15,0
I495,1,0,0,1,0,3,0,0,22,14,0,0,10,37,3,21,28,1,26,34,20,s,0,0,0,0,0,8,15,0
1865,1,0,0,d,0,3,0,0,22,14,0,0,d,37,3,21,28,1,26,34,20,s,0,0,d,0,0,8,15,0
1864,1,0,0,1,0,3,0,0,22,14,d,0,10,37,3,21,28,d,d,34,20,s,0,0,0,0,0,8,15,0
I496,1,0,0,1,0,3,0,0,22,14,1,0,10,37,0,21,28,1,26,34,20,s,0,0,0,0,0,8,15,0
1959,1,0,d,1,d,3,0,0,d,14,1,0,10,d,0,21,28,1,d,d,d,s,0,d,d,0,d,8,15,0
1958,1,0,0,1,0,3,0,0,22,14,1,0,10,37,0,d,28,1,26,34,20,s,0,d,0,0,0,8,15,d
I497,1,0,0,1,0,3,0,0,22,14,0,0,10,37,0,0,28,1,26,34,20,s,0,0,0,0,0,8,15,0
1611,1,0,0,1,0,d,0,0,d,14,0,0,10,37,0,0,28,d,26,34,20,s,0,0,d,0,d,8,15,0
I499,1,0,0,1,0,3,0,0,22,14,0,0,10,37,0,0,28,1,26,34,20,s,0,0,0,0,0,8,15,0
1479,1,0,0,1,24,3,0,0,22,14,0,0,10,37,0,0,28,d,26,34,20,s,0,0,0,d,0,d,15,0
1478,1,0,0,1,0,3,0,0,22,14,0,0,10,37,0,0,28,1,26,34,20,s,0,0,0,0,0,8,15,s
I500,1,0,0,1,0,0,0,0,22,14,1,0,10,37,0,0,28,1,26,34,20,s,0,43,0,0,69,8,15,0
I502,1,25,0,1,7,0,1,s,22,14,1,0,10,37,0,0,28,1,26,34,20,s,0,43,0,s,69,8,15,2
2041,1,25,0,1,7,0,1,s,22,14,1,0,d,d,0,0,28,1,26,34,20,s,0,43,0,s,69,8,15,2
2040,1,25,0,1,d,0,1,s,22,14,1,0,10,37,0,0,d,1,26,d,20,s,0,43,0,s,69,8,15,2
I505,1,0,0,1,0,0,0,s,22,14,1,0,10,37,0,0,28,1,26,34,20,s,0,43,0,0,69,8,15,0
1659,1,0,0,1,0,0,0,s,22,d,1,d,10,37,d,0,28,1,26,34,20,s,0,43,0,0,d,8,15,0
1658,1,0,0,1,0,0,d,s,22,14,1,0,10,37,0,0,28,1,26,34,20,s,0,43,0,0,d,8,15,0
I507,s,0,1,0,0,0,2,0,0,0,0,0,0,11,0,0,0,0,0,0,1,s,3,0,0,0,0,0,10,0
I508,s,0,1,0,0,0,2,0,0,0,0,5,0,11,0,0,0,0,0,0,1,s,3,0,0,0,0,0,10,0
I509,s,0,1,0,5,0,2,0,0,0,0,5,0,11,0,23,0,0,0,0,1,s,3,0,0,0,0,0,10,0
I510,s,0,1,0,5,0,2,22,0,14,0,5,5,11,0,23,1,s,0,0,1,s,3,0,0,0,0,0,10,s
I511,s,0,1,0,5,0,2,22,0,14,0,5,5,11,0,23,1,s,0,0,1,s,3,0,0,0,7,0,10,s
I512,s,0,1,0,5,0,2,22,0,14,0,5,5,11,0,23,1,s,0,0,1,s,3,0,0,0,7,0,10,s
I513,s,0,1,0,5,0,2,22,0,14,1,5,5,11,0,23,1,s,0,0,1,s,3,0,0,0,7,0,10,s
1064,s,0,1,s,5,6,2,22,0,14,1,5,d,11,0,23,d,s,0,0,1,s,3,0,0,0,7,0,10,s
I517,s,0,1,0,5,0,2,22,0,14,1,5,5,11,0,23,1,s,0,0,1,s,3,8,0,0,7,0,10,s
I518,s,0,1,0,5,0,2,22,0,14,1,5,5,11,0,23,1,s,0,0,1,s,3,8,10,0,7,0,10,s
1091,s,d,d,0,5,0,2,22,0,14,1,5,d,d,0,23,1,s,d,0,1,s,3,d,10,0,7,0,d,s
1090,s,0,d,0,5,0,2,22,d,14,d,s,5,11,d,23,1,s,0,0,1,s,3,d,10,0,7,0,10,s
I519,s,0,1,0,5,0,2,22,0,14,1,5,5,11,0,23,1,s,0,0,1,s,3,8,0,0,7,0,10,s
1107,s,d,1,0,5,0,2,d,0,d,1,5,5,11,0,23,d,s,0,0,1,s,3,8,1,0,7,0,10,s
1106,s,0,1,0,5,0,2,22,0,14,1,5,5,11,0,23,1,s,0,0,1,s,3,8,0,0,7,0,10,s
I520,s,0,1,0,5,0,2,22,0,14,0,5,5,11,0,23,1,s,0,0,1,s,3,0,0,0,7,0,10,s
I521,s,0,1,0,5,0,2,22,0,14,0,5,5,11,0,23,1,s,0,0,1,s,s,0,0,0,7,0,10,s
I522,s,0,1,0,5,0,2,22,0,14,0,5,5,11,0,23,1,s,0,0,1,s,s,0,17,s,7,0,10,s
1323,s,0,1,0,d,0,2,22,0,14,0,5,5,11,0,23,1,s,0,0,1,s,s,0,d,s,7,0,d,s
1322,s,0,1,0,5,d,2,d,0,14,0,5,5,11,0,23,1,s,d,0,1,s,s,0,d,s,7,0,10,s
I523,s,0,1,0,5,0,2,22,19,14,0,5,5,11,0,23,1,s,0,0,1,s,s,0,0,33,7,0,10,s
1257,s,0,1,0,5,0,2,d,19,14,0,5,5,11,0,23,1,s,0,0,1,s,s,0,0,33,7,0,d,s
1256,s,d,1,d,5,0,d,22,d,14,d,5,5,11,0,23,1,s,0,0,1,s,s,0,0,33,7,0,10,s
I525,s,0,1,1,5,0,2,22,0,14,0,5,5,11,0,23,1,s,0,s,1,s,s,0,0,33,7,0,10,s
1355,s,0,1,1,5,d,2,22,0,14,0,5,d,11,0,d,d,s,0,s,1,s,s,0,d,33,7,0,10,s
1354,s,0,1,1,5,0,d,22,0,14,d,5,5,11,0,23,1,s,0,s,1,s,s,0,0,33,s,0,d,s
I527,s,0,1,0,5,0,2,22,0,14,0,5,5,11,0,23,1,s,0,3,1,s,3,0,0,0,7,0,10,s
I528,s,0,1,0,5,0,2,22,0,14,0,5,5,11,0,23,1,s,0,3,1,s,3,0,0,0,7,6,10,s
I529,s,5,1,0,5,0,2,22,0,14,0,5,5,11,0,23,1,s,0,3,1,s,3,6,0,0,7,6,10,s
I530,s,5,1,0,5,0,2,22,0,14,0,5,5,11,0,23,1,s,0,3,1,s,3,6,0,0,7,6,10,s
1381,s,5,1,1,5,0,2,22,s,14,d,5,5,11,0,23,1,s,0,3,s,s,3,6,0,0,7,6,d,s
1380,s,d,1,d,5,d,2,22,0,14,0,5,5,11,0,23,1,s,0,3,d,s,d,6,0,0,7,6,10,s
1654,s,5,1,0,5,0,2,d,21,14,0,d,d,11,0,d,d,s,0,3,1,s,3,6,0,0,d,6,10,s
I532,s,0,1,1,5,0,2,22,0,14,0,5,5,11,0,23,1,s,0,3,1,s,3,0,0,0,7,6,10,s
1388,s,0,1,1,5,0,2,22,d,14,1,5,5,11,0,d,1,s,0,d,d,s,3,d,0,0,d,6,10,s
1393,s,0,1,1,5,6,2,22,0,14,0,d,5,11,0,23,1,s,0,3,1,s,3,0,0,0,d,6,10,s
I535,s,0,1,0,5,0,2,22,0,14,0,5,5,11,0,23,1,s,0,3,1,s,3,0,0,0,7,0,10,s
I536,s,0,1,0,5,0,2,22,0,14,0,5,5,11,0,23,1,s,0,3,1,s,3,17,0,0,7,0,10,s
1211,s,0,1,d,5,0,d,s,0,14,0,5,5,11,0,23,d,s,26,3,1,s,3,17,0,0,7,7,d,s
1236,s,d,1,1,5,0,2,d,d,d,0,5,d,11,0,23,1,s,0,3,1,s,3,17,0,0,7,0,10,s
I539,s,0,1,0,5,0,2,22,0,14,s,5,5,11,1,23,1,s,0,3,1,s,3,3,0,0,7,0,10,s
1155,s,d,1,d,5,0,2,22,0,14,s,5,5,11,1,23,1,s,0,3,1,s,3,3,0,0,7,0,10,s
I541,s,0,1,s,5,0,2,22,0,14,s,5,5,11,1,23,1,s,0,3,1,s,3,3,0,0,7,0,10,s
1175,s,0,1,s,5,0,2,22,0,14,s,5,d,11,1,d,1,s,0,d,1,s,d,3,0,0,d,0,10,s
1174,s,0,1,s,d,0,2,22,0,14,s,d,5,11,1,23,1,s,0,3,1,s,3,3,0,d,d,d,10,s
I542,s,0,1,0,5,0,2,22,0,14,0,5,5,11,0,23,1,s,0,0,1,s,3,0,0,0,25,0,10,s
I543,s,18,1,0,5,0,2,22,0,14,0,5,5,11,0,23,1,s,0,0,1,s,3,0,0,0,25,0,10,s
I544,s,18,1,0,5,0,2,22,21,14,1,5,5,11,3,23,1,s,20,0,1,s,3,0,s,0,25,0,10,s
I545,s,18,1,0,5,0,2,22,21,14,1,5,5,11,3,23,1,s,20,9,1,s,3,0,s,0,25,0,10,s
1183,s,18,1,0,5,0,2,22,21,14,d,s,5,11,3,23,1,s,20,d,1,s,3,0,s,0,25,0,10,s
1082,s,18,1,0,5,0,2,d,21,14,1,5,5,11,3,23,1,s,d,9,1,s,3,0,s,0,25,0,10,s
2047,s,18,1,d,5,0,d,22,21,14,1,5,d,d,3,23,1,s,d,18,d,s,d,0,s,d,25,0,10,s
I552,s,18,1,0,5,0,2,22,0,14,s,5,5,11,0,23,1,s,0,0,1,s,3,0,19,0,25,0,10,s
I553,s,18,1,1,5,0,2,22,0,14,s,5,5,11,0,23,1,s,0,0,1,s,3,0,19,0,25,0,10,s
1088,s,18,1,1,5,d,2,22,0,14,s,5,5,11,0,23,1,s,0,0,1,s,3,0,19,0,d,0,10,s
1203,s,18,1,1,5,0,2,22,21,d,s,d,5,11,d,23,1,s,s,d,1,s,3,d,19,0,25,7,10,s
I556,s,18,1,0,5,0,2,22,0,14,s,5,5,11,0,23,1,s,0,0,1,s,3,16,19,0,25,0,10,s
1266,s,18,1,0,5,0,d,22,0,14,s,5,5,11,d,23,1,s,0,0,1,s,3,d,19,d,25,0,10,s
I558,s,18,1,0,5,0,2,22,0,14,s,5,5,11,0,23,1,s,0,0,1,s,3,16,19,0,25,0,10,s
2017,s,s,1,0,5,0,d,22,0,14,s,d,d,d,0,23,1,s,d,0,1,s,3,16,19,0,25,0,10,s
2038,s,d,1,s,d,0,2,22,0,14,s,5,5,11,3,23,1,s,0,0,1,s,d,16,d,0,d,0,10,s
I561,s,0,1,0,5,0,2,22,18,14,0,5,5,11,3,23,1,s,0,0,1,s,3,0,0,0,25,0,10,s
I562,s,0,1,0,5,0,2,22,18,14,0,5,5,11,3,23,1,s,0,7,1,s,3,0,0,0,25,0,10,s
1168,s,0,1,d,5,0,2,22,18,14,d,d,5,11,3,d,1,s,0,7,1,s,3,0,0,0,25,11,d,s
1516,s,10,d,1,5,d,2,22,d,14,0,d,d,11,3,23,1,s,25,7,1,s,3,0,0,0,25,0,10,s
I569,s,s,1,0,5,0,2,22,18,14,0,5,5,11,3,23,1,s,0,0,1,s,3,0,0,0,25,0,10,s
I570,s,s,1,1,5,0,2,22,18,14,0,5,5,11,3,23,1,s,0,0,1,s,3,0,0,0,25,0,10,s
1294,s,s,1,1,5,d,2,22,18,14,0,5,5,d,3,d,1,s,0,0,1,s,3,0,d,0,25,d,10,s
1353,s,s,1,1,5,0,2,22,18,14,0,5,5,11,3,23,1,s,s,0,1,s,3,0,17,33,25,0,10,s
I573,s,s,1,0,5,0,2,22,18,14,0,5,5,11,3,23,1,s,0,0,1,s,3,0,0,0,25,0,10,s
1551,s,s,1,0,d,0,2,22,18,14,0,5,5,11,d,d,1,s,0,d,1,s,3,17,30,0,d,0,10,s
1196,s,s,1,0,5,d,2,22,18,d,0,5,5,11,3,23,1,s,0,0,1,s,3,d,0,30,25,0,10,s
I576,s,14,1,0,5,0,2,0,0,0,0,5,0,11,3,23,0,0,0,0,1,s,3,0,1,16,79,s,10,0
I577,s,14,s,0,5,0,2,0,0,0,0,5,0,11,3,23,5,0,0,0,1,s,3,0,1,16,79,s,10,0
I578,s,14,s,0,5,0,2,0,0,0,0,5,0,11,3,23,5,1,0,0,1,s,3,0,1,16,79,s,10,0
I579,s,14,s,0,5,0,s,0,15,2,0,5,0,11,3,23,5,1,0,7,1,s,3,0,1,16,79,s,10,0
I580,s,14,s,0,5,0,s,0,15,2,1,5,0,11,3,23,5,1,0,7,1,s,3,0,1,16,79,s,s,2
1834,s,14,s,0,d,0,s,0,15,2,1,d,0,11,d,23,5,1,0,7,1,s,3,d,1,d,79,s,s,2
I582,s,14,s,1,5,0,s,0,15,2,1,5,0,11,3,23,5,1,0,7,1,s,3,0,1,16,79,s,s,2
1671,s,d,s,1,5,0,s,0,15,2,1,5,d,11,3,23,5,1,0,d,1,s,3,0,1,16,79,s,s,2
1670,s,14,s,d,5,0,s,0,15,2,1,d,0,11,3,23,5,1,d,d,1,s,3,0,1,16,79,s,s,2
I583,s,14,s,0,5,0,s,4,15,2,0,5,0,11,3,23,5,1,0,7,1,s,3,0,1,16,79,s,10,0
1948,s,d,s,0,5,0,s,4,15,d,0,5,0,11,3,d,5,1,0,7,1,s,d,0,1,16,79,s,10,0
1749,s,14,s,1,5,d,s,4,d,2,0,5,0,11,3,d,5,1,0,7,1,s,3,d,1,d,79,s,10,2
I586,s,14,s,0,5,0,2,0,0,0,0,5,0,11,3,23,s,1,0,0,1,s,3,0,1,16,79,s,10,0
I587,s,14,s,1,5,0,2,0,0,0,0,5,0,11,3,23,s,1,0,0,1,s,3,0,1,16,79,s,10,0
1269,s,14,s,1,5,d,2,0,0,0,1,5,0,11,d,23,s,1,0,0,1,s,3,d,1,16,79,s,10,0
1177,s,14,s,1,5,0,2,23,4,0,d,5,0,11,3,23,s,1,0,0,1,s,3,0,1,16,79,s,10,0
1340,s,14,s,0,5,0,2,0,s,0,0,5,d,11,3,23,s,1,0,0,1,s,3,0,1,16,79,s,10,0
I593,s,14,s,0,5,0,2,0,0,0,0,5,0,11,3,23,5,0,0,0,s,s,3,0,1,16,79,s,10,0
I594,s,s,s,0,5,0,2,0,0,0,0,5,0,11,3,23,5,0,0,0,s,s,3,0,1,16,79,s,10,0
I595,s,s,s,0,5,0,2,0,s,0,0,5,17,11,3,23,5,0,0,0,s,s,3,0,1,16,79,s,10,0
I596,s,s,s,0,5,0,2,0,s,0,0,5,17,11,3,s,5,0,0,0,s,s,3,0,1,16,79,s,10,0
1199,s,s,s,0,5,0,2,5,s,0,0,d,17,11,3,s,d,0,0,0,s,s,3,0,1,16,79,s,d,0
1198,s,s,s,0,d,0,2,0,s,0,0,5,17,11,3,s,5,0,21,0,s,s,d,0,1,d,79,s,10,0
I598,s,s,s,1,5,0,2,0,s,8,0,5,17,11,3,23,5,0,2,0,s,s,3,0,1,16,79,s,10,0
2011,s,s,s,d,5,0,2,0,s,8,d,5,17,d,3,23,5,0,2,0,s,s,d,0,d,16,79,s,d,0
2010,s,s,s,1,5,0,2,0,s,8,0,5,17,11,3,23,5,0,2,0,s,s,3,0,1,16,d,s,10,0
I600,s,s,s,s,5,0,2,0,0,0,0,5,0,11,3,23,5,0,0,0,s,s,3,12,1,16,79,s,10,0
I601,s,s,s,s,5,0,2,23,0,0,0,5,0,11,3,23,5,0,0,0,s,s,3,12,1,16,79,s,10,0
1217,s,s,s,s,5,0,2,23,0,14,0,5,5,11,3,23,5,0,0,d,s,s,3,12,1,16,d,s,10,0
1216,s,s,s,s,5,0,2,23,0,d,0,5,0,11,3,23,5,d,0,0,s,s,3,12,1,16,d,s,10,0
1327,s,s,s,s,5,0,s,0,0,0,0,s,0,11,3,23,s,0,0,0,s,s,3,12,1,16,79,s,d,d
I603,s,14,s,0,5,7,2,16,21,0,0,5,0,11,3,23,5,0,0,0,s,s,3,0,1,16,79,s,10,0
I604,s,14,s,0,5,7,2,16,21,0,0,5,0,11,3,23,5,0,0,0,s,s,3,0,1,16,79,s,10,0
I605,s,14,s,0,5,7,2,16,21,0,0,5,0,11,3,23,5,0,0,0,s,s,3,0,1,16,79,s,s,0
1419,s,14,s,d,5,7,2,16,d,0,0,5,0,11,3,d,5,0,0,0,s,s,3,0,1,16,d,s,s,d
1418,s,14,s,0,5,7,2,16,21,0,0,5,7,11,3,23,5,0,5,d,s,s,3,0,1,16,79,s,s,s
1087,s,d,s,0,5,d,d,16,21,d,0,5,d,11,3,23,5,0,0,0,s,s,3,0,1,16,79,s,10,0
I607,s,14,s,0,5,7,2,16,21,0,0,5,0,11,3,23,5,0,0,0,s,s,3,0,1,16,79,s,10,0
I608,s,14,s,0,5,7,2,16,21,0,0,5,0,11,3,23,5,0,0,0,s,s,3,0,1,16,79,s,10,0
1207,s,14,s,0,5,7,2,16,21,0,0,5,0,11,3,23,5,d,0,0,s,s,d,d,1,d,79,s,d,0
1206,s,14,s,0,5,7,2,16,21,0,0,d,0,11,d,23,5,0,0,0,s,s,3,0,1,16,79,s,10,0
1178,s,d,s,0,5,7,2,16,21,0,0,5,7,11,3,23,5,0,d,0,s,s,s,s,1,16,79,s,d,0
I610,s,14,1,0,5,0,2,0,0,0,0,5,0,11,3,23,0,0,0,0,1,s,3,0,1,16,79,s,10,0
I611,s,14,1,0,5,0,2,0,0,1,0,s,0,11,3,23,0,0,0,0,1,s,3,0,1,16,79,s,10,0
I612,s,14,1,1,5,3,2,0,8,1,0,s,0,11,3,23,0,0,8,0,1,s,3,0,1,16,79,s,10,0
I613,s,14,1,1,5,3,2,0,8,1,0,s,0,11,3,23,0,0,8,0,1,s,3,0,1,16,79,s,10,0
1642,s,14,1,1,5,3,2,1,8,1,0,s,0,d,3,23,d,0,8,0,1,s,3,0,1,16,79,s,10,d
I615,s,14,1,1,5,3,2,s,8,1,0,s,20,11,3,23,0,0,8,0,1,s,3,0,1,16,79,s,10,0
1383,s,14,d,1,5,3,2,s,8,1,0,s,20,11,3,23,0,0,8,d,1,s,3,0,1,16,79,s,10,0
1382,s,14,1,1,d,3,2,s,8,1,d,s,s,11,3,23,0,0,8,0,1,s,3,0,1,16,79,s,d,0
I616,s,14,1,1,5,3,2,0,8,1,0,s,0,11,3,23,0,s,8,0,1,s,3,0,1,16,79,s,10,0
I617,s,14,1,1,5,3,2,0,8,1,0,s,0,11,3,23,0,s,8,0,1,s,3,0,1,16,79,s,10,0
1453,s,14,1,d,5,3,2,0,8,1,0,s,0,11,3,23,0,s,8,0,s,s,3,0,1,d,79,s,10,0
1452,s,14,1,1,5,d,2,0,8,d,0,s,0,11,d,23,0,s,d,0,1,s,3,2,d,16,79,s,10,0
1533,s,14,1,s,d,3,d,d,8,d,0,s,0,11,3,23,0,s,8,0,d,s,3,0,1,16,79,s,10,2
I619,s,14,1,0,5,0,2,0,22,1,0,s,0,11,3,23,18,1,0,0,1,s,3,0,1,16,79,s,10,0
1461,s,14,1,1,d,0,2,0,22,1,0,s,0,11,3,d,s,1,0,d,s,s,3,27,1,d,79,s,d,0
1324,s,14,1,0,5,d,2,0,22,1,0,s,0,11,3,23,d,1,0,0,1,s,3,0,1,16,79,s,10,2
I626,s,14,1,0,5,0,2,0,0,0,0,5,0,11,3,23,0,0,0,0,1,s,3,0,1,16,79,s,10,0
I627,s,14,1,0,5,0,2,0,0,0,1,5,0,11,3,23,0,0,0,0,1,s,3,0,1,16,79,s,10,0
1184,s,14,1,0,5,0,d,1,0,0,1,5,0,11,3,23,0,0,0,0,1,s,3,0,1,16,79,s,10,0
I631,s,14,1,0,5,0,2,0,0,0,1,5,0,11,3,23,0,0,25,0,1,s,3,0,1,16,79,s,10,0
1384,s,14,d,d,5,15,2,0,0,d,1,d,d,11,3,d,0,0,25,0,1,s,3,0,1,16,79,s,d,0
1412,s,14,1,0,5,0,2,0,0,0,1,5,0,11,d,23,0,0,25,7,1,s,d,0,1,16,d,s,d,2
I634,s,14,1,0,5,0,2,4,0,0,0,5,0,11,3,23,0,0,0,0,1,s,3,0,1,16,79,s,10,0
I635,s,14,1,0,5,0,2,4,0,0,0,5,10,11,3,23,0,0,0,0,1,s,3,0,1,16,79,s,10,0
1335,s,d,1,0,5,0,2,4,s,d,0,5,d,11,3,23,0,0,d,0,d,s,d,d,d,16,79,s,d,d
I637,s,14,1,1,5,0,2,4,0,0,0,5,10,11,3,23,0,0,0,0,1,s,3,6,1,16,79,s,10,0
1485,s,14,1,d,d,0,2,4,0,0,0,5,10,11,3,23,0,0,0,0,1,s,3,6,1,16,79,s,d,0
1484,s,14,1,1,5,0,2,4,0,0,0,5,10,11,3,d,0,d,0,0,1,s,3,6,1,16,79,s,10,0
I638,s,14,1,0,5,0,2,4,0,s,0,5,0,11,3,23,0,0,0,0,1,s,3,39,1,16,79,s,10,0
1469,s,14,1,0,5,0,2,d,0,s,0,5,0,11,3,23,0,0,0,0,1,s,d,39,1,16,79,s,10,0
1351,s,14,1,1,5,10,2,4,0,s,0,5,0,11,3,23,0,0,0,0,1,s,3,39,1,16,79,s,10,0
I641,s,0,1,0,0,0,2,0,0,0,0,5,0,11,0,0,0,0,0,0,1,s,3,0,0,0,0,0,10,0
I642,s,0,1,0,2,0,2,22,0,2,0,5,10,11,0,0,0,0,0,0,1,s,3,0,0,0,0,0,10,0
I643,s,1,1,1,2,0,2,22,0,2,0,5,10,11,0,33,0,0,0,0,1,s,3,0,0,0,46,0,10,0
I644,s,1,1,1,2,0,2,22,0,2,0,5,10,11,0,33,12,0,0,0,1,s,3,10,0,0,46,0,10,0
I649,s,1,1,1,2,0,2,22,0,2,0,5,10,11,0,33,12,0,0,7,1,s,3,10,0,0,46,0,10,0
I650,s,1,1,1,2,0,2,22,0,2,0,5,10,11,0,33,12,2,0,7,1,s,3,10,0,35,46,0,10,0
1819,s,1,d,1,2,0,2,22,0,2,d,5,10,11,0,33,12,d,0,7,1,s,3,10,d,35,46,0,10,0
1818,s,d,d,1,2,0,2,22,d,2,0,5,10,11,0,33,12,2,0,d,1,s,3,10,0,35,46,0,10,0
1558,s,1,1,s,2,12,2,22,d,2,0,5,d,11,0,33,12,d,0,7,1,s,3,10,d,d,46,d,10,d
I652,s,1,1,1,2,0,2,22,0,2,0,5,10,11,0,33,12,0,0,0,1,s,3,10,0,0,46,0,10,0
I654,s,1,s,1,s,0,2,22,21,2,0,5,10,11,0,33,12,0,0,0,1,s,3,10,0,0,46,0,10,0
1289,s,1,s,d,s,d,2,22,21,2,0,5,d,11,0,33,d,0,d,0,1,s,3,10,0,0,46,0,d,0
1288,s,1,s,1,s,d,2,22,21,2,1,5,10,11,d,33,12,0,0,0,1,s,3,10,0,0,46,0,10,0
I656,s,1,1,1,2,0,s,22,0,2,0,5,10,11,0,33,12,0,0,0,1,s,3,10,0,0,46,s,10,0
I657,s,1,1,1,2,0,s,22,0,2,0,5,10,11,0,33,12,0,0,0,1,s,3,10,0,0,s,s,10,0
1637,s,d,1,d,2,0,s,22,0,2,d,5,10,d,d,33,d,0,0,0,d,s,3,10,0,0,s,s,10,0
1636,s,1,1,d,2,0,s,22,d,2,0,5,10,11,0,33,d,0,0,d,1,s,3,10,0,0,s,s,10,0
1700,s,1,1,d,2,d,s,22,10,2,1,s,10,11,0,33,12,0,0,0,1,s,3,d,0,d,46,s,10,0
I659,s,1,1,1,2,0,2,22,0,2,1,5,10,11,3,33,0,5,0,0,1,s,3,0,0,0,46,0,10,0
I660,s,1,1,1,2,0,2,22,6,2,1,5,10,11,3,33,5,5,0,0,1,s,3,0,0,0,46,0,10,0
1228,s,1,1,1,2,0,2,22,6,2,1,5,d,11,3,33,5,5,0,0,1,s,3,0,0,0,46,0,10,0
I665,s,1,1,1,2,0,2,22,6,2,1,5,10,11,3,33,5,5,2,0,1,s,3,0,0,0,46,0,10,0
1471,s,1,d,1,2,0,2,d,d,2,1,5,d,11,3,33,5,5,2,0,1,s,3,0,0,0,46,0,d,0
1470,s,1,1,d,2,0,2,d,6,2,1,5,10,11,3,33,d,5,2,0,1,s,3,0,0,d,d,0,10,0
I667,s,1,1,1,2,0,2,22,0,2,1,5,10,11,s,33,0,5,0,0,1,s,s,0,0,0,46,0,10,0
I668,s,1,1,1,2,0,2,22,0,2,1,5,10,11,s,33,0,5,0,11,s,s,s,0,0,0,46,0,10,2
1561,s,1,1,1,2,10,2,22,0,2,1,5,d,11,s,33,1,5,d,11,s,s,s,0,0,0,d,0,10,2
1620,s,1,1,1,2,0,d,d,d,2,1,5,10,d,s,33,0,5,0,11,s,s,s,d,0,0,d,0,10,2
1630,s,1,1,1,2,0,2,22,d,2,1,5,10,11,s,33,0,5,0,0,1,s,s,d,0,32,46,d,d,d
I674,s,0,1,0,2,0,2,22,0,2,0,5,10,11,0,0,6,0,0,0,1,s,3,0,0,22,0,0,10,0
I675,s,0,1,0,2,0,2,22,0,2,0,5,10,11,0,0,6,0,0,14,1,s,3,0,0,22,0,0,10,0
I676,s,0,1,0,2,0,2,22,0,2,0,5,10,11,0,0,6,0,0,14,1,s,3,0,14,22,0,0,10,0
1465,s,10,1,0,2,0,2,22,0,2,0,s,10,11,0,d,d,1,0,14,d,s,3,0,14,22,0,8,s,0
I680,s,0,1,0,2,6,2,22,0,2,0,5,10,11,0,0,6,0,0,14,1,s,3,0,14,22,0,0,10,0
1297,s,d,1,1,2,6,2,22,0,2,0,5,10,11,0,0,6,d,d,14,1,s,3,0,14,22,0,0,10,d
1135,s,0,1,0,d,d,2,22,0,d,d,5,10,11,0,0,d,d,0,14,1,s,3,0,14,22,0,0,10,0
I683,s,0,1,0,2,0,2,22,0,2,0,5,10,11,0,0,6,0,26,14,1,s,3,0,12,22,0,8,10,0
1854,s,0,1,0,2,0,s,d,0,s,0,s,s,11,0,0,6,0,26,14,d,s,3,0,12,22,0,8,10,2
1530,s,1,1,0,2,4,2,d,0,2,0,5,10,11,3,d,6,0,26,14,1,s,3,d,12,d,69,8,10,0
I690,s,0,1,0,2,0,2,22,0,2,0,5,10,11,0,0,6,0,0,7,1,s,3,0,16,22,0,0,10,0
I691,s,0,1,0,2,0,2,22,0,2,0,5,10,11,0,0,6,0,0,7,1,s,s,0,16,22,0,0,10,0
1188,s,1,1,d,2,9,2,22,1,2,0,5,10,11,0,26,d,0,0,s,1,s,s,d,16,22,0,8,10,0
I695,s,0,1,0,2,0,2,22,0,2,0,5,10,11,0,0,6,0,0,7,1,s,s,0,16,22,0,0,10,0
1463,s,0,1,1,2,0,d,22,0,2,0,5,d,d,0,0,6,1,0,7,1,s,s,0,d,22,0,d,10,0
1510,s,d,1,1,s,d,2,22,d,2,d,d,10,11,d,0,6,0,0,7,1,s,s,d,16,22,0,0,10,0
I698,s,0,1,0,2,0,2,22,0,2,0,5,10,11,0,0,6,0,0,7,1,s,3,0,16,22,0,0,10,0
I699,s,0,1,0,2,0,2,22,0,2,0,5,10,11,0,0,6,0,0,7,1,s,3,0,16,22,0,0,10,0
I700,s,0,1,0,2,0,2,22,0,2,0,5,10,11,0,0,6,0,0,7,1,s,3,41,16,22,0,0,10,0
1357,s,0,1,0,2,0,2,22,0,2,0,5,10,11,0,0,6,0,0,7,d,s,3,d,16,d,0,0,10,0
1356,s,0,1,0,2,0,d,22,d,d,0,5,10,11,0,s,6,0,0,7,1,s,3,41,d,22,0,0,10,0
1275,s,0,1,0,2,0,2,22,d,2,d,5,10,11,0,0,6,0,0,7,1,s,d,0,16,22,3,0,10,2
I702,s,0,1,0,2,0,2,22,0,2,0,5,10,11,0,0,6,0,0,7,1,s,3,0,16,22,0,0,10,2
1307,s,0,1,0,d,0,2,22,0,s,1,5,10,11,3,s,6,0,d,7,1,s,3,0,16,22,0,0,d,2
1271,s,25,1,0,2,d,2,22,0,d,0,d,d,11,0,d,6,0,0,s,d,s,3,s,16,d,0,0,10,d
I705,s,0,1,0,28,0,2,0,0,0,1,5,0,11,0,0,0,2,0,0,1,s,3,0,0,0,0,0,10,0
I706,s,0,1,0,28,0,2,0,0,0,1,5,0,11,0,0,0,2,0,0,1,s,3,0,0,0,0,0,10,2
I707,s,0,1,0,28,2,2,0,0,0,1,5,0,11,3,24,0,2,5,0,1,s,3,0,0,0,0,0,10,2
I708,s,0,1,0,28,2,2,0,0,0,1,5,0,11,3,24,0,2,5,0,1,s,3,0,0,0,28,0,10,2
I709,s,0,1,0,28,2,2,0,0,0,1,5,0,11,3,24,0,2,5,0,1,s,3,0,0,0,28,0,10,2
I710,s,0,1,0,28,2,2,0,0,0,1,5,0,11,3,24,0,2,5,0,1,s,3,0,0,0,28,0,10,2
1233,s,0,1,0,28,d,2,0,d,d,1,5,0,11,3,d,0,2,5,0,1,s,3,0,0,0,28,0,s,2
1232,s,0,1,0,28,d,2,0,0,0,1,5,0,11,3,d,0,2,5,0,1,s,3,d,0,0,28,0,d,2
1555,s,0,1,0,28,s,d,0,0,0,1,5,0,11,3,24,0,2,5,0,1,s,3,0,0,d,s,0,10,2
I712,s,0,1,0,28,2,2,0,0,0,1,5,0,11,3,24,0,2,5,0,1,s,3,0,0,0,28,0,10,2
1386,s,0,1,0,d,2,2,0,0,0,1,5,10,11,3,24,0,2,5,0,1,s,s,0,d,0,28,0,10,2
1672,s,0,1,0,28,2,2,18,0,8,1,5,4,d,3,24,0,2,d,0,1,s,3,d,0,d,28,0,10,2
I715,s,0,1,0,28,2,2,0,0,0,1,5,0,11,3,24,0,2,5,0,1,s,3,0,0,0,0,0,10,2
1722,s,0,1,0,28,2,2,d,d,0,1,5,d,11,3,24,0,s,d,0,d,s,3,0,12,0,0,0,10,2
1830,s,12,d,1,28,2,2,10,0,0,1,d,0,11,3,24,0,2,5,0,1,s,3,0,0,0,0,0,10,s
I722,s,0,1,0,28,0,2,0,0,0,1,5,0,11,0,0,0,2,0,0,s,s,3,0,0,0,0,11,10,2
I723,s,0,1,0,28,1,2,0,0,0,1,5,0,11,0,0,0,2,0,0,s,s,3,0,15,0,0,11,10,2
1577,s,0,1,0,28,d,2,s,0,0,d,5,0,11,0,0,d,2,0,0,s,s,3,0,15,d,0,11,10,2
2035,s,0,1,0,28,d,2,0,0,0,1,5,1,d,0,0,0,2,s,0,s,s,3,0,d,0,d,11,10,2
I730,s,10,1,0,28,0,2,0,10,0,1,5,0,11,0,19,0,2,0,9,s,s,3,0,0,0,0,11,10,2
I731,s,10,s,0,28,0,2,16,10,0,1,5,5,11,0,19,23,2,0,9,s,s,3,0,0,0,7,11,10,2
1872,s,10,s,0,28,0,2,16,d,8,1,5,5,11,0,19,23,2,0,9,s,s,3,0,d,0,7,11,10,2
I733,s,10,s,0,28,0,2,16,10,1,1,5,5,11,0,19,23,2,0,9,s,s,s,0,0,0,7,11,10,2
2023,s,10,s,0,28,0,2,d,10,1,d,5,5,11,0,19,23,2,0,9,s,s,s,0,0,0,7,11,10,2
2022,s,10,s,0,28,0,2,16,10,d,1,5,5,11,0,19,23,2,0,9,s,s,s,0,0,d,7,11,d,d
I734,s,10,1,0,28,2,2,0,10,0,1,5,0,11,0,19,0,2,0,9,s,s,3,0,0,0,73,11,10,2
I735,s,10,1,0,28,2,2,0,10,0,1,5,0,11,0,19,0,2,0,9,s,s,3,0,0,0,73,11,10,2
1989,s,10,1,0,28,2,2,d,10,0,1,5,0,d,d,19,d,2,0,9,s,s,3,0,0,0,73,d,10,2
1988,s,d,d,d,28,2,d,0,10,0,1,5,0,11,0,d,0,2,0,9,s,s,3,0,0,0,73,11,10,2
2019,s,10,1,1,28,2,2,0,10,0,1,5,0,11,0,19,0,2,0,9,s,s,3,0,0,0,73,11,d,2
I737,s,0,1,0,28,1,2,0,0,0,1,5,0,11,0,0,0,2,0,0,1,s,3,0,0,0,0,0,10,0
I738,s,0,1,0,28,1,2,0,0,0,1,5,s,11,0,0,0,2,23,0,1,s,3,0,0,0,0,0,10,0
I739,s,7,1,0,28,1,2,0,20,0,1,5,s,11,0,0,0,2,23,0,1,s,3,0,0,0,0,0,10,0
1437,s,7,1,0,28,1,2,0,20,0,1,5,s,11,d,0,0,d,23,0,1,s,3,0,0,0,0,s,10,2
I743,s,7,1,0,28,1,2,0,20,0,1,5,s,11,0,0,0,2,23,0,1,s,3,0,0,0,0,0,10,0
1589,s,7,1,0,28,1,2,16,20,0,1,5,s,11,d,0,0,2,d,0,1,s,3,0,0,7,0,0,10,2
1366,s,7,1,0,d,1,2,0,d,0,d,5,s,11,0,s,0,2,23,d,s,s,3,0,17,0,0,d,10,0
I746,s,0,1,0,28,1,2,0,0,0,1,5,s,11,0,29,6,2,s,0,1,s,3,0,0,0,0,0,10,0
1496,s,0,1,0,28,1,2,0,10,0,1,5,s,11,0,29,6,2,s,0,1,s,d,0,d,0,0,0,10,d
I750,s,0,1,s,28,1,2,0,0,0,1,5,s,11,0,29,6,2,s,0,1,s,3,0,0,0,0,0,10,0
1362,s,0,1,s,28,1,2,0,0,14,1,5,s,d,d,29,d,2,s,0,d,s,3,0,0,d,0,0,10,0
1104,s,0,1,s,28,1,2,4,0,d,1,5,s,11,0,29,6,2,s,0,1,s,d,0,4,d,0,5,10,d
I753,s,12,1,0,28,1,2,0,0,0,1,5,0,11,0,0,14,2,0,0,1,s,3,14,0,0,0,0,10,0
I754,s,12,1,0,28,s,2,0,0,0,1,5,0,11,0,20,14,2,0,0,1,s,3,s,23,0,0,0,10,0
I756,s,12,1,1,28,s,2,0,0,0,1,5,0,11,3,20,s,2,0,7,1,s,s,s,23,0,0,0,10,0
1215,s,12,d,1,28,s,2,d,0,0,d,5,0,11,d,20,s,2,0,7,1,s,s,s,23,1,0,0,10,d
1214,s,12,1,1,28,s,2,0,0,0,1,5,7,11,3,20,s,d,0,7,1,s,s,s,23,0,0,0,10,d
I758,s,12,1,0,28,s,2,0,0,0,1,5,0,11,0,20,14,2,0,0,1,s,3,s,23,7,0,0,10,3
1205,s,d,1,0,28,s,2,5,d,0,1,d,1,11,1,20,14,2,d,0,1,s,3,s,23,7,d,8,10,3
1235,s,12,1,0,28,s,2,0,0,14,1,5,s,11,0,20,14,s,0,d,1,s,3,s,d,7,0,0,10,3
I761,s,12,1,0,28,1,2,0,0,0,1,5,0,11,0,0,14,2,0,0,1,s,3,14,0,0,0,0,10,0
I762,s,12,1,0,28,1,2,22,0,1,1,5,0,11,0,0,14,2,0,0,1,s,3,14,0,0,0,0,10,0
1138,s,12,1,0,28,1,2,22,0,1,1,5,d,11,0,0,d,2,0,34,1,s,3,14,0,0,25,0,10,2
1062,s,12,d,0,28,d,2,d,15,1,1,5,5,11,s,0,14,2,0,18,d,s,d,14,0,0,d,0,d,d
I765,s,12,1,0,28,1,2,0,0,0,1,5,0,11,0,0,14,2,0,0,1,s,3,14,0,0,0,0,10,0
1131,s,12,d,0,28,1,2,0,0,14,1,5,0,11,d,0,14,2,0,0,1,s,3,14,0,0,0,0,10,0
1280,s,12,1,0,28,1,d,0,0,0,1,5,0,11,0,0,14,2,0,d,d,s,3,14,0,0,s,0,d,0
I768,s,0,1,0,0,0,2,0,0,0,0,0,0,11,0,0,0,0,0,0,1,s,3,0,0,0,0,0,10,2
I769,s,0,1,0,0,0,2,0,8,0,0,0,0,11,0,0,0,0,0,0,1,s,3,0,0,0,23,0,10,2
I770,s,25,1,0,0,0,2,0,8,0,0,0,0,11,0,0,0,0,0,7,1,s,3,0,s,22,23,11,10,2
I771,s,25,1,1,8,0,2,0,8,0,0,0,0,11,0,0,0,0,0,7,1,s,3,0,s,22,23,11,10,2
I772,s,25,1,1,8,0,2,1,8,0,1,0,0,11,3,0,0,0,0,7,1,s,3,0,s,22,23,11,10,2
I773,s,25,1,1,8,0,2,1,8,s,1,0,0,11,3,0,0,0,24,7,1,s,3,0,s,22,23,11,10,2
I774,s,25,1,1,8,0,2,1,8,s,1,0,0,11,3,0,0,0,24,7,1,s,3,0,s,22,23,11,10,2
1871,s,25,d,1,d,0,2,1,8,s,1,s,d,d,3,0,d,s,24,7,1,s,3,0,s,22,23,11,10,d
I776,s,25,1,1,8,7,2,1,8,s,1,0,7,11,3,0,0,0,24,7,1,s,3,0,s,22,23,11,s,2
1955,s,25,d,d,8,7,2,1,8,s,1,0,7,11,3,0,0,0,24,7,1,s,3,0,s,d,23,11,s,2
1954,s,25,1,1,d,7,2,1,8,s,1,0,7,11,3,d,0,d,24,7,d,s,3,0,s,d,23,11,s,2
I777,s,25,1,1,8,0,2,1,8,s,1,0,0,11,3,0,0,0,24,7,1,s,3,0,s,22,23,11,10,2
1224,s,25,1,1,8,0,2,1,8,s,1,0,7,11,3,0,0,0,24,7,d,s,3,0,s,22,d,11,10,2
1641,s,25,1,1,8,9,2,1,8,s,1,5,0,d,3,s,0,0,24,7,1,s,3,0,s,22,23,11,10,d
I780,s,25,1,1,8,0,2,1,8,0,1,0,0,11,3,0,s,0,0,7,1,s,3,0,s,22,23,11,10,2
I781,s,25,1,1,8,0,2,1,8,0,1,0,0,11,3,0,s,0,0,7,1,s,3,12,s,22,23,11,10,2
I782,s,25,1,1,8,0,2,1,8,0,1,0,0,11,3,0,s,0,0,7,1,s,3,12,s,22,s,11,10,2
1431,s,25,1,d,8,d,2,1,8,0,1,0,d,11,3,d,s,0,0,7,1,s,3,12,s,22,s,11,10,d
1430,s,25,1,1,8,9,2,1,8,0,1,d,0,s,3,0,s,0,0,7,1,s,3,12,s,22,s,11,10,2
1360,s,s,1,1,8,0,2,d,8,0,1,0,0,11,d,0,s,1,0,7,1,s,3,d,s,d,23,11,10,d
I784,s,25,1,1,8,0,2,1,8,0,1,0,0,11,3,0,s,0,0,7,1,s,3,24,s,22,23,11,10,s
1622,s,25,1,1,8,0,2,1,8,14,1,0,5,11,3,0,s,0,0,7,1,s,d,24,s,22,23,11,10,s
1696,s,25,1,1,d,6,d,d,8,0,1,2,0,11,3,0,s,s,0,7,1,s,3,24,s,22,23,11,10,s
I787,s,25,1,1,8,0,2,4,8,0,0,0,0,11,0,0,0,0,0,7,1,s,3,0,s,22,s,11,10,2
I788,s,25,1,1,8,0,2,4,8,0,0,0,0,11,0,0,0,0,0,7,1,s,3,0,s,s,s,11,10,2
I789,s,25,1,1,8,0,2,4,8,0,1,0,0,11,0,0,0,0,0,7,1,s,3,0,s,s,s,11,10,2
1999,s,d,1,1,8,0,2,d,8,0,s,0,0,11,0,d,0,0,0,7,d,s,3,d,s,s,s,11,10,2
998,s,25,1,1,8,d,2,4,8,0,1,0,d,11,0,0,0,d,0,7,1,s,3,0,s,s,s,11,10,2
I791,s,25,1,1,8,0,2,4,8,0,0,0,0,11,3,0,0,0,0,7,1,s,3,0,s,s,s,11,10,2
1721,s,25,d,d,8,0,d,4,8,0,0,0,0,11,3,0,17,0,0,7,1,s,d,d,s,s,s,11,d,d
1917,s,25,1,1,8,0,2,4,8,0,d,s,0,11,d,0,0,0,0,7,1,s,3,0,s,s,s,11,d,2
I794,s,25,1,1,8,0,2,4,8,0,0,0,0,11,3,0,0,1,0,7,1,s,3,0,s,22,s,11,10,2
1020,s,25,1,1,d,2,2,d,8,0,d,3,10,d,3,d,0,1,0,d,1,s,3,0,s,22,s,11,10,2
1938,s,25,1,1,d,0,2,4,8,0,0,d,0,11,3,d,14,1,6,7,1,s,3,d,s,22,s,11,10,2
I799,s,25,1,0,0,0,2,0,8,0,0,0,0,11,0,0,0,1,30,7,1,s,3,0,s,22,23,11,10,2
I800,s,25,1,0,0,0,2,0,8,0,0,0,0,11,0,0,0,1,s,7,1,s,3,0,s,22,23,11,10,2
I801,s,25,1,0,0,0,2,0,8,0,0,0,7,11,0,0,0,1,s,7,1,s,3,0,s,22,23,11,10,2
I802,s,25,1,0,0,0,2,0,8,0,0,3,7,11,0,0,0,1,s,7,1,s,3,0,s,22,23,11,10,2
1845,s,25,1,0,2,0,d,0,d,0,d,3,7,11,d,0,17,1,s,7,1,s,3,0,s,22,23,11,d,2
1775,s,d,d,0,d,0,2,0,8,8,0,3,7,11,0,0,0,1,s,d,d,s,3,d,s,22,23,11,10,2
I806,s,25,1,s,0,0,2,0,8,0,0,10,7,11,3,s,20,1,s,7,1,s,3,2,s,22,23,11,10,s
1963,s,25,1,s,0,0,d,0,8,0,0,10,7,11,3,s,20,1,s,7,1,s,3,2,s,22,23,11,10,s
1962,s,25,1,s,0,d,d,0,d,d,0,10,7,11,3,s,20,d,s,7,1,s,3,2,s,22,23,d,10,s
I808,s,25,1,1,3,0,2,0,8,0,0,0,0,11,0,0,0,1,s,7,1,s,3,0,s,22,23,11,10,2
I809,s,25,1,1,3,0,2,0,8,0,0,0,1,11,3,0,0,1,s,7,1,s,3,0,s,22,23,11,10,2
1812,s,25,1,1,3,10,2,0,8,5,1,2,1,11,3,0,0,1,s,7,1,s,3,0,s,22,23,11,10,2
1823,s,25,s,1,s,0,2,d,8,d,0,0,1,11,3,29,29,1,s,7,1,s,3,0,s,22,23,11,10,2
I812,s,25,1,1,3,0,2,0,8,0,0,0,0,11,0,0,0,1,s,7,1,s,3,0,s,22,23,11,10,2
I813,s,25,1,1,3,0,2,0,8,0,0,0,0,11,0,0,0,1,s,7,1,s,3,0,s,22,23,11,10,2
1925,s,25,1,1,3,0,2,0,8,0,0,0,d,11,0,s,0,1,s,d,1,s,3,0,s,22,d,11,10,2
1924,s,25,1,1,3,0,2,0,8,0,d,0,d,11,0,0,0,1,s,7,1,s,3,0,s,22,23,11,10,2
1993,s,d,1,1,3,0,2,0,8,0,0,5,0,11,0,29,0,1,s,7,1,s,3,d,s,22,23,11,10,2
I815,s,25,1,0,0,0,2,0,8,0,0,0,0,11,0,0,0,1,30,7,1,s,3,0,s,22,23,11,10,2
I816,s,25,1,0,0,0,s,0,8,0,0,0,0,11,0,0,0,1,30,7,1,s,3,0,s,22,23,11,10,2
I817,s,25,1,0,20,9,s,0,8,0,0,0,0,11,0,0,0,1,30,s,1,s,3,0,s,22,23,11,10,2
1919,s,25,1,0,d,9,s,d,8,1,1,0,0,11,0,0,0,d,30,s,1,s,3,0,s,22,s,11,10,d
2026,s,25,1,d,20,9,s,0,8,8,1,0,0,d,0,s,0,1,30,s,1,s,d,0,s,s,23,d,10,d
I820,s,25,1,0,0,0,s,0,8,0,0,0,0,11,3,0,0,1,30,7,1,s,3,0,s,22,23,11,10,2
1967,s,25,1,0,0,s,s,4,s,0,0,0,0,d,3,d,0,1,30,7,1,s,3,0,s,22,23,11,10,2
1851,s,25,1,0,0,s,s,s,d,0,0,0,0,11,d,0,28,1,30,7,1,s,d,0,s,22,d,11,10,2
I823,s,25,1,0,15,0,2,0,8,0,1,0,4,11,0,0,0,1,30,7,1,s,3,0,s,22,23,11,10,2
I824,s,25,1,0,15,0,2,0,8,0,1,0,4,11,3,0,0,1,30,7,1,s,3,0,s,22,23,11,10,2
I825,s,25,1,0,15,0,2,0,8,0,1,2,4,11,3,0,0,1,30,7,1,s,3,0,s,22,23,11,10,2
1459,s,25,1,d,d,0,d,0,8,0,d,2,d,11,d,0,d,1,30,7,d,s,3,27,s,22,23,11,s,2
1458,s,25,1,1,15,d,2,0,8,0,1,2,4,11,3,0,0,1,30,7,1,s,d,2,s,22,d,11,10,2
I826,s,25,1,0,15,0,2,0,8,0,1,0,4,11,3,23,0,1,30,7,s,s,3,0,s,22,23,11,10,2
1535,s,25,1,0,d,0,2,0,8,0,d,0,4,11,3,23,23,1,d,d,s,s,d,0,s,22,23,11,10,d
1534,s,25,1,d,15,0,2,0,d,0,d,0,4,11,3,23,0,d,30,7,s,s,3,0,s,22,d,11,10,2
I827,s,25,1,0,15,0,2,0,8,0,1,0,4,11,0,0,0,1,30,7,1,s,3,0,s,22,23,11,10,2
1546,s,25,d,0,15,0,d,0,8,s,1,d,4,11,0,0,0,1,30,7,1,s,3,0,s,22,23,11,10,2
1706,s,d,d,0,d,d,d,0,8,0,1,0,d,11,0,0,0,1,s,7,1,s,3,0,s,22,23,11,10,d
I830,s,21,1,1,20,0,2,0,8,0,0,0,4,11,s,29,0,0,0,8,1,s,3,0,0,s,23,0,10,s
I831,s,21,1,1,20,0,2,0,8,0,0,0,4,11,s,29,0,0,0,8,1,s,3,0,0,s,23,0,10,s
I832,s,21,1,1,20,0,2,0,8,0,0,0,4,11,s,29,0,0,0,8,1,s,3,0,0,s,23,0,10,s
I833,s,21,1,1,20,0,2,0,8,0,0,0,4,11,s,s,0,0,0,8,1,s,3,0,0,s,23,0,10,s
I834,s,21,1,1,20,0,2,0,8,0,0,s,4,11,s,s,12,2,0,8,1,s,3,0,0,s,23,0,10,s
1514,s,21,s,s,20,0,s,d,8,8,0,s,4,d,s,s,12,2,0,8,1,s,3,0,0,s,23,0,10,s
1687,s,21,d,1,20,10,2,d,8,0,0,s,4,11,s,s,12,2,5,8,1,s,3,0,0,s,23,0,10,s
I837,s,21,1,1,20,0,2,0,8,0,0,0,4,11,s,s,0,0,26,8,1,s,3,0,0,s,23,0,10,s
1731,s,21,1,1,20,s,2,0,8,0,0,0,d,d,s,s,35,0,d,8,1,s,3,0,0,s,23,0,10,s
1679,s,21,1,1,20,0,2,0,8,0,0,0,4,d,s,s,d,d,d,d,1,s,3,0,0,s,23,0,10,s
I840,s,21,1,1,20,0,2,0,8,0,0,0,4,11,s,29,0,0,0,8,1,s,3,0,0,s,23,0,10,s
I841,s,21,1,1,20,15,2,4,8,0,0,0,4,11,s,29,0,0,0,8,1,s,3,0,16,s,23,0,10,s
1677,s,d,1,1,20,15,2,4,8,0,0,d,4,11,s,29,0,0,d,8,1,s,3,0,16,s,23,0,10,s
1752,s,21,1,1,20,15,d,4,8,0,s,0,4,11,s,29,0,1,0,8,1,s,3,0,16,s,23,0,s,s
I844,s,21,1,1,20,0,2,0,8,0,0,0,4,11,s,29,9,0,0,8,1,s,3,0,0,s,23,0,10,s
I845,s,21,1,1,20,0,2,0,8,0,0,0,4,11,s,29,9,0,0,8,1,s,3,0,0,s,23,0,10,s
1615,s,21,1,1,20,0,d,0,8,0,0,0,d,11,s,29,d,0,0,8,d,s,3,0,0,s,23,d,d,s
1614,s,21,1,1,20,0,2,0,8,0,0,0,4,11,s,29,9,0,0,8,1,s,3,0,0,s,23,0,10,s
1680,s,21,1,d,20,0,2,0,8,d,0,0,4,11,s,29,9,0,0,d,1,s,3,d,0,s,23,0,10,s
I847,s,21,1,1,20,0,2,15,8,0,0,0,4,11,s,29,0,0,0,8,1,s,3,0,0,s,23,5,10,s
I848,s,21,1,1,20,0,2,15,8,0,0,0,4,11,s,29,0,0,0,8,1,s,3,0,0,s,23,5,10,s
I849,s,21,1,1,20,15,2,15,8,0,0,3,4,11,s,29,0,0,0,8,1,s,3,0,0,s,23,5,10,s
I850,s,21,1,1,20,15,2,15,8,0,0,3,4,11,s,29,0,0,25,8,1,s,3,0,0,s,23,5,10,s
1635,s,21,1,1,20,15,2,15,8,0,0,3,4,11,s,29,0,0,25,8,d,s,3,0,s,s,23,5,10,s
1634,s,21,1,1,20,15,d,15,8,0,0,3,4,d,s,29,0,0,25,8,1,s,3,d,0,s,23,5,10,s
I851,s,21,1,1,20,15,2,15,8,0,s,3,4,11,s,29,0,0,0,8,1,s,3,8,0,s,23,5,10,s
1777,s,21,1,d,20,d,2,s,8,0,s,3,d,11,s,29,0,0,0,8,1,s,s,8,0,s,23,d,10,s
1776,s,21,1,1,d,15,2,15,8,0,s,3,4,11,s,d,0,d,0,8,1,s,3,8,0,s,23,5,10,s
I852,s,21,1,1,20,0,2,15,8,0,0,0,4,11,s,29,0,0,0,8,1,s,3,0,0,s,23,5,10,s
I853,s,21,1,1,20,0,2,15,8,1,0,0,4,11,s,29,0,0,0,8,1,s,3,0,0,s,23,5,10,s
1345,s,d,1,1,20,0,2,15,8,d,0,0,4,d,s,29,d,0,0,8,1,s,d,0,0,s,23,5,10,s
1344,s,21,1,1,20,10,2,15,d,1,0,0,4,11,s,d,0,0,0,8,d,s,d,0,0,s,23,5,10,s
1569,s,21,1,1,20,0,2,15,8,0,1,0,d,d,s,29,0,0,21,8,1,s,3,0,0,s,23,5,d,s
I855,s,21,1,1,20,0,2,15,8,0,0,1,4,11,s,29,35,0,0,8,1,s,3,0,0,s,23,s,10,s
I857,s,21,1,1,20,0,2,15,8,0,0,1,4,11,s,29,35,0,0,8,1,s,3,0,0,s,23,s,10,s
1573,s,21,1,1,20,0,2,15,8,0,0,1,4,11,s,29,d,0,0,8,1,s,3,0,0,s,23,s,10,s
1572,s,d,1,1,20,0,d,15,8,0,0,1,4,11,s,29,35,0,0,8,d,s,3,0,d,s,23,s,10,s
1757,s,21,1,1,20,0,s,15,8,0,1,1,4,11,s,29,35,0,0,8,1,s,3,0,0,s,23,s,10,s
I862,s,21,1,1,20,6,2,0,8,0,0,0,4,11,s,29,0,0,0,8,1,s,3,0,14,s,23,0,10,s
I863,s,21,1,1,20,6,2,0,8,0,0,0,4,11,s,29,0,0,0,8,1,s,3,0,14,s,23,0,10,s
I864,s,21,1,1,20,6,2,0,8,0,0,0,4,11,s,29,0,0,0,8,1,s,3,0,14,s,23,0,10,s
1264,s,d,1,1,s,6,2,0,8,0,s,0,4,11,s,29,4,0,0,8,1,s,3,0,14,s,23,0,10,s
I868,s,21,1,1,20,6,2,0,8,0,0,3,4,11,s,29,0,0,0,8,1,s,3,0,14,s,23,0,10,s
1116,s,21,1,1,20,6,2,d,8,d,0,3,4,11,s,d,0,1,0,d,d,s,3,0,14,s,s,s,10,s
I870,s,21,1,1,20,6,2,0,8,0,0,3,4,11,s,29,0,0,0,8,1,s,3,0,14,s,23,0,10,s
1123,s,21,d,1,20,6,2,4,8,0,0,3,d,11,s,29,0,d,0,8,1,s,3,0,14,s,23,s,10,s
1122,s,d,1,1,20,6,2,0,8,0,0,d,4,11,s,29,0,0,0,8,1,s,3,0,14,s,23,0,10,s
I871,s,21,1,1,20,6,2,0,8,0,0,0,4,11,s,29,0,0,0,8,1,s,3,0,14,s,23,0,10,s
I873,s,21,1,1,20,6,2,3,8,14,0,0,4,11,s,29,0,2,0,8,1,s,3,0,14,s,23,6,10,s
1423,s,21,1,d,20,6,2,3,d,14,0,d,4,11,s,d,0,2,0,8,1,s,3,0,14,s,23,6,10,s
1422,s,21,1,1,20,6,2,3,8,14,d,0,4,11,s,29,0,2,d,8,1,s,3,d,d,s,23,6,10,s
1759,s,21,1,1,20,6,2,0,8,0,1,5,4,11,s,29,0,0,0,d,1,s,3,d,d,s,23,7,10,s
I878,s,21,1,1,20,6,2,0,8,0,0,0,4,11,s,29,15,0,0,8,1,s,3,0,14,s,23,7,10,s
I879,s,21,1,1,20,6,2,19,8,0,0,0,4,11,s,29,15,0,0,8,1,s,3,0,14,s,23,7,10,s
1760,s,21,1,s,20,6,2,19,s,0,0,0,4,11,s,29,15,1,0,8,d,s,3,0,14,s,23,7,10,s
1847,s,21,1,1,d,d,2,19,8,d,0,0,4,s,s,29,15,0,0,8,d,s,3,0,d,s,23,7,s,s
I886,s,21,1,1,20,6,2,0,s,0,0,0,4,11,s,29,15,1,0,8,1,s,3,0,14,s,23,7,10,s
I889,s,21,1,1,20,6,2,0,s,0,0,0,4,11,s,29,15,1,0,8,1,s,3,0,14,s,23,7,10,s
1433,s,21,1,1,20,d,2,0,s,0,0,0,4,11,s,29,15,d,0,8,1,s,3,d,14,s,23,7,d,s
1432,s,21,1,1,20,s,2,0,s,0,0,0,4,d,s,29,15,1,0,8,1,s,3,d,14,s,23,7,10,s
I890,s,21,1,1,20,6,2,0,s,0,0,0,4,s,s,29,15,1,0,8,1,s,3,0,14,s,23,7,10,s
I891,s,21,1,1,20,6,2,0,s,0,0,5,4,s,s,29,15,1,0,8,1,s,3,0,14,s,23,7,10,s
1869,s,21,1,1,20,6,2,d,s,0,0,5,4,s,s,29,15,d,0,8,1,s,3,0,14,s,23,7,10,s
1868,s,21,1,1,20,6,2,0,s,0,0,5,4,s,s,29,d,1,0,8,1,s,3,0,14,s,23,7,10,s
I892,s,21,1,1,20,6,2,0,s,0,0,0,4,s,s,29,15,1,0,8,1,s,3,5,14,s,23,7,10,s
1827,s,21,1,1,20,6,2,d,s,0,0,0,4,s,s,29,15,1,0,8,1,s,3,5,14,s,23,d,10,s
1826,s,d,d,1,20,6,2,0,s,0,0,0,d,s,s,29,d,1,0,8,1,s,3,5,d,s,23,7,d,s
I893,s,0,1,0,0,0,2,0,0,0,0,0,0,11,0,0,6,0,0,0,1,s,3,0,0,0,0,0,10,2
I894,s,0,1,0,0,12,2,0,0,0,0,0,1,11,0,0,6,0,0,0,1,s,3,0,0,s,7,0,10,2
I895,s,0,1,0,0,12,2,0,0,0,0,0,1,11,0,0,6,0,0,0,1,s,3,0,0,s,7,0,10,2
I896,s,0,1,0,0,12,2,0,0,8,0,0,1,11,0,24,6,0,0,0,1,s,3,0,0,s,7,0,10,2
I898,s,0,1,0,0,12,2,0,0,8,0,0,1,11,0,24,6,0,3,0,1,s,3,0,1,s,7,5,10,2
1439,s,0,1,0,s,12,2,0,0,8,0,0,1,d,s,24,6,0,3,0,1,s,3,0,1,s,7,5,10,2
1226,s,0,1,1,0,12,d,0,7,8,0,1,1,11,d,24,6,d,3,31,1,s,3,0,1,s,7,5,10,2
I904,s,0,1,1,0,12,2,0,0,8,1,0,1,11,0,24,6,0,13,0,1,s,3,0,0,s,7,0,10,2
I905,s,0,1,1,0,12,2,0,0,8,1,0,1,11,2,24,6,0,13,0,1,s,3,0,0,s,7,7,10,2
I906,s,4,1,1,0,12,2,0,0,8,1,0,1,11,2,24,6,0,13,0,1,s,3,0,0,s,7,7,10,2
1397,s,4,1,d,0,12,2,0,0,8,1,5,d,11,2,24,6,0,13,0,1,s,s,0,d,s,7,7,10,2
1396,s,d,1,1,0,12,2,s,0,d,1,0,1,d,2,24,6,0,d,0,d,s,3,0,0,s,7,7,10,2
1249,s,0,1,1,0,12,2,0,0,8,1,2,1,11,2,d,6,d,13,0,1,s,3,0,0,s,d,d,10,d
I908,s,14,1,1,0,12,2,0,0,8,1,0,1,11,0,24,6,1,13,0,1,s,s,0,0,s,7,0,10,2
1781,s,14,1,1,0,s,2,0,0,d,d,0,1,d,0,24,6,1,d,d,1,s,s,0,0,s,7,s,10,2
I910,s,14,1,1,0,12,2,0,10,8,1,0,1,11,0,24,6,1,13,0,1,s,s,14,0,s,7,0,s,2
1737,s,14,1,1,0,12,d,0,10,8,d,0,1,11,0,24,6,1,13,0,1,s,s,14,0,s,7,0,s,2
1736,s,14,1,1,0,12,2,0,d,8,1,0,1,11,0,24,6,1,13,0,1,s,s,14,0,s,7,0,s,2
I911,s,0,1,0,0,12,2,0,0,0,0,5,1,11,0,4,6,1,0,s,1,s,3,0,0,s,7,0,10,2
1692,s,0,1,0,0,d,s,0,7,0,s,5,1,11,0,d,6,1,6,s,1,s,3,0,14,s,7,0,10,2
I919,s,0,1,0,8,12,2,0,0,0,0,5,1,11,0,4,6,1,0,s,1,s,3,0,0,s,7,0,10,2
I920,s,12,1,0,8,12,s,0,0,0,0,5,1,11,0,4,6,1,0,s,1,s,3,0,10,s,7,0,10,2
1277,s,12,1,0,d,12,s,0,0,8,1,5,1,11,0,d,6,1,d,s,1,s,3,d,10,s,7,0,10,2
I922,s,s,1,1,8,12,s,4,0,10,0,5,1,11,3,4,6,1,0,s,1,s,3,0,10,s,7,0,10,2
1683,s,s,1,1,8,d,s,4,0,10,0,5,1,d,3,4,6,1,0,s,1,s,3,0,10,s,s,0,10,2
1682,s,s,1,1,d,12,s,4,0,10,0,5,1,11,3,4,6,1,0,s,1,s,3,0,10,s,7,0,10,2
I923,s,0,1,0,8,12,2,12,0,0,1,5,1,11,1,4,6,1,0,s,1,s,3,0,0,s,7,0,10,2
I924,s,0,1,0,8,12,2,12,0,0,1,5,1,11,1,4,6,1,0,s,1,s,3,0,0,s,7,0,10,2
1931,s,0,1,0,d,d,2,12,0,0,1,5,1,11,d,d,6,1,0,s,1,s,3,0,0,s,7,0,10,2
1930,s,0,1,0,8,d,d,12,0,0,1,5,d,11,1,4,6,1,0,s,1,s,3,d,0,s,7,0,10,2
1802,s,5,1,0,8,12,2,12,21,8,1,d,1,d,1,d,6,1,0,s,1,s,3,0,d,s,d,0,10,2
I926,s,0,1,0,0,12,2,0,0,0,0,0,1,11,0,0,6,0,0,0,1,s,3,0,0,s,7,0,10,2
I927,s,12,1,1,0,12,2,0,0,0,0,0,1,11,0,0,6,0,0,0,1,s,3,0,0,s,7,0,10,2
I928,s,12,1,1,0,12,2,0,24,0,0,0,1,11,0,0,6,0,0,0,1,s,3,0,0,s,7,0,10,2
1926,s,s,1,d,0,d,2,3,24,0,d,d,1,11,0,0,6,0,0,2,1,s,3,0,0,s,d,0,10,2
I933,s,12,1,1,0,12,2,0,24,14,0,0,1,11,0,s,6,0,0,0,1,s,3,0,0,s,7,0,10,2
1849,s,12,1,1,0,12,2,0,24,14,0,0,1,11,d,s,6,0,d,0,1,s,3,6,0,s,7,0,10,2
1848,s,d,1,1,0,12,2,0,d,14,0,0,d,11,s,s,d,0,0,0,1,s,3,0,0,s,7,0,10,2
I935,s,12,1,1,0,12,2,0,0,1,1,5,1,11,0,0,6,s,0,0,1,s,3,0,0,s,7,0,10,2
1991,s,12,1,1,0,12,d,24,0,1,1,5,1,d,0,0,d,s,0,0,1,s,3,0,0,s,7,0,10,2
I940,s,12,1,1,0,12,2,10,0,1,1,5,1,11,0,0,6,s,0,8,1,s,3,0,0,s,7,5,10,2
1957,s,12,d,1,0,12,2,10,0,1,d,5,1,11,0,0,6,s,0,8,1,s,d,0,0,s,7,5,10,2
1956,s,12,1,d,0,12,2,d,0,1,1,5,1,11,0,0,6,s,d,8,1,s,3,0,0,s,d,5,10,d
I942,s,0,1,0,0,12,2,0,7,0,1,0,1,11,0,0,6,0,0,0,1,s,3,0,1,s,7,11,10,2
I943,s,0,1,0,0,12,2,0,7,0,1,0,1,11,0,0,6,0,0,0,1,s,3,0,1,s,7,11,10,2
I944,s,0,1,0,15,12,2,0,7,0,1,s,1,11,0,9,s,0,0,0,1,s,3,0,1,s,7,s,10,2
1716,s,0,d,0,d,12,d,d,7,0,1,s,1,11,0,d,s,4,0,0,1,s,d,0,1,s,7,s,10,2
1913,s,0,1,0,d,d,d,0,7,0,1,s,1,11,0,9,s,0,0,0,d,s,s,0,1,s,d,s,10,2
I947,s,0,1,0,0,12,2,10,7,0,1,0,1,11,0,0,6,1,0,0,1,s,3,9,1,s,7,11,10,2
1645,s,0,1,0,0,12,s,10,7,0,1,0,1,d,d,0,6,1,20,0,1,s,3,9,1,s,7,d,d,2
1617,s,0,s,1,0,12,2,10,7,0,1,0,1,11,0,0,6,1,0,0,1,s,3,9,1,s,7,11,10,2
I950,s,0,1,0,0,12,2,0,7,0,1,0,1,11,0,0,6,1,15,0,1,s,3,43,1,s,7,11,10,2
1928,s,d,1,0,0,12,2,0,7,0,d,0,1,11,0,0,s,1,15,0,d,s,3,d,1,s,7,s,10,2
I955,s,0,1,0,0,12,2,0,7,0,1,2,1,11,0,0,6,1,15,0,1,s,3,43,1,s,7,11,10,2
1945,s,0,1,0,d,d,2,0,7,0,1,2,1,11,0,0,d,1,15,d,1,s,3,d,1,s,7,11,10,d
1944,s,0,1,0,0,12,2,0,7,0,d,2,1,11,d,0,6,1,15,0,1,s,d,43,1,s,d,11,10,2
I957,s,0,1,0,0,0,2,0,0,0,0,0,0,11,0,0,6,0,0,0,1,s,3,0,0,0,0,0,10,2
I958,s,0,1,0,0,0,2,0,0,0,0,0,0,11,0,0,6,0,0,3,1,s,3,0,0,0,0,0,10,2
I959,s,0,1,0,0,0,2,0,0,0,0,0,0,11,0,0,6,0,s,3,1,s,3,0,0,0,0,0,10,2
I964,s,0,1,0,0,0,2,0,0,0,0,0,0,11,0,0,6,0,s,3,1,s,3,0,0,0,79,0,10,2
1074,s,d,1,d,0,0,2,0,0,1,0,0,0,11,0,d,6,0,s,3,1,s,3,0,0,0,79,0,10,2
1061,s,s,1,0,8,0,2,0,0,0,0,0,0,11,s,0,6,0,s,3,1,s,s,d,s,22,79,0,10,2
I967,s,0,1,0,0,0,2,0,0,0,1,0,0,11,0,0,6,0,s,3,1,s,3,0,0,0,0,0,10,2
I970,s,0,1,0,0,0,2,0,0,0,1,0,7,11,0,0,6,0,s,3,1,s,3,0,0,0,0,0,10,2
1581,s,0,1,d,0,d,2,d,0,0,1,0,7,d,0,0,6,0,s,3,1,s,3,d,d,d,0,0,10,2
1580,s,0,1,0,0,0,2,0,0,0,1,7,7,d,0,0,6,0,s,d,1,s,d,d,0,0,0,0,10,2
1315,s,0,1,0,0,15,2,1,0,d,1,d,d,11,s,0,6,0,s,3,1,s,d,0,12,0,d,0,10,2
I974,s,0,1,0,0,11,2,0,0,0,1,0,0,11,0,0,6,0,0,3,1,s,3,0,16,0,0,7,10,2
I975,s,1,1,0,0,11,2,0,0,2,1,0,0,11,0,0,6,0,0,3,1,s,3,0,16,15,0,7,10,2
1308,s,1,1,0,0,d,2,0,0,2,1,3,0,11,0,3,6,d,0,3,1,s,3,10,16,15,69,7,10,2
1513,s,d,1,0,0,11,2,22,0,2,1,0,d,11,0,s,d,0,0,3,1,s,3,d,16,15,0,7,d,2
I982,s,0,1,1,0,11,2,0,0,0,1,0,0,11,0,0,6,1,0,3,1,s,3,0,16,0,0,7,10,2
1729,s,0,1,1,0,11,2,d,s,s,d,0,7,11,0,d,6,1,0,3,1,s,3,45,d,0,45,7,10,2
I987,s,0,1,1,0,11,2,3,0,0,1,0,0,11,0,0,6,1,0,3,1,s,3,0,16,30,0,7,10,2
1259,s,0,1,1,d,11,2,3,0,0,1,0,0,s,d,0,d,1,d,3,d,s,3,0,16,30,0,7,10,2
1258,s,0,1,1,0,d,2,3,0,d,d,0,0,11,d,0,6,1,0,3,1,s,3,0,d,30,0,d,10,2
I989,s,10,1,0,28,0,2,0,0,0,0,0,0,11,0,0,6,0,25,0,1,s,3,0,0,0,0,0,10,2
I990,s,10,1,0,28,0,2,0,0,0,0,0,0,11,0,0,6,0,25,s,1,s,3,0,0,0,0,0,10,2
I991,s,10,1,0,28,0,2,0,0,0,0,0,0,11,0,0,6,0,25,s,1,s,3,0,16,0,0,8,10,2
I993,s,10,1,0,28,0,2,0,0,0,0,1,0,11,0,0,6,0,25,s,1,s,3,0,16,10,0,8,10,2
1313,s,d,1,0,28,0,2,0,0,0,0,1,0,11,0,0,6,0,25,s,1,s,3,11,16,d,0,8,10,d
1312,s,10,1,0,28,d,2,0,0,0,0,1,d,11,0,0,6,0,25,s,1,s,3,0,16,10,0,8,10,2
I995,s,10,1,0,28,0,2,0,0,0,0,0,0,11,0,0,6,0,25,s,1,s,3,0,s,0,0,8,10,2
1508,s,10,1,0,d,0,2,0,0,0,0,0,1,11,0,5,6,d,25,s,1,s,3,0,s,0,0,8,10,2
1394,s,10,1,0,d,0,2,0,0,0,0,0,0,11,0,s,6,5,d,s,d,s,3,0,s,27,d,8,10,2
I998,s,10,1,0,28,0,2,0,0,0,0,2,0,11,0,0,6,5,25,s,1,s,3,0,0,0,0,0,10,2
I999,s,10,1,0,28,0,2,0,0,s,0,2,0,11,0,0,6,5,25,s,1,s,3,0,0,0,0,0,10,2
2015,s,10,1,0,28,0,2,0,0,s,0,2,0,11,0,0,6,d,25,s,1,s,d,0,0,0,0,0,10,2
1986,s,10,1,1,28,0,2,0,0,s,1,2,0,11,d,0,d,5,25,s,s,s,3,0,0,0,0,0,s,2
I1004,s,10,1,0,28,0,2,0,0,2,0,2,0,11,3,0,6,5,25,s,1,s,3,0,0,30,0,0,10,2
2005,s,10,1,0,28,0,2,0,d,2,0,2,0,d,3,d,d,5,d,s,1,s,3,d,0,30,0,0,d,2
I1007,s,10,1,1,28,0,2,0,0,2,0,2,12,11,3,0,6,5,25,s,1,s,3,0,0,30,0,0,10,2
1978,s,10,1,1,28,0,2,d,0,2,0,2,12,11,3,0,6,5,25,s,1,s,3,0,0,30,0,0,10,d
1038,s,10,1,1,d,0,2,d,0,2,d,d,12,11,3,0,d,5,d,s,d,s,3,0,0,30,0,0,d,2
I1009,s,10,1,1,28,0,2,0,0,0,0,0,0,11,0,0,6,0,25,0,1,s,3,0,0,0,0,0,10,2
I1014,s,10,1,1,28,0,2,0,15,0,0,0,0,11,0,0,6,5,25,0,1,s,3,16,0,0,0,0,10,2
1121,s,d,1,1,28,0,d,d,d,0,0,0,d,11,0,0,6,d,25,0,1,s,3,s,0,0,25,5,10,2
1163,s,10,1,1,28,0,2,0,15,0,d,0,0,d,0,0,6,5,d,0,1,s,3,16,25,d,d,0,10,2
I1017,s,10,1,1,28,0,2,0,0,0,0,0,0,11,0,0,6,0,25,0,1,s,3,0,0,0,0,0,10,2
I1020,s,10,1,1,28,0,2,0,0,0,0,0,0,11,0,0,6,0,25,0,1,s,3,0,4,0,61,0,10,s
1443,s,10,1,1,28,0,2,0,1,0,0,0,0,11,0,0,6,0,25,0,1,s,d,d,4,0,61,0,10,s
1442,s,10,1,d,28,d,2,0,d,0,d,0,0,11,0,0,6,d,25,0,1,s,3,d,4,0,61,0,10,s
I1021,s,10,1,1,28,0,2,0,0,0,0,0,0,11,3,0,6,0,25,0,1,s,3,0,10,0,0,0,10,2
1096,s,10,1,1,d,6,d,5,0,0,1,0,0,11,3,33,6,0,25,18,1,s,3,d,10,0,76,0,10,d
1337,s,10,1,1,28,0,2,0,0,d,0,0,0,d,3,0,s,5,25,0,1,s,3,0,d,0,0,0,10,2
