cell,r1,r2,r3,r4,r5,r6,r7,r8,r9,r10,r11,r12,r13,r14,r15,r16,r17,r18,r19,r20,r21,r22,r23,r24,r25,r26,r27,r28,r29,r30
I1,0,0,0,0,0,3,0,0,0,0,0,0,0,0,0,0,0,0,s,0,0,0,0,0,0,0,0,0,0,0
I2,0,0,0,0,0,3,0,0,0,11,0,0,0,0,0,0,0,0,s,0,0,0,0,0,0,0,0,0,0,0
I3,0,0,3,7,0,3,0,9,0,11,0,0,0,0,0,6,0,0,s,0,0,0,0,0,s,0,0,0,0,0
I4,0,0,3,7,0,3,0,9,0,11,0,0,0,0,0,6,s,0,s,0,0,0,0,0,s,0,s,0,0,0
I5,0,0,3,7,0,3,0,9,0,11,0,0,0,0,0,6,s,0,s,0,0,0,0,0,s,0,s,0,0,0
I6,1,0,3,7,0,3,0,9,0,11,0,0,14,8,0,6,s,0,s,0,0,0,0,1,s,0,s,0,0,0
I7,1,0,3,7,0,3,0,9,0,11,0,3,14,8,0,6,s,0,s,0,20,0,0,1,s,0,s,0,0,14
I8,1,0,3,7,0,3,0,9,0,11,0,3,14,8,0,6,s,0,s,0,20,1,0,1,s,0,s,1,0,14
I9,1,14,3,7,0,3,0,9,0,11,0,3,14,8,0,6,s,0,s,0,20,1,20,1,s,0,s,1,0,s
1507,d,14,3,7,0,3,0,d,0,11,27,3,14,8,0,6,s,0,s,d,20,1,20,1,s,0,s,1,0,s
1981,d,14,3,7,0,3,0,9,0,11,0,3,14,8,0,6,s,0,s,0,20,1,20,1,s,0,s,1,d,s
I12,1,20,3,7,0,3,0,9,0,11,0,3,14,8,0,6,s,0,s,0,20,1,0,1,s,0,s,1,0,14
1424,1,20,d,d,0,d,0,9,0,11,0,3,14,8,d,6,s,0,s,0,20,d,0,d,s,0,s,1,0,14
1626,1,d,3,d,0,d,27,9,1,11,d,3,14,8,1,6,s,0,s,d,d,1,3,1,s,0,s,1,2,14
I16,1,0,3,7,0,3,0,9,7,11,5,3,14,8,1,6,s,0,s,0,20,0,0,1,s,0,s,0,0,14
1311,1,3,3,7,0,3,0,d,7,11,5,3,d,8,1,6,s,0,s,0,20,0,3,1,s,d,s,d,0,14
1421,d,0,3,7,s,d,0,9,7,11,5,3,14,8,1,6,s,0,s,0,20,0,0,1,s,0,s,0,0,d
I22,1,12,3,7,0,3,0,9,0,11,0,0,14,8,0,6,s,0,s,0,7,0,0,1,s,0,s,0,0,0
I23,1,12,3,7,0,3,0,9,0,11,0,3,14,8,0,6,s,0,s,0,7,0,9,1,s,0,s,0,0,0
I25,1,12,3,7,1,3,8,9,0,11,0,3,14,8,0,6,s,0,s,0,7,0,9,1,s,0,s,0,0,0
1607,1,12,3,7,1,3,8,d,0,11,0,3,14,8,0,6,s,8,s,0,7,0,9,1,s,0,s,0,d,d
1606,1,12,3,7,1,d,8,9,0,11,d,3,14,d,0,6,s,0,s,0,7,1,9,1,s,0,s,0,0,d
I27,1,12,3,7,s,3,0,9,0,11,0,3,14,8,0,6,s,0,s,0,7,1,9,1,s,0,s,s,0,0
1434,1,12,3,7,s,3,0,9,0,11,0,3,14,8,0,6,s,0,s,0,7,1,9,1,s,0,s,s,0,0
1332,1,12,3,7,s,3,0,9,0,11,0,3,14,8,0,6,s,14,s,0,7,d,9,1,s,0,s,s,d,0
I30,1,12,3,7,0,3,0,9,0,11,27,0,14,8,0,6,s,0,s,2,7,0,0,1,s,1,s,0,0,0
1504,1,12,3,7,0,3,0,9,0,11,27,0,14,8,0,6,s,0,s,2,7,0,d,1,s,1,s,0,0,6
1491,1,12,3,7,10,3,0,9,0,11,27,s,14,8,0,6,s,14,s,2,7,1,0,d,s,1,s,d,0,0
I37,0,0,3,7,0,3,0,9,0,11,0,0,0,9,0,6,s,0,s,0,0,0,0,0,s,0,s,0,0,0
I38,0,0,3,7,0,3,0,9,0,11,0,0,11,9,0,6,s,0,s,0,0,0,0,0,s,0,s,0,0,3
I39,0,s,3,7,7,3,8,9,0,11,0,6,11,9,0,6,s,0,s,0,0,0,0,0,s,s,s,0,0,3
1302,0,s,3,7,7,d,8,d,0,11,25,6,d,9,0,6,s,0,s,0,10,0,d,4,s,s,s,0,0,3
I43,1,s,3,7,7,3,8,9,0,11,0,6,11,9,0,6,s,0,s,0,0,0,0,0,s,s,s,0,0,3
1449,1,s,3,d,7,d,8,9,0,11,0,6,11,d,0,6,s,0,s,0,0,0,d,0,s,s,s,0,0,3
1348,1,s,3,7,7,3,8,d,0,11,0,6,11,9,0,6,s,0,s,0,0,0,0,s,s,s,s,d,0,3
I46,1,0,3,7,0,3,0,9,0,11,0,3,11,9,0,6,s,0,s,0,0,0,0,0,s,0,s,1,0,3
I47,1,0,3,7,0,3,5,9,0,11,0,3,11,9,0,6,s,0,s,1,0,0,0,0,s,0,s,1,2,3
I48,1,0,3,7,0,3,5,s,0,11,0,3,11,9,0,6,s,23,s,1,0,0,0,0,s,0,s,1,2,3
1970,1,d,3,7,0,3,5,s,0,d,d,3,11,9,1,6,s,23,s,1,0,1,0,0,s,0,s,d,s,3
1052,d,0,3,7,1,3,5,s,0,11,d,3,11,9,d,6,s,23,s,1,d,0,0,0,s,0,s,d,2,3
1192,1,0,3,d,9,3,5,9,0,11,0,3,11,9,0,6,s,0,s,1,0,d,d,0,s,d,s,1,2,3
I51,1,0,3,7,0,3,0,9,0,11,19,3,11,9,0,6,s,0,s,0,0,0,0,0,s,0,s,1,0,3
I52,1,0,3,7,0,s,20,9,0,11,19,3,11,9,0,6,s,0,s,0,0,0,0,0,s,0,s,1,0,3
1125,d,0,3,7,0,s,20,9,0,11,19,3,d,9,0,6,s,0,s,d,0,0,0,s,s,1,s,1,0,3
1124,1,0,3,7,0,s,20,9,0,11,19,3,11,9,0,6,s,0,s,0,0,0,0,d,s,0,s,1,0,3
I53,1,0,3,7,17,3,0,9,0,11,19,3,11,9,0,6,s,0,s,1,0,0,0,0,s,0,s,1,0,3
1035,1,d,3,7,17,3,0,9,d,11,19,3,11,9,0,6,s,d,s,1,0,d,0,0,s,0,s,1,3,3
1034,1,0,3,7,17,3,0,d,0,11,d,3,11,9,s,6,s,d,s,1,0,0,s,0,s,0,s,1,d,3
I54,0,0,3,7,0,3,0,9,0,11,0,0,0,9,0,6,s,0,s,1,0,0,0,0,s,0,s,0,0,0
I55,0,0,3,7,0,3,0,9,0,11,32,0,0,9,0,6,s,0,s,1,0,0,0,0,s,0,s,s,0,0
1161,0,0,s,7,18,3,0,9,d,11,32,0,0,9,s,6,s,0,s,1,16,0,s,13,s,0,s,s,0,0
1483,d,0,d,7,s,3,0,9,0,11,32,s,4,9,d,6,s,d,s,1,6,d,0,0,s,0,s,s,d,0
I62,0,0,3,7,0,3,0,9,2,11,0,3,0,9,0,6,s,0,s,1,0,0,0,0,s,0,s,0,0,0
I63,0,0,3,7,0,3,0,9,2,11,0,3,0,9,0,6,s,0,s,1,0,1,4,0,s,0,s,0,0,0
I64,0,0,3,7,0,3,5,9,2,11,0,3,0,9,0,6,s,0,s,1,0,1,4,0,s,0,s,0,0,0
1113,0,0,d,s,d,3,5,9,2,d,0,3,0,9,0,6,s,0,s,d,s,d,4,0,s,0,s,0,d,0
1112,d,0,3,7,0,3,5,9,2,11,0,d,9,9,1,6,s,0,s,1,0,1,d,0,s,0,s,1,0,d
I65,0,0,3,7,0,3,0,9,2,11,0,3,0,9,0,6,s,3,s,1,0,1,4,0,s,0,s,0,0,0
1405,0,0,3,7,0,d,0,9,2,11,0,3,0,9,0,6,s,3,s,1,d,1,4,0,s,0,s,1,0,0
1404,0,5,3,7,0,3,0,d,2,11,0,3,0,9,0,6,s,3,s,1,0,1,4,0,s,d,s,0,2,0
1339,0,14,3,7,17,d,23,s,2,11,0,3,0,9,0,6,s,27,s,d,0,0,21,d,s,0,s,0,0,0
I69,0,0,3,7,0,3,0,9,0,11,0,0,19,0,0,6,s,0,s,0,0,0,0,0,s,0,s,0,0,0
I70,0,0,3,7,0,3,0,9,0,11,0,0,19,0,0,6,s,0,s,0,19,0,0,0,s,0,s,0,0,0
I71,0,0,3,7,0,3,0,9,0,11,0,0,19,21,0,6,s,0,s,0,19,0,0,0,s,0,s,0,3,0
I72,0,0,3,7,0,3,0,9,0,11,0,3,19,21,1,6,s,0,s,2,19,0,2,0,s,0,s,0,3,0
I73,0,0,3,7,0,3,3,9,11,11,0,3,19,21,1,6,s,0,s,2,19,0,2,0,s,0,s,1,3,0
I74,0,0,3,7,0,3,3,9,11,11,0,3,19,21,1,6,s,0,s,2,19,0,2,0,s,1,s,1,3,0
1287,d,11,3,7,0,3,d,9,d,11,2,3,d,21,1,6,s,0,s,2,19,0,2,0,s,1,s,1,3,0
1286,d,0,3,7,0,3,3,d,11,d,d,d,19,21,1,6,s,0,s,2,19,0,2,0,s,1,s,1,d,0
I75,0,3,3,7,0,3,3,9,11,11,0,3,19,21,1,6,s,0,s,2,19,0,2,0,s,0,s,1,3,0
1151,0,3,3,7,d,3,3,9,11,d,0,3,d,21,d,6,s,10,s,2,19,0,2,0,s,0,s,d,3,0
1150,s,3,d,7,0,3,3,9,11,11,19,3,19,21,1,6,s,0,s,2,19,0,2,0,s,0,s,1,3,0
I77,0,0,3,7,6,3,0,9,0,11,0,3,19,21,1,6,s,0,s,2,19,0,s,4,s,0,s,0,3,0
1159,d,0,s,7,6,d,0,9,23,11,0,3,s,21,1,6,s,0,s,2,19,0,s,4,s,0,s,0,d,d
1158,0,0,3,7,6,3,23,d,0,11,0,d,19,21,1,6,s,0,s,2,19,0,s,4,s,0,s,d,3,0
I79,0,0,3,7,0,3,0,9,0,11,11,0,19,21,0,6,s,0,s,0,19,0,0,0,s,0,s,0,3,0
1343,d,d,3,7,0,d,42,9,0,11,11,0,d,d,0,6,s,13,s,1,19,1,0,0,s,d,s,0,d,0
I83,0,0,3,7,0,3,8,9,0,11,11,0,19,21,0,6,s,10,s,0,19,0,0,0,s,0,s,0,3,s
1110,d,0,3,7,0,d,8,9,0,11,11,0,d,21,1,6,s,10,s,0,19,0,15,0,s,0,s,0,3,s
2029,1,0,3,7,13,3,8,9,0,11,11,0,d,21,2,6,s,10,s,0,19,0,0,0,s,d,s,0,d,s
I87,1,0,3,7,0,3,0,9,0,11,0,0,19,0,1,6,s,0,s,0,19,0,0,0,s,0,s,1,0,0
I88,1,0,3,7,0,3,0,9,0,11,0,0,19,0,1,6,s,0,s,0,19,0,0,0,s,0,s,1,0,0
I89,1,0,3,7,0,3,0,9,0,11,0,0,19,0,1,6,s,0,s,0,19,0,0,29,s,0,s,1,0,0
1190,1,0,s,7,0,3,0,9,0,11,0,0,19,0,1,6,s,2,s,d,d,0,0,29,s,0,s,s,d,d
1298,1,0,3,7,0,3,0,9,0,11,0,0,19,0,1,6,s,0,s,0,19,0,0,29,s,d,s,1,0,0
I92,s,0,3,7,0,3,0,9,0,11,0,3,19,0,1,6,s,0,s,0,19,0,14,0,s,0,s,1,0,0
1262,s,0,3,7,0,3,0,d,d,11,0,3,19,0,1,6,s,0,s,2,19,0,14,0,s,0,s,1,0,12
I94,s,0,3,7,0,3,0,9,0,11,9,3,19,0,1,6,s,0,s,0,19,0,14,0,s,0,s,1,0,0
1377,s,0,3,d,0,3,0,9,7,11,9,3,19,0,1,d,s,0,s,0,19,0,14,0,s,0,s,1,0,10
1376,s,0,3,7,0,3,d,9,0,11,9,3,19,0,1,6,s,0,s,0,19,0,14,0,s,d,s,1,d,d
I96,1,0,3,7,0,3,0,9,0,11,0,0,19,13,1,6,s,0,s,0,19,0,0,0,s,1,s,1,0,0
1251,1,23,3,7,4,d,0,9,0,11,0,0,19,13,1,6,s,0,s,0,19,0,0,0,s,d,s,1,0,0
1079,1,0,3,7,d,3,23,9,0,11,0,0,19,13,1,6,s,13,s,0,19,0,0,0,s,1,s,d,0,0
I102,0,0,3,7,0,3,0,9,11,11,0,0,19,0,0,6,s,3,s,0,0,0,0,0,s,0,s,0,0,0
I103,0,0,3,7,0,3,0,9,11,11,0,0,19,0,0,s,s,3,s,0,0,0,0,0,s,0,s,0,0,4
I104,0,0,3,7,0,3,0,9,11,11,0,0,19,0,0,s,s,3,s,0,0,0,0,0,s,0,s,0,0,4
I105,0,0,3,7,0,3,0,9,11,11,0,0,19,0,0,s,s,3,s,0,0,0,0,0,s,0,s,0,0,4
I106,0,16,3,7,0,3,0,9,11,11,0,0,19,0,0,s,s,3,s,0,0,0,0,0,s,0,s,0,0,4
1007,0,16,d,7,0,3,0,9,11,d,0,d,19,21,0,s,s,3,s,0,0,d,0,0,s,d,s,0,d,4
I107,0,16,3,7,0,3,0,9,11,11,0,0,19,0,0,s,s,3,s,0,0,0,0,16,s,0,s,0,0,4
1973,0,16,d,7,d,3,d,9,11,d,0,0,19,0,0,s,s,3,s,0,0,d,0,16,s,0,s,0,0,4
1972,0,16,3,7,0,3,d,9,11,11,0,0,19,0,0,s,s,3,s,0,0,d,0,16,s,0,s,0,0,4
1059,s,0,d,d,0,3,21,9,11,11,0,0,19,s,0,s,s,3,s,0,s,0,6,8,s,0,s,0,d,4
I109,0,16,3,7,0,3,0,9,11,11,22,0,19,0,0,s,s,3,s,2,0,0,0,0,s,0,s,0,0,4
I112,0,16,3,7,0,3,1,9,11,s,22,0,19,0,0,s,s,3,s,2,0,0,0,0,s,0,s,1,3,4
1885,0,16,3,d,0,3,1,9,d,s,22,0,19,0,0,s,s,d,s,2,0,0,14,0,s,0,s,1,3,4
1884,0,16,d,d,0,3,1,d,11,s,22,d,19,0,d,s,s,3,s,2,d,0,0,0,s,0,s,1,3,4
I113,0,16,3,7,0,3,0,9,11,11,22,0,19,0,0,s,s,s,s,2,0,0,0,0,s,1,s,0,0,4
2044,0,16,3,7,0,3,0,9,d,11,22,0,d,0,0,s,s,s,s,2,16,1,0,0,s,1,s,d,0,4
2030,1,16,3,7,0,3,5,9,11,11,22,0,19,0,1,s,s,s,s,2,0,0,0,0,s,1,s,d,0,4
I116,0,0,3,7,0,3,0,9,11,11,0,0,19,8,0,s,s,3,s,0,0,0,0,0,s,0,s,0,0,4
I117,1,0,3,s,0,3,0,9,11,11,0,3,19,8,0,s,s,3,s,0,0,1,0,0,s,0,s,0,0,4
I118,1,0,3,s,0,3,0,9,11,11,0,3,19,8,0,s,s,3,s,0,19,1,0,0,s,0,s,0,0,4
1099,1,0,3,s,0,3,d,9,11,11,0,3,19,8,s,s,s,3,s,0,19,1,d,0,s,0,s,0,0,d
1098,1,0,3,s,0,3,31,9,11,11,d,3,19,8,0,s,s,3,s,0,d,1,0,s,s,d,s,0,0,4
I119,1,0,3,s,13,3,0,9,11,11,0,3,19,8,0,s,s,3,s,0,0,1,0,4,s,0,s,0,0,4
1049,1,d,3,s,13,3,0,9,11,11,0,3,19,d,1,s,s,d,s,0,0,1,0,4,s,0,s,0,0,4
1048,d,0,3,s,13,3,0,d,11,11,0,3,19,8,0,s,s,3,s,0,0,1,20,4,s,d,s,d,0,4
I122,0,0,s,7,0,3,0,9,11,11,29,0,19,8,0,s,s,3,s,0,0,0,s,0,s,0,s,0,0,4
983,d,0,s,7,0,d,0,9,11,11,29,d,19,8,1,s,s,3,s,d,0,d,s,0,s,0,s,0,0,4
I123,0,0,s,7,9,3,0,9,11,11,29,0,19,8,0,s,s,3,s,0,0,0,s,0,s,0,s,0,0,s
1965,0,d,s,7,9,d,0,9,11,11,29,d,19,8,0,s,s,3,s,0,0,0,s,0,s,0,s,d,0,s
1964,0,0,s,7,9,3,0,9,11,11,29,d,19,8,0,s,s,3,s,0,0,0,s,d,s,0,s,0,0,s
I124,1,0,3,7,0,3,0,9,11,11,0,0,19,17,0,6,s,3,s,0,0,0,0,0,s,0,s,0,0,0
I126,1,0,3,7,10,3,0,9,11,11,0,0,19,17,0,6,s,3,s,0,0,0,0,0,s,0,s,0,0,0
I127,1,0,3,7,10,3,0,9,11,11,21,0,19,17,0,6,s,3,s,0,0,0,0,0,s,0,s,0,0,0
1301,1,d,3,d,10,3,d,9,11,11,21,0,d,17,0,6,s,3,s,0,0,0,0,0,s,1,s,1,0,0
1300,1,0,3,7,10,3,0,9,11,11,21,d,19,17,0,6,s,3,s,0,24,0,0,1,s,0,s,0,0,0
1133,1,0,3,7,10,3,s,9,d,11,0,0,19,d,0,6,s,s,s,0,d,0,0,0,s,0,s,0,2,0
I132,1,0,3,7,0,3,0,9,11,11,0,0,19,17,0,6,s,3,s,0,0,0,0,0,s,0,s,0,0,0
I133,1,5,3,7,0,3,0,9,11,11,0,0,19,17,0,6,s,3,s,0,0,0,0,0,s,0,s,0,0,0
I134,1,5,3,7,0,3,0,9,11,11,0,0,19,17,0,6,s,3,s,0,0,0,0,0,s,0,s,1,0,4
1095,1,5,3,7,0,3,0,9,11,11,14,d,19,17,0,6,s,3,s,0,0,0,0,0,s,0,s,1,0,4
1094,1,5,3,7,d,3,s,d,11,d,0,0,19,17,0,6,s,3,s,0,0,d,0,0,s,0,s,1,0,4
1045,1,5,3,7,d,d,0,d,11,11,0,0,19,17,0,6,s,d,s,0,0,d,0,0,s,0,s,s,0,d
I136,1,0,3,7,0,3,0,9,11,11,0,0,19,17,0,6,s,3,s,0,32,0,0,4,s,0,s,0,0,6
I137,1,0,3,7,0,3,0,9,11,11,0,0,19,17,0,6,s,3,s,0,32,0,0,4,s,0,s,0,0,6
1165,1,0,3,7,0,3,0,d,11,11,0,0,d,17,0,6,s,3,s,0,32,0,0,4,s,0,s,d,0,d
1164,1,0,d,7,0,3,0,9,11,11,0,0,19,17,0,6,s,3,s,0,32,0,0,4,s,0,s,0,d,6
1080,1,0,3,7,0,3,0,9,11,11,0,0,d,17,0,6,s,3,s,2,32,0,0,4,s,d,s,d,s,6
I139,0,0,3,7,0,3,0,9,0,11,0,0,0,0,0,6,0,10,s,0,0,0,0,0,s,0,0,1,0,0
I140,1,0,3,7,0,3,0,9,0,11,0,0,19,3,0,6,0,10,s,2,0,1,0,0,s,0,s,1,0,0
I141,1,0,3,7,0,3,0,9,0,11,0,0,19,3,0,6,0,10,s,2,0,1,0,0,s,0,s,1,0,0
I142,1,0,3,7,0,3,0,9,0,11,0,6,s,3,0,6,0,10,s,2,5,1,0,0,s,0,s,1,0,10
I144,1,0,3,7,0,3,17,9,0,11,0,6,s,3,0,6,0,10,s,2,5,1,0,0,s,0,s,1,0,10
1762,1,0,3,7,d,3,17,9,d,11,0,6,s,3,0,6,0,10,s,d,d,1,0,0,s,d,s,1,0,10
1785,1,0,3,7,10,d,17,9,0,11,0,6,s,3,d,6,0,10,s,2,5,d,0,0,s,0,s,1,0,10
I150,1,0,3,7,0,3,0,9,0,11,0,6,s,3,1,6,0,10,s,2,5,1,0,0,s,0,s,1,0,10
1746,1,25,3,7,d,3,0,9,d,11,27,6,s,3,1,d,d,10,s,d,5,1,d,0,s,0,s,1,0,10
1093,1,0,d,7,16,3,0,9,36,11,0,d,s,3,1,6,8,10,s,d,5,1,0,0,s,1,s,1,0,10
I154,1,15,3,7,0,3,0,9,0,11,19,0,s,3,0,6,0,10,s,2,0,1,0,0,s,0,s,1,0,0
I155,1,15,3,7,0,3,0,9,0,11,19,0,s,3,0,6,0,10,s,2,0,1,0,4,s,0,s,1,0,0
I156,1,15,3,7,0,s,0,9,0,11,19,0,s,3,0,6,0,10,s,2,0,1,0,4,s,1,s,1,0,0
1742,1,15,3,s,0,s,0,9,0,11,19,0,s,3,0,6,0,10,s,2,0,1,3,4,s,d,s,1,0,d
976,1,15,3,7,0,s,0,9,11,11,19,0,s,3,0,6,0,10,s,2,0,1,0,4,s,d,s,1,0,d
I158,1,15,3,7,0,3,0,9,0,11,19,6,s,3,0,6,0,10,s,2,0,1,0,s,s,0,s,1,0,0
1578,1,d,d,7,0,3,0,9,0,11,19,6,s,d,0,6,0,10,s,d,0,d,d,s,s,0,s,1,0,0
I160,1,15,3,7,0,3,1,9,0,11,19,6,s,3,0,6,0,10,s,2,0,1,0,s,s,0,s,1,0,0
1725,1,15,3,7,0,d,1,9,0,11,19,6,s,d,0,6,0,10,s,2,d,1,d,s,s,0,s,1,0,0
1724,d,15,3,7,0,3,1,9,d,11,19,6,s,d,0,6,0,10,s,2,0,1,0,s,s,0,s,1,0,0
I161,1,15,3,7,0,3,0,9,0,11,19,0,s,3,0,6,0,10,s,2,0,1,0,0,s,0,s,1,0,0
I162,1,15,3,7,0,3,0,9,0,11,19,0,s,3,1,6,0,10,s,2,0,1,0,0,s,0,s,1,0,0
1365,d,15,3,7,0,d,0,9,0,11,19,0,s,d,1,6,0,d,s,2,0,1,0,0,s,0,s,1,d,14
1668,1,15,3,d,0,d,0,9,0,11,19,0,s,3,1,6,11,d,s,2,0,1,16,0,s,0,s,1,0,d
I165,1,15,3,7,0,3,0,9,0,11,19,0,s,3,0,6,2,10,s,2,0,1,0,0,s,0,s,1,0,0
1903,1,15,s,7,0,3,0,9,0,11,19,d,s,3,0,6,2,d,s,2,0,1,0,d,s,0,s,1,s,12
1666,d,d,3,7,0,3,0,9,0,11,19,0,s,3,0,6,2,10,s,d,d,d,0,0,s,0,s,1,0,0
I168,1,0,3,7,0,3,0,9,4,11,0,0,19,3,0,6,0,10,s,2,0,1,0,0,s,0,s,1,2,0
I170,1,0,3,7,0,3,0,s,4,11,0,3,19,3,0,6,0,10,s,2,0,1,0,0,s,0,s,1,2,0
I171,1,0,3,7,0,3,0,s,4,11,0,3,19,3,0,6,0,10,s,2,0,1,3,0,s,0,s,1,2,0
1815,1,0,d,7,0,3,0,s,4,11,d,3,19,3,0,6,0,10,s,2,0,1,3,0,s,0,s,1,2,0
I173,1,0,3,7,0,3,0,s,4,11,0,3,19,3,0,6,0,10,s,2,0,1,3,0,s,1,s,1,2,0
1887,1,0,3,d,0,d,0,s,4,11,0,d,19,d,d,d,0,d,s,d,0,d,3,0,s,1,s,1,2,0
1886,1,0,d,7,0,3,0,s,4,11,0,3,19,d,d,d,0,10,s,2,d,d,3,0,s,1,s,1,2,0
I174,1,0,3,7,0,3,0,s,4,11,0,3,19,3,0,6,0,10,s,2,s,1,0,0,s,1,s,1,2,0
1943,1,0,d,s,0,3,0,s,4,11,0,d,19,3,0,6,0,10,s,2,s,1,0,0,s,1,s,1,2,0
2009,1,d,d,7,d,3,0,s,4,d,0,d,19,3,0,d,0,10,s,2,s,s,16,0,s,d,s,1,d,0
I183,1,0,3,7,0,3,0,9,4,11,3,0,19,3,0,6,s,10,s,2,0,1,0,0,s,0,s,1,2,0
I185,1,0,3,7,13,3,1,9,4,11,3,6,19,3,0,6,s,10,s,2,0,1,0,0,s,0,s,1,2,4
1574,1,20,3,7,13,3,1,d,4,11,3,6,19,3,0,6,s,10,s,2,d,1,0,d,s,0,s,d,2,4
1714,1,0,3,7,13,d,1,9,4,11,3,d,19,d,0,6,s,10,s,2,0,1,0,d,s,d,s,1,2,4
I191,1,0,3,7,0,3,0,9,4,11,3,0,19,3,1,6,s,10,s,2,s,1,0,0,s,0,s,1,2,0
I194,1,0,3,7,0,3,0,9,4,11,3,0,19,3,1,6,s,10,s,2,s,s,0,0,s,0,s,1,2,0
1545,d,0,d,d,0,3,0,9,4,11,d,0,19,3,d,6,s,10,s,2,s,s,0,0,s,d,s,1,2,0
1544,1,0,3,7,d,3,d,9,4,d,3,d,19,3,d,d,s,d,s,d,s,s,0,0,s,0,s,1,2,0
I195,1,0,3,7,0,3,0,9,4,11,3,0,19,3,1,6,s,10,s,2,s,1,0,0,s,0,s,1,2,s
I196,1,0,3,7,0,3,0,9,4,11,3,0,19,3,1,6,s,10,s,2,s,1,0,0,s,0,s,1,2,s
1537,1,0,3,7,0,3,d,d,d,11,d,s,19,d,1,6,s,10,s,2,s,1,0,d,s,d,s,1,d,s
1536,1,d,3,7,0,3,0,9,4,11,3,0,d,3,1,d,s,10,s,2,s,1,0,0,s,0,s,1,2,s
1373,d,s,3,7,0,3,42,9,4,11,3,d,d,3,1,d,s,10,s,d,s,1,0,0,s,0,s,1,2,s
I198,0,0,3,7,0,3,0,9,0,11,0,0,0,0,0,6,0,10,s,0,0,0,0,0,s,0,12,1,0,0
I199,0,23,3,7,0,3,0,9,0,11,21,0,0,0,0,6,0,10,s,0,0,0,0,2,s,0,12,1,0,0
I200,0,23,3,7,s,3,0,9,0,11,21,0,0,0,0,6,0,10,s,0,0,0,0,2,s,0,12,1,0,0
I201,0,23,3,7,s,3,0,9,0,11,21,0,0,11,0,6,0,10,s,2,0,0,0,2,s,0,12,1,0,0
I202,0,23,3,7,s,3,0,9,0,11,21,0,0,11,0,6,0,10,s,2,0,0,0,2,s,1,12,1,0,s
1043,0,23,3,7,s,3,d,9,0,11,21,d,0,11,0,6,0,10,s,2,0,0,0,2,s,d,12,1,0,s
1042,0,23,d,7,s,3,0,9,0,11,21,s,0,11,d,6,0,10,s,2,0,d,0,2,s,1,12,d,0,s
I203,0,23,3,7,s,3,0,9,0,11,21,0,0,11,0,6,0,10,s,2,0,0,s,2,s,0,12,1,0,0
2037,0,23,3,d,s,d,0,9,d,11,21,0,d,11,0,6,0,10,s,d,24,0,s,2,s,d,12,1,0,0
1056,0,23,3,d,s,3,0,9,1,11,21,d,0,11,0,6,0,10,s,2,d,0,s,d,s,1,12,1,0,0
I205,0,23,3,7,s,3,7,9,0,11,21,0,0,0,1,6,0,10,s,0,0,0,0,2,s,0,12,1,0,0
1920,0,23,3,7,s,3,7,9,0,11,21,0,0,0,1,6,0,10,s,d,0,1,0,2,s,0,12,1,0,0
1025,d,23,3,7,s,3,7,9,7,11,21,0,0,0,s,d,d,10,s,0,0,d,d,2,s,0,d,1,0,0
I210,0,23,3,7,0,3,0,9,0,11,21,0,0,0,0,6,0,10,s,0,0,1,0,2,s,0,12,1,0,0
I211,0,23,3,7,0,3,0,9,0,11,21,0,0,0,0,6,0,10,s,0,0,1,0,2,s,1,12,1,0,0
I212,0,23,3,7,0,3,9,9,0,11,21,0,0,0,0,6,0,10,s,1,0,1,s,2,s,1,12,1,0,0
1041,0,23,3,7,s,3,9,9,d,11,21,0,d,0,0,6,0,10,s,1,0,1,s,2,s,1,12,1,d,0
1040,0,23,d,7,0,3,9,9,0,11,21,0,0,21,0,6,0,10,s,1,0,1,s,2,s,1,12,d,0,0
I213,1,23,3,7,0,3,0,9,s,11,21,5,0,0,0,6,0,10,s,0,0,1,0,2,s,1,12,1,0,0
2007,1,23,3,7,0,3,0,9,s,11,21,5,0,0,0,6,6,10,s,0,0,1,0,2,s,1,12,s,0,0
2013,1,d,d,7,0,3,0,d,s,11,21,5,0,d,0,d,0,10,s,0,d,1,d,2,s,1,12,1,d,0
1582,0,23,3,7,0,s,20,d,0,11,21,0,d,0,0,6,5,10,s,d,0,1,0,2,s,d,d,1,0,d
I223,0,0,3,7,0,3,31,9,0,11,0,0,0,0,0,6,0,10,s,0,0,1,0,0,s,0,12,1,0,0
I224,0,0,3,7,0,3,31,9,0,s,0,0,0,0,0,6,0,10,s,0,0,1,0,0,s,0,12,1,0,0
I225,0,0,s,7,0,3,31,9,0,s,0,0,0,0,s,6,0,10,s,0,0,1,0,0,s,0,12,1,0,0
1595,0,0,s,7,d,3,31,9,0,s,s,0,0,0,s,6,0,10,s,0,5,1,20,0,s,0,12,1,d,0
I229,0,0,s,7,0,3,31,9,0,s,18,0,0,0,s,6,0,10,s,0,0,s,0,0,s,1,12,1,0,0
I230,0,0,s,7,0,3,31,9,0,s,18,0,3,0,s,6,0,10,s,0,s,s,0,0,s,1,12,1,0,0
1833,0,0,s,7,0,3,31,9,0,s,18,0,3,0,s,6,0,10,s,0,s,s,0,0,s,1,d,1,0,0
1832,0,0,s,7,0,3,31,9,0,s,d,0,3,d,s,6,0,10,s,0,s,s,d,d,s,1,12,1,0,0
1661,0,d,s,7,7,3,d,9,0,s,18,0,0,0,s,6,1,10,s,0,0,s,0,0,s,s,d,1,0,0
I232,0,0,3,7,0,3,31,9,0,s,0,0,0,0,0,6,0,10,s,0,0,1,0,0,s,4,12,1,0,0
I233,0,15,3,7,0,3,31,9,0,s,0,0,0,0,0,6,0,10,s,0,0,1,0,0,s,4,12,1,s,0
1486,0,15,3,7,d,3,31,9,0,s,0,0,0,0,0,6,0,10,s,0,24,d,0,0,s,4,d,1,s,0
1563,0,15,3,7,0,3,31,9,1,s,d,0,15,d,d,6,0,d,s,0,0,1,0,0,s,4,12,1,s,0
1441,d,d,3,7,17,3,31,9,3,s,0,0,d,0,1,6,0,10,s,0,0,1,0,0,s,4,12,1,0,0
I239,0,0,3,7,0,3,31,9,0,11,0,6,19,0,0,6,s,10,s,0,0,1,21,0,s,0,12,1,0,0
I240,0,0,3,7,0,3,31,9,0,11,0,6,19,11,0,6,s,10,s,0,0,1,21,0,s,0,12,1,0,0
I242,0,18,3,7,0,3,31,9,0,11,0,6,19,11,1,6,s,10,s,0,0,1,21,8,s,0,12,1,0,0
1951,0,18,3,7,d,3,31,9,0,11,0,6,19,11,1,6,s,10,s,0,0,1,21,8,s,0,12,1,0,0
1950,0,18,3,7,0,3,31,d,d,11,0,6,19,11,d,6,s,10,s,d,0,1,21,8,s,0,12,1,d,0
I244,0,0,3,7,0,3,31,9,0,11,0,6,19,11,0,6,s,10,s,0,0,1,21,0,s,1,12,1,0,6
985,0,0,3,7,0,d,31,9,0,d,0,d,19,11,0,s,s,10,s,0,d,d,21,0,s,1,12,1,0,d
I245,0,0,3,7,0,3,31,9,0,11,0,6,19,11,0,6,s,10,s,2,19,1,21,0,s,1,12,1,0,6
2033,0,0,3,d,0,3,d,9,0,11,0,6,19,11,0,6,s,10,s,2,19,1,21,0,s,1,12,1,0,6
2032,0,0,3,7,0,3,31,9,0,11,0,6,19,11,0,6,s,10,s,2,19,1,d,0,s,1,12,1,0,6
I246,0,0,3,7,13,3,31,9,0,11,0,6,19,0,0,6,s,10,s,0,0,1,21,0,s,0,12,1,0,0
1050,0,0,3,7,d,3,d,9,0,11,0,6,d,d,0,6,s,10,s,0,0,1,21,0,s,0,12,1,0,0
1996,0,1,3,7,13,d,31,9,0,11,0,6,19,0,2,d,s,10,s,0,0,s,21,0,s,0,12,1,0,0
I251,0,0,0,0,0,3,0,0,0,11,0,s,s,0,0,0,0,0,s,0,0,1,0,12,0,0,0,0,0,0
I252,0,0,0,0,0,3,0,0,0,11,0,s,s,6,0,0,0,0,s,1,0,1,0,12,0,0,0,0,0,0
I253,0,0,0,0,0,3,0,0,0,11,0,s,s,6,1,0,0,0,s,1,s,1,0,12,0,0,0,0,0,0
I254,1,0,26,0,0,3,0,0,0,11,29,s,s,6,1,0,0,0,s,1,s,1,0,12,0,1,0,0,0,0
I255,1,0,26,0,0,3,0,0,0,11,29,s,s,6,1,0,0,0,s,1,s,1,0,12,0,1,0,0,0,0
I256,1,0,26,0,0,3,17,0,0,11,29,s,s,6,1,0,0,0,s,1,s,1,0,12,0,1,0,0,0,0
I259,1,5,26,0,0,3,17,0,0,11,29,s,s,6,1,0,0,0,s,1,s,1,0,12,0,1,0,0,2,0
1379,1,5,d,0,0,3,d,0,0,11,29,s,s,d,1,0,0,0,s,1,s,1,0,12,0,1,0,0,2,0
1378,1,d,26,0,0,3,s,0,0,d,29,s,s,6,d,0,0,0,s,1,s,1,0,12,0,1,0,0,2,0
I260,1,16,26,0,0,3,17,0,0,11,29,s,s,6,1,0,0,0,s,1,s,1,0,12,0,1,0,0,0,0
I261,1,16,26,0,13,3,17,0,s,11,29,s,s,6,1,0,0,0,s,1,s,1,0,12,0,1,31,0,2,0
1069,1,d,d,0,13,3,17,5,s,d,29,s,s,6,1,0,d,0,s,1,s,1,0,12,0,d,31,0,2,0
1068,1,16,d,0,13,3,17,0,s,11,29,s,s,6,1,0,0,0,s,1,s,1,0,12,0,1,31,0,2,14
I262,1,16,26,16,0,3,17,0,0,11,29,s,s,6,1,0,0,0,s,1,s,1,0,12,0,1,0,0,0,0
1359,1,16,26,16,0,3,d,0,0,11,29,s,s,d,d,d,2,d,s,1,s,1,0,12,d,1,0,0,0,d
1358,1,16,26,16,0,3,17,0,0,11,29,s,s,d,1,0,0,28,s,1,s,1,0,d,0,1,0,d,0,0
I263,1,0,26,26,0,3,0,0,0,11,29,s,s,6,1,0,0,0,s,1,s,1,0,12,0,1,0,0,0,12
I265,1,25,26,26,0,3,0,0,0,11,29,s,s,6,1,0,1,27,s,1,s,1,0,12,0,1,30,0,0,12
1101,1,25,26,26,0,3,d,0,0,d,29,s,s,6,1,0,d,27,s,1,s,1,0,12,0,1,30,d,0,d
1100,1,25,26,26,0,3,0,0,0,11,29,s,s,6,1,0,1,d,s,d,s,1,0,12,0,1,d,0,3,12
I267,1,0,26,26,0,3,0,0,0,11,29,s,s,6,1,3,0,0,s,1,s,1,0,12,0,1,0,0,0,12
I268,1,0,26,26,0,3,0,0,36,11,29,s,s,6,1,3,0,0,s,1,s,1,0,12,0,1,0,0,0,12
1055,1,0,26,26,d,3,d,0,36,11,29,s,s,6,1,3,d,d,s,1,s,1,0,12,0,1,0,0,0,12
1054,1,0,26,26,6,3,0,d,36,11,29,s,s,6,1,d,0,21,s,1,s,1,0,12,0,1,0,0,0,12
1278,1,0,26,26,0,3,0,0,d,11,29,s,s,6,1,3,0,3,s,1,s,1,0,12,d,1,0,d,0,12
I270,1,0,26,0,0,3,0,0,36,11,29,s,s,6,1,0,0,0,s,1,s,1,0,12,0,1,0,0,0,0
I272,1,0,26,18,0,3,8,0,36,11,29,s,s,6,1,0,0,0,s,1,s,1,0,12,2,1,0,1,0,0
1005,1,0,26,18,17,3,8,0,d,11,29,s,s,6,1,s,d,0,s,1,s,1,0,12,2,1,0,1,3,d
1994,1,0,26,18,0,3,8,d,36,11,29,s,s,6,1,d,0,0,s,1,s,1,0,12,d,1,0,d,0,0
I280,1,0,26,0,0,3,0,0,36,11,29,s,s,6,1,0,1,0,s,1,s,1,0,12,0,1,0,0,0,0
I283,1,17,26,0,0,3,0,0,36,11,29,s,s,6,1,0,1,0,s,1,s,1,0,12,2,1,0,0,2,10
1181,1,17,26,0,0,3,0,0,d,d,29,s,s,d,1,0,1,0,s,d,s,1,0,d,2,1,d,1,2,10
1180,1,17,d,0,d,3,0,s,36,11,29,s,s,6,1,0,1,0,s,1,s,d,16,d,d,1,0,0,s,10
I284,1,0,26,0,0,3,0,0,36,11,29,s,s,6,1,0,1,0,s,1,s,1,15,12,0,1,0,1,0,0
I285,1,0,s,0,1,3,0,0,36,11,29,s,s,6,1,0,1,0,s,1,s,1,15,12,2,1,0,1,2,0
1773,1,0,s,0,1,3,0,0,36,11,29,s,s,6,1,0,d,0,s,1,s,d,15,12,d,1,0,1,2,0
1772,1,0,s,0,1,3,0,0,36,11,29,s,s,6,1,0,1,0,s,1,s,1,15,12,2,1,0,1,2,0
I286,1,0,26,0,0,3,4,0,36,11,29,s,s,6,1,0,1,0,s,1,s,1,15,12,0,1,0,1,0,0
1475,1,d,26,0,d,3,4,0,36,11,29,s,s,6,1,d,1,0,s,1,s,1,15,12,0,1,0,1,0,0
1474,1,0,26,0,0,d,4,0,36,11,29,s,s,6,1,0,1,0,s,1,s,1,15,12,0,1,0,1,0,0
I287,0,0,0,0,0,3,0,0,0,11,0,s,s,6,1,0,0,0,s,1,s,1,14,12,0,0,0,0,0,0
I288,0,0,0,0,0,3,0,0,0,11,0,s,s,6,1,0,0,0,s,1,s,1,14,12,0,0,0,0,0,0
I289,0,0,0,0,0,3,0,0,0,11,0,s,s,6,1,0,1,0,s,1,s,1,14,12,2,0,s,0,0,0
1145,0,0,0,0,0,3,s,d,0,11,0,s,s,6,1,0,1,0,s,1,s,1,14,12,2,0,s,0,0,0
I293,0,0,0,0,0,3,0,0,0,11,16,s,s,6,1,0,1,0,s,1,s,1,14,12,2,0,s,0,0,0
1604,0,0,0,0,0,3,d,0,s,11,s,s,s,6,1,0,1,d,s,d,s,1,14,12,2,0,s,0,0,0
1416,0,d,0,0,0,3,0,0,0,11,16,s,s,6,1,0,1,d,s,1,s,1,14,12,2,0,s,d,2,0
I296,0,0,0,0,0,3,0,0,0,11,2,s,s,6,1,0,0,20,s,1,s,1,14,12,0,0,0,0,0,0
I299,1,0,0,0,0,3,0,0,0,11,2,s,s,6,1,0,0,20,s,1,s,1,14,12,0,0,0,0,0,0
1147,1,0,0,0,d,d,0,0,0,11,2,s,s,s,1,0,0,20,s,s,s,1,14,12,0,0,9,0,d,0
1146,1,1,0,0,0,3,0,s,0,11,2,s,s,6,1,0,0,d,s,1,s,1,d,12,0,0,s,0,d,0
I300,0,0,0,0,0,3,0,0,1,11,2,s,s,6,1,0,0,20,s,1,s,1,14,12,0,0,0,1,0,0
1493,0,0,0,0,0,3,0,0,d,11,2,s,s,6,1,0,0,20,s,1,s,1,14,12,2,0,0,1,0,0
1238,0,0,d,0,0,3,d,2,1,11,2,s,s,6,1,0,0,20,s,1,s,1,14,12,0,1,31,1,0,d
I303,0,0,0,0,0,3,1,0,0,11,9,s,s,6,1,0,0,0,s,1,s,1,14,12,0,0,4,0,0,0
I304,0,0,0,s,0,3,1,0,0,11,9,s,s,6,1,0,0,5,s,1,s,1,14,12,0,0,4,0,0,0
1799,0,3,0,s,0,3,d,0,0,11,9,s,s,6,1,0,4,5,s,1,s,1,14,12,0,0,4,0,3,0
947,0,0,0,s,0,d,1,0,0,11,9,s,s,d,1,0,s,5,s,1,s,1,14,12,0,0,4,0,0,d
I310,0,0,0,0,0,3,1,s,28,11,9,s,s,6,1,0,0,0,s,1,s,1,14,12,0,0,4,1,0,0
I311,0,0,26,0,0,3,1,s,28,11,9,s,s,6,1,0,0,0,s,1,s,1,14,12,0,0,4,1,0,0
1745,0,0,26,0,0,3,d,s,28,d,9,s,s,6,d,0,s,0,s,1,s,1,d,12,0,0,4,1,0,0
1369,0,d,26,0,d,3,1,s,28,11,9,s,s,6,1,0,0,0,s,1,s,1,14,12,0,d,4,1,0,0
I314,0,0,0,0,0,3,1,s,28,11,9,s,s,6,1,14,0,0,s,1,s,1,14,12,0,0,4,1,0,0
1783,0,0,0,1,0,3,1,s,28,11,9,s,s,6,d,14,4,0,s,1,s,1,14,12,0,0,4,1,0,0
1888,1,19,0,0,0,3,1,s,28,11,9,s,s,6,1,14,0,0,s,d,s,1,14,s,d,0,4,1,0,0
I317,0,0,0,0,0,3,0,2,0,11,0,s,s,6,1,0,0,0,s,1,0,1,0,12,0,0,0,0,0,0
I318,0,0,0,0,0,3,0,2,0,11,0,s,s,6,1,0,0,0,s,s,0,1,0,12,0,0,0,0,0,0
I319,0,0,0,0,0,3,0,2,0,11,0,s,s,6,1,0,2,0,s,s,0,1,0,12,0,0,0,0,0,0
I320,0,0,0,0,0,3,0,2,0,11,5,s,s,6,1,0,2,0,s,s,8,1,0,12,0,1,0,1,0,0
I321,0,0,0,0,1,3,36,2,0,11,5,s,s,6,1,0,2,0,s,s,8,1,0,12,0,1,0,1,s,0
I322,1,0,0,0,1,3,36,2,0,11,5,s,s,6,1,0,2,14,s,s,8,1,0,12,0,1,0,1,s,0
1801,1,d,0,0,1,3,36,2,0,11,5,s,s,6,d,0,2,14,s,s,8,1,0,12,0,d,0,1,s,0
1800,1,0,0,0,1,3,d,2,d,11,d,s,s,6,1,0,2,14,s,s,d,1,0,12,0,1,0,1,s,0
1374,d,d,0,s,1,3,36,d,0,11,5,s,s,6,1,0,2,d,s,s,8,1,0,12,d,1,0,1,s,0
I324,0,0,0,0,0,3,0,s,0,11,5,s,s,6,1,0,2,0,s,s,8,1,2,12,0,1,0,1,0,0
1454,0,d,0,12,d,3,0,s,7,d,d,s,s,6,1,0,2,0,s,s,d,1,2,12,0,d,7,1,0,14
I326,0,0,0,0,0,3,23,s,0,11,5,s,s,6,1,0,2,14,s,s,8,1,2,12,0,1,0,1,0,0
1429,0,17,0,0,0,3,23,s,d,11,5,s,s,6,1,0,2,14,s,s,8,d,2,12,0,1,0,d,0,d
1428,0,0,0,0,0,3,23,s,0,11,5,s,s,6,1,0,2,14,s,s,8,1,2,12,0,1,0,1,0,0
I327,2,0,10,0,0,3,0,2,0,11,0,s,s,6,1,27,2,0,s,s,0,1,0,12,0,0,0,0,3,0
I328,2,0,10,0,0,3,0,2,0,11,0,s,s,6,1,27,2,0,s,s,0,1,0,12,0,0,21,1,3,0
1128,2,0,10,0,s,3,0,d,0,11,0,s,s,6,1,d,2,0,s,s,0,1,14,12,0,0,21,1,3,0
I330,2,0,10,0,0,3,0,2,7,11,0,s,s,6,1,27,2,0,s,s,0,s,0,12,0,0,21,1,3,0
1293,d,0,10,d,0,3,d,2,7,d,0,s,s,6,1,27,2,0,s,s,19,s,0,d,d,0,21,1,3,d
1292,d,0,d,0,0,3,d,2,d,11,0,s,s,6,1,27,2,0,s,s,0,s,9,12,2,0,21,1,d,0
I331,2,15,10,0,0,3,0,2,0,11,0,s,s,6,1,27,2,0,s,s,24,1,0,12,0,0,0,0,3,6
I332,2,15,10,0,0,3,0,2,19,11,0,s,s,6,1,27,2,0,s,s,24,1,0,12,0,0,0,0,3,6
1141,2,d,10,0,0,3,0,2,19,11,0,s,s,6,1,27,2,0,s,s,24,1,0,12,0,0,d,0,3,6
1140,2,d,10,0,0,d,d,d,19,11,0,s,s,6,1,27,s,0,s,s,d,1,0,12,0,0,0,0,3,6
1539,2,15,10,0,0,3,12,d,d,11,s,s,s,6,1,27,2,0,s,s,24,1,d,12,d,0,0,1,3,6
I334,0,0,0,0,0,3,0,2,s,11,0,s,s,6,1,0,0,0,s,s,0,1,0,12,0,1,0,0,2,0
I335,0,0,0,0,0,3,0,2,s,11,0,s,s,6,1,0,0,0,s,s,0,1,0,12,0,1,0,0,2,4
I336,0,1,0,0,0,3,0,2,s,11,0,s,s,6,1,0,0,0,s,s,0,1,0,12,0,1,0,0,2,4
1977,0,d,0,d,0,3,0,2,s,d,0,s,s,6,1,0,d,0,s,s,0,1,d,d,0,1,0,d,d,4
1897,0,1,13,0,0,3,d,2,s,11,0,s,s,6,1,d,0,0,s,s,0,1,s,12,0,1,9,0,2,4
I339,0,0,0,0,0,3,0,2,s,11,0,s,s,6,1,0,0,0,s,s,0,1,0,12,0,1,0,0,s,4
1664,0,0,0,0,d,3,d,2,s,11,0,s,s,6,1,d,0,0,s,s,0,d,d,12,d,1,d,0,s,d
1898,0,0,0,0,0,3,0,d,s,11,0,s,s,6,1,d,0,0,s,s,0,1,0,12,0,1,0,0,s,4
I342,0,0,s,27,0,3,0,2,s,11,0,s,s,6,1,0,0,0,s,s,0,1,0,12,0,1,0,0,2,0
1735,0,0,s,27,0,3,0,2,s,d,s,s,s,6,1,39,0,0,s,s,0,1,d,d,2,1,0,0,2,s
I348,1,0,s,27,0,3,17,2,s,11,0,s,s,6,1,15,0,0,s,s,0,1,0,12,6,1,0,0,2,0
1499,1,0,s,27,d,3,17,2,s,11,0,s,s,6,1,15,0,0,s,s,0,1,0,d,6,1,0,1,2,0
1498,1,0,s,d,d,3,17,2,s,d,d,s,s,6,1,15,0,0,s,s,0,1,0,12,d,1,4,0,2,0
I349,0,0,0,0,0,3,0,2,0,11,0,s,s,6,1,0,5,0,s,1,0,1,0,12,0,0,0,0,0,0
I350,0,23,0,0,0,3,0,2,0,11,0,s,s,6,1,0,5,1,s,1,0,1,20,12,0,0,0,0,2,0
I351,0,23,3,0,0,3,0,2,0,11,0,s,s,6,1,38,5,1,s,1,0,1,20,12,0,0,0,0,2,0
I352,0,23,3,0,0,3,0,2,0,11,0,s,s,6,1,38,5,1,s,1,0,1,20,12,0,0,9,0,2,0
1713,d,23,3,0,0,d,0,2,0,11,7,s,s,6,1,38,5,1,s,1,s,1,20,12,0,d,9,1,2,13
1768,0,23,3,0,0,3,d,2,0,11,d,s,s,6,1,38,5,1,s,1,0,d,20,12,0,0,9,d,2,0
1685,0,d,d,d,d,3,0,2,d,11,0,s,s,d,1,38,5,1,s,d,0,1,20,12,s,d,d,0,2,18
I358,0,23,0,0,0,3,0,2,0,11,5,s,s,s,1,0,5,1,s,1,5,1,20,12,0,0,0,s,s,0
I359,0,23,0,7,0,3,0,2,0,11,5,s,s,s,1,0,5,1,s,1,5,1,20,12,0,0,0,s,s,0
1167,1,23,0,7,12,3,0,2,0,11,d,s,s,s,1,0,5,1,s,1,5,1,d,d,0,0,0,s,s,d
1137,0,23,0,7,0,3,0,2,0,11,5,s,s,s,d,0,5,1,s,s,5,1,d,12,0,0,12,s,s,0
1246,1,23,0,0,6,d,0,2,0,11,5,s,s,s,d,2,5,1,s,1,5,1,20,12,0,0,0,s,s,0
I365,0,0,0,9,0,3,7,2,0,11,0,s,s,6,1,0,5,0,s,1,0,1,0,s,0,0,27,0,0,0
I366,0,0,0,9,0,3,7,2,0,11,0,s,s,6,1,0,5,0,s,1,24,1,0,s,0,0,27,0,0,12
I367,0,0,0,9,0,3,7,2,0,11,31,s,s,6,1,0,5,0,s,1,24,1,0,s,2,0,27,0,0,12
I368,0,0,20,9,0,3,7,2,7,11,31,s,s,6,1,3,5,17,s,1,24,1,3,s,2,1,27,0,0,12
1651,0,0,20,d,0,3,7,2,7,11,31,s,s,d,1,3,5,17,s,1,24,1,3,s,2,1,27,0,0,12
1650,0,0,20,9,d,3,7,2,7,11,31,s,s,6,1,3,5,17,s,1,24,1,3,s,2,1,27,0,0,12
I369,0,0,0,9,0,3,7,2,0,11,31,s,s,6,1,0,5,0,s,1,24,1,0,s,2,0,27,0,0,12
1525,0,d,0,9,0,3,d,2,0,11,d,s,s,d,1,0,5,0,s,1,24,1,d,s,2,0,d,0,0,12
1524,0,0,0,9,0,3,7,2,0,11,31,s,s,6,1,0,5,0,s,1,24,d,0,s,2,d,27,0,0,12
I370,0,16,0,s,0,3,7,2,0,11,0,s,s,6,1,0,5,0,s,1,24,1,0,s,0,0,27,0,2,12
1940,0,16,0,s,0,3,7,2,0,11,0,s,s,6,1,d,5,0,s,1,24,1,0,s,d,d,27,0,2,12
I372,0,16,0,s,0,3,7,2,0,11,0,s,s,6,1,0,5,0,s,1,24,s,0,s,0,1,27,0,2,12
1445,0,16,0,s,0,3,7,2,d,11,0,s,s,6,1,0,d,d,s,1,d,s,0,s,0,1,27,d,2,12
1444,0,16,0,s,0,3,7,2,0,11,d,s,s,6,1,0,5,0,s,1,24,s,0,s,0,d,27,d,2,12
I373,0,5,0,9,0,3,7,2,0,11,0,s,s,6,1,0,5,0,s,1,0,1,0,s,0,0,27,0,0,0
1085,d,5,0,9,16,3,7,2,0,11,2,s,s,d,1,0,5,0,s,1,0,1,0,s,0,0,27,0,0,0
I377,0,5,0,9,0,3,7,2,0,11,0,s,s,6,1,0,s,0,s,1,0,1,14,s,2,0,27,0,0,0
1390,1,d,0,9,0,3,7,2,0,11,0,s,s,6,1,d,s,0,s,1,d,1,d,s,2,0,27,0,d,12
1077,1,5,0,9,0,3,7,2,0,11,0,s,s,6,1,d,s,d,s,d,0,1,14,s,2,0,27,1,0,0
I380,1,1,34,0,0,3,0,0,4,11,0,s,s,0,0,0,0,0,s,0,0,1,8,12,4,0,0,0,2,0
I381,s,1,34,0,0,3,0,0,4,11,0,s,s,0,0,0,0,16,s,0,6,1,8,12,4,0,0,0,2,0
I382,s,1,34,0,0,3,0,0,4,11,0,s,s,0,0,16,0,16,s,1,6,1,8,12,4,0,0,0,2,0
I383,s,1,34,0,0,3,0,0,4,11,0,s,s,0,0,16,0,16,s,1,6,1,8,12,4,0,0,0,2,0
I384,s,1,34,0,0,3,0,11,4,11,0,s,s,0,0,16,0,16,s,1,6,1,8,12,4,0,0,1,2,0
I385,s,1,34,0,16,3,0,11,4,11,0,s,s,0,0,16,0,16,s,1,6,1,8,12,4,0,0,1,2,0
1838,s,1,d,0,16,3,0,11,4,11,0,s,s,0,0,16,0,16,s,1,6,1,d,d,4,0,d,1,s,0
I387,s,1,34,0,16,3,0,11,4,11,0,s,s,0,0,16,0,16,s,1,6,1,8,12,4,1,0,1,2,0
1567,s,1,34,d,16,3,0,11,4,11,0,s,s,d,0,16,0,16,s,d,6,1,8,12,4,1,0,1,d,0
1566,s,1,34,0,16,d,0,11,4,11,0,s,s,0,0,16,0,16,s,1,6,d,s,d,4,1,0,d,2,0
I388,s,1,34,0,0,3,0,11,4,11,0,s,s,0,0,16,0,16,s,1,6,1,8,12,4,0,0,1,2,0
I389,s,1,34,0,0,3,0,11,4,11,0,s,s,0,0,16,0,16,s,1,6,1,8,12,4,1,9,1,2,0
1791,s,1,34,0,0,3,1,d,4,11,0,s,s,d,0,16,0,d,s,1,6,1,8,12,d,1,9,1,d,0
1790,s,1,d,0,0,3,0,d,4,11,s,s,s,0,0,16,0,16,s,1,d,1,8,12,4,1,9,1,2,0
1699,s,d,34,0,0,3,0,11,d,11,0,s,s,0,0,d,0,16,s,d,d,1,8,d,4,d,0,1,2,d
I391,s,1,34,0,0,3,0,0,4,11,3,s,s,0,0,16,0,16,s,1,6,1,8,12,4,0,0,0,2,s
I392,s,1,34,0,10,3,0,0,4,11,3,s,s,8,0,16,0,16,s,1,6,1,8,12,4,0,0,1,2,s
1675,s,1,34,0,10,3,d,0,d,11,3,s,s,s,0,16,0,16,s,d,6,1,8,12,4,0,d,1,2,s
1740,s,1,34,0,10,3,0,0,4,11,3,s,s,8,0,16,0,16,s,1,6,1,8,12,4,0,0,1,2,s
I396,s,1,34,0,0,3,0,0,4,11,3,s,s,0,0,16,0,16,s,1,6,1,8,12,4,0,0,0,2,s
1593,s,1,34,d,0,d,0,0,d,11,3,s,s,0,0,16,0,16,s,1,6,1,d,d,4,1,0,0,2,s
1592,s,1,34,0,0,3,d,0,4,11,3,s,s,0,d,16,0,16,s,1,6,d,8,12,4,0,0,0,2,s
I398,s,1,34,0,0,3,0,6,4,11,0,s,s,0,0,16,0,16,s,1,6,1,8,12,4,0,0,1,2,0
I399,s,1,34,0,0,3,0,6,4,11,0,s,s,21,0,16,0,16,s,1,6,1,8,12,4,0,0,1,2,14
1932,s,1,34,0,0,3,0,6,4,11,0,s,s,21,0,16,d,16,s,1,6,1,8,d,d,d,31,1,2,14
I403,s,1,34,0,0,3,0,6,4,11,0,s,s,21,0,s,0,16,s,1,6,1,8,12,4,0,0,1,2,14
I404,s,1,34,0,13,3,0,6,4,11,0,s,s,21,0,s,0,16,s,1,6,1,8,12,4,0,0,1,2,14
1789,s,1,34,0,13,3,0,d,4,11,0,s,s,21,0,s,0,16,s,1,6,1,8,12,4,0,0,1,2,14
1788,s,1,34,0,13,3,d,6,4,11,0,s,s,21,0,s,d,16,s,1,6,1,8,12,4,0,d,1,2,14
1881,s,1,34,0,0,3,0,6,4,d,2,s,s,21,d,s,13,16,s,d,6,1,8,12,4,d,0,1,2,14
I406,s,1,34,0,0,3,0,6,4,11,0,s,s,0,2,16,5,16,s,1,6,1,8,12,4,0,0,1,2,0
1688,s,1,34,0,0,3,0,6,4,s,0,s,s,s,s,d,5,16,s,1,d,1,8,12,4,1,d,1,2,d
I410,s,1,34,0,0,3,0,6,4,11,0,s,s,0,2,16,5,16,s,1,6,1,8,12,4,0,0,s,2,0
1829,s,1,d,0,d,d,0,6,4,11,d,s,s,9,2,16,5,d,s,1,d,1,8,12,4,0,d,s,2,0
1982,s,1,34,d,0,3,0,6,4,11,d,s,s,0,2,16,5,16,s,1,s,1,d,12,4,0,0,s,2,0
I413,s,1,34,0,0,3,0,0,4,11,0,s,s,2,0,36,13,16,s,0,6,1,8,12,4,0,0,0,2,0
I414,s,1,34,0,0,3,0,0,4,11,0,s,s,2,0,36,13,16,s,0,6,1,8,12,4,0,0,0,2,0
I415,s,1,34,0,0,3,0,0,4,11,0,s,s,2,0,36,13,16,s,0,6,1,8,12,4,0,0,0,2,0
I416,s,1,34,0,0,3,0,0,4,11,0,s,s,2,0,36,13,16,s,0,6,1,8,12,4,0,0,0,2,0
I417,s,1,34,0,0,3,0,0,4,11,31,s,s,2,1,36,13,16,s,0,6,1,8,12,4,0,0,1,2,6
1331,s,1,34,0,d,3,0,0,4,11,31,s,s,2,1,36,13,16,s,0,6,1,8,12,4,0,0,1,2,6
1330,s,1,34,0,0,3,0,0,4,d,31,s,s,2,d,36,13,16,s,0,6,1,d,12,4,0,7,d,2,6
I418,s,1,34,0,0,3,0,0,4,11,0,s,s,2,0,36,13,16,s,0,6,1,8,s,4,0,0,0,2,0
1415,s,d,34,0,0,3,0,0,4,11,0,s,s,2,0,36,13,16,s,0,d,1,8,s,4,0,0,0,2,0
1414,s,1,34,0,0,3,0,0,4,11,d,s,s,2,0,36,13,16,s,0,6,1,8,s,4,d,0,0,2,0
I420,s,1,34,0,7,3,0,0,4,11,0,s,s,2,0,36,13,16,s,0,6,1,8,12,4,0,0,0,2,0
1291,s,1,34,0,7,3,7,0,4,11,0,s,s,2,0,d,13,16,s,0,6,1,8,12,4,0,s,0,2,0
1290,s,1,34,0,d,3,0,0,d,11,0,s,s,2,0,36,d,16,s,0,6,1,8,d,4,0,0,0,2,10
I422,s,1,34,0,0,3,0,0,4,11,s,s,s,2,0,36,13,16,s,0,6,1,8,12,4,0,0,0,2,0
I423,s,1,34,0,10,3,0,0,4,11,s,s,s,2,0,36,13,16,s,0,6,1,8,12,4,0,0,0,2,14
I424,s,1,34,0,10,3,0,9,4,11,s,s,s,2,0,36,13,16,s,0,6,1,8,12,4,0,0,0,2,14
1451,s,1,34,d,10,3,0,9,4,s,s,s,s,2,1,36,13,16,s,0,6,d,8,d,4,0,d,0,2,14
1450,s,d,34,34,10,3,0,9,4,11,s,s,s,d,0,36,13,16,s,0,d,1,8,12,4,0,0,0,2,14
1208,s,1,34,0,s,3,0,0,4,d,s,s,s,d,0,36,13,16,s,0,6,1,8,12,4,d,d,0,2,14
1157,s,1,34,0,0,3,0,d,s,11,s,s,s,d,0,36,13,16,s,0,6,1,8,12,4,0,0,d,d,12
I429,s,1,34,0,0,3,0,0,4,11,0,s,s,2,0,36,13,16,s,0,6,1,8,12,4,0,0,0,2,0
I431,s,1,34,0,0,3,0,0,4,11,4,s,s,2,0,36,13,16,s,1,6,1,8,12,4,0,0,0,2,12
I432,s,1,34,0,0,3,0,0,4,11,4,s,s,2,0,36,13,16,s,1,6,1,8,12,4,0,0,0,2,12
1409,s,1,34,d,0,3,0,d,4,d,4,s,s,2,0,36,d,16,s,1,6,1,8,d,4,0,0,d,2,12
1408,s,1,34,0,0,3,0,0,4,11,4,s,s,2,0,36,d,16,s,1,6,d,8,12,4,0,0,0,2,12
1691,s,1,d,0,0,d,0,0,4,11,4,s,s,2,0,36,13,d,s,1,d,1,8,12,4,0,0,0,2,12
I437,s,1,34,0,0,3,0,0,4,11,0,s,s,2,0,36,s,16,s,0,6,1,8,12,4,0,0,0,s,0
I438,s,1,34,0,0,3,0,0,4,11,0,s,s,2,1,36,s,16,s,0,6,1,8,12,4,0,s,0,s,0
1529,s,d,34,0,0,3,0,0,4,11,0,s,s,d,1,36,s,d,s,0,d,1,8,12,4,d,s,d,s,0
1603,s,d,34,0,0,3,0,0,4,11,0,s,s,2,1,36,s,16,s,0,6,1,8,12,4,0,s,0,s,0
I441,s,1,34,19,4,3,0,6,4,11,0,s,s,2,0,36,s,s,s,2,6,1,8,12,4,0,0,0,s,0
1974,s,d,34,19,4,3,s,6,4,11,0,s,s,2,0,d,s,s,s,2,6,1,d,s,4,0,d,0,s,0
1542,s,1,34,19,4,3,d,6,4,11,0,s,s,2,0,36,s,s,s,2,6,1,8,12,4,0,0,0,s,0
I444,1,1,34,0,0,3,0,0,4,11,0,s,s,0,0,0,0,3,s,s,0,1,8,12,4,0,0,0,2,0
I445,1,1,34,0,0,3,0,0,4,11,0,s,s,0,0,0,0,3,s,s,0,1,8,12,4,0,0,0,2,s
I446,1,1,34,0,0,3,16,0,4,11,0,s,s,0,0,0,0,3,s,s,0,1,8,12,4,1,0,0,2,s
I447,1,1,34,0,0,3,16,0,4,11,0,s,s,0,0,0,0,3,s,s,0,1,8,12,4,1,0,0,2,s
1273,1,1,34,0,1,d,16,d,4,11,3,s,s,11,0,36,0,3,s,s,0,1,8,d,4,d,0,0,2,s
1153,1,d,34,12,0,3,16,0,d,11,d,s,s,11,d,16,0,3,s,s,19,1,8,s,4,s,0,d,2,s
I454,1,1,34,0,12,3,16,0,4,11,0,s,s,0,0,0,0,3,s,s,0,1,8,12,4,1,0,1,2,s
1907,1,d,34,0,12,3,16,6,4,11,0,s,s,0,0,0,0,d,s,s,7,1,8,s,4,d,0,1,2,s
I458,1,1,34,0,12,3,16,0,4,11,0,s,s,9,0,0,0,3,s,s,0,1,8,12,4,1,0,1,2,s
2025,1,1,34,0,12,3,16,d,4,11,0,s,s,d,0,2,0,3,s,s,0,d,8,12,d,1,0,1,2,s
I460,1,1,34,34,12,3,16,0,4,11,0,s,s,9,0,0,0,3,s,s,0,1,8,12,4,1,9,1,2,s
1875,1,1,34,34,d,3,16,0,4,11,0,s,s,d,0,0,0,3,s,s,0,1,8,12,4,1,9,d,2,s
1874,1,1,34,34,12,d,16,0,4,d,0,s,s,9,0,2,0,3,s,s,0,1,8,12,4,1,9,1,2,s
I461,1,1,34,0,0,3,0,0,4,11,0,s,s,0,0,0,2,3,s,s,13,1,8,12,4,0,0,0,2,s
I462,1,1,34,0,0,3,0,0,4,11,0,s,s,0,0,0,2,3,s,s,13,1,8,12,4,0,0,0,2,s
I465,1,1,34,0,0,3,0,0,4,11,0,s,s,0,0,0,2,3,s,s,13,1,8,12,4,0,0,0,2,s
1565,1,1,34,d,0,d,0,d,s,11,0,s,s,0,0,0,d,3,s,s,d,1,8,12,4,0,0,0,2,s
1564,1,d,d,0,0,3,0,0,d,11,0,s,s,0,0,0,2,3,s,s,13,d,8,12,4,0,0,d,2,s
I466,1,1,34,0,0,3,42,0,4,11,0,s,s,0,0,0,2,3,s,s,13,1,8,12,4,0,4,0,2,s
I467,1,1,34,0,0,3,42,0,4,11,0,s,s,8,1,0,2,3,s,s,13,1,8,12,4,0,4,0,2,s
1891,1,d,34,0,0,3,42,0,4,11,0,s,s,8,1,0,2,d,s,s,13,d,8,12,4,0,4,0,2,s
1890,1,1,34,0,0,3,42,0,d,11,0,s,s,8,1,0,2,3,s,s,13,1,8,d,4,0,4,0,2,s
I468,1,1,34,0,0,3,42,8,4,11,0,s,s,0,0,0,2,3,s,s,13,1,8,12,4,1,4,0,2,s
1771,1,1,34,0,0,3,42,8,4,d,0,s,s,0,0,0,2,3,s,s,13,1,8,12,4,1,4,0,2,s
1770,d,1,d,0,0,3,42,8,4,d,0,s,s,d,0,0,d,3,s,s,13,1,8,12,d,1,4,0,2,s
1915,1,1,d,7,0,3,d,0,4,11,0,s,s,d,0,0,2,3,s,s,13,d,8,d,4,1,0,0,d,s
I476,1,1,34,0,0,3,0,0,4,11,0,s,s,0,0,0,0,3,s,s,0,1,8,12,4,0,0,0,2,0
I477,1,1,34,0,0,3,0,0,4,11,0,s,s,0,1,0,0,3,s,s,0,1,8,12,4,1,12,0,2,0
1608,1,1,d,0,0,3,0,0,4,d,0,s,s,8,1,0,1,3,s,s,d,1,8,12,d,1,12,0,2,0
I485,1,1,34,0,0,3,0,0,4,s,0,s,s,0,1,0,0,3,s,s,0,1,8,12,4,1,12,0,2,0
I486,1,1,34,24,13,3,0,0,4,s,0,s,s,0,1,0,0,3,s,s,0,1,8,12,4,1,12,0,2,0
I487,1,1,34,24,13,3,0,0,4,s,0,s,s,0,1,0,0,3,s,s,10,1,8,12,4,1,12,0,2,0
1809,d,1,34,24,d,3,0,0,4,s,0,s,s,0,1,0,0,3,s,s,10,1,d,12,4,1,12,0,2,0
1808,1,1,34,24,13,3,d,0,4,s,0,s,s,0,1,0,0,3,s,s,d,1,8,12,4,1,d,d,2,0
1709,1,1,34,d,13,3,0,d,4,s,0,s,s,0,1,0,0,3,s,s,0,1,8,12,4,1,12,0,2,4
I490,1,1,34,0,0,3,20,0,4,s,0,s,s,0,1,25,0,3,s,s,19,1,8,12,4,s,12,0,2,0
1751,1,d,34,0,0,3,20,0,4,s,0,s,s,0,1,25,0,d,s,s,19,1,8,12,4,s,12,0,2,0
1750,1,1,34,0,0,3,20,0,4,s,0,s,s,0,1,25,0,3,s,s,d,1,8,12,4,s,d,0,2,0
I492,1,1,34,0,0,3,0,0,4,11,0,s,s,0,0,0,5,3,s,s,0,1,8,12,4,0,0,0,2,0
I493,1,1,34,0,0,3,0,0,4,11,0,s,s,0,0,0,5,3,s,s,0,1,8,s,4,1,0,0,2,0
I494,1,1,34,5,0,3,0,0,4,11,0,s,s,0,0,16,5,3,s,s,0,1,8,s,4,1,0,0,2,0
I495,1,1,34,5,12,3,0,0,4,11,0,s,s,0,0,16,s,3,s,s,0,1,8,s,4,1,4,0,2,0
1865,1,1,34,5,12,3,0,0,4,11,0,s,s,0,0,16,s,3,s,s,0,1,8,s,4,1,4,d,2,14
1864,1,1,34,5,d,3,0,0,4,d,31,s,s,0,0,16,s,3,s,s,0,1,8,s,4,1,4,0,2,0
I496,1,1,34,5,0,3,0,0,4,11,0,s,s,0,0,16,5,3,s,s,0,1,8,s,4,1,0,1,2,0
1959,1,1,34,5,d,3,0,d,4,11,d,s,s,0,0,16,5,3,s,s,0,d,8,s,4,1,0,1,2,0
1958,1,1,34,5,0,3,0,0,4,11,0,s,s,0,0,16,5,d,s,s,0,d,8,s,4,d,0,1,d,0
1478,1,d,34,d,d,3,s,d,4,11,0,s,s,0,0,27,5,3,s,s,s,1,8,s,4,1,0,0,2,9
I500,1,1,34,0,0,3,0,0,4,11,0,s,s,0,0,0,5,3,s,s,30,1,8,12,4,0,0,0,2,0
I501,1,1,34,0,0,3,0,0,4,11,0,s,s,0,0,0,5,3,s,s,30,1,8,12,4,0,0,0,2,0
2040,1,1,34,0,0,3,0,0,4,11,s,s,s,0,0,0,5,3,s,s,d,1,d,12,4,0,0,1,2,0
I503,1,1,34,0,0,3,0,0,4,11,0,s,s,0,0,0,5,3,s,s,30,1,8,12,4,0,0,0,2,0
2001,1,1,34,0,0,d,0,0,4,11,0,s,s,0,d,0,5,3,s,s,30,1,8,12,4,0,0,0,d,d
2000,1,1,d,0,0,3,0,0,4,11,0,s,s,0,0,0,5,3,s,s,30,1,8,12,4,0,0,0,2,0
I504,1,1,34,0,0,3,0,0,4,11,0,s,s,0,0,0,5,3,s,s,s,1,8,12,4,0,0,0,2,0
1658,1,1,34,0,0,3,0,0,4,d,0,s,s,0,0,0,5,3,s,s,s,1,8,12,4,0,0,d,2,s
1905,1,1,34,0,13,3,0,0,4,11,0,s,s,d,d,0,5,3,s,s,s,1,8,12,4,d,0,0,d,0
I507,0,0,0,0,0,3,0,0,s,0,0,0,0,0,0,21,0,0,s,2,0,0,14,0,0,0,0,0,0,0
I508,0,0,0,0,0,3,0,8,s,0,0,0,0,0,0,21,0,0,s,2,9,0,14,0,0,0,0,0,0,0
I509,0,0,0,0,0,3,0,8,s,0,0,0,0,0,0,21,s,0,s,2,9,0,14,0,0,0,0,0,0,0
I510,0,3,0,0,4,3,0,8,s,10,0,0,0,0,0,21,s,0,s,2,9,0,14,0,0,0,0,1,0,0
I511,0,3,0,0,4,3,0,8,s,10,0,0,0,0,0,21,s,0,s,2,9,0,s,s,s,0,0,1,0,0
I512,0,3,0,5,4,3,0,8,s,10,0,0,0,0,0,21,s,0,s,2,9,0,s,s,s,0,0,1,0,0
I513,1,3,0,5,4,3,0,8,s,10,0,0,0,0,0,21,s,26,s,2,9,0,s,s,s,0,0,1,0,0
I514,1,3,0,5,4,3,0,8,s,10,0,0,0,8,1,21,s,26,s,2,9,0,s,s,s,0,0,1,0,0
I515,1,3,0,5,4,3,0,8,s,10,0,0,0,8,1,21,s,26,s,2,9,0,s,s,s,1,0,1,0,0
1067,1,3,0,5,4,s,0,8,s,10,0,0,0,8,d,21,s,26,s,2,9,0,s,s,s,1,0,1,0,0
1066,1,d,0,5,4,3,d,8,s,d,0,0,0,s,1,d,s,26,s,2,9,0,s,s,s,1,d,1,d,0
I516,1,3,0,5,4,3,0,8,s,10,0,0,0,8,1,21,s,26,s,2,9,0,s,s,s,0,0,1,0,0
1065,1,d,0,5,4,3,0,8,s,10,0,3,0,8,1,21,s,26,s,2,9,d,s,s,s,0,0,1,0,0
1064,1,3,0,5,4,3,d,8,s,d,d,0,0,8,1,21,s,26,s,d,9,0,s,s,s,0,0,1,0,0
1107,1,d,d,5,4,d,0,8,s,10,0,d,0,0,1,21,s,26,s,2,9,0,s,s,s,0,0,1,0,0
I520,0,3,0,5,4,3,0,8,s,10,0,0,0,0,0,21,s,0,s,2,9,0,s,s,s,1,0,1,0,0
I521,0,3,0,5,4,3,0,8,s,10,0,0,0,17,0,21,s,0,s,2,9,0,s,s,s,1,0,1,0,0
I522,0,3,0,5,4,3,0,8,s,10,0,0,0,17,0,21,s,0,s,2,9,0,s,s,s,1,0,1,0,0
1323,0,d,d,5,4,3,0,8,s,10,0,0,0,d,0,21,s,0,s,2,9,0,s,s,s,1,0,d,0,0
1322,0,d,0,5,4,3,0,d,s,10,d,0,d,d,0,21,s,0,s,2,9,0,s,s,s,1,0,d,0,0
I523,0,3,0,5,4,3,0,8,s,10,0,0,0,17,0,21,s,0,s,2,9,0,s,s,s,1,0,1,0,0
1257,0,3,0,5,4,3,0,8,s,10,0,0,0,17,1,21,s,0,s,2,9,0,s,s,s,d,0,d,2,0
1256,0,3,d,5,d,3,0,8,s,10,14,d,0,17,0,21,s,0,s,d,s,0,s,s,s,1,0,d,2,0
I524,0,3,0,5,4,3,0,8,s,10,0,0,1,0,1,21,s,0,s,2,9,0,s,s,s,1,0,1,0,0
1355,0,3,0,d,4,d,1,8,s,10,0,0,1,0,1,21,s,0,s,s,9,0,s,s,s,1,0,d,0,0
1587,d,d,0,5,4,3,0,8,s,10,2,d,1,9,d,d,s,d,s,2,9,0,s,s,s,d,0,1,0,0
I527,0,3,0,0,4,3,0,8,s,10,0,0,0,0,0,21,s,0,s,2,9,0,s,s,s,0,9,1,0,0
I528,0,3,0,0,4,3,0,8,s,10,0,0,0,0,0,21,s,0,s,2,9,0,s,s,s,0,9,1,0,14
1654,0,3,0,0,4,3,5,8,s,10,5,0,0,0,1,21,s,0,s,2,d,0,s,s,s,0,9,1,0,14
I533,0,3,0,0,4,3,0,8,s,10,0,0,0,0,0,21,s,0,s,s,9,0,s,s,s,0,9,1,0,14
1389,0,3,0,d,4,3,0,8,s,10,0,0,0,0,0,d,s,d,s,s,d,d,s,s,s,0,9,1,0,14
1388,0,3,0,0,4,3,0,8,s,10,0,0,0,0,0,21,s,10,s,s,9,0,s,s,s,0,9,1,0,14
I535,0,3,0,0,4,3,0,8,s,10,0,0,0,0,0,21,s,9,s,2,9,0,s,s,s,0,9,1,0,10
1236,s,3,0,0,d,3,0,8,s,10,s,0,0,17,0,21,s,9,s,2,9,0,s,s,s,1,9,1,0,10
I539,0,3,28,0,4,3,0,8,s,10,0,0,0,0,0,21,s,9,s,2,9,0,s,s,s,0,9,1,0,10
1154,0,3,d,0,s,3,0,8,s,10,d,0,0,0,0,21,s,9,s,2,9,0,s,s,s,1,9,1,0,10
1175,1,3,28,d,4,3,d,d,s,10,0,0,0,0,d,21,s,9,s,2,9,0,s,s,s,0,d,1,0,10
I542,0,3,33,0,4,3,0,8,s,10,0,3,0,0,0,21,s,0,s,2,9,0,14,0,0,0,0,1,0,0
I543,0,3,33,0,4,3,0,8,s,10,0,3,0,0,0,21,s,0,s,2,9,0,14,0,0,0,0,1,0,0
I544,0,3,33,0,4,3,0,8,s,10,0,3,0,0,0,21,s,0,s,2,9,0,14,0,0,0,31,1,0,0
1182,0,3,33,0,4,3,0,d,s,10,0,3,d,0,1,21,s,0,s,2,d,0,14,0,0,1,31,1,0,d
I548,0,3,33,0,4,3,0,8,s,10,0,3,0,0,0,21,s,0,s,2,9,0,14,0,0,0,31,1,0,0
I549,0,3,33,0,4,3,0,8,s,10,0,3,0,0,0,21,s,0,s,2,9,0,14,0,0,0,31,1,0,0
1047,0,3,33,0,4,3,0,8,s,10,0,s,0,0,1,d,s,0,s,2,9,d,14,0,0,0,31,d,0,0
2046,0,3,33,d,d,3,0,d,s,10,0,d,0,0,0,21,s,d,s,2,9,0,14,0,0,0,31,1,0,0
1126,0,3,33,0,4,3,0,d,s,10,21,3,0,0,d,21,s,18,s,2,9,0,14,0,0,0,31,1,d,0
I552,0,3,33,0,4,3,0,8,s,10,0,3,0,0,0,21,s,0,s,2,9,0,14,0,0,0,0,1,0,0
I553,0,3,33,0,4,3,38,8,s,10,0,3,0,0,0,21,s,10,s,2,9,2,14,0,0,1,0,1,0,0
I554,0,3,33,0,4,3,38,8,s,10,0,3,0,0,1,21,s,10,s,2,9,2,14,0,6,1,0,1,0,0
1089,0,3,33,d,4,3,38,8,s,10,0,3,0,2,1,21,s,10,s,d,d,d,14,0,6,1,0,1,0,0
1088,0,d,33,0,4,d,38,8,s,d,0,3,0,0,d,s,s,10,s,d,9,s,14,0,6,1,d,1,d,0
I555,0,3,33,0,4,3,38,8,s,10,0,3,0,0,0,21,s,10,s,2,9,2,14,0,2,1,0,1,0,0
1203,d,3,33,0,d,3,38,8,s,10,d,d,d,0,0,21,s,10,s,2,s,2,d,4,2,1,0,1,0,d
1202,0,3,33,0,4,3,38,d,s,10,0,d,0,0,d,21,s,d,s,2,9,2,14,0,2,1,0,1,0,0
I556,0,3,33,0,4,3,6,8,s,10,0,3,0,0,1,s,s,0,s,2,9,0,14,0,0,0,0,1,0,0
1266,0,3,33,s,d,3,6,d,s,10,0,3,0,2,d,s,s,d,s,2,d,0,14,0,0,0,0,1,0,0
I558,0,3,33,0,4,3,6,8,s,10,0,3,0,0,1,s,s,9,s,2,9,0,14,0,s,0,0,1,0,0
I559,0,3,33,0,4,3,6,8,s,10,0,3,0,0,1,s,s,9,s,2,9,0,14,0,s,0,0,1,0,0
2017,d,d,d,0,4,3,6,8,s,10,0,3,0,0,1,s,s,9,s,2,9,0,14,0,s,0,0,1,0,0
2016,0,3,33,d,d,3,d,8,s,10,0,3,d,0,1,s,s,9,s,2,9,0,14,0,s,0,0,1,0,0
2039,0,3,33,0,4,3,6,8,s,10,d,3,0,0,1,s,s,9,s,2,d,0,14,0,s,0,0,d,0,0
I561,0,3,33,0,4,3,0,8,s,10,0,3,0,0,0,21,s,0,s,2,9,1,14,0,0,1,0,1,2,0
I562,0,3,33,0,4,3,0,8,s,10,0,3,0,0,0,21,s,0,s,2,9,1,14,0,0,1,0,1,2,0
I563,1,3,33,0,4,3,0,8,s,10,0,3,0,0,0,21,s,0,s,2,9,1,14,25,0,1,0,1,2,0
I564,1,3,33,0,4,3,0,8,s,10,0,3,0,0,0,21,s,0,s,2,9,1,14,25,0,1,0,1,2,0
1195,1,3,33,0,4,3,27,8,s,10,0,3,0,0,0,21,s,0,s,2,9,d,14,d,0,d,0,s,2,0
1194,d,3,d,0,4,3,0,d,s,d,0,d,d,d,d,d,s,0,s,2,9,1,14,25,0,1,0,1,d,0
1169,1,3,33,0,4,3,0,8,s,10,0,3,0,0,0,21,s,0,s,2,9,1,14,25,0,1,6,1,2,0
1517,1,3,d,0,4,d,0,8,s,s,0,3,0,11,0,21,s,0,s,2,9,1,14,d,s,1,31,1,d,0
I569,s,3,33,0,4,3,0,8,s,10,0,3,0,0,1,21,s,0,s,2,9,1,14,17,0,1,0,1,2,10
I570,s,3,33,0,4,3,0,8,s,10,0,3,0,0,1,21,s,0,s,2,9,1,14,17,0,1,0,1,2,10
I571,s,3,33,0,4,s,0,8,s,10,0,3,0,0,1,21,s,0,s,2,9,1,14,17,0,1,0,1,2,10
1295,s,3,33,0,d,s,0,8,s,10,0,d,d,d,1,21,s,0,s,2,d,1,14,17,0,s,d,1,d,10
1294,s,3,33,0,d,s,0,8,s,10,0,3,0,0,1,21,s,0,s,d,9,1,d,d,0,1,d,1,2,10
I572,s,3,33,0,4,3,0,8,s,10,0,3,0,0,1,21,s,0,s,2,9,1,14,17,0,1,31,1,2,10
1353,s,3,d,0,4,3,0,d,s,10,2,3,0,0,d,d,s,0,s,2,d,1,14,17,0,d,31,1,2,10
1352,s,3,33,2,4,3,0,8,s,10,0,3,0,0,1,21,s,0,s,d,d,1,14,17,d,1,31,d,2,10
I573,s,3,33,0,4,3,0,8,s,10,0,3,0,0,1,21,s,0,s,2,9,1,14,17,0,1,0,1,2,10
1551,s,3,33,d,4,3,s,8,s,10,0,3,0,0,d,21,s,0,s,2,9,1,14,17,2,1,9,1,2,10
1196,s,3,33,d,4,3,0,8,s,10,18,3,0,d,1,21,s,0,s,2,9,1,14,d,0,1,2,1,2,10
I576,0,0,0,2,0,3,0,8,s,0,0,0,14,0,0,21,s,0,s,2,9,0,14,0,0,0,0,0,0,13
I577,0,0,0,2,0,3,0,8,s,0,0,0,14,0,0,21,s,0,s,2,9,0,14,0,0,0,0,0,0,13
I578,0,0,0,2,0,3,0,8,s,0,0,0,14,0,0,21,s,0,s,2,9,0,14,0,0,0,0,0,0,13
I579,0,5,0,2,0,3,0,8,s,10,31,0,14,0,0,21,s,0,s,2,9,0,14,0,0,0,0,0,0,13
I580,0,5,0,2,0,3,0,8,s,10,31,0,14,0,0,21,s,0,s,2,9,0,14,0,0,0,0,0,0,13
1834,d,5,d,2,9,3,0,8,s,10,31,d,14,0,0,21,s,0,s,2,9,1,14,0,2,0,0,0,0,13
1670,0,5,0,2,0,3,0,8,s,10,31,0,14,0,0,21,s,0,s,2,9,d,14,0,0,0,0,1,0,d
I583,0,5,0,2,0,3,0,8,s,10,31,0,14,0,0,21,s,22,s,2,9,0,s,0,0,0,0,1,0,13
1948,0,d,0,2,0,3,0,8,s,10,31,0,d,0,0,21,s,22,s,2,9,0,s,0,0,0,0,1,0,13
1748,0,d,0,2,0,3,0,d,s,10,31,0,14,21,0,21,s,22,s,2,9,0,s,0,d,0,d,1,2,13
I586,0,0,0,2,0,3,0,8,s,0,0,0,14,s,0,21,s,0,s,2,9,0,14,0,0,1,0,0,0,13
I587,0,24,0,2,16,3,0,8,s,0,0,0,s,s,0,21,s,0,s,2,9,0,14,0,0,1,0,0,0,13
1268,0,d,0,2,16,d,0,8,s,2,0,0,s,s,d,21,s,0,s,2,d,0,14,0,d,1,0,0,0,s
1176,0,24,0,2,16,3,0,d,s,0,19,0,s,s,d,d,s,0,s,2,9,1,14,d,0,1,0,0,0,13
1910,0,0,0,2,0,3,0,8,s,0,d,0,14,s,0,21,s,0,s,2,9,0,14,0,0,1,0,0,0,13
I593,0,0,0,2,0,3,0,8,s,10,0,0,14,0,0,21,s,0,s,2,s,0,14,0,0,0,0,0,0,13
I594,0,0,10,2,0,3,0,8,s,10,0,0,14,0,0,21,s,3,s,2,s,0,14,0,s,0,0,0,0,13
I595,1,0,10,2,0,3,0,8,s,10,0,0,14,0,0,21,s,3,s,2,s,0,14,0,s,0,0,0,0,13
1198,1,d,10,2,0,3,0,8,s,10,0,3,14,0,1,21,s,3,s,2,s,0,14,0,s,0,0,0,0,s
I597,1,0,10,2,0,3,0,8,s,10,0,0,14,0,0,21,s,3,s,2,s,0,14,0,s,0,s,0,0,13
2010,1,0,10,2,0,3,0,8,s,s,0,3,14,0,0,21,s,3,s,2,s,0,14,0,s,0,s,0,0,13
I599,1,0,10,2,0,3,0,8,s,10,0,0,14,0,0,21,s,3,s,2,s,0,14,0,s,0,s,0,0,13
2003,1,0,10,2,0,3,0,8,s,10,0,0,14,0,d,21,s,3,s,2,s,0,14,0,s,0,s,0,0,13
2002,1,d,10,2,0,3,0,d,s,10,0,0,14,0,0,21,s,3,s,2,s,0,14,0,s,0,s,0,0,d
I600,0,0,10,2,0,3,0,8,s,10,0,0,14,0,0,21,s,3,s,2,s,0,14,0,s,0,0,0,0,13
1216,0,0,10,2,d,3,0,8,s,10,0,0,14,0,0,d,s,3,s,2,s,0,14,0,s,0,0,0,0,13
1326,0,0,10,2,0,3,0,8,s,10,d,0,14,0,0,21,s,d,s,2,s,0,14,17,s,0,0,1,2,13
I603,0,0,6,2,0,3,0,8,s,10,3,0,14,0,0,21,s,0,s,2,s,0,14,24,0,0,0,0,0,13
I606,0,0,6,2,s,3,31,8,s,10,3,0,14,0,0,21,s,0,s,2,s,0,14,24,2,0,0,1,0,13
1087,0,0,6,d,s,3,31,8,s,10,3,5,14,d,0,21,s,0,s,d,s,d,14,24,2,0,0,1,d,13
1086,0,0,6,d,s,3,31,8,s,d,3,0,14,0,0,21,s,0,s,2,s,0,14,24,2,0,0,d,0,13
I607,0,0,6,2,17,3,0,8,s,10,3,0,14,0,0,21,s,0,s,2,s,0,14,24,0,0,0,0,0,13
I608,0,0,6,2,17,3,0,8,s,10,3,0,14,0,0,21,s,s,s,2,s,0,14,24,0,0,7,0,0,13
1207,0,0,6,2,17,d,2,8,s,10,3,d,14,0,0,21,s,s,s,d,s,0,14,24,0,0,7,0,0,13
1206,0,0,6,2,17,3,0,8,s,10,3,d,14,0,0,21,s,s,s,2,s,0,14,24,0,0,7,0,0,13
1179,d,0,6,d,17,d,d,8,s,10,3,0,14,d,0,s,s,0,s,2,s,0,14,24,0,d,0,0,0,13
I610,0,26,0,2,0,3,0,8,s,0,0,0,14,0,s,21,s,0,s,2,9,0,14,0,0,0,0,0,0,13
I611,0,26,0,2,0,3,0,8,s,0,0,0,14,0,s,21,s,0,s,s,9,0,14,0,0,1,0,0,0,13
I612,0,26,0,2,0,3,0,8,s,0,0,0,14,0,s,21,s,0,s,s,9,0,14,0,0,1,4,0,0,13
I613,0,26,0,2,0,3,0,8,s,0,2,0,14,0,s,21,s,0,s,s,9,0,14,26,0,1,4,0,2,13
1642,d,26,d,2,d,d,0,8,s,0,d,0,14,0,s,21,s,14,s,s,9,0,14,26,0,d,4,1,2,13
1382,d,d,6,2,0,3,0,8,s,7,d,0,14,0,s,21,s,0,s,s,9,0,14,26,0,1,4,0,2,13
I616,0,26,0,2,0,3,0,8,s,0,0,0,14,0,s,21,s,0,s,s,9,0,14,0,0,1,4,1,0,13
I617,0,26,0,2,0,3,0,8,s,0,14,0,14,0,s,21,s,0,s,s,9,0,14,0,2,1,4,1,0,13
1453,0,26,0,d,0,3,0,8,s,0,14,0,14,0,s,21,s,0,s,s,9,0,14,0,2,1,4,1,0,13
1452,0,26,0,2,0,d,0,8,s,0,14,0,14,0,s,21,s,0,s,s,9,0,14,0,2,1,4,1,0,13
I618,0,26,0,2,17,3,0,8,s,0,0,3,14,0,s,21,s,26,s,s,9,1,14,0,0,1,s,1,0,13
1533,0,d,d,2,d,3,0,8,s,0,0,3,d,0,s,21,s,26,s,s,9,1,14,0,0,1,s,1,0,13
1532,d,26,0,2,17,3,0,8,s,0,0,3,d,0,s,21,s,26,s,s,9,1,14,0,0,1,s,1,0,13
I619,0,26,0,2,9,3,0,s,s,0,0,0,14,0,s,21,s,0,s,s,9,0,14,0,0,1,0,0,0,13
I621,0,26,0,2,9,3,0,s,s,0,0,0,14,11,s,21,s,19,s,s,9,0,14,26,0,1,1,0,0,13
1461,0,26,0,2,9,d,0,s,s,0,d,0,14,11,s,21,s,19,s,s,9,0,14,26,0,1,1,0,d,13
1460,0,26,0,2,9,3,d,s,s,0,0,0,14,11,s,d,s,19,s,s,9,0,14,26,0,d,1,0,0,13
I624,0,26,0,2,9,3,0,s,s,0,0,0,14,0,s,21,s,0,s,s,9,1,14,0,0,1,0,0,0,13
1325,0,26,0,d,d,3,0,s,s,0,0,0,14,0,s,21,s,0,s,s,9,1,14,0,0,1,d,0,0,13
1324,0,d,0,2,9,3,0,s,s,0,d,0,14,d,s,21,s,0,s,s,9,1,14,0,0,1,d,d,d,13
I626,0,26,0,2,0,3,0,8,s,9,0,0,14,0,s,21,s,0,s,2,9,0,14,0,0,0,0,1,0,13
1184,0,d,0,2,10,3,17,8,s,9,0,0,14,0,s,21,s,0,s,2,9,0,d,0,0,0,2,1,2,13
I635,0,26,0,2,0,3,0,8,s,9,0,0,14,0,s,21,s,0,s,2,9,0,14,0,0,1,0,1,2,13
1334,d,26,0,2,0,3,0,s,s,9,0,0,14,21,s,s,s,d,s,d,9,1,14,0,1,1,0,1,2,d
1484,0,d,0,s,17,3,d,8,s,9,0,0,14,0,s,21,s,0,s,d,d,0,14,0,0,d,0,1,2,13
I641,1,0,0,0,0,3,0,8,s,0,0,0,0,0,1,21,0,0,s,2,9,0,14,0,0,0,14,0,0,0
I642,1,0,0,0,0,3,0,8,s,0,0,0,0,0,1,21,0,0,s,2,9,0,14,0,0,0,14,0,2,0
I643,1,0,3,0,0,3,0,8,s,0,0,0,0,0,1,21,0,0,s,2,9,0,14,0,0,0,14,0,2,0
I644,1,0,3,0,0,3,0,8,s,0,0,0,0,0,1,21,0,0,s,2,9,0,14,0,2,0,14,0,2,0
I645,1,0,3,s,0,3,0,8,s,7,0,0,0,0,1,21,0,0,s,2,9,0,14,0,2,0,s,0,2,0
I646,1,0,3,s,0,3,0,8,s,7,3,0,0,0,1,21,0,14,s,2,9,0,14,0,2,0,s,0,s,0
1883,d,d,3,s,d,3,0,8,s,7,3,0,0,d,1,21,0,14,s,2,9,1,14,0,2,0,s,d,s,3
1860,1,3,3,s,0,d,0,8,s,d,3,4,0,21,1,21,0,14,s,2,9,d,14,0,2,1,s,0,s,0
I649,1,0,3,s,0,3,9,8,s,7,0,0,0,21,1,21,0,0,s,2,9,1,14,0,2,0,s,0,2,0
1818,1,0,3,s,0,3,9,8,s,d,25,0,0,21,1,21,0,s,s,2,9,1,14,0,2,0,s,1,2,0
1559,1,21,3,s,0,3,d,8,s,7,0,0,0,21,s,d,0,s,s,2,9,1,14,0,2,0,s,0,2,0
I652,1,0,3,0,0,3,0,8,s,0,0,0,0,0,1,21,0,0,s,2,9,0,14,0,2,0,14,0,2,0
I653,1,0,3,0,0,3,0,8,s,0,0,0,0,0,1,21,2,0,s,2,9,2,14,0,2,0,14,0,2,0
I654,1,0,3,0,17,3,0,8,s,0,0,0,0,0,1,21,2,0,s,2,9,2,14,0,2,0,14,0,2,0
1289,1,0,d,0,17,3,0,8,s,d,0,0,0,0,1,21,d,d,s,2,9,d,14,0,2,d,14,0,2,0
1288,1,0,3,18,17,3,0,8,s,0,0,0,0,0,d,21,2,0,s,2,d,2,d,0,2,0,14,0,2,d
1519,d,0,3,0,0,d,d,8,s,0,0,0,0,0,1,d,d,0,s,2,9,2,14,0,d,0,14,0,2,0
I656,1,4,3,0,0,3,0,8,s,0,0,0,0,0,1,21,0,0,s,2,9,0,14,4,2,0,14,0,2,0
I657,1,4,3,0,0,3,s,8,s,0,0,0,0,0,1,21,0,26,s,s,9,1,14,4,2,0,14,0,2,6
1637,1,4,3,0,0,3,s,8,s,0,0,0,0,0,1,d,0,26,s,s,9,1,d,4,2,d,14,0,2,6
1636,1,d,3,0,0,3,s,8,s,0,0,0,0,0,1,21,0,26,s,s,9,1,14,4,2,0,14,0,2,6
I658,1,4,3,0,0,s,0,8,s,0,0,0,0,0,1,21,13,0,s,2,9,0,14,4,2,0,14,0,2,0
1701,1,d,3,0,0,s,0,8,s,3,0,0,0,d,d,21,13,d,s,2,s,0,d,4,2,0,14,0,2,0
1700,1,d,3,d,0,s,0,8,s,0,0,0,0,d,1,21,13,d,s,d,9,d,d,4,2,0,14,0,2,0
I659,1,0,3,26,0,3,0,8,s,0,0,0,0,s,1,21,0,0,s,2,9,0,14,0,0,0,14,0,2,0
I660,1,0,3,26,0,3,0,8,s,0,0,0,0,s,1,21,0,0,s,2,9,0,14,0,2,0,14,0,2,0
I661,1,0,3,26,0,3,0,8,s,0,0,0,0,s,1,21,0,0,s,2,9,0,14,0,2,0,14,0,2,0
1228,1,0,3,d,0,3,0,d,s,0,0,d,0,s,1,21,d,0,s,d,9,0,14,0,2,0,14,0,s,0
1220,d,0,3,26,0,3,d,8,s,0,0,6,d,s,1,21,0,0,s,d,9,0,14,0,d,d,14,d,2,0
I664,1,0,3,26,0,3,0,8,s,0,3,0,0,s,1,21,0,0,s,2,9,0,14,0,2,0,14,0,2,0
1471,d,0,3,26,0,s,0,8,s,2,3,0,0,s,1,21,0,0,s,2,d,0,14,0,2,d,14,0,2,d
1403,1,d,3,26,0,3,0,8,s,0,d,0,d,s,d,21,0,0,s,2,9,0,14,17,2,d,14,d,2,6
I668,1,0,3,26,0,3,0,8,s,0,0,0,0,s,1,21,4,0,s,2,9,s,14,0,0,0,14,0,2,17
1560,1,16,3,26,0,3,8,8,s,0,0,0,0,s,1,21,4,d,s,2,9,s,d,0,2,0,d,0,2,17
I670,1,0,3,26,0,3,0,8,s,0,0,s,0,s,1,21,4,0,s,2,9,s,14,0,0,0,14,0,2,17
1621,1,0,3,26,0,3,0,8,s,d,0,s,0,s,1,21,4,0,s,d,9,s,14,0,0,0,14,0,2,d
1620,d,0,3,26,0,d,0,8,s,0,0,s,0,s,1,21,4,28,s,2,9,s,14,0,d,d,14,0,2,17
I674,1,0,0,0,0,3,0,8,s,0,0,0,0,11,1,21,0,0,s,2,9,0,14,0,0,0,14,0,2,0
I675,1,0,10,0,13,3,0,8,s,0,0,0,0,11,1,21,0,0,s,2,9,1,14,0,s,0,14,0,2,0
I676,1,14,10,0,13,3,0,8,s,0,0,0,0,11,1,21,0,0,s,2,9,1,14,0,s,0,14,0,2,0
1465,s,14,10,s,13,3,0,8,s,7,0,0,0,11,1,d,d,0,s,2,9,1,14,31,s,d,d,0,2,14
I680,1,14,10,0,13,3,0,8,s,0,0,0,0,11,1,21,0,0,s,2,9,1,14,0,s,0,14,0,2,0
1296,1,14,10,0,13,3,0,8,s,0,0,0,0,11,1,21,3,0,s,2,9,1,14,0,s,0,s,0,2,d
1135,1,14,10,0,s,3,0,8,s,0,d,6,0,11,d,21,0,9,s,2,9,1,14,0,s,0,d,0,d,0
I684,1,0,10,s,13,3,0,8,s,0,0,0,0,11,1,21,0,9,s,2,9,1,14,0,s,0,14,1,2,0
1854,d,0,10,s,d,d,0,8,s,0,0,0,d,11,1,21,0,9,s,2,d,1,s,0,s,0,14,1,2,d
I686,1,0,10,s,13,3,0,8,s,0,19,0,23,11,1,21,0,9,s,2,9,1,14,0,s,0,14,1,2,0
1795,d,0,10,s,13,d,0,8,s,0,19,0,23,d,1,21,0,9,s,2,9,1,14,0,s,0,14,1,2,0
1794,1,0,10,s,13,3,0,8,s,0,19,0,d,d,d,21,0,9,s,2,9,1,14,0,s,0,14,1,2,0
I690,1,0,0,0,0,3,0,8,s,0,0,0,0,11,1,21,1,0,s,2,9,0,14,0,0,0,14,0,2,0
I691,1,17,0,0,0,3,0,8,s,0,0,0,0,11,1,21,1,0,s,2,9,0,14,0,0,0,14,0,2,0
1188,1,17,s,0,d,d,9,8,s,0,0,d,0,d,1,21,1,0,s,d,9,0,14,0,0,0,14,d,2,d
I696,s,17,0,0,0,3,0,8,s,0,0,0,0,11,1,21,1,0,s,2,9,0,14,0,0,0,14,0,2,4
1463,s,17,0,0,d,3,0,8,s,0,d,0,0,11,1,21,1,0,s,2,d,d,14,0,0,0,14,0,2,d
1462,s,17,0,0,0,3,0,8,s,d,d,0,23,11,1,21,d,0,s,2,d,0,d,0,0,0,14,0,d,d
I698,1,0,0,0,0,3,0,8,s,0,0,0,0,11,1,21,1,0,s,2,9,0,14,0,0,0,14,0,2,0
I699,1,0,0,0,0,3,31,8,s,0,0,0,0,11,1,21,1,0,s,2,9,0,14,0,2,0,14,0,2,0
I700,1,0,0,0,0,3,31,8,s,0,31,0,0,11,1,21,1,0,s,2,9,s,14,0,2,0,14,0,2,0
1357,1,0,0,d,0,3,31,d,s,0,31,0,d,11,1,21,1,0,s,2,9,s,14,d,d,0,d,0,2,0
1356,d,0,0,d,0,3,31,8,s,0,d,0,0,11,1,d,1,d,s,2,9,s,14,1,2,0,14,0,d,0
1274,1,0,0,0,0,3,31,8,s,0,s,0,0,11,1,s,1,0,s,2,9,0,14,0,2,0,14,0,2,0
I702,1,0,0,0,13,3,0,8,s,0,0,5,0,11,1,21,1,0,s,2,s,0,14,0,0,0,14,0,2,0
I703,1,0,0,0,13,3,0,8,s,0,0,5,0,11,1,21,1,0,s,2,s,0,14,0,0,s,14,0,2,0
1307,1,d,0,9,13,3,0,8,s,0,0,5,0,11,1,21,1,0,s,2,s,1,d,d,2,s,14,d,d,0
1306,1,0,0,0,13,3,0,8,s,0,0,d,0,d,d,d,1,d,s,2,s,0,14,d,0,s,14,d,2,0
I704,1,0,0,0,13,3,0,8,s,0,0,5,0,11,1,21,1,0,s,2,s,0,14,0,0,0,14,0,2,0
1271,d,0,0,0,13,3,0,8,s,0,0,5,0,11,1,21,1,0,s,2,s,0,d,d,0,0,14,0,2,0
1270,1,0,0,0,13,3,0,8,s,0,d,d,0,11,1,21,1,0,s,2,s,d,14,0,0,0,14,0,d,0
I705,1,0,0,0,0,3,0,8,s,0,0,4,0,s,1,21,0,0,s,2,9,1,14,0,0,0,14,0,0,0
I706,1,0,0,0,10,3,42,8,s,0,0,4,0,s,1,21,0,0,s,2,9,1,14,s,0,0,14,1,0,10
I707,1,0,0,0,10,3,42,8,s,0,0,4,0,s,1,21,0,0,s,2,9,1,14,s,0,0,14,1,0,10
I712,1,0,0,0,10,3,s,8,s,s,0,4,0,s,1,21,0,0,s,2,9,1,14,s,0,0,14,1,3,10
I713,1,0,0,0,10,3,s,8,s,s,5,s,0,s,1,21,0,0,s,2,9,1,14,s,0,1,14,1,3,10
1387,1,0,0,0,d,3,s,8,s,s,5,s,d,s,1,21,0,0,s,2,d,1,14,s,0,1,14,1,3,10
1386,1,0,0,0,10,3,s,8,s,s,d,s,0,s,1,21,0,0,s,2,9,1,14,s,0,1,d,1,3,10
1673,1,0,0,0,10,3,s,d,s,s,0,4,6,s,1,21,0,0,s,2,9,1,14,s,d,0,14,1,3,10
I715,1,0,0,0,10,3,42,8,s,0,0,4,0,s,1,21,3,0,s,2,9,1,14,s,2,0,14,1,s,10
1723,1,0,0,0,10,3,42,8,s,7,0,4,d,s,1,21,3,0,s,d,9,1,14,s,2,0,d,1,s,10
I719,1,0,0,0,10,3,42,8,s,0,0,4,0,s,1,21,3,0,s,2,9,1,14,s,2,0,14,1,s,10
1856,1,0,13,0,10,d,42,8,s,0,0,4,0,s,d,21,3,0,s,2,9,1,14,s,d,0,d,d,s,10
1830,1,s,0,0,10,3,42,8,s,d,0,s,0,s,d,21,3,d,s,2,9,1,14,s,2,0,d,d,s,10
I722,1,0,0,0,10,3,42,8,s,0,0,4,0,s,1,21,0,0,s,2,9,1,14,s,0,0,14,1,0,10
I723,1,0,0,0,s,3,42,8,s,0,0,4,0,s,1,21,0,0,s,2,9,1,14,s,0,0,14,1,0,10
I725,1,0,0,0,s,3,42,8,s,0,0,4,14,s,1,21,0,0,s,2,9,s,14,s,2,0,14,1,0,10
1577,1,0,d,0,s,d,d,8,s,0,0,4,14,s,1,d,0,0,s,2,d,s,14,s,d,0,d,1,0,10
1576,1,0,0,d,s,3,42,8,s,0,d,4,14,s,1,21,0,0,s,2,9,s,14,s,2,0,14,d,0,10
I727,1,s,0,0,s,3,42,8,s,4,0,4,3,s,1,21,0,0,s,2,9,1,14,s,0,0,14,1,0,10
1946,d,s,d,d,s,d,42,8,s,4,0,4,3,s,1,21,0,1,s,2,9,1,14,s,d,0,14,d,0,10
I729,1,s,0,0,s,3,42,8,s,4,0,4,3,s,1,21,0,0,s,2,9,1,14,s,0,0,14,1,0,10
2035,1,s,0,0,s,3,42,8,s,4,0,4,3,s,d,21,0,0,s,2,9,1,14,s,0,0,14,1,0,10
2034,1,s,0,0,s,3,42,8,s,d,0,4,3,s,1,21,0,0,s,2,9,1,14,s,0,0,14,d,0,10
I730,1,17,0,0,10,3,42,8,s,0,0,s,0,s,1,21,0,2,s,2,9,1,14,s,0,0,14,1,0,10
I732,1,17,0,0,10,3,42,8,s,3,0,s,0,s,1,21,2,2,s,2,9,1,14,s,2,0,14,1,0,10
1873,1,d,0,0,10,3,42,8,s,3,0,s,d,s,1,21,2,2,s,s,9,d,14,s,2,0,14,1,0,10
1872,1,17,0,0,10,d,42,8,s,3,d,s,0,s,1,21,2,2,s,2,9,d,14,s,2,0,14,1,0,10
2019,1,17,0,d,10,3,42,8,s,0,0,s,0,s,1,21,d,2,s,2,9,d,d,s,2,0,d,1,d,10
I737,1,0,0,0,0,3,17,8,s,0,0,4,0,s,1,21,0,0,s,2,9,1,14,0,0,1,14,0,0,0
I738,1,0,17,0,0,3,17,8,s,0,0,4,0,s,1,21,0,0,s,2,9,1,14,0,0,1,14,0,0,0
I739,1,0,17,0,0,3,17,8,s,0,0,4,0,s,1,21,0,0,s,2,9,1,14,0,0,1,14,0,0,0
I740,1,0,17,0,13,3,17,8,s,0,0,4,18,s,1,21,0,0,s,2,9,1,14,0,0,1,14,0,0,0
1260,1,d,17,40,13,3,17,8,s,0,0,4,18,s,1,21,0,0,s,2,9,1,14,4,0,1,14,1,0,0
1437,1,d,17,0,13,3,17,8,s,0,0,4,18,s,1,21,0,0,s,2,9,1,14,0,0,1,14,0,0,d
1367,1,0,d,0,0,3,17,8,s,0,31,4,0,s,1,d,0,0,s,2,9,s,d,d,0,1,14,0,0,4
I746,1,0,17,0,0,3,17,8,s,0,0,4,0,s,1,21,0,0,s,2,9,1,14,0,0,1,14,0,0,0
1496,1,s,d,26,d,d,17,8,s,0,d,4,0,s,1,21,0,0,s,2,9,1,14,d,0,1,14,0,2,0
1363,1,d,d,0,0,3,17,8,s,0,0,d,8,s,d,21,0,0,s,2,9,1,d,2,0,1,14,0,0,0
I753,1,0,0,0,0,3,17,8,s,0,0,4,0,s,1,21,0,0,s,s,9,1,14,12,0,1,14,0,0,0
I754,1,0,0,0,0,3,17,8,s,0,0,s,0,s,1,21,0,0,s,s,9,1,14,12,2,1,14,0,0,0
I755,1,0,0,0,1,3,17,8,s,0,0,s,0,s,1,21,0,0,s,s,9,1,14,12,2,1,14,0,0,0
1215,1,0,d,d,1,3,d,8,s,0,0,s,d,s,1,21,0,3,s,s,9,1,14,12,s,d,14,0,0,0
I757,1,0,0,0,1,3,17,8,s,0,0,s,0,s,1,21,0,0,s,s,9,1,14,12,2,1,14,0,0,0
1171,1,0,0,0,1,3,17,8,s,0,0,s,0,s,1,d,0,d,s,s,d,1,14,12,d,1,d,d,0,d
1170,1,d,0,0,1,3,d,8,s,0,2,s,0,s,1,21,d,d,s,s,9,1,14,12,2,1,14,0,2,0
I758,1,0,28,7,0,3,17,8,s,0,0,s,0,s,1,21,0,0,s,s,9,1,14,12,2,1,14,0,0,0
I759,1,0,28,7,0,3,17,8,s,0,0,s,0,s,1,21,0,0,s,s,9,1,14,12,2,1,14,0,0,0
1205,1,0,28,7,0,3,17,d,s,0,0,s,d,s,1,21,0,0,s,s,9,d,14,12,2,1,14,0,0,d
1204,1,0,28,7,0,3,17,8,s,d,0,s,1,s,1,21,0,0,s,s,9,1,14,12,d,1,14,0,d,0
1235,1,0,28,7,0,3,17,8,s,6,0,s,0,s,1,21,13,17,s,s,9,d,14,12,2,1,d,0,2,d
I761,1,7,0,0,0,3,17,8,s,0,0,4,0,s,1,21,0,0,s,s,9,1,14,12,0,1,14,0,0,0
I762,1,7,0,0,0,3,17,8,s,0,0,4,0,s,1,21,0,22,s,s,9,1,14,12,0,1,14,0,0,s
1138,1,7,0,0,s,3,17,8,s,6,0,4,0,s,1,21,0,22,s,s,9,1,14,12,0,1,14,0,3,s
1063,1,7,0,0,0,3,17,8,s,0,0,4,0,s,1,21,0,22,s,s,9,d,14,d,2,d,14,0,d,s
I765,1,7,s,0,0,3,17,8,s,0,4,4,14,s,1,21,0,0,s,s,9,1,14,12,0,1,14,0,0,0
I766,1,7,s,0,0,3,17,8,s,0,4,4,14,s,1,21,0,0,s,s,9,1,14,12,0,1,14,0,0,0
1131,1,7,s,0,d,3,17,8,s,d,4,4,14,s,1,d,0,0,s,s,9,1,14,12,2,1,d,0,0,0
1130,1,d,s,26,0,3,17,8,s,0,4,4,14,s,1,d,d,0,s,s,9,1,14,12,0,d,14,0,0,0
1280,1,7,s,d,0,3,17,8,s,0,4,4,14,s,1,21,0,d,s,s,9,1,14,12,d,1,14,0,2,14
I768,0,0,0,0,13,3,0,0,s,0,0,0,0,0,0,21,0,0,s,s,0,0,14,0,0,0,s,0,0,0
I769,s,0,0,0,13,3,0,0,s,0,0,3,0,0,1,21,0,0,s,s,0,0,14,8,0,0,s,0,3,0
I770,s,s,0,0,13,3,41,0,s,0,0,3,0,0,1,21,0,0,s,s,0,0,14,8,0,0,s,0,3,4
I771,s,s,0,0,13,3,41,0,s,0,0,3,0,0,1,21,13,0,s,s,0,0,14,8,2,0,s,0,3,4
I772,s,s,0,0,13,3,41,0,s,0,0,3,0,0,1,21,13,0,s,s,s,0,14,8,2,0,s,0,3,4
I773,s,s,0,0,13,3,41,0,s,2,32,3,0,0,1,21,13,0,s,s,s,0,14,8,2,0,s,0,3,4
I775,s,s,0,s,13,3,41,11,s,2,32,3,0,0,1,21,13,0,s,s,s,0,14,8,2,0,s,0,3,4
1871,s,s,0,s,13,3,41,11,s,2,32,3,0,0,1,21,13,0,s,s,s,0,14,8,2,d,s,0,3,4
1870,s,s,0,s,13,3,d,d,s,d,32,3,0,0,1,d,13,0,s,s,s,d,14,8,d,0,s,0,3,4
I777,s,s,0,0,13,3,41,0,s,2,32,3,0,0,1,21,13,0,s,s,s,0,14,8,2,1,s,0,3,4
1224,s,s,d,0,d,3,41,0,s,2,32,3,0,d,d,21,13,d,s,s,s,0,14,8,2,1,s,0,3,4
1640,s,s,0,0,13,3,d,2,s,2,32,3,0,21,d,21,13,0,s,s,s,0,14,d,2,1,s,0,3,4
I780,s,s,0,0,13,3,41,0,s,0,21,3,0,0,1,21,13,0,s,s,s,0,14,8,2,0,s,0,3,4
I781,s,s,0,0,13,3,41,0,s,0,21,3,0,0,1,21,13,0,s,s,s,1,14,8,2,0,s,0,3,4
I782,s,s,3,0,13,3,41,0,s,0,21,3,0,0,1,21,13,0,s,s,s,1,14,8,2,0,s,0,3,4
1431,s,s,3,0,d,3,41,0,s,0,21,d,0,0,1,21,13,0,s,s,s,1,14,8,d,0,s,d,3,4
1430,s,s,3,0,13,3,41,0,s,0,21,d,0,0,1,21,13,0,s,s,s,1,14,8,d,0,s,0,d,d
I783,s,s,0,0,13,3,41,0,s,0,21,3,0,0,1,21,13,0,s,s,s,1,14,8,2,1,s,0,3,4
1361,s,s,0,0,13,3,41,0,s,d,21,3,0,0,d,21,13,0,s,s,s,1,14,8,2,1,s,0,3,4
1360,s,s,0,6,d,3,41,0,s,0,21,3,0,d,1,21,d,0,s,s,s,1,d,8,2,1,s,0,3,4
1623,s,s,0,0,13,3,41,6,s,0,21,3,3,5,s,s,13,0,s,s,s,1,14,8,2,0,s,0,3,4
I787,s,s,0,0,13,3,41,0,s,0,0,3,0,0,1,21,13,0,s,s,0,0,14,8,2,0,s,0,3,4
I788,s,s,0,0,13,3,41,0,s,0,0,3,1,0,1,21,13,0,s,s,0,0,14,8,2,0,s,0,3,4
I790,s,s,0,0,13,3,41,0,s,0,0,3,1,0,1,21,13,0,s,s,0,0,14,8,2,0,s,0,3,4
1999,s,s,d,0,13,3,41,0,s,0,d,3,d,0,d,d,13,0,s,s,0,0,14,8,2,d,s,0,3,4
1998,s,s,0,0,13,3,d,0,s,d,0,3,1,0,1,21,13,d,s,s,0,0,14,8,2,0,s,0,3,4
I791,s,s,0,0,13,3,41,0,s,0,0,3,1,0,1,21,13,0,s,s,8,0,14,s,2,0,s,0,3,4
1720,s,s,d,0,13,3,41,0,s,0,0,3,1,0,1,21,13,0,s,s,8,0,14,s,2,0,s,0,3,4
1916,s,s,d,0,13,3,41,5,s,0,3,d,1,0,1,21,13,0,s,s,8,0,d,s,d,0,s,0,3,4
I796,s,s,0,41,13,3,41,0,s,0,30,3,0,0,1,21,13,18,s,s,s,0,14,8,2,1,s,0,3,4
1836,s,s,0,41,13,3,41,d,s,0,30,3,0,d,1,21,d,18,s,s,s,0,14,8,2,1,s,0,3,4
1939,s,s,0,s,13,3,41,d,s,0,30,3,0,0,1,21,13,s,s,s,s,0,14,8,2,1,s,0,3,4
I799,s,s,0,0,13,3,s,0,s,0,0,3,0,0,1,21,1,0,s,s,0,0,s,8,0,0,s,0,3,4
I800,s,s,0,0,13,3,s,0,s,0,0,3,0,0,1,21,1,0,s,s,7,0,s,8,0,0,s,0,3,4
I801,s,s,0,0,13,3,s,2,s,3,29,3,14,0,1,21,1,0,s,s,7,s,s,8,0,0,s,1,3,4
I802,s,s,0,0,13,s,s,2,s,3,29,3,14,0,1,21,1,0,s,s,7,s,s,8,0,0,s,1,3,4
I803,s,s,0,0,13,s,s,2,s,3,29,3,14,0,1,21,1,0,s,s,7,s,s,8,0,0,s,1,3,4
1845,s,s,0,d,13,s,s,2,s,3,29,3,14,0,1,21,1,0,s,s,7,s,s,8,0,0,s,1,d,4
1844,s,s,d,0,d,s,s,2,s,3,29,3,14,0,1,21,1,0,s,s,7,s,s,8,0,d,s,1,3,4
1775,s,s,0,d,13,s,s,2,s,3,29,3,14,0,1,21,1,0,s,s,7,s,s,8,0,0,s,1,3,s
I807,s,s,0,0,13,3,s,2,s,3,29,3,14,9,s,21,1,0,s,s,7,s,s,8,0,0,s,1,3,4
1501,s,s,0,45,13,3,s,2,s,3,29,3,d,9,s,21,1,0,s,s,7,s,s,8,0,d,s,d,3,4
1500,s,s,0,0,13,3,s,2,s,3,d,3,14,9,s,21,1,10,s,s,d,s,s,8,0,0,s,1,3,4
I808,s,s,0,0,s,3,s,0,s,0,0,3,0,0,1,21,1,0,s,s,7,0,s,8,0,0,s,0,3,4
I809,s,s,0,0,s,3,s,0,s,0,0,3,2,0,1,21,1,0,s,s,7,0,s,8,0,0,s,0,3,4
1813,s,s,0,0,s,3,s,0,s,d,0,3,2,11,1,d,1,0,s,s,7,d,s,8,d,0,s,0,3,4
I811,s,s,36,0,s,3,s,0,s,0,0,3,2,21,1,21,1,0,s,s,7,0,s,8,0,0,s,0,3,4
1823,s,s,36,d,s,3,s,0,s,0,d,3,2,21,1,21,1,0,s,s,d,d,s,8,0,d,s,0,3,4
1822,s,s,36,0,s,3,s,0,s,0,0,3,2,21,1,21,1,0,s,s,7,0,s,8,0,0,s,d,3,4
I812,s,s,0,0,s,3,s,0,s,0,0,3,0,0,1,21,1,10,s,s,s,0,s,8,0,0,s,0,3,4
I813,s,s,0,0,s,3,s,s,s,0,0,3,0,0,1,21,1,10,s,s,s,0,s,8,0,1,s,1,3,4
1925,s,s,0,0,s,3,s,s,s,0,0,3,0,0,1,21,1,10,s,s,s,0,s,8,0,1,s,d,3,d
1924,s,s,0,0,s,3,s,s,s,0,0,3,0,0,d,21,d,d,s,s,s,0,s,8,0,1,s,1,3,4
1993,s,s,0,0,s,3,s,0,s,d,0,3,0,0,1,21,1,10,s,s,s,0,s,8,0,0,s,0,d,4
I815,s,s,0,18,13,3,s,0,s,0,0,3,0,0,1,21,1,0,s,s,0,0,s,8,0,0,s,0,3,4
I816,s,s,0,18,13,3,s,0,s,0,0,3,0,3,1,21,1,0,s,s,0,0,s,8,2,0,s,0,3,4
I817,s,s,0,s,13,3,s,0,s,0,0,3,0,3,1,21,1,0,s,s,0,0,s,8,2,0,s,0,3,4
1918,s,s,d,s,13,s,s,d,s,0,0,d,1,d,1,21,1,26,s,s,0,0,s,8,2,0,s,0,d,4
I819,s,s,0,s,13,3,s,0,s,7,2,3,0,3,1,21,1,0,s,s,0,1,s,8,2,1,s,0,3,4
2027,s,s,0,s,13,3,s,0,s,7,2,3,d,3,1,21,1,d,s,s,0,1,s,8,2,1,s,d,3,4
2026,s,s,0,s,13,3,s,0,s,7,2,3,0,3,1,21,1,0,s,s,0,1,s,d,2,1,s,d,3,4
I820,s,s,3,18,13,3,s,0,s,0,0,s,0,3,1,21,1,0,s,s,0,0,s,8,2,1,s,0,3,4
1966,s,s,3,18,13,3,s,0,s,d,0,s,0,3,1,d,1,0,s,s,0,d,s,8,2,1,s,0,d,4
1851,s,s,3,d,13,3,s,d,s,0,3,s,d,3,1,21,1,0,s,s,0,0,s,8,2,1,s,d,3,4
I823,s,s,0,18,13,3,s,0,s,0,0,3,0,0,s,21,1,22,s,s,0,0,s,8,0,0,s,0,3,4
I824,s,s,0,18,13,3,s,0,s,0,0,3,0,0,s,21,1,22,s,s,0,0,s,8,0,0,s,0,3,4
1458,s,s,0,18,13,3,s,0,s,4,0,3,0,3,s,21,1,22,s,s,0,1,s,8,0,0,s,d,d,4
1535,s,s,0,d,13,3,s,0,s,0,0,3,0,0,s,21,1,22,s,s,0,0,s,8,0,1,s,d,3,4
I827,s,s,0,s,13,3,s,0,s,0,0,3,0,0,s,21,1,22,s,s,0,0,s,8,0,0,s,1,3,4
1546,s,s,0,s,13,3,s,0,s,3,0,3,0,0,s,21,1,22,s,s,0,0,s,8,0,0,s,1,3,4
1707,s,s,0,s,13,3,s,0,s,0,25,3,0,d,s,21,1,22,s,s,0,0,s,8,0,1,s,d,3,4
I830,s,0,0,0,13,3,0,0,s,0,0,3,0,0,1,21,0,0,s,s,0,0,14,8,0,1,s,0,3,0
I831,s,0,26,0,13,3,0,0,s,0,0,3,0,0,1,21,0,0,s,s,0,0,14,8,2,1,s,0,3,0
I832,s,0,26,0,13,3,0,0,s,0,0,3,0,0,1,21,0,0,s,s,0,1,14,8,2,1,s,0,3,0
I833,s,0,26,0,13,3,0,0,s,0,0,3,0,0,1,21,0,0,s,s,7,1,14,8,2,1,s,0,3,0
I834,s,0,26,0,13,3,27,0,s,0,0,3,14,0,1,21,0,0,s,s,7,1,14,8,2,1,s,1,s,0
1514,s,0,26,0,13,3,27,0,s,d,d,3,d,0,1,21,0,0,s,s,7,1,d,8,2,1,s,1,s,0
1686,s,0,26,0,13,3,27,0,s,0,5,3,14,0,d,21,0,0,s,s,7,1,14,8,2,1,s,1,s,18
I837,s,0,26,19,13,3,0,0,s,0,0,3,0,0,1,21,0,0,s,s,7,1,14,8,2,s,s,0,3,0
I838,s,0,26,19,13,3,0,0,s,0,0,3,0,0,1,21,0,0,s,s,7,1,14,8,2,s,s,0,3,0
1731,s,0,26,d,13,3,0,0,s,0,0,3,0,0,1,s,8,0,s,s,7,1,14,8,2,s,s,0,d,0
1730,s,0,26,19,13,3,0,d,s,0,0,3,0,d,d,21,0,0,s,s,7,1,14,8,2,s,s,0,3,d
1679,s,0,26,19,13,3,0,0,s,0,0,3,0,d,d,s,0,0,s,s,7,1,14,8,2,s,s,0,3,0
I840,s,0,26,0,13,3,s,0,s,0,0,3,0,3,1,21,0,0,s,s,0,1,14,8,2,1,s,0,3,0
1676,s,0,26,0,13,3,s,0,s,6,30,3,d,3,d,21,5,22,s,s,d,1,14,8,2,1,s,0,3,0
I844,s,0,26,0,13,3,s,0,s,0,0,3,0,3,1,21,0,25,s,s,0,1,14,8,2,1,s,0,s,0
1614,s,0,26,d,13,3,s,6,s,9,0,3,1,3,1,21,d,25,s,s,0,1,d,8,2,1,s,0,s,0
1681,s,d,26,0,13,3,s,0,s,0,d,3,d,3,1,d,0,25,s,s,0,1,14,8,2,1,s,0,s,0
I847,s,0,26,0,13,3,0,0,s,0,0,3,0,0,1,21,0,0,s,s,0,0,14,8,2,1,s,0,3,0
I848,s,4,26,0,13,3,0,9,s,0,0,3,0,0,1,21,0,0,s,s,0,0,14,8,2,1,s,0,3,0
I851,s,4,26,16,13,3,0,9,s,0,0,3,0,0,1,21,1,0,s,s,0,0,14,8,2,1,s,0,3,0
1777,s,4,26,16,13,3,0,9,s,d,22,3,0,0,1,d,1,0,s,s,0,d,14,8,2,1,s,0,3,0
1776,s,d,26,16,13,3,0,9,s,0,2,3,0,0,d,21,1,0,s,s,0,0,14,8,2,1,s,0,d,0
I853,s,4,26,0,13,3,5,9,s,0,0,3,0,7,1,21,0,0,s,s,0,1,14,8,2,1,s,0,3,0
1345,s,4,26,d,13,3,5,9,s,0,0,3,0,d,1,21,0,0,s,s,d,1,14,8,2,1,s,0,3,0
1344,s,d,d,0,13,3,d,9,s,0,0,3,14,7,1,21,d,0,s,s,d,d,14,8,2,1,s,0,3,0
I856,s,0,26,0,13,3,s,0,s,0,0,3,0,0,1,21,0,0,s,s,0,1,14,8,2,1,s,0,3,0
1573,s,0,26,0,13,3,s,0,s,0,0,d,0,0,d,d,0,9,s,s,0,1,14,8,2,1,s,0,3,0
1767,s,0,26,d,13,d,s,0,s,d,0,3,0,0,d,21,0,d,s,s,0,1,14,8,2,1,s,0,3,0
I862,s,0,0,0,13,3,0,11,s,0,0,3,0,8,1,21,0,0,s,s,0,0,14,8,0,1,s,1,3,0
I863,s,0,0,0,13,3,0,11,s,0,0,3,19,8,1,21,0,0,s,s,0,0,14,8,6,1,s,1,3,0
I864,s,0,0,0,13,3,0,11,s,0,0,3,19,8,1,21,0,0,s,s,5,0,14,8,6,1,s,1,3,0
I867,s,0,0,0,13,3,0,11,s,0,0,3,19,8,1,21,11,s,s,s,5,0,14,8,6,1,s,1,3,6
1265,s,0,0,0,13,3,0,11,s,0,0,d,d,d,d,21,11,s,s,s,5,0,14,8,d,1,s,1,3,6
1264,s,0,0,0,13,3,0,11,s,0,0,3,19,8,1,21,11,s,s,s,d,0,d,8,6,1,s,1,3,6
I868,s,0,0,0,13,3,0,11,s,0,0,3,19,8,1,21,0,17,s,s,5,0,14,8,6,1,s,1,3,3
1117,s,0,0,0,13,d,1,11,s,0,21,3,19,8,1,21,0,d,s,s,5,1,d,8,6,1,s,d,3,d
1122,s,10,0,0,d,3,0,d,s,0,0,3,d,s,1,21,0,17,s,s,5,0,14,8,6,1,s,1,3,3
I871,s,0,12,0,13,3,0,11,s,0,0,3,19,8,1,21,0,0,s,s,0,0,14,8,6,1,s,1,3,0
I874,s,5,12,0,13,3,0,11,s,7,0,3,19,8,1,21,s,0,s,s,0,0,14,8,6,1,s,1,3,0
1553,s,5,d,0,13,3,0,11,s,7,0,3,19,8,1,21,s,0,s,s,0,d,14,d,6,1,s,1,3,0
1552,s,5,12,0,13,3,0,d,s,7,0,3,19,8,1,d,s,0,s,s,d,0,d,8,6,1,s,d,3,0
1810,s,d,12,0,13,3,31,11,s,12,d,d,19,8,1,21,0,0,s,s,s,0,14,8,6,1,s,1,3,3
I878,s,18,0,0,13,3,0,11,s,4,0,3,0,8,1,21,0,0,s,s,s,0,14,8,0,1,s,1,3,0
I880,s,18,3,42,13,3,0,11,s,4,s,3,0,8,1,21,s,0,s,s,s,0,14,8,2,1,s,1,3,0
1760,s,18,3,42,d,3,0,d,s,4,s,3,0,8,d,21,s,0,s,s,s,0,14,8,2,1,s,1,3,0
1739,s,d,3,42,13,3,d,11,s,4,s,3,0,8,1,21,s,0,s,s,s,0,14,8,2,d,s,1,3,0
1827,s,18,0,0,13,3,s,11,s,4,0,3,d,8,d,21,0,s,s,s,s,1,d,8,2,1,s,1,d,d
I893,0,0,0,0,13,3,0,0,s,0,0,0,0,0,0,21,0,0,s,s,0,0,14,0,0,0,s,0,3,0
I894,0,0,0,0,13,3,0,0,s,0,30,0,0,0,0,21,s,0,s,s,0,0,14,0,0,0,s,0,3,0
I895,0,0,0,0,13,3,1,6,s,7,30,0,0,11,0,21,s,0,s,s,0,0,14,0,0,0,s,0,3,0
I896,0,0,0,0,13,3,1,6,s,7,30,0,18,11,0,21,s,0,s,s,0,0,14,0,0,0,s,0,3,0
I901,0,0,0,0,13,3,1,6,s,7,30,0,18,11,0,21,s,0,s,s,0,1,14,0,0,0,s,0,3,0
1242,s,0,d,0,13,3,d,6,s,7,30,0,18,11,0,21,s,d,s,s,0,1,14,d,0,0,s,0,3,0
I903,0,0,0,0,13,3,1,6,s,7,30,0,18,11,0,21,s,0,s,s,0,1,14,24,0,1,s,0,3,0
1329,0,0,0,d,13,3,1,6,s,7,d,0,18,11,0,21,s,0,s,s,d,1,14,24,d,1,s,0,3,d
1328,0,0,6,d,13,3,1,6,s,7,d,0,18,d,1,21,s,0,s,s,0,1,14,24,0,d,s,d,3,0
I904,0,14,0,0,13,3,1,6,s,7,30,0,18,11,0,21,s,0,s,s,0,0,14,20,0,0,s,0,3,0
1248,0,14,0,0,13,3,1,6,s,7,30,0,18,11,0,21,s,0,s,s,0,d,14,d,0,0,s,0,d,0
1737,0,14,0,0,13,3,1,6,s,7,30,1,18,11,0,21,s,d,s,s,0,0,14,20,d,0,s,0,3,14
I911,0,0,0,0,13,3,1,6,s,7,30,0,0,11,0,21,s,0,s,s,0,0,14,0,0,0,s,0,3,0
I912,0,0,0,0,13,3,1,6,s,7,30,0,0,11,1,21,s,2,s,s,0,0,14,0,0,0,s,0,3,10
I915,0,0,0,0,13,3,1,6,s,7,30,4,0,11,1,21,s,2,s,s,0,1,14,s,0,0,s,0,3,10
1693,0,0,0,0,13,3,1,6,s,7,30,4,d,11,1,21,s,2,s,s,0,1,14,s,0,0,s,0,3,10
1692,0,0,0,0,13,3,1,6,s,7,30,4,0,d,1,21,s,2,s,s,7,1,14,s,d,0,s,0,3,10
I916,1,0,0,0,13,3,1,6,s,7,30,0,0,11,1,21,s,2,s,s,0,0,14,0,0,0,s,0,3,10
1656,1,d,0,18,13,3,1,6,s,7,d,0,0,11,1,21,s,2,s,s,0,0,14,0,0,0,s,d,3,d
1557,1,0,0,0,13,3,1,6,s,7,30,d,0,11,1,21,s,2,s,s,0,d,14,0,2,1,s,0,3,10
I919,1,0,0,0,13,3,1,6,s,7,30,0,0,11,1,21,s,0,s,s,0,0,14,0,2,0,s,0,3,0
I920,1,0,0,0,13,3,1,6,s,7,30,0,0,11,1,21,s,0,s,s,0,0,14,0,2,1,s,s,3,0
1276,1,0,0,0,13,3,1,6,s,7,30,0,6,11,1,21,s,0,s,s,0,0,14,0,2,1,s,s,d,0
I922,1,0,0,0,13,3,1,6,s,7,30,0,0,11,1,21,s,0,s,s,0,0,14,0,2,1,s,s,3,0
1683,1,0,0,0,13,3,1,d,s,7,30,0,0,11,1,21,s,d,s,s,0,0,14,0,2,1,s,s,d,d
1682,1,0,0,0,13,3,1,6,s,7,30,0,d,11,1,d,s,0,s,s,0,0,14,1,2,d,s,s,3,0
I923,1,0,0,0,13,3,1,6,s,7,30,0,0,11,1,21,s,0,s,s,0,0,14,0,2,0,s,0,3,4
I924,1,0,0,0,13,3,1,6,s,7,30,0,15,11,1,21,s,0,s,s,0,0,14,2,2,0,s,0,3,4
1931,1,d,d,0,d,d,d,6,s,7,30,0,15,11,1,21,s,0,s,s,0,0,14,2,2,0,s,0,3,d
1930,1,0,0,0,13,3,1,d,s,7,30,0,15,11,d,21,s,d,s,s,d,0,14,2,2,0,s,0,3,4
1803,d,19,0,d,13,3,1,6,s,7,s,0,0,11,1,d,s,0,s,s,0,0,14,0,d,d,s,0,3,4
I926,0,0,0,20,13,3,0,0,s,0,30,4,0,0,0,21,s,0,s,s,0,0,14,0,0,0,s,0,3,3
I927,2,0,0,20,13,3,0,0,s,0,30,4,1,0,0,21,s,0,s,s,0,0,14,0,0,0,s,0,3,3
I929,2,0,0,20,13,3,0,0,s,0,30,4,1,0,0,21,s,0,s,s,0,0,14,0,0,0,s,0,3,3
I930,2,0,0,20,13,3,0,5,s,0,30,4,1,0,0,21,s,0,s,s,0,0,14,0,0,0,s,0,3,3
1843,2,0,0,20,13,3,0,5,s,0,30,4,1,d,0,21,s,d,s,s,0,0,14,0,0,0,s,0,d,d
1842,2,0,19,20,13,3,0,5,s,0,30,4,d,0,d,21,s,0,s,s,0,0,14,0,0,d,s,0,3,d
1926,d,0,0,20,13,3,0,0,s,0,30,4,1,0,0,21,s,0,s,s,0,0,d,0,0,0,s,d,3,d
I935,2,0,0,20,13,3,0,0,s,0,30,4,1,0,0,21,s,0,s,s,0,0,14,0,0,0,s,0,3,3
I936,2,0,0,20,13,s,0,0,s,0,30,4,1,0,0,21,s,0,s,s,0,0,14,8,0,0,s,0,3,3
1960,2,0,0,20,13,s,0,0,s,0,30,4,1,d,0,d,s,0,s,s,0,0,14,8,0,0,s,0,3,3
I938,2,0,0,20,13,s,0,0,s,0,30,4,1,0,0,21,s,0,s,s,0,0,14,8,0,0,s,0,3,3
1991,2,0,0,20,13,s,0,0,s,0,30,d,1,0,0,21,s,d,s,s,0,0,14,8,0,d,s,0,3,3
1990,2,0,d,20,13,s,0,0,s,0,30,d,1,0,0,21,s,d,s,s,0,0,14,8,0,0,s,d,3,d
1934,d,0,0,20,13,3,17,d,s,d,30,4,1,3,0,s,s,0,s,s,0,1,14,0,2,d,s,0,d,3
I942,0,16,10,20,13,3,0,0,s,0,30,4,0,0,0,21,s,0,s,s,0,1,14,0,0,0,s,0,3,3
I943,0,16,10,20,13,3,0,0,s,0,30,4,0,0,0,21,s,0,s,s,0,1,14,0,0,0,s,0,3,3
1716,s,16,10,20,13,3,27,0,s,0,30,4,18,0,0,21,s,0,s,s,s,1,14,d,d,d,s,s,d,3
I947,0,16,10,20,13,3,31,0,s,0,30,4,0,0,0,21,s,0,s,s,8,1,14,24,0,0,s,0,3,3
1644,2,16,10,20,13,3,d,0,s,0,d,4,0,d,0,21,s,0,s,s,8,1,s,24,d,0,s,0,3,3
1616,0,16,10,d,13,3,d,0,s,0,s,d,0,0,0,21,s,0,s,s,8,1,14,s,0,0,s,s,3,3
1863,0,16,10,20,13,3,d,0,s,0,s,4,18,17,d,21,s,14,s,s,0,d,14,0,0,0,s,1,3,3
I957,0,0,0,2,13,3,0,0,s,0,0,0,0,0,0,21,0,0,s,s,0,0,14,0,0,0,s,0,3,0
I958,0,0,0,2,13,3,0,0,s,0,0,0,0,0,0,21,0,0,s,s,12,0,14,0,0,0,s,0,3,0
I959,0,0,0,2,13,3,0,s,s,0,23,0,0,0,0,21,0,0,s,s,12,0,14,0,0,0,s,0,3,0
I960,0,0,0,2,13,3,0,s,s,0,23,0,0,0,0,21,0,0,s,s,12,0,14,0,0,0,s,0,3,0
1240,0,0,0,2,13,d,0,s,s,0,23,d,0,0,0,21,0,0,s,s,12,0,14,d,0,0,s,0,3,12
1075,0,0,0,2,13,3,d,s,s,3,d,0,d,0,0,21,0,0,s,s,12,s,s,24,0,1,s,1,d,0
I967,0,0,0,2,13,3,0,s,s,2,23,0,0,0,0,s,0,0,s,s,12,0,14,0,0,1,s,0,3,0
1473,1,25,d,d,13,3,d,s,s,2,23,0,0,0,0,s,d,0,s,s,12,0,14,0,0,1,s,0,3,0
I973,0,0,s,2,13,3,0,s,s,2,23,0,0,0,0,s,0,0,s,s,12,0,14,0,0,1,s,0,3,0
1447,0,0,s,2,d,d,0,s,s,2,23,0,0,d,0,s,0,0,s,s,12,0,14,d,0,1,s,0,d,12
1446,0,0,s,2,13,3,0,s,s,2,23,d,0,0,0,s,0,0,s,s,d,0,14,0,d,1,s,1,3,0
I974,0,0,0,2,13,3,0,0,s,0,0,0,0,11,0,21,0,1,s,s,12,0,14,0,0,0,s,0,3,0
I975,1,0,0,2,13,3,0,2,s,0,0,0,0,11,0,21,0,1,s,s,s,0,14,0,0,0,s,0,3,0
I976,1,0,0,2,13,3,0,2,s,0,0,0,18,11,0,21,10,1,s,s,s,0,14,8,0,0,s,0,3,0
1308,1,0,0,2,13,3,17,2,s,0,0,0,18,11,0,21,d,1,s,s,s,0,14,8,0,1,s,0,3,12
I978,1,0,0,2,13,3,0,2,s,0,0,0,18,11,1,21,10,1,s,s,s,0,14,8,0,0,s,0,3,0
1613,1,0,0,2,13,3,0,2,s,0,0,0,18,11,1,21,d,1,s,s,s,0,14,8,d,0,s,d,3,0
1612,1,0,0,2,13,3,d,2,s,0,0,0,18,11,1,21,10,1,s,s,s,d,d,8,0,0,s,0,3,0
I980,1,0,0,2,13,3,0,2,s,1,0,0,0,11,0,21,0,1,s,s,s,0,14,8,0,0,s,1,3,0
1513,d,0,0,2,d,d,0,2,s,1,1,0,d,11,0,21,0,d,s,s,s,1,14,8,0,d,s,1,3,0
1512,1,0,0,2,13,3,0,2,s,1,d,0,0,11,0,21,0,d,s,s,s,0,14,8,d,0,s,1,3,0
I982,0,0,0,2,13,3,0,0,s,0,0,0,0,11,0,21,0,1,s,s,12,0,14,0,0,0,s,0,3,0
I985,0,5,0,2,13,3,0,0,s,0,0,0,0,11,0,21,0,1,s,s,12,0,14,0,0,0,s,0,3,0
1633,0,5,0,2,13,3,d,0,s,0,0,0,0,11,0,21,0,1,s,s,12,0,14,0,0,0,s,0,d,0
1632,d,5,0,2,13,3,0,0,s,0,0,d,0,d,d,21,0,1,s,s,12,d,14,0,0,0,s,0,3,0
I987,s,11,26,2,13,3,5,0,s,0,0,0,0,11,s,21,0,s,s,s,12,0,14,0,0,s,s,0,3,0
1259,s,11,26,2,13,3,5,0,s,0,0,d,0,11,s,21,0,s,s,s,12,0,14,0,0,s,s,0,3,0
1258,s,d,26,2,13,3,d,0,s,0,0,3,0,11,s,21,0,s,s,s,12,0,14,0,0,s,s,0,3,0
I989,0,0,0,2,13,3,0,0,s,0,0,0,0,0,0,21,0,0,s,s,7,1,14,0,0,0,s,0,3,0
I990,0,0,0,2,13,3,0,0,s,0,s,0,0,0,0,21,0,0,s,s,s,1,14,0,0,0,s,0,3,0
I991,0,0,25,2,13,3,0,0,s,0,s,0,0,0,0,21,0,0,s,s,s,1,14,0,0,s,s,0,3,0
1312,0,0,s,2,13,3,0,0,s,0,s,d,0,0,2,21,d,10,s,s,s,d,s,d,0,s,s,0,3,17
I996,0,0,25,2,13,3,0,6,s,3,s,3,0,8,0,21,0,0,s,s,s,1,14,0,0,s,s,0,s,0
1509,0,0,d,2,13,3,0,6,s,3,s,3,3,8,0,21,0,0,s,s,s,1,d,0,0,s,s,0,s,0
1508,0,0,25,2,13,3,0,6,s,d,s,3,0,8,0,21,0,d,s,s,s,1,14,d,d,s,s,1,s,0
I998,0,0,0,2,13,3,0,0,s,0,s,0,0,11,0,21,0,0,s,s,s,1,14,0,0,0,s,0,3,0
I999,0,20,0,2,13,3,0,0,s,0,s,0,0,11,0,21,0,0,s,s,s,1,14,0,0,0,s,0,3,0
2014,0,20,0,d,13,s,0,0,s,0,s,d,0,d,0,21,0,d,s,s,s,1,14,0,2,0,s,0,3,0
1987,0,20,0,2,13,3,d,0,s,0,s,s,0,11,0,21,0,0,s,s,s,1,14,0,0,d,s,d,3,0
I1004,0,0,0,2,13,3,0,s,s,0,s,0,0,11,0,21,0,0,s,s,s,1,14,0,0,0,s,1,3,0
I1006,0,17,0,2,13,3,0,s,s,0,s,0,0,11,0,21,0,0,s,s,s,1,14,0,0,1,s,1,3,0
2005,0,17,0,2,13,d,0,s,s,0,s,0,0,11,0,21,0,d,s,s,s,1,14,0,0,1,s,1,3,0
2004,0,d,0,2,13,3,0,s,s,d,s,0,0,d,0,21,0,0,s,s,s,1,14,0,0,1,s,1,3,0
I1007,0,0,0,2,13,3,0,s,s,0,s,3,0,11,0,21,0,0,s,s,s,1,14,0,0,0,s,1,3,0
I1008,0,0,34,2,13,3,0,s,s,0,s,3,0,11,0,21,0,0,s,s,s,1,14,0,0,0,s,1,3,0
1979,0,0,34,2,13,3,d,s,s,0,s,3,0,11,0,21,0,0,s,s,s,1,14,0,0,0,s,1,3,d
1978,0,d,d,2,13,3,0,s,s,0,s,d,0,11,0,21,d,0,s,s,s,1,14,0,0,0,s,1,d,0
1038,d,0,0,2,13,d,0,s,s,0,s,3,0,d,0,21,0,d,s,s,s,1,14,8,0,0,s,1,3,0
I1009,0,0,0,2,13,3,0,0,s,0,11,0,0,0,0,21,0,0,s,s,7,1,14,0,0,0,s,0,3,7
I1010,0,0,0,2,13,3,0,0,s,9,11,0,0,0,0,21,0,0,s,s,7,1,14,2,0,0,s,0,3,7
1304,0,0,0,2,s,3,s,0,s,9,11,0,0,0,0,21,0,0,s,s,7,1,14,2,0,0,s,1,d,7
I1016,0,0,0,2,13,3,5,0,s,9,11,0,0,0,0,21,0,1,s,s,7,1,14,2,0,0,s,1,3,7
1163,0,0,d,2,13,3,5,0,s,9,d,3,0,0,0,d,0,1,s,s,7,1,14,2,0,0,s,d,3,7
1162,0,0,0,2,13,d,5,0,s,9,11,3,0,d,0,21,0,1,s,s,7,1,14,2,0,d,s,1,3,7
I1017,0,0,0,2,13,3,40,0,s,0,11,s,0,0,0,21,0,0,s,s,7,1,14,0,0,0,s,0,3,7
I1018,0,0,0,2,13,3,40,0,s,0,11,s,0,0,0,21,0,0,s,s,7,1,14,0,0,0,s,1,3,7
1370,d,0,0,d,d,3,40,d,s,0,d,s,0,0,0,21,0,0,s,s,7,1,14,0,s,0,s,1,3,d
1443,d,27,0,2,13,3,40,0,s,0,11,s,0,0,d,21,0,0,s,s,7,d,14,0,0,0,s,1,3,7
I1021,0,0,0,2,13,3,40,0,s,0,11,s,15,17,0,21,0,0,s,s,7,1,14,0,0,0,s,0,s,7
1096,0,0,0,2,13,3,40,0,s,7,11,s,15,17,0,21,0,0,s,s,7,1,d,0,d,0,s,0,s,7
I1023,0,17,0,2,13,3,40,0,s,0,11,s,15,17,0,21,0,0,s,s,7,1,s,0,0,0,s,0,s,7
1337,d,17,d,2,d,3,d,0,s,0,11,s,15,17,d,21,0,0,s,s,7,d,s,d,0,d,s,0,s,7
1336,0,17,0,2,13,3,40,0,s,0,11,s,d,17,0,21,0,0,s,s,7,1,s,0,0,0,s,d,s,d
